AcX,AcY,AcZ,GyX,GyY,GyZ,Tmp
-6538,-6272,15192,3931,-2734,210,-2224
1418,-4656,5968,-856,1041,-338,-2256
-8942,-3062,13088,1884,-1521,270,-2272
7828,13580,-5220,-3137,910,-701,-2224
-9074,-14878,31350,5605,-3091,-806,-2256
2086,-602,-872,-4843,2880,-152,-2224
8248,10798,-5714,2216,-1266,-24,-2224
-108,-5374,19070,993,-600,-59,-2240
6316,270,-4606,-4513,4074,-3,-2240
-1836,836,5094,3597,-2518,206,-2256
1892,6474,4746,-1635,651,-72,-2256
442,-6764,8178,-809,1264,-249,-2208
-8698,3778,14342,2643,-2809,81,-2240
11478,6492,-11212,-5384,3282,-742,-2256
-6764,62,13886,5526,-3530,-634,-2256
-914,-10504,18892,-1745,1356,-185,-2224
5980,10412,-1112,-572,457,340,-2240
126,-4024,24468,2856,-1789,-27,-2240
-302,-6156,9066,-3522,3303,212,-2240
514,5512,3988,2005,-1426,295,-2224
2540,5978,8374,-1190,403,-316,-2224
-3432,-9358,12564,-16,760,-138,-2240
-3940,12094,9772,2058,-3059,121,-2272
9720,-3582,-4590,-3960,3376,-487,-2256
1678,8796,78,2250,-1534,-431,-2224
-4884,-10884,30874,2062,-1199,216,-2224
2936,4336,2942,-3012,1884,351,-2240
3856,1500,12840,1826,-779,-256,-2240
-7318,-9466,22358,-962,1204,232,-2224
1462,6324,3192,-77,-201,230,-2224
4124,4642,4828,-1801,1147,-447,-2256
-8176,-9052,14500,1556,-800,43,-2224
3570,13814,1250,-2114,-118,-671,-2256
-4842,-17108,27302,4105,-1698,-738,-2224
2596,4710,-4652,-4774,2720,-222,-2256
6050,8454,-3750,4353,-2914,-29,-2240
2054,-1842,11238,-988,737,63,-2240
6842,954,-5734,-3257,3281,-208,-2224
-3362,-1728,8730,3741,-2710,239,-2256
2300,7524,4348,-1609,540,-113,-2224
1042,-7792,8310,-1481,1819,-341,-2240
-8286,750,10536,2314,-2212,239,-2208
9490,10912,-6884,-3926,1622,-650,-2256
-7256,-7754,23386,5412,-2995,-640,-2256
774,-4886,6192,-4177,2480,36,-2240
7534,11918,-4754,1827,-1154,239,-2240
1894,-4320,20216,1167,-499,-175,-2208
794,-3574,5306,-3412,3243,57,-2224
-46,3260,5420,2876,-2063,283,-2256
4348,7868,4476,-2161,1125,-230,-2272
-3904,-9498,12508,296,496,-172,-2240
-6690,7014,14530,2185,-2687,105,-2224
12668,3396,-11608,-5399,3813,-777,-2224
4478,13810,-7192,2242,-1574,-405,-2240
-3818,-13010,29362,3099,-1908,87,-2240
5208,8528,-636,-4409,2762,271,-2256
7692,5262,-6294,2003,-759,-560,-2224
-8550,-9992,22462,2292,-1452,232,-2240
3452,7920,3138,-1778,837,103,-2240
1976,-3800,5922,-1356,1382,-400,-2192
-7906,-3686,10422,1636,-1286,238,-2224
12056,9306,-11396,-1604,-438,-571,-2256
-3194,-20144,28470,3328,-813,-442,-2240
2994,9776,-5908,-4896,2512,-117,-2240
5208,8196,-2924,4848,-3149,-186,-2256
4954,3740,2702,2986,-1647,-398,-2240
-8756,-11366,26446,3055,-1960,191,-2224
3614,5324,5260,-1974,1042,-220,-2224
-4228,-7502,11500,558,123,-153,-2240
-4678,10748,13950,2233,-3086,-195,-2208
11500,-2454,-9430,-4959,4083,-366,-2224
-188,8828,-812,2884,-2040,-540,-2256
-4266,-11902,32767,1431,-612,111,-2240
8644,11884,-6466,-3262,2119,229,-2192
2272,556,13598,2861,-1613,-336,-2224
-6650,-10136,22704,-1394,1527,66,-2224
1984,7432,2890,-81,-159,259,-2256
3114,2728,6826,-1418,864,-447,-2240
-6916,-6850,12588,987,-403,32,-2240
4080,13728,994,1112,-2560,-209,-2224
5952,-12856,6992,-844,1995,-587,-2224
5672,13402,-6416,-802,22,-402,-2240
-3792,-4472,23076,4190,-2673,-121,-2208
4874,9586,-786,-4046,2541,356,-2256
7490,5118,-2634,449,282,-426,-2224
-9504,-10402,25112,1826,-934,244,-2224
1974,6624,3460,-1386,534,124,-2256
3386,-302,3682,-1527,1366,-419,-2224
-8522,-5548,12312,1672,-1043,148,-2240
10098,10224,-9412,-4029,1679,-766,-2272
-8158,-6322,22276,5655,-3236,-828,-2192
1146,-6434,8720,-4595,2761,-121,-2224
1806,4034,2418,2026,-1227,211,-2224
-106,-4916,22634,921,-553,4,-2240
3326,-3300,2602,-4252,3893,-45,-2240
-7040,-7052,15766,3538,-2520,196,-2224
2746,6182,6424,-1644,646,-109,-2224
-1446,-7874,10076,-877,1339,-242,-2240
-7468,7592,13760,2616,-2800,124,-2240
11394,2132,-9576,-5145,3341,-745,-2240
-2550,5040,6684,5351,-3347,-747,-2224
-3546,-12036,28768,-1625,1296,-142,-2224
6814,9602,-4442,-502,386,284,-2240
1996,-1476,21036,2692,-1677,-292,-2208
-4010,-8670,16950,-3255,3040,335,-2240
1240,6728,3076,1463,-1117,255,-2240
3418,5974,7952,-1457,704,-344,-2240
-5786,-10066,14012,656,192,-13,-2240
-972,13788,6652,1880,-3022,-308,-2224
9304,-7300,-798,-2906,3021,-567,-2256
3456,9832,-3226,1579,-1041,-627,-2240
-5978,-9222,30566,2684,-1752,163,-2240
6792,11330,-2664,-3357,2055,242,-2224
5840,2268,6432,1337,-254,-420,-2256
-9238,-9698,23942,432,18,280,-2224
2154,7278,3288,-363,-26,241,-2240
4798,1958,2386,-2123,1645,-463,-2240
-9462,-6324,13792,1895,-1179,32,-2224
6812,13594,-2174,360,-2144,-315,-2224
5294,-16006,11264,-529,1945,-766,-2240
4040,12970,-6326,-2143,941,-296,-2272
-1872,14,16424,4521,-3034,-56,-2240
1390,-4992,19142,-863,805,8,-2240
3968,-620,-1730,-3689,3473,-16,-2272
-8260,-9320,20632,3820,-2707,246,-2256
3462,7938,4000,-2075,946,-91,-2224
-1594,-8894,10696,-576,1139,-327,-2240
-7792,2602,13308,1811,-1929,276,-2240
11652,8724,-11148,-4712,2542,-701,-2272
-7764,-3356,17770,5956,-3448,-648,-2224
-524,-10020,15788,-3650,2130,19,-2256
5740,8776,-3428,1070,-580,182,-2240
124,-5914,25230,2109,-1060,-132,-2208
-1724,-5214,9924,-4062,3548,88,-2256
-4370,-3410,11516,2982,-2099,192,-2224
4104,5430,5140,-2090,1161,-292,-2224
-4854,-7250,11836,365,384,-138,-2240
-8048,-1778,11970,2205,-2694,83,-2224
11830,-2286,-9734,-5623,4018,-682,-2256
178,8998,-1228,4523,-2960,-526,-2256
-4708,-12108,32767,-129,330,88,-2240
9068,12524,-7214,-3113,2008,363,-2272
2510,1034,12222,3151,-1751,-415,-2240
-7184,-10642,23782,-1660,1647,399,-2240
2188,8190,2396,168,-322,228,-2240
3270,1568,6690,-1566,1048,-359,-2240
-7176,-6094,11888,818,-287,49,-2224
4856,14164,-384,1377,-2871,-405,-2224
6300,-13902,7398,-1676,2574,-274,-2240
6126,14476,-7678,-1367,346,-411,-2240
-3188,-2820,20102,4173,-2650,-198,-2224
4672,8628,214,-4064,2599,266,-2256
7872,5158,-3800,196,485,-387,-2224
-9154,-10470,24746,1556,-694,102,-2240
1166,6964,2854,-1269,499,133,-2224
2782,-1464,4948,-1291,1129,-462,-2224
-8554,-5776,12412,1492,-914,180,-2256
11766,8664,-11752,-952,-1096,-464,-2272
-2888,-20124,28464,3521,-1024,-488,-2208
4156,9902,-7062,-4965,2692,-323,-2240
3818,6310,-1280,4482,-2944,-140,-2256
1152,214,7516,-1393,946,109,-2224
9540,4588,-9554,-2735,2692,-264,-2272
-6166,-5728,12702,3533,-2379,87,-2208
1530,6992,3330,-1842,813,67,-2224
2580,-3980,4696,-1189,1357,-374,-2224
-9526,-2810,13280,2432,-2095,224,-2256
11034,-1114,-8860,-4161,1794,-786,-2240
-8724,-12774,28538,5887,-3504,-818,-2240
2300,-1500,-136,-4723,2899,-134,-2224
7890,11114,-4786,2159,-1276,117,-2224
-252,-5136,19694,1737,-1076,-119,-2224
6210,-326,-4840,-4844,4367,-47,-2272
-1982,1506,4142,3424,-2462,286,-2208
3358,4982,7872,-1232,318,-158,-2240
1108,-7746,7394,-869,1408,-238,-2240
-8448,4824,12508,2643,-3027,70,-2256
7084,-10812,5458,-4814,3328,-627,-2224
-1638,-9348,18918,-3086,2004,-61,-2224
2314,-202,8462,-3616,2197,207,-2256
7046,3908,840,-610,1238,-324,-2256
-9894,-10154,24120,1974,-1161,275,-2272
1784,6792,4426,-1115,366,88,-2272
4880,1762,854,-2241,1842,-506,-2256
-9866,-6210,13654,2297,-1548,181,-2224
8488,11844,-5598,-1741,-487,-608,-2224
-7058,-9746,24658,2947,-608,-550,-2240
3852,11476,-6458,-4300,2281,-274,-2240
-70,2438,9616,4570,-3091,-2,-2240
1618,-4444,19992,-2058,1467,39,-2224
8178,3782,-8070,-2895,2979,-111,-2224
-7240,-7438,17054,3614,-2570,207,-2208
3804,7472,5186,-1844,770,-92,-2240
2402,-4758,4720,-1284,1585,-380,-2256
-8454,-2866,10532,2044,-1894,254,-2224
11806,5462,-10478,-3856,1615,-734,-2224
-4898,996,11872,5439,-2905,-545,-2240
2446,5018,-5146,-4459,2580,64,-2240
6936,9794,-5720,2555,-1551,103,-2224
1184,-4062,22418,1006,-442,-174,-2224
6020,852,-5002,-3792,3455,151,-2224
-3216,-1334,9364,3335,-2369,201,-2240
4290,5402,4878,-2191,1153,-188,-2240
-602,-7996,9864,83,663,-235,-2256
-8020,116,12470,2164,-2651,64,-2256
10964,-5564,-6232,-5373,3484,-707,-2240
2464,10376,-4124,5342,-3240,-849,-2240
230,-7404,9688,-687,644,110,-2272
8602,12664,-6324,-2052,1337,291,-2256
4420,2766,6284,3199,-1844,-313,-2224
530,-3720,4866,-3225,2799,286,-2272
902,5208,3064,1408,-1058,245,-2208
3156,448,6024,-1962,1182,-344,-2224
-3640,-8268,11696,882,-182,-81,-2224
-6148,8538,15100,2049,-3189,-315,-2224
4582,-16174,11960,-4039,3821,-660,-2240
2146,186,-1422,-4835,2794,-153,-2256
8734,11344,-8052,760,-346,85,-2224
1610,-1392,17730,2452,-1392,-102,-2224
5068,-146,-3268,-3989,3525,94,-2224
-1768,1554,5556,2350,-1685,213,-2256
3642,2998,6524,-1845,1014,-238,-2240
-6788,-6468,12568,1009,-444,4,-2240
2414,14474,3824,1710,-3026,-391,-2192
7790,-11186,2086,-2009,2821,-294,-2288
4868,13116,-6172,-48,-414,-357,-2208
-4150,-5726,26032,4077,-2598,105,-2208
6014,10336,-2132,-4214,2665,214,-2224
6304,4912,-836,941,-45,-439,-2224
-9108,-10666,26170,1440,-588,135,-2256
1864,6842,3552,-1076,446,116,-2240
3096,-544,4666,-1327,1148,-477,-2240
-8088,-5446,12278,1328,-805,139,-2256
9578,11250,-8236,-674,-1237,-358,-2256
76,-19096,22060,2841,-582,-478,-2224
5338,12362,-7302,-3995,1991,-295,-2272
944,3112,5260,4784,-3137,-260,-2240
1892,3572,3578,-2747,1698,177,-2224
9386,5574,-9282,-2192,2371,-288,-2224
-7650,-7956,17420,3556,-2375,122,-2224
2604,6142,5490,-1839,763,21,-2208
2906,-3072,3516,-1367,1458,-417,-2240
-9454,-3714,12700,2194,-1661,209,-2224
11016,2524,-9514,-3728,1336,-765,-2224
-6710,-15754,28962,5330,-2947,-545,-2240
2696,1960,-3696,-4806,2939,-298,-2240
6858,9206,-3978,2526,-1564,217,-2208
774,-2996,14082,525,-305,32,-2256
6954,492,-5130,-4188,3949,-91,-2256
-3018,-882,7286,3582,-2602,240,-2240
3652,5578,7416,-1462,563,-85,-2240
1182,-6566,7402,-1315,1632,-278,-2256
-9450,1866,13212,2820,-2903,138,-2224
-1758,-19170,25380,1574,398,-618,-2240
3496,9372,-7390,-4306,2340,-222,-2256
3292,6158,230,4703,-3186,-91,-2224
2556,1336,6660,-1669,1132,13,-2224
8820,3288,-9350,-3281,3265,-168,-2256
-5958,-4960,11966,3705,-2668,302,-2224
3256,6990,7432,-1637,652,-69,-2224
2800,-5142,4352,-1582,1828,-394,-2208
-8942,-1718,11458,2671,-2409,240,-2272
11108,446,-7526,-4117,1804,-661,-2224
-6806,-13172,27290,5441,-3026,-607,-2224
1546,18,-148,-4279,2547,-57,-2240
8184,10530,-5666,1887,-1185,253,-2208
1652,-3846,17068,917,-388,-111,-2224
4158,-1094,-1782,-3849,3587,118,-2224
-1554,1142,6604,2942,-2115,251,-2224
4292,5042,4954,-1793,822,-210,-2240
-1194,-9146,10688,44,748,-186,-2240
-7692,3648,12338,2083,-2770,70,-2240
8958,-10238,764,-5193,3572,-742,-2256
-6832,-1264,15716,4584,-2882,-701,-2256
-1118,-9968,17592,-867,702,-68,-2240
6748,11454,-3620,-2254,1458,266,-2272
664,-4934,23942,2743,-1584,-335,-2256
-2042,-5974,10482,-2653,2343,148,-2256
1304,6340,3426,1103,-913,228,-2256
3772,-800,3924,-1967,1186,-398,-2208
-5224,-8882,13174,1187,-430,-53,-2240
-4612,10410,13980,1795,-2866,0,-2224
2666,-17966,17334,-3661,3601,-712,-2224
-366,7364,434,1287,-1094,-412,-2224
-4608,-12170,32767,2872,-1794,97,-2240
3616,5388,2190,-4497,2789,277,-2240
2314,-224,13738,1908,-696,-446,-2224
-7232,-8260,18708,2713,-1756,387,-2256
2654,8782,2098,-1678,713,-5,-2240
1176,-5894,7142,-1056,1239,-443,-2208
-7370,-3036,9230,1230,-986,217,-2256
7566,-12850,3906,-5216,4196,-958,-2240
5158,14474,-7124,-1767,528,-244,-2224
-3418,-3654,23432,4968,-3319,-107,-2256
570,-4420,15524,-3904,2519,198,-2256
6628,5448,-3770,-983,1437,-297,-2256
-8874,-11176,25294,2787,-1743,293,-2208
2846,7618,2694,-2091,1005,-5,-2240
1722,-2880,6702,-798,1029,-395,-2256
-7542,-4548,10562,1264,-968,246,-2224
11298,10082,-10928,-1640,-376,-553,-2240
-9660,-6592,23118,4576,-1952,-487,-2240
4934,11518,-8188,-5300,2890,-187,-2240
3318,6144,-726,4006,-2483,-180,-2256
-1374,-6396,25530,-314,211,161,-2224
10176,5194,-9798,-3626,3383,-198,-2240
-6538,-6270,14216,3821,-2623,199,-2240
2154,5496,6736,-1862,776,-28,-2240
2690,-3392,4104,-1083,1359,-349,-2256
-9320,-3622,13234,2600,-2342,164,-2256
11226,166,-9762,-4823,2458,-744,-2240
-8468,-14318,30060,6081,-3747,-646,-2224
2460,-172,-1778,-4131,2595,-61,-2256
7396,10368,-4408,1041,-511,174,-2256
1772,-752,19744,2446,-1579,37,-2224
7272,392,-5956,-4641,4263,-72,-2208
-2484,488,4892,2927,-2085,205,-2240
2972,5050,8494,-1233,387,-191,-2256
1692,-6468,6674,-736,1304,-216,-2256
-9160,3110,13598,2726,-3107,35,-2240
8020,-9140,1626,-5060,3537,-635,-2272
-6604,-1824,16196,4708,-3015,-686,-2224
-592,-8606,15030,-735,703,22,-2192
6604,10848,-1718,-1908,1194,368,-2256
6396,4268,3662,2660,-1617,-246,-2208
260,-5758,7488,-2654,2549,34,-2240
498,5046,3896,853,-692,322,-2240
4440,2860,2760,-1308,530,-334,-2224
-3034,-10234,12654,737,127,-41,-2224
7830,12536,-5186,-3693,1268,-690,-2256
-6934,-11612,25296,5506,-3143,-874,-2224
1488,-1286,1580,-2723,1747,-111,-2240
7422,10638,-4000,35,6,247,-2240
3414,-108,15444,1803,-943,-181,-2224
4046,-1834,-104,-3322,3145,24,-2224
-1502,1676,6644,2424,-1741,314,-2208
4500,4878,4708,-1630,752,-301,-2240
-854,-9090,10662,124,678,-170,-2256
-7948,3868,12110,1876,-2709,23,-2224
8400,-10204,2212,-4438,3457,-573,-2288
4156,11690,-4896,3890,-2485,-732,-2240
-1052,-10096,17398,777,-273,157,-2240
6660,11362,-3432,-2774,1720,286,-2224
5962,4028,798,2521,-1236,-447,-2224
-2264,-6112,11620,-1181,1235,384,-2224
1492,6044,3030,610,-586,126,-2208
3750,-486,3272,-2049,1313,-441,-2272
-5428,-9162,13394,1342,-618,-8,-2256
-4556,10622,13358,1401,-2737,-44,-2256
2802,-17808,17156,-1973,2716,-626,-2256
3908,13204,-7026,246,-523,-375,-2208
-4902,-12174,32767,4069,-2666,42,-2240
3512,5640,2604,-4460,2799,267,-2224
8112,4150,-8396,875,119,-315,-2288
-7106,-9488,21542,1005,-433,254,-2240
2330,8868,2208,-1085,385,149,-2240
1400,-5896,6972,-1629,1516,-409,-2208
-7810,-5850,12094,1446,-1051,152,-2256
3980,15130,2262,-304,-1642,-568,-2224
-6808,-19214,32767,1837,433,-640,-2240
5244,14444,-8160,-3771,1751,-140,-2256
-3282,-2810,22176,5314,-3568,-88,-2256
502,-4934,17490,-2363,1605,165,-2224
6970,2028,-6490,-2657,2700,-183,-2256
-9034,-11190,25600,3599,-2420,138,-2272
2964,7632,2716,-2425,1226,9,-2240
-5470,-6420,11396,854,-383,46,-2240
-730,13744,8618,1005,-2597,-453,-2256
-2976,-20540,28780,327,1451,-319,-2224
4122,10340,-6538,-3971,1886,-174,-2240
-4722,-8910,31862,5025,-3307,-273,-2256
716,136,8570,-2742,1719,119,-2224
9262,4554,-9094,-2088,2297,-271,-2224
-5866,-5246,12574,3047,-1950,52,-2240
1920,7182,3188,-1936,866,8,-2208
1774,-4818,5548,-1002,1167,-409,-2256
-8838,-2296,12368,1857,-1465,241,-2224
8636,12272,-6878,-3061,855,-638,-2240
-8928,-11942,28100,5416,-2938,-775,-2272
2236,-1912,1132,-4870,2913,-181,-2240
-872,1096,9896,3259,-2037,122,-2224
20,-5412,19814,542,-258,11,-2224
5490,-830,-2724,-4167,3883,-72,-2272
-1698,1742,5216,3687,-2581,211,-2240
2426,6368,5078,-1601,627,-142,-2240
-72,-7068,8610,-909,1344,-293,-2224
-8430,5000,14042,2464,-2640,114,-2224
11032,5090,-10234,-5084,3012,-654,-2240
-4740,1718,11318,3933,-2571,-651,-2224
-1706,-10842,22430,649,-139,-129,-2256
5470,9896,-1094,-2993,1908,368,-2288
7290,5206,-1590,2712,-1539,-345,-2240
-1652,-7294,11986,-1750,1818,437,-2208
1016,5868,3476,336,-455,229,-2240
4102,972,2648,-1506,829,-406,-2224
-4398,-9364,13108,953,-157,10,-2256
-3008,12476,9304,1277,-2715,-22,-2272
114,-18752,22124,-1247,2074,-585,-2208
2690,9710,-1150,-224,-149,-410,-2256
-5752,-10586,32166,3755,-2463,35,-2256
2880,3516,3670,-3829,2372,216,-2256
9140,4068,-8876,647,225,-493,-2272
-8226,-9954,23442,1521,-809,381,-2208
1670,7014,2586,-956,269,89,-2256
-2048,-8898,11304,-470,1146,-217,-2240
5324,13582,-772,757,-2368,-355,-2256
5874,-14024,9184,-164,1541,-331,-2224
5184,12606,-6834,-2319,1106,-348,-2256
-3944,-2630,20326,4819,-3293,-95,-2256
1558,-2730,14240,-3614,2208,230,-2240
8202,4490,-4234,-1029,1547,-374,-2240
-9450,-9848,22178,2912,-1963,300,-2208
2364,7438,4888,-1495,608,90,-2256
3978,-728,1634,-1963,1828,-431,-2256
-9626,-4800,12610,2404,-1820,216,-2208
10586,9252,-8682,-2235,-43,-603,-2240
-762,-18782,23628,3515,-1072,-568,-2224
2900,9458,-5902,-4615,2518,-179,-2256
3284,6438,1718,4191,-2810,64,-2256
1488,-4634,22626,-1256,967,-19,-2208
7826,2542,-8250,-3404,3354,-63,-2240
-5466,-4708,12442,3632,-2631,221,-2256
4294,7266,5060,-1926,895,-99,-2256
1308,-6908,7290,-603,1221,-344,-2224
-7988,-2006,10194,2016,-2043,292,-2240
12452,60,-10980,-4617,2466,-746,-2272
-8358,-14354,31028,5907,-3369,-1028,-2256
1272,-622,170,-3755,2190,-108,-2256
9702,12588,-9418,199,-73,200,-2224
2352,-842,15290,2249,-1101,-164,-2240
3372,-840,-644,-4092,3537,316,-2240
-816,2830,4692,3010,-2106,187,-2256
3902,2254,6228,-2099,1195,-257,-2256
-2104,-8324,10610,501,297,-162,-2272
-7938,3836,15754,2185,-2857,13,-2240
8638,-11154,820,-5527,4227,-640,-2240
-7286,-934,13692,4596,-2998,-595,-2256
-808,-11800,20144,649,-125,-7,-2224
6450,10950,-3874,-3135,2024,180,-2240
-500,-5080,24960,3155,-1801,-328,-2224
-2290,-6314,11708,-2378,2164,31,-2224
1894,7146,2644,783,-704,192,-2224
122,-6804,7658,-414,943,-363,-2272
-8814,-188,14276,2223,-2483,164,-2272
10318,-6238,-5580,-5630,3705,-721,-2208
2890,11790,-4062,5403,-3543,-687,-2240
904,-7806,10322,-611,659,144,-2240
8024,11910,-4436,-1934,1340,337,-2256
4062,3010,6908,3327,-2084,-327,-2224
2448,-3352,2850,-3533,3111,64,-2240
216,4494,3424,1620,-1190,200,-2240
3072,1246,6034,-1633,831,-315,-2256
-7546,-6166,12198,951,-399,69,-2256
7120,13216,-4222,1084,-2646,-230,-2240
3956,-16478,13508,-165,1593,-793,-2240
6320,14010,-7912,-2614,1070,-281,-2208
-2124,-98,13670,4533,-2968,-79,-2224
3372,6816,2200,-3598,2235,238,-2224
9148,5528,-7090,-148,744,-391,-2240
-9158,-9376,21932,2358,-1379,230,-2240
1198,6780,3146,-1488,619,129,-2224
3214,-1572,3612,-1497,1361,-452,-2224
-9166,-5128,12840,2020,-1377,189,-2224
11848,5844,-11596,-2086,-121,-503,-2208
-5272,-18994,30184,4508,-2008,-444,-2240
3472,6574,-6704,-5073,2844,-229,-2256
5270,7670,-3500,4062,-2653,-64,-2256
1006,-1580,9728,-1210,792,181,-2240
9020,3414,-8946,-3518,3390,-180,-2208
-5054,-3654,9506,3751,-2609,213,-2208
1694,6328,3818,-1670,672,-1,-2224
2502,-4950,4828,-1452,1659,-369,-2224
-9616,-452,12876,2792,-2410,189,-2272
9594,11184,-8038,-4332,1945,-716,-2256
-7810,-8588,23574,5702,-3317,-671,-2224
1002,-4114,5044,-4044,2498,-68,-2224
8010,11152,-4252,1232,-744,197,-2192
462,-4850,21630,1634,-942,-186,-2240
3502,-2602,302,-4388,4034,-26,-2272
1322,6644,3360,-1322,569,181,-2192
3974,-2542,1326,-2028,1768,-456,-2240
-9452,-3338,12118,2606,-1820,196,-2240
10420,3670,-8094,-3022,566,-519,-2240
-4958,-16016,26498,4672,-2221,-645,-2240
2188,3484,-3040,-4544,2602,-263,-2256
6086,8518,-2360,3714,-2443,-14,-2224
2480,-1324,11628,-383,390,-76,-2256
6180,52,-4030,-3414,3455,-89,-2240
-3450,-1208,9190,3449,-2479,251,-2240
2446,7618,4788,-1532,528,-116,-2224
412,-8322,9388,-897,1470,-278,-2224
-7984,934,10420,2029,-2247,188,-2224
10520,-5180,-4422,-4480,2327,-813,-2240
-7566,-7496,23200,5684,-3312,-705,-2240
558,-6184,7776,-3583,2163,145,-2192
8408,12354,-6362,311,-135,125,-2256
1004,-5980,23968,1913,-930,-260,-2240
282,-3720,6316,-3675,3229,289,-2208
420,4662,4122,2480,-1832,185,-2240
4302,6934,4762,-2148,1201,-281,-2224
-4018,-8642,12450,632,161,-133,-2224
-6744,6996,15522,2125,-2803,65,-2208
6300,-14820,8520,-5230,3975,-687,-2208
-3942,3590,7176,4661,-2981,-624,-2256
-3204,-12786,29012,399,-3,3,-2224
4792,8610,-472,-3606,2312,359,-2224
760,-2714,20232,3045,-1671,-362,-2208
-5238,-8442,17744,-1593,1519,92,-2240
2314,8462,2146,777,-715,174,-2224
3754,2998,6268,-1766,1238,-436,-2224
-6448,-6108,11830,868,-344,0,-2208
212,14464,7986,2025,-3280,-211,-2240
9820,-9198,-2968,-3194,3468,-713,-2256
4486,13010,-6930,-264,-255,-362,-2256
-4748,-7348,30100,4492,-2894,-270,-2224
852,-1300,11048,-4441,2804,306,-2240
5646,4416,1258,830,98,-475,-2240
-5018,-3336,10380,2964,-2072,119,-2224
1080,-6244,6830,-569,1053,-332,-2224
-8366,-1692,12798,2114,-2041,191,-2256
11452,-2316,-9056,-4367,2176,-782,-2240
-9674,-11894,29204,6078,-3698,-972,-2240
1978,-3130,2392,-3895,2375,-35,-2208
8532,11690,-6320,1374,-679,22,-2224
-298,-6330,22442,2227,-1342,-135,-2256
4676,-1516,-1612,-4146,3737,178,-2240
-1032,3020,4214,2208,-1538,178,-2272
3124,2448,7060,-1508,759,-343,-2240
-780,-7552,9178,220,472,-128,-2256
-7910,6316,15000,2210,-3136,-193,-2224
5564,-13952,8224,-4595,3798,-706,-2240
6166,13504,-6738,2664,-1880,-607,-2240
-1736,-11668,24956,1383,-565,115,-2224
4710,8850,284,-3320,2091,350,-2256
7560,5448,-3210,2289,-1189,-419,-2224
-2196,-7126,13626,-1374,1548,293,-2208
980,6056,3394,33,-219,224,-2240
3322,-126,3654,-1329,745,-407,-2256
-4538,-8098,12056,881,-227,30,-2256
-1790,13080,7874,618,-2245,-234,-2256
-2092,-19728,25918,-562,1782,-653,-2240
4152,11284,-3146,-1044,222,-470,-2224
-5586,-9724,32138,4262,-2751,16,-2224
1662,1654,5164,-3750,2351,169,-2224
9856,4836,-9892,310,417,-402,-2240
-8722,-11040,26164,1972,-1004,190,-2240
1596,6618,2896,-1456,595,152,-2240
3580,-3058,2228,-1775,1415,-515,-2256
-10044,-2958,13164,2808,-2508,228,-2224
10376,894,-7506,-4844,2521,-674,-2256
-812,5886,5158,5625,-3391,-780,-2256
2160,204,-1830,-3524,2264,-55,-2240
6742,9772,-3256,841,-489,272,-2208
2862,-524,18958,1571,-918,-106,-2256
-9018,-9338,20656,2295,-1364,205,-2240
2532,6978,5676,-1539,623,-24,-2240
542,-7886,9182,-1706,1911,-351,-2240
-9734,-5268,13210,2634,-2197,254,-2256
10740,8336,-8896,-4044,1675,-703,-2256
-6180,-2896,17760,5432,-3072,-780,-2288
-892,-8262,14006,-4379,2637,-97,-2240
3800,6490,60,1962,-1328,73,-2240
1742,-4100,22218,1345,-618,-283,-2240
-926,-5552,9566,-3752,3519,104,-2224
-5190,-4102,11948,2940,-2125,181,-2256
4084,7088,5994,-1829,828,-230,-2240
-4848,-9834,13666,-42,787,-192,-2240
-8496,-980,10974,2218,-2711,106,-2256
11650,-866,-8196,-5057,3470,-783,-2256
-1268,6700,2570,4590,-2833,-692,-2224
-4810,-11920,30882,-1123,848,93,-2240
8740,11420,-6852,-1895,1274,306,-2208
2640,-668,15814,2603,-1423,-259,-2256
-6792,-9170,20722,-2603,2297,387,-2256
-1096,2140,5980,1144,-918,255,-2224
4362,3396,4978,-2041,1231,-434,-2240
-7860,-6792,13366,1247,-479,-53,-2272
-7530,4500,14098,1814,-2998,43,-2224
8242,-11686,2102,-3565,3700,-440,-2224
4472,12812,-6226,1847,-1358,-489,-2240
-4340,-5580,27028,3275,-2009,-70,-2240
6304,11148,-3444,-4557,2830,321,-2208
6210,4958,-2012,1900,-764,-471,-2256
-9328,-11684,25992,444,88,179,-2256
1826,6824,2952,-578,129,129,-2240
2768,-1764,5310,-1565,1214,-456,-2240
-8130,-4230,10916,1364,-868,55,-2224
-2876,11984,11820,351,-2066,-456,-2224
378,-18858,22028,931,982,-371,-2224
3838,12102,-6182,-2442,970,-342,-2240
-4394,-10830,32767,4784,-3172,88,-2256
2416,2960,4552,-3722,2425,78,-2224
2234,-2646,2864,-3450,3042,356,-2240
-32,3870,4312,924,-808,170,-2240
3196,1062,6032,-1757,1139,-402,-2208
-7430,-5440,11598,971,-444,21,-2240
-7078,7108,15622,1714,-2977,-272,-2256
5084,-15658,10528,-1933,2753,-741,-2256
6144,14732,-7946,-1134,139,-272,-2256
-2402,-956,16164,4510,-2900,-178,-2224
3814,7718,542,-4212,2690,278,-2240
8292,6016,-6254,295,382,-391,-2272
-9112,-10174,23912,1513,-698,356,-2256
1692,7334,3000,-1474,629,51,-2256
2300,-2582,5578,-1073,1093,-423,-2224
-8274,-4670,11782,1171,-731,180,-2240
518,13900,6228,-617,-1282,-576,-2288
-4160,-20302,29484,3221,-793,-419,-2224
4338,8842,-7856,-4987,2635,-251,-2224
4478,7056,-3192,4606,-2966,-207,-2240
280,-692,8622,-1640,1058,291,-2272
9984,4410,-9996,-3169,3067,-246,-2240
-5884,-4812,11306,3591,-2408,155,-2256
1212,6842,3390,-1828,768,71,-2224
3046,-3798,3240,-1505,1570,-338,-2272
-10192,-1980,14308,2728,-2141,233,-2240
8588,12278,-7426,-4016,1507,-657,-2256
-8008,-10676,25694,5701,-3338,-816,-2256
1666,-2606,2378,-4466,2815,-123,-2256
7274,10378,-2908,2444,-1573,93,-2240
642,-4020,18924,1234,-785,-131,-2240
4556,-1742,-1226,-4328,4073,-158,-2224
-1490,1660,5522,3331,-2413,251,-2256
2376,6618,6200,-1414,508,-132,-2208
-46,-8096,9680,-986,1468,-256,-2240
-8250,5390,12784,2671,-2952,136,-2208
11178,5418,-9868,-5166,3211,-674,-2224
-4480,1438,11382,4981,-3037,-751,-2224
-2668,-11058,21988,-1951,1395,-108,-2272
1962,-1868,11824,-1555,1045,77,-2224
7508,1378,-7408,-3819,3732,-96,-2208
-3890,-1624,7962,3739,-2736,160,-2240
3836,6282,7526,-1493,579,-108,-2208
1684,-7050,6338,-1094,1589,-277,-2240
-8640,918,11366,2445,-2694,212,-2272
9862,-4564,-3322,-4789,2756,-709,-2256
-7160,-7464,22232,5235,-3043,-633,-2224
610,-4886,6750,-2200,1422,-35,-2224
7754,11684,-5046,70,-47,310,-2240
1822,-4398,20966,1676,-753,-166,-2256
704,-3570,5328,-3197,2949,270,-2224
-106,3628,5286,2131,-1583,266,-2256
4318,2340,3386,-1962,1052,-336,-2208
-3754,-9318,12314,705,90,-137,-2208
-6778,6914,14018,1850,-2760,-40,-2208
6330,-14510,8480,-4720,3760,-861,-2224
-3454,3040,7630,3214,-2092,-691,-2256
-3226,-12622,27488,1046,-416,144,-2208
4918,9474,-432,-3641,2262,261,-2240
1594,-2692,20538,2520,-1204,-359,-2224
-5184,-8006,17680,-971,1046,350,-2224
2244,7616,2274,97,-345,148,-2256
2436,-3548,4894,-2087,1461,-448,-2240
-7184,-7192,12722,1351,-811,65,-2240
124,13512,8388,-401,-1526,-545,-2224
-2466,-19966,27454,2501,-191,-469,-2224
2952,9738,-6842,-3989,1875,-204,-2208
-5438,-8122,32090,5199,-3498,-48,-2224
1980,-12,9030,-2775,1871,-21,-2256
7972,2908,-8228,-2302,2480,-209,-2256
-5296,-4018,12574,3458,-2357,63,-2240
2912,8904,2090,-2281,1146,-80,-2240
362,-7016,8136,-564,1063,-346,-2208
-8600,-1716,12718,1738,-1562,308,-2224
9958,13172,-8056,-3929,1659,-710,-2224
-9778,-11842,29876,5857,-3166,-786,-2240
946,-4408,4468,-4793,2753,-29,-2208
2058,3914,4584,-4451,2873,264,-2256
9090,5664,-9416,-3390,3159,-219,-2256
-7528,-7752,17960,3819,-2669,249,-2208
2948,6128,4710,-2074,1000,-80,-2272
-1756,-7340,9988,-488,994,-270,-2256
-8404,-3604,12008,2359,-2430,148,-2256
12438,2426,-11762,-5200,3074,-745,-2272
-4704,4594,7072,5977,-3847,-820,-2240
2930,3110,-3946,-3483,2217,-101,-2224
7486,9678,-5600,220,68,175,-2224
326,-2868,21742,2753,-1780,-359,-2224
-2718,-7552,14228,-4373,3944,19,-2240
-3298,-1148,6836,2557,-1799,231,-2240
2942,4732,7274,-1502,625,-257,-2256
-4816,-8056,12240,-145,760,-173,-2224
-9312,2132,14358,2416,-3254,188,-2256
8318,-8822,122,-4680,3745,-758,-2240
4932,12254,-4492,2920,-2018,-652,-2240
258,-8670,14362,1033,-356,39,-2224
6606,10760,-1534,-3112,1993,313,-2192
5864,4564,3994,2724,-1581,-273,-2240
-9378,-11004,27470,-1718,1857,197,-2240
288,4406,3996,137,-295,220,-2240
3906,2786,4176,-1335,679,-411,-2256
-8802,-7890,14362,924,-163,29,-2256
-5388,9926,11090,1074,-2547,-256,-2240
2662,-17046,16944,-909,1916,-477,-2272
5588,12310,-7090,-411,-6,-438,-2224
-4554,-11704,30890,3911,-2592,-127,-2192
3712,6134,1548,-3802,2345,302,-2224
9232,5194,-7660,511,339,-438,-2240
-6400,-9456,21106,1095,-392,136,-2224
1524,6708,2698,-1039,346,217,-2256
3970,-1502,1606,-1944,1512,-489,-2224
-9856,-4628,12812,1944,-1133,140,-2240
2374,13920,2384,-1203,-928,-351,-2240
-3746,-17894,26588,2918,-709,-583,-2240
2852,6000,-5848,-3890,2097,-237,-2256
5946,10484,-1132,-1831,1151,405,-2240
7446,1382,-6464,-2355,2562,-235,-2240
-9572,-9974,23184,3219,-2263,299,-2224
2270,7148,3860,-1539,604,-39,-2256
1138,-7122,8048,-1609,1819,-383,-2256
-8338,-310,10876,2221,-1976,277,-2224
9212,11792,-6324,-3182,882,-717,-2240
-7830,-9848,26042,5317,-2818,-958,-2240
1016,-4320,4056,-4903,2889,-30,-2224
352,3852,7082,2813,-1808,73,-2224
1098,-5546,21762,443,-53,1,-2272
2114,-2606,2256,-4110,3775,30,-2240
-7388,-7294,16514,3620,-2612,277,-2288
4204,3158,4586,-1966,1051,-308,-2224
-2638,-9490,12118,483,360,-89,-2272
-7074,6326,13636,2085,-2936,-121,-2240
7190,-13060,6134,-4495,3758,-654,-2240
-4690,2192,10106,3515,-2261,-668,-2256
-2640,-11666,23744,1286,-682,237,-2224
5578,9996,-1916,-3178,1994,324,-2208
7096,4426,-3614,2488,-1166,-390,-2240
-4358,-7674,15404,-959,1054,349,-2208
1846,7588,2866,-1193,464,134,-2256
2774,-2966,5370,-1638,1418,-441,-2240
-8332,-3966,10728,1582,-1184,138,-2240
-1496,13324,10686,96,-1935,-508,-2224
-1354,-19902,26212,1746,476,-728,-2256
3174,10684,-6124,-4204,2061,-166,-2256
4362,7500,-710,5339,-3598,-167,-2272
2034,736,8312,-2390,1700,91,-2208
7872,3880,-8506,-2651,2742,-166,-2272
-5720,-4800,13454,3488,-2417,211,-2224
2732,8574,2684,-2175,1039,-59,-2224
538,-6892,7774,-629,1064,-384,-2272
-7914,-2022,11364,1584,-1510,292,-2240
8132,13706,-4990,-3143,979,-719,-2256
-9344,-14670,31756,5674,-3075,-708,-2224
2154,-1318,-284,-4721,2691,-146,-2256
8916,11826,-7572,2765,-1583,-2,-2240
-178,-6542,21248,1112,-541,-109,-2240
4970,-244,-2218,-4352,3835,-21,-2240
-1456,1962,5396,3369,-2326,127,-2272
3192,6714,3382,-2075,1023,-175,-2224
-1142,-6968,8702,-22,631,-245,-2256
-8518,4774,16376,2352,-2739,77,-2240
6780,-12790,5132,-5615,3898,-643,-2240
-5828,1892,10768,4785,-3158,-762,-2240
-1368,-12282,24744,-766,778,-40,-2224
4974,9688,-498,-2385,1568,333,-2224
-252,-4048,24562,3263,-2040,-310,-2272
-1304,-6970,11616,-3122,2799,-13,-2240
1122,6270,3224,1701,-1270,255,-2224
3132,4938,7216,-1525,782,-349,-2256
-4238,-7742,11682,399,247,-56,-2256
-2692,12956,9588,2162,-3313,-145,-2240
9672,-5962,-3904,-3714,3414,-692,-2256
3326,11224,-3282,1256,-1039,-425,-2224
-5410,-10150,32767,3149,-1831,3,-2256
1442,2224,5314,-3824,2338,315,-2240
4442,2922,9576,1862,-761,-384,-2272
-8078,-10500,25152,253,267,310,-2240
1390,7034,2720,-554,51,174,-2224
3442,2866,5590,-1618,1115,-460,-2256
-7924,-8054,13570,1252,-574,79,-2208
6504,13764,-3608,119,-1925,-304,-2208
4510,-15468,12860,564,1115,-393,-2256
5994,12960,-7000,-3073,1573,-264,-2256
-3108,-1400,15946,4786,-3249,-27,-2256
846,-3590,15762,-3219,1955,184,-2272
8978,5332,-5998,-1394,1815,-288,-2240
-9686,-9738,22406,2584,-1633,134,-2256
2108,6630,4978,-1596,688,123,-2256
4030,-738,2090,-1753,1623,-465,-2240
-9952,-5490,13630,2423,-1721,201,-2240
11230,7402,-9840,-2908,539,-645,-2208
-3000,-18540,26790,4264,-1873,-535,-2224
3344,8036,-5714,-4825,2780,-191,-2224
3908,6250,6,3791,-2496,54,-2256
1142,-3668,23000,-124,169,-84,-2224
8692,2800,-8624,-3821,3737,-80,-2240
-5434,-4394,11216,3620,-2586,201,-2240
3186,7034,7758,-1385,453,-68,-2224
2938,-5520,4090,-1414,1760,-308,-2224
-8568,-520,10266,2472,-2525,184,-2224
9980,-538,-5300,-4420,2241,-743,-2208
-6096,-11376,24506,5131,-2807,-773,-2256
1288,-870,1726,-3329,2031,69,-2224
7390,10302,-4564,924,-615,250,-2224
3352,-462,15562,1138,-453,-197,-2240
3086,-2008,860,-3302,3121,104,-2240
-1654,1422,7658,2438,-1815,215,-2240
5052,4480,3034,-2050,1035,-299,-2256
-2262,-10070,12232,704,205,-164,-2224
-7598,3402,12730,1773,-2495,71,-2272
9372,-10052,410,-4909,3650,-802,-2272
-6698,-1710,16194,4662,-2914,-596,-2224
-1110,-10556,17720,-14,167,292,-2224
6764,11600,-3842,-3052,1931,215,-2224
5924,3670,40,2688,-1370,-336,-2272
-2770,-5760,12136,-1706,1523,154,-2240
1754,6600,2916,1077,-958,182,-2224
2980,-2054,4998,-2198,1500,-419,-2256
-5882,-7896,12832,1274,-579,-38,-2272
-4190,10536,14362,1805,-3003,-348,-2240
2260,-18342,18374,-2846,3305,-456,-2272
-154,8172,-554,902,-956,-427,-2224
-4878,-11776,32767,3884,-2476,234,-2224
2764,4384,4158,-4611,2911,181,-2240
8564,4588,-9136,1266,-286,-449,-2208
-7236,-10230,22876,679,-169,176,-2224
2382,9204,2242,-1093,377,112,-2192
832,-5804,7752,-1211,1191,-447,-2256
-6992,-5148,10956,1064,-759,129,-2208
5496,14764,-624,25,-1748,-561,-2240
-8446,-18056,32767,1553,533,-484,-2224
6228,14692,-8274,-4325,2111,-156,-2192
-2526,-1502,17690,4963,-3181,-131,-2256
-42,-5320,17514,-1857,1214,165,-2224
6902,1790,-5856,-2322,2404,-288,-2240
-9106,-10286,24716,3541,-2345,122,-2240
2374,6708,3554,-2070,1014,38,-2256
302,-6560,7946,-905,1162,-353,-2256
-8066,-5022,11624,1943,-1533,201,-2240
11388,8248,-10996,-3631,1323,-666,-2240
-8576,-3896,19248,5662,-3246,-320,-2240
4276,10060,-6778,-4941,2940,-204,-2256
3766,6326,-366,2707,-1612,5,-2256
-410,-5190,24494,628,-363,-17,-2240
1686,-4664,4766,-4458,4095,-123,-2240
-6184,-5138,12096,3438,-2391,226,-2240
2702,5664,6704,-1633,637,-106,-2256
-2426,-8324,11068,-670,1207,-282,-2256
-9264,-2062,12726,2572,-2642,91,-2240
10654,-1346,-7876,-5367,3413,-692,-2240
-176,8168,1248,5557,-3525,-719,-2224
2114,-1868,928,-1930,1432,-149,-2224
7626,10638,-4316,-1007,718,290,-2224
2806,240,16132,2658,-1643,-117,-2240
5688,-758,-2824,-3959,3705,33,-2256
-1910,2016,5222,2148,-1579,260,-2256
3440,4072,7316,-1272,470,-352,-2256
-6812,-8788,13756,-140,811,-156,-2240
-8676,4828,13324,2128,-3096,-307,-2240
6816,-11444,5502,-3601,3259,-452,-2240
5618,12396,-5360,2587,-1799,-673,-2288
-1192,-10358,20086,1864,-998,100,-2224
5558,10238,-760,-3029,1868,322,-2272
7182,4514,26,2111,-1034,-390,-2240
-1208,-6932,11028,-1223,1406,1,-2256
838,5624,3604,58,-305,287,-2288
4672,1892,1442,-1862,1174,-468,-2224
-9812,-7108,14262,1327,-451,-23,-2240
-3958,12064,9702,471,-2188,-342,-2272
1766,-17970,19450,-760,1788,-607,-2256
4080,11082,-7134,-1365,603,-371,-2224
-5574,-10940,31412,4320,-2969,52,-2256
3402,5032,2794,-3628,2255,235,-2224
8702,3258,-8002,-310,1036,-372,-2240
-8010,-9624,22082,1882,-1125,98,-2256
1898,7144,2390,-1190,421,94,-2256
3102,-4364,3904,-2170,1927,-471,-2256
-9084,-2910,11468,2190,-1564,193,-2240
4168,14186,1588,-1412,-788,-438,-2208
-5160,-17066,29136,3515,-1047,-482,-2208
1818,4042,-4070,-4549,2419,-198,-2256
-4338,-3308,23240,4709,-3146,-36,-2224
2170,-2910,13910,-1942,1386,22,-2240
5822,664,-4736,-2882,2977,-276,-2240
-9036,-10212,22440,3526,-2573,203,-2256
3250,8742,3368,-2084,1004,-83,-2256
-666,-8760,10056,-758,1255,-351,-2224
-8256,864,12662,1997,-1894,269,-2240
11130,10478,-9794,-4060,1841,-706,-2240
-8672,-6360,22876,5854,-3277,-572,-2240
126,-7492,10248,-3849,2262,118,-2240
4024,7100,188,1280,-738,82,-2288
312,-6548,25242,2121,-1143,-303,-2256
-34,-3882,5854,-4267,3719,99,-2272
-5772,-5312,13682,3343,-2365,187,-2224
4326,6118,3838,-2257,1212,-208,-2224
-4114,-7700,11510,488,291,-180,-2224
-6000,9370,15976,2380,-2984,20,-2288
12718,-160,-12332,-5867,4228,-621,-2272
-2048,7352,700,4463,-2994,-782,-2272
-4032,-13374,32767,-14,271,-18,-2224
9696,12404,-8944,-3278,2088,341,-2256
1718,-426,15406,3326,-1961,-189,-2240
-6352,-9872,21668,-2484,2237,323,-2208
-964,2334,3952,1190,-923,271,-2256
3554,2624,6800,-1617,936,-373,-2224
-6818,-6522,12570,905,-288,-1,-2256
2662,14250,3476,1845,-2998,-333,-2272
7594,-11164,3102,-2737,3139,-588,-2240
5052,13142,-6038,5,-435,-376,-2240
-4152,-5530,26770,4088,-2589,56,-2240
6010,10534,-2776,-4363,2799,234,-2256
6372,4888,-1250,853,-9,-294,-2256
-9272,-11180,26004,1626,-802,331,-2256
2314,7268,3162,-1116,411,91,-2240
2846,-980,5280,-1367,1189,-429,-2240
-8088,-5098,11592,1292,-792,195,-2256
10244,10878,-9512,-798,-1154,-507,-2256
-596,-19662,23830,2368,-103,-626,-2240
5114,12160,-8030,-4357,2179,-182,-2240
1826,4064,2884,4677,-3016,-85,-2240
1634,2724,4122,-2516,1638,179,-2224
9538,5406,-9608,-2417,2500,-288,-2224
-7442,-7454,16894,3377,-2228,213,-2208
2744,5832,5762,-1951,907,41,-2272
2480,-3222,4560,-1114,1316,-385,-2240
-9404,-3992,13108,2078,-1645,246,-2288
11518,1776,-10358,-3912,1543,-743,-2256
-8002,-15936,30722,5645,-3178,-705,-2272
2898,1466,-4110,-4932,3031,-309,-2272
6922,10046,-4974,2309,-1453,33,-2240
0,-4246,15540,906,-575,-111,-2224
7604,1074,-6654,-4528,4157,-19,-2256
-3000,-356,6280,3692,-2671,227,-2240
1878,6332,4308,-1655,650,-62,-2256
-5338,-9422,13418,-465,1052,-190,-2224
-9674,2312,14458,2622,-3473,205,-2224
8394,-8312,726,-4543,3521,-632,-2240
4856,11442,-4408,2845,-1837,-541,-2240
-516,-8286,14496,842,-322,14,-2256
6324,10602,-1012,-2814,1715,346,-2224
6380,3900,4546,2121,-1005,-451,-2256
-9782,-10520,25662,-1367,1569,150,-2240
416,4476,4238,117,-299,321,-2208
4622,3120,2418,-1787,1059,-435,-2256
-9628,-7816,14464,1410,-537,2,-2224
-5194,9986,10916,649,-2321,-227,-2224
3760,-16540,14900,-491,1761,-609,-2256
4424,11846,-6344,-1880,947,-349,-2256
-1936,600,13976,4491,-3086,163,-2240
4132,6648,1978,-3659,2279,72,-2240
8766,3904,-7348,-339,1110,-381,-2224
-8430,-8450,18656,2370,-1527,241,-2256
1970,6976,2814,-1211,479,137,-2240
3712,-3088,2620,-2030,1793,-487,-2240
-9008,-3446,11334,2322,-1681,220,-2208
2368,13680,4142,-1503,-642,-529,-2256
-3466,-17958,26834,3125,-797,-702,-2256
2248,6762,-4338,-3972,1990,-175,-2272
6028,8010,-2768,4759,-3198,-29,-2240
2978,-624,9812,-2324,1623,16,-2256
6160,1178,-5738,-2575,2781,-137,-2256
-4082,-2612,11418,3533,-2551,278,-2224
4870,6328,4398,-2056,1041,-249,-2240
-26,-8330,9094,-76,822,-214,-2256
-7878,-340,10994,1890,-2320,151,-2256
11318,-3614,-7756,-5263,3480,-722,-2256
1228,9038,-1626,5682,-3448,-842,-2272
1004,-5434,5336,-1574,1126,118,-2272
8846,12490,-7716,-1252,805,208,-2256
3288,1338,9916,2862,-1607,-447,-2256
1278,-2482,4162,-2884,2519,236,-2256
350,3718,4094,1946,-1440,194,-2272
3560,1200,5412,-2141,1289,-352,-2240
-3440,-8276,11570,806,-85,-60,-2224
-7070,6670,15526,2155,-3130,-227,-2256
6126,-14506,8194,-4559,3933,-876,-2240
5242,14436,-7440,2321,-1622,-544,-2240
-2710,-13090,28386,2841,-1630,132,-2240
4390,8960,-242,-4314,2708,288,-2224
7730,5188,-5834,2246,-1075,-295,-2256
-4186,-8094,16822,-579,823,-2,-2272
1918,7904,2574,-476,-19,177,-2240
1968,-3136,6182,-1469,1161,-441,-2240
-5856,-6756,11572,1022,-570,39,-2256
212,14706,7104,746,-2481,-272,-2256
-4304,-20786,31014,1084,902,-615,-2256
3614,9188,-7178,-3880,1877,-163,-2224
-4608,-7436,29686,5014,-3295,26,-2240
174,-1370,10404,-2968,1847,202,-2240
9348,4480,-9564,-1186,1521,-310,-2224
-9168,-11252,28124,3110,-1989,156,-2256
1794,7152,3354,-1959,929,124,-2240
1744,-4972,5610,-1101,1206,-381,-2240
-7880,-6278,12480,1819,-1308,219,-2224
9722,11734,-8004,-2784,571,-596,-2256
-9574,-11050,27494,5204,-2696,-560,-2256
2410,-2956,1830,-5205,2942,-243,-2240
-64,1810,7720,3614,-2197,31,-2240
-746,-5566,20832,264,-191,99,-2240
5718,-980,-3294,-4118,3848,-200,-2224
-8612,-8544,19950,3707,-2560,140,-2224
1766,6130,5574,-1623,589,1,-2240
426,-7502,8246,-1213,1495,-336,-2272
-9394,-4898,13052,2715,-2436,160,-2224
10902,4234,-10344,-5081,2843,-694,-2256
-4074,2856,9742,5678,-3502,-829,-2256
-2102,-10812,22902,-3364,2214,-103,-2240
5766,7946,-3114,534,-279,192,-2240
1194,-2456,22778,1966,-1204,-264,-2256
-2020,-7270,12636,-4154,3917,265,-2224
-4206,-2258,8276,2897,-2140,298,-2240
3292,6018,8328,-1183,377,-243,-2240
-4502,-10078,13518,-380,1085,-152,-2208
-9246,710,11870,2285,-2949,26,-2288
9196,-4866,-2338,-4402,3294,-639,-2256
2558,9114,-766,4001,-2492,-605,-2304
-5350,-10542,31152,150,106,271,-2240
7114,11238,-3202,-1788,1088,237,-2224
4330,1734,10850,2240,-1167,-239,-2256
-8056,-10020,22862,-1670,1753,109,-2256
-618,3170,5514,998,-915,272,-2240
4494,3630,3960,-1886,1109,-445,-2240
-8550,-7920,13540,916,-126,-69,-2256
-7388,6812,12982,1421,-2725,59,-2224
6536,-13384,8126,-2137,2651,-663,-2224
4530,12318,-5986,-88,-243,-442,-2224
-4150,-3806,22268,3863,-2595,246,-2224
5306,9718,-434,-3981,2471,217,-2240
7376,3604,-2510,532,370,-339,-2272
-8908,-9412,21174,1126,-533,157,-2256
1480,6538,3020,-918,254,147,-2256
3478,-2062,3454,-2044,1693,-437,-2240
-8702,-3966,11344,1730,-1213,148,-2304
-2068,12654,10846,131,-1933,-478,-2224
-338,-19584,23846,1528,550,-510,-2256
3426,11110,-7392,-4024,2015,-191,-2256
3240,6502,578,5213,-3565,-178,-2240
2294,2126,6686,-2706,1757,86,-2240
8608,3574,-9376,-2398,2626,-265,-2240
-6260,-5628,14064,3387,-2377,221,-2256
2180,8586,2958,-2039,921,-34,-2224
1532,-6250,6250,-1254,1499,-432,-2240
-8408,-2170,10918,2086,-1724,264,-2240
6988,14068,-2748,-2780,508,-725,-2256
-7724,-15478,31220,5078,-2433,-771,-2256
1574,826,-1430,-4862,2761,-24,-2224
8802,11216,-8038,3320,-2102,52,-2240
1238,-5398,18834,637,-177,-59,-2272
4304,-34,-2694,-3995,3643,9,-2256
-1580,1182,6010,3603,-2512,220,-2256
3678,7638,3110,-2155,1061,-192,-2240
-1520,-8522,10326,-103,817,-228,-2272
-8058,3138,14280,2098,-2449,189,-2240
12092,7752,-12090,-5335,3273,-729,-2256
-7524,-2300,16602,5834,-3579,-760,-2256
-666,-10482,17192,-2820,1739,120,-2240
7136,11714,-4688,-900,698,90,-2240
-54,-6008,25624,3005,-1717,-513,-2240
-1262,-5496,9380,-3914,3409,137,-2224
1608,6354,2604,2105,-1508,176,-2256
3652,4812,5824,-1780,980,-320,-2272
-4576,-7362,11732,529,123,-137,-2272
-3912,11440,12418,2160,-3087,-428,-2240
11016,-3580,-7646,-4553,3905,-374,-2256
606,9590,-1266,2460,-1836,-489,-2256
-4204,-11040,32750,2427,-1360,79,-2256
2090,3684,3808,-3839,2487,285,-2240
2664,1014,12268,2308,-1147,-310,-2272
-6820,-9814,22646,-315,716,346,-2240
1748,7502,2822,-136,-113,179,-2256
2964,2122,6818,-1383,972,-418,-2224
-6740,-6848,12358,807,-283,44,-2240
4968,13982,-1352,676,-2317,-466,-2240
5088,-14362,9956,-169,1581,-354,-2256
6686,14260,-7468,-2525,1054,-355,-2224
-3302,-2802,18818,4685,-3081,-14,-2224
30,-3840,13960,-3761,2329,327,-2240
8292,5790,-4608,-629,1110,-318,-2240
-9984,-10714,25526,2235,-1251,128,-2224
1980,6422,3630,-1601,656,183,-2256
3682,-444,3020,-1564,1428,-416,-2256
-9204,-5874,13150,1885,-1202,177,-2240
10810,9206,-9956,-2163,-89,-616,-2240
-1782,-19438,25390,3880,-1481,-630,-2256
4648,9942,-8222,-5086,2898,-319,-2256
2586,5172,650,4462,-2974,-216,-2272
192,-4500,23664,-1195,788,125,-2208
9782,4508,-9998,-3615,3461,-272,-2240
-6806,-5988,13632,3813,-2668,54,-2256
2770,6086,7328,-1741,706,-7,-2224
3192,-3690,2820,-1672,1775,-398,-2240
-10118,-2642,13160,2918,-2514,224,-2240
11364,332,-8012,-4294,1855,-705,-2224
-6910,-13618,27298,5600,-3211,-789,-2256
1850,394,-1004,-4006,2483,-42,-2256
7510,9760,-4784,1982,-1244,236,-2304
1354,-3470,16024,965,-555,-151,-2224
5346,-1018,-3112,-4131,3907,-12,-2256
-1952,948,6140,3043,-2183,272,-2288
4066,5606,6048,-1557,624,-214,-2240
-210,-8440,9738,-433,1111,-210,-2240
-8196,3812,12172,2285,-2921,48,-2272
8686,-9990,1648,-4899,3562,-700,-2272
-6134,-1496,15540,4568,-2785,-793,-2224
-1088,-9168,16320,-372,479,102,-2256
6608,11260,-2796,-2355,1424,363,-2224
6402,3718,1782,2580,-1301,-308,-2272
-1784,-5870,10614,-2130,2003,137,-2272
978,5704,4024,1181,-973,337,-2224
4148,704,3110,-1860,1098,-406,-2256
-5032,-9932,13638,1252,-501,6,-2256
-4044,11350,11402,1459,-2775,-272,-2240
2448,-17406,18210,161,1439,-637,-2256
3292,11872,-5612,-2419,1073,-228,-2256
308,2716,9950,5019,-3430,106,-2256
3912,5032,2708,-3611,2343,133,-2240
7888,3602,-8018,-1370,1859,-298,-2272
-6866,-7298,16686,2715,-1826,361,-2224
2228,7984,2926,-1550,604,16,-2256
1932,-5540,6018,-1617,1648,-404,-2272
-7866,-2894,9478,1763,-1400,248,-2272
4072,14360,2396,-1681,-436,-605,-2224
-6090,-18102,31418,4239,-1719,-588,-2224
2124,4406,-4600,-4957,2650,-195,-2288
7856,10522,-7632,4222,-2717,-242,-2240
1498,-4146,15432,-491,578,-70,-2240
5834,1470,-4586,-3768,3489,-44,-2240
-2984,-744,8458,3946,-2778,157,-2256
3794,8202,1942,-2467,1251,-204,-2256
-1086,-7882,9554,-192,860,-297,-2240
-8364,424,14132,1929,-2068,210,-2240
11482,10328,-11030,-4769,2552,-801,-2256
-9128,-6504,22810,6231,-3826,-860,-2224
726,-8552,10968,-3112,1951,-59,-2224
7856,12026,-5350,249,75,192,-2240
-466,-6820,25868,2747,-1622,-82,-2240
800,-4024,5706,-4146,3583,-37,-2224
818,4984,3314,2638,-1857,214,-2256
3748,5494,4556,-2002,1151,-316,-2288
-3584,-6906,10558,413,208,-103,-2256
-5816,9862,14990,1880,-3171,-221,-2272
2328,-17962,17048,-1574,2523,-364,-2240
6254,14204,-8474,-1745,591,-317,-2240
-4156,-12480,32767,4441,-2832,115,-2256
2328,5458,3222,-4101,2529,213,-2256
9456,6286,-8792,777,89,-443,-2272
-8776,-9340,21132,1771,-862,105,-2240
1696,7474,3122,-1445,664,164,-2224
2706,-2342,4140,-1245,1079,-468,-2256
-9016,-4452,12532,1686,-1096,183,-2256
3202,14172,1878,-1010,-977,-519,-2208
-5844,-18732,30772,3272,-944,-500,-2240
3366,6060,-5604,-4375,2337,-340,-2224
-4674,-5282,25242,4725,-3137,-233,-2256
968,-2224,11698,-1535,1012,157,-2224
8412,2580,-8214,-2759,2874,-363,-2240
-9922,-10670,26314,3362,-2238,129,-2256
1768,6760,3712,-1758,696,2,-2256
2074,-5698,5500,-1379,1519,-390,-2224
-9582,-12,13402,2455,-1946,179,-2272
10036,10440,-9482,-4190,1780,-700,-2240
-7904,-6844,21958,5746,-3368,-731,-2272
844,-5958,7976,-4593,2778,-109,-2256
1670,4032,3450,2169,-1358,48,-2256
344,-4676,22820,871,-521,-71,-2240
2630,-3552,2574,-4379,4103,3,-2240
-7306,-6878,15244,3582,-2556,157,-2224
2668,6388,7084,-1390,487,-174,-2224
-1544,-8684,10604,-100,797,-122,-2240
-7054,8192,12436,2031,-2996,-130,-2240
4860,-14830,11928,-4175,3358,-554,-2224
-2168,4650,6742,2741,-1803,-526,-2256
-3252,-11660,26736,1772,-986,153,-2256
4500,8774,110,-3096,1879,280,-2240
2126,-1412,20330,2299,-1066,-398,-2256
-4820,-8548,17636,-1100,1249,391,-2256
1500,6494,2696,99,-354,171,-2256
4162,-1006,1234,-1979,1301,-502,-2224
-6900,-9780,14152,1630,-859,79,-2224
-214,13490,6498,94,-1924,-268,-2256
-1284,-18532,23982,-129,1508,-726,-2240
3556,9966,-3056,-1232,478,-299,-2256
-5924,-8470,30054,4362,-3011,-32,-2256
3178,2256,6100,-3663,2314,230,-2224
7392,1568,-7088,-818,1500,-373,-2256
-8750,-9700,22000,2254,-1516,387,-2272
2306,8216,3310,-1259,430,22,-2240
1212,-7150,8256,-2064,1929,-447,-2256
-9206,-5432,12754,2032,-1573,210,-2256
7388,13432,-2884,-1154,-907,-570,-2272
-7712,-13588,29782,3367,-917,-624,-2272
4056,13346,-6906,-4522,2358,-240,-2224
-1232,1804,13518,4704,-3161,10,-2224
1100,-5806,20796,-1149,972,-112,-2256
3250,-1264,-548,-3036,3053,-182,-2240
-7992,-8894,19784,3821,-2728,164,-2304
4038,7696,3216,-2334,1281,-184,-2256
-2378,-8718,10968,293,538,-202,-2256
-7916,3962,15200,2229,-2634,163,-2240
8918,-10842,632,-5611,3740,-714,-2240
-7218,-922,14584,5656,-3458,-678,-2256
-1252,-11246,19906,-1319,964,15,-2256
6848,11000,-3790,-2271,1497,233,-2256
-206,-5300,24826,3132,-1847,-254,-2272
-2328,-6068,11168,-3090,2655,348,-2240
1698,7128,3000,1805,-1303,221,-2288
3784,4686,5266,-1900,1135,-346,-2256
-5126,-6858,11658,749,-143,-66,-2240
-3140,12230,12590,2229,-3190,-85,-2272
11232,-4710,-8124,-4618,4122,-835,-2256
1380,10436,-3324,1978,-1534,-464,-2224
-4738,-11352,32767,3194,-1794,101,-2256
1562,2190,5254,-4326,2691,272,-2240
3456,2092,9100,2129,-1029,-310,-2272
-7902,-10984,25742,970,-242,49,-2256
1960,7772,3378,-1297,493,156,-2256
2086,-4282,4834,-1290,1112,-474,-2256
-7370,-6338,12652,1332,-871,142,-2240
5742,13514,-1672,-672,-1224,-419,-2240
-7584,-16668,30628,4938,-2406,-793,-2256
2988,2956,-3814,-4938,2819,-139,-2256
7408,10044,-5438,3197,-1985,-125,-2256
30,-4428,15902,-60,137,29,-2240
7548,1300,-6370,-4266,3917,-72,-2240
-2886,-680,6554,3909,-2661,158,-2224
2116,6804,3552,-1849,731,-94,-2256
856,-6168,6944,-872,1334,-334,-2240
-9096,1018,14112,2365,-2336,193,-2240
11060,8900,-11002,-4918,2681,-668,-2256
-8262,-4216,19702,6045,-3805,-790,-2224
740,-8760,12418,-2914,2018,-152,-2224
6738,11546,-1984,509,-185,171,-2240
-530,-5070,24984,2526,-1632,-241,-2272
2082,-4680,4376,-4398,4003,-18,-2256
166,4852,3484,2706,-1958,245,-2256
2664,5726,7478,-1371,540,-249,-2224
-2064,-8332,11026,-417,1051,-151,-2240
-6456,9164,12778,2489,-3161,-85,-2240
10950,432,-7944,-4769,3531,-687,-2256
-1082,6592,4482,3722,-2410,-676,-2224
-4010,-11784,30752,-141,398,40,-2240
3474,7036,2026,-2349,1469,409,-2272
2298,-676,19130,2696,-1498,-464,-2240
-5074,-9276,19042,-2292,2242,185,-2256
1402,6978,2434,622,-672,282,-2224
3556,5172,7394,-1520,783,-406,-2272
-6370,-9712,13692,800,46,-21,-2240
570,13942,4738,1351,-2791,-226,-2240
8596,-8760,1410,-2325,2721,-721,-2224
4252,10588,-4272,4,-193,-396,-2224
-5992,-7792,29404,3202,-2079,34,-2240
6340,10848,-1514,-3546,2122,246,-2224
7888,1854,-7674,-734,1385,-384,-2240
-9564,-10004,23786,2467,-1625,121,-2240
1956,7212,3598,-1349,503,72,-2272
2192,-6790,6502,-2034,1935,-454,-2240
-9598,-6242,13738,2471,-1800,211,-2224
7710,12868,-3662,-2252,-92,-535,-2224
-7044,-12140,27188,3487,-1057,-672,-2208
1298,-1264,1062,-4593,2499,-168,-2240
-1184,1224,13900,4234,-2854,101,-2240
1988,-4674,19158,-1243,1022,52,-2224
2626,-1504,610,-3427,3322,-4,-2224
-7948,-8614,18772,3702,-2655,210,-2240
4026,8012,3822,-2068,981,-125,-2240
-2398,-9546,11758,-636,1206,-302,-2224
-8080,-2926,9642,1832,-1918,269,-2256
11774,7140,-11040,-4442,2335,-822,-2224
-6704,-1494,14912,5738,-3216,-965,-2240
2278,7424,-4602,-4327,2478,82,-2256
6468,9392,-4784,1474,-860,184,-2256
402,-5122,24594,1937,-874,-136,-2224
-2970,-6064,12576,-4124,3584,194,-2272
-3534,-1900,9700,3064,-2143,194,-2240
4154,4934,5018,-2184,1236,-277,-2240
-5694,-7234,12114,454,252,-189,-2224
-7800,-894,12026,2152,-2738,63,-2256
11478,-4134,-8582,-5672,4017,-761,-2240
1428,9932,-2924,4722,-3075,-705,-2240
1448,-6176,5960,-464,531,154,-2256
1636,2738,5182,-4666,2934,251,-2224
3436,1818,8938,2121,-924,-261,-2272
-7824,-10996,24798,366,159,169,-2240
2340,8714,2530,-538,19,139,-2256
3150,774,6398,-1515,1181,-410,-2224
-7460,-5436,11658,1129,-716,144,-2256
5968,14130,-1810,654,-2375,-344,-2272
5598,-15368,9810,-63,1602,-524,-2256
5766,14440,-7644,-2870,1227,-268,-2224
-2356,-1078,16862,4959,-3292,-224,-2256
304,-5014,17054,-3658,2318,225,-2240
8388,5278,-5888,-1064,1518,-303,-2240
-8742,-10092,23356,3018,-1980,234,-2240
2818,6994,3144,-2005,958,-1,-2240
2386,-2670,5412,-1077,1197,-394,-2256
-8412,-4898,11824,1799,-1379,237,-2256
12038,7588,-12006,-3286,1004,-718,-2224
-7912,-2018,17386,5214,-2656,-738,-2240
3746,8912,-7076,-5135,3023,-58,-2240
4868,7636,-3332,3444,-2126,122,-2256
-454,-5388,25224,474,-257,22,-2256
9476,4106,-9520,-4399,4009,-92,-2256
-5534,-4308,10928,3734,-2643,111,-2240
2766,5358,7026,-1806,783,-126,-2240
2044,-4570,5084,-843,1261,-332,-2224
-9434,-1656,13480,2678,-2794,146,-2224
10538,-2840,-6856,-5250,3135,-717,-2240
986,9324,-540,5684,-3597,-704,-2240
1912,-3376,2986,-2182,1647,-10,-2240
7676,11024,-3758,-41,143,271,-2256
3242,1210,14312,2762,-1767,10,-2256
5142,-1724,-2444,-4306,3947,-7,-2272
-1342,2438,4270,2287,-1653,267,-2240
3640,4100,7018,-1207,384,-308,-2224
32,-7894,8806,-230,901,-195,-2256
-8074,6038,13018,2247,-3085,54,-2224
6314,-12276,7770,-4405,3498,-754,-2240
-4164,2282,10534,3644,-2331,-753,-2224
-1998,-10660,21980,734,-273,46,-2224
5172,9782,-448,-2717,1670,263,-2256
7736,4554,-1694,2092,-930,-431,-2256
-2456,-7152,13196,-1503,1595,301,-2240
622,5822,4132,331,-468,276,-2240
4800,146,1158,-1897,1142,-458,-2224
-5306,-10122,13694,1359,-562,-31,-2256
-3474,11816,10408,1133,-2562,-352,-2240
1518,-18048,19690,-1607,2425,-600,-2240
2016,8154,-172,356,-490,-509,-2224
-5604,-10736,31640,3596,-2425,214,-2256
3468,4496,3118,-3942,2463,219,-2224
8368,3118,-8014,98,749,-414,-2288
-8314,-9762,22322,2073,-1261,261,-2256
2144,7680,2540,-1042,301,108,-2240
2568,-5094,4882,-2113,1858,-487,-2240
-8934,-7006,13548,1989,-1386,195,-2224
4340,13788,1532,-884,-1183,-477,-2256
-5274,-17058,28578,1883,238,-787,-2240
2136,4100,-4270,-3809,1866,-253,-2272
-3980,-3118,23530,4941,-3332,-117,-2240
2478,-2718,13316,-2725,1870,35,-2256
5240,294,-3990,-2379,2556,-179,-2256
-8686,-9894,21752,3331,-2367,187,-2272
3578,8292,2954,-2045,953,-65,-2240
-956,-8426,10114,-812,1310,-342,-2240
-8320,-4028,10726,1821,-1631,287,-2256
11472,10648,-10596,-3647,1412,-799,-2256
-8764,-6166,22618,5637,-2985,-465,-2272
3438,10812,-7746,-5129,2952,-152,-2256
4328,7718,-2326,2728,-1634,-18,-2224
314,-6918,25812,1319,-569,-170,-2256
60,-4252,6350,-4394,3866,-108,-2224
-5898,-5194,13114,3661,-2621,161,-2208
4410,6350,4198,-2337,1260,-229,-2240
-4262,-8188,12046,72,693,-206,-2256
-8374,-2180,11374,2309,-2756,79,-2224
12490,-440,-10988,-5554,3586,-763,-2240
-1864,7250,1400,5500,-3457,-644,-2272
1490,-1320,448,-1999,1373,-61,-2224
9402,12276,-8696,-1805,1207,207,-2256
2090,-508,15212,3204,-1891,-209,-2256
-6874,-9874,22122,-3474,2960,194,-2240
-842,2568,4272,1606,-1145,252,-2208
3496,2372,6618,-1882,1123,-344,-2224
-7158,-6074,12304,796,-146,-83,-2256
-7898,4402,15724,2124,-3170,-206,-2224
7774,-12128,2644,-4323,4016,-602,-2240
5076,13350,-6678,1619,-1331,-460,-2240
-4018,-4630,25558,4041,-2535,-53,-2256
5906,10292,-2524,-4410,2793,290,-2256
6580,5562,-2832,635,193,-255,-2256
-9394,-11112,26468,1344,-505,251,-2272
1800,6648,2886,-1102,446,145,-2224
2610,-1508,5508,-1267,1083,-407,-2224
-8238,-4424,11776,1368,-955,196,-2224
10582,9864,-9550,-1132,-856,-432,-2224
-1428,-19654,24656,2630,-372,-683,-2208
4488,11698,-6922,-4420,2181,-185,-2240
2434,5220,2680,4873,-3177,-93,-2256
1686,1500,5374,-2195,1475,169,-2256
9384,5210,-9624,-2189,2390,-197,-2272
-6780,-6620,15078,3647,-2423,78,-2240
1894,7356,2680,-1947,843,96,-2256
2392,-3728,3860,-1198,1351,-394,-2224
-9242,-3356,12626,2543,-2511,175,-2272
11022,728,-9286,-5218,3112,-741,-2240
-1240,6234,4464,5718,-3598,-785,-2240
2544,148,-2508,-2779,1918,-97,-2224
7106,10238,-4410,-322,272,255,-2256
1942,-848,19708,2366,-1426,-121,-2240
-4786,-8794,18406,-3797,3496,-36,-2272
-2726,224,6966,2657,-1949,271,-2256
3838,5212,6614,-1673,771,-292,-2256
-6486,-8762,13006,110,656,-85,-2256
-8998,3104,13842,2354,-3185,190,-2240
8410,-9458,2076,-4204,3475,-608,-2240
5368,11680,-5258,3319,-2113,-704,-2224
-872,-9824,17040,1376,-671,158,-2256
6316,10970,-1466,-3394,2124,320,-2288
6934,3668,2138,2381,-1138,-424,-2240
-922,-6174,9802,-1548,1667,27,-2256
706,5178,3776,292,-432,262,-2256
4334,2052,2264,-1914,1204,-465,-2256
-9682,-7198,14028,1310,-471,4,-2240
-4468,11400,11004,935,-2566,-320,-2240
2802,-17190,17238,-816,1969,-534,-2240
3648,11662,-5934,-683,170,-434,-2224
-5248,-11276,31112,4258,-2894,19,-2256
4044,5794,2590,-3757,2353,157,-2256
8258,3694,-7262,-559,1228,-403,-2256
-7648,-7964,17282,1934,-1165,367,-2208
1932,7148,2800,-1304,549,79,-2240
2764,-4090,4636,-1384,1632,-382,-2256
-8786,-3304,10940,2254,-2029,211,-2256
12178,5124,-11082,-3498,1241,-740,-2240
-5380,-17722,30072,5021,-2424,-767,-2256
2276,5052,-4370,-4717,2733,-67,-2288
7120,9452,-5646,2619,-1662,114,-2224
1404,-4042,22394,1068,-401,-171,-2256
6216,1220,-5836,-4052,3705,34,-2240
-3580,-1338,9106,3405,-2446,167,-2240
4448,5544,5488,-2018,951,-220,-2224
-80,-8478,8760,-33,786,-233,-2256
-7846,480,11360,2015,-2507,133,-2224
10986,-4850,-5970,-5187,3356,-739,-2272
-8502,-8070,24400,5671,-3361,-689,-2256
964,-5664,6928,-2033,1364,233,-2256
8476,12540,-6828,-1481,927,195,-2256
3888,1682,7854,2533,-1332,-186,-2240
424,-3386,5306,-3065,2658,327,-2240
222,4526,4682,1723,-1339,180,-2240
3566,-34,5528,-2203,1341,-333,-2256
-4052,-8154,11552,1008,-320,-53,-2256
-7030,6902,16776,2265,-3048,-284,-2240
6064,-15544,8724,-4705,4145,-874,-2240
-3654,4088,5306,3056,-2106,-625,-2256
-3066,-13268,30288,2517,-1331,130,-2224
4042,8716,-354,-4676,2871,274,-2256
7926,5628,-7074,2518,-1212,-502,-2240
-4958,-8672,17714,-227,563,393,-2240
2270,8470,2092,-1714,743,41,-2256
1596,-4048,6726,-957,1095,-435,-2256
-7966,-4134,10900,1165,-834,223,-2240
828,14170,6622,-532,-1347,-464,-2256
-4246,-20340,30448,3198,-713,-699,-2224
3422,9100,-6992,-4950,2559,-197,-2224
5622,8026,-4134,4379,-2774,-69,-2256
708,-1470,9976,-920,634,162,-2256
8948,4028,-8564,-3169,3066,-214,-2240
-5078,-4034,10926,3805,-2610,168,-2240
2180,7516,2572,-2140,1003,-59,-2224
1224,-4976,6362,-719,1114,-314,-2256
-9370,-1854,13942,2334,-2225,227,-2256
10678,-3334,-7332,-4688,2370,-715,-2208
-9376,-10036,26852,6219,-3932,-686,-2240
1898,-4706,4008,-4341,2736,41,-2224
7732,11354,-3532,1138,-571,263,-2224
-644,-5666,22318,2452,-1570,-230,-2256
5070,-2026,-1840,-4662,4284,166,-2272
-970,2722,4088,2967,-2116,203,-2272
1942,6192,6380,-1381,502,-113,-2224
-268,-7728,9506,-595,1190,-163,-2224
-7876,6358,13534,2675,-3065,-2,-2240
5880,-13582,8124,-5110,3603,-751,-2240
-3902,3428,9186,4161,-2658,-677,-2240
-2716,-11546,25116,-613,699,160,-2256
5094,9354,-56,-2130,1324,321,-2256
1536,-2526,22550,2843,-1707,-146,-2240
-3112,-7850,14590,-620,975,258,-2256
1424,6128,3356,-478,81,257,-2224
4198,1160,1738,-1673,1078,-457,-2256
-10012,-6762,14064,1540,-685,26,-2272
-1906,13156,7504,-33,-1841,-437,-2240
-446,-18232,22996,887,800,-601,-2240
3590,10018,-5872,-2060,1012,-423,-2256
-5562,-9958,30862,4664,-3200,-165,-2224
2968,2876,4518,-3563,2219,128,-2240
8678,3210,-8574,-998,1577,-409,-2240
-8828,-10096,23886,2402,-1461,207,-2256
1846,6928,3230,-1356,500,97,-2224
3008,-4544,3878,-2031,1844,-439,-2256
-8824,-2292,10784,2279,-1629,205,-2240
5574,13416,-934,-2150,-175,-438,-2240
-6178,-15038,27612,4073,-1644,-657,-2240
2144,2078,-2622,-4641,2559,-164,-2240
-3106,-1974,19608,4284,-2865,24,-2224
1772,-2818,14928,-994,803,2,-2256
5108,-414,-3196,-3211,3212,-135,-2272
-2596,-130,8258,3718,-2727,237,-2240
3062,7998,4128,-1810,737,-91,-2256
-554,-8926,9924,-1046,1486,-340,-2256
-8058,2002,12058,2139,-2138,246,-2224
10720,9574,-9268,-4138,1898,-792,-2240
-7464,-4962,20338,5722,-3256,-1002,-2272
110,-8150,11552,-4197,2440,42,-2256
4008,6864,-14,1252,-745,113,-2256
4944,2450,5174,2612,-1390,-431,-2240
-1024,-4528,8666,-2411,2143,385,-2240
774,5026,4082,1696,-1310,197,-2256
3608,-310,4514,-2368,1488,-385,-2256
-5066,-8604,12288,1218,-536,-53,-2224
-6122,9044,16090,2218,-3209,-320,-2240
4564,-17464,13224,-4020,3969,-431,-2240
-2096,6688,1560,1958,-1418,-465,-2224
-4716,-13278,32767,3513,-2154,217,-2224
3548,6434,1624,-4735,2985,263,-2272
8422,5322,-8590,2045,-794,-541,-2272
-6490,-9972,20986,561,-53,134,-2240
2490,9152,2422,-717,180,110,-2256
1330,-5186,7082,-1485,1222,-413,-2256
-6976,-5862,11662,1176,-804,131,-2240
2898,14562,3936,643,-2337,-543,-2240
-5772,-19934,32766,-85,1729,-232,-2256
4724,13674,-6982,-3010,1285,-233,-2256
-4006,-5282,26686,5202,-3506,-150,-2224
492,-3436,13858,-3548,2285,116,-2240
6302,5296,-1786,-559,1063,-298,-2256
-9246,-11070,27160,2792,-1728,319,-2256
2366,7454,3128,-2005,958,70,-2256
726,-6418,7088,-833,1067,-403,-2256
-7904,-5044,11536,1637,-1213,213,-2240
11078,10268,-10650,-2916,744,-673,-2208
-9568,-7390,23828,5412,-2883,-649,-2240
4890,12028,-7050,-5177,2919,-153,-2256
7850,11856,-4262,345,-20,129,-2256
-940,-6530,24894,2406,-1482,-159,-2272
3702,-2886,238,-4638,4158,122,-2240
-472,4334,3416,2696,-1939,145,-2208
2496,5654,6056,-1416,578,-249,-2224
-1250,-7800,9658,-197,827,-194,-2256
-7106,8288,13910,2394,-2986,-75,-2272
4356,-15428,12420,-4813,3641,-675,-2272
-2720,5310,6220,3557,-2372,-517,-2240
-2908,-11542,27910,157,217,170,-2256
4006,8066,528,-2619,1686,343,-2256
1328,-1610,20916,2678,-1557,-336,-2208
-3810,-8168,16318,-2132,2120,-12,-2240
1072,6536,3394,1155,-990,260,-2256
3662,4972,7162,-1581,879,-409,-2288
-5454,-8616,12752,780,-47,-43,-2256
-824,13666,7070,1659,-2914,-295,-2240
8766,-7670,-362,-2803,2981,-653,-2256
4118,11350,-3792,493,-578,-433,-2256
-5718,-8830,31106,3512,-2247,194,-2256
1818,1204,5940,-4052,2478,259,-2224
5376,3424,5696,1191,-238,-336,-2272
-9072,-10698,25288,1092,-402,405,-2240
1764,7052,2584,-862,255,160,-2288
3990,2198,3898,-1768,1359,-429,-2224
-8664,-7256,13408,1527,-825,85,-2240
7294,13078,-4244,-314,-1632,-316,-2272
3930,-16488,14318,1082,765,-619,-2224
2042,-294,-1444,-5018,2862,-237,-2256
-2342,-322,14468,3843,-2574,-93,-2256
1028,-3878,16754,-853,616,35,-2240
5470,-860,-3318,-3661,3553,-129,-2240
-9092,-9288,20700,3724,-2703,246,-2224
2772,7314,4832,-1738,691,-60,-2288
-234,-8604,9694,-1309,1628,-327,-2240
-8246,3140,12562,2468,-2288,245,-2240
9102,-8776,276,-4970,3425,-651,-2240
3676,10808,-4366,1122,-873,-444,-2208
-5778,-8038,30724,2589,-1599,42,-2256
6816,11260,-2918,-3912,2381,277,-2256
5960,3128,3770,1624,-511,-473,-2208
-9442,-10422,24398,314,118,114,-2208
848,5166,4138,-334,-68,191,-2256
4060,338,3546,-2047,1525,-442,-2224
-8996,-5524,12548,1775,-1183,94,-2256
8236,13250,-4846,562,-2316,-270,-2240
3640,-17300,15104,298,1479,-446,-2272
4128,12750,-6202,-2120,906,-339,-2224
-566,2202,11928,5213,-3584,-202,-2256
4096,5940,1854,-3508,2236,35,-2256
8062,4658,-8206,-985,1578,-357,-2240
-7790,-8472,18934,3015,-1999,354,-2240
2536,8698,2466,-1797,812,25,-2256
1670,-5406,6224,-1143,1371,-403,-2256
-7992,-3090,9728,1650,-1317,257,-2240
12374,6166,-12082,-2022,-122,-594,-2272
-5836,-18846,31738,4522,-1915,-669,-2272
2544,6098,-4980,-4898,2555,-148,-2256
7574,9646,-6658,3946,-2479,-229,-2256
1586,-3672,13836,-843,804,38,-2272
6394,2126,-5866,-3669,3434,-82,-2240
-3352,-1416,9062,3882,-2692,160,-2224
3210,8076,2506,-2299,1152,-114,-2224
-400,-7374,8510,-152,791,-247,-2224
-8416,-112,13816,1881,-1958,219,-2240
10652,-5862,-6266,-5548,4130,-917,-2240
2724,11530,-4108,4880,-3169,-629,-2256
1114,-7966,9274,260,150,-91,-2256
8282,12278,-5810,-2778,1842,308,-2272
4146,2992,6320,3256,-1938,-342,-2240
1866,-3680,3830,-2809,2510,264,-2224
336,4756,3618,1040,-855,171,-2256
3236,566,5804,-1707,1037,-408,-2224
-7824,-5628,12092,1135,-673,131,-2240
7552,13112,-4742,60,-1864,-460,-2240
-8514,-15132,30478,1941,227,-338,-2240
6078,14380,-7984,-4191,2056,-195,-2240
-1664,210,13396,4957,-3269,-191,-2224
-114,-5312,18594,-2727,1771,159,-2288
9014,5628,-7134,-1528,1874,-240,-2240
-9016,-9824,22732,3296,-2173,153,-2240
2630,6610,3802,-2017,941,89,-2240
2738,-1898,4708,-1214,1284,-359,-2256
-9094,-5564,12926,2166,-1699,260,-2256
12132,6106,-12228,-3281,913,-708,-2272
-6500,66,13424,5542,-3056,-907,-2240
3618,7026,-6682,-4933,2979,-115,-2208
5350,7660,-3900,3076,-1924,117,-2224
304,-3882,24298,839,-546,-33,-2256
9264,3182,-8916,-4283,3995,-96,-2208
-5090,-3706,9610,3630,-2571,165,-2208
3032,6090,7712,-1607,628,-44,-2256
2432,-5086,4928,-1063,1485,-253,-2256
-9630,-724,13426,2830,-2980,93,-2224
10102,-4120,-4974,-5268,3213,-731,-2240
-8172,-8164,23754,5633,-3506,-691,-2256
1294,-4190,4918,-2678,1852,-104,-2256
7244,10952,-3060,-220,120,239,-2224
4444,1534,12202,2302,-1358,-264,-2240
3598,-2854,432,-3760,3531,30,-2240
-1052,3110,5046,2032,-1493,277,-2240
4036,4566,5116,-1390,556,-243,-2224
-1054,-9402,10756,171,653,-155,-2256
-7154,7282,12090,2105,-2971,111,-2208
5770,-13450,9616,-3906,3286,-742,-2240
-2980,3268,8636,3098,-1956,-710,-2224
-2984,-10982,23876,1303,-704,223,-2288
5318,9096,-854,-3165,1993,294,-2256
7544,4660,-3590,2036,-933,-434,-2272
-4634,-7696,16498,-773,1000,162,-2272
1548,6104,3292,360,-469,244,-2224
4200,-848,1600,-2099,1353,-494,-2256
-6840,-9530,14534,1720,-953,53,-2256
-1764,12418,9278,478,-2141,-209,-2288
-62,-18470,22460,-989,2118,-704,-2240
2772,10096,-5828,-1294,434,-381,-2272
-5656,-10062,31794,4264,-2900,118,-2256
3672,2938,4852,-4059,2598,149,-2256
7364,2494,-7682,-390,1115,-419,-2288
-8644,-10288,22442,2041,-1306,229,-2240
2964,8850,2098,-1329,495,2,-2240
1028,-7294,7832,-1035,1470,-344,-2224
-7716,-1888,9450,1747,-1671,278,-2256
12208,1904,-10628,-3008,856,-763,-2240
-7542,-15314,30762,5412,-2813,-853,-2272
1898,748,-2140,-4756,2665,-17,-2224
8830,11466,-8534,2548,-1548,99,-2256
1370,-5386,18732,1106,-440,-256,-2256
4086,-776,-1520,-3880,3504,166,-2272
-1604,1396,6734,3438,-2442,201,-2240
4182,8056,2624,-2453,1321,-167,-2256
-2176,-8102,10592,285,484,-195,-2256
-8182,2382,15592,2061,-2393,163,-2240
9640,-10140,-1892,-5670,3691,-692,-2240
-7972,-2480,17008,5592,-3569,-630,-2208
-938,-11842,19326,-1734,1329,226,-2256
6874,11478,-3962,-2237,1469,282,-2256
-272,-6032,25938,3341,-2057,-357,-2240
-1814,-6082,10398,-3365,2899,251,-2272
1732,7028,2488,1987,-1434,179,-2256
4022,4646,5362,-1886,1142,-323,-2288
-4940,-6954,11858,783,-133,-55,-2256
-3636,11788,12856,2367,-3293,-45,-2240
11532,-3544,-8602,-4814,4166,-870,-2256
768,9946,-2686,2291,-1667,-480,-2256
-5114,-11636,32767,2950,-1709,161,-2224
2280,2974,5128,-4473,2771,258,-2192
3152,1758,10190,2220,-1063,-354,-2240
-7812,-10578,24872,66,405,37,-2272
2180,7620,3162,-1718,838,107,-2224
1734,-4636,5726,-1098,1169,-427,-2256
-8518,-3204,11552,1693,-1312,227,-2256
6532,13636,-2762,-1999,-89,-552,-2304
-8312,-16386,31784,4508,-1975,-642,-2240
2816,2182,-3314,-5062,2786,-137,-2240
-2798,-1626,18216,4170,-2691,-40,-2256
18,-5110,17306,-345,351,140,-2256
7012,1188,-5692,-3652,3451,-158,-2240
-2776,198,5972,3865,-2692,177,-2240
2258,6376,4036,-1833,752,-45,-2240
848,-6554,7050,-923,1281,-349,-2256
-8994,2950,13986,2387,-2312,232,-2256
10972,7724,-10636,-4818,2573,-745,-2272
-7048,-2324,16620,5870,-3676,-856,-2240
284,-8804,14372,-3934,2425,-306,-2256
4028,6032,-1022,1010,-498,108,-2256
-112,-4500,24368,2136,-1290,-72,-2224
952,-4812,6362,-4278,3921,-39,-2240
-5744,-5300,12352,3223,-2311,235,-2224
2680,5738,7458,-1431,549,-180,-2256
-2656,-8554,10870,-519,1085,-159,-2224
-5466,10860,11840,2672,-3095,72,-2240
10420,-1836,-6932,-4910,3556,-747,-2272
910,8162,1164,3752,-2388,-734,-2240
-4816,-11416,32630,-13,273,287,-2224
7656,10546,-3320,-2418,1528,319,-2256
2930,862,15728,2647,-1577,-361,-2240
-6494,-9766,21510,591,-20,64,-2240
1310,6770,2668,-580,56,301,-2256
4264,-1680,1040,-1970,1365,-495,-2256
-7470,-9440,13942,1565,-772,-14,-2272
2026,14056,3120,-14,-1871,-420,-2240
-3618,-18038,26470,1097,736,-722,-2304
4700,11684,-5082,-2431,1255,-291,-2256
-5482,-6562,27002,4718,-3198,-235,-2256
2382,134,8674,-3585,2238,217,-2272
6794,3298,1694,-345,1077,-431,-2288
-9554,-10204,23536,2384,-1517,313,-2224
2364,7792,3172,-1591,651,29,-2240
1372,-6936,7368,-1772,1803,-414,-2240
-9294,-5902,13148,2305,-1755,246,-2256
8962,12280,-5918,-2571,296,-631,-2256
-7564,-10864,26560,4023,-1533,-732,-2272
1196,-2558,2518,-4791,2725,-80,-2240
124,2518,9880,4271,-2836,21,-2256
1168,-4960,20324,-689,627,-50,-2224
2522,-2462,1134,-3589,3431,-76,-2224
-7306,-7518,17260,3592,-2600,276,-2272
3608,7812,4394,-2038,932,-141,-2240
-2454,-9464,11794,-594,1199,-285,-2224
-8066,-3064,9890,1997,-2154,222,-2288
12410,5450,-11698,-4895,2803,-849,-2224
-6356,1330,11788,6012,-3610,-905,-2240
2514,5480,-4894,-4112,2430,32,-2224
7654,10316,-6824,760,-356,16,-2256
418,-4642,23644,3162,-1786,-408,-2224
-3320,-7158,13376,-2885,2479,291,-2240
1814,7428,3166,1053,-851,267,-2272
4182,4762,5792,-1859,1068,-386,-2256
-5810,-7634,13064,1106,-418,-22,-2256
-2886,12468,12250,1904,-3002,-341,-2272
58,-19614,23098,-3612,3640,-387,-2272
1502,10176,-2960,856,-918,-442,-2272
-5066,-11108,32767,3190,-1924,163,-2256
2076,2248,4866,-4534,2875,152,-2256
3456,2130,8290,1930,-807,-377,-2240
-8276,-10820,25050,478,19,166,-2272
2560,8348,2420,-593,74,157,-2256
3352,400,6222,-1478,1194,-436,-2256
-7522,-5142,11838,1206,-801,129,-2256
5740,14352,-1324,629,-2316,-252,-2240
5534,-15210,9880,-116,1691,-692,-2224
5688,14950,-7172,-2729,1072,-225,-2224
-2562,-1154,18082,5049,-3408,-284,-2224
-32,-6112,18226,-3787,2404,187,-2272
8252,5940,-6714,-1105,1504,-326,-2240
-9258,-10746,24700,3855,-2648,173,-2272
3096,6818,2502,-2364,1104,-43,-2240
-38,-6416,7944,-625,1054,-340,-2288
-8020,-4554,11082,1846,-1653,274,-2256
11770,7782,-11712,-3771,1528,-732,-2272
-8074,-3108,18434,6084,-3590,-493,-2240
4376,9288,-8184,-4965,2966,-211,-2224
4392,7250,-2608,2249,-1262,64,-2256
-858,-5480,25580,1564,-1022,-55,-2256
1406,-5038,5786,-4492,4063,-100,-2240
-5694,-4992,12104,3519,-2484,188,-2240
2634,5314,7218,-1736,718,-89,-2256
-2260,-7628,10224,-804,1246,-232,-2288
-9582,-2590,13780,2808,-2888,82,-2240
10570,-1778,-7946,-5493,3521,-728,-2272
720,8638,340,5100,-3260,-640,-2208
1894,-2950,1320,-1741,1372,-91,-2224
7614,11050,-3680,-1272,853,319,-2256
2970,738,16386,3029,-1955,-206,-2272
-6300,-10236,22524,-3749,3500,207,-2240
-1704,1924,4412,1626,-1236,271,-2240
3412,4654,7874,-1227,430,-302,-2256
-6774,-9754,14412,102,675,-123,-2256
-8600,4804,13060,2271,-3206,32,-2240
7502,-10936,4632,-3738,3299,-490,-2272
4878,11598,-4758,2766,-1762,-586,-2224
-1768,-8970,18652,1665,-924,61,-2256
5786,10018,-982,-3210,1934,337,-2224
7290,4020,1034,1871,-778,-389,-2240
-2138,-6530,11876,-1146,1336,265,-2288
924,5578,3632,62,-287,236,-2256
4642,1914,1808,-1829,1167,-458,-2224
-9858,-7102,14258,1480,-649,15,-2240
-3986,11716,9872,569,-2244,-309,-2240
2190,-17536,18110,-547,1822,-720,-2240
3536,11542,-5900,-821,201,-409,-2256
-4884,-11298,30610,4288,-2910,-55,-2224
3788,5274,2350,-3910,2472,192,-2240
7964,3660,-7684,-108,879,-356,-2272
-7184,-7406,16612,2155,-1344,193,-2240
1908,7206,3010,-1270,471,73,-2240
2768,-4588,4452,-1828,1721,-472,-2240
-8108,-2630,9704,1935,-1434,188,-2256
2722,13916,4510,-1447,-664,-614,-2256
-4670,-18420,29456,2910,-557,-568,-2272
2672,6118,-5472,-4459,2276,-186,-2208
-4550,-5130,26994,5013,-3298,-101,-2256
2230,-2280,12158,-1894,1448,-10,-2256
6306,1672,-5704,-3895,3597,15,-2240
-3818,-1938,10146,3593,-2568,146,-2272
4554,5452,4662,-2310,1157,-195,-2256
-276,-8518,9316,93,716,-237,-2224
-8172,-136,11944,1929,-2426,157,-2288
11490,-4534,-7382,-5263,3297,-817,-2240
-9058,-9474,26032,6046,-3686,-974,-2256
1098,-6292,6396,-2317,1544,88,-2256
8800,12362,-7044,-1538,1027,196,-2256
3530,2124,9412,3038,-1745,-100,-2272
1538,-2878,3586,-3447,2954,63,-2272
398,4572,3652,1840,-1390,264,-2272
3072,304,6844,-2164,1323,-324,-2256
-3312,-7514,10944,751,-84,-87,-2256
-7076,7780,16684,2524,-3378,-148,-2240
5150,-15598,10576,-4560,4076,-452,-2240
-3722,5352,5086,2759,-1931,-627,-2256
-3368,-13668,31678,2706,-1438,84,-2256
3788,7756,682,-4601,2847,296,-2256
8774,6142,-7526,2652,-1370,-397,-2272
-4780,-9170,18392,-297,653,87,-2240
2038,8006,2786,-398,-26,168,-2224
2130,-3124,5608,-1374,1019,-483,-2256
-6044,-6912,12268,1130,-643,90,-2256
1492,14208,4722,734,-2449,-388,-2240
-4710,-19892,30324,592,1250,-592,-2240
4676,12810,-5772,-2361,967,-257,-2224
-4546,-6926,28384,4857,-3207,-269,-2224
612,-1416,10232,-3730,2354,264,-2240
9042,3742,-9282,-655,1166,-370,-2240
-9376,-10966,27356,2703,-1587,107,-2240
2042,7266,3030,-1885,885,44,-2240
1658,-4970,5534,-1025,1062,-412,-2224
-7976,-6512,12412,1826,-1326,202,-2256
10350,11132,-9742,-3250,1008,-619,-2256
-9274,-8684,24984,5094,-2552,-616,-2272
5594,12026,-7036,-5166,2944,-247,-2256
1040,3348,4732,3697,-2335,-85,-2256
-516,-5508,22856,161,-65,107,-2256
4396,-2202,-744,-4112,3832,-142,-2240
-8140,-8098,17338,3842,-2686,193,-2272
2470,6194,5688,-1591,553,-91,-2240
-634,-7932,9532,-1168,1538,-335,-2288
-9492,-3764,12562,2583,-2539,122,-2288
10806,2740,-9388,-4899,2677,-736,-2272
-2822,4264,7506,5638,-3493,-737,-2240
2964,2598,-3946,-3475,2241,-146,-2256
6274,9106,-3698,626,-386,260,-2224
2032,-1556,20728,2078,-1203,-248,-2256
-4226,-7950,16568,-3887,3623,-30,-2272
-3632,-974,8146,2535,-1913,247,-2272
4144,5470,6662,-1582,742,-297,-2256
-6142,-9144,13428,-71,815,-162,-2256
-8996,1878,13258,2248,-3124,89,-2256
8894,-7840,34,-4511,3524,-718,-2240
4278,10878,-3944,3140,-2026,-701,-2240
-318,-8458,13266,693,-230,23,-2256
7068,11508,-2644,-2958,1858,315,-2288
5526,3346,5168,2482,-1293,-394,-2240
-9356,-10640,24600,-1363,1449,346,-2240
554,4680,3772,230,-401,223,-2272
4008,2032,3112,-1864,1148,-439,-2256
-9300,-6804,13390,1180,-441,46,-2224
-5444,10036,12254,1281,-2746,-317,-2240
3582,-17022,15532,-1326,2279,-726,-2240
4684,12622,-7106,-1331,461,-304,-2240
-5240,-12106,32248,4160,-2782,264,-2256
3684,6708,2312,-3990,2470,117,-2224
8860,3810,-7730,-186,975,-417,-2224
-8368,-8752,18850,2262,-1445,292,-2256
1660,7456,2714,-1207,467,89,-2272
3068,-3290,3640,-1981,1777,-477,-2240
-9152,-3978,11538,2139,-1494,148,-2256
2806,14266,3242,-1462,-686,-586,-2256
-4102,-18294,28558,3524,-1068,-663,-2256
2310,6300,-5196,-4506,2390,-147,-2272
-5104,-5248,27500,5043,-3438,-19,-2256
2332,-1920,12212,-1790,1297,43,-2256
6734,1134,-6912,-3136,3135,-175,-2224
-3644,-1836,9132,3588,-2578,261,-2272
2694,8278,3610,-1917,891,-101,-2240
138,-7914,8778,-875,1282,-358,-2240
-7856,-176,11432,2073,-1952,278,-2256
10046,11924,-8122,-4147,1897,-686,-2256
-9144,-8994,26270,5601,-3084,-761,-2240
1062,-5356,5698,-4442,2573,93,-2272
2098,5338,4700,2222,-1349,93,-2224
488,-6924,24590,1601,-742,-247,-2256
1084,-2552,3702,-4262,3752,93,-2224
246,4084,3968,3386,-2382,247,-2240
4058,6638,4046,-2082,1095,-238,-2240
-3376,-8312,11518,202,518,-221,-2256
-6836,7590,15292,2160,-2701,78,-2224
12210,2560,-11412,-5471,3913,-588,-2256
-3630,4168,5900,5130,-3257,-706,-2272
-2684,-12380,27694,-536,540,171,-2208
8474,10926,-7576,-2060,1348,128,-2224
916,-2582,20182,3001,-1734,-261,-2256
-4760,-7912,17132,-3080,2666,273,-2240
2284,7542,2528,1405,-1073,165,-2240
3356,3260,6414,-1749,1081,-384,-2240
-6202,-6216,11558,637,-94,-51,-2224
894,13868,6216,2012,-3169,-245,-2256
8542,-9518,-144,-3490,3494,-311,-2240
5030,13368,-5710,740,-889,-546,-2240
-4810,-7224,29558,3774,-2300,-91,-2208
6732,11140,-2886,-4429,2750,326,-2224
5892,4664,1346,856,24,-446,-2272
-9248,-11442,27120,1764,-835,82,-2272
2058,7294,2762,-1286,502,128,-2256
2922,130,5550,-1345,1165,-478,-2256
-8226,-5962,12294,1486,-946,165,-2224
9502,11636,-8256,-981,-1083,-433,-2240
982,-18816,20630,2545,-306,-611,-2256
5596,12994,-8370,-4554,2393,-202,-2224
236,2444,6100,4649,-2995,-104,-2288
236,-5282,20554,-2371,1525,193,-2240
9514,4916,-8952,-2490,2625,-190,-2272
-8166,-8082,18418,3569,-2454,215,-2272
2930,6226,5124,-1873,816,67,-2256
2900,-3020,3946,-1289,1478,-362,-2256
-9604,-4350,13282,2439,-1920,205,-2240
11940,3262,-11204,-4145,1713,-704,-2272
-6694,-16944,31006,5625,-3158,-474,-2256
2604,3244,-4476,-4725,2873,-149,-2224
6868,9116,-4642,2146,-1307,167,-2256
1330,-2414,22272,1018,-615,-27,-2240
7756,1700,-7114,-4454,4116,-54,-2240
-3616,-1496,7252,3548,-2536,210,-2288
3204,5656,7882,-1538,569,-136,-2224
1622,-6364,6540,-795,1316,-254,-2256
-9170,1738,12834,2734,-2959,126,-2240
9184,-7020,-1298,-5138,3359,-711,-2240
-6944,-4626,19230,5147,-3129,-733,-2256
150,-6358,10324,-1648,1197,-77,-2256
6794,11038,-2396,-319,206,231,-2272
5380,2744,7882,2358,-1387,-466,-2240
1354,-4084,4942,-3068,2883,194,-2240
-320,3808,4914,1929,-1463,247,-2256
4446,3022,3556,-1640,782,-382,-2288
-2740,-9836,12378,491,355,-123,-2272
-6310,8742,12182,1791,-2879,-168,-2240
5016,-15154,11834,-3501,3265,-463,-2240
-1940,4998,5866,2459,-1632,-661,-2256
-3826,-11628,27648,2156,-1291,249,-2224
4754,8114,-22,-3684,2300,156,-2256
7958,4520,-5738,1370,-333,-370,-2256
-5918,-8232,18826,-87,417,188,-2240
1716,6630,3336,-383,-47,182,-2240
3566,-3044,2946,-2194,1531,-515,-2256
-7584,-8416,13752,1804,-1134,30,-2256
-770,12786,9534,863,-2395,-152,-2240
-1342,-18976,24772,-728,2012,-629,-2240
2856,10286,-3174,-929,127,-352,-2288
-5618,-9080,32374,4654,-3192,150,-2256
2930,1222,6902,-4043,2601,164,-2256
7418,2758,-7994,-103,912,-335,-2240
-8710,-10790,23706,2445,-1597,175,-2240
2912,9176,2164,-1672,645,36,-2240
560,-7734,8238,-1469,1532,-455,-2256
-8072,-4312,10908,1442,-1165,257,-2224
7324,14078,-3200,-857,-1162,-625,-2272
-8606,-15348,32056,3400,-914,-759,-2240
4592,14592,-7250,-4616,2297,-128,-2224
-1164,1192,13898,4770,-3118,-181,-2288
620,-6838,20850,-1207,972,96,-2256
4344,-324,-1838,-3050,2968,-190,-2272
-8108,-9204,21138,3881,-2782,134,-2240
3834,7084,2462,-2466,1219,-114,-2256
-1930,-7486,9800,-243,876,-288,-2224
-7562,-3586,10074,1623,-1552,276,-2240
12618,6998,-13282,-4208,1990,-697,-2240
-7672,-978,15086,6365,-3860,-1058,-2240
3508,7430,-7086,-4634,2782,-166,-2256
6652,9566,-6302,1249,-573,53,-2256
-910,-5460,25794,1971,-1150,-73,-2240
-632,-6434,9602,-4743,4135,-56,-2272
-4396,-2556,8528,3475,-2428,228,-2256
3054,4436,6914,-1909,980,-168,-2256
-4042,-7178,11548,-42,730,-149,-2256
-8888,-728,13538,2461,-2860,46,-2272
10712,-4368,-6862,-5522,3887,-761,-2240
1142,10216,-1534,5330,-3509,-743,-2224
2096,-4576,4424,-1006,941,-19,-2256
1784,3080,4520,-4063,2485,329,-2224
3238,1780,12226,1859,-799,-280,-2224
-7382,-10498,25072,466,182,273,-2256
1522,7304,3328,-772,233,184,-2272
3062,2520,7466,-1265,843,-481,-2288
-7000,-7688,13168,1139,-560,88,-2224
5118,14292,-1614,35,-1851,-407,-2224
-7260,-16942,31160,752,1020,-352,-2272
6354,13518,-6778,-3255,1634,-275,-2240
-3460,-2964,19920,4927,-3281,-49,-2240
160,-3872,14830,-3266,1990,269,-2256
8206,5844,-4522,-1513,1863,-337,-2256
-9832,-10586,25474,2811,-1664,161,-2240
1982,6374,3990,-1845,813,103,-2256
1728,-6082,5860,-1448,1507,-436,-2224
-9282,-6118,13168,2231,-1660,213,-2272
10188,9070,-9574,-3436,1075,-637,-2272
-7400,-4826,19400,4995,-2530,-716,-2256
4616,9906,-7334,-4861,2909,-214,-2224
2158,4558,2290,3175,-2101,113,-2224
488,-4096,22778,-171,185,-32,-2272
9484,3916,-9296,-3785,3684,-117,-2256
-6580,-6382,14132,3814,-2702,241,-2224
3116,6710,6914,-1589,578,-81,-2288
-2162,-9268,11378,-1153,1599,-287,-2288
-9622,-2678,12298,2604,-2560,179,-2272
10704,1082,-7726,-4894,2778,-743,-2240
-1324,5180,5864,5582,-3324,-917,-2256
-3950,-11508,28334,407,-21,185,-2256
4310,8102,946,-2004,1277,317,-2272
2716,-948,19038,2196,-1087,-407,-2240
-5546,-8612,18702,-1874,1911,117,-2256
1558,6432,2594,753,-723,242,-2256
4330,6132,5214,-2027,1153,-410,-2272
-7352,-9594,14082,1281,-379,3,-2272
156,13746,6644,1144,-2627,-31,-2272
9224,-8680,346,-2476,2858,-766,-2288
3442,10736,-3904,237,-419,-408,-2224
-5824,-8054,30540,3843,-2576,27,-2224
2864,1384,7468,-4079,2560,212,-2256
5826,2476,4472,207,689,-518,-2256
-9140,-10454,23466,1512,-803,334,-2272
2614,8340,2882,-1178,433,72,-2272
3988,700,3272,-2035,1736,-463,-2224
-8904,-5688,12668,2047,-1409,177,-2256
8246,13250,-4570,-478,-1531,-371,-2240
-8028,-13066,28792,2075,106,-399,-2272
3764,12830,-6328,-4094,2092,-199,-2240
-490,2144,12300,5146,-3519,-17,-2288
984,-5428,20876,-2289,1618,-5,-2256
8136,4218,-7982,-2136,2431,-272,-2240
-7754,-8454,18794,3442,-2395,205,-2272
4064,7578,3070,-2150,1009,-70,-2240
1584,-5300,6818,-705,1097,-416,-2256
-7644,-3466,9762,1739,-1616,252,-2256
12788,5870,-13104,-3345,1174,-675,-2272
-6686,760,11974,5942,-3734,-855,-2240
-1528,-12418,22862,-2759,1794,-42,-2224
7604,10334,-7246,-1078,762,255,-2256
-120,-4824,24680,3048,-1857,-110,-2240
-2706,-7006,12474,-4158,3530,82,-2240
-3812,-1208,7416,2597,-1835,119,-2256
3948,4370,6200,-1823,986,-344,-2256
-5274,-7426,12388,570,152,-66,-2256
-2348,12792,10692,2239,-3044,-143,-2240
10306,-5836,-5094,-4571,3908,-706,-2272
2200,10640,-3018,3394,-2300,-534,-2256
-4846,-10368,32767,1678,-797,15,-2256
8062,11950,-5156,-3403,2138,274,-2272
3674,2436,8286,2581,-1357,-485,-2272
-8120,-10556,24638,-976,1149,292,-2240
-126,4160,4358,360,-485,229,-2256
3308,936,6122,-1655,1117,-431,-2224
-7612,-5658,11864,906,-353,9,-2240
6652,13546,-3270,1181,-2701,-302,-2240
4292,-15992,12700,-430,1787,-341,-2272
6226,14476,-7656,-2374,916,-330,-2272
-2356,-736,15362,4810,-3183,33,-2240
3508,7506,838,-3883,2417,215,-2256
8944,5650,-7210,-678,1216,-328,-2256
-9338,-10284,23326,2890,-1786,245,-2224
2780,6648,3368,-1754,738,90,-2240
2798,-2148,4326,-1246,1263,-414,-2272
-8960,-4752,12352,1679,-1134,238,-2256
11558,6980,-11186,-4505,2170,-705,-2224
-6768,-1428,16152,5948,-3587,-539,-2208
-428,-9890,17516,-4368,2723,3,-2272
4350,7036,-2644,2129,-1312,147,-2256
58,-4308,24526,1517,-937,-24,-2256
638,-5800,7400,-4404,4070,-16,-2256
-5694,-4736,11448,3436,-2530,197,-2272
3178,5714,7082,-1696,768,-194,-2240
-2962,-8554,11058,-729,1248,-220,-2256
-9852,-1632,13698,2871,-3228,96,-2256
10564,-3044,-6570,-5234,3701,-662,-2256
1458,9282,-386,4738,-2970,-602,-2240
1232,-4120,3634,-1257,1070,12,-2256
7904,11234,-4170,-1754,1102,445,-2256
3930,1720,13480,3005,-1801,-279,-2224
-7906,-10442,24822,-3133,2929,255,-2240
-814,2814,4258,1213,-951,318,-2272
3814,4870,6278,-1388,693,-332,-2240
-8176,-9574,14956,495,336,-44,-2256
-7634,6564,12456,1672,-2955,-153,-2256
6650,-12888,7350,-3145,3118,-581,-2240
4980,11950,-5510,1074,-787,-464,-2240
-2714,-10568,22872,2548,-1589,157,-2256
5448,9942,-850,-3745,2277,275,-2256
7882,4044,-2414,1044,-8,-484,-2224
-9842,-10240,22942,182,257,144,-2240
1230,5784,3458,-517,79,203,-2272
4464,-154,1682,-2157,1542,-504,-2224
-9744,-5230,12976,2387,-1751,216,-2256
9906,10488,-7848,-2395,83,-599,-2256
-7272,-7004,22110,4217,-1696,-588,-2256
2898,10402,-5404,-4609,2552,-131,-2256
2130,4708,4940,3543,-2336,151,-2256
1662,-4808,21554,-16,292,-78,-2256
-52,-3282,6418,-3492,3401,9,-2240
-6006,-5848,14800,3449,-2465,185,-2272
4264,7360,4670,-1927,941,-181,-2240
-4196,-9364,12706,-254,988,-249,-2224
-7666,-1996,9306,1779,-2162,161,-2256
11856,2864,-10962,-4776,2746,-796,-2240
-3182,3558,6704,5807,-3527,-940,-2240
2420,1874,-3642,-3239,1983,-64,-2224
8258,11152,-8560,-443,286,143,-2256
1624,-2582,20086,2684,-1390,-476,-2288
-5430,-8340,17932,-3664,3233,334,-2272
-2280,678,7200,2393,-1795,187,-2240
4156,3646,5598,-2241,1310,-312,-2224
-7208,-6346,12214,748,-14,-85,-2256
-8310,2180,14712,2266,-3025,80,-2240
9886,-9144,-1938,-4974,4050,-842,-2240
3928,12626,-5760,2910,-1951,-600,-2240
-744,-10674,16792,1641,-790,131,-2256
7268,11810,-4442,-4201,2646,236,-2256
5546,3994,1128,2754,-1407,-435,-2272
-1646,-5232,9828,-1585,1487,373,-2256
1558,6230,2726,294,-460,140,-2256
2384,-1630,6844,-1777,1329,-437,-2256
-8034,-4690,11020,1013,-592,142,-2256
-4016,11438,13660,1476,-2933,-240,-2272
632,-19202,21074,-675,2022,-748,-2272
5022,13482,-7866,-4750,2381,-219,-2256
1526,4786,4194,4827,-3114,-202,-2256
-820,-7218,24922,-2026,1395,181,-2272
9730,5332,-9754,-2904,2872,-152,-2272
-7644,-7748,18032,3586,-2434,99,-2288
3054,6004,4440,-2219,1025,49,-2256
2006,-4108,5284,-879,1200,-358,-2240
-8948,-3550,12566,2205,-1882,214,-2240
11972,2066,-11076,-4368,2093,-682,-2240
-3976,4726,6452,5984,-3643,-983,-2240
2832,2694,-3844,-4078,2539,-61,-2240
7400,9586,-5000,1864,-1032,115,-2224
528,-2102,21734,1823,-1200,-83,-2256
7560,1464,-6834,-4516,4118,-123,-2272
-3366,-1096,6688,3168,-2275,205,-2272
3076,4696,7366,-1654,691,-152,-2256
924,-5924,7002,-454,960,-253,-2256
-9246,2082,14602,2665,-3154,79,-2256
8332,-8890,154,-5393,3822,-736,-2240
5106,12372,-4898,4395,-2910,-557,-2272
150,-9188,14780,-693,764,106,-2224
6624,10902,-1426,-2066,1386,299,-2224
6332,4332,3560,2976,-1831,-384,-2256
1450,-4992,5164,-3130,2965,-22,-2272
26,4908,4266,1144,-863,245,-2272
3904,3048,4170,-1190,438,-381,-2256
-2202,-9606,11800,413,389,-70,-2224
-5614,10236,10888,1719,-2891,58,-2240
3048,-16412,16194,-2616,2765,-577,-2240
202,6512,3764,1728,-1212,-505,-2224
-4368,-11050,29194,2412,-1504,188,-2256
3934,6842,1278,-3541,2191,297,-2256
8596,4180,-6652,1380,-334,-493,-2272
-6370,-8860,20100,324,182,298,-2240
1414,6542,2972,-233,-174,227,-2256
3998,-1878,1626,-2162,1518,-473,-2256
-7660,-9348,14360,1888,-1109,123,-2256
1304,13620,4786,143,-1930,-189,-2272
-2426,-18092,25260,631,1025,-453,-2240
4054,10990,-4316,-1926,822,-450,-2224
-5450,-7126,28524,4620,-3162,-276,-2256
2904,572,7702,-3764,2399,226,-2272
7074,1414,-6666,-757,1351,-373,-2240
-9246,-9824,22756,2673,-1805,401,-2240
2632,7874,3086,-1387,548,-18,-2256
840,-7112,8350,-1761,1718,-446,-2224
-9102,-5262,12440,2003,-1505,248,-2256
8916,12274,-5682,-2369,130,-653,-2256
-8162,-11132,27304,4097,-1640,-563,-2272
1724,-3168,1808,-4911,2778,-180,-2272
-10,2626,9462,4315,-2854,-93,-2256
938,-5180,20496,-693,575,57,-2224
2964,-2064,944,-3669,3533,-141,-2288
-7666,-8024,17950,3723,-2677,205,-2240
3892,7666,3934,-2111,1031,-140,-2272
-2270,-9312,11606,-651,1241,-291,-2256
-8346,-3056,10392,2076,-2181,205,-2288
12026,5416,-11078,-4770,2642,-750,-2224
-5594,1022,12156,5835,-3391,-1018,-2272
2206,5546,-4910,-4145,2493,-33,-2224
7186,10022,-6506,830,-484,202,-2256
992,-4386,22792,2386,-1239,-280,-2224
-3766,-7202,14352,-4156,3680,290,-2240
-3380,-982,7870,2810,-2021,229,-2240
4212,4824,5354,-2158,1199,-257,-2272
-5966,-7636,12464,592,235,-161,-2256
-8050,226,12604,2265,-2959,-105,-2256
11080,-5710,-6660,-5556,4132,-663,-2240
2094,10624,-4176,4176,-2753,-563,-2272
970,-7216,8496,121,152,-29,-2256
8486,12574,-6954,-3336,2101,288,-2224
4138,2912,6374,2993,-1630,-326,-2256
-8522,-11198,25912,-2192,2028,179,-2240
482,5040,3308,514,-525,252,-2240
3086,476,6544,-1578,957,-404,-2256
-7662,-5692,11920,951,-351,40,-2256
-6462,8924,14792,1638,-2938,-333,-2240
4148,-16110,12880,-2303,2948,-502,-2304
5260,13808,-6322,-445,-198,-416,-2240
-2952,-12166,29408,3755,-2330,50,-2224
3808,7422,658,-4216,2700,300,-2256
8098,5292,-6174,1251,-292,-405,-2240
-8540,-9450,22152,1107,-370,298,-2240
1728,6970,2986,-1144,423,140,-2208
2518,-2744,5024,-1384,1150,-426,-2256
-8362,-4338,11560,1311,-807,168,-2224
1686,13938,4422,-1170,-811,-432,-2256
-5004,-19910,29976,3731,-1218,-440,-2256
4038,8028,-7606,-5104,2735,-226,-2256
5234,7726,-3808,4631,-2969,-117,-2240
348,-2026,9146,-1408,940,170,-2272
9582,4340,-9422,-2939,2873,-252,-2256
-5232,-4276,10014,3875,-2666,166,-2224
1694,6528,2966,-1893,785,21,-2240
2648,-4518,4228,-1402,1572,-373,-2272
-9744,-1270,13238,2496,-2081,250,-2208
8906,11562,-7562,-3969,1571,-608,-2224
-7824,-10166,25096,5772,-3395,-598,-2256
2014,-3416,2430,-4824,2958,-202,-2240
7454,10886,-3006,-573,468,293,-2240
3178,1054,15484,2546,-1585,-265,-2256
4862,-1710,-1056,-3690,3428,-102,-2256
-1584,1798,5588,2432,-1783,239,-2272
3578,4420,6254,-1579,714,-332,-2272
-316,-8116,9600,-173,865,-124,-2256
-8608,5992,13954,2436,-3327,151,-2256
6838,-12384,6864,-4009,3438,-623,-2224
5512,12582,-5946,3011,-1940,-515,-2240
-2330,-10850,22884,1584,-839,119,-2240
5156,9780,134,-2892,1803,380,-2256
7832,4504,-1590,2320,-1128,-436,-2256
-2528,-7424,13056,-1489,1597,274,-2272
950,6034,3478,151,-336,265,-2240
4190,504,1928,-1810,1162,-420,-2240
-5158,-10054,13292,1283,-520,14,-2224
-2582,12470,8780,784,-2449,-250,-2256
490,-18298,21448,-1406,2327,-565,-2240
3834,11050,-6136,-926,286,-403,-2272
-5614,-10620,32194,4340,-2931,-47,-2240
3070,3458,4040,-3876,2435,199,-2256
8896,3632,-8888,24,788,-425,-2224
-8622,-9940,23984,1506,-738,327,-2240
1800,7410,3150,-1157,425,162,-2272
3098,-4644,3806,-2063,1738,-480,-2272
-8924,-7990,14590,2206,-1487,140,-2256
4656,13608,716,-1284,-858,-366,-2224
-5246,-16058,27534,2900,-585,-458,-2224
2058,3602,-3040,-4546,2587,-137,-2272
7366,9642,-5080,3002,-1937,-20,-2272
2570,-2890,13524,-53,336,-101,-2256
4980,296,-3886,-3775,3548,18,-2256
-2688,-802,8526,3618,-2599,255,-2240
4770,5072,4764,-2134,1028,-204,-2272
-1080,-8756,10408,75,736,-229,-2240
-7612,476,11872,1804,-2125,229,-2256
10844,-5884,-5818,-5175,3200,-759,-2224
-8828,-7022,23718,6012,-3629,-850,-2240
780,-7914,9034,-2511,1670,0,-2272
8492,12798,-6980,-444,389,185,-2256
34,-7062,26094,2819,-1540,-470,-2288
158,-3580,6340,-3518,3018,66,-2256
782,5504,3632,2465,-1850,238,-2240
4618,6068,3686,-2311,1330,-289,-2256
-4180,-7816,11766,776,1,-112,-2288
-6440,8050,16304,2229,-3029,-156,-2256
4700,-16174,11976,-5143,4102,-490,-2240
-3104,5748,4572,3421,-2398,-499,-2240
-3208,-12556,31654,1877,-905,55,-2272
3626,7230,1160,-3887,2505,393,-2288
944,-1712,18772,2774,-1477,-462,-2256
-5258,-9108,19188,-1459,1479,430,-2272
2154,8514,2454,11,-292,159,-2272
3134,2290,7102,-1573,1089,-364,-2256
-5978,-5710,10998,740,-333,16,-2288
1324,14224,5524,1444,-2922,-342,-2256
-4950,-20634,31202,2513,-246,-736,-2272
3836,8446,-7622,-4839,2454,-214,-2240
-4760,-6760,28982,4981,-3192,-208,-2256
300,-1940,10754,-2020,1298,96,-2256
9394,4150,-9342,-2231,2364,-334,-2240
-9572,-11150,28208,3248,-2088,89,-2256
1856,7266,2966,-2104,937,-4,-2240
1702,-5242,5974,-900,1233,-398,-2240
-9210,-1406,13382,2148,-1786,208,-2224
9626,11432,-8484,-4118,1799,-721,-2256
-9202,-9610,26328,5903,-3544,-356,-2256
2084,-3784,3258,-4762,2918,-177,-2272
450,2518,6570,2804,-1732,108,-2256
82,-5292,21358,1128,-683,-45,-2224
4564,-2192,-1366,-4567,4224,-43,-2192
-1328,2900,4902,3584,-2551,182,-2272
2420,6262,5710,-1595,626,-160,-2272
-366,-8102,9100,-643,1219,-252,-2240
-7986,6826,13812,2681,-2937,74,-2224
11298,3272,-10178,-5294,3557,-623,-2256
-3780,3480,8512,5278,-3295,-660,-2240
-2452,-11440,24996,-1397,1127,-96,-2272
6380,9356,-4296,-824,533,251,-2288
1624,-2194,21812,2686,-1594,-310,-2224
-3418,-7626,14976,-3120,2938,149,-2256
1254,6304,3382,1834,-1373,293,-2240
3432,5604,7558,-1427,655,-368,-2240
-5346,-9602,13230,250,497,-121,-2224
-1780,13162,7856,448,-2154,-238,-2224
-740,-18636,23258,-800,1864,-510,-2272
3394,9442,-2114,-619,71,-534,-2256
-5686,-9800,31168,4013,-2672,-14,-2256
2938,3046,4098,-3780,2349,181,-2256
8344,2984,-7954,210,626,-342,-2240
-8668,-9792,22968,1836,-1032,214,-2240
1958,7362,2836,-1097,337,93,-2208
2454,-5184,5186,-2126,1752,-431,-2224
-9182,-7066,13676,2107,-1475,215,-2288
6242,13260,-2126,-1165,-979,-585,-2272
-6180,-14494,27512,3066,-706,-727,-2240
4592,12834,-6528,-4063,2115,-184,-2224
-2746,-736,17264,4802,-3248,54,-2256
1960,-3246,15862,-1887,1349,-16,-2224
4408,-1428,-1592,-2586,2807,-126,-2272
-8494,-8934,19502,3535,-2563,362,-2240
3332,7938,4508,-1782,728,-91,-2240
-1270,-9026,11036,-1086,1510,-323,-2272
-9022,-3676,11354,2161,-1997,256,-2256
11536,8346,-10584,-4131,1833,-701,-2256
-7296,-2858,18110,5888,-3390,-824,-2224
-946,-10478,16364,-4415,2602,176,-2272
5484,8496,-3942,1275,-709,212,-2272
826,-5386,24964,1617,-779,-266,-2256
-2052,-5202,10726,-4023,3622,133,-2256
-4930,-3420,11568,2925,-2139,251,-2256
4658,6092,4672,-2243,1230,-253,-2208
-5400,-8508,12672,1009,-233,-58,-2224
-4248,11392,13440,2109,-3167,-354,-2256
2394,-18352,18618,-3745,3755,-655,-2256
-96,8410,-1002,1835,-1357,-506,-2240
-5160,-11744,32767,3232,-2000,31,-2272
2946,4608,4518,-4250,2703,315,-2224
2734,628,12640,1813,-671,-483,-2256
-7218,-9678,22256,-284,569,338,-2240
2340,8684,2600,-525,66,124,-2208
3218,1290,6262,-1625,1278,-405,-2224
-7280,-5604,11482,1167,-806,130,-2224
5556,14370,-776,390,-2113,-460,-2256
-8090,-17604,32767,462,1368,-508,-2272
5830,14294,-6990,-3345,1533,-135,-2240
-3006,-1690,20008,5209,-3490,62,-2256
-156,-5456,18178,-3226,2046,126,-2256
8256,6056,-6186,-1841,2125,-249,-2256
-9676,-10822,25616,3122,-1975,245,-2240
2480,6698,3556,-1957,885,27,-2240
2948,-2004,4410,-1210,1297,-463,-2224
-8584,-4300,11652,1867,-1467,224,-2256
10934,8182,-10720,-3057,800,-640,-2256
-7564,-3582,18438,4742,-2237,-533,-2240
3694,9686,-6424,-4915,2772,-210,-2272
3748,5884,358,3935,-2499,-60,-2288
0,-5134,24088,-396,350,-21,-2256
8536,3700,-8318,-3507,3380,-113,-2240
-5986,-5734,13650,3704,-2615,215,-2256
4012,6256,4870,-2042,958,-186,-2224
-3398,-7844,10686,-397,968,-254,-2272
-8952,-2258,12280,2311,-2598,155,-2240
11098,-1496,-8444,-5266,3250,-763,-2256
-126,8354,1096,5773,-3662,-755,-2224
2250,-2752,710,-2706,1835,-155,-2240
8104,11690,-5386,-742,583,243,-2240
2358,654,15908,3045,-1927,-455,-2240
5418,-1276,-2362,-4023,3610,249,-2256
-1390,2186,4726,2102,-1570,178,-2224
3270,3496,7392,-1489,716,-296,-2272
-6908,-8058,13136,-12,690,-166,-2272
-8460,5122,14400,2266,-3232,15,-2240
6726,-11968,5902,-4199,3510,-502,-2256
5998,12928,-6360,2399,-1641,-577,-2224
-1720,-10980,22372,1389,-590,-3,-2240
5200,9866,292,-3256,2006,344,-2272
7710,4212,-898,2390,-1188,-449,-2288
-1866,-6810,12118,-1027,1244,241,-2256
640,5974,3718,-12,-260,300,-2256
4028,614,2714,-1796,1127,-424,-2208
-4672,-9392,12468,1013,-254,-21,-2224
-2956,12676,9234,1009,-2619,-220,-2256
312,-18492,22102,-498,1752,-539,-2256
4072,10960,-7152,-1205,461,-415,-2272
-6132,-10202,32767,4385,-2988,-2,-2240
2720,3014,5178,-3582,2212,158,-2240
9410,3638,-9362,-160,899,-401,-2224
-8876,-10118,24936,2228,-1342,217,-2256
1756,6924,3144,-1278,488,137,-2272
3146,-4196,3644,-2037,1745,-479,-2208
-9176,-8240,14558,2265,-1547,175,-2256
5492,13424,-924,-1411,-751,-416,-2256
-6006,-15432,28252,3106,-784,-446,-2288
2278,2936,-2968,-4074,2185,-241,-2240
-3666,-2756,21536,4884,-3302,-62,-2240
2126,-2896,14508,-2308,1549,58,-2224
5306,-116,-4270,-3235,3276,-184,-2272
-9248,-9994,22158,3683,-2644,241,-2224
3072,8054,4214,-1835,764,-72,-2256
-108,-9038,9722,-1002,1474,-355,-2256
-7772,2048,11392,2109,-2012,198,-2240
10452,10038,-8802,-4135,1873,-740,-2240
-7704,-5822,21236,5477,-2901,-750,-2224
232,-7498,10222,-4264,2443,-13,-2256
3820,6664,1090,1345,-849,108,-2256
712,-6142,24762,1402,-559,-259,-2240
-744,-4246,7670,-4010,3540,115,-2240
-5356,-4842,13452,3339,-2367,174,-2256
4244,6554,4558,-2183,1176,-296,-2256
-4620,-8164,11904,293,468,-182,-2272
-5794,8684,15682,2087,-2612,42,-2272
12186,452,-11450,-5544,3962,-681,-2240
-2042,6216,2666,5364,-3391,-815,-2224
-3800,-13032,32746,-515,570,195,-2224
9236,12152,-9126,-2304,1515,285,-2272
1406,-1030,17116,3173,-1836,-218,-2272
-5998,-9522,20002,-3089,2683,171,-2256
-1294,2108,5320,1446,-1150,286,-2256
3552,2618,6758,-1830,1132,-367,-2224
-6682,-6168,11740,709,-52,-33,-2272
-8318,3542,15512,2215,-3137,87,-2224
8372,-10764,1478,-3847,3652,-336,-2256
4862,13242,-6258,1213,-1063,-456,-2288
-4668,-5960,27936,2796,-1580,-25,-2272
6190,11024,-2546,-4425,2770,313,-2240
6206,4176,-90,1689,-560,-372,-2272
-9120,-10820,25320,110,304,183,-2256
1304,6214,2868,-792,199,164,-2256
2508,-1574,5824,-1526,1167,-441,-2240
-7906,-5114,11654,1126,-680,64,-2272
-3564,12300,12160,679,-2384,-498,-2256
110,-19398,22738,948,966,-507,-2192
5102,12656,-7804,-3693,1717,-192,-2256
1780,4574,3178,4968,-3293,-80,-2240
1552,2876,5028,-2499,1596,170,-2224
9790,5406,-9710,-2398,2529,-228,-2256
-7520,-7232,16816,3340,-2189,205,-2272
2666,5820,5468,-2059,952,70,-2272
2374,-3448,4512,-1062,1240,-374,-2240
-9162,-3734,12610,2222,-1776,251,-2224
11568,2014,-10622,-3906,1576,-727,-2224
-7704,-15980,30680,5461,-2960,-569,-2272
3172,2558,-4034,-4914,2964,-122,-2240
7088,9402,-4738,3210,-1984,-91,-2256
276,-3600,14676,659,-439,-45,-2256
7508,1114,-6706,-4445,4109,-37,-2224
-3218,-1006,6918,3622,-2595,188,-2240
2022,6680,4096,-1658,640,-93,-2224
1362,-6482,6970,-967,1395,-312,-2224
-9138,1916,13398,2615,-2761,92,-2256
8392,-8100,128,-5164,3079,-713,-2240
-6976,-2926,17754,5457,-3386,-761,-2240
154,-8216,13222,-1947,1490,-92,-2272
6854,11148,-2202,-241,165,242,-2256
98,-4120,24372,2639,-1619,-88,-2256
1200,-5320,5590,-3983,3721,-69,-2208
316,4816,4150,2108,-1547,346,-2272
2516,6614,8222,-1176,388,-310,-2288
-2358,-10054,11904,-107,877,-133,-2256
-5952,9510,11298,1875,-2829,-185,-2288
4218,-15756,13820,-4019,3155,-575,-2240
-918,5272,5216,2930,-1863,-721,-2272
-3824,-11050,27416,515,-146,41,-2256
4532,7834,180,-2569,1606,292,-2224
3030,-902,17902,2003,-873,-238,-2240
-5836,-8136,18786,-1198,1287,174,-2240
1462,6424,2880,364,-554,259,-2240
4926,5568,4102,-2228,1411,-460,-2224
-7752,-8726,14202,1587,-791,-24,-2256
-276,13028,7974,1192,-2601,-1,-2240
-1358,-18742,24350,-1995,2649,-526,-2240
2882,10488,-3516,577,-674,-446,-2256
-5712,-8408,31018,3617,-2470,26,-2288
3034,1452,6638,-4135,2579,258,-2256
5118,2506,5488,400,476,-448,-2224
-8726,-10012,23168,1950,-1207,212,-2256
2936,8628,2296,-1178,423,63,-2240
3468,-212,3994,-1851,1564,-459,-2256
-8492,-4874,11550,1628,-1212,166,-2256
7978,13442,-3872,-515,-1412,-402,-2288
-8626,-14620,31344,1868,316,-360,-2240
2024,-1342,-1454,-5166,2921,-69,-2240
-1056,2074,12740,3575,-2231,27,-2256
178,-7116,22308,666,-198,-111,-2256
4468,-482,-2288,-4248,3746,22,-2240
-982,2520,4192,3986,-2770,202,-2240
3642,7202,2598,-2439,1224,-128,-2240
-1558,-8152,9738,-199,865,-263,-2256
-8152,3556,15594,2207,-2400,235,-2256
12414,7074,-12358,-5167,2985,-729,-2240
-7116,-1132,15034,6069,-3711,-833,-2272
-1044,-11110,20002,-2496,1691,15,-2240
6524,9172,-5424,-278,324,190,-2256
230,-5300,24764,2893,-1676,-404,-2256
-1804,-5904,10596,-4112,3572,80,-2240
1498,6484,3184,2366,-1657,234,-2272
3834,4990,5366,-2050,1135,-339,-2256
-4898,-7300,11586,604,144,-110,-2256
-3514,12080,12670,2375,-3212,-267,-2256
11382,-4336,-8224,-5186,4246,-875,-2240
1004,10038,-2550,3212,-2259,-600,-2272
-4790,-11680,32767,1231,-418,-9,-2224
8786,12158,-7110,-3909,2477,275,-2256
3132,1928,9966,2718,-1453,-502,-2256
-7648,-10722,24898,-1514,1625,278,-2272
