AcX,AcY,AcZ,GyX,GyY,GyZ,Tmp
-7078,-4876,11370,1138,-836,170,-2320
7094,-13130,4916,-3196,3529,-736,-2288
4720,13922,-5572,-818,-120,-349,-2336
-3030,-3622,23516,4709,-3008,-237,-2336
5528,10470,-1984,-4533,2897,194,-2288
6802,4838,-3694,494,357,-412,-2320
-9042,-10806,25270,1384,-651,277,-2336
1792,7374,3140,-982,325,84,-2320
1480,-3598,8584,-1156,1100,-396,-2352
-7502,-4176,9866,1020,-725,213,-2320
11446,8798,-11516,-1178,-754,-591,-2320
-2664,-19748,27316,3145,-779,-280,-2304
4670,11662,-8318,-5004,2609,-254,-2336
3626,6014,-1332,4895,-3140,-86,-2288
986,566,5792,-1799,1213,52,-2320
9736,5006,-9788,-2599,2620,-308,-2336
-6818,-6684,15016,3917,-2620,72,-2336
1934,7816,2226,-2232,1022,-4,-2320
1822,-4914,5914,-844,1122,-373,-2320
-9194,-2618,12492,2118,-1792,238,-2288
11500,-26,-10014,-3759,1416,-650,-2336
-8604,-13978,30632,5899,-3470,-999,-2304
2908,-512,-3130,-5011,3072,-69,-2320
7412,10342,-4484,2646,-1617,57,-2320
470,-4018,16256,545,-315,9,-2304
6460,204,-4216,-4313,4009,-5,-2304
-3144,-314,7524,3669,-2646,197,-2304
2940,7144,2644,-2142,978,-106,-2320
200,-7976,8646,-370,1048,-179,-2320
-8964,4026,14312,2586,-2795,139,-2336
7848,-9952,2304,-5323,3445,-738,-2304
-6304,-736,15274,5582,-3462,-869,-2288
-534,-9232,16628,520,-68,73,-2304
5988,10862,-400,-2716,1716,328,-2336
6522,3572,3042,2510,-1278,-348,-2304
206,-5796,7362,-2120,2080,367,-2288
-52,4846,4626,757,-725,232,-2288
3708,1056,4792,-1857,1106,-417,-2304
-8924,-6684,13414,1150,-324,-19,-2336
-4648,11240,11516,1075,-2655,-195,-2336
2402,-16830,17868,-1864,2613,-636,-2288
4616,12030,-5990,-693,153,-422,-2288
-5382,-11182,32416,3824,-2504,46,-2272
3548,6044,1720,-3264,2002,213,-2320
8966,3756,-8404,-1758,2142,-267,-2320
-8786,-8654,18948,3219,-2214,204,-2320
3916,8248,3484,-1562,586,53,-2304
3138,-4230,4546,-1519,1663,-423,-2336
-9136,-3034,11148,2152,-1666,236,-2320
11094,5458,-9718,-2662,413,-609,-2352
-4342,-17038,27484,4578,-2099,-781,-2352
-1452,-9342,17594,-3146,1953,-25,-2320
6414,11866,-2604,-3314,2014,269,-2304
6316,2780,272,2073,-812,-363,-2320
-3184,-6250,12460,-1082,1062,44,-2288
1148,5684,3596,966,-955,254,-2304
3498,-1632,4670,-2494,1756,-438,-2304
-6136,-8620,12920,1607,-854,-9,-2288
-3436,11432,13078,1290,-2723,-322,-2320
1792,-17762,19258,-1681,2614,-359,-2288
3176,12788,-5618,-83,-425,-426,-2336
-5570,-10754,32767,4400,-2946,-156,-2304
3988,5192,2872,-4506,2878,153,-2320
7500,2978,-8650,453,477,-452,-2288
-7526,-10002,21272,1905,-1219,284,-2320
2956,9526,1670,-1070,309,10,-2336
428,-7572,9532,-1521,1566,-398,-2304
-7678,-4430,11092,1328,-1031,223,-2320
5134,14444,938,-475,-1440,-514,-2320
-7850,-17522,32767,2135,149,-658,-2304
2494,2910,-5512,-4606,2206,-161,-2304
-2682,-1400,21088,4609,-2881,-158,-2320
1272,-5594,17590,-640,643,81,-2320
5842,1464,-4708,-3866,3544,-74,-2320
-3096,-502,7838,4210,-2962,188,-2304
4176,8198,302,-2903,1641,-187,-2336
-1216,-7882,8978,221,510,-236,-2304
-8622,2310,15682,1997,-2100,221,-2320
12372,8768,-12462,-5410,3262,-784,-2320
-8786,-4276,19366,6419,-3958,-863,-2304
292,-10544,14438,-3362,2138,-88,-2336
5102,7386,-3554,671,-263,190,-2320
-572,-5712,26816,2753,-1694,-446,-2320
906,-4856,5096,-4524,3931,314,-2288
394,5380,3870,3152,-2203,152,-2304
3860,6196,3506,-2226,1228,-258,-2336
-3362,-7714,10602,446,390,-142,-2320
-5464,10554,14776,2435,-3141,-247,-2320
11458,-1890,-10248,-5540,4175,-564,-2304
-404,7258,130,4176,-2722,-552,-2336
-4798,-12214,32767,971,-278,191,-2304
8580,12018,-6884,-3065,1876,302,-2320
2268,196,15990,3105,-1709,-360,-2320
-6188,-9678,21062,-2668,2472,40,-2304
2022,8136,2974,1070,-912,258,-2336
3260,2950,7154,-1780,1109,-405,-2320
-6426,-6334,12210,794,-122,11,-2320
3792,13614,1224,1425,-2885,-167,-2320
6534,-12334,5560,-2212,2801,-418,-2304
5378,12710,-5402,-598,-86,-467,-2304
-4278,-4576,24748,3849,-2485,97,-2320
5644,10770,-1076,-4204,2597,214,-2320
7412,4502,-2242,567,193,-411,-2288
-9798,-10712,25794,978,-273,185,-2336
914,5778,3806,-665,93,174,-2320
3320,-610,5022,-1586,1255,-431,-2320
-8696,-5356,12526,1464,-866,133,-2320
9470,10146,-8776,-462,-1493,-378,-2304
-8016,-6962,22980,4622,-2187,-750,-2288
4522,11300,-7632,-5120,2984,-156,-2288
1790,4540,2768,3615,-2339,-60,-2352
560,-5244,24272,-396,327,15,-2304
9392,4068,-9774,-3784,3611,-206,-2320
-7868,-7892,17242,4351,-3065,167,-2320
4338,7630,3648,-2267,1076,-172,-2320
-2120,-8812,10914,-909,1419,-328,-2336
-9526,-2476,11692,2304,-2316,234,-2336
11136,2518,-9280,-4652,2538,-695,-2304
-2726,2440,8446,5687,-3263,-676,-2320
2450,2544,-4372,-3516,2238,-149,-2320
6980,9602,-4916,1469,-953,210,-2304
1978,-1988,21400,1566,-770,-256,-2304
5536,-568,-3812,-3759,3507,20,-2320
-3230,-1126,10014,3212,-2325,329,-2288
4644,6446,4332,-2446,1377,-294,-2320
-6888,-8438,13042,382,504,-106,-2336
-8480,2084,12598,2218,-2952,160,-2336
10350,-7146,-3490,-5172,3714,-809,-2288
2494,9414,-2902,4373,-2722,-595,-2320
-154,-7968,9550,-511,497,154,-2304
7764,12952,-4992,-2743,1626,292,-2304
5220,2056,5906,2838,-1408,-330,-2304
-402,-3910,6848,-2351,2140,271,-2320
546,4952,4234,1199,-1029,164,-2320
3494,150,5590,-2595,1715,-350,-2304
-5070,-9152,12808,1486,-626,-37,-2288
-5604,8686,15230,1913,-3060,-160,-2288
4910,-15962,11546,-3446,3756,-722,-2320
3846,13742,-5680,527,-808,-359,-2320
-4138,-11988,31488,3693,-2314,95,-2304
4634,7626,484,-4734,2982,293,-2304
7806,4272,-7520,1692,-473,-436,-2320
-5830,-9106,18638,753,-176,345,-2320
2448,9208,2770,-573,80,142,-2336
1480,-5424,8422,-1563,1325,-431,-2304
-6832,-5814,12118,1285,-852,125,-2320
1204,14098,6992,-656,-1267,-522,-2288
-4570,-19142,30910,2946,-610,-475,-2320
3008,8106,-5870,-4701,2416,-103,-2320
6476,8754,-4800,4761,-3042,24,-2320
1902,-2098,10896,-1556,1165,120,-2336
7732,2870,-8050,-3540,3324,-39,-2336
-4936,-3638,11252,4057,-2817,236,-2288
3134,8668,1908,-2434,1192,-54,-2320
316,-7730,8214,-396,999,-345,-2304
-8042,-542,11412,1659,-1622,277,-2304
9088,12488,-6910,-3758,1566,-695,-2320
-9712,-11574,29408,5953,-3430,-697,-2320
2268,-4058,1284,-4378,2590,-88,-2288
8738,12714,-6640,2245,-1268,103,-2304
-144,-6306,22962,1445,-745,120,-2304
4034,-1322,-172,-4349,3847,-24,-2320
-1540,2294,5890,3830,-2701,189,-2320
4296,7222,1306,-2661,1426,-228,-2336
-2082,-7442,9572,385,408,-180,-2304
-8134,5478,16736,2208,-2667,61,-2304
12384,4022,-12444,-5634,3813,-794,-2320
-6068,1766,10892,5527,-3590,-621,-2288
-1590,-12252,25238,-1630,1237,73,-2304
4842,10596,-416,-1762,1176,319,-2304
-532,-3518,25282,3186,-2065,-135,-2320
-780,-7166,10354,-3830,3413,138,-2288
934,6780,3344,1988,-1501,260,-2320
3254,5116,5910,-1945,1052,-251,-2304
-3876,-7034,10372,401,299,-70,-2336
-2956,12384,11090,967,-2523,-454,-2304
-1136,-19330,24450,385,1200,-532,-2336
5224,11952,-8674,-3392,1617,-312,-2336
-6068,-10100,32767,5038,-3378,-334,-2320
1786,2262,4266,-3490,2110,236,-2320
10668,5502,-11054,-1510,1767,-271,-2320
-7690,-7700,16020,2913,-1739,236,-2336
1718,7578,2822,-2020,953,75,-2304
2932,-3702,3372,-1344,1356,-427,-2336
-9780,-3356,12670,2704,-2541,197,-2336
11228,2574,-10130,-5038,2749,-724,-2272
-3254,3266,8108,5777,-3546,-701,-2336
-3144,-11182,25896,-2945,1994,111,-2336
7098,8696,-4144,50,-18,224,-2304
1472,-1468,22294,2391,-1444,-168,-2304
-3174,-7964,14760,-3925,3675,175,-2320
-3662,-1706,8618,2451,-1783,303,-2288
3882,6492,6348,-1900,893,-277,-2304
-5414,-9642,12942,387,491,-131,-2304
-8880,1480,12326,2232,-3017,-58,-2320
9966,-5958,-3658,-4667,3746,-509,-2288
2490,8760,-2286,3206,-2070,-702,-2320
-6008,-9636,32767,738,-327,-118,-2272
7726,12492,-4066,-3062,1836,282,-2304
5082,1910,7952,2259,-1029,-410,-2352
-8684,-9774,23058,-1389,1437,363,-2352
-254,3232,5768,480,-616,181,-2320
4406,2232,3358,-2178,1443,-438,-2336
-8732,-5970,12942,1604,-815,2,-2304
-6614,7368,13444,1288,-2647,-152,-2320
6656,-14022,7612,-2336,3021,-427,-2320
3532,12280,-4662,794,-906,-486,-2336
-3118,-2562,22576,3747,-2461,87,-2304
5514,10330,-1280,-4346,2767,217,-2304
6906,3424,-3782,1041,34,-457,-2320
-8342,-10238,21928,1231,-553,335,-2320
2068,7626,2604,-627,27,69,-2304
1942,-4342,7282,-1753,1590,-421,-2304
-7416,-3052,8796,1391,-962,168,-2352
-1446,12922,11756,267,-2016,-355,-2320
-1514,-19122,25862,1522,533,-505,-2320
3532,11768,-7248,-3464,1507,-248,-2304
-5826,-9488,32767,5479,-3705,-208,-2288
2164,870,6522,-3415,2232,159,-2256
8562,3822,-9446,-1920,2164,-300,-2288
-6308,-5786,15178,4252,-3025,246,-2304
5000,6806,1552,-2898,1493,-169,-2304
-4366,-7604,11486,717,223,-199,-2304
-6876,8044,18084,2080,-2590,99,-2304
13306,1148,-13686,-5892,3889,-716,-2320
-3212,5276,2850,5777,-3718,-685,-2320
-4300,-13702,32767,-580,594,171,-2320
9536,13016,-9268,-2401,1500,230,-2304
810,-1834,19416,3758,-2254,-456,-2304
-5198,-9146,18866,-3762,3133,240,-2288
-1938,1300,5148,1848,-1415,174,-2288
3156,2102,7082,-2245,1414,-328,-2304
-5908,-5558,11062,831,-116,-96,-2272
-8640,3434,16988,2550,-3531,46,-2320
8128,-10544,352,-4228,3977,-669,-2288
5226,13722,-6780,1110,-1145,-332,-2320
-4500,-6214,28184,3012,-1639,-5,-2304
5978,11674,-1466,-4478,2721,298,-2304
6314,4358,528,2672,-1400,-289,-2320
-9470,-10894,28318,-521,895,2,-2288
660,5782,4010,-481,20,251,-2320
2496,-1090,7690,-1435,1024,-385,-2336
-7612,-4954,11640,1067,-500,103,-2304
-3968,11356,12760,744,-2381,-458,-2320
144,-18390,21482,553,1153,-496,-2288
5462,12772,-6942,-2348,974,-282,-2304
602,2344,6332,4885,-3223,20,-2336
2380,4304,3322,-2842,1757,262,-2288
10164,5346,-9808,-2135,2386,-236,-2288
-8920,-8722,19516,3465,-2269,260,-2320
3040,6364,3484,-1875,804,92,-2304
2990,-3606,4438,-1110,1275,-435,-2304
-9498,-3264,12436,2065,-1542,215,-2288
10946,3294,-10104,-3437,1158,-618,-2288
-6412,-15858,29410,4920,-2542,-593,-2336
3294,3420,-5408,-4873,2928,-275,-2272
6274,8314,-3540,3238,-2071,5,-2304
1368,-2196,11484,-140,140,-36,-2352
7564,1268,-6706,-4243,4000,-65,-2320
834,5760,4002,-397,-106,171,-2304
3854,-828,3744,-1693,1510,-468,-2320
-9192,-5230,12748,2060,-1438,223,-2320
9710,10086,-8326,-1722,-444,-468,-2304
-7288,-6940,22398,3779,-1416,-625,-2304
3688,11148,-6582,-4800,2778,-200,-2304
1612,3896,4540,4701,-3145,8,-2320
1358,-4048,22428,-1365,1013,65,-2352
8528,3124,-8666,-3091,3151,-193,-2304
-7182,-7134,16178,3932,-2811,173,-2272
4600,8204,3712,-2105,914,-103,-2304
1974,-6396,6576,-909,1453,-309,-2288
-8630,-1862,10032,2023,-2034,232,-2320
11734,2586,-9746,-3758,1600,-629,-2304
-6018,-15094,28800,5245,-2731,-752,-2320
2456,3102,-4612,-4545,2735,172,-2288
6910,9116,-5396,2272,-1435,60,-2320
1696,-2618,21268,961,-389,-191,-2320
5152,-290,-3598,-3575,3380,19,-2336
-3610,-1140,10852,3408,-2483,190,-2336
5016,5750,2978,-2656,1473,-228,-2320
-1564,-9170,11128,633,324,-201,-2320
-8156,1690,13108,2049,-2546,146,-2336
10660,-7226,-4628,-5397,3690,-655,-2336
-8426,-5664,22278,5593,-3416,-691,-2320
20,-9052,10560,-1272,993,-80,-2320
7918,13160,-5234,-2392,1483,281,-2320
5168,2556,4676,3083,-1732,-296,-2336
-458,-3776,6736,-3081,2617,283,-2336
792,4890,3834,2151,-1567,223,-2288
3180,-456,6494,-2548,1626,-421,-2288
-4644,-8610,12026,1387,-552,-39,-2352
-5624,9418,15666,2083,-3190,-16,-2304
4128,-16798,13188,-4015,4001,-750,-2304
-2208,5644,1848,2082,-1607,-427,-2320
-708,1278,13564,5323,-3640,-157,-2320
4098,7558,1100,-4222,2702,179,-2304
-6014,-9216,19358,-552,746,270,-2288
2628,8812,2514,-728,158,102,-2336
974,-5636,8588,-1108,1164,-418,-2352
-7758,-3086,9432,1215,-881,210,-2320
2868,14488,4084,-1168,-780,-516,-2320
-6102,-19012,32767,2844,-526,-523,-2304
3202,6830,-5730,-4720,2362,-180,-2304
-4256,-5162,28186,5147,-3354,-201,-2320
1004,-3326,12598,-1826,1277,159,-2320
7842,2560,-7378,-3274,3154,-183,-2320
-4514,-3074,9910,3964,-2735,208,-2336
3014,8172,2116,-2319,1110,-56,-2304
338,-6830,8014,-502,945,-377,-2352
-8624,242,12964,1734,-1642,245,-2352
10312,10354,-9308,-3829,1603,-680,-2304
-9470,-8682,25366,6031,-3551,-576,-2272
2336,-5930,4276,-4583,2770,-65,-2336
1678,4198,4126,2346,-1318,102,-2320
-636,-6574,24568,1560,-869,-60,-2320
3802,-2290,268,-4687,4124,73,-2304
-870,3028,4542,3990,-2848,103,-2304
3890,6550,2744,-2308,1151,-116,-2288
-1356,-7448,9250,-195,865,-193,-2320
-7378,7586,15068,2424,-2868,155,-2320
11464,1708,-10242,-5344,3565,-682,-2336
-3070,4302,7116,5243,-3362,-648,-2336
-3066,-11650,28662,-1817,1421,-134,-2320
7024,9198,-4416,-1219,842,256,-2320
882,-1550,22708,2884,-1820,-453,-2320
-2948,-7804,14462,-3604,3309,-18,-2304
-3910,-2106,8926,2498,-1880,309,-2320
3792,5712,6024,-1951,1048,-315,-2320
-5130,-8500,12094,393,403,-132,-2320
-288,14020,6466,2373,-3404,-100,-2336
8986,-8236,-812,-3674,3485,-473,-2304
4600,11004,-4246,1232,-1010,-529,-2304
-6564,-8258,31962,2528,-1439,284,-2320
6912,11698,-1414,-3888,2320,269,-2320
9118,3370,-9356,-4096,3890,-143,-2320
-250,4228,4800,1645,-1293,297,-2272
3908,1928,4754,-2020,1205,-419,-2272
-8796,-6734,13430,1146,-260,-35,-2336
-5324,10556,12286,1561,-2944,-121,-2320
3400,-15788,15162,-1564,2459,-483,-2336
4338,11834,-5438,-836,191,-445,-2304
-4360,-11406,29478,3772,-2457,140,-2320
4328,7706,1284,-3869,2384,251,-2320
8366,3584,-6152,202,572,-363,-2320
-8862,-9148,20214,1088,-463,315,-2304
1470,6442,2974,-923,253,105,-2304
3350,-2914,3968,-1989,1511,-494,-2320
-9096,-3640,11928,2097,-1329,187,-2320
1916,13836,4366,-1399,-706,-500,-2320
-3638,-17628,27102,2252,-207,-595,-2336
2786,6934,-5302,-3928,2116,-214,-2304
-5500,-6770,29370,5138,-3487,-132,-2320
3144,758,7380,-2578,1704,79,-2352
6792,1584,-6538,-2010,2374,-340,-2304
-5352,-4572,13040,3311,-2323,246,-2304
2986,8682,2436,-1761,738,-51,-2336
640,-8356,9064,-1275,1575,-401,-2320
-7920,-98,9414,1827,-1669,232,-2288
8136,12234,-4294,-2731,573,-616,-2304
-8188,-11296,28132,4849,-2378,-642,-2336
2338,-2392,-552,-4670,2628,-64,-2320
-368,1544,12922,3558,-2280,53,-2320
1930,-5036,19048,16,325,-170,-2352
2264,-1696,2040,-3523,3306,91,-2304
-7722,-8994,19224,3973,-2830,181,-2352
5506,8840,298,-2827,1529,-206,-2288
-3822,-9336,12216,614,324,-224,-2320
-7668,4568,16344,1551,-1906,213,-2304
12356,6042,-12652,-5152,3174,-711,-2304
-6622,-1190,13698,6160,-3797,-725,-2304
-1668,-11840,21828,-2997,1904,-41,-2288
7304,9964,-7290,-998,651,247,-2288
6350,4304,-2744,-603,1172,-240,-2320
-4018,-2280,10578,3039,-2175,199,-2320
4362,4750,3358,-2760,1690,-347,-2320
-5542,-6008,11182,1093,-255,-71,-2288
-3108,11896,14312,2476,-3231,-321,-2288
11630,-4948,-8898,-5317,4383,-689,-2336
1638,10412,-3870,3007,-2166,-567,-2336
-5452,-11332,32767,1648,-680,122,-2288
8590,13188,-5986,-4367,2648,300,-2320
3270,1614,10006,3438,-1994,-383,-2304
-7478,-10788,25138,-1638,1672,81,-2304
-360,4034,3558,676,-688,207,-2320
2514,308,8622,-1580,1062,-379,-2320
-6280,-5114,11312,1008,-582,125,-2304
6058,13698,-2208,-406,-1412,-445,-2304
-8392,-16442,32767,2770,-462,-490,-2304
5922,14216,-6818,-4318,2134,-189,-2320
-2894,-2252,18554,5012,-3204,-282,-2320
458,-4362,14750,-2666,1652,324,-2336
8596,4922,-5072,-1557,1829,-337,-2320
-9830,-10312,25498,3194,-2052,75,-2320
2858,7592,1894,-2030,941,60,-2320
564,-6814,7692,-782,1098,-370,-2352
-8290,-4876,11704,1840,-1438,255,-2336
10898,8210,-11208,-3565,1246,-666,-2304
-8066,-4208,19420,5276,-2751,-528,-2320
4476,10068,-7190,-5084,3079,-193,-2320
3540,5544,-672,3649,-2279,58,-2304
-104,-4740,25862,460,-279,-140,-2336
9650,4594,-10048,-4427,4074,-40,-2320
-6902,-6746,13986,4167,-2892,213,-2352
3588,6750,4836,-2078,920,-106,-2320
-2012,-8714,10762,-705,1281,-276,-2304
-9470,-1804,12162,2430,-2529,136,-2304
10726,-128,-8296,-4980,2831,-680,-2320
-1124,5258,4364,5761,-3515,-747,-2320
2898,-160,-2596,-2715,1841,-28,-2320
7292,10214,-4082,598,-337,182,-2336
2168,-490,19308,2097,-1237,-150,-2336
5880,-690,-3516,-4080,3787,234,-2288
-2846,-436,8096,2550,-1883,311,-2336
3914,5674,5878,-1961,1170,-395,-2320
-6448,-8652,13166,993,-204,-15,-2304
236,13344,6192,1277,-2739,-275,-2304
8666,-8878,1152,-2430,2792,-508,-2320
4062,10438,-3274,260,-482,-438,-2320
-6030,-7420,31304,3744,-2469,-63,-2288
2966,1166,5982,-4096,2501,296,-2304
6010,2552,4384,784,235,-356,-2304
-9448,-10396,23624,762,-198,137,-2320
2656,8676,2016,-672,67,167,-2320
4044,750,3792,-2182,1780,-451,-2352
-9028,-5428,12550,1906,-1212,187,-2336
7548,12768,-3634,-337,-1658,-525,-2304
4256,-16170,13832,891,916,-614,-2320
3826,12812,-6034,-3232,1548,-335,-2288
-1356,508,14526,5138,-3537,78,-2304
2380,-4186,16586,-3408,2222,55,-2304
7512,3028,-6530,-1536,2039,-272,-2304
-8000,-8916,19776,2930,-2034,257,-2320
4730,8910,1550,-1938,911,-26,-2288
-2728,-10058,11740,-485,1068,-295,-2320
-7670,3962,14134,1916,-2418,112,-2304
9402,-10400,-466,-5336,3527,-817,-2336
-7076,-2094,16576,5445,-3378,-710,-2336
-1116,-10362,17374,-1860,1314,4,-2320
7130,12008,-3830,-1954,1278,188,-2320
300,-5560,25316,3075,-1777,-301,-2304
-1982,-5624,9894,-3408,2873,360,-2304
1644,7046,3156,2406,-1758,183,-2288
4848,5470,2862,-2555,1612,-380,-2320
-5176,-7250,11518,1199,-443,-88,-2320
-3716,11446,14456,2310,-3230,26,-2304
12024,-3688,-10116,-5048,4392,-629,-2320
384,8546,-2580,2602,-1916,-534,-2288
1802,4052,5968,3401,-1992,-137,-2304
2636,838,11852,3430,-2047,-235,-2336
3430,-1626,-678,-3895,3261,310,-2352
-480,3274,3842,1517,-1180,208,-2304
2830,1298,7964,-1976,1191,-372,-2320
-6618,-5316,11590,831,-163,-26,-2320
-7388,6918,16218,2049,-3189,-282,-2336
5644,-13844,8188,-3426,3516,-635,-2336
5184,13388,-5552,1721,-1533,-412,-2288
-1854,-11416,25310,3061,-1753,136,-2320
4548,9970,-540,-4260,2674,241,-2320
7492,4794,-3982,1998,-892,-389,-2304
-2422,-7050,12864,-767,1013,457,-2320
908,6900,3922,-67,-238,163,-2288
2542,-2896,6998,-1590,1202,-402,-2320
-7876,-3998,10784,1026,-457,96,-2304
-1758,12784,10160,543,-2217,-436,-2336
-2278,-19222,25884,924,835,-561,-2272
4608,11578,-7854,-2725,1102,-286,-2320
-5582,-9632,32767,5021,-3261,-172,-2320
1848,1446,4202,-3865,2384,271,-2336
9660,4770,-9774,-3499,3327,-197,-2336
-7430,-7258,16480,4018,-2758,211,-2320
3842,6678,3524,-2314,1038,-15,-2288
2024,-4984,5648,-833,1245,-359,-2336
-9348,-2662,12038,2110,-1893,258,-2336
10970,850,-9420,-3955,1613,-725,-2288
-7818,-14764,29736,5920,-3558,-692,-2288
3088,916,-4494,-4441,2784,-36,-2288
7110,10052,-4710,2348,-1436,115,-2304
614,-3832,15036,821,-537,-71,-2288
7116,390,-5778,-4567,4180,-48,-2320
-3228,-996,7514,3883,-2754,276,-2320
3674,5666,6962,-2143,1001,-153,-2304
928,-6912,7428,-519,1190,-215,-2304
-9500,2212,14560,2681,-3049,98,-2304
9020,-7884,-780,-5288,3390,-719,-2320
-288,-8370,12168,-4669,2916,-265,-2304
6632,11694,-1244,-3300,1968,368,-2336
6260,2926,5744,369,487,-383,-2352
-9704,-10194,25134,2273,-1402,226,-2336
2240,7532,2300,-1207,438,127,-2320
2266,-6032,5804,-2044,1734,-469,-2352
-9492,-7004,13970,2307,-1550,154,-2336
7430,12460,-3378,-1533,-626,-476,-2304
-6842,-12208,27468,3122,-798,-674,-2336
3642,11932,-5218,-4068,2160,-166,-2288
-2314,-666,17440,4910,-3315,-57,-2288
2684,-3350,15028,-2379,1587,45,-2336
3438,-1670,-940,-2617,2852,-156,-2336
-8498,-8494,19368,3452,-2506,276,-2288
4488,9118,2664,-1955,895,-42,-2320
-2094,-10294,11910,-845,1365,-304,-2320
-8380,-3028,9548,1880,-1782,311,-2304
11322,7192,-10290,-3602,1469,-687,-2304
-6964,-3186,17474,5147,-2516,-753,-2320
2352,8596,-4944,-4567,2586,-11,-2320
7962,13252,-6034,-642,307,196,-2336
578,-5480,26064,2701,-1401,-278,-2304
-2316,-5262,9986,-3824,3178,165,-2320
1844,6250,3140,2678,-1905,189,-2320
5358,6396,2152,-2794,1687,-304,-2304
-5864,-7728,12636,1349,-442,-71,-2368
-4412,10384,15936,2091,-2937,4,-2336
12388,-2384,-11234,-5255,4380,-774,-2320
-492,6992,-648,3259,-2281,-639,-2288
-4692,-12112,32767,1440,-641,153,-2304
9228,13306,-8690,-3789,2345,195,-2320
2306,-116,13464,2887,-1449,-454,-2320
-6864,-9584,20314,-1380,1321,380,-2320
3018,9552,1678,441,-642,134,-2320
3504,1142,6096,-2191,1564,-405,-2336
-6918,-4748,11028,1168,-640,34,-2304
4830,14286,762,1517,-2943,-414,-2320
-5154,1674,9036,4617,-3022,-561,-2336
-3058,-2616,21650,5276,-3358,-90,-2320
766,-4198,15248,-2473,1683,214,-2320
6880,1608,-5616,-1902,2162,-313,-2336
-9020,-11152,24866,3598,-2389,173,-2336
3626,8494,866,-2444,1184,-37,-2336
-814,-7190,8920,-510,888,-364,-2352
-7506,-4114,10398,1655,-1458,265,-2320
11752,8688,-11954,-3446,1175,-665,-2336
-8864,-4860,20980,5917,-3359,-941,-2336
4232,10736,-7846,-5161,3066,-266,-2320
4038,6630,-2376,2688,-1556,-14,-2352
-438,-5970,26030,1337,-771,-39,-2320
1688,-4140,4076,-4506,4036,-98,-2304
-6716,-5874,14634,3918,-2791,-22,-2304
3992,6118,3546,-2428,1269,-107,-2320
-2792,-7204,10016,-135,775,-214,-2320
-9564,-1978,13346,2486,-2783,90,-2336
11274,-2110,-9462,-5610,3725,-638,-2336
-478,7444,950,5400,-3419,-636,-2304
2506,-1950,-780,-2039,1517,133,-2320
8028,10890,-4918,-1136,770,337,-2288
2128,306,17944,2938,-1867,-158,-2304
-5544,-9360,20394,-4026,3615,74,-2336
-2208,788,5478,2561,-1833,237,-2320
3230,3970,7270,-1759,888,-296,-2288
-6294,-7636,12608,367,409,-102,-2320
-8754,5300,15086,2356,-3320,29,-2304
6800,-11804,5158,-3886,3579,-508,-2336
5754,12540,-5404,2521,-1771,-582,-2320
-1686,-10956,21622,2324,-1287,-74,-2320
5928,10764,-934,-3487,2113,328,-2336
7674,4804,-1586,2313,-1102,-539,-2304
-1388,-6430,10464,-1541,1623,199,-2320
648,5588,4406,303,-464,213,-2320
3966,432,3918,-1904,1258,-482,-2320
-9410,-5472,13144,1410,-572,29,-2336
-3486,11492,10478,562,-2163,-250,-2336
1274,7488,782,5356,-3243,-813,-2304
-5504,-10708,32068,4436,-2986,27,-2320
4130,5426,1612,-3580,2268,171,-2304
8342,3248,-8312,-815,1424,-353,-2320
-7866,-8112,17432,2763,-1791,174,-2320
2162,7546,2226,-1315,419,50,-2304
2542,-4952,5280,-1783,1716,-412,-2304
-8710,-2408,10310,2055,-1458,203,-2320
3736,13782,2470,-1847,-314,-500,-2320
-4990,-16470,27866,3747,-1415,-438,-2288
2524,4828,-5346,-4353,2322,-261,-2336
-4462,-4480,25904,4893,-3301,-21,-2320
3524,-672,9344,-2080,1480,55,-2288
5118,184,-4026,-2765,2872,-166,-2320
-4124,-2742,12248,3549,-2612,268,-2336
4046,9032,1698,-2204,1093,-137,-2336
-1076,-9138,11128,-326,1037,-285,-2304
-8040,1600,11922,1788,-1886,243,-2320
10556,10514,-8708,-4284,2134,-696,-2320
-8686,-7480,24528,5835,-3298,-628,-2304
918,-7472,6976,-4298,2665,-54,-2304
2880,5718,1540,1857,-1144,147,-2288
656,-5906,24412,1701,-810,-167,-2320
610,-3444,5122,-4167,3636,107,-2320
242,4050,4462,3600,-2590,88,-2304
5282,7586,1572,-2737,1598,-269,-2272
-4446,-8876,12102,673,245,-160,-2288
-5772,8492,15132,2158,-2840,16,-2320
12570,264,-11348,-5452,3868,-802,-2304
-2890,4666,4534,4910,-3076,-576,-2304
-4094,-12148,31406,31,236,304,-2336
9274,12108,-9368,-2861,1770,282,-2320
1602,-1328,18336,3271,-1805,-336,-2320
-6242,-9384,19922,-2926,2523,324,-2304
2344,8758,3072,1306,-1044,156,-2304
3764,2776,6080,-2178,1445,-382,-2320
-6928,-6052,12328,1149,-519,-55,-2320
2034,14398,5760,1960,-3226,-249,-2320
8872,-10694,-640,-3528,3784,-623,-2304
4162,12550,-5860,359,-728,-320,-2304
-4528,-6186,29698,4393,-2768,193,-2304
7020,12132,-4300,-4717,2976,160,-2288
5850,4702,-1048,1142,-114,-441,-2320
-9240,-11266,26462,1314,-616,181,-2320
3004,8274,1854,-1041,336,96,-2336
1928,-2558,7972,-1145,1107,-490,-2336
-7488,-4368,10590,1520,-1272,305,-2320
10192,10804,-8802,-3061,924,-750,-2320
-9792,-9100,26460,4832,-2389,-583,-2336
2672,-5168,2906,-4929,2832,-95,-2304
1704,2734,5934,3287,-1930,-148,-2336
-480,-5440,22826,-189,188,161,-2288
3796,-2230,272,-4059,3736,-136,-2320
-7620,-8324,18342,3883,-2681,107,-2304
3404,7406,3184,-2094,930,-128,-2336
-1670,-7624,9850,-425,965,-282,-2288
-8472,-2684,10868,1999,-2192,153,-2352
11078,2092,-10572,-5084,3096,-737,-2320
-3608,3044,8632,6112,-3885,-832,-2304
3730,3128,-6282,-3791,2510,-242,-2320
6680,9206,-4540,675,-314,159,-2320
8094,4778,-4094,2379,-1197,-352,-2320
-2310,-7642,13132,-848,1096,157,-2288
756,6338,3466,430,-637,139,-2304
3102,-1300,5272,-1727,1158,-436,-2304
-4544,-8088,11718,999,-242,9,-2320
-1374,13254,7952,765,-2393,-445,-2320
-1660,-18344,24732,141,1241,-527,-2352
4286,10180,-7632,-1838,816,-414,-2304
-6262,-9242,32767,4624,-3012,-191,-2304
2708,3048,3886,-3866,2378,288,-2288
9044,2910,-9052,-270,971,-402,-2320
-8724,-9702,23480,1682,-919,220,-2304
1984,7558,2118,-1197,385,92,-2336
2334,-5280,5660,-1843,1628,-439,-2304
-6648,8846,13262,2379,-3143,147,-2304
-6714,-13880,28198,5516,-3044,-908,-2352
2384,1094,-3338,-3794,2423,-185,-2304
7686,9784,-5672,1641,-1074,207,-2320
2410,-890,19858,1689,-921,-104,-2320
5308,-746,-3902,-4194,3793,-158,-2336
-2650,-272,7548,3180,-2311,277,-2304
4456,5772,5012,-2102,1091,-271,-2336
-558,-9196,10098,257,631,-169,-2320
-7952,3324,11918,2050,-2791,114,-2320
9654,-8364,-1440,-5082,3555,-690,-2304
2730,9624,-3046,4599,-2807,-798,-2304
-22,-7540,11050,-1256,903,299,-2320
7038,12436,-3456,-1627,956,246,-2320
5290,1994,6446,2353,-1089,-382,-2352
-748,-3814,7694,-2764,2422,292,-2304
-90,4106,5334,1680,-1338,259,-2304
3520,36,4904,-2516,1548,-411,-2288
-4716,-9516,12430,1443,-571,-65,-2320
-4980,10198,13492,1767,-2893,-61,-2304
3794,-15874,14302,-3493,3539,-630,-2304
-1294,5246,2692,1993,-1551,-394,-2288
-4642,-11622,31126,2918,-1808,182,-2288
4486,7492,582,-4348,2714,281,-2320
7284,3886,-7406,1673,-503,-410,-2304
-6576,-8540,19308,280,106,229,-2304
2480,8488,2416,-413,-111,92,-2336
1610,-5958,8174,-2056,1652,-457,-2288
-7320,-5476,12134,1482,-1020,156,-2288
1482,14146,7170,749,-2433,-429,-2336
-4696,-19372,30992,266,1410,-482,-2272
3708,12218,-5190,-2279,858,-290,-2352
-4946,-6154,30586,5441,-3685,20,-2320
2086,-2318,10846,-4189,2722,83,-2304
6912,2818,-6794,-925,1474,-328,-2304
-9108,-12230,25190,3210,-2156,247,-2336
4240,9464,270,-2019,959,-64,-2352
-758,-8150,9746,-638,1086,-370,-2320
-7440,-2816,9564,1136,-933,270,-2304
9870,11930,-8456,-2036,-66,-586,-2304
-10090,-11000,28834,4826,-2260,-701,-2304
4614,13444,-7222,-5156,2780,-73,-2352
1648,3764,4828,3987,-2453,-93,-2320
-150,-6556,23766,-120,213,-145,-2320
3600,-1768,638,-3608,3365,-36,-2336
-7542,-8242,19410,4025,-2809,129,-2304
4436,6990,1448,-2726,1487,-107,-2304
-2262,-7214,9420,26,604,-274,-2288
-8180,-3124,10792,2043,-2207,149,-2320
12218,2474,-12392,-5072,2961,-749,-2304
-4598,3578,7982,6341,-4056,-689,-2304
3308,2942,-6148,-3764,2392,123,-2320
7518,9944,-6610,177,29,140,-2288
282,-2634,23564,2984,-1925,17,-2320
-2434,-7916,13994,-4632,4141,-71,-2304
-3570,-1484,7172,2978,-2116,176,-2304
3304,4970,6496,-2058,1045,-199,-2320
-4706,-7460,11572,156,618,-153,-2320
-9358,1120,14528,2611,-3198,143,-2304
9576,-7376,-3302,-5126,4005,-617,-2304
3608,10966,-3712,3705,-2448,-773,-2304
870,-7652,9504,239,175,179,-2320
1928,1306,5726,-4167,2524,329,-2320
9936,4208,-10420,-1211,1630,-365,-2336
-7104,-6510,14230,3091,-1927,176,-2304
1838,7350,2612,-1902,871,64,-2336
2700,-4580,4052,-1373,1347,-453,-2320
-9324,-2350,12146,2226,-1603,176,-2352
6686,13152,-3802,-2552,241,-594,-2304
-7408,-13828,28742,4485,-2094,-723,-2336
2736,442,-3306,-4892,2804,-195,-2288
-2720,-2416,17372,4315,-2868,-137,-2320
1686,-3130,14772,-639,479,-6,-2288
5644,-162,-3534,-3508,3480,-63,-2336
-9420,-9470,21886,3780,-2700,241,-2320
3626,-2186,3742,-2050,1378,-448,-2320
-9248,-3746,11904,1775,-1005,101,-2304
10242,7872,-8746,-4327,2173,-644,-2304
-7038,-3850,18540,5662,-3305,-691,-2304
176,-8282,10884,-3602,2276,-129,-2336
3280,5586,1074,1538,-1029,189,-2320
1262,-3790,23208,1571,-769,-202,-2288
-298,-4716,8126,-3864,3543,82,-2336
498,4306,4912,3316,-2389,290,-2304
4952,8232,3498,-2397,1282,-286,-2304
-4472,-9822,12888,401,536,-100,-2320
-5578,9618,13380,1913,-2754,59,-2288
10994,-536,-8040,-4798,3428,-840,-2336
-1372,4766,4632,4471,-2780,-720,-2304
-4720,-11592,30766,-852,715,253,-2320
4758,8510,1048,-4192,2592,264,-2320
7812,3100,-6892,1665,-476,-358,-2336
-6260,-8520,19136,287,80,190,-2336
2310,7978,2156,-45,-261,121,-2288
1744,-5224,7060,-2336,1818,-420,-2320
-7976,-6678,12676,1714,-1126,116,-2352
1696,14224,6474,783,-2499,-499,-2304
-4326,-19200,30350,287,1441,-671,-2304
3872,12462,-5926,-2461,943,-304,-2320
-5104,-5738,30790,5576,-3719,-86,-2288
2500,-2352,11662,-4125,2665,114,-2304
6952,2506,-6774,-959,1526,-334,-2304
-9290,-11772,25388,3188,-2135,215,-2304
3858,9640,930,-2050,996,9,-2320
-852,-8884,9836,-810,1173,-439,-2288
-7666,-3282,10034,1389,-1170,268,-2304
9962,12116,-8130,-1998,-61,-657,-2336
-9898,-10774,29412,4684,-2058,-465,-2304
3994,13188,-6242,-5116,2727,-193,-2320
1854,4052,5798,4106,-2542,-202,-2320
256,-6698,23764,-863,709,-80,-2336
2776,-1572,468,-3737,3420,-117,-2304
-7732,-8170,19482,4005,-2737,163,-2288
4552,7140,956,-2726,1460,-115,-2320
-2826,-7458,9768,226,486,-255,-2320
-8078,-3020,10670,2058,-2326,118,-2320
12394,1650,-13126,-5423,3339,-773,-2368
-3974,4170,5058,6182,-3946,-693,-2304
-2632,-12382,28856,385,80,16,-2288
4306,9004,-342,-3401,2133,271,-2320
402,-2148,21948,3366,-2068,-451,-2304
-3732,-8280,15762,-2510,2370,295,-2304
1532,7244,3922,840,-757,239,-2304
3730,4442,6220,-1684,966,-417,-2320
-5302,-6830,12084,882,-168,3,-2320
-32,12912,7366,1575,-2926,-315,-2304
8564,-8200,-946,-2981,3194,-401,-2288
4106,10822,-4064,495,-760,-464,-2320
-5398,-8318,31976,3672,-2269,-88,-2320
1982,900,5294,-4178,2584,250,-2352
5210,3098,5538,1247,-245,-373,-2304
-8778,-10638,24986,838,-192,224,-2304
2456,7920,1992,-489,-53,134,-2320
3140,798,6272,-1563,1259,-453,-2320
-7880,-5796,12348,1276,-662,135,-2304
7790,12164,-5310,-341,-1489,-470,-2336
2780,-16564,16180,1350,432,-590,-2320
5560,13550,-7142,-4348,2296,-330,-2336
-1462,184,11656,4856,-3256,-64,-2336
658,-4464,18362,-1896,1247,76,-2304
9340,4696,-8240,-2603,2738,-248,-2288
-9336,-9684,21292,3795,-2639,134,-2320
3594,7518,2852,-1962,847,23,-2304
3078,-2968,4622,-1318,1511,-411,-2320
-9374,-3794,12080,2120,-1735,277,-2320
10912,6074,-10068,-3541,1247,-605,-2352
-5646,-1366,15274,5762,-3483,-999,-2304
-1150,-10002,17548,-2894,1982,-87,-2304
4762,7506,-2254,583,-399,260,-2288
1212,-3256,23964,2228,-1237,-110,-2320
-5658,-4396,12344,3841,-2782,233,-2320
4714,7522,4464,-2255,1173,-263,-2304
-9408,-5612,12830,1725,-964,84,-2272
-4144,11136,11664,501,-2286,-358,-2320
2494,-17140,17350,37,1467,-633,-2352
3672,11750,-5750,-2463,1186,-334,-2320
-78,2082,10148,4835,-3349,-149,-2304
4258,6284,2686,-3609,2251,90,-2336
8100,2524,-7892,-1281,1813,-331,-2304
-7796,-7956,17612,2573,-1731,388,-2288
2218,8046,2436,-1501,638,-17,-2320
2176,-5422,6580,-1722,1740,-446,-2336
-8646,-2332,10162,2102,-1685,270,-2272
3946,13674,2634,-1769,-401,-592,-2320
-5518,-16728,29578,3762,-1294,-635,-2320
2454,5156,-5100,-4448,2384,-173,-2304
7006,9792,-6092,4731,-3149,-56,-2336
3174,-2694,12602,-1040,958,-60,-2304
5248,646,-4912,-3243,3199,-59,-2320
-3936,-1564,10686,4068,-2860,256,-2320
4532,9514,926,-2611,1357,-139,-2304
-1518,-9534,10588,-5,758,-269,-2304
-7992,1086,12306,1716,-1987,208,-2304
10738,10268,-9608,-4462,2351,-797,-2320
-8876,-7642,24354,6048,-3512,-687,-2320
1004,-7340,6960,-4134,2427,69,-2304
3550,5702,1808,1690,-988,35,-2320
474,-6460,25594,1797,-762,-125,-2320
200,-2912,5670,-4164,3543,168,-2320
486,4286,4378,3260,-2314,220,-2320
5098,6540,1582,-2751,1627,-308,-2304
-4298,-7518,11002,871,-43,-170,-2336
-5810,9334,16160,2245,-2843,121,-2288
12144,-234,-11720,-5530,4268,-608,-2320
-1848,5832,2210,4799,-3104,-600,-2304
-4164,-12736,32767,621,-69,95,-2336
8810,12702,-7164,-2961,1896,300,-2320
1504,-796,17828,3160,-1749,-176,-2320
-5518,-8530,18430,-2246,2025,77,-2320
2124,7746,2482,1472,-1217,227,-2304
3854,3060,5148,-2169,1463,-360,-2336
-6654,-5796,11932,1175,-482,-1,-2304
2634,14122,4360,1306,-2849,-313,-2304
7882,-11218,2494,-1990,2765,-514,-2320
4942,12694,-5794,-987,30,-380,-2288
-4548,-5918,27378,4044,-2490,26,-2272
1560,-1546,9310,-4283,2722,218,-2336
6352,3598,784,631,247,-406,-2336
-9026,-10554,24848,1026,-389,125,-2320
2970,8438,1616,-1022,354,56,-2320
2642,-1118,6872,-1483,1285,-402,-2336
-7988,-5008,12110,1393,-896,205,-2336
10504,9924,-9980,-728,-1265,-424,-2320
-460,-19548,24048,3156,-721,-654,-2320
4892,12474,-7564,-4974,2680,-220,-2320
2016,4632,2440,5025,-3274,-226,-2336
1974,3176,4200,-2477,1569,157,-2352
10086,5398,-10270,-2729,2704,-166,-2320
-8106,-8256,17478,3884,-2600,238,-2320
3160,6172,3852,-2257,1106,34,-2320
2406,-3580,4506,-977,1205,-393,-2272
-9734,-3176,12938,2387,-2024,269,-2336
11492,1656,-10862,-3974,1619,-704,-2288
-3012,4124,6342,5657,-3571,-663,-2320
-3300,-11586,27902,-1825,1404,63,-2320
7034,9760,-4606,-405,320,262,-2304
1460,-1596,22220,2856,-1743,-114,-2304
-3556,-7670,15134,-4249,3830,24,-2320
-3904,-1554,7786,2476,-1821,267,-2352
3576,5850,6756,-1712,841,-342,-2320
-5104,-9514,13112,182,599,-151,-2336
-444,13440,6206,2075,-3139,-109,-2336
8636,-7312,-308,-4175,3519,-783,-2320
3752,9658,-2312,2626,-1736,-716,-2352
-5960,-8622,31660,1822,-1039,-32,-2320
6974,11358,-2320,-3001,1835,303,-2336
8594,2380,-8636,-3705,3633,-132,-2288
-6786,-6074,14566,3792,-2719,185,-2304
4158,8374,5046,-1819,785,-180,-2304
-3114,-10230,12928,-353,1135,-201,-2304
-6298,8308,12458,1953,-2529,127,-2272
10566,1404,-7918,-4727,3119,-694,-2336
-2006,3108,7464,5206,-3088,-817,-2320
-3588,-10966,25898,-1855,1304,197,-2320
7022,9714,-5000,-1201,637,286,-2320
2448,-1892,20374,2085,-959,-304,-2336
-5218,-7512,16630,-2708,2428,448,-2304
-3196,-838,10454,2413,-1844,175,-2320
5360,5556,3368,-2760,1772,-338,-2320
-7396,-7540,13200,1305,-317,-82,-2272
-934,12794,10236,1832,-2854,-199,-2336
10680,-6950,-3944,-4146,3749,-688,-2304
1992,9596,-2770,3071,-2092,-676,-2320
-5844,-8904,32767,2087,-1240,59,-2288
7932,12946,-5312,-3959,2407,222,-2272
4440,1748,6536,2309,-1001,-383,-2336
-8326,-10616,22712,-1000,1051,321,-2320
3476,10390,1502,-1304,478,36,-2320
-454,-8482,10750,-1589,1575,-395,-2304
-7494,-3662,9940,1222,-988,251,-2272
7164,13960,-3082,55,-1793,-597,-2352
-9280,-15136,32767,2416,-87,-598,-2288
4982,15312,-7826,-4988,2503,-177,-2320
-1070,1436,12958,5477,-3543,-283,-2304
594,-7544,22134,-1886,1327,199,-2336
8584,5176,-8956,-2581,2685,-309,-2320
-9002,-9856,23362,4047,-2798,190,-2288
4460,7838,112,-2850,1512,-97,-2320
-1880,-8200,9566,-175,787,-353,-2304
-7732,-3492,9742,1648,-1580,229,-2336
12796,7024,-13148,-3566,1382,-687,-2320
-7914,-1630,15764,5907,-3348,-440,-2352
3324,8094,-6374,-5036,2896,-223,-2336
6284,8798,-5340,2423,-1379,39,-2304
6038,4228,-250,1204,-196,-420,-2320
-9130,-10964,26408,3291,-2179,169,-2320
2746,8302,2002,-2217,1068,-37,-2320
288,-7294,8376,-403,902,-373,-2288
-8516,-500,12902,1738,-1597,225,-2320
10184,11140,-8944,-3630,1463,-619,-2304
-10142,-9928,27424,5867,-3418,-422,-2336
2610,-5066,2596,-5030,2984,-263,-2352
1228,2478,5806,2728,-1569,59,-2320
-442,-5964,23040,613,-317,41,-2336
4386,-1234,-1056,-4502,4058,1,-2304
-8140,-8288,19280,3884,-2707,160,-2352
3712,6814,2468,-2192,1067,-156,-2288
-1304,-7754,9240,-67,790,-268,-2320
-7852,6478,15204,2083,-2371,108,-2336
11398,3284,-10970,-5352,3404,-667,-2336
-4742,2772,9508,5686,-3650,-867,-2336
-1928,-12104,25288,-2494,1779,156,-2320
6358,8906,-4834,-850,536,275,-2320
246,-2976,24746,2866,-1758,-402,-2336
-1628,-7006,11436,-4272,3779,-52,-2304
-4536,-3032,9302,3068,-2226,255,-2320
3544,5850,6026,-1989,1016,-313,-2288
-4128,-8112,11482,198,596,-145,-2352
-2432,12856,9478,2418,-3289,208,-2336
9378,-6106,-3122,-4210,3574,-528,-2336
3616,9912,-2412,3213,-2099,-593,-2320
-6218,-9462,32767,1563,-712,149,-2320
7140,11790,-1830,-2960,1799,351,-2336
4854,2614,9674,1179,-172,-339,-2320
-8562,-10462,24720,1000,-316,180,-2288
2034,7388,1852,-972,274,132,-2320
2784,-4702,4578,-1930,1468,-420,-2304
-8446,-7308,13404,1787,-1058,166,-2304
5474,13230,-1442,-810,-1268,-383,-2304
-6286,-15044,28216,1600,284,-675,-2320
4962,12470,-6130,-3732,2021,-233,-2320
5220,9558,650,-3930,2397,308,-2304
5840,-136,-4192,-3725,3646,-67,-2320
-3772,-1608,10290,3576,-2617,214,-2320
4964,6872,4110,-2249,1084,-212,-2304
-540,-9130,10286,-148,955,-206,-2304
-8636,2380,12168,2234,-2725,93,-2336
10164,-7052,-2442,-4970,3150,-785,-2288
-7464,-5054,21126,5312,-3235,-757,-2320
478,-6402,8456,-2611,1756,215,-2304
7686,11960,-4238,-645,358,273,-2336
1192,-4540,22562,2246,-1183,-436,-2320
200,-4422,5810,-3374,3014,117,-2320
208,4166,4978,2192,-1645,317,-2288
3966,1230,4608,-2463,1462,-334,-2304
-4280,-9538,12544,1187,-286,-104,-2304
-6030,8680,14610,1957,-2919,-263,-2320
5236,-15776,10886,-4686,4069,-536,-2320
-2876,4120,4754,3640,-2402,-743,-2304
-3874,-12154,29960,1643,-857,30,-2304
4834,9224,-44,-4140,2508,282,-2336
1750,-1724,19508,2595,-1194,-338,-2320
-5690,-8388,18122,-1049,1124,425,-2288
2384,8340,2886,651,-742,67,-2304
1674,-5438,7902,-2165,1559,-439,-2304
-7008,-6294,12294,1392,-800,24,-2320
954,13944,7930,1386,-2837,-324,-2352
-3824,-19152,29774,-1194,2432,-594,-2288
3424,11694,-5030,-882,-62,-291,-2304
-4934,-7264,32126,4893,-3248,132,-2336
2234,-1518,9340,-4542,2959,63,-2320
5112,3598,1038,179,626,-372,-2288
-8942,-11786,25634,2372,-1413,262,-2320
3564,9740,1150,-1430,579,35,-2304
2232,-1970,8188,-1290,1304,-404,-2320
-7232,-3766,9954,1125,-866,240,-2320
9066,12774,-7352,-1038,-987,-525,-2352
-9902,-12760,30570,3857,-1243,-451,-2320
5266,14938,-7652,-4985,2461,-200,-2304
9660,13442,-8682,-4158,2616,287,-2320
2032,1022,12808,2357,-1125,-494,-2352
-7108,-11534,23880,342,248,229,-2320
2406,9382,2208,-1018,327,135,-2320
988,-5062,7806,-994,933,-441,-2288
-6382,-5064,11058,781,-481,163,-2304
4472,14212,456,209,-1994,-322,-2304
-7708,-18746,32767,945,903,-567,-2352
6124,14860,-7134,-3892,1830,-258,-2288
-3676,-3542,22424,5248,-3385,-135,-2288
450,-4068,13364,-3312,2116,221,-2336
7682,5248,-3784,-940,1385,-399,-2288
-9958,-11410,27632,3073,-1887,253,-2320
2938,7472,1198,-2202,1087,35,-2320
726,-6204,6724,-798,955,-359,-2304
-8292,-5484,11974,1760,-1293,229,-2304
11040,8996,-11242,-3273,1019,-727,-2304
-8438,-5274,21536,5112,-2689,-474,-2320
4780,11336,-7990,-5269,3176,-300,-2320
2642,4880,8,3819,-2440,-47,-2304
-58,-5070,24344,170,-150,104,-2304
10290,4442,-10700,-4248,3984,-232,-2320
-7680,-7146,15290,4143,-2887,124,-2320
3368,7010,4638,-2008,900,-79,-2320
-1540,-8620,10432,-970,1448,-275,-2336
-10136,-2334,13108,2727,-2761,180,-2304
11012,122,-9156,-5014,2776,-682,-2288
-1352,4996,4666,5735,-3499,-889,-2320
2298,510,-3036,-2892,1962,34,-2320
7442,10394,-4968,695,-486,113,-2336
2852,-338,18942,2146,-1219,-438,-2304
5494,-676,-3686,-4165,3831,296,-2288
-3034,-324,7820,2870,-2082,246,-2320
4498,6054,5412,-1920,927,-296,-2320
-7178,-9444,14232,284,631,-126,-2304
-8342,3944,11886,1966,-2918,203,-2304
8716,-8566,1044,-4598,3489,-605,-2288
182,-7688,11194,-3404,2120,130,-2304
6636,11872,-2874,-114,-45,261,-2352
1632,-3608,22056,2018,-989,-282,-2352
-558,-5024,8478,-2871,2684,329,-2320
322,4288,5186,1915,-1491,192,-2320
3984,872,3448,-2415,1379,-335,-2336
-4866,-9738,13040,1205,-293,-97,-2336
-5202,9562,13410,1629,-2757,69,-2336
4008,-16202,14228,-836,2030,-475,-2320
3742,13044,-5406,-1550,536,-289,-2288
-1504,872,15004,4537,-3148,-86,-2304
4612,8042,1174,-4157,2664,105,-2304
7578,2914,-7202,81,830,-420,-2320
-8082,-8898,19694,2113,-1329,347,-2320
2244,8476,2318,-1058,326,52,-2304
1606,-5692,7142,-1795,1747,-422,-2336
-7864,-2558,8926,1687,-1290,243,-2304
2086,13824,6068,-909,-1125,-593,-2320
-4144,-18556,29236,3144,-769,-529,-2288
2784,7658,-6780,-4409,2224,-259,-2336
6224,8850,-5446,5097,-3339,38,-2304
2896,-1252,9714,-1681,1321,113,-2336
6554,1934,-6818,-2611,2700,-127,-2352
-4942,-3500,13182,3880,-2764,220,-2320
4016,10104,542,-2687,1397,-117,-2272
-1308,-9058,10656,-27,699,-245,-2304
-8248,-542,12390,1558,-1553,273,-2320
10428,12144,-9272,-4238,2017,-756,-2352
-9898,-9822,28444,6353,-3735,-676,-2320
1116,-7090,5450,-4614,2721,-53,-2272
2640,5556,2326,2109,-1160,11,-2320
-66,-7334,26196,1882,-1003,37,-2288
2004,-2174,1970,-4612,3949,-6,-2352
-200,3288,4034,3549,-2509,217,-2320
5008,6954,730,-2751,1605,-260,-2304
-3172,-7466,10386,737,144,-162,-2304
-7056,7918,16866,2330,-3383,9,-2320
-3876,4066,4450,3878,-2594,-662,-2304
-3194,-12678,30182,2498,-1319,-51,-2288
4730,9160,-594,-4480,2780,300,-2288
8160,5566,-6368,2305,-1108,-439,-2320
-3928,-8450,15942,-121,546,311,-2320
1614,7212,3602,-677,178,148,-2320
1886,-3318,7522,-1253,970,-476,-2304
-5188,-6450,11492,1000,-466,82,-2288
1392,13928,5364,274,-1973,-315,-2352
-4830,-19228,30028,1266,616,-575,-2352
4132,8562,-6992,-2951,1304,-181,-2304
-5252,-7618,30782,5152,-3357,-116,-2304
1230,-828,7298,-3221,2002,231,-2304
9580,4340,-9664,-1083,1519,-274,-2288
-9580,-11492,27750,3068,-1905,216,-2320
2206,7390,2528,-1665,719,56,-2336
2106,-5236,5608,-1185,1229,-436,-2304
-8052,-5748,12862,1731,-1198,198,-2320
7984,11684,-5796,-2447,244,-603,-2320
-8534,-11544,27360,4642,-2273,-723,-2320
2832,-1888,-1332,-4840,2791,-198,-2304
-1102,2,12178,4149,-2721,-27,-2336
872,-3544,17518,-1348,865,75,-2320
4994,-1310,-1604,-3472,3425,-132,-2320
-8918,-9468,20266,3856,-2742,269,-2320
3738,7660,2634,-1977,887,-49,-2304
-814,-8310,9958,-74,865,-260,-2320
-8538,4568,14216,2184,-2745,81,-2320
7712,-10522,3348,-4995,3498,-717,-2320
-5828,-1062,14972,5200,-3250,-866,-2336
-874,-10220,17922,-1121,944,123,-2336
6180,11574,-1118,-1063,655,268,-2320
828,-2800,23966,2564,-1501,-476,-2320
-880,-6320,9838,-2835,2610,1,-2320
572,4892,3800,1989,-1528,269,-2304
4082,7284,5360,-2007,1104,-315,-2352
-4106,-9166,12158,672,216,-109,-2320
-4368,11392,11678,1895,-3057,21,-2320
-7844,-10300,25944,5224,-2743,-556,-2304
1748,-3274,1086,-1770,1281,-126,-2320
7720,11562,-4366,-2031,1194,426,-2336
3806,240,15210,2489,-1296,-326,-2304
-7374,-9182,21252,-2522,2342,339,-2320
-1788,1488,7462,1390,-1156,291,-2320
4686,5016,3942,-2347,1399,-354,-2304
-8388,-7914,14044,1419,-450,23,-2336
-7566,5898,12680,1601,-2824,-11,-2320
8152,-11444,3202,-3225,3365,-465,-2288
3238,10982,-4276,1117,-1015,-454,-2352
-5018,-5418,28694,2678,-1725,218,-2336
6566,11610,-2218,-4094,2537,212,-2304
6370,2954,276,1585,-387,-469,-2320
-9020,-10624,22808,213,175,385,-2320
1428,5886,3702,-441,-18,143,-2320
3154,-1318,5342,-2118,1627,-465,-2336
-8600,-4394,11814,1805,-1186,119,-2336
-3218,12198,12410,481,-2242,-216,-2320
1198,-18392,20622,362,1372,-590,-2320
3346,12162,-5094,-2918,1343,-228,-2320
1638,4276,6770,5339,-3643,39,-2304
3736,4206,3324,-3586,2345,132,-2304
7918,3758,-8636,-894,1512,-278,-2320
-7306,-7498,18274,3027,-1969,257,-2320
2938,9282,2158,-2018,917,-2,-2320
694,-7172,8686,-949,1229,-389,-2336
-7298,-2360,8554,1329,-1176,275,-2304
4408,14182,2096,-1674,-359,-581,-2320
-7396,-17866,32767,4411,-1785,-519,-2320
2966,4366,-5714,-5064,2699,-101,-2288
8174,10364,-8360,4310,-2636,-235,-2304
1148,-4978,15580,-359,481,151,-2336
6620,2104,-5554,-3578,3344,-151,-2320
-3536,-1506,9094,4236,-2932,55,-2320
3756,8542,826,-2739,1458,-70,-2304
-744,-7804,8572,53,607,-274,-2304
-8626,1096,14592,1842,-2022,195,-2336
-2476,-19610,26956,-117,1617,-448,-2288
4480,11808,-7876,-3768,1686,-294,-2304
3526,5340,-1006,5028,-3167,-154,-2320
1502,1086,5232,-2698,1701,124,-2304
9144,4832,-9116,-2246,2376,-277,-2304
-6864,-6980,16198,3700,-2503,162,-2336
2348,8546,2020,-2161,985,3,-2320
1366,-5900,7394,-727,1109,-344,-2320
-8850,-2200,11748,1701,-1393,230,-2304
11474,90,-10012,-3492,1250,-714,-2336
-8800,-14484,30626,5360,-2911,-679,-2288
3392,-166,-4478,-5160,3118,-119,-2320
7166,10744,-4994,2957,-1792,99,-2320
360,-4480,15952,372,-280,42,-2336
6918,1052,-5396,-4423,4041,-52,-2336
-3260,-898,7610,4129,-2870,242,-2320
3508,7676,1290,-2444,1204,-86,-2320
30,-7156,7986,-289,942,-221,-2352
-9544,3846,15372,2600,-2769,184,-2336
11656,6068,-11452,-5297,3170,-730,-2288
-6884,-1360,15616,5756,-3610,-925,-2320
-212,-9644,15582,-2365,1727,-81,-2320
6248,11400,-652,88,-35,217,-2336
2,-3740,24892,2733,-1737,-191,-2304
1002,-5656,6242,-3992,3669,-29,-2304
182,4806,4258,2694,-1950,258,-2320
3602,7172,5450,-1799,912,-277,-2352
-2884,-9462,11698,171,693,-170,-2304
-5218,10684,11804,2162,-3111,-202,-2336
10498,-1646,-7056,-4595,3666,-402,-2320
350,6092,2346,3260,-2110,-598,-2320
-5120,-10910,31062,1170,-595,-48,-2320
4148,6942,1500,-2518,1504,355,-2304
3520,-34,16718,2104,-924,-370,-2272
-6560,-8654,19920,-1867,1818,96,-2352
1766,6962,2762,815,-860,293,-2320
4512,5164,4726,-2147,1394,-470,-2320
-7890,4964,12386,2166,-2415,136,-2288
8244,-9792,2714,-4832,3209,-650,-2336
3148,10034,-3044,-963,249,-342,-2304
-5052,-6906,28642,4318,-2937,109,-2304
3878,1044,6346,-3792,2402,153,-2336
5618,2360,3514,-249,976,-370,-2320
-8906,-9552,21404,2111,-1346,319,-2320
3294,8800,2232,-1239,411,-2,-2320
172,-8638,9676,-1793,1733,-404,-2304
-8616,-4086,11454,1811,-1349,210,-2336
8388,12760,-4880,-1099,-919,-568,-2320
-8408,-11790,28700,3210,-817,-504,-2320
3708,13108,-5904,-4688,2442,-140,-2352
-44,2490,10406,4974,-3297,-170,-2336
1506,-5748,21104,-1611,1242,3,-2304
7786,3438,-8332,-2702,2811,-119,-2288
-7830,-8440,19364,3803,-2746,272,-2320
5508,8634,106,-2479,1195,-96,-2304
-3952,-9438,12268,-16,803,-305,-2272
-6948,-2020,7644,1261,-1485,265,-2304
12590,6456,-12936,-3531,1489,-694,-2320
-6988,-898,14038,6163,-3514,-643,-2288
3042,6146,-7320,-4940,2893,-105,-2336
7572,10222,-8684,-1233,797,246,-2320
-36,-5170,25358,3313,-1975,-201,-2320
-2738,-6154,12124,-3661,3010,266,-2320
2062,7654,2752,2638,-1942,161,-2336
4520,4580,3322,-2629,1677,-321,-2336
-5172,-6004,11096,1061,-286,-68,-2304
-2322,12772,12584,2579,-3420,-158,-2320
11008,-5954,-7698,-4457,4101,-424,-2320
2424,11022,-4674,2431,-1828,-512,-2304
-5486,-10180,32767,3003,-1649,114,-2272
8314,13080,-4938,-4359,2688,347,-2320
4008,2600,7758,2590,-1333,-426,-2320
-8398,-11154,26530,-367,740,217,-2320
2566,8374,2654,-117,-167,229,-2336
2776,772,7574,-1562,1178,-443,-2304
-7376,-5206,11798,1144,-562,72,-2288
6798,13068,-3240,752,-2428,-428,-2288
4372,-15866,11640,280,1380,-569,-2320
5572,14278,-6626,-3063,1318,-254,-2320
-2574,-1258,17526,5278,-3449,-69,-2320
438,-5698,17570,-3575,2244,188,-2304
8690,5218,-7112,-1275,1693,-266,-2336
-9688,-10512,24822,2754,-1658,248,-2288
3516,7710,1246,-1975,933,69,-2352
2176,-3234,7480,-735,971,-384,-2320
-8414,-4352,11392,1540,-1136,186,-2304
11516,6604,-11934,-2880,677,-659,-2304
-4780,-18824,30050,4616,-2160,-561,-2320
4024,8398,-6612,-5101,2944,-226,-2320
4726,6348,-2618,3649,-2267,-85,-2320
-380,-4048,25408,-398,242,2,-2304
9304,3632,-8962,-4151,3878,-117,-2304
-6066,-5366,12644,4088,-2847,35,-2288
3532,6658,5292,-1997,873,-103,-2320
2088,-5196,5650,-920,1358,-295,-2336
-9360,-1206,12188,2317,-2264,212,-2304
10068,-2372,-7002,-4999,2806,-684,-2336
-8120,-10870,26436,5994,-3650,-999,-2320
2434,-3214,-328,-3549,2368,39,-2288
7596,11674,-4446,1241,-867,83,-2304
3026,614,16450,2136,-1258,-358,-2336
4786,-1300,-1908,-4563,4125,294,-2320
-2026,1434,6402,3585,-2576,136,-2288
4024,4788,6824,-2075,1068,-275,-2320
-248,-8440,9048,-165,974,-153,-2304
-8766,5398,14310,2370,-3122,155,-2304
7532,-10690,4920,-4834,3435,-647,-2320
-4516,-582,13484,4243,-2592,-842,-2288
-1694,-9430,18124,-972,812,137,-2336
5834,11360,-590,-1720,1017,319,-2336
1668,-2338,22422,2206,-1198,-488,-2320
-2150,-6672,11830,-2274,2154,94,-2320
776,5180,3964,1384,-1200,314,-2352
4026,176,3218,-2407,1461,-397,-2304
-5278,-9896,13102,1302,-368,-95,-2304
-3648,11652,11362,1464,-2850,-117,-2304
2118,-17704,18678,-2324,2866,-774,-2336
3520,11412,-6180,-224,-213,-472,-2336
-5986,-10810,32767,4387,-2960,-168,-2304
4092,5846,3010,-4264,2591,201,-2320
8012,2630,-8534,414,532,-407,-2320
-7872,-9778,21400,1172,-560,208,-2336
2504,8674,2298,-920,270,130,-2336
1574,-6218,7438,-1966,1804,-429,-2304
-8628,-6302,12922,1963,-1417,175,-2320
4480,14096,2506,-621,-1304,-563,-2352
-6176,-17390,31088,1449,623,-678,-2304
2442,4838,-5164,-3716,1784,-106,-2336
-3800,-4040,26106,5323,-3515,-51,-2336
2784,-2806,12664,-2950,1978,34,-2288
5640,934,-5264,-2064,2410,-268,-2320
-8656,-10500,22984,3177,-2186,229,-2304
3886,9544,1306,-2169,1045,-62,-2336
-1338,-9374,10624,-646,1101,-346,-2320
-7418,-3216,9438,1465,-1364,262,-2288
10634,10656,-10104,-3393,1264,-675,-2288
-9468,-7498,24472,5377,-2712,-717,-2304
3620,11850,-6304,-5091,2868,-50,-2320
3736,6506,402,3271,-1893,-24,-2320
-294,-6778,27468,1009,-377,-164,-2320
940,-3402,3984,-4739,4073,-56,-2288
-6804,-6614,15848,4201,-2912,27,-2336
4774,6562,1710,-2717,1464,-231,-2304
-3658,-7400,10736,359,483,-270,-2320
-7958,-1622,10058,1873,-2246,150,-2288
12248,1322,-11754,-5280,3267,-725,-2304
-3234,3732,5114,6103,-3795,-727,-2336
3040,696,-4222,-3048,1985,157,-2352
8456,11532,-7898,-669,460,167,-2320
746,-2050,20640,2920,-1723,-139,-2320
-4558,-8118,16506,-4117,3513,350,-2336
-2826,-360,7996,2809,-2039,169,-2304
3860,3482,5604,-2480,1448,-309,-2320
-5796,-5876,11458,977,-347,55,-2288
1388,13868,5744,1271,-2770,-392,-2288
-5002,-19294,30240,-558,1884,-546,-2320
5066,12638,-5140,-2333,828,-267,-2320
-5014,-6512,29900,4608,-2948,97,-2336
1138,-1114,8104,-4060,2477,186,-2304
5988,3446,1930,317,391,-394,-2320
-9278,-10948,26208,2041,-1109,119,-2352
2772,8052,1726,-1560,681,109,-2288
1278,-5886,7238,-1298,1243,-391,-2336
-7968,-5268,12202,1496,-1005,236,-2304
8876,11188,-7270,-1314,-767,-533,-2320
-8878,-11052,27410,3781,-1386,-427,-2320
5782,13678,-8174,-5159,2928,-222,-2288
-778,2144,8268,4767,-3225,-99,-2272
-136,-5520,21146,-1213,748,41,-2336
10164,5180,-9856,-3194,3163,-256,-2352
-9190,-9494,21032,4082,-2820,151,-2320
3206,7336,2860,-2232,1049,11,-2320
-318,-7906,8444,-1219,1441,-352,-2304
-9874,-4534,12888,2651,-2306,198,-2304
11298,4250,-10574,-4201,1829,-695,-2320
-4628,1054,11670,5621,-3265,-1063,-2320
3076,5644,-6078,-4728,2920,-70,-2304
5378,7206,-2934,2523,-1638,79,-2304
1560,-2558,23212,1166,-689,-119,-2336
7946,1516,-7950,-4305,4056,17,-2320
-4836,-3158,10256,3592,-2563,252,-2320
4080,6960,5856,-1963,918,-188,-2304
1566,-7276,6952,-606,1304,-267,-2320
-9142,596,11934,2506,-2832,94,-2320
10258,-4254,-4894,-5066,3339,-754,-2288
1534,7760,-38,4889,-2938,-778,-2320
1186,-3984,3838,-1937,1368,-109,-2304
7478,11094,-4220,-939,525,387,-2336
4600,1044,11634,1995,-1015,-415,-2320
1502,-3274,3760,-2860,2659,92,-2352
-824,2696,6522,2199,-1627,216,-2304
4680,3714,3384,-2365,1636,-456,-2304
-9000,-6900,13836,1924,-1143,38,-2304
4160,13348,2412,395,-2151,-193,-2304
7246,-12424,5512,-1124,2270,-411,-2320
3094,11560,-4070,-1045,203,-418,-2320
-4000,-4570,26656,4256,-2858,266,-2304
3240,-1556,10338,-4173,2658,151,-2304
6164,2848,-1124,-205,979,-326,-2336
-8502,-10214,21500,1763,-1064,244,-2320
3988,9528,1664,-1140,381,-20,-2320
2572,-2990,6100,-1777,1643,-467,-2336
-7742,-3156,9766,1570,-1179,196,-2304
9722,11074,-8282,-650,-1319,-531,-2320
64,-18338,22520,2791,-522,-776,-2352
3496,12350,-6930,-4698,2440,-201,-2320
2664,5212,2380,5128,-3346,-159,-2336
3196,3244,4498,-2589,1790,159,-2320
7840,3136,-8694,-2524,2703,-180,-2320
-6858,-6752,16972,3887,-2800,194,-2320
5354,7538,1270,-2581,1293,-128,-2320
516,-7902,9568,-312,948,-314,-2304
-7722,-1952,9554,1492,-1526,270,-2304
13138,2206,-12748,-3456,1346,-688,-2320
-4388,3548,6600,5979,-3728,-928,-2320
-3716,-12994,30694,-1412,1035,376,-2320
8866,11506,-9008,-1613,1046,246,-2368
746,-2424,21224,3347,-1968,-236,-2304
-4540,-8140,16808,-3299,2791,308,-2272
-2546,144,7324,2240,-1668,147,-2352
3672,3522,5736,-2380,1539,-304,-2320
-5878,-5908,11274,884,-136,-52,-2336
-8530,2808,15976,2451,-3332,-255,-2288
9022,-9348,-1674,-4567,4081,-697,-2288
4284,12372,-5500,1925,-1549,-510,-2320
-5230,-7290,31670,3140,-1761,-103,-2288
6674,12276,-3020,-4347,2665,367,-2304
5362,3520,2684,2334,-1141,-399,-2272
-5752,-5090,12420,3898,-2691,151,-2320
3798,6208,3754,-2059,1170,-296,-2320
-3296,-7364,10438,675,145,-44,-2352
-4692,10996,13408,2231,-3251,-241,-2320
1440,-17770,19334,-4312,3945,-594,-2336
38,8498,166,2003,-1595,-519,-2304
-4678,-11056,32767,2708,-1489,-165,-2272
2404,5158,2586,-3831,2391,308,-2288
2462,468,15794,2248,-1174,-551,-2320
-5982,-9406,21034,-1283,1441,-40,-2304
1476,7516,3376,90,-349,178,-2304
3430,3760,7124,-1556,1003,-428,-2320
-6134,-7486,12736,1019,-323,31,-2320
3322,13400,1436,491,-2156,-246,-2288
-5830,-16964,29330,-374,1639,-423,-2336
5260,12134,-4688,-2031,863,-422,-2336
-5078,-6162,26746,4423,-2894,-130,-2320
1688,-1368,8826,-3835,2299,263,-2320
7298,4120,-284,-502,1136,-399,-2320
-10024,-10350,25500,1954,-1041,294,-2272
2530,7726,2426,-1263,407,150,-2336
3844,358,4470,-1776,1487,-432,-2320
-8906,-5906,12922,1949,-1238,186,-2320
8744,10906,-7064,-1812,-391,-462,-2320
-7576,-8226,24292,3146,-956,-556,-2304
4132,11866,-6584,-4570,2519,-301,-2304
140,1500,8088,4848,-3247,-31,-2320
1476,-3700,19752,-1999,1328,97,-2352
8770,3560,-8260,-2540,2735,-157,-2304
-8064,-7926,18018,3703,-2652,269,-2304
4320,8132,3342,-2026,912,-39,-2336
2554,-5238,5240,-1223,1575,-336,-2288
-8758,-2574,10212,2038,-1826,293,-2352
11158,4630,-9500,-3241,1008,-714,-2336
-5150,442,13142,5259,-2786,-978,-2304
2894,5450,-6088,-4818,2859,-18,-2320
5814,7900,-3960,3138,-2019,-45,-2288
6456,614,-5818,-3691,3531,153,-2320
1146,5888,3562,-110,-278,149,-2304
3440,-1364,4456,-2319,1775,-422,-2336
-8584,-4066,11582,1921,-1204,154,-2336
-3270,11788,12214,422,-2207,-418,-2320
1530,-17912,19466,429,1262,-462,-2320
3408,12102,-6530,-3052,1448,-245,-2320
1326,3222,6476,5089,-3478,156,-2368
1914,-5308,20536,-1785,1272,-127,-2320
7750,2890,-8298,-2982,3026,-200,-2320
-7394,-7630,17638,3843,-2732,202,-2288
5300,8574,1152,-2442,1253,-136,-2336
978,-7508,8792,-405,1047,-312,-2288
-7638,-1988,8758,1735,-1762,244,-2320
12636,3966,-12164,-4126,2001,-734,-2288
-5488,1752,10182,5729,-3150,-565,-2304
2478,4016,-4982,-4420,2606,196,-2304
7840,9948,-7590,1314,-781,132,-2304
938,-3558,22272,1507,-659,-182,-2352
5420,1200,-4952,-4210,3615,24,-2320
-3366,-1150,9652,3662,-2632,210,-2272
4704,4556,3712,-2812,1631,-268,-2336
-1504,-9088,10210,828,84,-165,-2320
-7982,1146,13796,2102,-2602,81,-2320
10564,-7100,-6154,-5826,4285,-805,-2320
2260,10920,-4498,5466,-3522,-833,-2336
1236,-8810,9100,-435,538,26,-2304
8328,13448,-6190,-2401,1487,287,-2320
4330,3098,4814,3330,-2011,-293,-2320
1356,-3884,3996,-2877,2553,242,-2320
422,4692,3618,1761,-1330,232,-2336
2440,-768,8032,-1828,1151,-305,-2336
-3074,-6968,10112,782,-85,-78,-2320
-6300,9042,16086,2053,-3176,-273,-2320
3594,-16338,13460,-4089,3846,-522,-2336
5742,15018,-6758,1384,-1355,-427,-2304
-3354,-12540,32220,3397,-1936,203,-2304
1018,-1298,20100,3311,-1967,-391,-2320
-9120,-10098,23960,2275,-1267,129,-2336
3542,7078,1376,-1777,779,97,-2304
1778,-3622,6924,-930,1034,-397,-2336
-8506,-4346,11424,1564,-1136,230,-2304
11654,5874,-11694,-2301,189,-574,-2288
-4832,-18644,29618,4830,-2369,-506,-2320
4010,8470,-7998,-5209,3019,-336,-2320
4362,6614,-2882,4027,-2578,45,-2336
1176,-906,7328,-1068,693,107,-2352
9454,3306,-9288,-3619,3485,-183,-2320
-6062,-5270,12588,4081,-2874,232,-2320
3788,6682,4594,-2243,1011,-78,-2288
1898,-5670,6298,-765,1248,-295,-2304
-9592,-1368,13030,2456,-2355,244,-2336
10848,-2556,-7744,-4771,2469,-706,-2320
-8276,-10708,27186,6015,-3684,-814,-2320
2064,-3762,650,-4173,2703,-247,-2304
7522,11358,-3586,1231,-769,288,-2336
798,-4310,19120,1754,-1090,-107,-2320
4958,-1222,-2096,-4486,4114,-16,-2320
-2070,1212,6268,3229,-2406,159,-2320
3894,4512,6110,-2095,1044,-276,-2336
-638,-9004,9918,40,849,-208,-2336
-8300,5836,13408,2399,-3225,-6,-2336
7262,-10988,5176,-4912,3593,-496,-2288
-4856,710,12572,4059,-2525,-769,-2320
-1710,-9580,18604,-771,683,330,-2304
5764,10872,-382,-1769,1066,216,-2304
1740,-2476,22066,2302,-1215,-273,-2320
-2058,-6150,11322,-2465,2303,176,-2320
602,5196,4424,1305,-1118,257,-2320
3898,96,3642,-2224,1319,-423,-2336
-5338,-10024,13132,1296,-381,-58,-2336
-3004,11796,10388,1587,-2862,-221,-2288
1318,-17160,19738,-2753,3111,-505,-2320
1222,7550,-152,1472,-1155,-610,-2336
-5784,-10498,32728,3104,-2061,-36,-2336
1908,-4570,20502,645,-177,-136,-2288
-7980,-9392,21654,551,-75,309,-2288
2312,8436,2840,-505,-23,99,-2320
1680,-6796,7118,-2310,1812,-483,-2304
-8726,-6262,12934,1954,-1297,129,-2304
4096,13674,2894,292,-2039,-412,-2320
-5522,-16362,29508,452,1236,-357,-2320
3112,12344,-4348,-2075,731,-286,-2304
-3724,-4488,26410,5181,-3517,-83,-2336
3124,-2880,11764,-3621,2405,113,-2304
6168,3240,-2698,-891,1530,-347,-2288
-8598,-10422,22144,2933,-2019,307,-2320
4782,9674,288,-1769,744,-113,-2336
-2218,-9668,11618,-846,1192,-382,-2336
-7312,-2988,8956,1347,-1167,244,-2304
11068,10682,-10276,-2051,15,-627,-2320
-9478,-7352,24664,4825,-2229,-527,-2352
3604,11756,-7018,-5139,2780,-196,-2336
3652,6036,-246,3887,-2324,-41,-2336
44,-6580,26070,-679,670,26,-2320
7796,4058,-8022,-3655,3361,-19,-2352
-6292,-6478,16758,4099,-2913,221,-2320
5326,6692,744,-2987,1657,-187,-2336
-430,-8006,10518,348,489,-297,-2352
-7702,-1886,10172,1628,-1825,219,-2320
12702,688,-12706,-5211,3092,-768,-2320
-2634,5368,2864,6538,-4078,-769,-2336
2660,-1388,-3476,-3510,2272,-10,-2336
9022,12254,-8748,-550,463,120,-2336
1054,-1212,18804,3010,-1841,21,-2320
5896,492,-4064,-4472,3841,268,-2320
-1820,912,5318,3187,-2199,148,-2304
3008,2564,7132,-2297,1357,-218,-2336
-1100,-7026,8392,424,325,-137,-2320
-8558,4368,16622,2652,-3312,110,-2320
7316,-11034,2770,-4952,4088,-495,-2320
5444,13244,-6030,3762,-2569,-553,-2336
-740,-10916,20012,1220,-413,212,-2336
5532,10730,-332,-2930,1828,338,-2320
7078,4096,282,2918,-1664,-273,-2288
-306,-5800,8638,-1812,1823,183,-2320
298,5458,4468,457,-546,280,-2320
3036,-598,6278,-1668,1129,-382,-2320
-8118,-5618,12318,1043,-315,17,-2304
-3610,12150,11332,974,-2564,-232,-2304
170,-18158,21972,-1166,2218,-607,-2320
4958,12146,-6778,-1713,661,-370,-2352
-5744,-11150,32767,4439,-2903,-136,-2304
2750,3770,2914,-3931,2411,234,-2336
9710,4848,-9724,-265,922,-394,-2304
-7606,-10070,23762,1712,-840,196,-2320
1872,7170,2938,-1307,539,124,-2320
2700,-4004,4668,-1517,1283,-430,-2304
-9260,-2866,11538,1796,-1146,176,-2304
5010,13420,-746,-1212,-839,-407,-2320
-6402,-15290,28810,3005,-871,-738,-2320
3304,3428,-4722,-4375,2418,-247,-2320
-3946,-4098,22684,4849,-3226,-190,-2336
1944,-1622,11062,-2106,1370,125,-2272
6668,546,-5284,-2403,2619,-261,-2320
-9468,-10126,23240,3590,-2502,131,-2320
3040,7678,2728,-1717,699,1,-2304
668,-7860,8218,-584,1240,-227,-2304
-8840,1834,11868,2299,-2467,160,-2320
9210,-5930,-2136,-4843,2885,-730,-2352
-6910,-6140,21164,5444,-3283,-735,-2320
944,-6568,7270,-2878,1916,201,-2336
7160,12068,-2698,31,-93,224,-2336
1864,-2932,20836,1692,-845,-137,-2320
834,-4274,6112,-3259,3020,105,-2320
-712,2916,6354,2818,-2091,219,-2336
4604,2232,2866,-2444,1385,-327,-2304
-3702,-10028,12612,925,44,-121,-2336
-6750,8112,13592,1947,-2813,150,-2288
6414,-14062,8244,-4550,3706,-710,-2320
-3322,2506,8494,3976,-2494,-769,-2336
-3678,-11660,26838,782,-346,89,-2336
5348,10234,-110,-3368,2068,272,-2336
7218,2882,-4146,2122,-771,-397,-2336
-5090,-7118,16568,-645,740,421,-2336
1734,6980,2838,592,-693,145,-2352
2154,-3950,6378,-2520,1828,-408,-2320
-7252,-7592,13024,1812,-1013,45,-2336
-328,13852,9486,1157,-2763,-383,-2304
-1828,-19170,26398,-1894,2850,-441,-2320
2484,10418,-4160,-1134,215,-239,-2320
-5774,-8364,32767,5020,-3376,368,-2320
3054,1028,7334,-4422,2794,179,-2304
4692,2216,4738,648,335,-345,-2320
-8630,-10812,23650,1672,-954,229,-2320
3184,9554,1766,-2440,1212,-15,-2320
-140,-8608,10336,-357,923,-341,-2336
-7444,-1460,9928,1495,-1475,242,-2304
8348,13292,-4666,-3109,1029,-744,-2320
-9450,-13528,32736,5668,-2995,-453,-2320
2360,-1802,-1412,-4879,2869,62,-2320
9434,12082,-9398,2750,-1607,-45,-2336
-102,-7216,22498,1409,-725,71,-2304
4478,-294,-2584,-4566,3943,-45,-2320
-1464,1462,5052,2633,-1859,137,-2320
3452,2554,6674,-2207,1321,-324,-2320
-6228,-5482,11800,868,-35,-120,-2304
-7988,4650,15876,2168,-3071,123,-2304
7648,-10984,2106,-4470,3981,-621,-2336
4534,12676,-5128,3175,-2283,-506,-2320
-248,-10800,18130,1930,-930,298,-2288
6090,11870,-2484,-3677,2227,262,-2304
6274,3940,-366,2572,-1326,-438,-2304
-874,-5344,8996,-1787,1709,150,-2320
492,5536,4462,642,-729,221,-2320
2864,-2072,7036,-1884,1337,-442,-2288
-7494,-3738,10868,1123,-468,37,-2272
-4394,11358,14254,1271,-2733,-213,-2304
844,8500,-724,1769,-1489,-465,-2336
-5292,-11694,32767,3837,-2272,169,-2320
2598,4648,1958,-4554,2821,203,-2288
8970,5566,-9500,1082,-124,-483,-2352
-6722,-10226,22038,1542,-719,258,-2320
2536,8656,1854,-1483,543,123,-2288
1696,-4512,7144,-1135,1061,-414,-2336
-6454,-5866,11806,1056,-567,130,-2288
4444,13588,142,-654,-1278,-528,-2288
-6954,-17314,31034,2930,-682,-517,-2320
3590,4170,-6788,-4707,2527,-284,-2288
-4252,-3780,23180,4885,-3215,-124,-2304
766,-2626,11350,-2121,1334,82,-2336
8260,2056,-7678,-2358,2470,-297,-2320
-10168,-11374,26588,3775,-2545,232,-2320
2590,7224,1798,-2128,1022,7,-2288
1696,-5974,5796,-1298,1423,-386,-2336
-9200,-6022,13184,2335,-1722,225,-2288
10052,9562,-9158,-3552,1196,-692,-2288
-7618,-6852,22380,5457,-3024,-914,-2288
1346,-5736,5930,-4997,3094,-268,-2304
1288,3186,4084,3212,-2075,124,-2304
968,-3686,20910,518,-333,-49,-2336
2812,-3554,2116,-4095,3917,-123,-2320
-7776,-7586,16590,3784,-2739,222,-2320
3688,8152,4480,-2002,852,-112,-2304
-1954,-10038,11498,-629,1306,-227,-2304
-9204,-2552,11146,2380,-2522,168,-2320
11030,3002,-8842,-4681,2702,-765,-2320
-3832,2084,10508,5389,-3165,-809,-2320
-2708,-9922,21888,-3302,2145,61,-2336
6426,8340,-4192,349,-323,275,-2304
2312,-2212,20832,2279,-1070,-433,-2288
-4240,-7052,15136,-1723,1636,112,-2320
1362,6126,3586,1236,-1031,284,-2304
3364,-1702,4150,-2331,1470,-405,-2304
-6584,-9254,13880,1505,-602,-48,-2288
-2168,12426,10618,1389,-2706,-260,-2320
-8090,-7566,23968,5440,-2939,-839,-2336
1126,-5630,5152,-593,511,-17,-2320
8144,12348,-6076,-3089,1907,265,-2336
4082,1328,9610,2144,-875,-407,-2304
-8086,-9728,21720,-1506,1433,380,-2320
56,3472,5664,724,-757,90,-2320
3752,948,4536,-2500,1700,-429,-2304
-8016,-4824,11286,1535,-888,19,-2304
-6704,7098,15580,1584,-2882,-59,-2320
6120,-14398,7984,-2468,3124,-788,-2320
4356,14034,-5766,-472,-322,-370,-2320
-2528,-1314,21136,4265,-2720,263,-2336
5036,10044,-1454,-4692,3001,195,-2304
7404,4922,-6500,1100,-53,-452,-2352
-8872,-10976,24028,1513,-775,238,-2288
2266,8290,2616,-947,309,64,-2272
1296,-4578,8452,-1361,1230,-398,-2336
-7222,-3346,9358,1153,-772,185,-2304
-726,13504,9782,-32,-1746,-398,-2320
-2974,-19504,27958,2241,-78,-468,-2320
4184,10550,-7544,-3908,1889,-151,-2304
4478,7092,-2074,5165,-3350,-124,-2336
1418,544,7634,-2993,1978,62,-2320
8288,3458,-8296,-2072,2288,-254,-2320
-6142,-5802,14774,3627,-2510,218,-2320
2852,8826,1328,-2249,1062,-39,-2336
382,-7020,8774,-511,983,-383,-2336
-8560,-1754,11676,1531,-1309,215,-2320
8770,12324,-6278,-3400,1173,-736,-2320
-9488,-12968,30898,5434,-2841,-661,-2272
2664,-2120,-1068,-5112,2976,-117,-2336
-258,1912,10342,3357,-1958,-34,-2320
-376,-6274,21172,676,-341,-66,-2320
5564,-582,-3482,-4544,4046,-126,-2320
-1964,1142,5328,4062,-2844,246,-2336
3506,7106,1698,-2444,1209,-141,-2336
-970,-7288,8896,-172,804,-254,-2320
-8428,4966,15750,2394,-2649,135,-2320
-6084,-18278,31346,1425,580,-551,-2304
4002,6424,-6976,-4925,2685,-203,-2336
6048,7992,-4316,4614,-2975,-168,-2336
670,-2464,10362,-1037,639,243,-2336
9178,3202,-9382,-3355,3247,-310,-2320
-5284,-3756,9078,3951,-2736,152,-2320
1980,7276,2432,-2146,913,-1,-2352
1898,-5772,5500,-924,1244,-379,-2336
-9542,-264,13458,2457,-2211,164,-2368
9770,10230,-9068,-4465,2156,-705,-2352
-8288,-7270,23450,5921,-3592,-959,-2320
1794,-5086,4648,-4541,2854,-130,-2336
7336,11356,-2880,1963,-1231,186,-2304
666,-4188,21604,1686,-1030,-163,-2304
3452,-2874,470,-4628,4275,-114,-2320
-1390,2582,5608,3545,-2558,226,-2320
3370,7134,4538,-1728,704,-231,-2304
-908,-9190,10290,-474,1203,-236,-2336
-7378,7764,12436,2308,-2930,118,-2336
10216,3230,-8310,-4884,3218,-626,-2320
-2952,1736,9320,4620,-2822,-743,-2320
-2578,-10116,22126,-1661,1222,-95,-2304
5676,8090,-2028,-131,14,238,-2288
2234,-1346,21204,1831,-898,-186,-2352
-3676,-7040,14292,-2736,2540,280,-2352
822,5698,3732,1861,-1560,225,-2320
4930,6908,4172,-2341,1343,-378,-2336
-6026,-9226,13058,1119,-142,-79,-2336
-2480,12496,10426,1742,-2772,-74,-2352
10180,-5214,-4144,-3687,3380,-624,-2352
1722,7740,-748,2743,-1831,-701,-2304
-5968,-10068,32767,1919,-1132,113,-2304
7502,12152,-4174,-3276,1971,285,-2320
4330,758,10986,1778,-565,-419,-2320
-7872,-9380,20364,-361,578,268,-2320
2858,9126,1952,613,-760,153,-2336
4654,1654,2846,-2706,2048,-424,-2304
-6928,6442,15600,1631,-2363,122,-2320
12432,3012,-11656,-5276,3720,-650,-2320
-4762,2218,9456,3620,-2412,-605,-2288
-3440,-12620,28470,1836,-1028,96,-2320
5444,10112,-1762,-4697,2875,246,-2320
7576,4564,-6574,2403,-1051,-446,-2320
-4808,-8328,16320,-743,913,222,-2304
2458,8920,2438,-100,-213,135,-2336
1166,-4380,8986,-1710,1358,-465,-2304
-6074,-6198,11908,1181,-660,68,-2352
-894,13374,10610,1273,-2801,-426,-2320
-2190,-19848,27802,-1262,2429,-593,-2304
3402,11060,-6674,-2186,804,-239,-2336
-5754,-8854,32767,5418,-3663,-11,-2304
2386,792,7784,-4150,2658,106,-2320
8108,3424,-8712,-646,1251,-325,-2288
-8678,-11138,24940,2232,-1413,286,-2336
3004,9408,1864,-1763,815,36,-2336
258,-8080,9328,-1024,1207,-401,-2320
-7288,-3994,10300,1312,-1049,266,-2320
8494,12790,-5514,-1938,-75,-621,-2320
-9864,-13424,32148,3905,-1344,-549,-2304
5194,14254,-6504,-4936,2503,-136,-2320
-686,1580,12420,4797,-3091,-126,-2320
-118,-7042,22488,-804,616,101,-2320
4904,-328,-3204,-3465,3242,-141,-2304
-8810,-9354,22152,4108,-2837,114,-2336
3742,6954,1826,-2435,1233,-93,-2304
-1026,-7180,8768,-314,868,-299,-2352
-8100,-3466,10866,1930,-1959,227,-2352
11628,4900,-11752,-4473,2275,-750,-2304
-6622,-126,13040,6119,-3724,-1002,-2304
3876,6776,-6424,-4462,2730,-82,-2320
5874,8110,-3994,1554,-824,12,-2320
-494,-3438,25334,1989,-1225,-96,-2288
-664,-5724,9282,-4574,4100,-68,-2336
-5026,-4296,11160,3478,-2463,237,-2336
3590,5562,4752,-2119,1029,-213,-2320
-8008,-4942,12036,1304,-763,168,-2304
-850,-18840,23822,-1690,2516,-641,-2336
2720,9772,-2008,-199,-393,-444,-2288
-5690,-10634,32767,4103,-2522,-72,-2320
2088,3216,2886,-4221,2605,362,-2320
9896,5260,-10110,515,276,-398,-2352
-7766,-10386,24076,1156,-414,304,-2336
1902,7988,2422,-1101,333,129,-2336
2532,-4252,5300,-1560,1259,-435,-2320
-7210,-7074,12632,1456,-817,159,-2320
5200,13290,-1364,-1099,-900,-477,-2320
-6514,-15550,29536,2509,-399,-528,-2304
5948,13298,-6576,-3927,2063,-349,-2320
-4302,-2858,20666,4985,-3357,52,-2320
1552,-2692,12520,-2409,1560,88,-2320
7066,536,-5908,-2163,2444,-330,-2304
-10072,-10534,24218,3612,-2491,181,-2336
2906,7550,2282,-1972,905,-5,-2336
878,-7712,7858,-1514,1615,-438,-2320
-9660,-5510,12962,2558,-2072,204,-2288
10560,9092,-9264,-3347,971,-716,-2336
-6796,-5016,20372,5132,-2669,-828,-2304
3398,9714,-6590,-4869,2942,-130,-2320
2650,4456,2212,3441,-2263,125,-2320
1744,-3448,21326,207,5,-138,-2288
274,-4106,6378,-3615,3545,-41,-2304
-6534,-6006,15094,3605,-2611,305,-2336
4918,8462,3312,-2162,1030,-171,-2320
-4112,-10106,12730,-162,978,-248,-2352
-8392,-1390,10112,2067,-2387,225,-2304
11768,652,-9558,-4887,3052,-726,-2304
-2440,3962,5606,5484,-3258,-910,-2304
2396,950,-2870,-2994,1995,229,-2320
7904,10244,-7008,-280,112,176,-2320
2326,-1640,19026,2060,-1050,-442,-2336
-5476,-8394,17794,-3548,3136,140,-2304
-2234,182,8084,2844,-2037,249,-2320
4574,5258,4336,-2346,1564,-410,-2320
-7436,-7788,13492,1549,-740,19,-2336
1334,13666,6710,1267,-2707,-238,-2336
-3080,-18412,27664,-1859,2737,-411,-2304
2742,10566,-3478,-627,-61,-401,-2304
-5186,-7282,31778,4217,-2810,295,-2320
3334,-102,7798,-4365,2818,98,-2320
5222,3010,2218,73,716,-357,-2320
-8680,-10608,23404,1463,-821,349,-2304
3426,9262,1474,-1183,394,31,-2304
2780,-1990,6444,-1541,1488,-442,-2320
-7422,-3650,10030,1323,-976,175,-2352
8494,13520,-5610,-762,-1129,-551,-2320
-9760,-13162,31976,2332,-35,-653,-2304
4636,14480,-6770,-4655,2318,-161,-2304
50,2666,9276,5473,-3585,-190,-2320
28,-7662,24776,-2103,1499,-41,-2320
8420,5304,-9322,-2374,2513,-141,-2304
-8200,-9260,21250,3959,-2766,213,-2304
4856,7290,246,-2733,1408,-77,-2336
528,-6280,9146,-131,733,-302,-2320
-7584,-3048,9456,1388,-1362,280,-2352
12714,4784,-13510,-3418,1307,-712,-2336
-6440,546,11932,6043,-3464,-744,-2336
3390,5680,-6954,-4786,2841,34,-2336
6990,9470,-6402,1758,-909,85,-2304
-974,-4200,25898,2047,-1249,-151,-2336
8066,3086,-7206,-4657,4101,122,-2320
1248,6950,3010,2090,-1596,83,-2352
3354,4764,5622,-1985,1136,-272,-2304
-3876,-6442,10298,428,282,-87,-2304
-2810,12784,11398,2576,-3455,-291,-2288
10210,-5896,-5960,-4211,3798,-598,-2320
2776,10448,-3014,1594,-1355,-452,-2320
-5520,-10020,32767,2326,-1145,-73,-2336
7376,12016,-2456,-3635,2211,302,-2320
3884,2108,11392,2775,-1562,-344,-2320
-7734,-10512,25350,-1014,1274,169,-2320
3164,2534,7622,-1777,871,-254,-2320
-6816,-7406,12638,1549,-866,122,-2320
5428,13740,-1976,-1853,-299,-559,-2336
-7466,-15722,30950,3370,-1070,-464,-2320
3304,2710,-5500,-5018,2823,-307,-2352
-3972,-3564,20566,4648,-3027,-67,-2320
804,-3530,13092,-1543,915,100,-2304
8008,1704,-7722,-3511,3445,-260,-2336
-10522,-10204,26232,3786,-2636,134,-2320
2394,7086,2736,-1950,835,19,-2352
1540,-6752,6526,-1228,1547,-361,-2320
-9234,1174,12758,2510,-2013,198,-2304
9884,9560,-8980,-4213,1857,-706,-2336
-7512,-6354,21328,5379,-2980,-818,-2320
1082,-6176,6426,-4573,2830,-253,-2288
1552,3190,4894,3205,-2075,24,-2336
1342,-3364,22138,548,-207,-173,-2304
2026,-3962,3548,-4248,4019,-78,-2336
-7294,-7168,15452,3723,-2692,178,-2320
3758,7678,4762,-1950,850,-189,-2320
-2254,-9900,11654,-395,1166,-255,-2336
-8748,-1986,10676,2156,-2392,192,-2320
10942,2678,-8932,-4911,2962,-678,-2320
-3438,2686,8792,5504,-3336,-837,-2320
-2846,-11180,24530,-2250,1553,22,-2288
6192,8990,-3806,126,-121,158,-2304
1758,-1880,21582,2027,-1084,-274,-2304
-3974,-7042,14912,-3478,3172,363,-2320
-3796,-1764,10718,2624,-1963,191,-2320
4900,6438,3976,-2467,1390,-323,-2304
-6560,-8742,13182,890,67,-148,-2336
-8418,1754,11838,1910,-2787,64,-2320
10174,-6408,-3536,-4533,3619,-749,-2320
2236,8898,-1786,3310,-2194,-664,-2320
-6052,-9224,32767,755,-274,-122,-2304
7770,12506,-4844,-3384,2055,317,-2336
4704,1628,8138,2404,-1040,-338,-2320
-8410,-9792,22026,-1263,1221,435,-2352
5516,8206,1416,-2587,1318,-152,-2304
-8226,-4338,11114,1675,-1010,45,-2304
-6962,7708,16744,1767,-3170,-328,-2288
6140,-15638,8746,-2244,3120,-437,-2288
4648,15024,-7308,-1181,119,-320,-2320
-1828,350,17454,5368,-3588,-147,-2320
604,-7256,21704,-2376,1674,-27,-2304
8170,5556,-8582,-2325,2482,-309,-2352
-9270,-10916,24828,4157,-2863,273,-2320
4628,8174,-148,-3007,1569,-84,-2320
-1608,-8526,9486,-328,859,-359,-2304
-7910,-3476,9390,1600,-1563,216,-2304
12432,8226,-12786,-3109,980,-630,-2320
-8298,-3610,18244,5618,-2943,-765,-2288
3328,9318,-6238,-4852,2860,55,-2320
5810,7872,-4030,2975,-1668,32,-2336
-84,-5926,25832,1085,-498,53,-2304
7962,3242,-8276,-4271,3827,-3,-2320
-5818,-4648,13290,3915,-2732,178,-2352
4514,6012,2304,-2757,1507,-170,-2336
-4358,-6846,10914,431,392,-203,-2304
-8498,-1116,12370,2179,-2589,111,-2304
11664,-3154,-10002,-5703,3785,-690,-2320
156,8702,-1194,5827,-3762,-824,-2288
2244,-4362,1300,-2293,1602,177,-2336
8702,12468,-6414,-1392,917,185,-2304
2452,498,14210,3230,-2008,-324,-2320
4920,-908,-2854,-4257,3735,280,-2320
-1224,2444,4180,2357,-1651,196,-2288
3080,2566,7702,-1974,1062,-291,-2304
-1032,-7602,8770,393,402,-111,-2288
-7884,5968,15248,2213,-3096,-297,-2320
6024,-12896,7156,-4074,3677,-623,-2352
5614,13110,-5392,3054,-2139,-586,-2336
-1522,-10824,22970,1697,-765,-14,-2336
5096,10420,-810,-3778,2299,358,-2304
7526,4516,-2496,2554,-1384,-470,-2352
-1656,-6866,11552,-1203,1397,160,-2320
566,6120,4078,718,-793,247,-2304
3134,-852,5884,-1749,1160,-400,-2304
-8522,-5126,12312,1218,-527,48,-2288
-2894,12856,10430,626,-2293,-354,-2304
-604,-18458,23576,490,1084,-601,-2304
4252,11474,-7338,-2171,840,-355,-2320
-6026,-10186,32767,4840,-3209,-105,-2320
2772,3454,3186,-3906,2388,215,-2304
9292,4302,-9218,-522,1133,-346,-2304
-8148,-9884,23742,2065,-1206,144,-2320
2146,7582,2162,-1408,562,92,-2352
2366,-5224,5578,-1612,1560,-439,-2320
-9150,-2396,11410,1873,-1284,210,-2336
5336,13350,-756,-1783,-417,-550,-2304
-6534,-15664,28924,3098,-878,-510,-2320
2878,3178,-5626,-4711,2549,-256,-2352
-4096,-3324,22256,4699,-3111,-9,-2320
2122,-2422,12142,-1941,1247,68,-2304
6700,360,-5718,-3075,3149,-294,-2304
-9790,-10416,23368,3709,-2682,195,-2320
3136,8452,2380,-2093,953,-85,-2320
390,-8620,8798,-1206,1532,-305,-2336
-8734,2154,12480,2409,-2153,223,-2304
10254,9078,-8564,-4112,1866,-764,-2336
-7002,-5592,20960,5360,-2860,-827,-2320
352,-6398,8404,-4484,2721,98,-2320
2492,5020,3008,2788,-1829,216,-2304
2040,-3736,21280,736,-288,-213,-2304
-444,-4334,7084,-3786,3597,201,-2320
-6424,-5998,14564,3459,-2533,259,-2320
5176,8380,2872,-2382,1269,-219,-2320
-4464,-10078,13082,328,654,-225,-2336
-5838,8932,14146,1953,-2559,123,-2336
12106,1132,-10718,-5233,3405,-702,-2320
-3100,3688,5646,5398,-3292,-875,-2320
-4134,-12002,29084,-1233,916,24,-2320
8634,11192,-8202,-1409,815,321,-2272
2220,-1440,18780,2572,-1286,-237,-2336
-6186,-7920,17922,-3164,2707,207,-2320
-2422,204,8770,2057,-1554,233,-2352
4682,3838,3928,-2610,1632,-390,-2320
-7502,-6138,12366,1508,-692,-8,-2320
1416,13950,7160,1907,-2999,38,-2304
9458,-9700,-2050,-3776,3779,-720,-2336
3120,11562,-4584,1062,-1116,-377,-2336
-5016,-6776,31920,3281,-2002,-50,-2320
7386,13090,-4864,-4682,2943,174,-2320
5246,3124,862,1731,-537,-449,-2336
-8480,-11334,23386,384,44,264,-2336
1422,5544,3316,-121,-243,80,-2352
1940,-2298,7832,-1738,1458,-403,-2352
-7448,-3262,9766,1218,-832,208,-2320
9858,11560,-8222,371,-2066,-519,-2304
390,-18504,21094,1396,605,-558,-2304
4478,13650,-6802,-3259,1392,-263,-2320
1574,4578,4946,5348,-3527,-178,-2320
2480,3844,3690,-3539,2285,173,-2336
8588,4874,-9246,-1621,1931,-242,-2336
-7740,-8340,18854,3503,-2338,169,-2304
2536,8604,2176,-2127,1031,5,-2320
930,-5556,8042,-601,934,-376,-2320
-8524,-2768,11374,2000,-2129,200,-2304
12006,1722,-11302,-5137,3026,-739,-2304
-3478,3902,6682,6159,-3904,-902,-2272
3368,1616,-5374,-3388,2278,-123,-2288
7500,10234,-5670,-23,139,301,-2352
518,-1852,22498,2786,-1774,-133,-2288
-3330,-7794,15000,-4283,3834,23,-2336
-3648,-1610,8550,2912,-2138,149,-2336
3816,4932,5358,-2327,1278,-262,-2320
-5404,-7304,11860,404,359,-81,-2320
-9250,2470,14982,2566,-3295,-35,-2336
8950,-9176,-856,-4824,3989,-716,-2304
4788,12014,-4964,2983,-2021,-635,-2336
-106,-9408,14692,1104,-338,117,-2320
6714,11592,-1450,-3378,2057,348,-2352
9420,3680,-9536,-3526,3384,-226,-2320
-6628,-5728,13494,3846,-2753,214,-2336
3752,6768,4396,-2152,1071,-165,-2304
-2722,-8210,10532,-184,857,-224,-2336
-9860,-1382,13588,2704,-3125,-68,-2320
10734,-2664,-7480,-5285,3817,-708,-2320
626,7896,604,4443,-2837,-673,-2320
-5344,-10934,32767,64,253,-82,-2320
7774,10994,-4278,-2067,1266,336,-2304
3128,1014,15490,2943,-1745,-317,-2304
-6954,-9988,22454,-3150,2944,113,-2320
-1964,1574,5306,1389,-1059,270,-2320
3622,4998,6724,-1588,786,-339,-2336
-7414,-9216,14328,665,162,-56,-2368
-8032,6096,12850,1757,-2954,-205,-2320
6706,-11536,6394,-2719,2912,-458,-2320
4482,10934,-3880,711,-657,-515,-2320
-5064,-5500,26030,2632,-1643,187,-2336
5732,10962,-1036,-3660,2227,202,-2272
7014,3412,-104,1216,-226,-395,-2352
-9894,-10054,22830,246,163,338,-2320
642,4884,4304,44,-376,150,-2304
4434,-366,2360,-2343,1707,-493,-2336
-9420,-4674,12574,2006,-1225,97,-2304
-3324,11546,11014,174,-1915,-390,-2320
1934,-17296,18532,415,1195,-619,-2288
2950,11566,-5402,-1761,713,-258,-2304
656,2290,9126,4884,-3366,-50,-2304
4448,5714,1996,-3982,2538,127,-2320
7244,2576,-7562,-707,1433,-407,-2320
-7226,-7798,17724,2665,-1812,219,-2352
2718,9146,1758,-1369,474,60,-2304
926,-7116,8744,-1467,1630,-395,-2304
-7454,-2022,8304,1567,-1265,260,-2320
3946,13818,3258,-1474,-585,-613,-2320
-5804,-17380,31168,3151,-775,-612,-2336
2752,4670,-6082,-4794,2516,-164,-2368
6158,11564,-2392,-4619,2846,307,-2304
6572,3776,-4378,-1038,1598,-233,-2320
-9098,-11308,24036,3293,-2237,302,-2288
4910,9740,-222,-2408,1224,-53,-2320
-2054,-9130,11014,-308,873,-311,-2288
-7198,-2952,8534,1262,-1271,295,-2384
11570,10988,-11402,-2746,629,-649,-2304
-9694,-7562,25320,5801,-3012,-846,-2304
3986,12070,-8018,-5378,3042,-155,-2320
4562,7934,-2612,2858,-1613,26,-2320
-726,-7546,28474,1526,-755,104,-2288
420,-3890,5004,-4650,4014,18,-2304
-6412,-5626,14520,4047,-2816,138,-2304
4678,6326,2190,-2750,1554,-186,-2320
-3724,-7294,11192,319,491,-179,-2320
-7988,-2156,10918,2033,-2295,197,-2304
12240,390,-11874,-5515,3481,-727,-2304
-2652,5290,3274,6005,-3766,-806,-2304
2968,-284,-3228,-2739,1824,-55,-2320
9268,11796,-8974,-1350,853,229,-2352
1204,-1376,18774,3181,-1941,-303,-2336
5418,54,-4232,-4449,3818,55,-2320
-1908,984,5348,2817,-1926,201,-2288
3470,3324,6572,-2192,1257,-281,-2320
-6212,-6330,12178,731,52,-100,-2320
-8492,4060,15606,2313,-3139,152,-2336
7980,-10876,1396,-4556,3993,-474,-2336
4720,12692,-5234,3312,-2268,-612,-2320
-398,-10402,17916,1883,-939,79,-2320
6502,11252,-3074,-3808,2332,283,-2336
6474,4260,-348,2776,-1503,-354,-2304
-520,-5668,8174,-1838,1860,307,-2320
906,6004,3658,491,-609,176,-2320
2568,-822,7534,-1574,1055,-425,-2352
-7872,-5322,11628,842,-233,62,-2304
-3810,11316,12032,1061,-2556,-228,-2304
200,-18186,21336,-1323,2311,-629,-2320
5270,13130,-6822,-1409,363,-384,-2352
7954,12454,-4668,-468,359,173,-2320
9788,5430,-9800,-2875,2885,-315,-2336
-8794,-9466,20044,4214,-2870,152,-2320
3468,7018,2554,-2246,972,-44,-2320
-700,-7880,8774,-835,1317,-313,-2288
-9458,-3672,11934,2390,-2175,219,-2336
11032,3344,-10376,-4789,2537,-717,-2304
-3402,1800,9738,5874,-3601,-744,-2304
3090,3594,-6048,-3916,2547,-162,-2320
5858,8302,-3222,1253,-805,211,-2320
1880,-1670,22222,1295,-732,-179,-2336
-2960,-7032,13748,-3897,3672,156,-2304
-4426,-2906,11018,3427,-2509,226,-2320
4540,7442,4806,-2136,1033,-219,-2320
-5644,-9514,13234,167,749,-158,-2288
-8788,1168,11588,2120,-2810,83,-2368
10118,-4942,-3656,-4733,3379,-786,-2304
1890,7950,-400,4862,-2974,-790,-2320
1040,-5166,4886,-911,786,155,-2320
7710,11618,-4378,-1345,806,372,-2336
4380,1152,11826,2404,-1262,-254,-2304
1376,-3600,4526,-2786,2576,270,-2288
-444,2844,5948,1802,-1408,265,-2320
4212,3120,4166,-2567,1609,-350,-2288
-8714,-6544,13280,1444,-432,-16,-2336
-6846,7462,13430,1555,-2889,-108,-2304
6840,-13720,7242,-3759,3599,-729,-2320
3304,11968,-4674,1825,-1366,-531,-2288
-2986,-10558,23936,2934,-1900,170,-2320
6044,10232,-1574,-4149,2552,246,-2336
6666,3136,-3274,1619,-425,-492,-2336
-4606,-7214,15270,-288,512,392,-2320
1976,7500,2770,-196,-193,129,-2352
2194,-3876,7194,-2243,1721,-384,-2336
-7970,-3304,9528,1661,-1109,98,-2336
-1216,12902,10912,599,-2327,-378,-2304
-1542,-19476,25648,-407,1945,-595,-2288
3372,11378,-6634,-2647,1074,-204,-2320
-5882,-9420,32767,5492,-3735,-171,-2304
2814,540,6812,-3936,2573,224,-2304
8268,4094,-9566,-1437,1860,-302,-2304
-9364,-12288,27158,3135,-2023,258,-2288
3240,9486,1782,-2250,1092,-37,-2320
560,-7770,7896,-661,1032,-416,-2288
-7926,-1514,10202,1389,-1163,260,-2336
7316,13678,-3502,-2186,180,-648,-2304
-8738,-14946,32246,4675,-2094,-651,-2336
2644,42,-2888,-4922,2589,-71,-2320
-1320,-426,16776,4097,-2527,108,-2320
1234,-5476,18470,-995,841,-13,-2304
4536,24,-1942,-3548,3328,28,-2336
-8280,-9764,21816,3950,-2767,236,-2320
4480,8364,784,-2591,1302,-140,-2320
-2296,-8484,10522,203,596,-214,-2320
-8068,3012,15236,1597,-1771,220,-2336
11910,7102,-12558,-4963,2831,-696,-2336
-7856,-2752,17164,6407,-3980,-1086,-2352
-64,-10822,17210,-3733,2328,206,-2320
5836,8456,-4872,885,-436,24,-2336
-750,-5524,27076,2563,-1517,-189,-2336
-102,-5526,7712,-4513,3888,165,-2304
-5536,-4392,12396,3535,-2493,158,-2320
4222,5456,3500,-2243,1335,-309,-2320
-3864,-6530,10548,807,-62,-34,-2336
-4102,11174,13734,2203,-3277,-307,-2320
940,-17854,19844,-3514,3525,-349,-2320
618,8486,-52,1807,-1522,-497,-2336
-5186,-11482,32767,2936,-1608,66,-2304
2428,4820,2652,-4131,2518,359,-2320
2750,640,15276,2309,-1111,-493,-2320
-6622,-9546,22122,-172,558,138,-2288
1848,7998,2732,-109,-251,184,-2304
3148,3162,7390,-1614,1107,-413,-2320
-6430,-7336,12488,1053,-355,58,-2288
4468,13720,-150,421,-2145,-308,-2320
-6798,-16598,30836,189,1338,-502,-2336
-2286,-11502,24966,-2539,1837,78,-2288
1256,-2434,11284,-3124,1904,202,-2304
8068,2062,-7942,-1818,2050,-327,-2304
-10612,-10814,26552,3371,-2225,188,-2336
2712,7188,2164,-1826,838,64,-2320
1442,-6894,6954,-1425,1490,-424,-2352
-9648,-5532,13304,2255,-1687,199,-2304
10024,9676,-8626,-2974,599,-553,-2304
-7804,-6596,22814,4386,-1956,-610,-2320
4086,10894,-6438,-4958,2932,-129,-2320
1576,3762,4792,3822,-2545,-27,-2320
834,-4332,22760,-536,399,-3,-2304
9230,3646,-9606,-3775,3640,-197,-2352
-7532,-7272,16096,4074,-2919,248,-2288
3710,7940,4408,-2005,856,-86,-2320
-2218,-10026,11656,-1024,1484,-348,-2336
-9056,-2366,11014,2416,-2378,209,-2336
11080,2892,-9242,-4705,2592,-686,-2336
-3480,2124,8998,5546,-3122,-625,-2288
2380,3474,-4022,-3643,2249,-133,-2320
6414,8510,-4108,1779,-1170,199,-2304
2244,-2052,20720,1210,-478,-237,-2336
5176,-340,-3540,-3639,3371,250,-2320
-3566,-1472,10880,3207,-2331,265,-2288
5158,6380,3376,-2453,1362,-263,-2288
-7048,-8356,13020,558,385,-132,-2304
-8196,1738,11890,1945,-2706,150,-2336
10480,-6832,-4392,-5174,3734,-847,-2320
2616,9520,-2818,4670,-2943,-655,-2352
554,-7870,8814,-713,691,135,-2368
7766,12996,-5112,-2583,1521,218,-2336
4846,2262,6330,2736,-1378,-456,-2336
-120,-4128,6694,-2429,2170,277,-2352
700,4374,4586,1397,-1165,144,-2320
3430,528,5580,-2546,1647,-355,-2336
-4492,-8990,12486,1308,-428,-59,-2320
-5922,8498,15048,1834,-2970,40,-2320
5158,-15304,10520,-3531,3587,-735,-2320
3912,13896,-6034,914,-1037,-389,-2288
-3988,-12340,30512,3908,-2486,342,-2320
4892,9198,302,-4528,2905,95,-2320
7294,3508,-6358,1282,-136,-528,-2304
-5210,-7530,17528,419,-69,279,-2320
2220,8442,2520,-591,57,86,-2320
1078,-5738,8984,-1793,1643,-403,-2288
-7372,-3148,8860,1391,-967,175,-2320
1686,14452,6690,-84,-1728,-383,-2336
-5176,-19552,32586,2492,-117,-596,-2336
2986,7872,-6878,-4255,2018,-90,-2320
-4486,-5650,29334,5309,-3489,-22,-2288
1300,-2772,12066,-2795,1867,15,-2304
7766,3474,-7674,-2315,2426,-116,-2336
-9358,-11816,27122,3553,-2353,106,-2352
3604,9112,1046,-2566,1316,-1,-2288
-402,-7634,9228,-143,762,-308,-2320
-8690,-724,13200,1401,-1319,262,-2336
10250,11262,-9384,-3601,1398,-711,-2304
-10026,-10180,28190,5524,-2922,-717,-2320
2038,-5496,3068,-5061,2983,-226,-2320
1588,4352,5048,3320,-1920,17,-2304
-848,-6830,25558,1055,-556,-102,-2336
3634,-2222,-1150,-4934,4288,-107,-2304
-462,3212,3408,2794,-1980,264,-2320
2666,1868,8242,-1804,977,-262,-2320
-1224,-7430,8998,361,361,-40,-2320
-7228,7860,15304,2225,-3200,36,-2320
4570,-14702,11122,-3599,3514,-644,-2320
5872,13304,-5498,2096,-1607,-463,-2272
-2714,-11134,27254,2516,-1372,143,-2336
4094,9082,526,-3930,2326,268,-2336
8240,4694,-4702,2105,-969,-359,-2320
-3132,-7594,14342,-570,872,398,-2320
914,6438,3920,354,-546,190,-2336
3298,-1596,5338,-1506,1377,-453,-2336
-8978,-4686,11954,1611,-1027,179,-2320
8992,-7726,-1326,-4274,3628,-443,-2320
4032,10240,-7110,-2829,1352,-299,-2320
-6236,-8408,32767,5057,-3463,-53,-2320
2146,1002,5244,-3199,2027,226,-2320
9376,3600,-9980,-1372,1786,-342,-2304
-7152,-6438,14714,3468,-2266,195,-2304
2524,8148,1894,-1852,804,42,-2320
2194,-5452,4844,-1504,1488,-408,-2320
-9280,-1606,11260,2147,-1645,275,-2352
6856,12546,-3552,-2478,187,-522,-2336
-6710,-13244,27520,4435,-2008,-708,-2336
2510,330,-2932,-4723,2706,-164,-2320
-2766,-1732,17270,4214,-2807,144,-2352
2468,-2450,13516,-1504,1073,-65,-2304
4752,-1030,-1810,-3052,3156,-166,-2336
-8760,-8886,20194,3602,-2643,282,-2320
4202,8690,2582,-2101,960,-131,-2288
-1392,-9472,11100,-598,1208,-292,-2352
-8274,3226,12626,2077,-2146,216,-2304
11212,7426,-9792,-4349,2278,-779,-2304
-6934,-3028,18568,5700,-3285,-1087,-2320
-498,-8920,13576,-4025,2518,-258,-2320
4826,6874,-2120,868,-618,120,-2320
1354,-4126,23584,1652,-817,-269,-2304
-1454,-5348,9396,-3913,3552,262,-2336
-5596,-4602,12970,3348,-2434,169,-2288
5018,7698,3386,-2493,1416,-270,-2320
-5144,-9720,13020,654,323,-154,-2352
-4656,10602,13084,2113,-2830,6,-2304
11728,-1342,-9146,-5156,3806,-688,-2336
-1112,5028,2610,4883,-2973,-657,-2288
-4788,-11182,31716,-465,441,-9,-2320
8428,11900,-7338,-2670,1622,293,-2320
2848,-798,16128,2497,-1203,-355,-2304
-6866,-8282,19502,-2111,1858,302,-2336
-1846,994,8080,1674,-1344,208,-2320
4742,3048,3300,-2769,1881,-431,-2320
-8056,-5570,12470,1765,-998,4,-2320
12348,5854,-12858,-4294,2122,-760,-2336
3850,13008,-5810,1013,-1111,-413,-2320
-4346,-4688,28764,4239,-2706,242,-2352
6730,12472,-4166,-4823,3079,154,-2320
6396,4328,-3472,1359,-187,-360,-2304
-9382,-12008,25958,1194,-528,367,-2336
2142,7226,2768,-800,236,77,-2320
1598,-3516,9016,-1293,1209,-412,-2320
-7316,-3242,9392,1064,-790,186,-2320
10406,11152,-9626,147,-1812,-363,-2336
-686,-19054,23678,1819,248,-540,-2304
4208,13310,-6434,-3606,1576,-181,-2352
2518,5214,3046,5470,-3585,-39,-2320
2436,2608,4468,-3283,2204,7,-2304
8494,4828,-9238,-1913,2212,-235,-2304
-7190,-7700,17778,3675,-2467,164,-2304
2900,8830,1938,-2287,1133,-37,-2320
486,-6170,8466,-354,783,-354,-2320
-8302,-2612,11254,1376,-1164,281,-2336
12004,804,-11800,-3495,1266,-664,-2304
-9236,-15440,32767,5981,-3446,-1029,-2336
3150,-260,-4342,-5146,3007,42,-2320
7802,10938,-6050,2806,-1601,67,-2352
118,-5050,16880,454,-231,190,-2336
6878,946,-5012,-4449,4037,-145,-2336
-3118,-918,7576,4128,-2881,200,-2352
3270,7682,1704,-2380,1179,-120,-2320
-48,-7188,8292,-239,913,-247,-2320
-9130,2958,14866,2329,-2539,167,-2304
11308,6636,-11300,-5128,2986,-724,-2320
-7212,-2432,17288,5962,-3788,-700,-2288
-108,-9844,15226,-2516,1809,-317,-2320
6720,12054,-1628,67,23,201,-2336
-288,-4482,25948,2833,-1878,-181,-2304
1248,-5124,5392,-4155,3721,231,-2336
-30,4794,3992,2910,-2092,313,-2320
3652,6840,4660,-1999,1059,-302,-2320
-2822,-8730,10944,174,674,-158,-2336
-5338,10876,12508,2391,-3294,-177,-2336
2510,-16592,17266,-4241,3622,-657,-2304
332,6514,1722,2268,-1584,-672,-2336
-5110,-10712,31760,1393,-694,-152,-2320
3716,6472,2074,-3205,1953,363,-2320
3062,204,16960,2021,-881,-315,-2320
-6298,-8816,19806,-1276,1428,132,-2304
1574,6842,2716,271,-462,220,-2304
4178,5026,5216,-1999,1285,-447,-2320
-7240,-8206,13356,1439,-635,62,-2320
2720,13384,3156,1016,-2557,-321,-2272
-4604,-16944,28234,-906,2091,-468,-2336
4556,10802,-4232,-1545,628,-308,-2304
-5504,-5948,28410,4361,-2940,184,-2320
2676,-350,8756,-3831,2397,232,-2288
7216,3558,660,98,750,-395,-2304
-10092,-10572,24946,1892,-1119,237,-2336
2572,7786,2796,-994,292,131,-2320
4242,498,3120,-2038,1694,-477,-2320
-9500,-5336,13268,2275,-1550,158,-2320
8400,11308,-5168,-1123,-908,-364,-2304
2948,-16340,16578,1565,368,-680,-2320
2706,11236,-4246,-3199,1605,-210,-2320
-302,1062,13066,4918,-3330,11,-2352
2608,-3296,16966,-872,741,-59,-2304
1782,-2700,3070,-3253,3229,29,-2336
-1682,1332,8234,3583,-2552,186,-2304
4932,9094,2362,-2426,1183,-274,-2336
-3446,-10304,12846,209,667,-224,-2320
-7216,4678,13778,1675,-2113,163,-2320
11930,6348,-11456,-4840,2856,-727,-2336
-6454,-1096,14624,6036,-3595,-904,-2336
-1698,-11156,20596,-3075,1884,-128,-2352
7108,9432,-6948,-877,496,152,-2288
688,-4604,24406,2774,-1494,-385,-2320
-3356,-6198,12726,-3733,3135,311,-2336
-4360,-2200,11582,3133,-2250,94,-2352
-1590,-9520,10688,351,500,-271,-2320
-3258,11334,14686,1696,-3034,-192,-2352
884,-18766,20582,-1863,2850,-697,-2320
4338,14278,-7494,-1562,290,-265,-2320
-5350,-11578,32767,4929,-3192,115,-2304
2536,3818,4070,-2910,1981,-36,-2352
8662,4900,-9826,-2387,2485,-119,-2320
-7448,-7936,18960,3969,-2737,186,-2320
4962,6542,130,-2736,1418,-68,-2304
212,-6902,9392,-21,640,-333,-2336
-7846,-2854,10348,1506,-1431,259,-2304
12924,2730,-13966,-3716,1455,-734,-2320
-8792,-17484,32767,6198,-3540,-982,-2352
2974,1560,-5268,-5095,3031,-62,-2336
8150,11218,-7120,2323,-1273,-22,-2336
148,-5244,17232,1093,-654,-175,-2320
7104,1816,-6194,-4753,4197,75,-2352
-3162,-876,6686,3765,-2698,160,-2288
3370,4324,6046,-2413,1241,-163,-2336
-6,-7092,8248,68,656,-256,-2304
-8998,1724,14874,2356,-2622,106,-2320
9150,-8208,-2700,-5704,3753,-745,-2352
-8820,-4094,20144,6060,-3906,-844,-2304
930,-9180,11700,-2115,1583,176,-2304
7326,12226,-4008,-1708,1000,354,-2304
-728,-5664,26840,3333,-2162,-38,-2320
1310,-4542,3988,-4020,3591,166,-2320
292,4946,3872,2532,-1845,224,-2304
3810,6124,3890,-1873,935,-275,-2320
-2342,-7686,10598,361,468,-101,-2320
-6352,9774,14590,2295,-3251,-152,-2352
3202,-16556,15448,-4788,3929,-634,-2336
-768,6038,2296,2870,-1955,-606,-2336
-4462,-11300,31570,4003,-2572,208,-2320
3792,7132,854,-4088,2514,256,-2352
8850,4756,-7332,204,546,-325,-2320
-9158,-9842,21844,1299,-522,59,-2336
3666,4486,6536,-1886,989,-309,-2352
-6536,-7932,12822,604,178,-133,-2336
1494,13434,4922,1620,-2907,-255,-2320
8010,-9786,1902,-2142,2717,-556,-2320
5020,11820,-4492,-298,-269,-386,-2320
-5678,-6708,30294,3596,-2282,4,-2336
6396,11906,-2066,-4199,2585,295,-2352
6466,3662,1950,1208,-165,-467,-2320
-10084,-11392,25978,1090,-360,256,-2320
2622,8172,1854,-967,251,122,-2320
3564,718,4784,-1960,1463,-471,-2304
-8888,-5396,12528,1773,-1089,149,-2304
7958,11628,-4742,-224,-1702,-439,-2320
3172,-16346,15494,1359,492,-558,-2320
3914,12100,-6000,-2658,1274,-417,-2304
-1252,34,13566,4879,-3286,-115,-2304
4336,7832,1786,-3591,2293,119,-2320
7834,2504,-6174,-1165,1685,-328,-2320
-8200,-8466,18754,2871,-2024,159,-2352
4618,8466,2476,-1466,577,6,-2336
2452,-4870,6058,-1556,1667,-375,-2304
-8600,-2722,10650,2112,-1602,235,-2352
11684,6022,-10682,-2418,165,-603,-2320
-4276,-17984,28976,4672,-2122,-711,-2320
2586,6772,-6438,-4981,2793,-132,-2336
6594,9122,-5844,3853,-2542,-105,-2304
2750,-1856,11124,-614,599,-249,-2352
6662,1284,-6826,-3850,3587,-114,-2320
-4482,-3122,11198,4064,-2927,261,-2320
5128,6698,3116,-2660,1432,-202,-2336
-624,-8972,10128,170,681,-291,-2336
-7998,94,11204,1770,-2027,214,-2352
12064,-3848,-9386,-4927,2845,-754,-2352
-9380,-10720,28616,6103,-3562,-684,-2304
1680,-4408,2412,-3671,2262,-104,-2304
9304,13164,-8884,-123,44,201,-2336
296,-7050,24914,2503,-1335,-361,-2320
2218,-2016,1020,-4327,3647,65,-2320
2820,9620,2438,-1929,880,0,-2304
-7096,-4840,11452,1226,-677,57,-2320
5158,14276,294,1419,-2860,-414,-2320
6432,-13990,6672,-1912,2893,-529,-2336
4926,14218,-6148,-1379,329,-190,-2336
-2998,-1992,21846,5056,-3437,-240,-2336
4794,10184,-1320,-4430,2805,139,-2320
7498,4808,-5836,-66,785,-318,-2288
-9482,-11022,25692,1872,-1036,185,-2336
3664,8722,1166,-1494,640,52,-2304
1740,-4216,8390,-1181,1213,-418,-2320
-7564,-3352,9376,1158,-834,241,-2320
11156,8772,-11110,-1102,-766,-564,-2320
-2256,-19168,26722,2927,-537,-680,-2304
4386,11946,-7246,-4799,2437,-200,-2304
3684,6744,-744,5199,-3395,-6,-2320
1382,-274,6976,-1701,1219,69,-2320
9470,4698,-10292,-3567,3343,-131,-2320
-6740,-5680,14218,4210,-2870,192,-2336
2650,9206,2032,-2582,1236,5,-2288
1032,-6104,6706,-434,890,-360,-2320
-8902,-2758,12332,1852,-1688,249,-2352
11900,-1088,-10872,-3976,1742,-658,-2304
-9196,-13612,31042,6214,-3672,-437,-2336
2834,-2092,-1874,-4494,2790,-8,-2336
8212,11414,-5610,2146,-1186,69,-2320
-136,-5578,19654,1692,-1046,-58,-2320
5980,84,-3466,-4651,4179,-68,-2304
-2648,204,6524,3859,-2769,283,-2336
3566,7268,1608,-2361,1155,-180,-2320
-430,-7034,8106,-170,823,-228,-2288
-8990,4020,15862,2439,-3423,18,-2320
7590,-10846,2796,-4294,3777,-481,-2304
6180,13114,-6502,1931,-1490,-561,-2304
-1282,-11290,21104,2093,-1002,98,-2352
5736,11238,-406,-3979,2369,402,-2320
7630,4340,-632,2207,-1015,-503,-2320
-10674,-11180,27980,-981,1208,278,-2336
538,5626,4154,-52,-260,197,-2336
3820,866,4480,-1840,1412,-429,-2336
-9230,-5856,13278,1936,-1174,144,-2368
8722,10804,-6698,-547,-1487,-516,-2320
2094,-16976,17864,1895,35,-632,-2320
4008,11688,-5970,-3809,2089,-308,-2320
-794,1014,10974,4976,-3417,-64,-2336
3958,6254,2848,-3090,1945,128,-2320
8608,2650,-7674,-1829,2270,-305,-2320
-8476,-7960,17524,3202,-2247,188,-2320
4550,8574,3540,-1473,594,42,-2336
3008,-4348,4912,-1617,1744,-413,-2304
-9118,-2598,11076,2342,-1969,264,-2304
11286,4294,-9952,-3005,695,-596,-2352
-4902,-16666,28494,4826,-2305,-666,-2320
2522,4724,-4800,-4709,2719,-210,-2304
6660,8332,-4864,3555,-2321,73,-2336
3044,-1632,11370,-437,512,-71,-2288
5722,112,-4900,-3784,3602,-58,-2352
-3770,-2016,10590,3772,-2725,246,-2352
5158,6634,3402,-2293,1141,-194,-2336
-730,-9562,10644,79,766,-226,-2336
-7648,612,10628,1717,-2051,244,-2320
11294,-4308,-7274,-4755,2813,-783,-2352
-8622,-9062,26374,5892,-3464,-924,-2288
1710,-5168,2930,-3425,2120,-146,-2304
8666,13008,-8008,-292,147,131,-2336
976,-6668,23754,2230,-1054,-210,-2320
776,-2206,4490,-3766,3208,49,-2320
4,3478,5342,3290,-2347,212,-2304
3242,588,5916,-2985,1809,-315,-2336
-4456,-8904,11976,1269,-390,-122,-2304
-6910,6378,17052,2168,-2811,113,-2320
6582,-14204,6530,-5410,4341,-610,-2320
-4456,2590,7740,4388,-2843,-598,-2336
-3322,-12918,30012,1297,-547,122,-2368
4794,10110,-1034,-4424,2697,299,-2304
514,-2964,21778,3135,-1652,-541,-2320
-4518,-8084,15862,-1480,1424,163,-2320
2314,8690,2484,387,-644,92,-2320
1094,-5246,9096,-1951,1427,-402,-2320
-6076,-5714,11420,1136,-690,95,-2320
-304,13884,10032,1606,-3030,-345,-2304
-3066,-20082,29358,-927,2252,-454,-2336
3054,12082,-5446,-1628,325,-201,-2320
-5154,-8946,32767,5294,-3347,-243,-2288
1984,-514,7500,-4241,2696,335,-2320
8504,4964,-9160,117,621,-336,-2336
-9024,-11184,26884,2439,-1468,260,-2336
3382,8858,1010,-2787,1473,-100,-2320
-188,-6846,8520,-38,635,-345,-2320
-8646,-1890,12894,1745,-1615,207,-2304
9858,12452,-8350,-3938,1692,-745,-2352
-10196,-12090,30724,6186,-3620,-977,-2320
2352,-3808,304,-4686,2888,-254,-2288
8234,12046,-5752,2412,-1335,11,-2304
-522,-6832,22082,1689,-1049,-207,-2304
5582,-308,-3920,-4854,4326,-75,-2304
-1582,1612,4724,3881,-2706,69,-2320
3494,7274,1720,-2329,1155,-219,-2352
-746,-6948,8346,-36,705,-265,-2304
-8310,5304,15674,2473,-2907,65,-2368
11882,3870,-12056,-5614,3758,-727,-2320
-5456,1810,10618,5448,-3486,-668,-2320
-1614,-11330,23206,-1051,995,-119,-2320
5480,10708,-694,-1387,884,237,-2304
-84,-3144,25424,3321,-2100,-257,-2336
-1206,-7258,10252,-4182,3730,249,-2352
718,6106,4296,2088,-1545,166,-2320
3150,5708,6632,-1506,729,-334,-2320
-3630,-8938,12162,318,516,-156,-2304
-3038,12554,10058,2011,-3088,-7,-2304
9454,-4662,-4090,-3823,3482,-392,-2352
2718,8092,-794,1926,-1440,-624,-2320
-5936,-9874,32586,1648,-904,206,-2304
3278,4108,2380,-3385,2060,289,-2304
4344,1784,11974,1757,-676,-425,-2304
-7702,-7878,17202,2835,-1807,116,-2352
1932,7460,2466,-1605,607,8,-2320
2672,-4822,5152,-1538,1582,-435,-2352
-8910,-3022,10600,1984,-1457,185,-2336
4054,13090,1282,-1878,-325,-563,-2352
-5578,-15876,28530,4013,-1646,-814,-2320
2856,4240,-5576,-4804,2728,-88,-2320
6380,8526,-4384,3991,-2592,-53,-2320
2368,-1794,11326,-1052,820,-46,-2304
6454,516,-5168,-3555,3496,-125,-2304
-4102,-2122,10524,3910,-2849,203,-2288
3408,8430,2192,-2221,1018,-134,-2320
-166,-8554,9556,-722,1312,-310,-2304
-8200,832,11270,1959,-2014,203,-2304
9544,11006,-7030,-3869,1718,-632,-2288
-8422,-9012,25870,5740,-3222,-992,-2320
1690,-5226,2978,-4176,2512,134,-2320
