AcX,AcY,AcZ,GyX,GyY,GyZ,Tmp
-36,-856,9828,-623,262,240,-2400
6114,-6940,514,-3241,3374,-245,-2416
138,7570,2920,-301,-981,88,-2384
2126,-2940,23252,2273,-664,-339,-2400
-4298,-1198,13748,-2426,1995,288,-2400
-4832,1060,6338,474,-1206,389,-2384
6794,3218,6492,-799,1120,-496,-2416
-7200,-7510,16696,1043,-467,35,-2400
1000,-40,3726,-1077,156,-34,-2400
4592,552,9532,1053,-236,-713,-2384
-4672,-5060,13732,-25,671,-232,-2416
848,1528,4070,-111,-389,73,-2400
8444,11614,432,1583,-2009,-509,-2368
3434,-10534,7560,-3139,3275,-178,-2384
2336,8476,2442,1399,-2125,81,-2416
2738,-1938,18124,1297,-30,-170,-2416
2140,1354,3946,-2107,2026,250,-2400
-2670,84,6320,284,-1154,435,-2400
7076,4228,3292,-681,1006,-498,-2368
-4350,-7326,14098,209,211,43,-2384
186,2736,2260,-738,-150,5,-2384
5746,1730,5062,1391,-469,-594,-2384
-6840,-4820,15880,-1030,1475,-349,-2432
-2276,2174,6200,368,-780,59,-2368
988,9560,12244,1735,-2115,-518,-2368
-1354,-14926,18556,-3777,3654,-254,-2384
-4964,2660,6026,2167,-2571,53,-2352
3804,-3630,18822,335,534,-109,-2368
-666,-682,8890,-2119,2123,185,-2400
-6630,2264,9566,630,-1524,409,-2384
7212,2552,6784,-287,669,-425,-2416
-6354,-8306,17286,-378,684,-43,-2384
1154,1410,2150,-1446,432,-52,-2384
6766,3224,-52,-175,918,-686,-2400
-8514,-5372,18488,1481,-691,-266,-2416
18,300,9490,-753,199,147,-2384
5126,10138,6622,134,-608,-459,-2400
-6260,-15354,25638,307,694,-13,-2400
7626,5278,-2264,-1324,-62,-65,-2400
3420,-2574,19356,1848,-361,-230,-2416
-4206,-1150,13982,-776,556,255,-2416
1862,124,7474,-340,-610,371,-2400
7476,3572,5644,-1101,1337,-581,-2384
-7998,-8176,18324,1211,-645,117,-2416
1414,452,2726,-1291,325,-28,-2416
6966,2820,-2516,674,175,-749,-2416
-4726,-4554,13426,444,228,-309,-2400
1110,1150,3634,-486,-26,151,-2400
8522,11770,120,1128,-1624,-350,-2384
2932,-11082,8224,-1480,2170,-164,-2384
2376,8580,2680,644,-1572,34,-2432
2486,-1940,18924,1858,-315,-182,-2368
2452,1300,3430,-2184,1896,180,-2384
6976,1008,7532,-223,636,-405,-2416
-3986,-6728,11538,-735,872,-53,-2400
1100,-242,4346,-1195,336,-59,-2400
7408,2376,-3648,-1862,2483,-717,-2384
-8524,-2710,17318,2791,-2385,-172,-2368
-2086,924,15972,245,-446,140,-2384
10622,776,-7892,-4477,3098,-648,-2384
-12392,-14494,29496,5122,-3614,-124,-2384
9348,-668,-4844,-3477,2090,-113,-2432
5230,4368,-2588,495,438,-115,-2400
-8776,390,19548,1128,-1515,422,-2384
4678,1178,7328,-666,230,2,-2384
2792,-2100,366,-2457,2494,-340,-2416
-4834,770,5786,2315,-2176,-17,-2400
948,-1098,6284,-290,-92,-270,-2400
6624,682,-2326,-1444,2124,-717,-2416
-7216,-506,14188,2494,-1951,-212,-2416
940,-700,7878,-198,65,174,-2400
12648,10252,-7950,-3031,1777,-601,-2400
-12934,-11232,24058,4363,-2470,26,-2400
6844,8372,-1982,-3677,1711,-38,-2384
4434,2600,4418,1886,-455,-163,-2416
-10220,184,21168,1552,-1953,426,-2400
5616,1394,6752,-769,432,-68,-2400
920,-3944,3700,-2256,2372,-309,-2400
-6818,-4174,10672,2063,-2073,-59,-2384
1176,-2518,8414,-36,-103,-311,-2384
5464,-50,-810,-1843,2448,-615,-2384
-5826,622,12190,2630,-2074,-209,-2400
-120,-316,10532,206,-390,174,-2400
12190,6798,-8154,-3495,2231,-709,-2384
-11380,-6064,17276,4469,-2891,-56,-2384
7788,4506,-3964,-3407,1842,-109,-2368
4882,3484,174,1086,23,-302,-2400
-9588,1818,17082,901,-1253,368,-2400
2668,858,6516,-494,16,-3,-2352
5330,526,-936,-2239,2323,-403,-2416
-6052,-1990,7840,2083,-1796,-64,-2368
878,-246,3968,-773,151,-116,-2416
7344,3134,-2744,-1439,2092,-685,-2416
-8300,-3436,17432,2421,-1829,-231,-2416
-1840,-284,14316,194,-339,147,-2416
11742,3688,-9476,-3268,1952,-576,-2400
-11646,-16212,31716,4402,-2722,-83,-2400
9012,420,-6388,-3682,1934,-30,-2384
5444,5160,-3314,1655,-357,-321,-2416
-7502,-154,17940,584,-989,437,-2384
4154,1740,6498,-430,-125,70,-2400
3388,-1794,324,-2151,2262,-413,-2432
-6998,-6220,13464,1958,-1714,16,-2384
834,-1604,5732,-728,195,-192,-2448
6572,2396,-2750,-646,1401,-710,-2400
-7328,-2098,16350,2228,-1600,-240,-2384
588,590,6614,-221,-117,211,-2384
11342,9572,-4854,-2054,1024,-724,-2400
-12368,-11822,26212,4491,-3113,-45,-2384
8926,-1562,-3310,-3367,2107,-102,-2416
4348,4380,-1152,570,356,-43,-2384
-8778,2202,17820,772,-1363,446,-2400
5532,1206,6306,-308,135,-87,-2368
752,-3834,4568,-2326,2345,-310,-2384
-6564,-4274,9992,1903,-1862,-10,-2384
558,-2656,8922,-291,-55,-230,-2432
5422,78,30,-1440,2092,-574,-2400
-7926,-4102,17234,2413,-1879,-282,-2384
-622,-754,11198,23,-249,206,-2416
12492,7496,-9260,-3542,2208,-599,-2384
-11270,-6806,16326,3885,-2229,-11,-2368
8472,4754,-3692,-3482,1922,-89,-2400
4032,2914,2226,1902,-564,-209,-2416
-8810,2570,15724,244,-720,478,-2416
2376,480,7302,-305,-72,61,-2384
4666,758,-1344,-2384,2389,-363,-2368
-5686,-1444,7286,2222,-1902,33,-2432
1124,12,3382,-986,290,-167,-2384
-8216,-3208,17858,1464,-780,-253,-2400
1202,1492,3982,-685,243,195,-2416
9122,10782,-804,-1223,429,-529,-2416
-11144,-14914,29670,2227,-763,-10,-2384
9370,1270,-4854,-2622,997,-38,-2384
3042,-1374,16218,1939,-509,-282,-2384
-7682,-22,18076,-125,-137,323,-2400
4326,924,6988,-585,210,-14,-2368
3418,-1108,-790,-2436,2459,-314,-2352
-4914,284,5868,2275,-2115,-12,-2384
924,-1012,5236,-368,7,-278,-2384
6698,1730,-2786,-1305,1895,-654,-2432
-7502,-1122,15594,2508,-1937,-246,-2368
936,210,6442,-358,66,171,-2416
11376,10150,-5474,-2773,1618,-565,-2384
-12666,-12870,26778,3396,-1751,12,-2400
9920,-1696,-4762,-3274,1572,-116,-2400
3540,380,10010,1754,-384,-310,-2400
-9276,1212,19300,231,-511,418,-2416
5264,1160,7734,-595,13,157,-2416
6528,3178,728,-2128,2246,-460,-2368
-7144,-5554,11942,2311,-1892,32,-2368
968,-1974,7380,-1137,345,-116,-2416
6956,2886,782,-449,1218,-753,-2416
-8686,-5584,18476,1940,-1227,-268,-2384
740,102,8600,-683,277,159,-2400
4168,11270,7258,-409,-306,-599,-2384
-5768,-16896,25780,1230,73,-46,-2384
7656,6068,-3084,-2079,452,-6,-2384
4302,2542,3018,2168,-644,-141,-2400
-4206,-1726,13116,-755,519,361,-2400
2176,714,5582,-480,-414,335,-2416
5828,2024,-908,-1405,1631,-562,-2384
-7948,-8024,18274,1801,-1225,69,-2416
1592,476,2498,-1236,300,-46,-2400
7268,3362,-2344,-625,1297,-662,-2416
-9034,-4602,18476,2088,-1324,-268,-2384
7738,12316,1644,116,-763,-426,-2400
-9924,-17578,31760,1582,-107,15,-2416
8546,2948,-5364,-2526,700,-31,-2416
2888,-1882,19640,2395,-767,-264,-2384
-6776,-850,16792,-478,191,293,-2384
3430,746,6710,-398,-390,280,-2432
4834,172,-1374,-1714,1829,-539,-2432
-8158,-7914,17244,2046,-1504,-32,-2432
1274,-372,3664,-1367,413,-42,-2416
7202,3194,-3546,171,652,-800,-2384
-6156,-5374,15500,882,-195,-351,-2400
1030,828,4528,-490,48,168,-2432
11044,10482,-3884,-272,-465,-501,-2432
238,-14194,15712,252,930,-14,-2416
4206,8174,1264,-1518,-23,40,-2384
3636,800,11634,2271,-731,-363,-2432
442,-472,7188,-1732,1443,375,-2384
-1200,616,5466,-139,-778,379,-2384
6956,3982,1568,-1065,1242,-484,-2384
-7748,-6188,14302,864,-315,47,-2368
734,1750,2216,-1198,240,-43,-2432
6472,2914,2754,1127,-188,-539,-2400
-7880,-5626,18260,-173,789,-365,-2384
-1144,2984,4526,-289,-258,67,-2416
2016,10328,11684,1820,-2152,-351,-2400
-3508,-16686,23558,711,502,-33,-2432
6564,7912,-468,-1357,-149,84,-2416
3336,1452,8086,2603,-931,-307,-2416
-1534,-306,10206,-1690,1257,343,-2400
554,360,6000,-86,-733,301,-2400
6234,2710,-328,-1231,1376,-533,-2416
-6840,-8192,16978,1263,-627,-57,-2416
1178,1336,2598,-1204,227,-50,-2416
6790,3112,-256,966,-76,-631,-2368
-2156,-3828,10040,-68,665,-422,-2352
114,1846,3820,-195,-260,97,-2384
5784,11690,4908,1047,-1546,-570,-2416
-7410,-16730,28448,-2390,2754,-77,-2368
7328,-3700,3674,-3365,2264,-91,-2384
3716,3226,734,-2100,2098,80,-2400
-4550,792,6984,640,-1527,403,-2400
7162,3820,4984,-543,910,-465,-2400
-7574,-7708,16906,-201,505,-57,-2368
-1182,2634,3404,-153,-544,-15,-2416
5354,572,8116,1635,-710,-450,-2416
-5446,-4916,14596,-1152,1651,-449,-2384
-3198,2544,7602,762,-1151,-10,-2368
-1748,6808,16524,1924,-2114,-187,-2368
2810,-10462,8240,-5118,4274,-452,-2416
-8806,-2866,11688,3999,-3653,65,-2416
6292,-3854,9902,-1367,1419,-180,-2400
1688,1278,3984,-1496,1818,22,-2400
-8210,3424,12672,654,-1731,420,-2416
6766,1538,6960,34,402,-343,-2352
-4950,-7394,14704,-1383,1406,-37,-2416
572,2704,2310,921,-1274,-42,-2400
2694,-2912,12652,1353,-657,-438,-2400
1324,-2354,5610,-2012,2467,-537,-2384
-1820,2286,5890,1759,-1807,-98,-2416
-2604,1548,16440,1425,-1662,12,-2384
9258,-742,-5532,-5257,4003,-625,-2400
-5482,2034,7132,4914,-4037,-127,-2400
9322,-1448,-4214,-2421,1889,-181,-2384
4690,4694,-1598,-979,1574,-51,-2416
-7170,2660,10026,1306,-2050,477,-2400
7294,2256,6732,-147,287,-247,-2400
1828,-3030,1184,-2170,2067,-190,-2400
-3674,1860,4312,1681,-1877,-28,-2416
3450,-2508,13048,662,-396,-398,-2384
6082,1016,-2300,-2093,2582,-561,-2368
-6744,-96,14326,2638,-2268,-148,-2400
-2976,3210,17644,274,-527,122,-2416
11502,8026,-6128,-4298,3033,-653,-2416
-12284,-9660,23122,4963,-3627,-9,-2384
9276,-2552,-1432,-3399,2126,-207,-2432
-3218,-1408,11900,-1313,1035,323,-2384
1226,98,6884,-291,-515,323,-2368
6174,2558,-1102,-1627,1802,-574,-2368
-6708,-3922,9782,1954,-1367,-6,-2368
1834,1016,2068,-1323,362,-51,-2400
7048,3240,-1502,-66,841,-776,-2400
-8692,-4696,17772,1054,-366,-271,-2416
708,1726,3688,-537,96,150,-2416
6610,11624,3590,354,-946,-401,-2400
-8834,-17228,29672,-6,1048,-34,-2400
648,7988,2698,-727,-701,-34,-2416
2636,-2164,20896,2277,-637,-113,-2384
-6036,-694,16008,-1493,1144,347,-2384
3108,754,7528,-30,-893,349,-2400
4906,524,-1524,-1907,2034,-553,-2416
-8456,-8224,17710,2153,-1646,76,-2384
1540,-112,3204,-1264,450,-62,-2416
7588,3378,-3586,-68,829,-790,-2368
-6248,-5884,15444,1290,-490,-259,-2384
2024,1850,3010,-843,263,177,-2416
9146,12082,-1150,94,-696,-518,-2416
-11774,-16670,32568,-78,1136,-36,-2400
3376,9218,2096,-1552,-57,22,-2368
2818,-372,16460,2584,-891,-382,-2368
-8114,284,18812,-1522,1138,335,-2384
-2072,584,6044,-140,-663,261,-2416
7050,4314,3054,-1231,1442,-522,-2432
-7950,-7018,15084,1323,-710,42,-2400
606,1854,2192,-1088,162,-7,-2384
6312,2174,4084,746,60,-686,-2416
-7526,-5532,16558,128,587,-354,-2400
1198,-108,6334,-315,-258,65,-2400
760,11254,12870,1300,-1821,-607,-2400
-2594,-16928,23136,-2401,2829,-137,-2448
5686,8694,796,243,-1299,24,-2416
3482,-5438,22376,2196,-608,-251,-2400
-306,-374,8304,-2790,2390,277,-2400
12,1644,5296,877,-1621,407,-2384
1728,-2878,2036,-2253,2342,-349,-2400
-4212,1650,5300,1957,-1970,-9,-2416
734,-2446,7428,309,-281,-305,-2416
6440,1334,-2324,-2217,2598,-632,-2400
-6772,12,13964,2633,-2297,-182,-2368
-3422,3352,19024,548,-791,115,-2384
12584,8568,-8358,-5007,3587,-624,-2384
-12318,-8840,20932,5158,-3648,-21,-2400
8002,-3726,678,-3325,2113,-122,-2432
4504,2764,3324,472,456,-167,-2384
-9500,1828,18042,1050,-1638,411,-2384
6006,1040,6300,-438,274,-133,-2416
-998,-4802,7396,-2325,2393,-301,-2400
-6560,-2596,8948,1973,-1929,14,-2400
1232,-3134,10302,-86,-166,-296,-2416
4310,-622,1612,-1520,2152,-610,-2384
-7836,-3556,17098,2282,-1881,-171,-2384
-1470,-556,13392,221,-393,187,-2432
11898,4932,-8748,-3737,2438,-661,-2400
-9908,-16482,30502,4184,-2594,-9,-2384
9306,2672,-5822,-3534,2014,-114,-2384
4538,3766,-392,1633,-401,-99,-2400
-8850,2358,15002,435,-900,455,-2368
3438,658,7122,-385,-21,38,-2400
3936,-706,-670,-2316,2372,-371,-2384
-5102,76,6142,2270,-1986,-71,-2384
674,-640,5042,-791,165,-182,-2400
6950,2856,-3344,-1057,1687,-664,-2400
-8094,-2606,16954,2093,-1430,-257,-2416
976,966,5742,-492,108,152,-2416
10384,9598,-3090,-1968,1057,-651,-2416
-11524,-12812,26950,2434,-1032,5,-2400
4530,7702,668,-2258,753,-79,-2416
3266,-242,12046,1837,-461,-143,-2384
-8178,2156,18470,45,-260,411,-2384
4126,250,9148,-357,-292,260,-2368
6804,3692,852,-2190,2180,-490,-2400
-7186,-5950,12252,2316,-1838,36,-2400
3468,-2086,12582,1320,-697,-481,-2400
-8162,-4744,17736,788,-88,-340,-2400
188,-478,8990,-600,83,211,-2432
4180,11094,7402,273,-940,-530,-2400
-5670,-16848,26450,244,884,-111,-2368
7774,5986,-3042,-896,-508,121,-2416
2966,-3270,21684,2211,-613,-192,-2416
-3744,-998,12870,-1602,1296,297,-2400
1650,-80,7406,-76,-748,399,-2400
7750,3542,5644,-1123,1318,-514,-2416
-7818,-8148,18396,1320,-705,87,-2384
1378,758,2542,-1182,176,-56,-2400
7072,3036,-2314,988,-76,-594,-2400
-4524,-4700,12624,218,430,-305,-2400
1034,1968,3346,-85,-392,33,-2352
8374,10458,1294,1036,-1543,-509,-2352
3386,-9894,7190,-2328,2756,-188,-2400
1522,7360,3094,873,-1731,-44,-2400
3256,-1404,16968,1262,50,-146,-2400
1650,420,4446,-1689,1661,207,-2416
-3014,1756,5394,32,-1075,395,-2384
7468,3918,4028,-379,897,-477,-2432
-3598,-6630,11176,-398,629,21,-2384
-234,2768,2340,-443,-305,15,-2384
6016,1344,6250,1431,-496,-488,-2384
-7060,-5488,16444,-559,1186,-446,-2448
-2160,2862,6246,368,-876,-4,-2400
336,9602,13498,1871,-2179,-392,-2368
-1052,-14916,18240,-4187,3971,-327,-2416
-5868,2088,6034,2546,-2801,115,-2416
4740,-4008,17718,108,689,-186,-2400
-362,-840,8230,-2198,2244,139,-2400
-7548,2688,10648,839,-1776,407,-2384
7312,1904,7602,-95,505,-491,-2416
-6442,-8062,16308,-1086,1192,-101,-2384
1406,1988,1912,510,-1004,-50,-2400
2860,-1922,13670,1687,-848,-448,-2368
-7302,-1078,15004,2562,-1877,-242,-2400
1086,-80,7218,-145,-68,204,-2416
8140,-3786,-4226,-4940,4322,-263,-2400
-2492,5234,3434,3177,-3139,-74,-2400
3070,-3792,22508,488,371,-152,-2368
5172,4490,-2180,-2471,2512,115,-2384
-6568,2288,8166,1071,-1956,446,-2416
7132,2340,7022,-307,670,-379,-2384
-7050,-7988,17240,-1313,1382,-54,-2368
-3074,2060,4318,477,-1025,-11,-2400
4324,-358,11460,1450,-817,-591,-2416
-3188,-4752,11666,-1879,2343,-333,-2384
-5514,1088,11146,1613,-1755,-70,-2400
-3352,4974,19518,2025,-2106,-167,-2400
5852,-7954,1322,-5836,4640,-533,-2400
-11370,-6132,15302,4958,-4145,-143,-2384
6858,-5338,5936,-1242,1265,-112,-2384
4592,3856,-240,-1751,2150,22,-2432
-5010,1440,6306,1622,-2326,400,-2400
6114,1178,7630,-305,499,-282,-2400
-1654,-5752,8032,-2088,2099,-197,-2416
-1634,2760,3406,1412,-1765,-66,-2384
1878,-3118,10606,828,-456,-419,-2400
4050,-854,1582,-2117,2583,-522,-2400
-4142,1622,9286,2368,-2151,-87,-2416
-1332,172,13714,999,-1177,42,-2416
11246,3296,-7926,-5167,3839,-631,-2384
-8532,-2136,11318,5141,-3907,-284,-2368
8966,1582,-5498,-3190,2091,-86,-2384
5042,4508,-1532,-108,905,-29,-2448
-8702,2502,13606,1164,-1887,410,-2416
6644,1678,6880,-243,123,-169,-2400
-4280,-7282,13858,-542,808,-125,-2384
436,2386,2232,-190,-544,-43,-2384
5720,2354,5158,1747,-815,-476,-2432
1796,-2170,4848,-1824,2176,-307,-2400
-1968,2408,5856,1034,-1278,-7,-2400
10960,10766,-4430,-3531,2210,-691,-2416
-5702,1864,6376,5084,-4129,-185,-2432
3934,-4606,19188,-2094,1847,-123,-2400
4732,4880,-2542,-1320,1852,41,-2400
-7486,1870,10388,1050,-1938,431,-2400
7648,2620,6062,-76,395,-284,-2400
1774,-3792,2368,-1734,1794,-155,-2384
-3648,2288,4626,944,-1336,-66,-2384
3512,-2448,12708,1074,-516,-409,-2368
-1178,-2846,8588,-2085,2518,-492,-2400
-6596,-180,14194,2016,-1932,-97,-2400
-3098,3170,17826,1130,-1326,-25,-2384
7214,-4658,-2044,-5229,3879,-653,-2384
-11944,-8960,21324,5050,-3942,-73,-2400
8452,-3198,22,-2835,2180,-125,-2400
3782,3860,154,-66,905,-25,-2416
-8920,3188,16960,1015,-1809,409,-2416
7532,3600,5684,-100,510,-358,-2400
-1384,-5284,7634,-1361,1447,-118,-2400
-1872,3054,3468,760,-1158,-12,-2384
4614,-592,10336,1416,-714,-476,-2416
4466,-1076,996,-1990,2363,-402,-2384
-4518,2182,10098,1980,-2001,-100,-2400
-2652,5516,18242,1559,-1723,45,-2400
12022,5804,-9532,-5487,4120,-631,-2416
-10120,-4380,13358,4977,-4036,-43,-2384
7336,-4360,6500,-2295,1897,-152,-2416
2738,1970,2938,-612,1315,-46,-2400
-8864,3080,14350,1110,-2001,453,-2400
7056,912,6664,-161,330,-260,-2384
-3638,-6420,11728,-2312,2211,-168,-2384
-5958,-936,7380,1860,-1983,-29,-2400
2172,-2812,11650,484,-337,-356,-2432
2316,-1868,4314,-1912,2470,-535,-2368
-8284,-2644,17434,2471,-2258,-115,-2384
-1458,582,15020,786,-863,50,-2416
10536,1474,-7816,-4699,3279,-641,-2400
-11888,-14866,29704,4942,-3396,-170,-2384
3106,-396,14650,2274,-661,-124,-2432
-8360,4,19118,415,-729,367,-2416
4660,1098,7162,-663,60,125,-2384
3056,-1920,-240,-2265,2385,-444,-2416
-7628,-6678,14244,2313,-2028,11,-2416
790,-1156,5956,-925,250,-168,-2400
6758,1444,-3042,-955,1635,-688,-2432
-8028,-5572,17454,2211,-1478,-304,-2416
1526,278,6304,-749,382,207,-2384
11406,10310,-5672,-1556,649,-512,-2416
-12918,-12820,26948,2008,-519,-21,-2400
5348,8686,590,-2597,832,-35,-2432
3878,658,9172,2279,-668,-433,-2384
-9424,1250,19334,-524,223,355,-2384
50,840,5144,-511,-315,297,-2400
6776,3468,192,-1681,1855,-543,-2400
-8004,-5794,13154,2090,-1515,47,-2432
1546,1782,2060,-1331,361,-19,-2384
7028,3180,796,317,435,-815,-2416
-8800,-5608,18616,652,-21,-283,-2400
1006,-482,7912,-555,115,139,-2432
3816,12046,7620,207,-885,-381,-2400
-6068,-17440,26936,-487,1439,-220,-2416
7380,6380,-3092,-1046,-495,56,-2384
2968,-3044,22322,2258,-717,-67,-2432
-3854,-1640,12508,-1874,1457,248,-2400
1868,622,5724,-19,-924,409,-2384
7416,2802,6400,-852,1203,-535,-2384
-7796,-8008,18366,1045,-501,77,-2416
1594,454,2528,-915,-32,-24,-2400
4282,-346,11336,1383,-503,-545,-2416
-3726,-4690,12170,-675,1216,-387,-2384
848,2166,3106,12,-501,68,-2384
6426,12416,3684,1793,-2197,-223,-2416
5356,-9064,2910,-3445,3523,-294,-2400
1058,8368,2340,1331,-2034,137,-2400
2568,-1902,21222,1419,-172,-143,-2416
-9308,2168,16680,1445,-2059,454,-2384
6128,1236,7540,-158,279,-224,-2432
-7938,-8076,17260,623,-136,-13,-2400
970,-46,3536,-994,-41,29,-2400
5150,786,8392,1141,-238,-634,-2368
-5494,-5080,14438,-552,1146,-346,-2416
874,818,4488,62,-545,45,-2416
-1166,8628,16002,1786,-2236,-552,-2432
1400,-13666,13500,-2868,3172,-268,-2400
3908,9050,1790,951,-1768,116,-2400
4654,-4926,16444,1459,-156,-123,-2416
1452,688,5678,-2516,2280,280,-2416
-1856,232,5860,610,-1453,458,-2432
6908,1772,7254,-303,655,-407,-2384
-5014,-7462,14966,-338,670,10,-2384
612,2114,1978,-495,-317,-55,-2384
5998,2604,3562,1716,-715,-689,-2416
886,-2666,6194,-1565,1931,-354,-2432
-1374,2644,4870,806,-1147,-40,-2400
2240,9350,11272,1836,-2141,-459,-2384
9260,-2124,-5208,-4515,4097,-418,-2384
-4454,3182,5792,3131,-3142,139,-2416
3920,-3366,18488,-524,998,-163,-2400
4428,3732,-844,-1585,1978,93,-2384
-6344,2504,7958,515,-1540,366,-2384
7288,3006,6374,88,305,-294,-2384
-7234,-8422,18450,-1590,1590,-204,-2400
-3268,2568,3918,457,-950,-38,-2400
3722,-1922,12516,1480,-756,-434,-2416
-2502,-3516,10432,-1829,2225,-476,-2384
-5568,580,12316,1391,-1589,-85,-2416
-3108,4842,17964,1670,-1873,-86,-2368
6056,-6932,1102,-5278,4327,-492,-2400
-11086,-6710,17170,4678,-3935,-219,-2384
7812,-3406,3082,-1902,1695,-157,-2416
3418,2790,1278,-863,1503,-47,-2432
-4684,1420,6618,973,-1918,439,-2368
6274,610,7212,-48,324,-350,-2400
-1908,-5844,8266,-2266,2146,-225,-2384
-1356,3146,3138,1392,-1654,-67,-2448
1320,-3410,11210,1166,-652,-429,-2384
3962,-912,1524,-2174,2561,-494,-2384
-3766,2122,8774,2320,-2174,-152,-2400
-1104,284,12986,726,-984,14,-2416
11120,3710,-7988,-4965,3694,-600,-2416
-8948,-3192,12226,5061,-3912,-137,-2384
6462,-3366,9524,-2994,2127,-153,-2368
4282,3758,-48,-189,1021,-50,-2432
-8076,3854,12122,891,-1774,389,-2432
6536,1216,7416,23,95,-186,-2384
3926,-1076,-1964,-2674,2528,-264,-2416
-5170,30,5580,2262,-2208,-51,-2432
2552,-2554,12806,292,-311,-370,-2368
6856,2048,-3462,-1882,2529,-641,-2384
-7810,-1720,16052,2574,-2232,-151,-2384
-2600,1344,17206,617,-730,105,-2416
9854,-668,-6576,-4353,2948,-639,-2400
-12566,-13294,27670,5093,-3539,-110,-2400
9324,-1638,-4480,-3544,2106,-108,-2384
5066,4792,-2230,716,299,-154,-2384
-9404,594,19904,1015,-1397,444,-2432
5218,1120,7610,-649,189,5,-2400
2016,-2910,1250,-2395,2476,-353,-2432
-7516,-5772,13188,2357,-2162,34,-2384
1082,-1570,6784,-521,38,-246,-2384
6174,578,-2242,-1285,2033,-725,-2432
-8724,-5512,18102,2386,-1701,-169,-2384
792,104,8040,-455,127,217,-2416
12052,7768,-6862,-2473,1469,-724,-2384
-12270,-9470,22104,3686,-2097,17,-2384
6988,6580,-2424,-2998,1363,-139,-2400
4410,2318,4628,1589,-273,-256,-2368
-9528,2924,18270,292,-545,443,-2384
1368,-266,7200,-500,-97,161,-2384
6404,2446,-1418,-2205,2257,-578,-2368
-6980,-3836,9518,2426,-1942,-5,-2400
1668,978,2390,-1270,398,-78,-2384
7282,3542,-2184,-523,1232,-695,-2448
-8984,-4894,18392,1976,-1234,-258,-2416
-620,-810,11976,-650,286,194,-2416
7352,12474,2124,-1634,639,-633,-2384
-9768,-17628,32116,2284,-666,-45,-2432
8482,3030,-5568,-3051,1129,-74,-2368
2628,-1662,19980,2479,-824,-234,-2384
-6468,-1038,16588,-624,268,342,-2384
3140,1232,6984,-274,-542,329,-2400
5086,-40,-1300,-1700,1861,-606,-2400
-8188,-7964,16822,1956,-1410,29,-2368
1226,-228,3712,-1304,333,-56,-2384
7474,3584,-3574,218,555,-669,-2416
-6052,-5646,15170,792,-88,-263,-2400
1474,1458,3670,-626,80,218,-2400
10192,11894,-2690,796,-1348,-371,-2416
1060,-13858,13716,-441,1408,-85,-2416
4196,8976,1300,-1372,-192,44,-2384
2956,166,14524,2592,-899,-74,-2400
1370,636,5802,-2134,1759,234,-2416
-1524,282,6626,280,-1095,379,-2416
6448,3564,2996,-1275,1430,-511,-2416
-7320,-5914,12466,852,-311,-12,-2400
444,1406,2432,-1001,75,19,-2400
6556,2888,1994,707,103,-615,-2400
-7734,-5292,16818,171,594,-346,-2416
-1056,2244,4050,-420,-215,72,-2416
2734,11268,9764,1752,-2108,-583,-2400
-4554,-17354,26466,-2363,2794,-54,-2400
-2900,5448,3224,1135,-1904,33,-2384
3084,-4520,23166,1895,-370,-215,-2416
-1596,-376,10782,-2437,2123,304,-2384
720,614,7006,741,-1494,468,-2368
7486,3408,6728,-960,1236,-480,-2400
-7006,-8174,17256,166,280,26,-2416
966,782,2614,-753,-167,16,-2384
4112,-1316,11682,1609,-616,-461,-2400
-3188,-3762,10942,-998,1424,-346,-2400
324,1564,3482,306,-786,25,-2368
-2678,5298,17618,1781,-2165,-462,-2416
5022,-8170,3520,-3946,3756,-201,-2384
720,6980,3460,2346,-2674,112,-2384
2794,-2278,20090,804,228,-121,-2384
3446,2290,1792,-2106,2137,182,-2400
-4222,1068,7004,583,-1454,446,-2400
7002,3720,5010,-491,843,-401,-2384
-3008,-6078,11166,-392,659,6,-2384
-806,2304,3174,-18,-662,-13,-2432
5370,1002,7056,1567,-724,-434,-2400
2510,-1980,4066,-1427,1897,-454,-2384
-2700,2488,6732,777,-1132,-44,-2352
-1018,8106,15424,2016,-2234,-476,-2352
1204,-12608,12598,-5199,4377,-474,-2400
-7358,-286,8708,3970,-3674,99,-2400
5342,-4456,14678,-1156,1372,-215,-2384
1130,616,5340,-1776,2104,45,-2416
-8074,2788,12412,894,-1804,450,-2384
7322,1982,6732,-166,559,-344,-2368
-5958,-7894,16064,-1335,1386,-87,-2400
-4554,1150,5110,881,-1308,-50,-2384
2974,-2814,13132,1396,-732,-441,-2384
136,-2746,6556,-2106,2530,-446,-2368
-1200,2536,4800,1878,-1869,-84,-2400
-2996,2676,17244,1427,-1686,-187,-2400
8394,-2694,-3528,-5188,3992,-519,-2384
-3694,3676,5800,4807,-4005,-144,-2416
9166,-2136,-2212,-2368,1930,-139,-2368
4156,3846,-692,-1011,1613,14,-2400
-6440,2786,8056,1202,-2000,448,-2384
5278,676,8192,-141,272,-269,-2416
530,-4098,3360,-2340,2277,-202,-2400
-2842,2404,3942,1726,-1919,10,-2400
4098,-1152,12088,1358,-702,-557,-2416
-2860,-4682,11016,-1975,2458,-385,-2416
-5842,1290,11792,1482,-1671,-58,-2384
-3324,4912,19222,1737,-1937,17,-2400
5788,-7376,1228,-5389,4324,-590,-2400
-11380,-6652,17174,4825,-4028,-80,-2384
8078,-4320,4030,-1638,1576,-177,-2416
3324,2910,1420,-1568,2045,47,-2416
-4720,1880,6212,1131,-2029,457,-2384
6154,1028,7986,21,296,-310,-2400
-1626,-5726,7938,-2030,1996,-181,-2400
-1294,3032,2876,1420,-1672,-34,-2416
1436,-2654,10708,941,-496,-373,-2416
3884,-1294,1618,-2169,2698,-517,-2400
-4398,1520,9570,2378,-2220,-103,-2400
-1592,634,14166,1030,-1277,-37,-2416
11420,2600,-8228,-5287,3972,-598,-2416
-8188,-904,9426,4867,-3911,58,-2384
6032,-4442,13096,-2621,1898,-154,-2400
5516,4282,-2126,-781,1517,-20,-2400
-8798,2716,14120,1696,-2235,432,-2448
6886,1010,7836,-393,335,-175,-2384
4370,-378,-1606,-2566,2531,-280,-2416
-5756,-360,6228,2108,-2104,-11,-2368
1946,-2782,12840,278,-226,-305,-2432
7178,2552,-3922,-2011,2539,-645,-2384
-8342,-2344,16804,2866,-2400,-188,-2416
-2624,1320,17056,192,-446,132,-2400
10118,-204,-7532,-5590,4294,-590,-2432
-5614,2310,5484,5080,-3995,-157,-2416
9186,-1166,-4482,-2418,1909,-158,-2384
5064,4286,-2634,-627,1382,-51,-2432
-7340,2230,9832,1241,-2071,415,-2368
4074,378,8078,-54,46,-166,-2416
3020,-3064,388,-2661,2613,-191,-2384
-4510,1764,4978,1914,-2061,-3,-2416
2986,-2108,13552,396,-368,-330,-2400
6846,1792,-2868,-2158,2647,-590,-2400
-7256,-862,14718,2769,-2319,-198,-2384
-3344,2958,18852,556,-717,112,-2416
12744,9508,-8532,-4981,3481,-661,-2384
-12338,-9924,22028,5138,-3477,-261,-2368
7980,-3798,-292,-3491,2172,-106,-2400
4166,2744,4364,764,235,-127,-2416
-9686,1272,19414,1386,-1928,416,-2400
5604,736,7150,-539,362,-121,-2400
634,-4704,4406,-2418,2498,-334,-2384
-6788,-3944,10028,2092,-2100,-68,-2416
630,-2432,9544,-75,-167,-245,-2400
5774,-250,-832,-1838,2393,-642,-2400
-8614,-4964,18608,2684,-2071,-212,-2416
-322,-762,11046,-95,-137,211,-2384
12544,7464,-9546,-3666,2332,-654,-2384
-11284,-6568,16020,4214,-2458,0,-2400
8186,4898,-4024,-3615,1913,-118,-2400
4622,3652,220,1792,-481,-145,-2416
-9304,2496,16322,1131,-1838,478,-2384
5936,1060,7472,-254,140,-129,-2400
-2084,-6094,9560,-2486,2457,-291,-2400
-6036,-1808,7496,2042,-2009,-40,-2368
1814,-3032,11286,67,-139,-345,-2384
3650,-1142,2388,-1797,2398,-644,-2384
-8242,-3454,17396,2370,-1966,-180,-2368
-1604,126,14260,379,-489,127,-2368
11100,2794,-7722,-3623,2387,-625,-2416
-10624,-15774,29486,4574,-3032,-73,-2416
8940,1206,-5372,-3439,2041,-134,-2416
4988,4364,-1480,1229,-67,-160,-2400
-7174,438,17682,470,-884,434,-2384
3542,436,8342,-328,-66,22,-2416
3690,-1340,-704,-2452,2436,-363,-2384
-4708,730,5140,2335,-2029,-80,-2400
842,-1464,5230,-702,162,-197,-2400
6688,2766,-3392,-1221,1850,-730,-2400
-7694,-2132,16496,2251,-1630,-258,-2416
1164,1030,5654,-553,140,193,-2384
10324,9462,-3376,-1466,611,-625,-2400
-11918,-13196,27452,2616,-1195,31,-2400
4968,8346,-122,-2439,867,-112,-2384
3040,-534,12452,1949,-457,-341,-2416
-8372,2402,17962,-33,-318,433,-2384
4402,314,8936,-255,-330,257,-2400
6732,4000,486,-2242,2198,-528,-2400
-7290,-5774,12210,2420,-1924,-8,-2368
1046,-1946,7054,-567,169,-255,-2384
6010,1008,-1658,-1323,2106,-665,-2384
-6628,-166,14448,2393,-1869,-138,-2368
822,124,8604,-133,-84,196,-2400
11918,7608,-6814,-3069,1927,-550,-2400
-11904,-8868,21284,3579,-2088,-97,-2384
7410,6514,-2822,-3364,1805,-97,-2384
3580,1804,5082,1690,-327,-230,-2368
-8904,2658,17132,486,-881,377,-2400
1466,-348,7718,-269,-236,132,-2416
5856,2424,-1112,-2398,2447,-427,-2416
-6478,-3182,8818,2419,-2056,-49,-2416
772,-2562,10038,-1147,380,-112,-2432
7146,3346,-2160,-802,1514,-662,-2400
-8802,-5076,18616,2095,-1310,-333,-2384
-368,370,11358,-750,302,210,-2352
6854,11404,3254,-1405,513,-554,-2416
-8996,-16702,30028,1767,-341,42,-2400
8364,3710,-4050,-2433,771,-16,-2368
2872,-1898,19634,2166,-583,-302,-2416
-6032,-696,16618,-308,67,298,-2416
3002,656,8054,-374,-469,327,-2400
5070,280,-2264,-1726,1908,-536,-2400
-8366,-8132,17400,2005,-1478,21,-2400
1444,148,3524,-1337,358,0,-2416
7046,2426,-3238,63,704,-806,-2416
-6556,-5124,15060,1055,-381,-218,-2400
1532,812,4356,-561,100,132,-2400
10224,11936,-2908,-1921,795,-567,-2416
-12028,-15538,30810,3121,-1343,-88,-2384
9084,-2,-5452,-2936,1091,7,-2400
3076,-154,14898,2325,-770,-285,-2400
-8430,212,19226,-476,156,435,-2384
4340,1006,7138,-468,-285,260,-2416
6880,3732,2632,-2007,2096,-518,-2384
-7856,-6598,14292,2027,-1495,48,-2400
820,-1112,5796,-1227,350,-88,-2400
6684,2642,3374,113,709,-702,-2384
-7910,-5930,17558,1824,-1112,-309,-2400
1316,142,5988,-806,344,217,-2416
11904,9652,-6370,-494,-221,-489,-2416
-3038,-15900,21594,1439,-73,-33,-2416
5802,7734,152,-1705,117,-1,-2400
4168,1674,7690,2336,-764,-312,-2432
-1542,-1274,10038,-1180,872,232,-2384
412,838,5786,-416,-432,283,-2416
6518,3122,100,-1504,1696,-550,-2416
-7596,-5224,12150,1568,-898,61,-2432
1296,1416,2260,-1226,279,-16,-2400
7014,3320,24,481,298,-881,-2400
-8354,-5218,18328,498,144,-262,-2384
-128,2252,3592,-600,94,112,-2384
4388,12618,6864,1130,-1654,-352,-2400
-7166,-18456,30370,-1030,1840,-75,-2400
-486,7636,2730,-75,-1200,164,-2416
2394,-3324,24226,2549,-880,-358,-2384
-4274,-980,13634,-2324,1822,247,-2416
2350,880,5666,404,-1172,439,-2400
7360,3272,6222,-995,1218,-492,-2400
-7584,-7778,17424,593,-108,29,-2384
1240,308,3214,-859,-124,-30,-2384
4770,46,9852,1370,-487,-730,-2400
-4376,-4760,12882,-669,1181,-371,-2400
594,1608,4202,70,-555,95,-2400
-2106,6944,17078,1678,-2097,-524,-2384
3768,-10386,7190,-3165,3296,-225,-2416
2230,8038,2554,2224,-2609,56,-2368
6248,-4026,10564,431,476,-145,-2384
2384,978,4178,-2179,2126,170,-2384
-3104,160,6900,451,-1360,423,-2416
7128,4126,3310,-504,881,-464,-2384
-4286,-6996,14282,-159,506,-86,-2432
100,2252,2502,-418,-352,-13,-2400
5946,2340,4446,1538,-698,-654,-2416
1570,-2556,5748,-1231,1746,-398,-2384
-2042,2282,5682,441,-888,-13,-2384
844,9746,12528,2110,-2388,-325,-2416
-1482,-15500,19396,-4547,4141,-521,-2400
-5064,2846,5652,2842,-2996,72,-2400
3710,-4286,20090,998,159,-120,-2416
-272,-248,8696,-2299,2250,169,-2400
-594,-232,7240,617,-1476,436,-2400
7442,2746,6448,-402,732,-417,-2384
-6572,-8056,17372,-273,567,12,-2384
974,1654,2110,-1201,157,-19,-2400
6624,2978,330,1110,-183,-696,-2400
-1752,-3596,9164,-314,941,-344,-2416
-180,2302,3700,-63,-406,64,-2384
5506,10032,6066,1131,-1567,-347,-2416
-6438,-14914,25692,-2497,2818,-298,-2400
-1358,5372,4840,1100,-1836,76,-2432
3418,-2200,18900,794,299,-194,-2384
-4378,-1030,14748,-1589,1556,206,-2416
-4584,2176,5942,-121,-915,391,-2384
7490,3910,5310,-410,837,-443,-2400
-8142,-8206,19072,216,157,0,-2400
-1450,2974,2982,-635,-204,4,-2416
4910,-24,9552,1493,-581,-604,-2384
-5268,-4856,14310,-900,1445,-430,-2432
1198,1374,3664,257,-791,-4,-2400
-1898,6778,16944,1911,-2214,-276,-2432
2898,-10990,8588,-4298,3964,-327,-2416
2268,8520,3268,2784,-2959,-50,-2384
6720,-3744,9916,-261,947,-154,-2400
1768,608,4974,-1857,1982,112,-2400
-2922,1162,5964,633,-1651,448,-2384
6850,890,7666,-35,483,-531,-2384
-4282,-7058,12390,-1133,1185,-69,-2384
378,2954,2248,481,-1010,-5,-2432
1906,-2618,12866,1447,-784,-499,-2384
2210,-2630,4176,-1984,2393,-459,-2352
-2376,2400,6468,1610,-1777,-74,-2384
-66,9208,14056,1662,-1898,-11,-2384
-482,-13596,15910,-4286,3941,-367,-2384
-6168,1298,7418,2805,-2957,53,-2416
4858,-3762,16430,430,418,-158,-2416
4,-714,7206,-2116,2195,130,-2432
-7504,2754,10650,786,-1783,412,-2416
7278,1696,7292,-189,601,-405,-2384
-6130,-7532,15778,-1068,1131,-42,-2384
1048,1692,2264,590,-1077,-21,-2400
3220,-1492,12898,1507,-740,-559,-2368
-376,-4024,8376,-1661,2173,-345,-2400
-752,2734,4320,1392,-1621,-33,-2384
-3174,2176,18766,1991,-2100,23,-2416
8772,-3046,-5212,-5805,4557,-586,-2400
-3446,5020,3658,4720,-4021,110,-2400
8608,-3184,-2132,-1612,1478,-195,-2384
5222,4872,-2366,-1785,2206,56,-2384
-6846,2062,8900,1366,-2200,403,-2384
7548,2730,6812,-196,394,-283,-2400
694,-4104,3356,-1995,2011,-167,-2400
-3122,2414,3912,1528,-1821,-11,-2384
4500,-1026,11820,1035,-599,-472,-2384
5976,-58,-1232,-2229,2743,-546,-2368
-6192,602,12390,2379,-2217,-135,-2400
-3112,5658,18564,1181,-1374,-26,-2400
12340,6470,-8360,-5310,3911,-589,-2416
-11310,-6482,16896,5222,-4084,-144,-2416
7262,-4160,5576,-2750,1929,-146,-2400
5216,3910,-182,-318,1138,-105,-2384
-9468,2192,17552,1477,-2033,455,-2416
5688,1052,8338,-232,200,-179,-2416
-1292,-5810,7896,-2503,2484,-257,-2416
-6262,-2362,8074,2149,-2145,-73,-2368
1190,-2906,11424,282,-305,-288,-2400
4284,-1154,750,-2067,2553,-622,-2416
-8770,-4652,18454,2786,-2302,-138,-2416
-1300,-632,13390,114,-306,188,-2368
12574,4748,-10300,-4100,2700,-659,-2432
-10842,-16990,32698,4701,-3017,-100,-2352
8594,1852,-6004,-3734,2180,-59,-2416
5402,4858,-3740,779,220,-133,-2416
-9020,1518,14534,1034,-1512,358,-2384
3730,1000,6622,-453,95,-66,-2384
4146,-910,-890,-2353,2411,-344,-2416
-5274,178,6464,2173,-2012,-36,-2432
1038,-976,4912,-542,104,-209,-2384
6914,2926,-2978,-1401,2014,-622,-2416
-8050,-2882,16932,2514,-1904,-173,-2384
-2610,1218,16362,-155,-90,205,-2400
11320,10920,-4800,-3078,1852,-639,-2400
-12298,-13314,27952,4156,-2486,-95,-2368
8360,-1434,-3974,-3540,1850,-40,-2416
3030,810,10942,1616,-359,-159,-2384
-8658,1638,18528,212,-580,325,-2400
4958,1118,6562,-261,-174,53,-2432
6162,2970,1560,-2129,2228,-435,-2416
-6862,-4594,10762,2042,-1742,-40,-2384
352,-1946,8358,-657,99,-200,-2416
5918,624,-1072,-871,1573,-636,-2400
-7798,-5132,17388,2196,-1510,-236,-2400
-186,-646,9910,-539,123,207,-2416
12416,8514,-8046,-1449,572,-483,-2384
-5798,-16676,26664,1773,-344,-33,-2400
7454,6334,-2122,-2500,875,14,-2400
3862,2172,4608,2203,-716,-223,-2400
-3190,-28,13158,-627,245,409,-2384
1072,-564,8806,-68,-508,225,-2384
5654,1384,-2090,-2077,2047,-493,-2400
-7844,-8440,17990,2034,-1353,-4,-2448
1176,474,2722,-1387,389,-27,-2416
6898,3178,-2330,88,671,-632,-2384
-8042,-3878,17826,1067,-447,-349,-2400
1022,1026,3804,-548,134,172,-2368
7958,11550,1160,-183,-471,-533,-2368
-9774,-15908,30044,-85,1093,-1,-2416
8716,2498,-4662,-2722,1101,-65,-2432
4726,3888,-558,2047,-628,-243,-2400
-6612,206,16986,83,-501,368,-2400
3198,274,8070,-441,-95,127,-2400
4052,-626,-1528,-2351,2357,-431,-2400
-7788,-7556,16372,2395,-1866,19,-2384
950,-580,4458,-1108,373,-109,-2384
6876,3094,-3498,-354,1059,-655,-2432
-6638,-5622,16246,1640,-925,-289,-2384
1610,996,4400,-946,438,189,-2384
9940,10420,-2832,-465,-208,-543,-2416
-11994,-14572,29652,619,517,-91,-2368
4438,9080,1554,-1743,163,-3,-2432
2948,-568,14374,2287,-710,-203,-2400
-8554,1208,18854,-1018,672,345,-2416
-1112,684,5714,-417,-364,326,-2384
7296,3476,1352,-1501,1734,-531,-2432
-7756,-6500,13868,1849,-1224,18,-2400
1158,2232,2348,-1202,236,-33,-2416
6624,2398,2676,541,288,-551,-2416
-7950,-5302,17416,756,-137,-263,-2384
922,-208,7614,-418,-39,124,-2400
2752,10924,9322,499,-1145,-370,-2400
-3810,-16344,22936,-1253,2026,-42,-2384
6596,7744,-1710,-171,-1090,-11,-2384
3598,-3252,20958,1722,-253,-301,-2400
-2670,-1700,10644,-1945,1662,332,-2400
988,968,5410,-93,-866,380,-2368
6422,2706,-10,-1576,1817,-569,-2416
-7288,-4466,11428,2070,-1539,-12,-2384
1670,1362,2252,-1337,367,-31,-2400
7278,3220,-958,202,595,-809,-2368
-9286,-5384,19136,802,-122,-291,-2416
418,2424,3752,-580,100,144,-2416
5532,11402,4930,628,-1233,-655,-2400
-7202,-16886,27484,-626,1561,-190,-2400
-552,6632,3388,-62,-1134,63,-2384
3258,-2210,20086,1798,-367,-246,-2416
-5326,-1042,15146,-1415,1176,363,-2384
2010,-240,7684,-169,-817,345,-2400
8032,3572,4862,-960,1276,-500,-2368
-8570,-8306,18666,749,-283,50,-2384
1432,426,2846,-1002,34,16,-2416
5208,544,9680,1062,-151,-534,-2384
-5138,-5124,14290,-80,699,-319,-2384
1058,1164,3826,46,-518,43,-2400
-2268,8198,17660,1715,-2173,-451,-2416
2380,-12582,10796,-2615,3030,-294,-2352
2990,9226,2024,661,-1653,104,-2416
3060,-202,16372,2067,-544,-134,-2384
1946,1116,4462,-2680,2366,265,-2432
-2438,1356,4868,463,-1300,429,-2368
6742,3920,4344,-287,656,-427,-2384
-3518,-6670,11570,-296,580,-45,-2384
48,2310,2252,-261,-488,2,-2400
5572,2222,6204,1730,-774,-654,-2400
-6970,-6024,16800,-55,669,-321,-2416
1326,678,4648,-280,-250,92,-2416
182,9332,14208,1472,-1918,-603,-2400
-622,-14720,17538,-2030,2573,-217,-2432
4750,8284,1270,348,-1303,80,-2368
4624,-3618,18036,1593,-208,-155,-2384
-368,-548,9088,-1944,1744,248,-2416
-586,232,6634,280,-1167,374,-2368
7004,2350,7628,-449,784,-520,-2384
-5938,-7582,15946,-121,435,13,-2384
904,1406,2336,-617,-252,-4,-2416
6354,2938,1790,1495,-532,-504,-2416
-366,-3236,8292,-957,1429,-367,-2368
-760,2054,4492,319,-767,34,-2432
3700,11432,8292,1975,-2283,-197,-2384
7752,-4574,-3090,-4081,3837,-347,-2384
-2148,5922,3784,2975,-3070,147,-2400
2682,-4048,22886,456,451,-176,-2400
4568,4298,-1172,-2238,2193,119,-2416
-5808,1266,8444,893,-1733,393,-2384
7160,3252,6036,-499,800,-417,-2384
-7472,-8050,17550,-805,992,-10,-2368
-2216,2740,3850,-12,-636,-48,-2400
4446,-146,10674,1702,-874,-543,-2416
-3776,-4512,12384,-1778,2163,-480,-2416
-4902,1302,10354,1115,-1351,-37,-2416
-2738,5416,17840,1852,-2109,-65,-2416
4876,-8444,4004,-5168,4327,-440,-2400
670,7530,3346,1629,-2208,83,-2400
2718,-2240,20086,773,250,-123,-2384
3000,2022,2170,-2056,1951,294,-2384
-3634,630,6400,353,-1310,391,-2400
7008,3980,4360,-544,930,-438,-2368
-3362,-6638,11852,-258,528,52,-2384
-504,2588,2848,-351,-421,-48,-2384
5950,1028,6250,1486,-507,-734,-2384
-6284,-4652,15486,-1077,1603,-420,-2400
-2586,2338,6758,413,-885,14,-2400
-566,8694,14374,1970,-2231,-438,-2384
652,-13160,14096,-4597,4113,-433,-2416
-7078,596,8432,3766,-3517,120,-2432
4890,-4534,16186,-251,882,-143,-2432
762,348,6138,-1966,2220,46,-2384
-7860,2520,11498,804,-1718,415,-2384
7156,2370,6796,-130,550,-388,-2416
-6008,-7734,16870,-1221,1285,-50,-2400
-4180,1640,4586,686,-1169,-53,-2416
3100,-3174,13372,1480,-704,-529,-2416
-366,-2660,7374,-1988,2342,-431,-2384
-790,2816,4562,1833,-1833,-94,-2400
-3096,2800,17376,1371,-1635,-222,-2400
7902,-2842,-2850,-4972,4019,-428,-2400
-3542,3248,5828,4681,-3947,49,-2416
9162,-1854,-1954,-1854,1683,-152,-2384
3804,3572,-284,-968,1616,33,-2400
-5998,2764,7316,929,-1865,444,-2432
7424,2968,6234,-41,446,-423,-2384
-7570,-8368,18584,-803,955,-41,-2384
-2630,2644,3668,338,-931,-21,-2400
4466,-1298,11662,1502,-652,-451,-2400
-3234,-4010,11358,-1868,2292,-482,-2384
-5572,860,11944,1464,-1600,-56,-2384
-3046,5218,18526,1775,-2048,-338,-2384
5370,-7780,2432,-4984,4255,-485,-2416
286,7570,3044,4269,-3864,-95,-2400
7756,-4464,5056,-1015,1346,-141,-2400
3002,2476,1970,-1906,2211,132,-2400
-4514,1286,6494,1163,-2044,446,-2384
6838,1276,6916,-92,521,-353,-2416
-2790,-6078,10020,-1658,1733,-158,-2368
-716,2862,2930,829,-1252,-14,-2400
1566,-2750,11578,1182,-624,-442,-2384
3530,-1816,2250,-2228,2655,-442,-2384
-3992,2208,8768,2120,-2101,-88,-2384
-1708,8048,16962,1332,-1533,45,-2400
11416,2858,-9018,-5497,4225,-614,-2432
-8076,-484,8926,4992,-3989,-63,-2384
5502,-4350,13990,-2151,1755,-160,-2416
5378,4382,-2704,-847,1564,-38,-2400
-8336,2316,12252,1398,-2152,461,-2368
7388,1388,7156,-164,319,-269,-2400
3662,-1364,-992,-2365,2349,-198,-2384
-5142,366,6054,1644,-1838,-30,-2416
2464,-2318,12800,535,-387,-340,-2432
946,-3284,6518,-1850,2321,-397,-2400
-1570,2614,5008,1743,-1874,-91,-2416
-2818,790,18128,1960,-2081,60,-2384
9840,-1164,-8382,-6092,4655,-616,-2368
-4460,4074,3040,4930,-4064,-22,-2400
8644,-2994,-4112,-1945,1641,-160,-2416
5890,5462,-3756,-1559,2041,91,-2416
-7526,1230,10900,1696,-2319,360,-2400
7630,2240,7346,-495,545,-246,-2432
1580,-2860,2574,-2047,2057,-226,-2400
-4100,1816,5340,1635,-1855,-21,-2384
3446,-1814,12892,769,-449,-375,-2352
6000,1226,-1662,-2056,2522,-559,-2400
-6818,-198,13966,2531,-2228,-179,-2400
-3254,3736,18822,728,-870,51,-2384
12758,8218,-9314,-5244,3748,-695,-2416
-12072,-7836,19156,5289,-3932,-312,-2384
7672,-4012,1984,-2821,1976,-47,-2384
4884,3650,-1022,-251,1091,-100,-2400
-9586,1528,18014,1425,-1959,451,-2400
5736,844,6836,-398,359,-190,-2400
-706,-5100,7082,-2320,2375,-289,-2416
-6526,-2580,8954,1908,-1940,-9,-2384
982,-2820,10964,260,-297,-289,-2400
4754,-620,888,-1968,2418,-601,-2400
-8272,-4186,18110,2574,-2059,-188,-2384
-1068,-882,12694,265,-413,184,-2416
12374,5684,-9810,-4259,2844,-650,-2416
-10222,-4044,12740,5369,-4185,-169,-2368
6712,-4848,8266,-2989,2117,-169,-2416
4704,4232,-1310,-493,1205,-77,-2384
-8968,2430,14932,1231,-1985,377,-2384
6532,1418,7048,-240,291,-218,-2400
4566,-644,-1352,-2403,2400,-246,-2416
-5522,-480,6512,1944,-1979,-63,-2384
1864,-3322,12704,510,-356,-327,-2384
2672,-1570,2956,-1967,2441,-600,-2400
-8272,-2910,17466,2560,-2159,-142,-2400
-2400,994,15380,486,-720,73,-2400
10342,820,-6460,-3994,2739,-628,-2384
-11260,-14088,27744,4757,-3320,-111,-2416
9132,140,-4600,-3275,2007,-93,-2400
4740,4274,-1244,529,361,-81,-2400
-7832,2252,18108,608,-1260,400,-2384
3582,-188,9472,12,-148,-55,-2416
2528,-3212,274,-2748,2636,-329,-2384
-3976,1900,4336,2362,-2166,-35,-2400
304,-1918,7126,-218,-96,-249,-2432
6602,1408,-3114,-1548,2169,-629,-2416
-6954,-126,14234,2647,-2025,-238,-2416
530,-226,7874,-418,31,254,-2400
11992,9130,-6900,-2701,1565,-550,-2432
-12350,-10660,23646,3892,-2305,-19,-2368
7082,7294,-1786,-3233,1650,-110,-2384
3360,1382,6786,1662,-341,-306,-2416
-8732,3286,16970,353,-872,430,-2352
4944,484,8342,81,-86,-139,-2400
228,-4964,4460,-2698,2563,-275,-2432
-6708,-4070,9950,2353,-2189,-93,-2416
908,-2314,8912,-131,10,-290,-2384
5220,10,-556,-1673,2310,-699,-2400
-5570,858,12050,2694,-2174,-173,-2400
-448,94,11380,277,-558,115,-2400
11902,4838,-7848,-3708,2494,-701,-2384
-10010,-4384,14574,4435,-3036,-86,-2416
8596,3208,-4062,-3262,1926,-84,-2368
4430,3456,596,734,242,-220,-2400
-8376,3466,13954,845,-1258,349,-2416
2530,-334,8810,-258,-109,34,-2384
5200,394,-2612,-2716,2659,-363,-2416
-6022,-1180,6838,2546,-2256,-47,-2400
1126,-112,3450,-1010,327,-189,-2384
7342,2910,-4012,-1159,1837,-724,-2416
-8692,-2976,17820,2663,-1991,-236,-2416
-2116,568,15526,-609,200,189,-2368
10090,10748,-2266,-2238,1268,-666,-2400
-11708,-14606,29910,3400,-1790,-11,-2400
9560,678,-5194,-2913,1311,-38,-2384
2940,-830,15090,1755,-403,-260,-2384
-8198,1054,17986,94,-377,406,-2400
4004,438,7824,-415,-241,185,-2432
7672,3990,1434,-2130,2177,-522,-2416
-8330,-6938,15620,2296,-1774,26,-2416
818,-1200,5572,-1351,440,-31,-2368
6988,2044,-3236,-1454,2106,-673,-2432
-7682,-1614,15852,2575,-1939,-241,-2384
1368,52,6468,-207,-8,192,-2384
12182,9684,-6954,-2680,1522,-534,-2368
-12770,-11068,24256,3849,-2128,-4,-2400
6076,7612,-364,-3265,1530,-83,-2384
4020,1728,6974,1835,-493,-154,-2384
-9590,1218,19834,613,-867,353,-2416
5328,542,7744,-702,143,66,-2400
1606,-3552,2126,-2433,2537,-375,-2432
-7524,-5020,12348,2461,-2226,-3,-2432
570,-2002,8016,-539,62,-207,-2400
6190,710,-2298,-1322,1934,-776,-2352
-9200,-5742,19358,2703,-2015,-240,-2416
728,-634,8714,-618,297,174,-2368
12850,8438,-9134,-2388,1258,-640,-2400
-6624,-17926,29194,3152,-1396,-75,-2384
7438,6342,-2592,-3310,1462,-73,-2384
4844,3264,1480,2039,-615,-269,-2384
-9630,1822,18418,-94,-267,466,-2368
1854,868,5844,-657,-38,205,-2400
6048,1490,-1454,-1972,2073,-515,-2416
-6882,-3354,9374,2189,-1736,26,-2384
1138,752,3218,-1089,197,-82,-2432
7412,3222,-2138,-238,1046,-630,-2400
-8618,-4282,18056,1249,-613,-357,-2416
606,1330,4214,-536,148,223,-2416
7668,12568,1500,-567,-198,-524,-2416
-9722,-17814,31628,728,588,-54,-2368
1988,9070,2174,-1445,-207,31,-2416
2690,-1792,20090,2695,-1026,-104,-2416
-6768,-642,17066,-1559,1082,242,-2384
3406,726,7048,-136,-697,341,-2400
6890,3618,4950,-1217,1443,-555,-2400
-7758,-7540,16542,1596,-934,10,-2400
1388,-296,3932,-1178,197,-24,-2416
5458,1574,7612,802,76,-776,-2384
-5998,-5222,15284,-38,606,-240,-2400
1296,1038,4666,-274,-190,111,-2400
-610,8178,15518,1342,-1766,-588,-2384
1060,-12820,12526,-2094,2545,-174,-2384
4230,8592,804,408,-1476,-16,-2352
2884,-522,14658,1510,-134,-130,-2400
848,436,6394,-2051,1779,208,-2400
-1666,-272,6994,415,-1265,424,-2416
7072,3982,1662,-901,1144,-506,-2384
-5670,-7586,16590,428,50,-80,-2400
774,1764,2226,-869,-66,-11,-2432
6156,2696,2396,1365,-418,-516,-2432
-54,-2622,7048,-971,1407,-374,-2416
-1490,2004,5310,391,-809,25,-2384
2564,10714,10414,1705,-2075,-195,-2416
-3450,-15546,22318,-3779,3665,-328,-2400
-3340,4398,5496,2183,-2566,-134,-2400
3186,-3664,21092,315,610,-81,-2384
-2170,-456,10898,-2135,2059,144,-2384
-6146,1412,8588,558,-1391,371,-2416
7670,3066,5740,-485,819,-449,-2400
-7242,-8068,17610,-145,441,-72,-2400
-2482,2804,3830,-250,-471,-9,-2384
3796,-1070,11678,1701,-706,-411,-2416
-3026,-4418,11326,-1698,2046,-449,-2400
570,2344,3424,1083,-1349,-12,-2400
-2926,4392,18348,1919,-2155,-49,-2400
5634,-7146,1568,-4998,4226,-543,-2416
36,6788,3486,3803,-3528,97,-2416
7596,-3408,3940,-1212,1342,-143,-2400
2928,2242,1874,-1578,1912,124,-2400
-3804,744,6640,818,-1715,436,-2384
6570,972,6378,-87,496,-345,-2416
-2788,-5936,10814,-1309,1374,-8,-2384
-796,2658,3318,738,-1133,-71,-2400
1488,-3078,11778,1216,-607,-436,-2384
3200,-1678,3426,-1895,2321,-483,-2416
-3280,2266,8002,1645,-1751,-103,-2416
-1602,7806,15990,1515,-1619,-216,-2400
11226,2710,-9394,-5632,4317,-494,-2400
-7814,-536,8290,5124,-4069,-57,-2448
5520,-4872,13750,-2355,1935,-146,-2384
5004,4606,-2462,-1065,1585,49,-2384
-8302,2328,13242,1375,-2113,392,-2400
7376,1238,6914,-346,482,-243,-2432
3096,-1520,-456,-2237,2218,-195,-2384
-4752,882,5788,1579,-1781,-44,-2384
2220,-3018,13322,550,-404,-352,-2432
974,-2708,5772,-2201,2571,-508,-2400
-7724,-1652,16792,2482,-2262,-122,-2416
-2528,1512,16532,939,-1126,57,-2384
9448,-454,-6296,-5378,3966,-691,-2384
-5278,2008,6036,5164,-3966,-289,-2400
9472,-1194,-4396,-2803,2064,-147,-2400
4710,4150,-2046,-157,992,-49,-2384
-7210,2736,9656,1290,-2002,397,-2352
4824,576,7738,-237,320,-208,-2384
1994,-2982,1306,-2520,2480,-258,-2368
-3870,1718,5034,2091,-2128,0,-2400
890,-1538,7130,113,-161,-281,-2384
6266,874,-2140,-1931,2487,-640,-2384
-6896,-166,13882,2659,-2214,-165,-2400
-3396,3702,18780,346,-455,152,-2400
12558,8590,-8336,-4043,2653,-660,-2416
-12436,-9300,20924,5009,-3354,-96,-2416
8736,-4190,184,-3600,2198,-133,-2416
4644,4088,-1100,-927,1575,-73,-2400
-9786,1352,19320,1698,-2251,479,-2384
5938,1158,7712,-450,457,-181,-2384
-346,-4724,5436,-2349,2309,-212,-2416
-2594,2452,3886,2041,-2150,-12,-2368
1124,-2638,9326,440,-387,-332,-2368
5326,-460,-974,-2130,2652,-616,-2384
-5412,972,11184,2806,-2385,-162,-2384
22,-104,11020,256,-492,157,-2400
12392,5822,-8886,-4483,3058,-653,-2400
-10476,-4788,14480,5126,-3635,-58,-2400
8134,3586,-4748,-3400,2009,-39,-2416
5406,4062,-1438,263,636,-142,-2384
-9412,2490,15752,1112,-1561,455,-2400
2846,296,7488,-478,41,-8,-2416
5288,594,-1994,-2456,2511,-406,-2416
-6030,-1360,7332,2333,-2164,-60,-2384
1706,-2834,11764,-676,102,-202,-2400
7376,2816,-3396,-1419,2097,-620,-2400
-8586,-3374,17576,2562,-1889,-194,-2400
-2226,104,15506,-198,-68,230,-2416
10654,12074,-3346,-3230,1926,-675,-2416
-12310,-15170,31000,4378,-2606,-86,-2416
8524,-838,-5342,-3691,2004,-119,-2384
5898,5260,-3808,1620,-335,-227,-2400
-8410,-106,18984,627,-897,412,-2400
4478,1378,6722,-494,-90,166,-2416
3390,-1794,210,-2158,2297,-440,-2416
-4900,886,5546,1970,-1913,-16,-2368
600,-1614,6042,-242,-15,-230,-2384
6802,2272,-2904,-1663,2263,-687,-2416
-7840,-1708,16326,2678,-2118,-196,-2416
-2948,2862,17146,31,-401,144,-2400
12096,8716,-6376,-3734,2540,-657,-2400
-12464,-10214,23928,4439,-2963,-70,-2400
8494,-2258,-1420,-3273,1928,-92,-2416
4040,1514,7120,888,182,-239,-2416
-9016,2322,17728,609,-1051,385,-2432
5174,560,7026,-232,-109,-1,-2400
6188,2644,-710,-2364,2398,-391,-2384
-6780,-3592,9990,2125,-1936,-43,-2384
254,-2778,9774,-452,-14,-190,-2384
5362,82,-138,-1093,1740,-666,-2400
-7802,-4508,17516,2366,-1730,-266,-2400
-762,-524,11478,-349,-26,193,-2384
12492,6972,-9300,-2413,1322,-613,-2384
-8478,-16814,30172,2905,-1321,-85,-2400
8626,4270,-4168,-3130,1479,-32,-2432
4184,2930,1490,2063,-638,-250,-2368
-4978,-92,14930,-136,-295,342,-2352
2552,402,7394,-328,-227,142,-2384
4754,406,-1628,-2173,2204,-488,-2432
-5868,-1474,7138,2241,-1746,-6,-2400
1100,-150,3594,-1081,325,-132,-2432
6874,3098,-2804,-217,991,-725,-2384
-8054,-3146,17588,1774,-1141,-290,-2384
-1752,330,14678,-124,-123,160,-2400
9512,10870,-1622,-2656,1619,-647,-2384
-11400,-14586,29506,3721,-2177,15,-2384
9326,634,-5034,-3310,1822,-107,-2416
4558,4108,-1204,1356,-280,-218,-2384
-7604,628,18244,726,-1148,351,-2384
4358,942,7268,-545,38,44,-2400
3018,-1948,38,-2357,2422,-419,-2400
-7390,-6428,13760,2271,-1981,1,-2416
330,-1290,6518,-581,-16,-211,-2416
6678,1018,-2564,-1015,1730,-726,-2400
-6940,-272,14596,2371,-1735,-288,-2432
806,-8,7522,-568,215,188,-2416
11956,9696,-5950,-1756,879,-533,-2416
-12600,-11822,25764,3024,-1348,-85,-2384
6434,8130,-474,-2745,1011,-57,-2400
3198,836,8686,2125,-648,-372,-2400
-9118,1724,18312,-455,81,442,-2384
444,156,5950,-441,-273,195,-2384
6162,3374,-330,-1923,1975,-547,-2368
-6912,-4950,11130,2293,-1704,11,-2400
1690,1890,1962,-1356,363,-87,-2416
7090,2532,-54,37,846,-625,-2416
-8674,-4744,17892,1383,-760,-297,-2416
276,40,10082,-522,140,191,-2432
5612,11124,5056,-421,-287,-501,-2400
-7222,-16640,26724,276,829,-147,-2448
7784,4822,-3548,-1282,-225,-20,-2384
4578,2920,1802,1783,-417,-226,-2400
-9444,2662,17450,377,-594,417,-2368
2662,284,6696,-648,-80,223,-2416
5458,1752,-1670,-2138,2171,-537,-2416
-6182,-2862,8142,2458,-1931,5,-2416
1698,306,2576,-1297,410,-113,-2368
7318,3302,-3054,-447,1235,-773,-2400
-9010,-4212,18430,1659,-892,-239,-2384
1298,1880,3494,-735,313,209,-2416
8526,11484,486,-254,-428,-532,-2432
-10750,-16420,31100,1179,147,-12,-2400
2466,8828,2402,-1591,-66,58,-2384
3042,-1224,17520,2201,-591,-338,-2416
-7598,-606,17742,-943,619,404,-2416
3640,962,7354,-335,-515,265,-2384
7594,3934,3940,-1646,1850,-569,-2416
-8328,-7518,16462,1722,-1142,-5,-2432
1360,-602,4180,-1361,336,-43,-2400
5992,1528,6170,544,348,-774,-2416
-7026,-5676,16006,771,-124,-319,-2384
1376,804,5150,-310,-135,161,-2400
11314,10832,-4722,528,-1129,-649,-2400
-1030,-14976,18212,-235,1289,-66,-2400
5138,8370,158,-598,-772,67,-2416
3616,886,10204,2306,-667,-305,-2416
-236,-872,8398,-1894,1605,256,-2400
-532,858,6118,100,-1001,400,-2368
6698,3518,1454,-882,1217,-477,-2416
-7608,-5582,12756,1938,-1478,43,-2384
574,-2054,7282,-1220,341,11,-2400
6856,3498,836,-61,777,-800,-2400
-8314,-5610,18014,1178,-391,-292,-2416
504,-544,8242,-715,154,162,-2384
3306,11774,9074,36,-686,-584,-2416
-5652,-18208,28522,-32,1137,-198,-2400
7286,7132,-1562,-1608,-15,106,-2400
2942,-3742,23966,2676,-934,-270,-2416
-2964,-682,12722,-1776,1299,328,-2416
1062,774,7164,330,-1103,365,-2432
5964,1666,-1166,-1321,1505,-559,-2400
-7136,-7852,16580,958,-405,-3,-2384
974,862,2874,-1063,83,15,-2416
7036,2928,-1640,783,67,-632,-2384
-3534,-4362,11418,38,600,-442,-2400
292,1206,3998,-186,-309,103,-2400
7586,12580,2008,1390,-1877,-253,-2384
4164,-9590,5512,-2147,2660,-233,-2384
1530,8334,2990,1014,-1859,73,-2400
2324,-2128,20672,1923,-442,-280,-2400
3514,2670,1698,-2552,2277,171,-2416
-3880,592,6964,686,-1440,443,-2416
6738,3914,5276,-905,1199,-483,-2416
-7138,-7018,15002,511,-26,-9,-2384
-486,1940,2976,-846,-82,-1,-2416
5472,1594,6204,1395,-544,-630,-2400
-5942,-5144,15346,-465,1001,-431,-2368
996,654,5274,-681,146,145,-2384
10080,11180,-2634,643,-1132,-540,-2384
808,-12660,13476,-1310,1972,-100,-2368
3850,8822,2180,-186,-1001,21,-2400
2884,-898,15362,1841,-372,-208,-2416
1034,414,5754,-1806,1511,339,-2384
-1668,154,6660,180,-1029,376,-2400
6702,3706,1836,-1097,1386,-523,-2400
-5952,-7926,16430,833,-254,27,-2384
838,2060,2228,-1027,0,-19,-2384
6398,2588,2278,1169,-308,-712,-2384
-7580,-4940,17080,-507,1019,-390,-2368
-848,2174,4584,-66,-404,63,-2400
2390,10588,9498,1531,-2006,-223,-2416
-3572,-15762,21984,-3001,3091,-228,-2416
-3250,4034,5624,2219,-2613,93,-2400
3416,-3434,20310,770,287,-195,-2368
-2084,-980,10402,-2142,1971,177,-2400
-6096,2150,7714,292,-1286,403,-2384
7572,2960,6020,-342,786,-491,-2416
-7694,-8354,19196,-298,537,-80,-2400
1622,1186,2030,-422,-363,-10,-2400
3874,-1430,12694,1725,-727,-684,-2400
-3084,-4250,11162,-1630,2027,-457,-2384
866,2744,3188,859,-1191,-37,-2384
-3202,4784,18430,1722,-2025,6,-2400
5806,-6842,1376,-4623,4049,-390,-2400
-388,6448,3664,3928,-3657,-111,-2416
3122,-2360,20062,1089,189,-127,-2384
-5236,-478,15552,-1817,1795,232,-2400
-4072,1594,5608,-72,-940,423,-2400
7744,3910,4794,-258,747,-451,-2384
-8336,-8678,18774,97,243,74,-2384
-814,3136,2732,-645,-205,-3,-2416
5240,432,9298,1343,-400,-567,-2416
-5704,-4692,14418,-969,1540,-290,-2400
-3762,1982,8946,707,-1063,-2,-2416
-1486,8416,15772,1682,-2135,-263,-2416
1522,-12704,11822,-3585,3560,-415,-2416
3200,8362,1792,1999,-2488,119,-2384
5814,-4166,13736,442,504,-186,-2400
1012,112,5880,-2191,2190,120,-2400
-1944,980,4804,515,-1548,440,-2416
6952,1050,7768,89,467,-424,-2384
-4714,-7346,13566,-1355,1350,-131,-2400
660,2996,2056,309,-883,5,-2432
2292,-2876,13366,1512,-709,-514,-2352
1284,-3038,5108,-1986,2387,-401,-2384
-1780,3096,5888,1584,-1757,-39,-2416
1184,9610,13120,1593,-1888,20,-2400
9540,-962,-6210,-5083,4337,-476,-2400
-5158,2408,5716,4373,-3820,100,-2384
4686,-3470,17900,-1268,1367,-193,-2384
4592,3778,-1426,-1398,1954,60,-2400
-6886,3122,9262,1080,-2034,452,-2400
7220,2056,7870,136,197,-328,-2400
-6410,-8334,16404,-1043,1155,-85,-2384
1350,1826,1920,417,-932,5,-2400
3128,-1614,13494,1636,-724,-580,-2368
-942,-3750,8920,-1582,2014,-475,-2400
-388,2300,3936,1245,-1543,-21,-2384
-3438,3544,19454,2096,-2317,-86,-2416
7366,-6020,-2326,-5505,4600,-415,-2400
-1386,7262,2956,3894,-3610,-69,-2400
7660,-4506,1546,-767,1075,-62,-2416
4920,4398,-1550,-2307,2510,90,-2384
-5932,1328,7696,1443,-2215,406,-2416
7378,2868,6846,-254,533,-319,-2400
-148,-4676,5132,-1742,1810,-100,-2400
-2458,2800,3722,1184,-1510,3,-2416
4334,58,11522,1368,-783,-404,-2384
5422,-406,-528,-2421,2824,-536,-2400
-5214,1360,10392,2287,-2196,-125,-2400
-2996,5730,19194,1449,-1615,-8,-2432
12582,6582,-10030,-5749,4287,-650,-2384
-10202,-4646,13268,5208,-4118,-134,-2416
6220,-4770,7906,-2082,1667,-133,-2384
3750,2246,1162,-1443,1934,-83,-2384
-9196,1964,15458,1389,-2131,416,-2400
6182,1086,7412,-231,377,-262,-2400
-2734,-6194,10724,-2266,2261,-243,-2384
-5998,-1028,7444,1589,-1790,-25,-2416
1800,-2692,12040,688,-549,-355,-2400
2972,-1764,3578,-2072,2619,-571,-2432
-3102,1902,7224,1507,-1658,-48,-2384
-1366,8318,16050,1907,-1935,-224,-2416
11510,2702,-9718,-5817,4448,-509,-2432
-7958,-488,8430,5110,-4168,-34,-2432
5018,-5410,15750,-2171,1783,-151,-2416
5580,5360,-3858,-1416,1869,-34,-2384
-8582,1842,13530,1314,-2124,369,-2416
6886,1592,6852,-254,403,-283,-2400
3212,-1864,-52,-2129,2131,-216,-2384
-4796,1002,5700,1569,-1837,-93,-2384
2890,-3146,12936,892,-469,-395,-2384
752,-2008,5810,-2119,2529,-526,-2400
-7608,-1962,16318,2411,-2130,-148,-2368
-2944,2346,16298,733,-1053,18,-2400
8816,-1458,-3932,-4389,3186,-658,-2384
-11832,-11606,25422,4879,-3703,-227,-2416
9084,-1284,-2940,-3114,2037,-125,-2368
4106,3894,-736,47,794,-126,-2400
-8740,2736,18210,781,-1551,440,-2416
4430,380,8646,113,-70,-139,-2384
1390,-4314,2576,-2642,2504,-283,-2416
-3062,2638,3830,2123,-2095,-61,-2368
728,-2652,8388,121,-155,-293,-2432
5548,804,-944,-1654,2250,-562,-2416
-5660,462,12406,2461,-2017,-183,-2384
-90,-454,10082,62,-303,177,-2368
11970,7240,-7792,-3587,2324,-596,-2400
-11500,-7676,18966,4513,-3046,-65,-2368
8318,5560,-4104,-3487,2037,-84,-2384
3914,2498,3200,1131,13,-91,-2448
-8756,3862,15358,632,-1331,444,-2384
5910,674,7436,73,-227,-84,-2384
5590,1192,-2248,-2756,2681,-350,-2432
-6112,-2268,7600,2521,-2277,-51,-2368
1176,-3086,11262,-866,280,-189,-2384
7106,3560,-2900,-1293,2011,-625,-2416
-8750,-4592,18900,2563,-1825,-239,-2400
-1158,620,12902,-503,129,240,-2400
8456,10802,736,-2016,1100,-565,-2384
-10524,-15130,29772,3186,-1677,-30,-2384
9150,1616,-4802,-3131,1584,-103,-2416
4354,3880,-752,1779,-401,-305,-2400
-7312,348,18092,440,-721,431,-2368
3822,462,8092,-452,-198,179,-2416
3832,-1070,-1560,-2216,2270,-494,-2416
-8058,-7400,15702,2343,-1921,20,-2416
994,-360,4758,-1180,381,-90,-2400
6854,1800,-3028,-701,1457,-718,-2400
-7542,-5298,16508,1971,-1242,-251,-2384
1158,-132,5934,-704,262,181,-2416
11864,10824,-6118,-836,34,-568,-2400
-13000,-12848,27176,2054,-414,-37,-2400
5764,8790,892,-2247,496,-4,-2384
3424,1096,9798,2602,-917,-389,-2384
-8948,1566,19026,-674,308,452,-2416
-182,434,6102,-276,-517,277,-2368
6648,3022,198,-1836,1955,-525,-2400
-7460,-5632,11982,1746,-1119,98,-2416
1180,1752,2124,-1275,292,-60,-2416
7064,3058,654,555,284,-729,-2400
-8704,-5612,18420,904,-226,-305,-2432
-68,2674,3312,-557,-16,126,-2416
4144,12038,7310,637,-1260,-584,-2384
-6514,-17856,28808,-376,1362,-72,-2384
7208,5936,-2234,-1217,-331,63,-2384
3022,-2890,22552,2590,-918,-351,-2416
-4072,-1464,13472,-1389,1026,280,-2384
1980,1184,6102,-159,-753,348,-2432
5768,1440,-712,-1202,1493,-501,-2400
-7580,-8002,17092,1321,-748,125,-2432
1300,448,3068,-932,58,-49,-2416
7500,3360,-2344,633,135,-783,-2384
-4274,-4868,13034,269,481,-256,-2400
712,1836,3478,-551,-56,111,-2400
7994,13068,1070,1564,-1992,-514,-2416
3886,-11022,6410,-1943,2517,-114,-2352
2050,9666,2960,-88,-1190,99,-2448
2774,-1516,20336,2305,-661,-88,-2400
3394,2504,2252,-2807,2459,139,-2384
-3464,1534,5232,420,-1304,450,-2384
7136,3802,5070,-554,969,-498,-2416
-8156,-7956,17488,-51,373,32,-2400
-402,2744,2800,-543,-363,11,-2400
5288,1310,7816,1587,-704,-603,-2384
-6154,-5450,15024,-1265,1743,-442,-2416
-3324,1722,7226,511,-959,34,-2416
-790,9424,15446,1927,-2308,-388,-2400
448,-13934,14898,-4046,3858,-332,-2400
-6564,822,7138,2962,-3036,-100,-2416
4424,-4730,18258,727,264,-111,-2384
1104,76,6048,-2581,2586,174,-2400
-1404,814,5506,899,-1752,424,-2400
6958,1670,7444,-271,645,-389,-2368
-5446,-7460,15394,-965,1090,-126,-2448
570,1764,2156,198,-862,-7,-2416
2844,-2166,12920,1540,-807,-302,-2400
82,-3156,7168,-1891,2305,-478,-2400
-1094,2412,4506,1478,-1667,-52,-2384
-3462,2532,18614,2000,-2217,69,-2416
8628,-3464,-4360,-5227,4459,-491,-2384
-2910,5204,4054,4370,-3820,73,-2368
8470,-3476,-1140,-1464,1486,-165,-2416
4886,4458,-1232,-1739,2166,36,-2416
-6470,828,8678,1053,-1932,471,-2416
7534,3568,6116,-45,391,-317,-2416
94,-4914,5656,-1301,1425,-58,-2384
-2574,3038,3414,702,-1161,-64,-2368
4068,-1222,11632,1449,-746,-481,-2400
5098,414,-40,-2170,2524,-481,-2416
-5482,846,11544,1924,-1905,-105,-2384
-2576,6094,17538,1439,-1679,-76,-2432
4646,-8810,4978,-5219,4144,-654,-2400
-9796,-4326,14028,4693,-3789,-25,-2416
6812,-3624,7340,-2088,1748,-163,-2416
2552,1736,3210,-1073,1692,-33,-2416
-8538,3188,13978,952,-1829,421,-2368
6308,624,7072,77,119,-251,-2400
-2680,-6658,10912,-2317,2290,-212,-2416
-5534,-522,6434,1442,-1661,-62,-2384
1166,-3098,12996,1036,-621,-382,-2416
2790,-1932,3344,-2252,2687,-525,-2400
-8260,-2716,17624,2683,-2324,-241,-2384
-2348,366,15936,764,-969,75,-2416
10722,1746,-8206,-4970,3627,-679,-2384
-7114,26,8158,4952,-3606,-156,-2368
9624,426,-5324,-3234,2224,-176,-2400
4366,3886,-1012,162,734,-47,-2400
-7456,3218,10974,955,-1687,451,-2384
4072,408,8292,-154,145,-139,-2416
2890,-2288,-340,-2715,2631,-262,-2400
-4564,1210,4876,2244,-2158,-50,-2400
742,-1074,5800,-272,5,-239,-2384
6564,1674,-2746,-1628,2261,-690,-2384
-7210,-1118,15218,2604,-2156,-206,-2384
-3104,2748,18110,148,-368,144,-2400
12014,8858,-6748,-3987,2700,-668,-2400
-12288,-9944,23186,4431,-2806,3,-2384
8832,-2564,-1416,-3520,2090,-131,-2416
3812,1606,6650,1328,-197,-178,-2368
-9188,1750,18694,865,-1266,390,-2400
5472,584,7514,-613,64,115,-2384
6046,2592,-572,-2395,2499,-399,-2384
-7114,-4368,10820,2377,-2131,-42,-2352
854,-2152,8734,-576,25,-259,-2384
5332,-322,-526,-1134,1853,-754,-2432
-8778,-4612,18422,2558,-1926,-225,-2400
220,-460,10698,-392,108,197,-2400
12478,7020,-8696,-2171,1149,-576,-2384
-7570,-17914,29262,3436,-1755,-36,-2416
7882,5276,-3528,-3005,1236,-58,-2400
4574,2864,1320,521,394,-39,-2400
-9332,2722,16820,945,-1509,409,-2416
6116,624,7714,-426,124,-31,-2384
5480,1502,-1836,-2568,2550,-366,-2400
-6518,-2384,8396,2508,-2324,16,-2400
1740,-2308,10402,-705,124,-200,-2384
7418,2432,-2882,-1341,2072,-623,-2416
-8694,-3672,17452,2493,-1941,-210,-2416
-1122,-4,14074,-133,-3,232,-2400
8736,12086,-430,-2439,1341,-566,-2384
-10722,-16480,30560,3692,-1985,-34,-2384
8830,1474,-5512,-3402,1661,-150,-2384
5676,4698,-2680,1928,-498,-244,-2368
-7680,-898,18388,406,-625,420,-2368
3694,644,7360,-710,-52,215,-2384
4460,-426,-1658,-2046,2144,-517,-2384
-8150,-7428,17166,2406,-1940,2,-2416
1284,-512,4394,-1248,401,-107,-2400
7290,2836,-4028,-511,1211,-699,-2432
-6992,-5946,16636,1629,-872,-313,-2416
1594,900,4648,-769,338,204,-2416
10554,11068,-3806,-129,-491,-570,-2400
-12468,-14412,29722,1055,261,10,-2368
4482,9304,622,-2261,462,61,-2368
3578,476,11550,2428,-794,-303,-2352
-9224,628,19838,-1055,715,361,-2416
-1118,590,5590,-255,-593,353,-2400
7006,3808,1758,-1345,1568,-572,-2400
-7888,-6516,14060,2356,-1858,8,-2352
1060,-1398,6046,-502,120,-244,-2400
6898,2096,-3032,-1836,2449,-557,-2416
-7730,-1416,15858,2716,-2209,-146,-2384
-3022,2228,17870,372,-518,103,-2384
12428,9792,-7604,-4094,2674,-688,-2400
-12920,-10584,24254,5025,-3414,30,-2400
8232,-4050,-1474,-3751,2191,-166,-2384
4182,2630,4594,890,130,-120,-2384
-9596,1094,19752,1080,-1566,386,-2384
5644,1262,6660,-481,55,-9,-2400
6108,2480,156,-2257,2372,-414,-2352
-6848,-3870,10122,2220,-1984,-30,-2384
686,-2518,9164,-563,99,-168,-2416
5884,436,-954,-1416,2025,-598,-2416
-8504,-5342,18436,2463,-1781,-265,-2400
-48,-350,10108,-354,22,203,-2400
12468,7606,-9176,-2035,1018,-608,-2416
-7528,-17220,29492,3264,-1587,-57,-2384
7676,5186,-3218,-3013,1333,-32,-2400
4582,3326,1388,2107,-669,-162,-2400
-4494,-24,14876,-306,-71,346,-2384
1888,76,8406,-133,-415,152,-2416
5308,436,-1790,-2225,2244,-486,-2416
-6168,-1310,7882,2152,-1649,31,-2400
880,18,3664,-1063,278,-103,-2368
7044,3380,-2762,-221,952,-814,-2416
-7970,-3482,17502,1670,-1001,-263,-2384
976,778,4248,-554,175,175,-2416
9188,12094,-976,-610,-203,-472,-2400
-11004,-16214,31564,1519,-17,-1,-2368
3038,9040,2628,-1886,222,47,-2416
2280,-1366,18398,2663,-977,-279,-2384
-7042,360,17360,-1440,997,232,-2400
3900,732,7054,-107,-632,311,-2400
6520,4072,3342,-1456,1622,-525,-2352
-7354,-6924,14520,1719,-979,-8,-2416
804,-920,5298,-1404,368,-49,-2384
5684,1676,5176,816,50,-752,-2400
-7006,-5188,16124,619,-41,-288,-2400
1226,796,5816,-569,86,120,-2400
10766,9354,-4050,359,-876,-380,-2400
-1496,-13690,17136,-258,1168,-55,-2400
5080,7870,668,-895,-444,-81,-2400
3252,-40,11616,2032,-528,-313,-2400
-998,-726,8486,-1201,941,394,-2384
-110,722,6192,-323,-527,313,-2384
6410,3318,782,-1270,1508,-525,-2400
-7406,-5672,12288,1498,-846,27,-2400
1400,1804,2008,-1134,162,-7,-2416
6736,2742,706,807,15,-751,-2416
-8244,-4880,17502,444,156,-343,-2384
-158,2136,3864,-364,-164,104,-2368
4244,11366,6884,976,-1512,-436,-2400
-5942,-16864,26204,-2124,2610,-154,-2384
-1652,6132,4212,588,-1625,67,-2384
3014,-2970,21686,1396,-39,-214,-2400
-3934,-1330,12536,-2105,1836,244,-2400
-5212,1684,7262,395,-1257,420,-2416
7500,3104,6026,-699,1094,-512,-2384
-7806,-8102,17808,426,-71,64,-2384
1710,754,2664,-518,-329,-46,-2400
4402,-298,10974,1468,-545,-651,-2400
-4046,-4688,12148,-1321,1754,-304,-2416
950,2218,3668,617,-991,27,-2384
-2658,6236,17502,1602,-2025,-134,-2432
4284,-8952,5076,-3977,3739,-367,-2400
818,7468,3172,2691,-2934,38,-2400
7332,-3308,7348,-128,823,-169,-2416
2128,1074,3300,-1952,2093,150,-2384
-3428,1760,5292,617,-1578,462,-2400
7498,4018,4182,-37,490,-386,-2400
-3240,-6354,11036,-859,956,-47,-2400
-326,2556,2652,391,-956,-4,-2384
5802,1566,7038,1503,-740,-394,-2416
2938,-2118,3142,-1982,2421,-495,-2368
-3242,2274,7706,1409,-1616,-26,-2432
-976,9228,15418,1854,-2074,-245,-2384
11100,1276,-8576,-5401,4453,-518,-2384
-7146,1300,7026,3565,-3422,-118,-2400
4998,-4856,17694,53,716,-174,-2400
744,98,6340,-2467,2510,114,-2400
-1324,742,5112,1001,-1883,427,-2400
7502,1460,7436,-214,576,-414,-2368
-5464,-7410,14718,376,30,41,-2384
752,2316,1924,-930,-60,-2,-2384
6498,2590,3354,1453,-545,-648,-2400
542,-3262,6364,-1148,1645,-406,-2416
-1456,2674,5036,545,-958,29,-2384
2680,11024,10218,1655,-2113,-369,-2384
-3994,-16392,24020,-2937,3246,-186,-2416
-3426,4450,4430,1904,-2419,80,-2400
3778,-3066,20670,1168,15,-172,-2400
-2538,-1752,11646,-2341,2320,104,-2416
-6530,2692,8186,525,-1509,401,-2416
7248,2692,7516,-84,493,-445,-2400
-7006,-8086,17422,-927,1067,-116,-2400
-3406,1940,4100,249,-823,10,-2416
3912,-1190,12394,1594,-719,-643,-2384
-2776,-4234,10878,-1439,1895,-443,-2416
204,1904,3296,1140,-1436,-5,-2400
-3086,5084,18964,2094,-2355,-164,-2400
5614,-8190,1940,-5296,4543,-513,-2416
58,8174,3464,3691,-3508,165,-2384
7092,-4682,5182,-205,779,-86,-2384
3954,3322,824,-2138,2331,62,-2368
-4896,1050,7432,1379,-2129,404,-2400
6746,1036,6220,-372,600,-332,-2384
-1868,-5298,8614,-1530,1577,-48,-2384
-1566,2284,3306,943,-1329,-39,-2400
4804,528,9244,1420,-715,-415,-2400
4048,-998,2012,-2129,2538,-520,-2416
-3966,1404,8838,777,-1140,-18,-2384
-1360,7914,15964,1788,-2103,-312,-2400
2274,-11362,9932,-4508,4132,-418,-2400
-8122,-1306,10168,3569,-3400,-71,-2384
5206,-4094,12814,-216,761,-143,-2384
2032,658,4054,-2254,2160,137,-2400
-2464,484,6740,873,-1708,363,-2384
7066,1632,6300,-515,785,-415,-2416
-4688,-6642,14620,-745,944,-100,-2400
44,1524,3016,44,-685,-16,-2400
2854,-2554,12306,1479,-696,-559,-2416
462,-3124,7182,-1360,1897,-445,-2384
-1320,2264,4736,722,-1068,-42,-2384
1584,10208,11278,2060,-2155,-306,-2432
9262,-1044,-5702,-5220,4402,-496,-2400
-4520,3180,5778,4477,-3912,-10,-2384
3716,-3988,19956,-1173,1337,-155,-2384
4726,4452,-1634,-1501,1901,49,-2368
-7106,1272,10056,984,-1869,448,-2368
7718,3108,5926,-273,589,-373,-2432
736,-4306,4652,-1466,1554,-98,-2384
-3392,2430,4546,675,-1157,-59,-2416
4264,-1832,11314,1237,-629,-438,-2400
5372,78,-192,-1890,2390,-529,-2384
-5570,786,12114,1807,-1776,-103,-2416
-2944,5318,17324,1370,-1600,-82,-2384
5514,-6644,2604,-4995,3805,-564,-2400
-10914,-6336,17886,4744,-3871,78,-2400
7746,-3202,4048,-757,1072,-164,-2384
2932,2498,1590,-1850,2068,95,-2384
-4584,1364,6052,749,-1750,445,-2400
7264,3840,5052,-83,475,-342,-2400
-2430,-5730,9658,-968,1073,-124,-2400
-966,2842,2954,500,-1015,-46,-2416
5670,-8,8144,1361,-626,-486,-2384
3092,-1658,2952,-1795,2279,-442,-2400
-3462,2200,8286,1416,-1582,-118,-2400
-1400,7172,15886,1515,-1767,-3,-2416
10928,2694,-7522,-5143,4117,-585,-2416
-8476,-1334,11026,4511,-3921,-19,-2384
6232,-3944,11852,-2046,1817,-175,-2400
4484,3676,-794,-862,1582,10,-2384
-8184,2770,12456,961,-1893,430,-2384
7574,2014,6648,-60,406,-304,-2400
-5356,-7024,14780,-1598,1593,-64,-2400
-4924,582,5502,984,-1379,-23,-2416
2846,-3112,12430,1168,-525,-427,-2384
770,-2760,6172,-1927,2390,-444,-2384
-1782,2372,6056,2047,-1942,-117,-2368
-2712,2420,17152,1397,-1660,-96,-2400
8816,-1828,-4946,-5281,4149,-600,-2400
-4484,3116,5720,4839,-3967,-119,-2384
9124,-2162,-2982,-2054,1776,-151,-2384
4522,4316,-1300,-895,1577,16,-2400
-6990,2566,8686,1294,-2110,436,-2400
5338,900,7504,-177,341,-275,-2384
1184,-3638,2638,-2246,2215,-211,-2384
-3494,2188,4522,1512,-1792,-39,-2384
3886,-1358,12520,660,-454,-329,-2368
5976,116,-1614,-2201,2706,-558,-2400
-6424,726,13276,2766,-2431,-150,-2384
-3370,4104,19384,848,-999,45,-2384
13136,8432,-9744,-5039,3540,-674,-2400
-12104,-6822,17344,5176,-3785,-81,-2400
8052,-4686,2342,-3417,2122,-193,-2384
5084,3004,892,134,758,-171,-2416
-9884,1618,17680,1385,-1978,446,-2416
6424,1004,6592,-478,169,-95,-2400
5780,1364,-1614,-2465,2506,-358,-2416
-6710,-2730,9100,2255,-2155,14,-2384
1352,-2464,10358,-174,-73,-245,-2416
4340,-1060,1834,-1408,2124,-688,-2400
-8560,-3818,17830,2568,-2058,-242,-2400
-1010,-882,13692,259,-350,212,-2400
12398,4896,-11086,-3750,2298,-694,-2384
-10846,-17612,32767,4700,-2893,-43,-2384
8146,1798,-5220,-3721,1872,-68,-2400
6116,5148,-4050,1528,-254,-230,-2400
-7032,-1338,17894,590,-836,365,-2384
4106,1988,5690,-842,209,104,-2416
4456,-406,-840,-1942,2148,-420,-2400
-5874,-650,7248,2066,-1754,-8,-2400
906,-932,4740,-699,141,-170,-2400
7372,2690,-3642,-1118,1751,-755,-2368
-8214,-2542,16970,2453,-1739,-238,-2400
1052,800,4942,-660,284,178,-2416
10656,11462,-3700,-1967,966,-637,-2384
-12592,-15240,30760,2633,-985,-6,-2368
4458,9208,1616,-2571,824,-30,-2416
3342,268,13442,2467,-873,-372,-2384
-8730,810,19388,-464,131,460,-2416
4296,864,6898,-475,-180,257,-2416
6606,3802,2018,-1886,1983,-515,-2400
-7516,-6200,13448,2095,-1580,-19,-2368
812,-1728,6240,-1212,279,-68,-2384
6248,2426,2852,95,690,-621,-2384
-7362,-5320,16902,901,-300,-376,-2368
694,-70,7552,-514,117,199,-2400
2262,10846,10298,313,-973,-551,-2416
-3368,-15956,22130,4,995,-88,-2416
6758,7560,-1742,-1369,-132,-31,-2416
3748,1374,6992,2266,-660,-378,-2400
-1804,-764,9956,-1493,1120,323,-2432
698,8,6678,8,-778,331,-2384
5860,2534,138,-1316,1532,-520,-2384
-7154,-7674,17906,1217,-595,-37,-2368
1242,648,2586,-1115,154,-13,-2400
6816,3672,-934,788,-5,-561,-2368
-2876,-3904,10832,-41,629,-390,-2384
498,2290,3484,-314,-182,65,-2384
5310,11188,5758,1499,-1928,-577,-2400
6234,-6314,630,-3216,3271,-264,-2416
-624,6502,3608,1529,-2155,28,-2384
2656,-2816,21148,1228,6,-111,-2352
-4378,-278,14300,-1997,1830,205,-2384
-4670,656,6708,253,-1142,389,-2400
7244,4214,5162,-591,932,-436,-2400
-7688,-8176,17864,150,255,-9,-2384
-1104,3182,2756,-732,-182,-6,-2384
5010,120,8986,1422,-472,-634,-2416
-5322,-4292,13956,-628,1137,-364,-2384
900,684,4542,106,-550,38,-2416
-1328,7576,15470,1695,-2072,-553,-2432
2054,-11878,10850,-3038,3227,-235,-2400
3172,8194,1980,2158,-2545,105,-2384
5560,-3956,13086,766,290,-113,-2352
1294,452,5278,-2115,2114,199,-2368
-1940,238,5636,324,-1294,425,-2432
7038,1486,6964,-156,547,-474,-2384
-5228,-7124,15006,-510,704,-71,-2416
740,2312,2024,-306,-381,5,-2384
5980,2344,4408,1171,-276,-536,-2368
-7480,-5602,17202,56,643,-443,-2432
-1424,3028,5300,-82,-458,79,-2384
1522,8782,12018,1365,-1808,-303,-2384
-1908,-14310,18158,-3033,3140,-276,-2400
-4910,2162,6764,2235,-2634,-59,-2352
4570,-3000,17108,531,462,-188,-2384
-1494,-852,10204,-1693,1693,164,-2384
2,-386,7008,-21,-1057,413,-2384
7550,2230,6362,-324,750,-574,-2368
-7052,-8196,17618,-175,482,0,-2400
1464,1544,1818,-229,-472,-18,-2384
3656,-1746,12896,1557,-632,-692,-2416
-1818,-4098,10068,-1333,1797,-412,-2400
-48,2566,3580,747,-1141,-31,-2432
-3152,4174,18564,1829,-2112,-79,-2384
6614,-6156,-788,-4713,4155,-396,-2352
-1236,6484,3732,3200,-3218,-147,-2384
2860,-3242,22200,-395,961,-169,-2400
4036,3528,136,-2155,2238,103,-2400
-5358,2528,7032,1046,-1961,406,-2384
7490,3112,6108,-57,517,-351,-2384
-596,-5224,5336,-1510,1478,-109,-2416
-2168,2706,3538,889,-1264,-24,-2400
4488,172,11314,1517,-838,-557,-2400
5398,-788,-390,-2291,2680,-458,-2384
-5206,1550,10582,1986,-2078,4,-2416
-3166,5898,19312,1665,-1786,-169,-2384
4836,-9162,3692,-4707,4238,-361,-2400
944,8516,2984,2915,-2985,-1,-2400
6894,-4464,7430,231,514,-133,-2384
3254,2186,1544,-2508,2472,173,-2384
-3992,1584,5254,687,-1691,403,-2416
7552,3394,5040,-52,494,-405,-2400
-2416,-5982,8884,-1269,1284,-96,-2400
-926,2642,3248,802,-1256,-39,-2352
5958,980,8212,1428,-687,-595,-2416
3552,-2210,2628,-1690,2245,-405,-2384
-3538,2228,8250,1498,-1694,-49,-2432
-1966,8696,17010,1939,-2048,-377,-2400
11832,3030,-9894,-5892,4600,-509,-2384
-8222,-406,7898,4726,-3965,-114,-2384
5038,-6076,16496,-1431,1355,-137,-2400
1896,1524,3372,-2142,2421,47,-2400
-9172,1982,15072,1716,-2418,407,-2400
6800,1180,7728,-306,473,-268,-2384
-4146,-6986,12540,-2114,2089,-155,-2384
-5480,-210,6208,1727,-1937,-57,-2368
2498,-2896,12828,862,-452,-359,-2368
1884,-2460,4236,-2338,2776,-574,-2416
-8590,-2722,17180,2649,-2354,-67,-2352
-2552,1510,16426,641,-825,128,-2368
9778,-354,-6228,-5015,3593,-636,-2400
-12584,-13096,27986,5182,-3863,-149,-2416
8888,-1732,-3904,-3066,2053,-70,-2384
5276,4884,-2686,-405,1150,-73,-2416
-7574,2104,10180,1300,-1849,458,-2400
4508,926,7786,-354,245,-83,-2336
2380,-2826,1160,-2409,2410,-330,-2416
-4060,1670,5104,2085,-2048,4,-2384
902,-1998,6960,130,-170,-281,-2416
6350,1522,-2208,-1780,2333,-607,-2400
-6902,-850,14342,2579,-2063,-155,-2400
430,-482,8316,80,-261,177,-2416
12484,9218,-7956,-3727,2378,-663,-2416
-12354,-9912,22570,4801,-3144,-27,-2416
8430,-4010,-722,-3742,2285,-143,-2384
4036,2624,4066,1230,-132,-198,-2400
-9434,2294,18068,678,-1293,435,-2400
5830,1120,6782,-238,-118,-18,-2384
5780,1876,-1058,-2458,2469,-399,-2384
-6342,-2830,8514,2126,-2010,-42,-2384
892,-3506,10328,-580,101,-198,-2400
6752,3728,-1544,-971,1602,-621,-2352
-8350,-4848,18744,2369,-1700,-244,-2384
-534,176,11098,-419,44,215,-2384
11620,5628,-8060,-1842,912,-476,-2400
-8572,-15750,28516,2915,-1471,-65,-2400
8442,3576,-4092,-3038,1546,-43,-2400
4294,3086,1146,1846,-474,-153,-2352
-5676,514,16288,120,-520,371,-2384
2660,60,9004,-96,-432,139,-2400
4432,-932,-1596,-2343,2335,-452,-2400
-7590,-7460,15478,2210,-1713,-8,-2384
594,-664,4774,-1002,274,-96,-2384
7016,2704,-3104,-403,1099,-636,-2368
-7782,-2262,16816,1908,-1183,-261,-2400
1230,488,4994,-673,264,183,-2400
10402,11508,-3364,-577,-151,-459,-2384
-12184,-14514,30144,1605,-138,-123,-2384
4378,9040,1856,-1957,306,-3,-2400
2522,-510,14856,2543,-897,-150,-2368
-7864,1530,18088,-1141,763,384,-2416
-936,-148,6972,-186,-552,289,-2416
6328,4004,1750,-1839,1937,-539,-2416
-7276,-6170,12784,1823,-1149,145,-2368
1182,1992,1772,-1334,333,-29,-2384
6300,2352,2342,566,303,-792,-2416
-7804,-5340,17108,928,-270,-285,-2384
798,132,7968,-504,-13,139,-2368
3106,10400,9230,497,-1062,-483,-2400
-4404,-15616,23236,-1291,1980,-83,-2384
6622,6914,-964,-109,-1032,66,-2384
4074,1516,6458,2017,-551,-258,-2384
-9114,2078,18270,-302,37,360,-2400
1396,712,6708,-503,-191,203,-2400
5744,2288,-568,-2081,2142,-476,-2400
-6744,-3904,9814,2089,-1561,-64,-2416
1470,1058,2514,-1175,311,-74,-2416
7008,3180,-1316,7,725,-677,-2368
-8416,-4446,18092,1518,-857,-289,-2368
786,1970,3322,-752,264,149,-2416
6406,11810,3570,-54,-608,-462,-2416
-8768,-17540,30222,806,419,-143,-2384
8782,4522,-4872,-1269,-331,-12,-2368
2950,-2572,21152,2388,-721,-379,-2400
-5792,-1276,15528,-1565,1180,339,-2384
3318,1098,6364,-232,-666,342,-2416
7534,3386,5318,-1179,1499,-551,-2400
-8324,-8024,17438,1369,-772,-2,-2368
1468,326,3468,-1005,27,-34,-2384
5284,874,8602,865,-29,-556,-2384
-5806,-5230,14352,223,386,-288,-2384
1224,1512,4322,-123,-344,80,-2400
-1406,8514,16224,1378,-1892,-560,-2384
1744,-12504,11448,-2340,2796,-202,-2384
3736,8966,1338,591,-1598,75,-2384
3184,-252,14772,1501,-171,-215,-2368
1036,160,5502,-2284,2014,182,-2400
-2002,1022,5146,189,-1086,395,-2368
7108,3664,2738,-530,954,-470,-2384
-7980,-6646,14966,1488,-921,26,-2368
834,-1442,5694,-1176,238,-24,-2400
6690,2798,3436,382,386,-578,-2432
-7912,-5872,18026,576,212,-354,-2384
1064,98,6230,-608,71,156,-2384
1284,10658,12346,1248,-1690,-621,-2400
-2554,-16594,21978,-1243,2031,-191,-2368
5756,8544,-268,239,-1345,9,-2384
3682,-4212,21710,2193,-551,-181,-2384
-1104,-736,9670,-2107,1749,172,-2416
12,386,5854,235,-1120,402,-2400
6780,3046,-84,-820,1068,-476,-2368
-6752,-8236,16994,777,-252,40,-2432
1226,1766,1962,-1067,63,-11,-2400
7012,3468,344,1355,-402,-628,-2384
-1402,-3864,8800,-545,1127,-335,-2384
-470,2310,3958,357,-785,62,-2400
5534,11756,5504,1525,-2040,-447,-2400
6284,-7090,970,-3052,3340,-275,-2384
-532,6988,3260,1190,-1943,161,-2416
2832,-2332,21412,1642,-321,-172,-2384
-4534,-1482,14244,-2554,2345,126,-2400
-5300,1556,6730,571,-1448,396,-2400
7086,3394,6408,-313,712,-483,-2384
-7384,-7854,17314,-344,678,-45,-2384
-1850,2632,3098,-212,-474,-13,-2368
4386,-12,10190,1739,-706,-419,-2368
-4484,-4646,13328,-1687,2057,-365,-2384
862,1742,3776,-179,-320,48,-2384
8584,11374,1074,1582,-1928,-616,-2400
3558,-10310,7022,-2570,2871,-166,-2400
1688,8400,3210,1575,-2161,92,-2416
2512,-1922,19352,1258,-23,-152,-2384
2348,1508,3712,-2052,1875,138,-2384
-3228,494,7116,520,-1421,441,-2400
7022,4170,3684,-747,1054,-531,-2400
-4058,-6712,12828,-111,454,-40,-2384
-86,2218,2478,-540,-274,-26,-2384
5690,1602,5842,1546,-624,-535,-2368
-6466,-4896,15312,-1069,1526,-450,-2400
-2578,1672,6554,746,-1144,-30,-2384
310,9382,13372,1826,-2159,-442,-2384
-472,-13952,16376,-4258,3894,-288,-2416
-5624,1534,6918,3309,-3238,183,-2368
4154,-3972,17408,31,686,-99,-2400
238,2,7268,-1949,2109,130,-2384
-7210,1756,10298,759,-1618,409,-2384
7488,2080,6316,-440,777,-421,-2384
-6304,-7644,16802,-916,1065,-35,-2368
874,1148,2374,73,-781,-14,-2400
3574,-2036,12568,1625,-748,-461,-2400
-1478,-3800,9470,-1328,1819,-474,-2368
-66,2578,3454,675,-1082,-31,-2368
-3096,3046,17942,1810,-2021,-438,-2384
7444,-4136,-2234,-4804,4180,-440,-2384
-2414,4892,5098,4126,-3707,-28,-2368
3534,-2992,20032,508,461,-104,-2384
-3412,-476,12730,-1841,1811,170,-2416
-5416,2002,6934,35,-1036,445,-2384
7524,3516,5570,-326,778,-542,-2400
-8010,-8508,18932,33,303,34,-2432
-1930,3020,3542,-223,-515,-30,-2416
4922,-944,10972,1534,-587,-537,-2384
-3928,-3852,12068,-1429,1853,-441,-2368
832,1542,4012,786,-1140,9,-2400
-2672,6406,17134,1549,-2006,-313,-2400
3886,-9224,6086,-4413,3955,-357,-2384
1284,7666,2782,3194,-3245,-26,-2384
7096,-4052,7976,-534,971,-189,-2432
2372,1702,2608,-2056,2246,91,-2368
-3652,1718,4910,922,-1905,445,-2416
6462,942,7786,18,467,-444,-2384
-3060,-6404,10410,-1637,1658,-84,-2400
-284,3250,2408,747,-1234,-65,-2400
1804,-3236,12154,1296,-619,-418,-2384
3066,-1744,2450,-2246,2629,-466,-2416
-3374,2396,8222,2022,-1981,-72,-2416
-1284,7738,15924,1096,-1388,-83,-2400
10496,2112,-7034,-5120,4008,-574,-2400
-7942,-882,10432,5034,-4080,93,-2384
6114,-3780,12952,-2285,1889,-185,-2384
4522,3980,-1520,-1133,1770,56,-2416
-7962,3122,11442,1150,-2022,429,-2400
7098,1294,7388,81,162,-291,-2368
-5272,-7610,14778,-1361,1423,-134,-2416
898,2848,2214,474,-1036,-9,-2384
2594,-2408,13250,1356,-659,-526,-2400
946,-2792,5834,-2080,2406,-374,-2400
-1776,2250,5670,1639,-1731,-14,-2400
-2766,2248,17180,1574,-1834,-26,-2384
9022,-2036,-5500,-5310,4250,-575,-2384
-4516,3632,5328,4280,-3807,-41,-2384
4014,-3902,20656,-1444,1475,-139,-2400
4864,4714,-1976,-1827,2211,118,-2400
-7186,2486,9558,1440,-2218,457,-2416
8034,1988,6574,-167,488,-352,-2416
1360,-3586,2322,-1862,1905,-214,-2384
-3736,2020,4706,1334,-1648,-5,-2400
3672,-1048,12690,1090,-629,-398,-2400
6372,552,-2196,-2367,2826,-535,-2416
-6878,256,13758,2541,-2376,-94,-2384
-3472,3318,19416,985,-1099,81,-2368
7260,-5522,-3004,-5715,4088,-687,-2368
-12296,-8870,19632,5461,-4019,-176,-2384
7810,-4722,1374,-2981,2043,-161,-2384
4846,4426,-1436,-652,1376,-86,-2384
-9618,1564,18590,1485,-2086,414,-2400
6198,864,6334,-457,413,-209,-2400
-542,-4672,6394,-2347,2431,-327,-2384
-6764,-3154,9482,2014,-2038,-17,-2384
1098,-2268,9856,-31,-126,-277,-2368
4784,-1116,1136,-1799,2411,-598,-2368
-4822,1514,10406,2124,-2092,-98,-2384
-2898,6668,18588,1612,-1667,-101,-2384
12982,5698,-11448,-5901,4331,-607,-2432
-9702,-2722,9832,5309,-4153,-222,-2400
6362,-5986,10440,-2246,1783,-106,-2432
5890,4950,-3838,-870,1530,-84,-2384
-9478,1334,15992,1643,-2213,448,-2416
6798,918,6838,-488,433,-202,-2400
-3036,-6282,11296,-2268,2279,-242,-2400
-5926,-634,7380,1921,-1931,-51,-2416
1562,-3190,12374,443,-346,-309,-2384
3066,-1288,3000,-2132,2483,-574,-2416
-8538,-3388,18154,2696,-2249,-203,-2400
-1880,140,14450,346,-583,111,-2432
11160,2312,-8898,-4645,3216,-669,-2400
-11804,-15574,30738,4943,-3306,-37,-2416
8874,476,-5320,-3448,2106,-135,-2384
5298,5024,-3130,389,513,-180,-2416
-8310,1822,11902,845,-1449,423,-2400
4300,670,6970,-407,192,-73,-2368
3276,-2342,230,-2353,2435,-355,-2384
-4738,1316,5864,2113,-2005,-59,-2384
534,-1384,6508,-72,-153,-239,-2416
6422,1774,-2150,-1401,2018,-718,-2400
-6916,-950,14672,2344,-1841,-196,-2368
486,-430,7866,-18,-122,171,-2384
11656,9878,-6264,-3161,1918,-611,-2416
-12722,-11426,25250,3748,-2100,-76,-2368
9216,-2694,-3266,-3226,2181,-135,-2400
4816,4668,-1494,320,582,-149,-2384
-9036,2216,18556,1012,-1722,451,-2384
5284,744,7526,-307,178,-43,-2400
512,-4664,4374,-2427,2445,-276,-2400
-6630,-4430,10206,2212,-2094,-7,-2416
578,-2658,9168,-41,-167,-299,-2384
5666,570,-1632,-1881,2405,-629,-2416
-5948,240,12200,2622,-2032,-241,-2432
4,-148,10006,-1,-283,138,-2400
11824,6334,-7228,-2987,1923,-657,-2416
-11068,-6686,18464,4061,-2578,-50,-2384
7932,5282,-3446,-3154,1684,-94,-2432
4108,2444,2744,1165,-38,-137,-2368
-8404,3276,14914,579,-1075,449,-2400
1926,-488,8784,-198,-180,32,-2384
5214,936,-1752,-2495,2477,-375,-2384
-5968,-1486,7578,2476,-2094,-30,-2400
1182,240,3192,-1017,290,-144,-2384
7112,3064,-3140,-951,1680,-638,-2416
-8400,-3490,17696,2228,-1608,-261,-2416
-1838,-70,14240,-378,88,205,-2384
8896,11150,-382,-1646,721,-663,-2400
-10482,-15876,29872,3511,-1873,-20,-2416
9248,1892,-5856,-3332,1723,-110,-2416
4730,4058,-1220,1562,-268,-86,-2352
-7210,768,17370,261,-644,408,-2400
3126,-106,9136,-229,-197,120,-2400
4062,-1612,-1872,-2424,2403,-485,-2416
-8082,-7300,16080,2573,-2062,-40,-2416
804,-758,4910,-1112,340,-134,-2384
7166,2568,-3690,-607,1332,-665,-2400
-7540,-5638,16832,1884,-1117,-354,-2416
1570,826,5286,-709,276,217,-2384
11342,9138,-4694,-1312,461,-531,-2416
-12102,-12174,25900,1580,-201,-12,-2400
5040,7386,392,-2157,545,-52,-2400
3642,788,9984,1889,-437,-325,-2400
-8658,1902,18598,-294,94,370,-2416
-96,292,5954,-564,-285,257,-2384
6900,3736,472,-1586,1795,-609,-2400
-7902,-6232,13328,1953,-1383,6,-2400
1482,1722,1658,-1414,433,-19,-2384
6874,2866,850,269,457,-725,-2416
-8736,-5362,18242,1370,-615,-370,-2384
528,-430,8816,-650,112,127,-2400
4318,11756,7378,237,-837,-484,-2400
-6326,-17426,28552,-511,1467,-54,-2384
7514,6236,-2218,-959,-492,13,-2416
3176,-3158,22224,2198,-539,-328,-2400
-3970,-1188,13218,-1670,1314,259,-2400
1574,612,6462,-192,-802,371,-2400
7788,2994,6216,-970,1276,-512,-2384
-8226,-8456,18590,976,-428,26,-2416
1580,1028,2466,-939,-37,12,-2400
4548,-122,11544,1383,-455,-541,-2384
-3834,-5016,12248,-486,1085,-360,-2384
958,2068,2944,-63,-501,76,-2384
7054,12630,2524,1585,-2014,-448,-2416
4260,-9802,4736,-3104,3332,-284,-2368
1720,8680,2712,1035,-1798,118,-2400
2518,-1616,21050,1662,-322,-87,-2384
3372,2434,1422,-2703,2383,147,-2384
-3890,1728,5444,516,-1381,414,-2384
6982,3230,5818,-591,981,-503,-2416
-7962,-7570,16718,-247,562,-122,-2400
-896,2254,3322,-345,-430,27,-2400
5954,1744,7052,1367,-526,-539,-2400
-6228,-5570,15764,-1044,1600,-409,-2416
-3120,2342,7010,312,-807,54,-2384
-1378,8692,16678,2236,-2442,-437,-2368
1156,-13810,13530,-4677,4240,-268,-2400
-7418,428,6274,3300,-3243,95,-2384
4614,-5824,17742,777,231,-106,-2416
1806,1102,4504,-2878,2792,121,-2400
-1910,772,4808,1180,-1985,431,-2400
6866,1488,7384,-270,628,-405,-2400
-4898,-7394,14430,-1195,1300,-146,-2448
390,2492,2516,470,-1065,-52,-2384
3000,-2916,12762,1412,-684,-557,-2432
728,-2352,5964,-1940,2313,-429,-2400
-1626,2030,5496,1733,-1805,-96,-2384
-2784,2322,17056,1614,-1835,-324,-2384
8844,-1558,-4460,-5232,4339,-577,-2384
-4314,3034,5690,4710,-3980,89,-2368
8588,-2280,-2698,-1922,1603,-141,-2384
4930,4538,-1844,-1459,1924,-56,-2384
-6938,2000,9210,1223,-2083,372,-2384
7146,2912,6702,-186,359,-258,-2400
1182,-4010,3522,-1798,1820,-182,-2400
-3198,1950,4326,1028,-1379,-61,-2368
3724,-1434,12200,1068,-613,-395,-2384
5758,830,-1230,-2193,2610,-468,-2384
-5918,334,12630,2302,-2031,-157,-2400
-3416,3540,18652,1131,-1292,56,-2400
12260,7886,-8156,-5021,3599,-666,-2384
-11714,-7870,19564,5240,-3980,-68,-2416
8032,-3998,2166,-2932,2187,-155,-2384
3772,3560,450,-115,958,-106,-2432
-9216,2678,16418,998,-1792,439,-2368
6264,1422,6362,-80,149,-239,-2400
-1896,-6032,9706,-2260,2286,-272,-2416
-5830,-1608,7606,1627,-1812,-12,-2416
5024,-116,9146,1323,-654,-396,-2368
4090,-792,1778,-2075,2462,-432,-2400
-4254,1298,9456,2021,-1954,-96,-2384
-1722,7126,16198,1384,-1666,-127,-2384
10914,3516,-7554,-5063,4036,-521,-2384
-8618,-2082,11730,4719,-3892,-162,-2400
6058,-3896,10886,-2126,1835,-67,-2400
4332,3904,-662,-735,1448,-6,-2384
-7992,3246,11730,942,-1885,412,-2384
7262,1460,6306,10,234,-271,-2400
-4994,-6866,14934,-2154,2100,-197,-2400
-4858,524,5622,1285,-1557,-49,-2400
2320,-3172,12990,797,-455,-366,-2416
910,-2704,6126,-2136,2578,-521,-2384
-7714,-1388,16400,2568,-2273,-126,-2400
-2684,1132,17130,874,-1046,27,-2368
9622,-590,-6964,-5113,3718,-675,-2400
-12324,-12846,27240,5023,-3725,71,-2416
9462,-1024,-4410,-3178,2248,-144,-2384
4450,3984,-1598,333,593,-81,-2400
-8478,2188,17462,856,-1553,422,-2416
4784,636,7508,-150,51,-117,-2384
1204,-3482,2530,-2550,2516,-288,-2384
-3594,2408,4856,2108,-2111,14,-2416
670,-1466,7848,-112,-116,-278,-2400
5834,382,-1232,-1678,2317,-627,-2400
-6240,364,13760,2608,-2134,-184,-2384
500,-274,9528,240,-418,181,-2384
6766,-5784,-774,-5286,3900,-648,-2400
-11822,-7800,19280,5062,-3928,-183,-2400
8354,-3412,1212,-2922,2011,-127,-2416
3924,3398,180,-411,1158,-107,-2416
-9394,1726,18352,1426,-2027,410,-2400
6330,806,7156,-490,409,-175,-2432
-872,-5000,5862,-2468,2487,-237,-2384
-2160,2476,3746,1662,-1858,-10,-2384
966,-2490,10172,896,-543,-383,-2416
4842,-1176,470,-2122,2646,-587,-2400
-4714,1844,10206,2544,-2297,-169,-2400
-564,-26,12024,620,-781,89,-2416
12206,5134,-9344,-5048,3623,-717,-2416
-10562,-4212,13566,5290,-3971,-169,-2384
7644,-4308,6992,-3233,2065,-129,-2368
4892,3722,-982,-105,942,-109,-2400
-9042,2348,14988,1238,-1834,439,-2416
6630,1046,7742,-386,230,-102,-2384
5066,362,-1924,-2591,2622,-329,-2368
-6130,-1400,7650,2417,-2298,-28,-2400
1664,-2582,12052,-76,-100,-287,-2432
7310,2974,-3338,-1665,2273,-670,-2416
-8830,-3504,17940,2645,-2092,-212,-2416
-1710,190,14972,-47,-124,204,-2400
9968,11958,-2722,-3057,1807,-623,-2416
-11942,-15500,30512,4330,-2597,-79,-2416
9084,-620,-5974,-3675,1991,-112,-2416
5780,5334,-3642,1225,-65,-166,-2416
-8644,1722,14108,1750,-2170,396,-2400
4864,1598,6450,-767,483,-85,-2416
3094,-1588,100,-2219,2311,-324,-2384
-4990,150,5876,1977,-2010,-16,-2384
2502,-2476,12860,47,-153,-298,-2368
6996,2360,-3484,-1954,2512,-646,-2400
-7918,-1790,16174,2742,-2147,-241,-2416
-2876,1742,17558,58,-302,199,-2384
11856,10464,-6346,-3532,2197,-709,-2368
-13086,-12734,27028,4678,-3001,-165,-2400
8778,-2800,-3464,-3602,2065,-113,-2400
3896,1674,7320,1202,-36,-297,-2416
-9254,1450,19432,836,-1251,401,-2384
4630,582,7832,-425,2,30,-2400
6602,3192,236,-2280,2342,-471,-2384
-7242,-4834,11588,2416,-2045,-26,-2416
786,-2194,7850,-867,198,-184,-2384
6168,1124,-1686,-1136,1796,-650,-2416
-8128,-5332,17866,2320,-1680,-204,-2416
44,-616,9548,-238,-26,184,-2400
12836,7452,-8772,-2611,1431,-561,-2400
-6842,-16946,28340,3126,-1465,-14,-2384
7582,5114,-3310,-3256,1508,-66,-2384
4626,2964,1490,1830,-462,-235,-2384
-9384,1840,17544,8,-305,390,-2368
1940,672,6906,-407,-232,182,-2400
5676,1372,-1148,-1976,2019,-490,-2384
-6392,-2322,8578,2094,-1636,9,-2384
868,-3462,10982,-428,67,-221,-2400
4620,-398,582,-1519,2097,-693,-2368
-8698,-4538,18764,2589,-1901,-302,-2384
-1098,192,12390,-312,-119,176,-2384
11554,4530,-8314,-3022,1889,-643,-2384
-9912,-15662,29566,3463,-1927,47,-2400
8874,2678,-4646,-3183,1712,-89,-2400
4464,3492,186,1685,-386,-146,-2416
-6444,924,16954,287,-736,394,-2416
2780,-30,8692,-182,-317,123,-2432
4378,-1190,-1756,-2432,2423,-418,-2400
-7848,-7294,15648,2278,-1791,9,-2416
746,-570,4838,-1033,307,-137,-2384
6704,2612,-3102,-755,1411,-720,-2416
-7506,-1936,16162,1908,-1265,-326,-2400
846,2,6104,-488,100,171,-2400
11104,10558,-4800,-1142,305,-571,-2416
-12276,-12984,27582,2164,-692,44,-2416
5020,8308,1126,-2623,997,-41,-2384
2958,-118,12512,2272,-794,-324,-2432
-8294,1594,18084,-439,100,422,-2400
-810,394,6242,-305,-436,257,-2416
6678,3568,1036,-1910,1982,-562,-2416
-7410,-5784,12724,1896,-1295,78,-2368
490,-1860,7440,-1281,347,-65,-2400
6794,2956,1294,84,668,-731,-2368
-8118,-5560,18118,1094,-401,-357,-2416
930,322,7854,-777,244,136,-2384
11860,8422,-6672,-1560,718,-500,-2368
-12106,-10134,23138,3380,-1790,-5,-2416
6836,6948,-1236,-2902,1322,-51,-2400
3328,1550,6762,1796,-514,-256,-2368
-8672,2498,16914,41,-344,446,-2352
1154,-296,7216,-415,-172,162,-2416
6196,2446,-1292,-2168,2216,-538,-2368
-6672,-3702,9708,2383,-1857,17,-2400
1438,1244,2666,-1176,296,-97,-2384
7356,2612,-1674,-456,1258,-795,-2384
-8644,-4042,17516,1846,-1207,-296,-2384
-544,-702,12174,-608,244,173,-2400
6728,11950,2942,-824,60,-473,-2368
-8564,-16986,29334,923,398,-87,-2416
8500,4272,-4926,-1836,182,16,-2384
2928,-2270,20470,2238,-684,-309,-2384
-5944,-952,15248,-1130,724,192,-2400
2910,232,7080,-481,-395,348,-2400
7678,3646,4544,-1364,1594,-580,-2384
-8498,-8500,18382,1832,-1136,45,-2352
1636,458,3058,-1272,241,-41,-2400
7462,2948,-3016,670,228,-757,-2400
-5980,-4946,14854,227,432,-301,-2416
1728,1694,3916,-380,-104,101,-2416
8628,11224,-266,856,-1406,-273,-2384
2158,-11644,10218,-1917,2437,-227,-2400
3044,8110,1636,307,-1415,141,-2368
3224,-644,16122,1568,-173,-169,-2416
-7864,210,18522,-631,387,291,-2384
3566,216,8780,-414,-451,331,-2400
7402,4030,3158,-1574,1736,-602,-2368
-8280,-7434,16150,1724,-1073,35,-2384
1260,-670,4608,-1328,327,-16,-2416
6668,1942,4682,584,238,-539,-2400
-7608,-5578,17184,675,48,-345,-2400
1516,308,5464,-559,52,193,-2400
432,10272,13578,919,-1489,-508,-2384
-1984,-15884,20314,-760,1648,-183,-2384
5750,8494,-612,-1025,-577,20,-2384
3926,1258,8322,2531,-773,-142,-2384
-854,-568,8496,-2055,1633,208,-2400
-324,942,5256,91,-969,411,-2400
6760,3428,1518,-860,1233,-547,-2416
-6292,-7890,16248,836,-346,74,-2416
1168,1834,2096,-907,-101,-5,-2400
6890,3160,1352,1267,-287,-541,-2400
-988,-3772,8116,-749,1247,-407,-2416
-500,2564,3912,188,-705,94,-2416
3430,11478,9236,1670,-2089,-544,-2384
-5444,-17348,26918,-3363,3486,-247,-2368
-2036,5872,3196,1345,-2030,83,-2400
2822,-3242,22854,1297,-77,-205,-2416
-3408,-796,13014,-2545,2333,152,-2352
-6086,1162,7826,790,-1612,433,-2400
7626,2854,6692,-460,893,-441,-2400
-7440,-8016,17202,-240,517,-69,-2432
1206,380,2694,-1021,113,-35,-2416
7328,3352,-2276,664,150,-601,-2416
-3970,-4840,12964,229,470,-450,-2400
596,1544,3500,-445,-195,100,-2368
7310,12672,2158,1712,-2081,-517,-2416
4520,-10166,4470,-2320,2768,-209,-2416
1386,9012,3046,1071,-1861,129,-2400
2400,-2282,21802,2059,-480,-205,-2368
3772,3078,1650,-2656,2354,178,-2416
-3940,268,7142,650,-1438,379,-2384
6938,4112,5034,-817,1130,-466,-2416
-7594,-7824,15950,62,314,-3,-2400
-602,2596,2850,-623,-246,-14,-2400
5038,1176,7802,1658,-688,-568,-2384
-5728,-5152,14538,-1187,1585,-347,-2384
-3070,1822,7262,818,-1161,-65,-2400
-768,8506,15396,1807,-2188,-379,-2400
826,-12364,13112,-4162,3870,-328,-2400
-7172,-192,8366,3191,-3171,132,-2384
5124,-4198,14278,137,586,-170,-2384
1058,366,5862,-2126,2133,137,-2416
-1582,516,6822,606,-1525,437,-2384
7238,1806,6416,-424,750,-381,-2432
-5400,-7554,15648,-517,737,-6,-2400
768,1354,2300,-223,-476,-4,-2432
2660,-2402,13126,1659,-775,-413,-2416
-190,-3058,7532,-1391,1848,-438,-2416
-858,2336,4272,955,-1246,-58,-2400
2418,10096,10200,1937,-2110,-136,-2400
8708,-2346,-4584,-5202,4339,-534,-2384
-3788,4064,5634,4261,-3846,9,-2416
3600,-3696,20406,-992,1309,-128,-2384
4130,4004,-746,-1535,1886,42,-2400
-6370,1902,8506,745,-1717,443,-2400
7714,3144,6020,-19,456,-318,-2384
-44,-4730,4554,-1435,1529,-65,-2416
-2642,3084,3758,926,-1332,-50,-2400
4068,-1726,12014,1375,-756,-443,-2400
5480,286,-1032,-2206,2564,-514,-2384
-5680,670,12194,2001,-1974,-62,-2384
-2774,5400,17150,1266,-1570,-132,-2416
5124,-7438,3056,-4974,3856,-545,-2400
-10638,-5718,16770,4746,-3926,-210,-2400
7826,-3132,4884,-2422,1918,-151,-2416
2650,1734,2590,-844,1494,38,-2384
-8648,3424,15104,1014,-1877,460,-2416
6120,1000,7868,-11,213,-256,-2400
-2828,-6136,10242,-2177,2135,-176,-2400
-5854,-1490,7158,1745,-1878,-23,-2416
1276,-2538,11868,736,-526,-335,-2384
3452,-1846,2096,-2305,2738,-603,-2400
-3554,2346,8086,2649,-2320,-201,-2432
-1746,318,14598,855,-1048,47,-2400
11468,2686,-8410,-4762,3358,-663,-2416
-8276,-826,9540,5165,-3845,81,-2416
9502,1070,-5784,-3376,2219,-202,-2400
4862,4216,-1818,117,756,0,-2368
-8294,3114,12558,1254,-1926,401,-2400
3940,398,8468,-273,98,-110,-2384
3634,-1398,-1630,-2703,2636,-281,-2384
-5050,480,5118,2296,-2279,-28,-2384
2550,-2580,12874,16,-86,-307,-2352
6814,1788,-3530,-1784,2438,-608,-2400
-8044,-1854,16296,2774,-2276,-181,-2400
-2896,3164,17580,267,-515,125,-2384
12224,8636,-5780,-4158,2886,-667,-2384
-12298,-10240,23894,4388,-2913,-46,-2368
8972,-2040,-1734,-3198,1894,-66,-2400
4254,1554,7144,724,292,-91,-2448
-9310,1748,18840,1145,-1539,385,-2416
5014,206,8422,-404,33,-20,-2384
1768,-3646,1650,-2533,2561,-347,-2432
-7636,-5108,12280,2484,-2278,-78,-2400
412,-2148,8218,-873,248,-157,-2416
6374,606,-2432,-1363,1945,-678,-2384
-9312,-5694,19382,2849,-2108,-273,-2416
578,-490,9242,-548,197,209,-2368
13154,8316,-9764,-2708,1523,-602,-2368
-7384,-17876,30680,3372,-1560,-91,-2384
7798,5280,-2874,-3384,1571,-52,-2416
4704,3346,690,2100,-656,-292,-2400
-9330,1804,17008,211,-485,360,-2368
2046,754,6090,-648,-76,211,-2400
6024,1800,-1736,-1939,2064,-534,-2384
-7158,-3170,9880,2274,-1750,42,-2384
1592,678,2556,-1343,409,-51,-2400
7254,3282,-2462,-162,922,-771,-2400
-8924,-4410,18252,1722,-1038,-268,-2400
676,1336,3872,-602,178,148,-2416
8270,12608,562,-788,-16,-458,-2416
-10376,-17192,32612,1027,368,-78,-2400
2328,9024,2644,-1613,65,37,-2416
2654,-1530,19778,2719,-1040,-340,-2416
-6892,-654,17688,-1305,888,394,-2384
3530,1118,6170,-320,-527,282,-2416
6924,3362,5098,-1308,1523,-549,-2400
-7710,-7220,15924,1520,-925,-51,-2400
918,-624,4426,-1173,260,-36,-2400
5730,1856,6472,629,124,-527,-2384
-6390,-5816,16032,703,-6,-321,-2384
1326,794,4630,-667,114,168,-2416
