AcX,AcY,AcZ,GyX,GyY,GyZ,Tmp
3154,5882,-9020,-1632,1996,132,-3504
5370,2906,3256,-1604,1281,-25,-3488
-4168,-6618,6280,-963,1762,-279,-3488
3764,1010,-5166,531,-1067,-6,-3488
2174,1686,16088,495,-442,-524,-3488
-242,-6016,2258,-568,2121,-447,-3520
1442,2666,-1400,232,-914,-44,-3520
-3290,878,23866,2181,-2047,-122,-3504
6580,-10594,-8330,-2983,3906,-495,-3472
2954,8866,-8264,1658,-2151,210,-3504
-890,-4186,30096,1282,-131,-268,-3504
2876,4614,-10052,-2228,2744,101,-3504
-3944,4064,6030,1363,-1997,469,-3504
4348,670,19042,-493,307,-398,-3504
-6762,-6974,10122,-929,1476,-182,-3472
-704,-544,4502,515,-1055,-50,-3504
1334,3158,17134,345,-524,-548,-3504
-886,-7214,5884,-610,2063,-498,-3488
2642,2826,-2964,309,-1131,-6,-3488
-4012,2096,26512,2364,-2213,-111,-3520
5696,-13594,-4942,-3106,3868,-473,-3520
5314,10426,-12548,1548,-2079,195,-3488
-1780,-2884,30220,1366,-421,-223,-3488
3104,3510,-10524,-2319,2850,75,-3488
-2570,4368,440,1329,-1976,398,-3488
4146,338,18604,-423,305,-418,-3488
118,-3354,-3208,-910,1677,-238,-3504
420,96,2158,547,-1170,-9,-3472
1682,3796,16402,398,-396,-513,-3504
-2152,-6752,10308,414,834,-297,-3504
2106,1226,-1772,-753,209,-87,-3504
5698,16792,2848,588,-2101,-202,-3472
-10492,-13312,32767,3369,-1837,90,-3520
7694,-794,-7690,-4343,2780,-402,-3488
6094,8202,-8968,2262,-1099,110,-3488
-5470,-6736,23392,669,-882,244,-3456
5174,5842,-5850,-1770,1423,96,-3456
3120,286,-1362,-459,651,-499,-3488
1640,-194,-442,744,-1250,27,-3504
2056,4116,15568,400,-371,-522,-3488
-3542,-6880,14416,527,676,-330,-3488
1960,-70,-1364,-589,936,-15,-3488
7694,14972,-2956,-2725,37,-395,-3472
-11742,-10340,32767,3549,-2102,69,-3504
7594,-3524,-1890,-3982,2742,-371,-3504
1304,1636,16684,2026,-990,83,-3488
-8326,-4760,30388,615,-753,274,-3488
5492,4188,-1138,-1563,1161,94,-3488
1946,-870,-2744,-514,613,-448,-3456
-8610,-5548,18136,812,-1567,80,-3520
4006,644,296,-187,865,-332,-3488
3978,1458,-1708,-809,441,-613,-3488
-4890,-5526,17858,1374,-1105,-186,-3504
2438,-1688,1886,-42,677,-7,-3488
8498,12600,-7114,-2732,-146,-362,-3504
-10952,-7232,32767,3499,-1910,164,-3472
7866,8978,-15312,-4003,2720,-411,-3472
2154,3418,8512,1860,-908,102,-3472
-9312,-2898,32767,793,-1098,297,-3504
5758,2972,2938,-1553,1205,65,-3472
3488,678,8394,-600,797,-522,-3472
-7246,-4180,20832,1064,-1596,50,-3504
3106,-484,4338,-163,839,-292,-3504
4124,582,-4986,-1013,579,-630,-3520
-6798,-4740,22990,1709,-1318,-141,-3520
1468,-2230,4600,-328,837,0,-3488
9528,9476,-12022,-2942,342,-418,-3488
-10370,-5064,30586,3678,-2426,64,-3488
7708,5814,-11988,-3856,2722,-402,-3488
3738,5126,2254,1408,-577,105,-3456
-9390,-1300,32248,940,-1132,349,-3488
3568,5314,-5822,-1387,1119,62,-3504
2938,-138,5926,-530,891,-451,-3472
-6984,-3240,19036,840,-1361,73,-3504
4364,2908,4332,-217,79,-600,-3472
-7058,-2356,20970,780,13,-241,-3520
-90,-2230,10996,100,497,-8,-3504
3236,-14784,4294,-2182,3354,-460,-3472
5996,10812,-12022,-162,-1208,85,-3520
318,142,21618,2048,-553,-201,-3456
1384,-190,-4966,-1814,2292,74,-3488
-1050,4186,-3318,515,-1038,437,-3488
3990,1320,13224,-425,212,-447,-3488
-3616,-5362,970,-461,707,-104,-3504
3270,708,-2248,144,-521,-151,-3504
1866,4368,14536,287,-582,-554,-3472
-3756,-5840,15684,-101,1259,-385,-3504
730,2112,2914,-403,-273,-72,-3504
-2086,8850,21976,1068,-2156,-126,-3472
332,-15970,13866,-1192,2551,-225,-3504
6566,10360,-13240,-834,-725,80,-3504
1076,-6118,25844,2344,-874,-139,-3504
328,-2758,-250,-1516,1905,107,-3472
142,4592,-5866,512,-1093,329,-3488
4762,1460,8814,-337,105,-449,-3520
-3510,-5828,4780,-166,532,-91,-3504
3080,692,-3420,-93,-80,-86,-3504
3262,4892,11012,140,-502,-541,-3504
-5604,-5044,20516,391,851,-288,-3504
908,2802,18,-759,202,-59,-3472
-44,12012,17672,507,-2044,-234,-3472
-3266,-17330,23970,-180,1860,-158,-3504
8074,8830,-14622,-2347,207,-82,-3504
-748,-5504,31340,3051,-1436,-93,-3504
-640,-4720,3730,-1763,2133,137,-3488
1964,5670,-8602,105,-553,383,-3520
4374,1506,6852,-175,87,-499,-3488
-4384,-6776,6472,-104,695,-51,-3488
3764,782,-5302,-68,99,-76,-3488
4458,4928,8424,117,-456,-555,-3488
-162,-7136,3102,329,1189,-351,-3504
2000,3308,-3272,-960,514,-93,-3488
1292,13824,13804,514,-2061,-186,-3456
-5694,-16292,30588,-118,1789,-134,-3456
7688,6920,-12650,-2371,386,-137,-3488
-1238,-3756,30704,2970,-1351,-47,-3488
-2854,-5756,11094,-1058,1264,144,-3488
3310,4792,-7318,-428,66,320,-3456
3542,634,2884,-387,74,-502,-3488
-7502,-6708,10536,240,-463,49,-3488
4710,1350,-4354,-100,424,-284,-3488
4690,3590,4584,-324,-271,-605,-3456
-1516,-6894,8658,731,150,-248,-3504
2640,1198,-1950,-841,491,-52,-3472
2790,15966,8390,13,-2015,-156,-3472
-7254,-14996,32767,480,1297,-104,-3472
5598,11450,-13712,-3067,830,-138,-3472
-1788,-2408,28566,3372,-1847,-38,-3472
-4190,-6676,17932,-1070,1312,108,-3504
3874,5494,-6800,-488,138,278,-3504
4028,-90,18844,-43,-32,-555,-3504
-6272,-6998,13890,-55,316,-78,-3488
3902,792,-4422,-226,213,-138,-3488
5780,4290,976,-22,-533,-519,-3488
-2104,-7344,11072,696,464,-243,-3488
2560,1554,-3276,-1008,661,-4,-3520
5852,15764,2582,-16,-1890,-241,-3488
3350,-16390,3624,-120,1763,-163,-3504
6982,11810,-16566,-3272,987,-192,-3456
-276,-348,22590,3165,-1668,-34,-3488
-5664,-5842,23744,-1022,1302,141,-3488
-506,4836,-5038,-241,-114,307,-3472
4194,606,16466,-154,101,-492,-3472
-6822,-6594,17110,114,287,-37,-3472
3746,666,-2386,-242,662,-165,-3488
5350,3016,-982,-182,-37,-576,-3488
-3436,-6178,13826,835,130,-225,-3488
1832,-262,-746,-776,785,-5,-3488
580,-17698,12330,-3035,4046,-523,-3488
7326,11514,-16416,-2427,353,-110,-3504
1122,2270,16284,3212,-1630,-24,-3504
-8364,-4684,30654,-1179,1413,100,-3456
770,4970,-7846,-767,400,268,-3504
3698,810,12284,-398,224,-518,-3472
-8880,-5986,19590,570,-979,53,-3504
4190,564,64,-220,773,-284,-3472
2296,4530,13630,-280,-255,-548,-3472
-4806,-5982,18634,1026,-454,-189,-3472
3076,-1412,-188,-294,812,18,-3488
8352,12516,-7992,-3031,230,-332,-3520
-10970,-7534,32767,3931,-2498,113,-3488
6290,-6836,5004,-3837,2865,-392,-3520
2098,3180,9350,1495,-687,102,-3488
-9306,-2232,32767,1044,-1438,284,-3520
5778,3000,3386,-1604,1170,-22,-3488
4144,602,7600,-609,907,-533,-3472
-7518,-4166,20680,1011,-1647,83,-3472
3106,134,4294,-137,846,-262,-3504
3908,-228,-2902,-958,824,-569,-3472
-6152,-3750,21354,1474,-1316,-114,-3504
664,-2384,6880,264,301,31,-3504
9572,9478,-12190,-3816,1043,-495,-3504
-10264,-4092,29622,4346,-3061,154,-3504
7840,4768,-12646,-3669,2974,-452,-3504
4302,5884,1210,822,-306,86,-3472
-9842,-1600,32767,1022,-1247,326,-3488
5938,2064,6458,-1857,1390,20,-3488
3194,186,5168,-548,1023,-453,-3488
-7308,-3030,20362,989,-1491,103,-3488
3434,-24,6022,-89,1005,-341,-3488
2690,-1786,-3420,-1017,1116,-625,-3488
-7432,-2872,23120,1625,-1426,-149,-3488
-156,-2884,10436,509,296,8,-3520
9152,4022,-13336,-3651,1550,-529,-3488
-8638,-13094,32767,4046,-2715,100,-3472
-244,-1124,24676,2193,-689,-151,-3504
-5404,-5090,19948,-1286,1545,116,-3504
-1572,3944,-2798,-76,-300,320,-3504
4072,1312,14208,-574,279,-488,-3488
-8238,-6336,15448,438,-743,41,-3520
4548,854,-1518,-253,561,-310,-3488
4054,2674,338,-158,-344,-560,-3520
-3296,-5576,14188,758,-310,-216,-3488
2634,-722,-318,-652,687,-42,-3488
6338,13342,-944,-1050,-1339,-242,-3488
1370,-15782,9680,861,769,-28,-3472
6664,10900,-13860,-3042,922,-230,-3472
358,584,17540,2936,-1411,-32,-3472
-7030,-4606,26980,-698,767,105,-3504
-160,5142,-5602,-545,149,269,-3504
4670,818,11926,-413,327,-534,-3472
-7298,-5938,19484,481,-494,58,-3472
3192,-298,806,-375,576,-204,-3504
2814,4896,12906,-363,-178,-523,-3504
-4976,-6202,19532,1164,-336,-167,-3504
2318,-414,-54,-1030,915,-1,-3504
8682,13662,-7210,-499,-1648,-242,-3488
-1198,-17342,18446,1082,452,-74,-3456
7852,10230,-15416,-3462,1298,-277,-3488
2016,2404,11340,2893,-1368,-35,-3488
-8294,-3442,31222,-688,837,198,-3488
5974,3222,1166,-1618,1375,77,-3456
4296,1000,9964,-593,886,-541,-3504
-7964,-5622,21910,1169,-1486,119,-3504
3620,-50,1570,-359,1193,-289,-3472
4378,196,-4396,-849,842,-604,-3504
-6552,-4910,21202,1631,-1198,-130,-3472
1638,-2248,3282,61,775,6,-3472
10132,9074,-12704,-3520,919,-527,-3504
-11008,-4206,30870,4236,-2848,141,-3472
7638,5986,-11772,-3623,2784,-413,-3472
4198,6134,1342,609,-59,89,-3504
-3884,3794,3924,571,-1182,402,-3504
4138,796,18844,-280,11,-453,-3488
-7836,-7898,11068,101,-289,-1,-3472
5532,1690,-5784,-531,669,-265,-3488
3916,4756,6046,119,-730,-538,-3488
-632,-7026,5600,313,572,-278,-3504
3252,2840,-4348,-1079,732,-13,-3488
2580,14398,10328,-309,-1962,-185,-3488
-7384,-14776,32767,226,1418,-95,-3504
5170,10626,-13478,-2718,689,-114,-3504
-1742,-2084,28884,3223,-1732,-72,-3472
-3756,-6214,16954,-1012,1310,62,-3504
3946,5158,-6116,-483,89,285,-3504
4102,422,18282,-223,-29,-556,-3504
-6626,-7030,15126,305,-119,-11,-3504
3682,924,-3872,-377,458,-166,-3472
5616,4842,1512,-152,-460,-535,-3472
-1816,-7306,10586,878,128,-251,-3504
2340,1686,-3292,-1041,533,-34,-3488
6116,16708,1966,17,-1961,-254,-3520
-11266,-13208,32767,692,1061,-83,-3488
8138,12542,-18268,-3551,1151,-217,-3520
-1656,-548,25838,3514,-1948,-72,-3488
-5098,-6730,23904,-1282,1534,164,-3488
100,5540,-5882,-290,-137,324,-3504
3030,308,-870,-351,502,-510,-3472
-6500,-6162,15138,686,-917,92,-3504
3764,668,-2796,-243,1126,-245,-3504
5114,2818,-360,-843,617,-656,-3472
-8320,-1544,24434,1760,-1118,-166,-3504
2082,-144,-1638,-457,1008,29,-3504
7830,15380,-4128,-2886,216,-402,-3472
-12202,-9988,32767,3665,-2217,76,-3504
7246,-3832,-760,-3962,2885,-355,-3504
1182,2358,15788,1975,-985,67,-3488
-8806,-4016,31596,640,-1015,308,-3488
5862,4002,-84,-1581,1153,56,-3488
-5350,-5934,2554,-621,979,-96,-3488
3882,990,792,-292,789,-313,-3472
2568,4070,12380,-402,-166,-567,-3504
-4990,-5240,19304,1238,-947,-148,-3456
2588,-1908,1578,-483,820,50,-3488
8582,11748,-8366,-1849,-1018,-221,-3472
-2160,-16926,21832,2599,-839,81,-3504
5610,-7906,8156,-3506,2827,-431,-3504
3090,4374,5226,552,-131,66,-3504
-10032,-2618,32767,1732,-2142,307,-3504
6008,2854,3366,-1893,1430,-86,-3504
1652,-2304,-3340,-676,1071,-426,-3504
-7292,-4240,21404,1160,-1945,73,-3504
3208,-292,4724,-187,805,-322,-3520
3922,32,-4278,-1079,1051,-578,-3520
-4118,532,14394,1649,-1625,-101,-3488
-3868,2102,24392,1583,-988,26,-3488
9424,8302,-12380,-4297,2984,-655,-3504
-9988,-4036,28214,4168,-3497,209,-3488
5646,-8592,13702,-1078,1655,-428,-3488
3242,3810,-9916,-1196,1441,119,-3504
-9428,-318,32548,1989,-2261,447,-3504
5876,1816,7340,-1469,1290,-189,-3472
246,-3360,-1520,-886,1714,-349,-3504
-84,116,4166,1041,-1557,34,-3472
3492,6,7018,83,498,-443,-3472
2064,-2484,-2314,-776,1995,-507,-3504
-2258,712,8776,913,-1236,-81,-3504
-3544,6264,23094,2017,-1345,-29,-3504
9118,2142,-12888,-3884,3464,-618,-3488
-6038,480,14870,3753,-3150,171,-3456
2978,-7844,21740,-782,1485,-337,-3488
1754,68,-6062,-1753,1921,97,-3488
-9052,752,26180,2008,-2636,523,-3520
5540,1374,11852,-1270,1010,-340,-3488
-4736,-5678,2126,-706,1087,-161,-3488
4400,240,-40,-292,1036,-362,-3488
3918,2040,-604,-1028,840,-571,-3504
-6252,-1372,21488,1714,-1751,-40,-3472
-2166,-1904,17028,632,114,32,-3488
8218,-4158,-12404,-3762,1657,-445,-3488
-10234,-8992,32767,4542,-3477,123,-3472
6806,-5066,1132,-2718,2546,-433,-3488
4098,6518,-8980,-59,361,78,-3488
-6256,2642,17302,1855,-2220,410,-3488
5764,3682,1824,-1632,1067,-190,-3488
2076,-1886,-2470,-920,1520,-393,-3520
-3652,-532,12042,1269,-2122,86,-3520
2358,1650,14552,-31,572,-347,-3520
4632,492,-3538,-1145,1700,-531,-3520
-5636,-20,17362,1557,-1867,-44,-3520
-3118,-900,23106,1445,-613,10,-3456
7120,-9230,-10370,-4206,3882,-634,-3504
2448,7970,-5910,3597,-3336,198,-3472
7150,-8536,7254,-334,1182,-398,-3472
4388,6592,-12696,-2228,2453,121,-3504
-4298,2582,9916,2256,-2383,479,-3504
4000,-1274,18652,-1024,1088,-336,-3504
1192,-1938,-3870,-969,1957,-238,-3504
-2156,-370,9466,1106,-1613,60,-3488
1630,2574,15824,107,357,-487,-3520
-1010,-6740,4934,-156,1791,-432,-3488
1648,2622,-2316,-292,-378,-75,-3488
-4238,2336,25592,2107,-2198,-101,-3504
5870,-12348,-5558,-1999,3602,-400,-3488
4086,9820,-10536,42,-1323,101,-3520
-966,-2890,29410,1795,-575,-215,-3504
2636,3402,-10112,-2311,2717,75,-3504
-2736,4238,180,1029,-1728,390,-3504
3716,1268,18100,-521,213,-452,-3472
-7730,-6858,12220,-514,753,-16,-3472
2320,-156,1930,246,-572,-210,-3504
776,3220,18062,391,-730,-471,-3472
-7438,-3696,25266,1844,-1943,-57,-3488
826,-3328,8646,1007,-27,12,-3488
9626,3244,-15690,-4258,2310,-492,-3488
-7226,180,19102,3878,-3463,171,-3504
2618,-9062,24238,96,481,-353,-3488
2388,1064,-8592,-2380,2584,-3,-3488
-976,5430,-4456,2231,-2648,463,-3520
5122,680,13326,-933,661,-351,-3520
-196,-3972,-2406,-1132,1857,-285,-3488
1616,446,-382,909,-1617,46,-3488
2596,-36,11268,420,-253,-439,-3504
2726,-3998,-5208,-1067,2405,-493,-3456
-1158,2702,4590,1068,-1772,2,-3504
-4218,7336,28310,2364,-1860,-55,-3472
9842,280,-17464,-4061,4169,-663,-3504
-4380,2450,9064,3034,-2996,199,-3472
1586,-8364,29984,397,366,-342,-3504
1822,-1364,-5898,-2509,3021,108,-3504
-8856,930,25990,2269,-2365,442,-3472
5076,-930,15448,-725,895,-316,-3504
-1432,-5108,-868,-1036,2162,-229,-3504
2244,644,-2710,1064,-1557,30,-3520
2410,844,12612,219,160,-461,-3488
1322,-4656,-2272,-865,2451,-520,-3488
-478,2170,2252,-286,-321,-73,-3488
-1832,11482,21882,1364,-2336,-160,-3488
-1930,-17342,20466,-1071,2964,-341,-3488
-296,6554,-2022,-508,-976,44,-3536
-380,-5444,32152,2653,-1228,-145,-3504
-1078,-4628,1780,-2263,2741,78,-3504
2764,5144,-8980,861,-1312,404,-3504
4012,340,18694,-419,50,-479,-3472
-5856,-6884,5796,-238,305,-9,-3504
5290,680,-4838,-401,846,-307,-3504
2544,4832,10374,-173,-465,-507,-3504
-6146,-5422,22872,690,12,-230,-3488
2294,-2168,1896,-942,731,24,-3488
226,12792,16356,-551,-1814,-189,-3520
-4480,-16094,28534,1313,402,-60,-3488
6704,5494,-13028,-3360,1398,-248,-3488
4096,5034,1576,2925,-1555,39,-3504
-1296,-5452,9076,-136,70,120,-3504
2938,5630,-6906,-807,437,192,-3488
4136,650,4064,-395,220,-512,-3488
-7660,-3390,22118,555,-638,37,-3520
3028,628,-3100,-287,632,-183,-3520
4650,4436,5150,-466,-12,-501,-3488
-7622,-3396,24544,1107,-616,-162,-3488
1472,1312,-1460,-715,565,-28,-3472
4938,14942,5634,-2032,-598,-375,-3520
-8642,-13506,32767,2660,-1140,44,-3488
8194,760,-9354,-3857,1989,-344,-3504
-1466,-1868,27586,2836,-1351,-1,-3504
-3196,-5650,17010,-292,403,218,-3504
4400,5938,-5302,-1132,848,163,-3472
2920,-14,2318,-360,665,-487,-3472
-5372,-5924,12188,504,-476,77,-3536
2986,44,-1510,-88,904,-180,-3504
4360,2816,1604,-613,534,-659,-3472
-7730,-2284,23124,1471,-731,-198,-3504
1510,330,-502,-359,832,-13,-3504
6760,14670,-534,-1673,-573,-348,-3488
-10556,-11056,32767,2325,-689,13,-3488
7672,-1606,-3830,-3722,2037,-320,-3488
430,586,20078,2187,-1042,105,-3520
-7850,-4688,25574,290,-651,212,-3488
6206,4582,-1340,-1213,874,11,-3488
3240,1298,12754,-660,358,-425,-3504
-6970,-5482,16276,824,-1616,73,-3520
3920,498,454,-227,867,-334,-3488
3788,300,-860,-641,230,-539,-3504
-4600,-4948,17286,1318,-1077,-116,-3504
2422,-1818,2038,-258,753,3,-3504
7642,11728,-5844,-2495,-334,-295,-3504
-10646,-6956,32767,3313,-1757,81,-3472
6770,8844,-14116,-3803,2353,-402,-3472
2768,3020,8622,1463,-640,42,-3520
-8960,-3728,32767,1577,-1841,282,-3536
6036,3694,2564,-1744,1206,26,-3488
1840,-1522,-3100,-772,1112,-472,-3504
-7528,-4664,21648,1180,-2020,138,-3504
3098,-298,3436,-235,804,-287,-3472
4734,370,-5062,-1322,1267,-574,-3472
-5552,372,16616,1898,-1825,-70,-3488
1504,-1780,4010,91,525,7,-3456
9572,9828,-11854,-3701,1219,-531,-3488
-10548,-5348,31086,4289,-3188,101,-3456
7076,-8438,10494,-3409,2783,-443,-3456
4016,5050,2762,446,128,107,-3456
-9268,-1862,32767,1692,-1791,367,-3488
6184,2110,5578,-1799,1593,-33,-3456
4490,1194,5546,-756,1339,-498,-3504
-8170,-4222,23502,1410,-1859,148,-3520
3316,-170,5034,-297,1217,-324,-3472
3346,-1902,-4658,-940,1348,-606,-3472
-7696,-3702,23532,1765,-1476,-127,-3440
638,-2528,7896,617,418,23,-3472
9764,6296,-14296,-4021,1779,-533,-3504
-9168,-1610,22912,4710,-3360,154,-3472
7590,2164,-9088,-3146,2755,-435,-3504
4694,7246,-3840,-144,325,90,-3472
-10818,-168,32767,2122,-2655,424,-3504
5958,2018,10608,-1893,1427,-220,-3504
2508,382,800,-1018,1122,-360,-3520
-5890,-2946,18850,1325,-2445,84,-3488
2134,478,9242,-162,1062,-361,-3488
2544,-3636,-4706,-1319,1164,-545,-3488
-7854,-3248,25910,2074,-2121,-10,-3488
52,-3756,10856,470,403,1,-3520
9388,3012,-16710,-4177,1555,-450,-3488
-9406,-12936,32767,4760,-3447,77,-3504
6876,-996,-6646,-3141,2792,-411,-3488
6106,7478,-8988,643,-90,78,-3472
-9668,868,30192,1812,-2237,343,-3472
4976,5950,-4250,-2012,1326,-93,-3472
3538,-88,-1132,-797,1415,-398,-3488
-6438,-1912,19896,1147,-2132,121,-3488
2790,994,10534,-179,732,-312,-3488
5220,2874,42,-1289,1312,-571,-3504
-8096,-2244,23774,1744,-2000,-20,-3488
-936,-2940,16200,779,-10,-27,-3504
9228,-1110,-16062,-4696,2123,-567,-3504
-11850,-10544,32767,5035,-4017,125,-3472
7988,-5090,-3030,-3108,3158,-462,-3504
6974,8546,-13038,-319,624,90,-3472
-8948,1234,25774,2741,-2660,440,-3472
5220,-1516,15830,-1598,1581,-244,-3456
-1504,-5190,-976,-1009,2030,-296,-3488
-5998,-1246,18552,1180,-1722,78,-3488
2196,1172,12402,73,587,-435,-3488
724,-5520,-1030,-963,2266,-570,-3520
178,3166,358,1036,-1498,-55,-3520
-3272,-1666,21278,2310,-1529,-49,-3488
8392,-6648,-13258,-3937,4097,-640,-3520
-158,6210,-1356,3458,-3157,156,-3488
6824,-5922,5348,-754,1208,-306,-3536
4300,6612,-11952,-2196,2259,37,-3472
-6090,1852,11582,2311,-2860,464,-3472
4086,126,17266,-1359,1048,-389,-3504
-322,-2224,-2708,-783,1185,-129,-3504
-1002,-1394,9800,920,-1700,-77,-3504
1476,2184,14112,74,102,-434,-3472
-50,-6044,3434,-907,1625,-476,-3504
-3936,-260,14968,706,-1443,-10,-3472
-3926,966,21934,2115,-1650,-47,-3504
6644,-11484,-8062,-3444,3619,-568,-3504
3474,9322,-8592,3381,-3168,153,-3488
4956,-8752,13050,-134,671,-335,-3488
3940,5416,-11626,-2272,2320,13,-3488
-3718,3370,5678,2355,-2730,424,-3488
4024,-872,18230,-1255,987,-361,-3456
748,-2472,-2036,-742,1466,-220,-3488
-876,-194,6956,756,-1505,19,-3520
1648,2796,15590,293,-241,-400,-3488
-1472,-6534,7720,-822,1935,-449,-3488
-2986,954,10828,584,-1392,-37,-3488
-3950,4142,25446,2032,-1977,-107,-3488
4700,-13996,-424,-3281,3754,-580,-3488
6092,10946,-13058,1978,-2461,151,-3488
4218,-8592,19814,953,96,-342,-3488
3090,2120,-8714,-2320,2895,138,-3488
-1308,3714,-322,1785,-1945,447,-3456
5928,334,9508,-874,1111,-295,-3504
-812,-4316,-962,-761,1830,-225,-3504
970,-92,1376,769,-1017,4,-3504
2290,3278,13872,243,113,-512,-3472
1168,-3360,-1788,-412,2038,-461,-3472
-1398,1342,5992,271,-769,-58,-3504
-2630,8942,22198,1879,-2038,-126,-3472
800,-16008,12152,-2219,3593,-490,-3504
-3188,3552,6440,727,-1692,130,-3504
1306,2336,15696,2589,-1069,-75,-3488
-356,-2470,-2140,-1602,1802,131,-3488
942,4194,-5760,391,-798,304,-3456
3134,1294,11324,-629,277,-475,-3488
-5238,-5632,4016,-92,-77,-5,-3472
4588,298,-2176,-124,225,-233,-3488
2278,3990,11318,-119,-407,-511,-3488
-4944,-5006,18470,550,243,-208,-3488
1464,2374,710,-636,212,-37,-3472
-460,10946,17344,241,-2001,-170,-3536
-2880,-15624,22542,114,1441,-149,-3504
6706,7158,-11988,-2178,185,-175,-3504
-464,-4232,28346,2795,-1273,-103,-3504
-714,-4378,5902,-1049,1246,91,-3504
1730,5274,-5966,-267,-224,316,-3536
4804,1062,5244,-383,144,-509,-3504
-4568,-6152,9040,198,-123,48,-3504
3172,1010,-3510,-278,56,-117,-3488
4062,4986,6972,-134,-402,-497,-3472
-7486,-4276,24690,749,-11,-237,-3504
1694,2210,-2188,-938,546,-81,-3472
3136,14302,10186,-713,-1505,-325,-3504
-7110,-14868,32767,1303,289,-74,-3504
8486,3826,-11704,-3630,1465,-302,-3504
-1484,-3284,30140,3056,-1385,-42,-3504
-1998,-6032,12172,-669,1007,201,-3472
3426,6306,-7426,-911,612,259,-3504
3754,802,3292,-205,427,-519,-3488
-5508,-6924,10688,254,179,34,-3488
3712,628,-4326,-154,771,-166,-3488
4958,4126,3358,-342,35,-619,-3488
-8854,-3324,26388,1168,-41,-242,-3520
1996,1952,-3244,-1013,979,-64,-3488
4910,15522,4472,-813,-1323,-270,-3488
-9610,-13796,32767,1561,248,-31,-3488
6386,11758,-14822,-3273,1141,-203,-3472
-894,-678,25786,2936,-1452,-7,-3504
-6820,-6300,22058,-552,426,168,-3536
5840,4320,-4898,-837,538,175,-3472
3368,1570,16422,-617,44,-504,-3504
-8188,-6514,16662,625,-1166,89,-3504
5170,556,-2708,-354,935,-279,-3472
4642,2214,-1166,-586,-184,-554,-3472
-3764,-6682,15670,1356,-787,-136,-3536
3224,-352,-2096,-944,1034,0,-3504
6196,15518,-1718,-891,-1766,-165,-3520
-10842,-10354,32767,1728,71,-26,-3456
7436,11842,-18040,-3851,1754,-324,-3488
586,1076,16798,3318,-1825,5,-3488
-7568,-5728,30846,-437,393,84,-3488
5210,4916,-2086,-1111,630,236,-3488
4538,590,14334,-194,48,-553,-3488
-7382,-6238,20130,494,-684,77,-3488
3578,816,-872,-490,710,-185,-3488
2596,4886,14674,-384,-283,-535,-3472
-5176,-6540,19262,1059,-281,-161,-3504
2304,-486,-884,-974,959,-9,-3456
9024,13856,-7578,-1836,-850,-336,-3488
-12380,-8390,32767,2497,-1058,-12,-3488
7958,9680,-16678,-4071,2367,-388,-3488
2698,3014,9904,2454,-1175,-10,-3456
-8402,-3910,32767,208,15,236,-3488
1912,5948,-8442,-1181,962,217,-3504
4532,608,10620,-333,729,-498,-3488
-8008,-5692,21934,863,-829,95,-3488
3538,384,1148,-318,1022,-210,-3504
3330,3974,10950,-453,421,-617,-3472
-6400,-4796,20244,1186,-442,-178,-3472
1266,-1622,3564,-443,851,7,-3504
9870,10404,-11766,-2393,-224,-391,-3504
-5072,-16416,28602,3251,-1554,60,-3504
7268,5976,-12984,-3957,2523,-365,-3504
4076,6072,1924,1809,-912,52,-3472
-11088,-1704,32767,657,-1105,297,-3472
4336,5280,-8006,-1323,943,44,-3520
2834,1006,4568,-759,484,-457,-3520
-6864,-3794,20474,937,-1741,119,-3520
2820,-274,5844,-367,1089,-303,-3488
3148,4126,6280,-701,192,-510,-3488
-6934,-4432,24288,1597,-1228,-85,-3488
934,-2706,6034,-564,942,34,-3456
2332,14250,10222,-1968,-804,-308,-3472
-7050,-14736,32767,3559,-2063,44,-3488
6808,1954,-10458,-3889,2688,-423,-3488
5226,6618,-3918,2461,-1333,67,-3472
-2932,-5820,15660,403,-657,185,-3472
4478,6514,-5980,-1542,1031,93,-3504
3208,210,3100,-357,463,-453,-3472
-6764,-2552,20720,652,-1229,79,-3472
2814,824,-1554,-277,744,-200,-3472
4478,3334,3330,-848,526,-528,-3472
-7592,-2462,23150,1405,-1267,-136,-3472
-836,-2204,13404,-33,354,-22,-3472
6518,14782,762,-3311,553,-462,-3472
-10110,-11560,32767,4025,-2689,67,-3472
8042,-3076,-5700,-3752,3046,-472,-3472
5802,7388,-8500,1376,-557,99,-3472
-4776,-5390,22936,1054,-1087,317,-3472
5338,5674,-3798,-1901,1514,-25,-3504
2296,-664,1346,-353,1037,-407,-3472
-5416,-1252,17000,686,-1074,101,-3504
2882,470,404,-169,986,-276,-3472
3632,1090,1188,-770,1040,-647,-3488
-6274,-832,19020,1356,-1079,-160,-3456
-2746,-222,18072,546,245,5,-3488
8114,12006,-5130,-3390,1329,-528,-3488
-11142,-7596,32767,4015,-2679,104,-3520
7664,-4672,2442,-3096,2492,-376,-3488
2888,5532,-7896,242,86,52,-3488
-9320,-3180,29454,1551,-2103,430,-3488
6106,4084,3362,-1671,1142,-165,-3488
-376,-2994,-1608,-849,1046,-321,-3488
-6908,-4698,17914,1074,-2045,70,-3472
3266,90,3356,-125,887,-365,-3504
3410,-404,-2664,-1046,849,-507,-3504
-3816,-82,14388,1560,-1689,-48,-3504
1774,-2460,4090,614,276,15,-3440
8398,9692,-9420,-3715,1234,-430,-3440
-9850,-4988,32218,4565,-3233,88,-3504
5808,-8086,9840,-3115,2662,-456,-3504
3532,4588,3786,298,24,58,-3472
-9518,-2506,32767,1932,-2194,370,-3472
6298,2954,5094,-1903,1278,-97,-3472
948,-2586,-2482,-696,1094,-435,-3520
-7310,-3706,21508,1133,-1998,122,-3488
3024,-338,5754,-141,712,-287,-3488
3928,-1044,-5246,-1365,1275,-581,-3488
-4194,1096,13172,1933,-2058,-64,-3488
1160,-2486,6292,392,236,-4,-3456
9774,8118,-13906,-4086,1718,-561,-3488
-9742,-3370,27640,4759,-3619,69,-3456
8206,4080,-11568,-3507,3036,-478,-3472
4956,5938,-1372,69,449,107,-3488
-9754,-710,32767,1965,-2087,413,-3488
6488,972,7482,-1907,1688,-82,-3488
400,-3010,-3692,-979,1745,-374,-3488
-8142,-3486,23130,1486,-1930,127,-3488
3176,-196,6596,-268,1134,-370,-3488
2520,-2660,-4696,-1071,1773,-606,-3456
-8306,-2922,24630,1787,-1675,-90,-3472
100,-2620,10364,989,94,-14,-3440
9994,2586,-15748,-4295,2447,-615,-3472
-6948,490,15798,4811,-3658,146,-3504
7810,-466,-5874,-2564,2591,-384,-3472
4902,7740,-7248,-803,894,76,-3472
-9636,918,28612,2312,-2871,482,-3472
4970,972,14784,-1728,1285,-260,-3472
2410,462,-2882,-1292,1489,-292,-3504
-5180,-2374,17764,1508,-2580,67,-3504
1682,-138,11912,-64,867,-410,-3504
2180,-4680,-5322,-1505,1672,-566,-3504
-8046,-2490,26570,2007,-2319,41,-3472
-1398,-3122,14998,1348,-400,-4,-3504
9166,-2594,-16614,-4238,2508,-544,-3488
-2882,3492,5228,4854,-3919,125,-3488
6756,-4652,-154,-2227,2274,-395,-3488
5714,7558,-11298,-888,1140,39,-3488
-7614,2022,21868,2466,-2775,420,-3456
4024,-536,18912,-1620,1003,-175,-3488
3380,14,-4624,-1250,1868,-367,-3456
-5456,-1144,17084,1424,-2359,112,-3488
1932,358,14700,-22,524,-359,-3520
5332,3104,-3974,-1507,1675,-536,-3472
-7904,-1632,23620,1917,-2263,-29,-3504
-2264,-2230,20846,1215,-440,-67,-3472
8456,-6064,-14810,-4698,2974,-640,-3472
-12442,-7684,32767,4988,-4122,139,-3504
7890,-7484,3200,-2324,2749,-433,-3472
5708,7978,-13750,-1157,1314,89,-3472
-5980,2154,16442,2556,-2575,474,-3472
6316,3314,138,-1794,1612,-165,-3504
2290,-898,-4846,-1089,2011,-357,-3472
-4210,-658,13866,1362,-1918,119,-3472
1506,1688,15798,19,775,-395,-3504
4574,482,-5216,-1249,2248,-630,-3504
956,3310,-2140,429,-1125,-58,-3472
-4102,138,24902,2449,-1928,-70,-3488
7508,-9992,-10718,-3661,4366,-602,-3488
2480,8308,-7540,2716,-2708,219,-3456
-1498,-3440,32767,683,83,-258,-3520
3380,5148,-12262,-2543,2833,62,-3488
-3874,3172,4330,1723,-2464,411,-3520
3224,982,19572,-739,408,-416,-3456
-666,-3584,-4498,-856,1376,-125,-3472
690,-968,5136,641,-1185,-128,-3520
1408,2770,16294,189,-322,-467,-3520
-1080,-6288,6668,-713,1722,-410,-3472
-2472,706,11016,394,-1154,-12,-3472
-4348,2756,24290,2209,-1969,-48,-3536
5318,-14040,-3972,-3096,3686,-525,-3472
5296,10718,-12550,1948,-2355,151,-3472
3732,-9416,18666,1325,-488,-272,-3504
3356,3664,-10614,-2501,2827,22,-3504
-2186,4070,734,1789,-2344,400,-3472
3752,-376,18306,-688,525,-395,-3504
178,-3166,-2094,-822,1517,-192,-3456
482,-72,3616,661,-1359,-2,-3456
1806,3354,15648,326,-417,-471,-3488
-2240,-6432,11108,-540,1915,-410,-3488
-1802,1656,7334,219,-1077,14,-3456
-3528,5920,25188,1914,-2192,-99,-3520
3270,-15502,4994,-2725,3643,-474,-3488
-5346,714,14214,1892,-2381,154,-3472
3000,-8024,23450,1494,-338,-312,-3488
2390,-38,-6500,-2239,2898,104,-3488
-492,4250,-3006,1721,-1909,429,-3472
5662,-332,12014,-560,888,-341,-3472
-1284,-4794,-162,-747,1852,-183,-3440
1822,566,-500,618,-841,-6,-3504
2518,3270,13502,285,-67,-535,-3488
684,-3966,-1178,-306,1893,-445,-3472
-766,1368,4056,-83,-302,-53,-3456
-1576,10082,20230,1594,-2056,-144,-3472
-938,-16048,16730,-1812,3256,-432,-3504
-1480,5160,2208,-39,-1304,61,-3472
756,-6140,27874,2070,-624,-171,-3472
-940,-3240,-28,-2077,2317,93,-3472
1960,3912,-6670,955,-1462,413,-3472
4870,814,15568,-657,321,-505,-3504
-5778,-6612,5744,-218,272,-61,-3504
5300,936,-3624,-46,-185,-202,-3472
2710,4788,10298,-169,-467,-479,-3488
-6124,-5194,21816,712,30,-162,-3456
2640,-2352,1850,-1015,683,-6,-3520
-814,11388,17664,-27,-1988,-165,-3488
-3202,-16976,24636,816,836,-137,-3456
7320,7508,-14368,-3109,1052,-250,-3488
-1826,-4626,32120,3210,-1808,-69,-3504
-608,-4482,5454,-876,962,95,-3488
2756,5706,-6986,-514,87,251,-3488
3756,240,6868,-305,155,-529,-3472
-4360,-5570,8044,198,-128,39,-3504
3016,1080,-2690,-130,210,-141,-3504
4328,4350,6882,-442,-119,-516,-3472
-7434,-3428,23458,918,-187,-193,-3504
1522,1930,-1314,-924,526,-46,-3472
3234,14936,8944,-984,-1426,-298,-3504
-7348,-15272,32767,1629,130,-55,-3472
8296,2822,-11858,-3853,1725,-336,-3472
-2102,-2426,30578,3226,-1633,-82,-3488
-2134,-6020,13760,-1090,1474,173,-3488
3746,6706,-6784,-677,318,275,-3456
3466,714,3516,-60,433,-506,-3488
-5162,-6872,10456,299,127,43,-3488
3478,1112,-3544,-120,738,-188,-3488
4532,3320,3800,-322,198,-608,-3456
-2638,-6572,10200,943,171,-251,-3504
1906,1090,-2000,-774,928,-56,-3488
5610,15140,2182,-1343,-990,-314,-3456
-10218,-12384,32767,1997,-228,-12,-3520
7680,-242,-6070,-3733,1841,-358,-3488
18,276,22888,2464,-1197,23,-3488
-7510,-5656,24556,77,-379,216,-3488
5876,4776,-3356,-1165,887,118,-3488
1612,-766,-1794,-828,831,-403,-3472
-4572,-2530,17146,1350,-2299,95,-3472
5012,1048,-2348,-420,1246,-351,-3504
4224,2594,-814,-1096,683,-581,-3504
-6726,-2394,22960,1836,-1798,-49,-3472
-1316,-3396,14506,47,828,-1,-3504
6322,14936,-1906,-3677,781,-409,-3472
-10976,-9692,32767,4653,-3332,100,-3472
6986,-4984,-1130,-3678,3007,-461,-3504
5880,8436,-12616,801,-224,93,-3504
-8002,-5326,31964,1497,-1982,259,-3456
5946,4896,-1738,-2000,1490,-15,-3488
2654,-674,-3014,-632,895,-471,-3488
-5102,-1262,16846,1175,-2014,130,-3488
3328,406,258,-271,902,-262,-3488
5714,2562,-4174,-1341,1009,-600,-3488
-7808,-880,23056,2015,-1986,-78,-3520
2324,-152,-564,-400,863,-5,-3504
9022,14690,-7790,-4085,1177,-509,-3520
-12296,-8644,32767,4696,-3517,65,-3488
7598,-7172,3220,-4003,3211,-461,-3472
2248,2900,10364,1199,-367,112,-3472
-6828,2004,17484,2485,-2577,436,-3472
6254,3646,-180,-1871,1723,-172,-3504
2336,-1104,-3602,-944,1865,-373,-3472
-4100,-856,13084,1300,-1868,86,-3472
1850,1916,14620,-28,731,-413,-3504
4152,-264,-3878,-1112,1968,-619,-3488
-6020,104,17774,1570,-1684,-76,-3488
-3846,1674,24104,2060,-1075,-7,-3504
7024,-11936,-8646,-4297,3952,-653,-3472
-11656,-3810,32308,4069,-3534,182,-3472
5454,-9122,14428,-590,1300,-327,-3472
3716,5056,-12420,-2338,2367,74,-3472
-3696,2960,3324,2491,-3092,479,-3520
6122,2260,7120,-1587,1158,-333,-3456
-1436,-4020,-4398,-972,1383,-204,-3488
1570,-92,2730,936,-2028,-54,-3520
518,2990,18054,232,253,-448,-3488
3146,-1426,-5644,-1217,1938,-511,-3488
-2186,1036,10866,1174,-1853,28,-3488
-4660,3978,26678,1913,-1417,-29,-3488
9602,3744,-15368,-3917,3394,-571,-3504
-7756,-652,20666,3436,-3145,160,-3488
3252,-8668,21044,-164,744,-298,-3488
2852,1638,-8730,-1849,1990,6,-3472
-9826,-52,31816,2332,-2714,474,-3440
5216,548,11630,-1142,787,-341,-3504
-184,-3732,-1630,-899,1697,-257,-3472
1030,136,1624,862,-1711,50,-3472
2830,300,9744,268,-82,-381,-3472
2326,-3348,-3214,-979,1989,-508,-3504
-1458,1470,5812,838,-1570,-34,-3472
-2968,7146,24296,2197,-1855,-94,-3472
9252,-54,-14612,-3763,3903,-652,-3472
-4128,2218,10586,3573,-3256,240,-3488
1728,-8022,26212,-518,1329,-388,-3488
2270,-470,-5916,-1997,2209,123,-3488
-8150,378,25580,2253,-2328,438,-3488
5314,-606,13232,-1124,1240,-276,-3488
-1686,-5024,420,-805,1909,-251,-3456
-5532,-1078,17160,1024,-1450,60,-3472
2220,1316,11446,185,295,-451,-3488
1202,-4866,-730,-669,2126,-538,-3456
-214,2446,1882,710,-1207,-40,-3504
-3066,-724,19956,2088,-1702,-72,-3504
7958,-5632,-11108,-3111,3934,-574,-3456
-1008,5318,1346,2179,-2381,195,-3456
342,-4812,28396,761,242,-258,-3488
-1750,-3836,2760,-2156,2381,83,-3488
-5646,2604,11462,1325,-2070,410,-3520
4302,924,16138,-827,461,-407,-3488
-6228,-6350,6368,-581,860,-89,-3488
-508,-850,8050,567,-1181,-135,-3472
1402,2168,15268,185,-418,-484,-3488
-244,-6126,3982,-582,1582,-400,-3504
2366,2132,-1446,119,-976,-15,-3504
-4044,560,22450,2160,-2108,-49,-3504
6510,-10826,-8168,-2794,3522,-462,-3472
2738,8680,-7318,1571,-2120,117,-3504
-1940,-4416,31234,1455,-545,-287,-3472
3526,5534,-10818,-2345,2688,49,-3504
-3592,4114,6222,1430,-2091,406,-3472
3978,-336,18950,-497,377,-428,-3472
-4676,-6482,8928,-864,1473,-149,-3472
-1060,238,6872,570,-1333,11,-3488
1336,2346,17870,478,-586,-444,-3488
-1044,-6666,6120,-677,2098,-395,-3488
2238,2966,-3052,227,-1123,-25,-3488
-4014,2744,26548,1974,-2250,-112,-3488
5284,-12830,-3422,-2807,3748,-511,-3488
5484,10238,-12114,1178,-1980,165,-3488
5740,-9078,16426,985,71,-379,-3472
2632,2484,-9608,-2154,2934,153,-3488
-1990,4204,1344,1301,-1699,424,-3456
4544,122,17750,-504,777,-368,-3472
282,-3808,-3398,-921,2025,-199,-3472
330,248,2620,683,-944,-6,-3504
1740,2774,16540,391,-95,-493,-3472
-2442,-6756,9192,-479,2194,-456,-3472
-2764,1790,8816,193,-777,-42,-3504
-4202,6276,26706,2058,-2228,-107,-3504
3120,-16184,4382,-2198,3752,-437,-3472
6290,12068,-15364,379,-1532,107,-3504
2846,-8426,24478,2084,-756,-231,-3504
618,-438,-7152,-2292,2703,85,-3440
-40,4542,-5896,1092,-1753,366,-3472
3612,1652,15290,-653,242,-503,-3504
-4170,-5560,-136,-486,569,-18,-3504
4704,390,-2650,121,-393,-189,-3504
1304,4934,15708,199,-709,-447,-3504
-3982,-7182,15502,-218,1394,-327,-3440
226,2848,2530,-189,-712,11,-3488
-4580,6738,27046,2418,-2576,-80,-3488
1906,-18254,8896,-2447,3561,-434,-3456
7440,11756,-18552,345,-1496,89,-3456
28,-7628,30956,2193,-1346,-184,-3456
1804,-1038,-5246,-2415,2962,4,-3488
614,6352,-6974,1263,-1887,396,-3456
4662,-530,16134,-479,356,-446,-3504
-1750,-4082,592,-679,1230,-97,-3488
2396,350,-1260,422,-821,-9,-3488
2774,4652,13284,133,-383,-441,-3472
1124,-5434,-722,-227,1563,-374,-3472
138,2202,1722,-159,-709,-45,-3472
-1524,10786,21134,1887,-2453,-186,-3472
-1390,-18592,19106,-1938,3496,-397,-3472
174,6542,-770,-427,-1216,53,-3504
-740,-6596,32767,2612,-1288,-211,-3472
1284,-3748,-1026,-2517,3228,119,-3504
2446,7100,-8824,1329,-1432,426,-3472
5032,-1928,16956,-192,609,-420,-3472
-2690,-5422,1844,-662,1788,-116,-3488
2510,304,-1992,742,-753,0,-3456
3212,4096,11260,101,13,-556,-3456
78,-6158,1544,-67,1687,-391,-3456
596,2562,-402,-325,-304,-75,-3488
488,13238,16312,1595,-2233,-171,-3488
-4430,-16372,26476,-1526,3326,-386,-3456
2146,8374,-6408,-651,-900,35,-3488
-1068,-3914,31886,2527,-1206,-113,-3488
-2786,-5524,7560,-2090,2363,84,-3488
-4320,2546,6268,1143,-1611,381,-3504
3936,266,17576,-561,227,-483,-3488
-6122,-6036,7100,-283,296,5,-3488
5118,584,-2648,219,-252,-216,-3488
1252,2708,15016,127,-505,-422,-3440
-576,-6550,5620,150,751,-263,-3488
2106,1472,-1194,-582,-20,-39,-3488
1554,14440,12078,1333,-2389,-125,-3504
5780,-13678,-5104,-1043,2747,-284,-3472
7212,3276,-11910,-3691,1491,-323,-3472
-2596,-2872,31134,3310,-1903,-27,-3504
-2314,-6222,13722,-739,732,114,-3472
3934,7206,-7002,-890,259,234,-3472
2854,74,5558,-161,173,-513,-3472
-4794,-5362,9858,190,-468,81,-3472
3168,934,-2058,-154,247,-156,-3456
4546,4402,4120,-395,-222,-536,-3488
-7872,-3242,24514,877,-203,-192,-3488
136,-2310,9794,-205,645,11,-3456
5156,14498,5106,-2743,-31,-418,-3504
-9022,-13124,32767,3972,-2673,61,-3488
8260,-826,-7820,-3733,2958,-412,-3456
5394,7396,-6656,1778,-747,87,-3472
-3898,-5338,19824,734,-774,338,-3472
4906,5664,-4554,-1737,1484,25,-3472
2944,-494,1676,-420,1073,-440,-3472
-6704,-1820,19074,987,-1255,84,-3440
2850,546,-1164,-211,1109,-282,-3472
4308,1554,880,-804,1167,-629,-3504
-7382,-1146,21052,1428,-1175,-145,-3472
-2088,-908,17086,722,222,13,-3472
8574,12900,-5006,-3702,1683,-546,-3472
-11624,-8002,32767,4394,-3048,133,-3504
7670,-5378,2248,-2900,2608,-390,-3472
3500,5976,-8542,-115,346,116,-3504
-9336,-3436,29804,1516,-2031,422,-3488
6302,4046,2240,-1689,1180,-164,-3488
-52,-2580,-2488,-962,1040,-341,-3488
-934,-770,8010,1147,-2259,38,-3472
3558,-406,2772,-118,851,-411,-3472
3622,378,-3348,-1203,1247,-509,-3472
-4546,-488,17378,1714,-1962,10,-3472
-3674,-26,21460,926,-96,35,-3472
8472,9482,-9832,-3855,2124,-504,-3472
-10222,-5318,32548,4532,-3550,104,-3472
6112,-7612,8534,-2255,2316,-428,-3440
3460,4898,-9538,-75,362,78,-3488
-9224,-1936,32767,1954,-2251,366,-3488
5666,3148,6012,-1717,1029,-149,-3520
1186,-2410,-2584,-899,1477,-389,-3488
-1594,-116,7756,1120,-2042,113,-3488
3064,-8,5364,-25,519,-334,-3456
3690,-956,-4142,-1240,1562,-528,-3456
-4076,486,13122,1602,-1955,-30,-3488
704,-2428,7632,1006,-347,-50,-3472
9956,7100,-14020,-4451,2954,-625,-3520
-9484,-2178,25942,4761,-3867,168,-3456
6264,-9458,15128,-2679,2916,-483,-3472
4808,6086,-1314,-574,823,137,-3504
-9974,-770,32767,2276,-2331,463,-3472
6432,440,8450,-1781,1616,-156,-3472
86,-3812,-3898,-1068,1925,-392,-3472
-8110,-3064,23102,1466,-1960,161,-3472
3098,200,6798,-115,939,-387,-3504
2752,-2820,-5376,-839,2392,-555,-3504
-2412,2328,8248,704,-1308,-60,-3472
-4550,5336,27522,2418,-1846,-93,-3504
3926,-15626,1656,-3828,4217,-608,-3456
-7564,-364,18540,3349,-3038,212,-3488
3452,-7986,22870,-8,701,-295,-3488
960,14,-7928,-2375,2534,64,-3488
-342,4764,-5850,1901,-2697,435,-3456
4718,1244,13992,-988,633,-440,-3488
-3166,-5224,-1658,-656,875,-48,-3472
3894,262,-1190,284,-679,-162,-3504
1758,4548,15698,17,-603,-481,-3456
-3930,-6454,15476,191,931,-244,-3488
3222,-404,-1518,-668,-11,-37,-3488
-4196,7896,24974,1433,-2533,-113,-3488
1486,-18400,9654,-1023,2731,-296,-3488
7366,12044,-17964,-1499,-422,-6,-3488
94,-8172,31486,2946,-1798,-228,-3504
-7382,-6018,30690,-857,1099,94,-3504
662,6480,-8410,-770,280,250,-3472
4316,658,15134,-103,-124,-518,-3472
-7454,-6152,20168,259,-256,57,-3472
3614,414,-870,-391,507,-144,-3504
2646,4730,14290,-433,-283,-524,-3504
-5310,-6342,19232,1135,-353,-177,-3472
2084,-572,-444,-1070,645,-6,-3488
9108,13618,-7814,-577,-1697,-271,-3488
-1078,-17936,18934,1214,431,-114,-3456
7840,9552,-16552,-3630,1472,-272,-3488
2926,3096,9650,2970,-1529,-62,-3488
-8584,-4044,32767,-668,1174,188,-3488
1740,6426,-8502,-957,606,255,-3488
4512,964,11048,-104,389,-506,-3488
-8140,-5598,22408,379,-70,44,-3488
3106,878,-4296,-182,694,-160,-3504
3184,4120,11566,-75,-72,-572,-3504
-6356,-5142,20220,761,319,-269,-3504
1486,-1772,2574,-728,794,-2,-3504
584,13798,17108,-1133,-1247,-292,-3472
-4960,-16682,28442,1880,-53,-8,-3472
7454,6682,-13944,-3868,1846,-311,-3472
4020,5916,2310,2797,-1470,52,-3504
-2730,-5938,7322,-325,132,203,-3440
4348,5770,-8412,-983,650,129,-3472
2914,900,5650,-665,306,-484,-3472
-7054,-3716,20616,498,-1044,125,-3456
5436,190,-3716,-247,780,-256,-3520
3146,4114,6842,-423,-122,-508,-3488
-6922,-4340,23582,1338,-859,-135,-3472
1216,-2944,5664,-679,920,26,-3472
2128,14436,10950,-1916,-871,-306,-3504
-6758,-15106,32767,2934,-1241,33,-3472
6808,2426,-11378,-3985,2445,-377,-3504
5032,6352,-3650,2572,-1475,96,-3504
-2622,-6042,14554,270,-479,200,-3504
4384,7002,-6642,-1532,932,62,-3504
2996,188,3968,-298,355,-465,-3440
-6830,-2604,20818,563,-1127,99,-3472
2930,682,-1548,-236,691,-212,-3504
4250,3064,4120,-785,491,-547,-3472
-7196,-2198,22396,1267,-1157,-130,-3440
-480,-2274,12538,-82,359,3,-3504
6008,15364,2322,-3233,357,-467,-3472
-9652,-12164,32767,3820,-2447,72,-3472
8256,-1718,-7300,-3074,3059,-458,-3456
5460,7352,-6828,46,274,138,-3520
-9278,-286,29734,1888,-1971,402,-3488
6058,-310,10222,-2065,1779,-132,-3488
2042,-422,2352,-572,1291,-335,-3488
-5862,-1260,17866,971,-1405,57,-3456
2850,950,9176,-89,910,-384,-3488
3898,1500,1042,-917,1495,-601,-3472
-6736,-970,20192,1477,-1426,-117,-3472
-2358,-972,17798,1973,-1442,-92,-3472
8044,-4018,-11346,-3501,3730,-614,-3504
-2174,4300,4532,3073,-2923,207,-3440
986,-5668,26946,-127,868,-315,-3504
3438,6030,-8146,-2005,2196,82,-3472
-6400,2164,14954,1726,-2469,440,-3504
4348,1062,15136,-1025,776,-371,-3504
-5576,-6110,5056,-738,1125,-128,-3488
-1242,-1370,9550,776,-1522,-74,-3456
1574,1772,13684,164,-12,-474,-3456
-52,-5620,2966,-777,1587,-449,-3488
1916,2252,-126,589,-1304,-10,-3488
-1142,11716,17352,2015,-2064,-47,-3488
6760,-8838,-9320,-2162,3236,-376,-3472
1520,7302,-3734,615,-1629,101,-3504
-1522,-5498,30926,1968,-886,-259,-3472
-226,-4578,4786,-2147,2559,33,-3472
-4716,3142,11030,1553,-2109,416,-3488
4528,-322,17130,-673,561,-411,-3456
-4018,-5482,6984,-668,1253,-124,-3488
3188,988,-2822,363,-962,-35,-3456
1468,2204,15842,347,-532,-439,-3488
-668,-6934,4574,-328,1687,-379,-3488
1586,2806,-1868,-67,-803,-32,-3488
-3802,1750,24710,1963,-2270,-124,-3472
6178,-11418,-6048,-2144,3324,-448,-3488
4460,9444,-9898,75,-1414,86,-3520
-1150,-3546,29452,1590,-422,-318,-3504
2990,3792,-10232,-2208,2936,157,-3504
-3020,3572,5074,1457,-1718,432,-3504
4398,-866,17886,-304,789,-391,-3504
-5196,-6770,9510,-784,1693,-153,-3472
-746,206,5374,545,-667,-4,-3472
1900,2976,15988,153,-94,-540,-3472
-2180,-6276,7814,-92,1813,-414,-3504
1456,1530,-1252,-181,-387,-57,-3472
-4180,5324,25606,1523,-2191,-176,-3504
3914,-15386,1290,-2024,3552,-434,-3488
5622,11798,-13710,97,-1390,85,-3488
-246,-476,24400,2182,-789,-178,-3456
1642,722,-8152,-2257,2697,100,-3488
-1176,4228,-4578,905,-1532,396,-3456
3858,1510,16546,-424,76,-491,-3520
-3344,-5568,-2024,-600,834,-79,-3504
3974,978,-2566,-33,-285,-209,-3488
1118,4078,17752,413,-827,-457,-3488
-3166,-7352,13074,-507,1752,-350,-3440
-198,2486,4604,-189,-643,-11,-3472
-4594,6968,27448,1871,-2509,-104,-3504
2192,-17124,7758,-1853,3281,-371,-3472
6790,11406,-16758,-136,-1175,74,-3504
1320,-7546,28064,2425,-1374,-234,-3504
1552,-1154,-4902,-1895,2454,46,-3488
188,6110,-6860,444,-1129,365,-3456
4570,1108,14410,-92,-104,-476,-3488
-7666,-6032,19678,-428,868,-26,-3520
2656,580,-2642,-27,-315,-88,-3488
1936,4876,15400,261,-736,-479,-3488
-4274,-6682,17116,56,1141,-287,-3488
2184,268,-1250,-708,-106,-25,-3520
-2766,9074,24502,1062,-2451,-198,-3488
-50,-18950,14746,-574,2389,-241,-3488
8948,11004,-18858,-2192,45,-74,-3488
144,-7244,32618,3026,-1627,-169,-3472
1438,-2416,-3662,-1927,2619,131,-3488
1870,6514,-8866,553,-915,415,-3504
3934,424,13334,-24,326,-470,-3504
-2224,-5890,722,-341,1362,-80,-3472
2666,418,-2996,303,-73,-54,-3504
2906,4716,13260,198,-286,-543,-3472
-5872,-6416,20208,312,1239,-360,-3472
548,3568,-620,-850,308,-67,-3472
-1452,11946,21404,1003,-2300,-157,-3504
-2438,-17890,21986,-452,2435,-258,-3472
7722,9350,-16840,-2191,275,-89,-3472
-1328,-5052,32767,3041,-1722,-110,-3488
-1654,-5174,3444,-1823,2189,137,-3456
3554,5066,-9966,225,-631,281,-3488
2626,798,7966,-420,-122,-442,-3456
-5876,-6060,5562,-152,68,26,-3488
5454,542,-3984,70,81,-227,-3488
2984,3780,8746,-155,-454,-494,-3456
-560,-6536,4738,340,607,-257,-3504
2234,1876,-1508,-820,396,-17,-3488
56,13964,14888,1006,-2423,-106,-3472
-4692,-16720,29378,-461,2280,-240,-3504
3824,9728,-9876,-2069,24,-114,-3472
-2812,-4004,32767,3470,-2082,-92,-3472
-1120,-5952,9574,-1800,2240,40,-3504
2846,6496,-7750,-196,-270,275,-3488
3504,-370,19834,-176,-68,-458,-3504
-4172,-5868,8710,3,158,19,-3520
3098,1108,-3468,-272,164,-151,-3488
4680,4484,5318,-23,-515,-504,-3504
-1190,-6764,6982,517,463,-266,-3504
1794,1958,-2340,-826,349,-24,-3504
3780,13630,8444,122,-1934,-274,-3504
-7374,-14412,32767,240,1320,-168,-3504
5780,10146,-12058,-2765,612,-193,-3504
-1068,-2094,27212,2912,-1443,-51,-3504
-2646,-5454,14680,-1102,1700,138,-3504
3866,5390,-5398,-265,49,310,-3504
4420,-270,16724,-187,469,-506,-3472
-5252,-6684,11852,59,609,-33,-3488
3298,568,-2450,-33,414,-102,-3488
4330,2708,2538,-71,41,-558,-3488
-2610,-5512,10646,597,521,-254,-3488
1088,86,100,-536,592,-42,-3488
6570,14560,176,-654,-1317,-271,-3488
2182,-15758,7532,523,1228,-179,-3472
6120,11606,-13552,-3295,1144,-264,-3456
274,990,20242,2696,-1297,33,-3488
-7414,-4792,24316,-638,598,159,-3520
42,3670,-5202,-301,-73,229,-3504
3570,1816,12850,-815,403,-506,-3456
-7920,-5936,17952,946,-1577,126,-3472
4496,-166,-202,-369,1073,-324,-3472
3984,1746,-1652,-573,27,-546,-3504
-4520,-6134,16976,1389,-984,-107,-3504
3272,-774,-974,-704,964,-16,-3472
6854,13170,-4554,-1343,-1198,-239,-3488
-10236,-8678,32767,2190,-636,-2,-3488
6948,10002,-15026,-3718,1955,-344,-3488
1092,1782,13844,2724,-1406,27,-3488
-7924,-3830,30188,-68,-104,162,-3488
6168,4532,710,-1066,588,136,-3488
4206,376,10930,-426,502,-520,-3488
-7094,-4624,18852,616,-1101,100,-3456
3072,440,2688,-189,619,-186,-3488
4200,-34,-2192,-912,477,-544,-3456
-6084,-4400,20584,1439,-1122,-136,-3488
1438,-1986,4620,-430,582,25,-3488
9428,11850,-10436,-2882,-90,-420,-3488
-11450,-5604,32767,3530,-2056,81,-3520
8394,7364,-14646,-4111,2746,-468,-3456
3264,4170,6226,2030,-912,87,-3488
-9140,-2928,32767,646,-682,277,-3488
2824,6206,-7932,-1478,1198,124,-3440
922,-1886,-3076,-706,1472,-390,-3472
-7802,-4352,21476,1311,-1736,140,-3472
3674,172,3084,-234,1182,-362,-3504
3120,-1208,-4088,-1022,1578,-608,-3504
-4302,1218,13388,1789,-1721,-50,-3472
1166,-2850,6292,987,82,2,-3472
9534,7704,-13386,-4108,2429,-588,-3504
-10280,-2908,28370,4731,-3607,143,-3440
5706,-7776,14908,-3020,2780,-423,-3488
4422,6142,-1060,-707,855,54,-3504
-10528,-848,32767,2255,-2822,482,-3504
5910,2020,9138,-1798,1329,-249,-3504
-2374,-4758,-2994,-951,1229,-314,-3488
-6722,-3658,20518,1368,-2428,58,-3456
2734,576,7092,-184,918,-415,-3488
2852,-2612,-4990,-1355,1318,-572,-3520
-1514,1902,8148,1822,-2092,18,-3488
944,-3856,8116,1003,120,20,-3488
9444,4408,-16012,-4333,2211,-506,-3488
-7680,-454,21350,5052,-3966,95,-3456
7384,1100,-9790,-3167,2881,-456,-3504
5756,7822,-7448,-739,725,42,-3488
-10242,384,32767,2222,-2613,389,-3504
5506,788,11636,-2036,1444,-147,-3472
3150,84,1188,-796,1342,-372,-3472
-7150,-2292,22096,1281,-2247,158,-3472
2894,-32,9916,75,462,-358,-3488
2570,-4108,-5326,-1554,1883,-579,-3488
-9182,-2850,27120,2049,-2305,9,-3472
14,-3434,12338,987,-103,-9,-3472
9972,1816,-17522,-4662,2594,-640,-3472
-5256,1606,13118,5092,-4074,152,-3504
8106,-2618,-5866,-2510,2743,-445,-3504
6176,7882,-10652,-911,1139,120,-3504
-9350,910,28556,2442,-2554,438,-3472
5494,-1132,13516,-1856,1787,-158,-3472
2952,214,-1176,-949,1787,-367,-3472
-6524,-1644,20104,1379,-1906,106,-3504
2536,1130,10948,-134,900,-388,-3472
1106,-4904,-2202,-1054,2029,-570,-3472
-7944,-1542,22744,1589,-1688,-56,-3488
-2168,-1502,18104,1694,-590,7,-3488
8888,-6014,-14262,-4354,3359,-661,-3488
-1118,6318,-258,4499,-3652,169,-3488
6834,-6484,4130,-1471,1916,-355,-3456
4936,7212,-12080,-1806,1829,71,-3488
-7128,1602,15460,2486,-3016,539,-3488
6582,4298,752,-1818,1359,-300,-3472
46,-1918,-3726,-933,1290,-203,-3488
-1498,-1312,10342,1157,-2115,-55,-3488
1224,1644,14508,-62,682,-450,-3472
3782,986,-3524,-1254,1563,-500,-3472
-4958,-1024,19324,1602,-2044,37,-3472
-3358,-20,21032,1458,-687,-27,-3472
7298,-9984,-10166,-3947,3100,-602,-3472
-10702,-4680,32767,4187,-3632,150,-3472
5394,-8094,10292,-1104,1560,-347,-3472
4334,5488,-11766,-1730,1803,32,-3504
-4344,3240,7760,2341,-2793,444,-3504
5984,2314,5298,-1311,878,-277,-3504
1254,-2082,-3584,-954,1653,-346,-3488
-1758,-214,8158,1122,-2027,76,-3488
1468,2290,16372,152,261,-382,-3520
3726,-252,-4394,-1212,1862,-511,-3488
-4092,10,14060,1113,-1741,-41,-3504
-3560,2576,25002,2112,-1852,-87,-3488
5476,-13078,-3908,-3705,3906,-571,-3488
5846,10444,-11710,2076,-2531,153,-3472
5622,-9506,15250,868,217,-279,-3472
3446,4280,-11010,-2485,2855,117,-3472
-2366,3274,3116,1999,-2091,453,-3472
4108,-1126,17068,-806,1128,-363,-3472
-330,-3578,-1880,-594,1709,-208,-3504
-436,-334,5238,751,-990,-5,-3504
1910,3358,14714,200,160,-527,-3520
-2194,-6308,9632,-452,1996,-506,-3456
-2090,1944,8126,213,-864,-60,-3488
-3416,6414,24318,1976,-1969,-112,-3456
2884,-15130,4536,-2691,3831,-484,-3488
6198,10902,-13256,1326,-1948,158,-3488
2880,-7092,22736,1362,-228,-176,-3488
700,-114,-5632,-2200,2422,79,-3488
-48,3528,-4894,1150,-1815,365,-3488
4936,1172,12776,-897,615,-468,-3504
-4610,-5472,1770,-464,670,-85,-3504
4166,244,-778,385,-810,-166,-3472
2424,3958,12330,-10,-269,-509,-3472
556,-4794,954,-147,1185,-323,-3504
860,2122,2284,-264,-520,-41,-3504
-2700,9180,20626,1890,-2219,-78,-3504
10,-17134,13926,-2067,3263,-409,-3504
-1916,5010,4068,320,-1513,67,-3472
-276,-7052,30006,2128,-1034,-231,-3504
890,-2336,-1350,-2241,2645,46,-3472
488,5420,-6460,1408,-2016,396,-3456
4544,-46,16028,-617,445,-430,-3488
-2934,-5216,3658,-616,1253,-131,-3488
2934,1128,-2156,346,-959,-11,-3456
3480,4846,11194,349,-616,-494,-3488
582,-6078,536,-251,1688,-359,-3488
986,3230,-306,-215,-717,-12,-3488
-820,10680,19710,1842,-2345,-140,-3488
-2266,-17058,21646,-2154,3397,-435,-3520
1358,6424,-3016,97,-1403,104,-3520
-450,-5748,30920,2081,-752,-286,-3488
-64,-4252,2586,-2073,2816,169,-3488
1948,5444,-7530,998,-1339,401,-3488
4638,-1014,17362,-183,621,-415,-3488
-3686,-6220,4852,-640,1543,-135,-3520
3494,1380,-3952,437,-450,-34,-3456
2070,1972,14706,155,-27,-513,-3472
-820,-6018,3276,96,1483,-348,-3488
924,2240,-436,-216,-384,-71,-3504
1836,13776,12844,1443,-2130,-142,-3472
6052,-11926,-6022,-1388,3071,-353,-3440
3416,10110,-9474,-780,-883,-2,-3504
-632,-2982,29296,2468,-999,-150,-3504
-4012,-5712,11146,-2054,2353,118,-3472
-3400,3360,3030,649,-1157,381,-3504
4294,1214,17594,-535,189,-524,-3504
-7796,-7522,12228,-126,93,28,-3472
5936,752,-4572,-134,37,-204,-3472
598,3340,17956,334,-790,-479,-3504
-1346,-7548,7334,-271,1389,-337,-3488
3430,2720,-4344,-487,-350,-10,-3488
1962,14598,10550,1901,-2582,-111,-3488
5410,-14022,-4166,-1699,3066,-339,-3488
5324,11052,-13634,-577,-844,32,-3488
-2524,-2250,30074,2720,-1598,-152,-3488
3060,3406,-10790,-2245,2835,35,-3440
-2072,4496,-230,750,-1389,332,-3488
4198,-244,18562,-274,85,-498,-3488
-5864,-6020,12676,-427,899,-63,-3456
710,-118,3134,343,-762,-19,-3472
1674,4060,15824,92,-505,-444,-3504
-2358,-7050,11006,102,1318,-312,-3472
2236,1094,-1946,-550,-356,-33,-3504
-3824,5004,26604,1714,-2553,-167,-3472
3506,-17620,2928,-710,2501,-279,-3488
8048,12166,-17722,-2075,-102,-52,-3488
-1908,-736,26470,3329,-1868,-161,-3488
2596,1638,-9884,-2312,3096,146,-3440
6,5044,-3908,437,-742,377,-3488
3684,-864,18212,24,364,-472,-3488
-5920,-6196,13192,-438,1377,-34,-3504
974,-222,1848,440,-267,-69,-3504
2270,3906,15066,-26,-51,-564,-3504
-3836,-6560,13602,467,1126,-349,-3472
1660,118,-756,-726,220,-50,-3504
-3042,8592,24356,746,-2061,-198,-3504
770,-17136,10988,-317,2212,-226,-3504
7300,11282,-16270,-2170,147,-91,-3472
1148,2196,16704,2995,-1514,-64,-3472
518,-2520,-3622,-1507,1731,139,-3504
1282,4846,-7648,360,-842,307,-3456
3006,1092,12794,-486,138,-480,-3456
-7474,-5002,17580,-75,-11,43,-3488
4640,416,-1930,65,62,-248,-3456
2008,4244,12894,-39,-478,-499,-3488
-4542,-5850,17678,316,420,-259,-3520
2634,-1866,560,-694,324,-39,-3456
-2160,11118,20742,264,-2166,-151,-3488
-1378,-17176,18776,300,1570,-115,-3488
7398,9032,-15994,-2680,543,-236,-3456
-1418,-6204,32767,3324,-1884,-112,-3504
522,-3896,1568,-1736,2085,49,-3472
1580,6364,-7420,316,-750,334,-3504
3550,-8,10702,-280,175,-485,-3504
-3202,-5204,4726,-88,375,-14,-3472
2732,810,-1982,-25,-125,-99,-3504
3402,4976,9706,-54,-440,-504,-3472
-6264,-5066,21268,433,446,-253,-3472
1076,2282,-356,-716,265,-33,-3504
1164,12476,15780,-68,-1865,-255,-3472
-4360,-16068,27076,-199,1825,-230,-3488
7992,5882,-13544,-3936,2255,-401,-3488
3922,4782,3008,2515,-1240,37,-3488
-9482,-2378,32767,-131,211,232,-3456
3184,6424,-6688,-1540,1170,91,-3472
3004,0,8462,-281,726,-468,-3456
-7108,-3182,19520,571,-664,88,-3456
3364,770,4830,-108,855,-256,-3488
3758,3058,6326,-684,816,-602,-3520
-6874,-2312,20204,1142,-689,-152,-3488
-250,-2650,9828,1260,-304,-15,-3488
9424,3512,-12850,-4037,2496,-614,-3488
-7726,-598,19204,4509,-3366,120,-3424
7622,626,-7100,-2607,2576,-397,-3504
4230,7188,-3764,-387,533,89,-3440
-9312,524,28240,1711,-2284,490,-3440
5546,2186,10930,-1768,1187,-208,-3504
1162,-1088,922,-902,1065,-257,-3504
-4492,-1936,15182,1125,-2160,-15,-3504
1902,692,10518,-12,664,-437,-3472
1654,-3786,-2246,-1153,1397,-545,-3472
-6462,-2288,22606,1505,-1904,-23,-3504
-1158,-1984,13776,1294,-484,1,-3472
8450,-3050,-12804,-3715,2238,-518,-3456
-3138,3464,7156,4383,-3452,132,-3488
6976,-4044,-394,-1984,2145,-396,-3488
4112,6266,-7934,-740,951,62,-3488
-6712,2424,19814,2032,-2436,439,-3456
4326,312,16504,-1415,884,-216,-3488
2700,-1356,-2654,-1006,1690,-385,-3488
-4590,-900,13576,1129,-2099,90,-3456
2326,1168,14116,183,263,-371,-3456
5084,1360,-3182,-1256,1701,-506,-3472
-6434,-612,19716,1534,-1932,-36,-3472
-2522,-1086,21562,1489,-738,-7,-3440
7646,-6766,-11464,-4584,3063,-643,-3472
-12020,-7130,32767,4772,-3867,193,-3472
8232,-7556,3450,-2092,2568,-473,-3472
4176,6514,-11120,-1015,1227,147,-3472
-5164,2240,14228,2255,-2360,493,-3472
6454,3082,1766,-1583,1461,-212,-3472
1400,-1902,-3042,-932,1918,-348,-3472
-3264,-644,11596,1254,-1801,96,-3472
1942,2086,14534,10,716,-407,-3472
3874,-274,-3764,-1056,2162,-592,-3504
-5470,400,16488,1366,-1655,-57,-3472
-3596,1164,23860,1931,-954,-2,-3472
6366,-10508,-7994,-4097,3685,-648,-3472
-11344,-4606,32682,4180,-3464,201,-3504
6376,-7716,11100,-967,1565,-355,-3472
2504,4404,-10624,-1950,2049,98,-3504
-3600,3660,3362,2284,-2977,487,-3488
6214,1938,7136,-1418,1083,-340,-3456
-1784,-4424,-3766,-885,1421,-235,-3488
1414,-242,4116,1109,-2109,-52,-3488
1682,3590,16568,9,245,-452,-3488
-1704,-6784,8598,-344,1563,-360,-3488
-1976,1518,9022,147,-1032,51,-3472
-4462,3050,25372,2431,-2089,-36,-3472
4824,-15392,-3124,-3031,3827,-506,-3504
5666,11106,-14554,1786,-2288,178,-3472
3686,-9706,20822,1499,-654,-288,-3504
2928,3164,-10680,-2545,2971,23,-3472
-1602,4696,-1742,1679,-2279,398,-3472
4028,-234,18974,-505,375,-415,-3472
-5856,-6248,13106,-458,933,-65,-3488
3424,1336,-3148,77,-455,-70,-3488
1898,4032,17038,86,-622,-515,-3488
-2714,-7408,11516,243,1079,-290,-3488
2392,1472,-2948,-799,-21,-17,-3488
5898,15558,2342,918,-2375,-202,-3488
3092,-16532,4416,-586,2273,-248,-3456
7536,11550,-16816,-2166,24,-70,-3488
-228,48,21894,3092,-1670,-167,-3488
2172,-160,-7810,-1896,2838,135,-3472
204,4706,-5336,519,-795,408,-3504
4234,-56,16616,36,339,-477,-3472
-6826,-6816,16316,-199,909,-46,-3488
3852,656,-2666,27,260,-83,-3488
2340,3944,15408,0,-133,-579,-3488
-4084,-6216,14224,475,789,-278,-3520
1814,-372,-682,-703,533,-28,-3456
-2680,9496,23910,439,-2025,-218,-3504
-176,-17802,14222,855,1100,-124,-3488
7524,11142,-16724,-2729,525,-179,-3472
1468,3292,13976,3131,-1636,-42,-3472
-256,-2854,-2508,-1436,1562,123,-3472
2058,4964,-8388,-113,-248,269,-3472
3080,1286,11882,-550,157,-507,-3472
-8100,-5458,19644,251,-617,73,-3472
5062,726,-3432,-233,527,-274,-3504
1830,4706,13040,-98,-503,-516,-3472
-5130,-6186,19032,618,100,-203,-3472
3062,-1160,-584,-971,624,-23,-3504
-2084,10926,21820,386,-2246,-170,-3488
-1864,-17804,20762,365,1427,-143,-3488
7372,8452,-16780,-2821,809,-196,-3456
2010,3536,8344,3469,-2106,-37,-3488
324,-4198,1950,-1253,1605,76,-3456
2616,6334,-7814,-244,-214,248,-3488
3340,-118,10004,-199,75,-494,-3520
-3294,-4920,5060,-74,299,7,-3440
2502,480,-1752,13,137,-109,-3456
3906,4422,8422,-483,-55,-534,-3488
-6638,-3534,21382,856,-173,-205,-3488
940,1588,14,-769,303,-37,-3472
2614,14386,11032,-617,-1604,-264,-3472
-6084,-15956,31610,1143,599,-103,-3472
8056,3830,-12974,-3491,1308,-255,-3472
-2012,-3248,31786,3217,-1663,-42,-3472
-880,-5206,9796,-1081,1419,170,-3472
3942,6738,-7028,-1757,1405,32,-3440
2732,-210,6538,-336,915,-374,-3504
-6732,-2628,19052,533,-742,83,-3456
3164,576,5608,-47,912,-252,-3488
3968,2598,5238,-831,1049,-650,-3472
-7212,-2454,21106,1441,-1157,-142,-3504
-462,-2114,11346,491,279,-12,-3472
8730,2188,-12302,-3433,1349,-504,-3472
-9242,-11832,32767,4104,-2836,100,-3472
3608,-6814,20328,-1875,2238,-407,-3456
4068,6942,-4428,-1083,1148,106,-3488
-8710,1300,25228,1909,-2573,482,-3488
5118,1610,12116,-1637,1203,-275,-3456
-4522,-5108,1428,-784,1038,-189,-3488
-3710,-2122,14440,935,-1877,-64,-3456
2090,1096,10492,30,397,-435,-3488
1096,-4426,-304,-963,1453,-499,-3488
-5454,-1424,19876,1174,-1721,-16,-3504
-1872,-2082,15298,1539,-623,14,-3504
8162,-3672,-13022,-4011,2752,-522,-3472
-2422,3900,6004,4423,-3604,112,-3472
7604,-5148,-890,-1585,1930,-429,-3472
4458,7308,-9674,-1264,1289,79,-3472
-6918,2332,20494,2283,-2642,425,-3472
4738,16,15764,-1534,1109,-273,-3472
1716,-1308,-1306,-820,1511,-267,-3504
-4016,-590,14198,987,-1839,81,-3504
1934,812,14646,318,24,-423,-3504
764,-5886,-230,-1392,1962,-529,-3456
-6776,-564,20876,1589,-2036,-36,-3488
-2722,-868,21234,1563,-901,-32,-3488
7638,-6508,-12132,-4330,3275,-667,-3456
1246,6238,-2624,4375,-3679,155,-3456
8028,-7748,4548,-1312,1988,-444,-3456
4246,6638,-11594,-1566,1804,125,-3488
-5294,2838,14126,2325,-2470,477,-3488
6704,2742,1106,-1640,1680,-205,-3472
1576,-1822,-3356,-1000,1904,-288,-3456
-3048,-420,10990,1149,-1657,30,-3488
1846,2272,14968,27,645,-448,-3472
3478,-1300,-4144,-917,2207,-528,-3472
-5120,936,15034,1185,-1578,-50,-3504
-4308,2470,25308,2225,-1286,-2,-3472
6224,-12958,-5850,-3694,4111,-650,-3488
-10522,-2744,28310,3695,-3268,207,-3472
5576,-8526,15618,271,671,-325,-3488
2244,3424,-10362,-2396,2663,110,-3488
-2740,3284,1054,2185,-2873,525,-3472
6126,2216,8892,-1188,846,-415,-3504
-2228,-4126,-3480,-1003,1398,-146,-3504
2342,412,1234,776,-1753,-88,-3472
928,3480,17764,258,-81,-486,-3440
3120,-2670,-5608,-1059,2023,-464,-3472
-1946,1372,9744,921,-1664,48,-3472
-4870,3770,27038,2198,-1681,-37,-3472
4506,-15298,-960,-2234,3478,-443,-3488
5884,11024,-14702,550,-1530,100,-3456
-1482,-1390,26690,1971,-1091,-207,-3456
2468,2156,-8854,-2218,2821,42,-3456
-1420,4998,-2536,1104,-1750,367,-3488
4236,266,17664,-279,101,-447,-3488
-130,-4100,-2274,-790,1547,-170,-3472
1196,292,1162,255,-787,-38,-3488
1172,4660,16894,337,-692,-432,-3488
-2568,-7454,12108,559,587,-276,-3504
2196,906,-2638,-958,312,-63,-3472
7050,16380,-632,130,-2105,-220,-3504
2518,-17770,7206,537,1269,-139,-3472
8268,12008,-17886,-3235,953,-196,-3472
-690,-92,22194,3406,-1820,-86,-3472
-5462,-6130,24958,-1420,1876,172,-3472
352,5306,-5284,-342,-7,300,-3504
4198,-352,15608,-117,441,-516,-3472
-6432,-5578,15190,-146,823,6,-3488
3526,678,-1346,202,192,-112,-3456
2558,4312,14122,-200,-2,-604,-3488
-4370,-6800,14858,777,610,-314,-3488
1630,-464,-130,-798,515,-48,-3488
8288,14500,-5088,-185,-1619,-249,-3456
-292,-17162,14416,795,1144,-109,-3488
7320,10398,-16136,-3093,1084,-190,-3488
1802,2984,13292,2866,-1537,20,-3488
-9722,-4032,32076,-744,693,170,-3488
2062,5074,-8096,-709,269,193,-3456
2832,1086,11014,-605,157,-506,-3488
-7114,-4654,18330,322,-899,44,-3488
4810,168,-2156,-72,413,-239,-3440
2492,4442,11012,-504,-197,-507,-3488
-5226,-5212,19510,1027,-517,-172,-3456
2196,-2226,2316,-702,794,17,-3488
-1488,11962,18838,-536,-1779,-179,-3472
-2046,-17310,21802,1323,578,-61,-3472
7286,8418,-15790,-3567,1409,-281,-3504
2832,4012,6226,3459,-1990,16,-3472
250,-4688,3430,-907,967,79,-3504
2300,6796,-7692,-633,157,230,-3472
3080,18,10710,-145,141,-539,-3504
-6758,-3820,19428,167,-310,71,-3504
2652,778,-1728,-85,249,-201,-3504
4022,3996,8454,-545,113,-547,-3472
-6602,-3870,21112,816,-170,-169,-3456
1008,-1874,5776,-632,468,25,-3456
2536,13082,12024,-1202,-1150,-312,-3488
-5790,-15044,29872,1668,-122,-47,-3456
7830,3464,-11320,-3503,1600,-310,-3456
4486,5740,-68,2569,-1254,-23,-3456
-1428,-5296,10808,-359,671,210,-3488
3508,5756,-5888,-934,635,213,-3520
3424,260,5536,-330,737,-496,-3488
-4578,-6216,9352,379,-117,51,-3472
3230,490,6784,-203,1007,-317,-3472
4018,2568,4064,-755,1121,-587,-3472
-7264,-2176,21340,1339,-1065,-147,-3472
-758,-2150,11810,575,281,32,-3472
9088,2822,-12576,-3530,1355,-511,-3440
-9294,-12526,32767,4279,-2886,103,-3472
7780,-322,-6056,-3298,2707,-406,-3472
3822,6996,-4292,399,-80,116,-3504
-9228,498,27116,1484,-2019,429,-3504
5892,5376,-2920,-1757,1229,-211,-3504
1186,-1176,1486,-809,919,-328,-3440
-3834,-1814,14246,1079,-2094,42,-3472
2018,730,10264,-83,839,-391,-3472
3668,2046,718,-1119,1054,-525,-3472
-6156,-2138,21712,1688,-1792,-7,-3504
-1694,-1882,14486,774,69,28,-3472
8180,-2680,-12784,-3559,1281,-446,-3488
-9928,-9530,32767,4443,-3230,61,-3456
6986,-4468,-724,-2854,2653,-429,-3456
4488,7032,-8662,179,90,95,-3488
-7032,2270,20854,1813,-2147,391,-3488
5994,4380,-14,-1791,1140,-143,-3488
2076,-1320,-1556,-826,1310,-394,-3456
-4274,-640,14278,1180,-2049,108,-3456
3080,264,1806,-138,698,-289,-3472
4584,458,-2708,-1201,1384,-584,-3504
-6184,-110,18496,1658,-1979,-21,-3472
-2596,-960,21996,929,-210,-41,-3472
9178,13114,-9058,-4448,2169,-561,-3472
-11654,-6874,32767,4873,-3799,137,-3504
7924,-7790,4268,-2979,3014,-481,-3504
4526,6644,-11640,-120,498,114,-3472
-8640,-3596,32767,2093,-2173,444,-3440
6598,3166,1400,-1972,1731,-125,-3472
1352,-1490,-3126,-844,1616,-389,-3472
-3334,-632,12168,1257,-1785,144,-3456
3622,522,1822,-263,1189,-349,-3488
3602,-510,-3406,-1082,1628,-630,-3488
-5296,652,15834,1731,-1724,-43,-3456
-3896,1230,24052,1039,-29,14,-3488
9420,9000,-12330,-4156,2580,-596,-3456
-10958,-3924,31164,4698,-3632,169,-3488
6080,-7440,12122,-2410,2513,-393,-3456
3902,6270,1262,-544,644,78,-3472
-10514,-1110,32767,2022,-2683,468,-3504
5656,2620,8448,-1818,1329,-200,-3472
-1810,-3854,-3316,-933,1398,-154,-3472
1558,-292,3942,982,-1847,-79,-3472
1016,3522,16910,144,31,-467,-3504
2890,-2352,-4808,-1007,1885,-468,-3472
-2086,1538,9506,781,-1660,16,-3472
-5002,3224,26320,2303,-1628,-35,-3472
5030,-15592,-2754,-3688,3818,-574,-3472
-8278,-632,23346,3159,-3079,189,-3504
3522,-9240,21578,241,385,-342,-3472
2666,2828,-10026,-2445,2914,43,-3488
-1460,4566,-2116,1398,-1926,420,-3488
4260,-266,18360,-379,306,-479,-3488
-5972,-6062,13538,-660,1365,-135,-3488
1096,392,2094,341,-879,-30,-3488
1162,3910,17344,385,-735,-489,-3488
-2266,-7706,11028,-361,1775,-371,-3456
-1848,1860,7458,63,-997,-21,-3472
-3916,5888,27538,2027,-2437,-138,-3440
3220,-16688,4196,-2353,3692,-466,-3504
8014,11844,-17274,255,-1507,80,-3504
2546,-8892,26582,2237,-1046,-252,-3472
2318,128,-7988,-2377,3216,134,-3472
280,4694,-4852,1365,-1552,452,-3472
3934,-448,16492,-337,768,-430,-3504
-1438,-4752,-1052,-562,1570,-121,-3472
1762,-106,-584,536,-514,-55,-3504
2440,4256,14066,113,-212,-506,-3472
-4214,-5956,15278,-12,1920,-420,-3488
-658,2250,3258,-243,-422,-60,-3488
-2042,11460,22448,1514,-2341,-156,-3488
-1238,-17746,18604,-1269,3201,-361,-3456
7516,10340,-16202,-1174,-667,42,-3488
-150,-5812,32362,2821,-1418,-116,-3488
-1220,-4380,478,-2120,2506,120,-3488
2688,5154,-8590,785,-1161,360,-3488
4422,514,17330,-629,202,-499,-3472
-5804,-6308,4844,-113,21,-17,-3488
5156,548,-3578,11,-10,-191,-3456
2232,4650,11074,164,-634,-468,-3488
-5464,-5532,20480,114,904,-259,-3520
1860,2594,-784,-645,91,3,-3488
-470,12700,18028,644,-2359,-129,-3488
-4030,-16108,26700,-159,1894,-185,-3488
2948,8400,-7518,-1521,-262,-77,-3472
-2026,-4064,32316,3081,-1783,-113,-3440
-648,-5288,6960,-1762,2285,37,-3504
2890,6384,-7150,381,-902,360,-3472
3860,-636,18798,-208,50,-472,-3472
-4076,-5640,7724,-229,602,-30,-3440
2608,424,-2352,65,-234,-101,-3504
4294,4582,6522,-103,-424,-502,-3472
-484,-6198,6038,395,570,-301,-3472
1214,1254,-900,-668,121,-42,-3472
4412,14562,7386,528,-2088,-240,-3488
-7980,-14192,32767,-156,1943,-203,-3488
8492,1614,-10642,-4009,2268,-402,-3520
-1864,-2332,29290,2981,-1426,38,-3504
-2310,-5380,14076,-191,241,232,-3456
4286,6076,-5794,-1218,981,172,-3488
2586,-362,4212,-348,688,-531,-3504
-5172,-5956,10660,469,-326,85,-3472
2842,360,-1082,-32,811,-187,-3472
4252,3110,3146,-532,478,-635,-3472
-7634,-2184,22698,1251,-574,-213,-3504
-756,-2110,13264,658,200,-9,-3472
8612,98,-13182,-3672,1783,-538,-3472
-10466,-10662,32767,4160,-2832,98,-3488
7776,-1886,-4100,-3193,2793,-396,-3488
3746,6696,-6632,362,-61,98,-3456
-7922,1522,21796,1573,-2131,381,-3456
6220,4658,-924,-1755,1270,-198,-3488
460,-2092,-176,-727,904,-296,-3488
-2878,-1596,12702,909,-2041,31,-3488
3782,190,1114,-55,851,-393,-3472
3864,392,-1496,-1177,1217,-561,-3520
-5094,-642,17408,1469,-1802,-4,-3488
-2766,-1518,18512,1155,-117,20,-3456
7890,-6202,-11522,-4031,1989,-495,-3488
-10412,-7318,32767,4729,-3504,125,-3456
6622,-6390,3616,-2573,2424,-427,-3488
4448,6756,-10630,-443,601,43,-3488
-8568,-3634,31796,1855,-2202,403,-3504
5902,4220,2004,-1839,1137,-160,-3504
1426,-1746,-1310,-680,1244,-397,-3504
-3342,-502,12076,1104,-1999,81,-3504
3156,236,3352,-56,525,-355,-3472
4246,-168,-3064,-1147,1490,-549,-3472
-5342,110,16332,1612,-1919,-30,-3504
-2954,1328,22314,1140,-394,-9,-3472
9366,8872,-10310,-4049,2531,-621,-3472
-10452,-4812,30764,4425,-3526,174,-3504
7182,-7962,9644,-1999,2270,-483,-3472
3070,3946,-9504,-462,820,98,-3456
-9096,-1814,32316,2014,-2089,426,-3456
6372,1754,5220,-1666,1544,-128,-3456
836,-2898,-2920,-957,1841,-416,-3488
-1540,16,7078,1422,-1853,133,-3488
3492,82,5050,-117,906,-378,-3488
2850,-2220,-3746,-952,1927,-580,-3488
-3584,1084,11474,1440,-1578,-60,-3456
394,-2674,8790,1360,-284,11,-3472
9818,5288,-14162,-4232,2845,-612,-3504
-8876,-1428,21834,4669,-3615,175,-3504
4734,-8122,18332,-2134,2306,-431,-3440
4396,7182,-3154,-1135,1196,108,-3472
-10280,378,31402,2132,-2939,542,-3488
5926,2398,10778,-1585,1161,-365,-3488
-3560,-5054,-1008,-993,1364,-200,-3488
-5534,-2978,18036,1255,-2300,-19,-3472
4046,3352,1688,-465,-201,-518,-3456
-7638,-3234,25354,1815,-1577,-21,-3472
16,-3080,10640,-163,858,-25,-3488
9224,1064,-15870,-3445,633,-382,-3488
-9614,-12114,32767,4510,-3145,78,-3456
6900,-2246,-5442,-3589,2961,-436,-3488
5688,7392,-9588,911,-302,77,-3488
-9212,1402,28294,1708,-2127,315,-3488
5628,5382,-3676,-1973,1366,-99,-3488
3028,-252,-1682,-732,1089,-457,-3488
-6186,-1440,19032,1215,-2158,128,-3520
3342,774,-856,-300,975,-290,-3472
5436,2842,-1582,-1349,1258,-560,-3488
-8012,-1370,23770,1890,-1907,-70,-3472
-1488,-2976,18348,183,412,-10,-3472
8392,15900,-5588,-4336,1389,-513,-3504
-12486,-9598,32767,4967,-3783,100,-3472
7968,-6188,-1132,-3814,3456,-487,-3472
6590,8502,-13790,682,-66,111,-3504
-7534,-4876,31856,1690,-2037,373,-3472
6248,4728,-2504,-2239,1917,-105,-3472
2172,-858,-2370,-529,1291,-405,-3472
-4972,-688,16472,1001,-1457,140,-3488
3710,746,-86,-294,1262,-316,-3488
3962,902,-2182,-1048,1286,-619,-3456
-6658,-300,19558,1790,-1569,-109,-3488
-3158,-716,21638,651,370,27,-3456
9182,12474,-10072,-4109,1922,-563,-3456
-12432,-5676,32767,4749,-3607,116,-3488
6510,-7222,7654,-3041,2908,-376,-3456
3400,4906,5640,195,33,74,-3472
-11084,-2344,32767,1837,-2484,408,-3504
6462,3422,4032,-2045,1539,-188,-3472
-874,-3364,-2854,-618,894,-280,-3504
-6556,-4122,19064,1006,-2137,0,-3472
3176,356,4058,-96,947,-377,-3472
3006,-1042,-3410,-1190,997,-529,-3472
2304,1506,-1462,-812,635,5,-3472
9174,7866,-12470,-4221,2715,-587,-3504
-9888,-2828,29886,4288,-3648,160,-3488
4874,-8854,14636,-1158,1634,-382,-3488
3582,4906,-11234,-1716,1671,43,-3456
-10276,-1528,32767,2410,-2726,447,-3472
6360,2090,6048,-1617,1210,-316,-3488
8,-3040,-1212,-638,1352,-252,-3488
-220,-208,6144,905,-1768,92,-3504
3346,98,7050,200,134,-403,-3472
2692,-2178,-3270,-1113,1813,-502,-3472
-2596,1010,10110,1204,-1792,5,-3504
-3608,5020,24884,1775,-1269,-52,-3440
9412,3662,-13956,-3984,3464,-648,-3472
-6706,-406,18818,3617,-3258,171,-3472
3516,-8472,21426,-572,1326,-384,-3472
2754,1344,-8124,-1939,2204,103,-3504
-9182,328,29878,2243,-2319,450,-3472
6124,144,9404,-1521,1596,-218,-3488
-1136,-4384,-152,-741,1709,-286,-3520
1080,-126,1542,945,-1407,49,-3488
2836,804,9400,83,452,-451,-3456
880,-3986,-806,-633,2052,-515,-3456
-874,1810,4916,688,-1178,-39,-3488
-1960,-1332,16578,2040,-1343,-39,-3504
8606,-3294,-12470,-3438,3852,-598,-3488
-2744,3988,5256,2791,-2781,183,-3488
1282,-6424,26934,347,671,-301,-3488
3894,6540,-8074,-1976,2123,140,-3504
-7342,1814,18288,1899,-2599,479,-3504
5192,1164,14574,-1214,909,-401,-3472
-5816,-6214,4922,-680,999,-87,-3504
-1412,-748,9594,549,-1379,-141,-3472
1408,1616,13952,236,-132,-456,-3504
268,-5862,1100,-810,1802,-438,-3472
1680,2176,-136,579,-1384,7,-3472
-3336,-60,20270,1989,-1870,-87,-3472
7040,-9232,-9330,-3154,3433,-575,-3488
1586,7622,-4614,2534,-2687,174,-3488
-1020,-4262,29900,1983,-870,-233,-3472
-794,-4932,6044,-2055,2563,18,-3472
-4508,3224,9566,1065,-1688,374,-3504
4230,-516,17808,-320,206,-452,-3504
-4182,-5872,7652,-623,1163,-135,-3472
3034,1018,-3124,231,-779,-53,-3472
4102,4664,7642,-126,-395,-478,-3488
-7328,-3770,23596,513,407,-249,-3488
1556,2068,-1338,-829,284,-35,-3488
3138,14140,10392,-174,-1804,-283,-3456
-6978,-15046,32767,633,1005,-147,-3520
5086,10568,-10878,-2547,301,-149,-3504
-1384,-3152,30172,3048,-1413,-77,-3488
-1926,-5836,11442,-1445,1976,219,-3504
3348,5956,-6724,-99,-178,346,-3472
3984,556,3430,-473,882,-492,-3504
-8090,-3064,22442,881,-916,135,-3472
3390,748,-3732,-280,1161,-239,-3472
4878,3716,4262,-719,627,-628,-3440
-8582,-3196,25310,1730,-950,-163,-3472
352,-3130,10098,-639,1060,-6,-3488
4976,15450,5008,-2097,-393,-338,-3488
-9552,-13304,32767,2827,-1215,70,-3456
7692,1278,-8316,-4041,2466,-358,-3488
4660,7532,-5852,2096,-1060,58,-3488
-6626,-6382,21264,636,-1140,275,-3488
5916,4824,-5120,-1499,1250,5,-3488
1772,-464,-616,-757,477,-435,-3520
-7838,-6536,15180,931,-1641,104,-3504
5160,842,-2998,-371,1190,-303,-3488
4326,2116,142,-790,143,-515,-3504
-6956,-2072,23572,1637,-1319,-112,-3472
3478,-24,-2370,-614,1113,0,-3472
5488,15748,264,-2503,-603,-260,-3504
-10682,-11000,32767,3489,-1836,71,-3504
6822,-3640,-3734,-4313,2751,-437,-3472
-474,520,19726,2410,-1255,103,-3472
-6680,-5946,28600,689,-1054,183,-3472
5378,5246,-3288,-1697,1225,78,-3504
2910,194,-2134,-481,486,-525,-3472
-7032,-5954,18578,985,-1594,131,-3504
3552,726,-1220,-476,979,-243,-3472
5538,2672,-2880,-1054,587,-575,-3472
-8212,-1578,23910,1824,-1578,-72,-3472
2342,-134,-1150,-399,885,16,-3472
8614,14058,-6258,-3317,419,-477,-3440
-12330,-8486,32767,3991,-2834,71,-3472
7646,-6568,2308,-4037,2817,-426,-3520
2350,2662,11312,1660,-719,27,-3456
-7946,-4392,32250,943,-894,293,-3488
5914,3984,-476,-1824,1594,79,-3488
2700,-652,-3380,-463,1002,-496,-3456
-7548,-5452,20664,1032,-1294,104,-3488
3452,290,778,-308,1209,-283,-3488
4178,164,-3560,-887,1026,-608,-3456
-6234,-4680,19994,1500,-1003,-167,-3472
1226,-2232,3380,299,623,-9,-3488
9888,11056,-11470,-3302,647,-463,-3472
-11618,-4958,32767,4107,-2591,105,-3472
7312,7128,-13372,-3849,2799,-385,-3472
3688,5504,3498,991,-449,88,-3472
-10918,-2470,32767,2271,-2849,473,-3472
6616,4042,4320,-1967,1367,-340,-3472
-1238,-3190,-1540,-742,1077,-260,-3472
524,-726,5906,956,-2130,22,-3456
3204,102,4434,-47,810,-414,-3456
2986,-1354,-3034,-1152,1281,-499,-3488
-3114,202,13542,1628,-1885,16,-3488
-4238,2050,23700,1155,-288,26,-3488
8862,6842,-12892,-4119,2448,-543,-3488
-9058,-2262,26866,4638,-3772,107,-3488
4144,-8748,16824,-1896,2235,-381,-3520
4758,6474,-2366,-565,655,40,-3472
-10294,-456,32767,2294,-2689,426,-3488
6038,1266,7828,-1174,939,-347,-3440
88,-3056,-1510,-743,1426,-180,-3488
100,-316,4580,683,-1325,37,-3488
1984,3732,14478,173,-212,-426,-3520
2318,-3310,-2542,-631,1862,-453,-3504
-1882,1316,7582,440,-1297,-45,-3472
-3338,5656,24394,2304,-2130,-132,-3472
3256,-16718,4140,-3334,3935,-571,-3472
-6014,1024,15736,2073,-2591,168,-3472
3050,-8908,23498,862,234,-304,-3472
2832,1274,-8372,-2433,2850,134,-3472
-160,4298,-2600,1746,-1929,451,-3456
6322,-94,10246,-893,1203,-396,-3472
-1542,-4472,150,-433,1498,-112,-3456
1282,-290,1806,610,-678,-5,-3488
2582,3546,12536,111,234,-487,-3504
482,-4382,216,-124,1671,-439,-3472
-458,2044,3634,-109,-540,-79,-3472
-1424,10078,19612,1599,-2016,-144,-3472
-708,-15756,15558,-1840,3365,-439,-3504
-1732,4530,3748,132,-1404,91,-3504
800,-5124,27486,1885,-555,-166,-3472
-744,-3348,944,-1982,2267,79,-3472
1954,4376,-6262,807,-1378,357,-3472
4670,860,14974,-790,462,-433,-3488
-5926,-6046,5362,-333,455,-11,-3488
4904,182,-1958,289,-507,-196,-3488
2548,4226,9630,95,-434,-484,-3520
-412,-6094,3740,40,945,-299,-3488
2052,2058,-620,-456,-255,-27,-3488
-722,12428,16544,1577,-2387,-70,-3488
6846,-9816,-9454,-2024,3345,-361,-3472
2080,8070,-5224,-452,-1071,0,-3456
-1958,-4964,31940,2119,-1035,-231,-3472
-732,-4962,6220,-2152,2612,54,-3504
-4464,3130,8870,1172,-1728,377,-3504
4596,-278,16832,-588,468,-478,-3472
-4504,-5322,8014,-397,931,-83,-3440
3136,546,-2236,163,-646,-42,-3472
1796,2914,15304,111,-528,-470,-3504
-1064,-6618,6388,271,882,-297,-3520
1576,2186,-1152,-768,171,-29,-3472
3080,14080,10164,203,-1974,-223,-3472
-7000,-14690,32767,133,1503,-214,-3472
5422,10240,-11432,-2100,-84,-109,-3456
-884,-2550,28150,2871,-1257,-146,-3456
-2428,-5792,13688,-1500,2208,172,-3456
4020,5946,-6180,99,-427,354,-3488
4316,-406,17094,-184,567,-468,-3488
-5660,-6622,11596,21,613,-13,-3456
3482,468,-2772,46,326,-133,-3520
2376,3744,15000,-105,-25,-560,-3472
-3066,-6332,10872,777,511,-301,-3488
1418,490,-1056,-781,617,-83,-3488
6276,15568,1012,143,-1862,-198,-3472
2522,-16424,6262,365,1489,-188,-3504
6674,12352,-14984,-2829,617,-181,-3504
332,934,20908,2894,-1335,-22,-3472
-7912,-5310,24594,-1153,1260,147,-3504
-202,3850,-5610,-267,-105,275,-3472
3750,1444,13936,-626,227,-523,-3472
-8414,-6218,18044,483,-992,68,-3472
4818,374,-1226,-416,723,-294,-3472
1862,4680,14770,-120,-558,-529,-3456
-4216,-6530,16194,648,216,-208,-3456
3582,-468,-2138,-959,636,-12,-3488
7296,13112,-5114,-334,-1972,-155,-3456
-348,-17294,15530,926,696,-90,-3488
7072,9972,-16154,-3169,1152,-243,-3488
1628,2632,12512,3169,-1775,-44,-3488
722,-3382,-814,-1029,1399,83,-3472
1100,5578,-8262,-700,258,255,-3488
4776,972,10146,-301,79,-523,-3488
-8068,-5432,21848,213,-73,17,-3472
1992,1742,15486,292,-9,-382,-3472
-6232,-5458,22078,1365,-816,-168,-3472
1684,-1820,2260,-911,835,-7,-3472
10186,12560,-12420,-2211,-687,-380,-3504
-4106,-17804,27352,2968,-1459,45,-3472
8488,7500,-16210,-4363,2709,-415,-3472
3608,4098,5188,2672,-1280,45,-3472
-9728,-3072,32767,146,-129,226,-3504
2966,6900,-9008,-1609,1309,137,-3472
4108,744,7808,-314,590,-522,-3488
-8152,-4112,22580,617,-515,124,-3456
3674,214,2720,-218,1112,-199,-3488
3864,4764,8740,-643,399,-628,-3456
-7760,-5010,24052,1525,-663,-205,-3456
1330,-2610,5038,-667,1027,-26,-3488
10144,8382,-15074,-2412,-297,-371,-3488
-7236,-14784,32767,3223,-1608,77,-3488
7424,4220,-12498,-4092,2812,-358,-3456
4654,6886,-3060,1884,-1057,105,-3488
-4700,-6826,14384,349,-791,277,-3504
5362,6010,-7462,-1743,1290,-29,-3488
2124,58,3494,-584,439,-419,-3488
-5950,-2924,19354,747,-1686,70,-3520
4884,644,-2448,-231,932,-304,-3472
3772,3222,4174,-871,261,-500,-3472
-6988,-2956,23084,1556,-1258,-100,-3504
142,-3566,9630,-276,865,9,-3504
3920,15260,5576,-2748,-246,-295,-3472
-8632,-13122,32767,3734,-2100,37,-3472
6890,-352,-8466,-4138,2795,-434,-3472
5882,7958,-8064,2084,-1113,81,-3472
-9958,240,32070,2176,-2503,404,-3504
5464,376,10888,-2055,1461,-194,-3504
2288,-492,2384,-566,1108,-366,-3472
-6358,-1868,20140,1097,-1929,70,-3504
3316,938,9420,-114,507,-367,-3472
-7626,-1776,22476,1326,-1069,-134,-3472
-2228,8272,22428,1883,-1541,-91,-3488
8610,-2096,-13078,-3327,3703,-569,-3472
-2770,3256,7210,2242,-2651,177,-3504
1068,-7140,27772,782,271,-329,-3504
1754,-1816,-3388,-2254,2753,77,-3504
-7428,1204,22216,1962,-2073,451,-3472
5606,-498,13248,-859,1127,-352,-3472
-2276,-5410,2098,-682,1730,-194,-3504
2208,34,-1124,644,-949,18,-3472
2336,1694,12408,220,46,-497,-3472
-92,-4996,1572,-311,1928,-441,-3504
82,1850,1782,123,-641,-46,-3504
-88,11908,16710,2034,-1914,-95,-3488
7378,-7762,-9434,-2691,3758,-530,-3488
768,6898,-2588,1505,-2091,178,-3488
-104,-4800,28792,1204,-42,-253,-3456
-1980,-4244,3778,-2238,2507,88,-3488
-5324,2798,10412,1276,-2019,422,-3488
4406,1436,16150,-892,487,-457,-3488
-6570,-6770,8650,-436,627,-58,-3488
522,60,5106,265,-914,-147,-3472
1360,2824,15690,285,-427,-454,-3472
-798,-6422,5254,-477,1593,-391,-3472
2558,2028,-1848,69,-860,-25,-3472
-4176,1518,23582,1933,-2202,-65,-3472
5622,-11790,-5162,-2335,3294,-444,-3472
3950,9508,-9300,789,-1726,77,-3504
-1842,-2800,29310,1708,-663,-237,-3472
3124,3998,-9654,-2107,2585,33,-3440
-3130,3640,3514,1140,-1844,366,-3440
4440,-16,16786,-641,422,-420,-3456
-5232,-5942,11804,-623,1231,-164,-3488
382,508,3982,328,-950,-17,-3488
1864,4206,15780,247,-480,-434,-3456
-2268,-6628,10330,-274,1686,-381,-3488
1984,1462,-1986,-300,-698,-11,-3488
9824,5038,-15570,-3911,995,-530,-3472
-7830,-296,20004,5064,-3921,110,-3504
4580,-9628,20590,-2165,2682,-448,-3504
2632,2508,-9974,-2451,2935,131,-3456
-700,3998,-1834,1877,-2066,404,-3424
4208,-700,17060,-607,1002,-394,-3488
-970,-4112,-2152,-799,1874,-164,-3456
1122,110,1890,811,-1019,24,-3520
1894,3470,15466,123,158,-505,-3456
1404,-3924,-2724,-428,2066,-440,-3472
-1300,2746,5738,278,-961,-71,-3472
-3428,7800,24784,2077,-1981,-103,-3472
1542,-16270,8494,-2690,3894,-524,-3504
-4764,2316,10788,1416,-2055,159,-3504
2180,-6722,25840,1278,-217,-250,-3472
28,-1888,-4148,-2279,2564,96,-3504
936,4920,-6688,1271,-1990,422,-3472
5024,740,14816,-746,451,-513,-3504
-4930,-5866,1694,-552,796,-55,-3504
4914,426,-2030,613,-1063,-154,-3488
1854,4510,13764,211,-367,-459,-3488
992,-5994,-658,-421,1549,-372,-3488
1262,2718,602,-57,-834,-16,-3488
-3186,10420,22790,2222,-2347,-54,-3488
-494,-17902,16388,-2428,3681,-443,-3488
-942,5730,1080,909,-1795,129,-3456
-826,-6698,32767,2019,-1062,-236,-3488
590,-3668,-60,-2411,2876,38,-3456
-6716,2202,17354,1821,-2318,416,-3472
4592,-678,17390,-644,556,-442,-3472
-2842,-5188,3222,-818,1522,-130,-3472
3184,1082,-3332,560,-1209,1,-3472
1802,1694,15190,408,-570,-442,-3472
720,-6354,394,-574,1942,-410,-3472
1018,2668,-636,108,-1027,18,-3472
-560,12422,19614,2085,-2411,-151,-3504
7658,-8748,-11860,-2482,3755,-465,-3472
6862,-8692,8538,-3858,3196,-455,-3488
150,-5238,4162,-2654,3332,103,-3456
-5238,2050,11590,1671,-1726,444,-3504
4600,-1612,17724,-585,990,-409,-3488
-3656,-6132,4812,-652,1791,-162,-3456
2984,362,-3230,701,-850,-11,-3456
1814,2872,14984,112,-79,-516,-3488
-712,-6430,4348,-173,1963,-403,-3456
780,1732,-944,-135,-539,-41,-3488
-4154,2826,25120,2117,-2238,-133,-3472
5958,-13716,-5396,-1752,3496,-444,-3488
4732,11174,-12400,-481,-1076,46,-3456
-1426,-1784,30006,2601,-1262,-130,-3456
2974,3374,-11146,-2556,3030,78,-3472
-2618,2728,482,1337,-1829,425,-3504
3758,1094,17894,-683,318,-478,-3472
-7378,-7064,12300,-342,527,-7,-3472
2288,332,1338,138,-465,-216,-3472
862,3208,17310,350,-711,-487,-3472
-1428,-7152,8204,-370,1472,-308,-3504
3150,1036,-3368,-258,-438,-5,-3504
-4262,5734,26056,1172,-2392,-153,-3472
3394,-15612,3026,-1645,3139,-337,-3520
6332,11054,-15008,-313,-1123,42,-3520
-1070,76,23174,2484,-1359,-158,-3488
2376,206,-7086,-2087,2664,-3,-3488
-772,5056,-3676,885,-1499,373,-3456
3834,324,16058,-316,152,-456,-3488
-932,-4152,-46,-548,1172,-127,-3472
1566,66,710,223,-576,-77,-3488
2020,4588,14376,131,-505,-442,-3488
-3392,-5894,14450,26,1096,-300,-3488
1758,-206,152,-770,528,-27,-3488
8126,14194,-3724,-1316,-1147,-359,-3488
510,-17310,12656,1200,506,-93,-3472
7990,10848,-15844,-3872,1779,-362,-3488
422,1124,18244,2968,-1392,12,-3456
-7648,652,22950,2352,-2379,449,-3504
5690,-652,12832,-803,1126,-383,-3488
-2590,-5360,2164,-380,1473,-116,-3472
1856,-250,92,549,-599,-28,-3504
3396,3968,10504,3,156,-587,-3504
40,-5444,1950,162,1396,-383,-3472
172,2012,1872,-313,-196,-60,-3504
762,12320,15502,1061,-1954,-187,-3504
-3702,-15050,23520,-994,2754,-321,-3504
1246,7216,-2960,-1054,-602,8,-3472
-322,-3880,28786,2343,-868,-96,-3504
-2964,-4944,6434,-1848,2003,119,-3488
3566,4796,-6030,732,-1255,334,-3488
4282,800,15288,-740,418,-510,-3488
-6488,-5744,8100,-106,2,10,-3488
5078,40,-1934,78,-125,-204,-3488
3258,3552,6192,-185,-395,-471,-3488
-1192,-6628,7294,387,501,-273,-3488
2502,1076,-1358,-709,158,-23,-3488
1660,13846,10672,928,-2274,-141,-3456
5490,-13152,-4554,-1176,2726,-289,-3504
4554,10366,-10544,-973,-741,-29,-3472
-2246,-2914,29994,2808,-1519,-145,-3504
-2378,-5622,13052,-1885,2338,64,-3504
-2836,3838,2672,603,-1155,369,-3504
4520,-152,16808,-432,297,-508,-3472
-5214,-5598,10918,-223,617,-13,-3472
2914,1294,-1802,54,-387,-104,-3472
2074,3224,15114,-37,-379,-497,-3472
-2212,-6300,9722,377,693,-261,-3472
1902,1192,-898,-507,-186,-30,-3488
5264,14114,4268,772,-2118,-206,-3488
3314,-15100,3156,-724,2259,-260,-3488
6780,11230,-13864,-1792,-271,-82,-3488
-236,-626,23340,2720,-1224,-172,-3456
-4532,-5594,20600,-1620,2327,130,-3456
-726,4502,-2550,280,-623,371,-3488
-902,-4654,-1176,-961,1807,-374,-3520
1436,358,362,1057,-1642,44,-3488
2694,1110,10112,100,278,-458,-3472
1274,-4594,-2036,-613,2243,-475,-3472
-834,2316,4274,362,-948,-49,-3488
-2744,9236,23388,2268,-1770,-96,-3504
8752,-3128,-14174,-3260,4052,-577,-3472
-3250,4060,5456,2309,-2595,182,-3504
1454,-6598,27750,743,256,-313,-3472
-598,-2644,-2458,-2335,2609,98,-3472
-7876,1828,19958,1739,-2415,489,-3472
5222,1200,15442,-982,647,-466,-3472
-5796,-6746,3556,-658,1005,-83,-3472
5380,1188,-3954,505,-1108,-102,-3472
1296,1702,14294,344,-436,-480,-3472
1088,-6136,-958,-920,2064,-443,-3488
1362,3252,-230,599,-1489,67,-3520
-2970,10486,23422,2463,-2003,-66,-3456
8112,-7018,-14488,-3258,3842,-540,-3488
570,6696,-2322,2131,-2474,145,-3488
-1654,-5728,32767,1053,-300,-257,-3488
5332,7470,-13396,-2466,2748,10,-3472
-6276,2582,15040,1880,-2461,426,-3488
4210,-682,18392,-788,580,-423,-3456
-3402,-5014,4962,-860,1539,-210,-3472
-2994,-780,12004,719,-1455,25,-3504
2084,2764,14402,238,-253,-420,-3472
-172,-7034,3492,-477,1958,-439,-3472
1340,2562,-1620,162,-1158,-5,-3504
-3554,254,25138,2461,-2386,-89,-3504
-5764,-17648,31380,-623,2464,-300,-3504
4506,9870,-10644,-1372,-627,-1,-3488
-2202,-3662,32767,2963,-1606,-187,-3488
-700,-5722,7824,-2166,2982,150,-3456
3722,6764,-8278,749,-964,408,-3488
4420,-1160,18552,-147,489,-495,-3488
-1564,-290,7782,1024,-1433,36,-3520
2130,3018,14862,113,165,-491,-3488
-1680,-6616,6926,-283,2001,-448,-3488
1220,1604,-1314,-213,-477,-80,-3504
-4178,3800,25514,1843,-2217,-148,-3504
4548,-15104,-1784,-1887,3577,-420,-3504
5938,11038,-13888,-148,-1203,83,-3472
-1504,-654,28318,2402,-1173,-131,-3472
2046,1776,-10230,-2239,2669,54,-3504
-1086,3614,-2726,1025,-1507,337,-3504
3044,430,17144,-645,290,-462,-3504
-6546,-5694,11504,-282,406,6,-3504
3060,-894,2412,391,-406,-198,-3504
1332,4164,14494,-78,-399,-460,-3504
-2490,-6668,11956,-6,1010,-300,-3488
2572,-328,-1108,-467,-295,-25,-3488
-4216,6380,24660,1604,-2444,-124,-3456
2998,-17146,4994,-1370,3045,-323,-3488
7220,11580,-16510,-776,-904,-36,-3488
-1116,152,21994,2882,-1685,-163,-3488
2210,-216,-6470,-2155,2594,47,-3456
-244,5586,-4160,898,-1448,364,-3488
3790,-218,15696,-457,428,-480,-3488
-1572,-3696,774,-467,980,-70,-3504
1636,86,1408,348,-788,-51,-3504
2564,3958,12754,81,-353,-476,-3504
-3988,-5520,14746,42,1093,-320,-3504
-644,1390,4382,-300,-398,-37,-3472
-1386,9364,20524,899,-2113,-200,-3472
38,-16508,14218,-959,2507,-357,-3472
7938,9120,-14832,-1434,-462,-90,-3472
348,-6160,29034,2670,-1219,-112,-3472
1564,-2462,-1250,-1827,2511,119,-3504
1218,5068,-5188,656,-781,375,-3472
3520,-136,11774,-513,865,-435,-3488
-2928,-5244,3886,-178,1024,-55,-3488
1800,144,-562,315,-168,-86,-3488
3236,-586,-1752,-866,1928,-591,-3472
-5120,280,15608,709,-1174,-94,-3504
-3666,1720,22118,2156,-1782,-85,-3456
6776,-10118,-6806,-3088,3850,-565,-3488
2140,8880,-5900,1377,-2096,150,-3504
-448,-3482,28334,779,315,-253,-3456
2586,3996,-8680,-2150,2432,124,-3488
-4388,2190,6392,1609,-2237,423,-3488
4470,1120,14750,-1045,739,-432,-3520
-6882,-6740,10184,-439,623,-91,-3488
1680,130,3412,329,-889,-149,-3520
1520,2856,15096,204,-314,-474,-3456
-1348,-6284,7112,-460,1551,-365,-3488
-2218,808,11062,356,-1153,16,-3472
-4082,4214,23824,1648,-2118,-109,-3488
4376,-13786,-226,-2465,3361,-488,-3472
5018,10398,-11670,1213,-1999,120,-3472
3462,-8128,18984,1402,-431,-228,-3472
2536,1666,-7610,-2171,2566,30,-3472
-2112,4598,-192,1453,-2028,401,-3504
4410,336,16356,-507,380,-434,-3504
-450,-3880,-1054,-722,1305,-170,-3472
760,474,2236,422,-1019,-8,-3472
1976,4276,15474,268,-515,-437,-3504
-2734,-6406,12296,-242,1700,-375,-3504
-1412,2142,6048,79,-957,-21,-3488
6786,14960,-168,622,-2151,-235,-3520
2288,-16818,6762,-330,1981,-216,-3520
7622,11776,-15358,-2223,64,-129,-3488
-618,-100,23216,2993,-1345,-122,-3456
1870,88,-6754,-1831,2531,152,-3472
50,4490,-4372,114,-385,380,-3488
4496,-82,14546,-188,549,-489,-3472
-6990,-6516,16124,-130,986,-41,-3472
1968,364,-692,181,27,-87,-3472
2306,4028,14652,-44,-54,-599,-3488
-4166,-6368,15002,662,620,-308,-3488
-1508,-1904,16738,1670,-669,-14,-3472
8408,-4016,-14088,-3819,3943,-619,-3504
-2514,4270,4672,3484,-3152,211,-3472
716,-6006,29552,334,555,-281,-3456
-1000,-3516,-1664,-2392,2556,102,-3488
-6828,2492,16984,1759,-2529,407,-3488
4070,800,17642,-917,540,-430,-3520
-5278,-6444,3530,-788,1261,-142,-3488
-2106,-946,11694,739,-1595,-100,-3472
1222,2254,14836,286,-389,-458,-3488
672,-6678,932,-694,1857,-399,-3488
2058,3132,-1718,540,-1373,31,-3504
-3316,-1974,21072,2511,-1907,-12,-3472
7930,-7616,-13526,-3713,3952,-544,-3472
296,6592,-2718,2985,-2897,172,-3504
-1598,-6096,32767,529,111,-345,-3504
5118,7724,-13108,-2472,2667,30,-3472
-5642,3268,13748,1970,-2555,433,-3440
4008,-294,19316,-856,595,-397,-3440
-3400,-5584,4530,-989,1774,-203,-3472
-3256,-770,12622,854,-1559,49,-3504
1798,2146,16148,304,-291,-443,-3488
222,-6990,2198,-918,2246,-476,-3456
1420,3048,-1900,716,-1599,39,-3488
-3156,350,23940,2300,-1914,-105,-3488
7052,-10290,-10348,-2243,3604,-450,-3504
3468,8306,-8546,-878,-840,43,-3456
-1628,-4182,32767,2797,-1514,-214,-3488
-498,-6112,6732,-2124,3075,105,-3488
-4138,3132,8358,1194,-1438,409,-3472
4060,-980,19818,-112,516,-420,-3440
-3884,-6350,6040,-730,1762,-120,-3472
3664,740,-4462,486,-491,-17,-3472
1828,2512,15858,196,-188,-549,-3472
-1212,-6652,5030,60,1648,-379,-3472
1028,1758,-1392,-406,-106,-48,-3472
3178,15066,9828,1233,-2243,-172,-3504
-9932,-1776,25522,4759,-3585,113,-3488
4768,7060,-3340,1519,-791,80,-3520
-10860,-586,32767,1219,-1739,354,-3472
5224,5612,-6396,-1774,1291,-69,-3504
2580,184,2288,-863,860,-398,-3472
-6130,-2790,19156,1181,-2185,74,-3536
2610,378,7758,-300,1151,-368,-3472
3604,3742,3726,-910,428,-493,-3456
-7306,-3596,24368,1649,-1445,-36,-3488
348,-3020,8578,-227,825,18,-3456
9146,1966,-15078,-3144,331,-379,-3456
-8686,-12482,32767,4134,-2772,66,-3488
6548,-854,-7140,-3684,2875,-427,-3520
5652,7714,-7476,1278,-689,79,-3520
-4696,-5806,21330,861,-1209,254,-3472
5394,6084,-4524,-1943,1254,-47,-3488
2528,-680,1406,-484,771,-418,-3488
-6086,-1458,18904,868,-1535,83,-3472
2996,282,-320,-139,810,-244,-3472
4746,3108,918,-1134,780,-569,-3504
-7654,-1836,22988,1623,-1585,-96,-3504
-1360,-2262,16066,152,306,5,-3440
7886,14716,-2956,-3726,1051,-508,-3472
-11400,-10078,32767,4472,-3204,86,-3472
8170,-4754,-2968,-3635,3162,-468,-3472
5494,7432,-9932,952,-275,123,-3504
-6170,-4478,26790,953,-1096,375,-3488
6108,4896,-2474,-1893,1554,0,-3488
1700,-1524,206,-403,1070,-418,-3456
-4706,-896,15404,830,-1187,107,-3456
3170,388,1076,-104,1029,-326,-3488
36,-4746,1758,-784,1747,-557,-3488
-5914,-280,17962,1082,-1343,-93,-3488
-2876,422,19624,1732,-940,-39,-3488
6990,-8272,-8948,-3795,3391,-623,-3520
710,6912,-1692,3847,-3300,166,-3488
2750,4810,7908,1114,-589,63,-3472
-9762,-1864,32062,1575,-2142,457,-3504
6116,3330,5198,-1719,1265,-233,-3488
-1646,-3918,-1736,-820,1068,-277,-3488
488,-430,6114,997,-2059,-44,-3472
3036,74,4724,-55,757,-426,-3488
2824,-1496,-3344,-1166,1275,-523,-3488
-2392,972,11326,1473,-1858,-1,-3488
-4292,1398,23336,1171,-207,-5,-3488
8804,7740,-11836,-4025,2237,-504,-3488
-9578,-3312,29358,4715,-3699,130,-3488
5332,-8492,13048,-2364,2424,-461,-3488
3886,5080,828,-96,300,83,-3472
-9968,-1094,32767,2180,-2511,427,-3488
6404,2280,6692,-1628,1167,-268,-3472
-238,-3516,-1052,-743,1410,-268,-3472
-72,-10,5612,1023,-1851,66,-3504
3532,180,6884,186,190,-389,-3472
2892,-2240,-4050,-1295,1784,-542,-3488
-2888,1614,10088,1461,-2004,5,-3456
-3740,4716,25782,1549,-809,-26,-3488
9538,3994,-14556,-4207,3195,-633,-3488
-7344,-846,19758,4213,-3609,133,-3520
4340,-8970,20476,-1302,1956,-425,-3488
5380,6764,-5556,-1169,1360,96,-3504
-9576,196,31234,2411,-2429,485,-3488
6576,244,9192,-1594,1607,-241,-3488
-1058,-4100,-1206,-897,1798,-310,-3488
-6968,-2234,20064,1230,-1709,96,-3472
3142,1010,8628,-35,670,-444,-3504
1144,-4876,-1970,-824,2108,-560,-3472
-1142,2166,5104,1109,-1502,-47,-3504
-1176,-2002,15176,2061,-1129,-46,-3472
8974,-1756,-13824,-3991,3702,-671,-3472
-4206,3276,8074,3811,-3301,193,-3472
2018,-6822,26372,-624,1343,-345,-3504
4026,7142,-8218,-1976,2164,129,-3472
6402,4780,-774,-798,467,170,-3488
240,-1764,-2028,-889,665,-446,-3456
-8224,-6050,18966,1340,-2247,73,-3504
4278,164,82,-387,1197,-369,-3504
4164,876,-2446,-1145,1449,-527,-3504
-6008,-1392,21110,1714,-2047,60,-3472
-2462,-1078,18028,1197,-209,4,-3472
7720,-7828,-12364,-4073,2627,-537,-3472
-11046,-6732,32767,4576,-3735,132,-3472
6200,-7214,5750,-1737,2025,-419,-3504
4690,6576,-11628,-1209,1304,13,-3472
-5652,3092,13480,2387,-2733,456,-3504
6254,3410,2826,-1557,1020,-246,-3472
-3636,-5866,5928,-962,1755,-235,-3488
-2924,-398,10734,812,-1604,48,-3488
1640,2054,15898,443,-278,-417,-3488
400,-6896,2134,-952,2219,-477,-3488
-5730,172,17652,977,-1726,9,-3472
-3372,350,25136,2360,-2139,-91,-3488
6868,-11462,-9402,-3609,4219,-608,-3456
4182,9204,-9938,3186,-3172,192,-3472
7120,-9826,11230,164,785,-337,-3472
4516,6038,-13360,-2479,2809,109,-3472
-3766,2938,7252,2331,-2390,456,-3472
4124,-1138,19500,-899,1104,-330,-3504
1110,-2368,-4474,-1023,2167,-243,-3472
-1938,-512,8554,1070,-1413,9,-3472
1574,2780,16056,209,207,-516,-3472
-944,-6790,5192,-661,2306,-509,-3472
-4136,1090,13174,470,-1177,-14,-3472
-4344,3646,26202,2328,-1838,-115,-3488
5118,-14492,-3158,-3424,4249,-585,-3488
5690,10884,-13264,2528,-2675,194,-3488
4120,-8206,19312,690,202,-209,-3488
1926,2268,-10632,-2575,2704,66,-3488
-1416,3480,-2312,1901,-2544,410,-3456
5620,1410,10152,-1182,802,-418,-3504
-5496,-2210,18136,739,-1661,85,-3504
2656,1446,7602,-87,952,-316,-3504
1858,-4392,-2024,-1107,1541,-514,-3472
-570,2024,5420,1196,-1766,15,-3504
-778,-3552,12134,1899,-892,10,-3472
9260,862,-15512,-4150,3480,-589,-3488
-5734,1386,14702,4097,-3544,145,-3488
1526,-8794,26760,-1336,1713,-395,-3504
6168,8336,-9682,-1681,1646,45,-3536
-9096,1618,28408,2194,-2761,442,-3472
4684,582,13818,-1561,1104,-276,-3472
-1238,-4142,168,-836,1494,-239,-3472
1740,294,72,518,-1192,-9,-3504
2598,4020,13488,190,-372,-501,-3504
1088,-4256,-864,-542,1804,-399,-3488
-446,1856,3638,261,-1165,-9,-3488
-1520,9560,21298,1752,-2127,-132,-3488
-106,-16508,14856,-2496,3650,-514,-3488
-1166,4594,3292,910,-1926,152,-3488
414,-6298,29072,1622,-430,-273,-3456
1244,-3080,-1008,-2232,2906,97,-3488
1096,5338,-5886,89,-408,346,-3488
3866,574,11600,-261,615,-464,-3472
-2588,-5642,3120,-185,919,-40,-3504
2392,326,-1392,175,64,-95,-3504
3440,3968,9974,25,33,-532,-3472
-5920,-4332,18776,435,832,-318,-3472
160,1790,1348,-471,363,-68,-3504
1300,12498,14714,-50,-1598,-214,-3472
-4400,-15738,25854,417,1417,-183,-3504
7194,7072,-11754,-2683,510,-186,-3472
-598,-3906,28838,2633,-1112,-66,-3488
-3180,-4914,7138,-1251,1370,139,-3488
3908,4120,-5944,79,-442,276,-3488
2562,512,5354,-773,311,-524,-3488
-7070,-7074,10094,416,-757,70,-3488
1370,2700,15732,260,-581,-478,-3472
-1166,-6378,6440,408,401,-206,-3472
1310,-2764,6144,984,-72,1,-3440
8850,5184,-13432,-3977,2630,-544,-3488
-7762,-1598,23152,4394,-3613,145,-3456
3786,-8600,18058,-1688,2047,-402,-3488
4482,6320,-2842,-713,809,58,-3472
-9814,476,32767,2133,-2537,475,-3472
5856,1326,9776,-1755,1178,-254,-3472
-586,-3760,-906,-860,1382,-299,-3504
-6690,-2000,20152,1061,-2010,100,-3472
3194,294,9158,120,387,-385,-3472
1912,-4274,-3208,-1167,1913,-512,-3472
-1124,2268,5354,1349,-1936,-9,-3472
-494,-3216,14436,1864,-1165,-38,-3504
9310,1290,-15262,-4471,3464,-684,-3504
-5204,1542,12786,4718,-3882,181,-3520
3356,-8342,23892,-1993,2528,-473,-3488
5302,6888,-7412,-1062,1301,188,-3488
-8934,1254,27814,2195,-2354,456,-3488
5814,-218,12790,-1559,1514,-218,-3456
-1886,-5112,-118,-988,1900,-325,-3488
-6150,-1410,18334,1275,-1754,104,-3488
2690,836,10422,-49,778,-445,-3488
988,-4754,-1512,-941,2083,-597,-3456
-7434,-1308,22004,1470,-1652,-52,-3472
-2074,-1442,17842,1730,-797,-18,-3504
8302,-4978,-13088,-4023,3481,-620,-3504
-1954,4948,3292,4150,-3520,221,-3504
7334,-5030,1752,-1132,1710,-359,-3504
3926,6310,-10312,-1869,1921,70,-3504
-6334,2838,14918,2181,-2921,495,-3504
3930,938,18362,-658,302,-443,-3504
-5638,-6482,4124,-738,1131,-98,-3472
5656,544,-4458,404,-961,-142,-3504
1252,1998,15288,297,-581,-467,-3472
382,-6396,1308,-504,1622,-354,-3472
2876,-2108,994,-190,941,-7,-3488
7710,-8674,-12198,-3774,3777,-597,-3520
1022,7580,-4112,2523,-2723,176,-3504
-1448,-5228,32767,784,-86,-324,-3440
4574,6342,-12328,-2377,2752,38,-3504
-5294,3028,11706,2034,-2489,471,-3472
4350,-542,18704,-724,579,-430,-3504
-3892,-5808,5532,-957,1803,-209,-3488
-2806,-654,11286,945,-1648,55,-3456
1520,1946,16202,377,-344,-462,-3488
168,-6866,2186,-999,2209,-461,-3488
1288,2956,-1516,806,-1632,6,-3456
-3200,276,23808,2284,-2009,-91,-3520
7028,-11422,-9826,-3461,4075,-625,-3488
4516,9080,-9756,2271,-2637,173,-3520
6394,-9260,12250,331,554,-345,-3504
4154,5322,-13140,-2464,2941,92,-3472
-3750,2530,7300,2460,-2407,490,-3472
4466,-1374,18332,-1012,1274,-326,-3472
820,-2256,-3264,-822,1972,-228,-3472
-1648,-372,7980,899,-1272,7,-3472
1786,3168,15176,128,118,-475,-3504
-1514,-7038,6510,-476,2210,-515,-3472
-3724,994,11848,343,-1009,-50,-3472
-4158,5180,25784,2158,-2072,-101,-3472
4604,-14794,-338,-2689,3984,-531,-3472
5576,11536,-13942,1910,-2439,196,-3456
3962,-8514,21366,1137,-104,-252,-3488
1866,1290,-8772,-2481,2840,70,-3488
-1566,2974,-2190,1900,-2445,499,-3488
3870,1370,15714,-988,684,-452,-3488
-3716,-5090,-378,-503,827,-73,-3520
3242,94,134,477,-989,-131,-3488
1184,3696,15386,263,-352,-482,-3488
1996,-3382,-3136,-730,1784,-428,-3504
-848,1594,6962,500,-1296,10,-3504
-3932,7036,25402,2061,-2005,-78,-3504
-9934,-10574,32767,4181,-2819,87,-3472
