AcX,AcY,AcZ,GyX,GyY,GyZ,Tmp
5192,4142,-1480,576,358,-142,-2416
3378,1316,6634,-389,-216,167,-2400
4404,-536,-1058,-2183,2253,-270,-2416
-5690,-598,7108,1779,-1820,-23,-2384
1618,-3014,12486,534,-407,-342,-2416
2848,-1694,3444,-1916,2406,-534,-2400
-8026,-3136,17442,2619,-2167,-171,-2368
-1924,116,14448,11,-288,169,-2384
10776,2908,-8044,-3772,2528,-618,-2416
-11526,-15132,30392,4262,-2694,-25,-2400
9466,1160,-5326,-3407,1959,-65,-2400
4562,3996,-1476,-959,1552,26,-2416
-8010,2216,11630,892,-1825,390,-2384
7388,1578,6142,-193,478,-264,-2416
-5374,-7454,15506,-1571,1687,-113,-2384
-4594,1284,5980,1189,-1506,-24,-2400
2684,-2456,13014,1199,-634,-419,-2400
498,-2340,6520,-2086,2487,-475,-2416
-7160,-1272,15350,1993,-1904,-78,-2416
-3108,2050,17040,1009,-1185,38,-2432
8662,-1646,-4346,-5101,3708,-653,-2400
-12078,-11746,25190,5123,-3891,-23,-2384
9292,-2138,-3658,-2981,2140,-190,-2416
4248,4612,-1378,-354,1119,15,-2416
-6544,1924,8584,804,-1709,412,-2416
7600,2672,6294,-151,581,-404,-2384
-7306,-8368,18676,-1242,1335,-80,-2400
-2850,2794,3884,408,-960,-43,-2400
3810,-1622,12546,1613,-844,-331,-2400
-2522,-3816,10294,-2180,2501,-453,-2384
-6188,494,12820,1711,-1728,-82,-2384
-2922,4226,17826,1322,-1595,-60,-2400
6226,-5406,542,-4999,3999,-685,-2400
-11666,-7626,19800,4783,-3948,0,-2416
8918,-2870,1406,-2105,1816,-193,-2384
2952,2434,1632,-1102,1708,65,-2416
-4554,1908,5478,746,-1755,397,-2400
7798,3292,5216,30,516,-445,-2400
-1652,-5428,7228,-1170,1168,-100,-2416
-1488,3272,3340,382,-922,-53,-2416
5014,-30,10604,1322,-610,-541,-2432
4184,-1310,1210,-1957,2401,-437,-2416
-4492,1496,9924,1306,-1508,-71,-2400
-2064,7518,16582,1734,-2109,-282,-2400
2844,-11162,9152,-4880,4155,-542,-2384
-9058,-1632,11190,3750,-3470,162,-2384
6402,-4424,11328,-486,1015,-153,-2416
1718,1120,4300,-1953,2250,96,-2400
-8666,2628,14502,1293,-2113,395,-2416
7312,628,7022,-44,513,-423,-2400
-3982,-6598,11632,-296,569,-52,-2384
178,2496,2122,-514,-312,24,-2416
5862,1654,6498,1530,-546,-695,-2384
-7142,-5654,16442,-895,1432,-300,-2384
-2468,2752,6932,712,-1077,-33,-2432
-2,8904,14348,1655,-2072,-222,-2400
-244,-13950,15474,-4222,3911,-374,-2416
-6670,792,7584,2804,-2963,-50,-2416
5570,-3368,15376,-154,840,-174,-2400
-574,-894,8624,-1957,2068,111,-2400
-7490,3462,9694,610,-1673,391,-2448
7436,1268,7498,94,379,-562,-2416
-6222,-7816,16016,-1281,1306,-117,-2416
1234,1998,1968,597,-1092,-21,-2400
2922,-1842,13308,1522,-718,-415,-2400
-288,-3888,7930,-1950,2377,-428,-2384
-846,2422,4376,1536,-1706,-93,-2448
-3086,2648,18516,1987,-2143,-193,-2384
8462,-3718,-4748,-5640,4553,-622,-2400
-2934,5500,3532,4330,-3849,97,-2400
8440,-3672,-1612,-1437,1413,-208,-2384
5002,4530,-2084,-1914,2239,53,-2384
-6726,1696,8970,1462,-2232,385,-2400
7708,2312,6972,-373,669,-395,-2400
858,-3852,3424,-1710,1745,-156,-2416
-3416,2028,4874,933,-1333,-25,-2416
3826,-676,12362,1320,-729,-416,-2400
-2544,-4426,10536,-2275,2621,-540,-2400
-6378,558,12732,2276,-2163,-122,-2448
-3126,4342,18962,1385,-1533,-123,-2416
6332,-6728,-64,-5713,4394,-534,-2448
-11646,-7018,17620,5211,-4070,-161,-2400
7450,-4096,3420,-2122,1683,-158,-2400
4212,3388,-116,-902,1518,-58,-2416
-9378,2116,17266,1351,-2113,417,-2416
7168,3070,6072,-1213,1499,-574,-2416
-7876,-8128,17004,1923,-1379,65,-2416
1272,138,3250,-988,211,-88,-2400
7454,3438,-2824,-577,1299,-648,-2400
-8426,-3870,17694,1899,-1186,-326,-2432
1036,1048,4108,-680,244,171,-2416
8050,12660,864,-727,-19,-558,-2384
-10674,-17396,32767,1905,-397,5,-2448
8736,2342,-5984,-2312,515,46,-2400
2478,-1516,20092,2750,-1026,-408,-2400
-7068,-236,17514,-1480,942,347,-2416
3652,1274,6802,-80,-604,234,-2384
6786,3354,4516,-1710,1854,-541,-2384
-7142,-6520,14164,1700,-1099,-17,-2400
774,-844,5454,-1010,120,-72,-2400
6224,1928,4730,235,555,-738,-2416
-6624,-5388,15582,879,-243,-335,-2416
658,792,6436,-306,-131,138,-2432
10672,9502,-3500,382,-965,-637,-2400
-426,-13294,15230,-534,1386,-35,-2400
4486,7638,470,-15,-1127,-30,-2384
3398,218,11790,1768,-349,-272,-2384
-368,-438,7786,-1600,1393,271,-2432
-746,-494,7392,-8,-832,390,-2400
6546,3648,812,-1081,1257,-525,-2416
-6642,-7794,17702,1221,-635,42,-2416
346,-2054,8338,-1238,297,-95,-2368
6662,3326,774,-94,849,-638,-2400
-7584,-4816,17478,1106,-423,-249,-2416
-66,-566,9330,-592,154,164,-2384
3730,10400,8494,456,-988,-447,-2432
-4906,-16024,24142,-176,1134,-50,-2432
7442,6988,-2762,-1108,-346,-20,-2432
2964,-3212,21256,1955,-404,-309,-2384
-3118,-242,12012,-1383,1010,318,-2416
1076,-358,8450,109,-934,321,-2432
5714,1674,-980,-1447,1655,-534,-2432
-7714,-8220,17814,1268,-669,-29,-2416
1042,-2750,10348,568,-368,-347,-2400
-4186,-4496,12366,-1407,1841,-395,-2400
920,1754,3834,581,-918,-17,-2384
-2074,6256,16646,1563,-2011,-214,-2400
3884,-8880,6074,-3786,3630,-415,-2432
1118,6834,3358,2501,-2778,100,-2400
7306,-3482,7248,-160,844,-167,-2416
1682,1278,3760,-1847,1932,122,-2384
-3082,688,5764,451,-1492,412,-2400
7290,4150,4636,-167,637,-471,-2400
-3880,-6514,12172,-1088,1173,13,-2384
-28,2828,2510,176,-743,-49,-2384
5922,1508,6472,1538,-665,-427,-2384
2212,-2806,4808,-1657,2125,-398,-2400
-2330,2782,6450,1169,-1436,-68,-2432
-654,8600,14722,1848,-2056,-267,-2416
10586,1244,-8576,-5324,4392,-540,-2416
-6356,728,6566,4580,-3911,91,-2432
5210,-4178,15774,-1454,1529,-215,-2400
4448,4508,-2354,-1311,1825,14,-2416
-7710,2156,10932,1117,-2020,419,-2416
7982,1466,6560,-248,587,-329,-2416
-6364,-7744,15960,-1916,1900,-189,-2368
-4602,1440,5864,1188,-1488,-16,-2432
3096,-1886,12820,950,-525,-388,-2416
-440,-3480,7880,-2078,2551,-497,-2416
-7414,-834,15340,2134,-2077,-113,-2416
-2706,2958,17432,1139,-1311,-70,-2400
7906,-3492,-3548,-5438,4090,-582,-2400
-12550,-9978,23128,5116,-3963,83,-2384
8696,-3002,-1146,-2431,1823,-141,-2416
4888,4064,-1522,-596,1297,-45,-2400
-6474,2454,8056,1498,-2147,426,-2368
5630,898,7288,-413,471,-197,-2432
736,-4290,3770,-1657,1669,-185,-2416
-3270,2234,4920,1236,-1541,-22,-2400
4244,-448,12058,1277,-709,-397,-2400
-8754,-5240,18548,1667,-903,-290,-2416
-70,-750,10226,-727,301,217,-2400
12738,7096,-9632,-1503,643,-574,-2432
-8046,-17936,30424,2906,-1229,-73,-2400
8218,5564,-3616,-3154,1308,-69,-2400
4862,3716,112,2039,-577,-436,-2400
-5112,-1140,15020,-240,-140,359,-2416
2386,1020,6328,-546,-183,212,-2448
5480,744,-1504,-1942,2056,-543,-2432
-6232,-2230,8304,2184,-1705,37,-2400
1442,332,3016,-1147,292,-71,-2416
7172,3622,-2608,-145,865,-700,-2416
-9044,-4350,18578,1499,-833,-250,-2416
1072,1348,4022,-625,175,166,-2400
8522,12142,-88,-361,-360,-590,-2400
-10458,-16778,31004,468,755,-208,-2416
3154,8878,1896,-1846,143,39,-2352
2716,-732,17756,2553,-908,-301,-2400
-7522,-460,18430,-1523,1082,291,-2400
-2782,1214,5230,-133,-765,365,-2416
6778,3044,4740,-1155,1473,-524,-2416
-7654,-6974,15168,1423,-831,2,-2416
686,-838,5118,-992,72,8,-2432
6110,2420,5140,595,191,-740,-2368
-6914,-5662,16880,180,533,-352,-2384
894,408,5740,-367,-153,124,-2416
404,9638,13812,1096,-1631,-451,-2384
-698,-15182,17972,-2034,2574,-148,-2400
5260,8820,370,117,-1268,161,-2432
4128,-4568,19786,1804,-375,-208,-2416
-40,-162,8018,-2300,1988,344,-2416
-926,-180,6922,360,-1178,387,-2416
6664,3184,990,-816,1107,-486,-2400
-6308,-7874,16898,721,-213,-42,-2400
982,1548,2252,-753,-190,9,-2416
6594,3210,900,1285,-378,-646,-2416
-1046,-3002,8590,-969,1442,-374,-2400
-818,1452,4562,429,-843,24,-2432
12558,7904,-8014,-3911,2623,-693,-2416
-11852,-7852,20158,4950,-3707,41,-2384
8032,-3486,1174,-2912,2052,-93,-2416
4158,3588,352,-344,1131,-65,-2416
-8992,2498,16998,1068,-1846,453,-2416
5832,576,6692,-144,195,-127,-2400
-658,-5326,7118,-2272,2228,-229,-2432
-6180,-2470,8580,1789,-1853,-34,-2384
404,-2698,11146,472,-391,-306,-2416
4826,-800,724,-2124,2593,-573,-2416
-4656,1478,10062,2674,-2213,-190,-2400
-1438,28,12940,468,-773,90,-2432
11582,4604,-8118,-4345,3140,-639,-2400
-9624,-3758,13522,4567,-3152,-36,-2384
8988,3202,-4322,-3248,2110,-120,-2416
4204,3306,1036,771,252,-36,-2400
-8062,3498,12564,752,-1489,419,-2432
2792,-114,8700,-204,-101,-42,-2416
4436,-564,-1980,-2637,2615,-361,-2416
-5644,-536,6584,2398,-2195,-34,-2416
1834,-2626,12498,-525,57,-243,-2432
6980,2396,-3166,-1418,2100,-716,-2368
-7840,-2242,16780,2443,-1880,-279,-2384
-2104,734,16000,-105,-103,184,-2416
10246,10788,-3018,-2578,1545,-636,-2400
-11754,-14088,28702,3688,-2033,-26,-2400
9456,88,-5446,-3395,1819,-123,-2400
2676,-416,14450,1878,-541,-129,-2416
-8066,1310,18178,375,-821,430,-2384
4344,570,7988,-516,-124,116,-2400
2412,-2656,318,-2236,2316,-428,-2400
-7654,-6692,13806,2381,-1840,27,-2384
604,-736,6198,-1075,277,-105,-2416
6962,1556,-3078,-733,1476,-725,-2416
-8370,-5774,18320,2020,-1254,-186,-2400
1616,426,6444,-872,428,181,-2432
11308,9776,-5628,-362,-286,-476,-2384
-2558,-15600,20538,1188,90,-38,-2416
4054,-3724,19794,-1626,1545,-196,-2432
-1660,-740,10124,-1490,1171,245,-2400
260,334,6018,-308,-603,352,-2400
6564,2986,32,-1546,1771,-584,-2384
-7428,-5566,11668,1873,-1306,29,-2416
1462,1618,2308,-1127,195,-55,-2416
7448,2656,68,211,601,-816,-2400
-8680,-4558,17640,1035,-369,-328,-2432
-114,2158,4250,-487,14,129,-2384
4352,11984,6546,400,-1059,-619,-2384
-6316,-17630,27152,-1149,1883,-108,-2400
7606,6252,-3392,-444,-907,58,-2400
3086,-2910,22386,2266,-692,-338,-2400
-4416,-1070,13272,-2095,1669,264,-2384
1738,502,6512,-31,-926,361,-2416
7550,2918,5962,-749,1129,-525,-2432
-7942,-8236,18334,858,-325,6,-2432
1718,936,2526,-820,-124,-16,-2384
4906,-262,10786,1248,-355,-721,-2416
-4416,-5028,12806,-435,1017,-209,-2384
1238,2498,3338,304,-730,62,-2464
-2738,5722,18350,1731,-2088,-212,-2416
4670,-8320,3876,-3889,3699,-382,-2384
904,7168,2652,2302,-2662,182,-2416
2982,-1640,20112,446,512,-207,-2400
2782,2178,2254,-2328,2252,179,-2368
-4142,1460,5778,463,-1474,427,-2400
7870,3320,4792,-130,625,-474,-2416
-2282,-6342,9418,-663,906,-155,-2416
-850,2962,3166,271,-899,-20,-2400
5654,1550,8168,1553,-705,-544,-2368
3796,-1660,1964,-2036,2409,-427,-2384
-4066,1938,8730,1444,-1652,-42,-2416
-1990,7640,17754,1967,-2178,-301,-2416
1860,-12744,11092,-5446,4410,-580,-2400
-8422,-450,8626,4129,-3693,-29,-2400
5450,-5654,15460,-992,1234,-119,-2416
-8142,40,18688,-4,-348,357,-2416
4262,1290,6694,-534,29,24,-2384
3500,-1908,-346,-2258,2379,-411,-2416
-4924,490,6184,1548,-1799,12,-2416
2254,-2418,12894,820,-490,-366,-2384
1478,-2754,5092,-2304,2685,-576,-2432
-8134,-2342,17110,2781,-2346,-117,-2400
-2464,1046,16282,390,-621,126,-2416
10072,144,-7880,-4787,3311,-645,-2448
-12628,-13394,28202,4928,-3408,-128,-2368
8794,-1466,-4580,-3419,2172,-83,-2400
4988,4954,-3102,312,607,-50,-2368
-8712,2130,18402,853,-1539,443,-2416
4922,1012,6502,-320,202,-163,-2416
1702,-3632,2814,-2337,2394,-304,-2400
-3918,2016,5498,2053,-1999,-18,-2432
256,-1794,8188,-267,-69,-202,-2384
6280,962,-1534,-1517,2146,-598,-2416
-6552,-12,13796,2552,-1995,-211,-2416
240,-234,8874,-104,-118,169,-2400
12592,9044,-8490,-3315,2060,-594,-2400
-12342,-9020,21436,3825,-2115,-81,-2416
7264,6996,-1934,-3605,1947,-37,-2384
3640,2262,4804,2079,-695,-318,-2432
-9104,1738,16976,61,-568,423,-2432
1302,640,7578,-271,-266,109,-2416
5022,1292,-636,-2139,2280,-412,-2416
-5854,-2210,8304,2085,-1777,1,-2416
636,-2762,11076,-822,196,-125,-2432
6646,3424,-1824,-809,1515,-629,-2400
-7858,-4658,17666,1906,-1249,-273,-2416
-898,52,12018,-598,175,205,-2416
6860,10802,2936,-1422,599,-521,-2416
-8740,-15570,28032,1655,-345,-79,-2432
8482,4058,-3870,-2155,645,-48,-2400
2814,-1958,19462,2007,-508,-127,-2416
-5780,134,16004,-478,105,345,-2384
2968,252,8212,-312,-463,264,-2432
-3770,-6644,12404,-1644,1676,-74,-2416
-128,2554,2690,250,-809,-49,-2416
5774,1216,6514,1564,-687,-697,-2400
-6226,-5032,15350,-1213,1651,-390,-2432
-2628,2386,6774,531,-937,-32,-2400
-964,8242,15120,1826,-2094,-367,-2400
800,-12380,13158,-4620,4014,-464,-2416
-7560,-76,9256,3395,-3342,170,-2416
5660,-4318,14042,-653,1144,-208,-2400
406,456,6148,-1933,2080,115,-2400
-7872,2740,11906,860,-1776,417,-2384
6896,3580,2566,-790,1251,-533,-2384
-6186,-7350,15934,279,55,4,-2432
1030,2236,2160,-632,-270,-19,-2432
6446,2482,3222,1316,-463,-691,-2432
22,-3028,6762,-1032,1519,-398,-2384
-1074,2430,4998,467,-860,32,-2384
1788,9972,11026,1560,-1974,-184,-2400
8410,-2018,-3278,-4297,3859,-391,-2416
-4046,2876,6470,3151,-3163,-65,-2416
4396,-2896,18302,-138,850,-152,-2416
-2382,-1230,10576,-1864,1909,155,-2384
-6368,2962,8052,445,-1473,456,-2400
7790,1894,6412,-160,669,-412,-2432
-7616,-8274,18206,-973,1037,-115,-2416
-3008,2384,4152,233,-861,-1,-2416
4274,-712,11638,1355,-653,-366,-2432
-2786,-4392,11240,-1708,2215,-404,-2400
-5934,534,12426,1547,-1672,-50,-2448
-3216,5090,18496,1785,-2032,-115,-2384
5946,-7608,1508,-5105,4294,-611,-2384
-412,7294,3600,4331,-3778,-8,-2432
7904,-4258,4228,-1011,1276,-126,-2400
3484,2652,1612,-1688,2130,31,-2416
-5236,1626,7098,1246,-2098,416,-2416
6608,946,7026,-127,470,-398,-2384
-1942,-5346,8390,-1841,1902,-111,-2400
-1436,2940,2936,1065,-1446,-26,-2400
7422,3116,-2984,-210,971,-624,-2384
-9276,-4354,18642,2583,-1887,-196,-2432
-1374,626,13532,-266,-57,200,-2432
9344,11280,-948,-2504,1414,-670,-2416
-11214,-15220,30116,3592,-1958,-83,-2384
8492,910,-4544,-3237,1616,-58,-2416
5596,4332,-2360,1645,-299,-263,-2400
-7752,-256,18802,668,-833,378,-2400
3878,972,7500,-674,-13,169,-2400
4370,-1172,-1774,-2093,2239,-488,-2416
-8192,-7448,16032,2279,-1856,30,-2416
738,-858,4874,-1105,350,-101,-2400
7162,2568,-3754,-660,1321,-735,-2400
-7118,-5536,16842,1840,-1030,-282,-2384
1014,-52,5758,-612,217,197,-2384
11998,11578,-6148,-1425,486,-504,-2384
-13034,-13034,27944,1846,-336,-46,-2400
5466,8818,1154,-2722,901,-8,-2400
3296,1154,10306,2632,-954,-364,-2416
-9158,716,19132,-485,103,408,-2368
-544,854,6692,-220,-563,242,-2384
6476,2980,1416,-1846,1953,-571,-2384
-7146,-4856,11536,1722,-1177,3,-2368
288,-1862,7988,-1031,148,-24,-2432
6964,3050,452,110,590,-570,-2416
-7906,-5470,17126,1208,-489,-371,-2416
-52,-324,9698,-446,24,204,-2384
4592,11600,6974,105,-700,-574,-2400
-5834,-16208,26444,206,865,-30,-2432
7314,5610,-1906,-770,-515,-27,-2416
3236,-3094,21306,2217,-727,-300,-2416
-3622,-986,13036,-1293,952,325,-2416
1664,530,6818,-168,-758,301,-2400
7132,2920,6434,-1082,1294,-585,-2384
-7624,-7904,17374,1149,-526,48,-2416
1170,66,2952,-1005,129,-54,-2416
7538,3462,-2576,939,-143,-719,-2400
-4458,1694,9752,2281,-2043,-159,-2432
-2726,5408,17890,1630,-1697,85,-2432
4690,-8740,3982,-5653,4359,-602,-2400
-10430,-5020,14092,5007,-4092,55,-2400
6874,-4296,6596,-1747,1579,-176,-2432
3294,2598,1714,-1555,1943,82,-2368
-8830,2350,14750,1021,-1952,427,-2384
6612,980,6628,-184,467,-284,-2416
-3438,-6534,11870,-1896,1898,-225,-2400
-442,2932,2826,1222,-1548,-38,-2400
2198,-2924,11848,847,-476,-410,-2384
2428,-1710,4022,-1971,2485,-506,-2416
-2956,1492,7426,1942,-1877,-113,-2384
-2106,1144,15016,993,-1220,28,-2400
9824,930,-5426,-4836,3622,-663,-2432
-7000,128,9990,4863,-3744,-17,-2416
9158,478,-4460,-2705,1963,-151,-2416
4616,3900,-948,-154,982,-66,-2432
-7684,2888,10798,1022,-1789,497,-2400
3874,250,8912,-105,72,-163,-2416
2776,-2468,86,-2456,2380,-254,-2416
-4222,1574,4868,1964,-2013,-34,-2416
2732,-2588,13642,149,-190,-325,-2400
6578,2250,-3240,-2043,2512,-554,-2400
-7184,-1350,15416,2717,-2145,-182,-2384
-2926,1884,17270,27,-314,163,-2416
11058,9164,-5092,-3828,2579,-653,-2416
-12362,-11782,25836,4405,-2885,31,-2432
9606,-1634,-3866,-3481,2087,-168,-2400
3084,714,9202,1171,-7,-200,-2384
-8730,2678,17520,653,-1239,395,-2384
4900,360,8236,-132,-112,-26,-2416
1124,-4640,2798,-2598,2576,-427,-2400
-7150,-4936,11072,2527,-2255,-11,-2400
844,-1850,8278,-870,266,-186,-2384
5710,550,-1262,-1157,1874,-628,-2384
-8440,-5262,17858,2293,-1598,-230,-2368
300,520,9560,-362,55,194,-2400
5962,-6344,1020,-3694,3580,-505,-2400
-994,6066,4034,1635,-2273,-18,-2448
2982,-2288,20610,1361,-5,-211,-2400
-4778,-1278,14324,-1711,1502,334,-2400
-4998,1860,6456,192,-1117,414,-2416
7920,3110,5316,-800,1202,-469,-2416
-8316,-8016,17878,581,-230,40,-2384
1652,64,2896,-680,-172,-3,-2400
5538,486,9114,1138,-263,-670,-2400
-5582,-5446,14626,-637,1259,-343,-2384
1492,1766,3084,209,-766,39,-2384
-2486,6442,18034,1952,-2258,-305,-2400
3308,-10848,6904,-4089,3850,-224,-2368
2240,8710,2528,2345,-2625,122,-2400
7148,-4762,9258,455,492,-128,-2416
2254,1292,4160,-2312,2228,160,-2416
-3210,656,6906,815,-1718,391,-2400
7430,736,6780,-268,636,-390,-2416
-4084,-6872,12570,-1041,1119,-52,-2384
-88,2476,2484,240,-852,-16,-2448
6174,1764,5894,1501,-616,-625,-2384
2270,-2598,4692,-1695,2128,-368,-2400
-2712,2344,6618,1216,-1498,-65,-2368
-498,9828,14762,1924,-2060,-285,-2416
10706,620,-9022,-5481,4512,-493,-2416
-6084,2100,4640,4378,-3817,-93,-2432
4496,-5292,18856,-678,1045,-168,-2432
5986,5568,-4396,-2045,2333,21,-2384
-8288,1500,12224,1690,-2346,370,-2384
7528,1232,6948,-472,709,-318,-2416
-5498,-7222,14702,-1832,1920,-171,-2400
-4764,1042,5968,1193,-1495,-27,-2400
2880,-1930,13154,1069,-646,-371,-2384
82,-3632,7288,-2248,2668,-549,-2416
-7526,-934,15238,2255,-2123,-85,-2384
-2974,2420,17822,1030,-1180,14,-2400
8788,-2440,-5330,-5585,4166,-652,-2400
-13128,-11254,25440,5366,-4063,-107,-2384
4188,1762,7082,2418,-783,-288,-2432
-9616,1298,19654,1227,-1752,386,-2400
5526,784,6632,-599,351,-82,-2400
910,-3976,3302,-2430,2457,-268,-2400
-7270,-4630,11206,2299,-2193,-47,-2416
908,-2112,8104,-101,-72,-255,-2384
5922,500,-1264,-1729,2302,-606,-2384
-5988,-50,12758,2286,-2088,-118,-2400
-3298,4728,18462,880,-1008,65,-2416
12342,7358,-8564,-5208,3719,-629,-2416
-11750,-7208,18630,5355,-4116,-11,-2384
7748,-4454,3248,-3145,2146,-181,-2400
4530,3464,1010,89,697,-128,-2384
-9450,1814,17968,1342,-1899,445,-2416
6412,1016,6604,-562,452,-176,-2416
-1590,-5208,8058,-2186,2240,-283,-2400
-6394,-2356,8646,2019,-1989,-36,-2400
1274,-2700,10846,265,-269,-316,-2400
4538,-776,750,-1887,2432,-692,-2384
-8642,-4402,18456,2656,-2136,-163,-2384
-1220,198,12338,-74,-246,118,-2400
11926,4444,-8340,-3519,2313,-617,-2400
-9690,-16324,29516,4093,-2566,3,-2416
8714,3070,-4918,-3360,1917,-51,-2416
4702,3678,-522,1032,83,-65,-2416
-8472,2758,12968,421,-928,405,-2400
2954,102,8696,-127,-197,22,-2400
4330,-1026,-1418,-2426,2440,-397,-2384
-5178,482,5972,2275,-2034,-15,-2384
660,-962,4930,-754,116,-179,-2400
6702,2146,-2660,-1074,1822,-718,-2400
-7506,-1882,16030,2222,-1655,-252,-2400
-2810,1504,16496,695,-835,116,-2416
9782,-272,-6220,-5215,4012,-564,-2432
-5956,1440,7290,4676,-3926,-152,-2400
9170,-792,-4168,-2484,1927,-126,-2416
4312,4262,-1068,-738,1452,0,-2384
-594,-300,6816,-303,-532,315,-2400
2278,-3452,550,-2568,2449,-223,-2416
-3862,2230,4098,1780,-1935,-13,-2384
3076,-2344,13342,669,-409,-330,-2416
6506,1294,-2648,-2123,2617,-602,-2432
-6950,-414,14766,2712,-2319,-145,-2400
-2870,3526,17556,351,-684,73,-2416
11872,7286,-6208,-4261,3139,-655,-2384
-11890,-8750,21498,4428,-3146,-32,-2400
8904,-1830,-512,-3074,2027,-130,-2400
3744,1378,6374,478,470,-52,-2384
-8516,3166,15890,928,-1608,438,-2416
5472,354,7758,-84,-55,-126,-2416
-460,-4632,5166,-2676,2605,-380,-2400
-6960,-3514,9774,2350,-2189,-25,-2432
888,-2038,9630,-521,87,-249,-2416
4680,-1088,966,-1478,2178,-715,-2416
-8522,-4132,17336,2569,-2086,-245,-2384
-638,-56,12302,11,-230,147,-2400
12068,5330,-8702,-3440,2247,-649,-2400
-9164,-16314,29728,3879,-2213,-87,-2448
8830,3714,-4570,-3412,1835,-71,-2416
4268,3192,328,1685,-351,-177,-2400
-8658,2546,14700,549,-921,285,-2432
3110,634,6986,-543,-16,63,-2432
4854,416,-1966,-2295,2431,-496,-2416
-6118,-1476,7608,2518,-2069,-27,-2384
1318,78,3440,-1062,282,-68,-2400
7532,2968,-3720,-815,1519,-739,-2432
-8908,-3602,17998,2042,-1242,-244,-2416
1702,1522,3974,-757,364,169,-2416
9190,11210,-1350,-1332,467,-513,-2384
-11344,-15538,30118,1653,-240,-105,-2400
3180,8440,2428,-1747,232,30,-2416
2952,-456,16472,2163,-700,-235,-2416
-8104,334,18652,-485,183,311,-2384
4000,312,7274,-562,-284,248,-2416
-4808,-6974,13550,-1489,1551,-69,-2416
422,2484,2576,393,-977,-4,-2400
6888,2346,3890,1442,-593,-486,-2416
1198,-3452,6132,-1150,1732,-486,-2384
-1708,2446,5522,497,-937,40,-2416
382,10312,12940,1972,-2197,-431,-2400
-1760,-15292,19274,-1847,2440,-72,-2400
5488,9094,352,830,-1735,70,-2416
4418,-4604,20136,2016,-464,-20,-2416
-634,-552,8128,-2600,2287,114,-2400
-742,718,5188,361,-1259,433,-2400
7534,1750,7368,-392,878,-536,-2384
-6344,-7868,16578,7,326,-46,-2384
1200,2176,2432,-485,-412,6,-2384
7080,3042,2016,1520,-573,-613,-2432
-476,-3382,7650,-1286,1718,-429,-2432
-882,2514,4762,976,-1294,10,-2416
2696,11028,10304,1752,-2094,-272,-2384
8022,-3184,-3456,-4328,3977,-250,-2384
-3122,4502,4464,3383,-3302,128,-2400
3340,-3302,22060,289,500,-144,-2400
4632,4444,-1538,-2400,2504,133,-2416
-6580,1498,8014,1003,-1843,438,-2384
7730,2316,6438,-155,514,-426,-2400
-6972,-8092,17082,-1182,1317,-136,-2432
-3086,2358,4540,436,-1009,-46,-2400
4234,-814,11694,1424,-713,-369,-2416
-2754,-4032,10926,-2112,2463,-524,-2352
-6186,288,12592,1905,-1910,-63,-2400
-3144,4554,18740,1746,-1899,-357,-2432
6040,-7350,1020,-5619,4352,-583,-2416
-11628,-5968,16956,4875,-4101,-187,-2384
7236,-5230,5204,-1443,1450,-81,-2416
3896,3568,774,-1571,2035,75,-2400
-5064,14,7778,1122,-1814,410,-2368
7410,3728,5824,-481,761,-402,-2384
-2200,-5672,10204,-534,845,-37,-2416
-1246,2556,3350,80,-764,-22,-2400
7162,3576,-2824,-947,1635,-715,-2416
854,1194,4504,-343,-119,162,-2400
8964,10772,-128,487,-1037,-348,-2400
-10544,-14836,29296,-474,1361,-63,-2400
2718,7616,2262,-919,-382,28,-2400
2606,-898,17104,1962,-475,-219,-2416
-7030,1680,17232,-1291,1012,326,-2384
-2354,-694,8356,214,-960,344,-2400
6478,4174,2746,-1543,1634,-541,-2432
-6978,-6286,12510,1165,-559,-17,-2416
372,1580,2234,-1147,171,8,-2416
6314,2682,2952,632,122,-540,-2416
-7126,-5364,16814,291,432,-377,-2432
-1200,2418,4492,-253,-324,42,-2416
1190,9912,12100,1612,-1991,-588,-2384
-2320,-15434,21272,-2354,2752,-230,-2416
5858,7976,724,1257,-1948,-41,-2400
3686,-4164,19814,1517,-165,-138,-2400
-890,-96,9846,-2037,1773,221,-2400
-344,-200,8584,574,-1356,420,-2416
8056,2826,5892,-1055,1288,-521,-2384
-7038,-7688,17130,297,96,-12,-2400
952,1006,2442,-703,-168,10,-2400
4154,-1506,11480,1371,-495,-632,-2416
-2494,-3652,10460,-732,1243,-421,-2416
178,1982,3676,280,-765,29,-2416
4974,11318,6044,1710,-2051,-415,-2400
6104,-6064,824,-3894,3734,-334,-2400
-858,6114,3946,2991,-3053,-58,-2384
2996,-2672,21060,228,573,-201,-2416
3684,2882,820,-2072,2202,102,-2400
-5084,1546,6866,756,-1688,391,-2400
7142,3058,6418,-999,1311,-526,-2400
-7824,-8020,17212,1041,-463,-7,-2400
1234,364,3152,-1062,133,-12,-2368
5384,512,8776,925,-132,-669,-2384
-5362,-5072,14048,196,480,-251,-2416
-1222,-108,13676,640,-767,94,-2400
-10064,-16312,30078,2,1023,-7,-2416
2000,8414,3140,-1149,-379,13,-2384
4692,3486,-886,1875,-450,-237,-2432
-7096,-226,17128,159,-512,377,-2432
3570,702,7264,-460,-230,203,-2384
4034,-874,-1082,-2124,2249,-485,-2384
-8122,-7332,15926,2209,-1749,25,-2400
1162,-332,4428,-1107,273,-68,-2400
7080,2656,-3080,-485,1194,-679,-2400
-6870,-5388,15858,1468,-774,-250,-2384
1252,704,5384,-536,161,183,-2384
10388,10034,-3240,-401,-301,-467,-2400
-214,-13658,15376,345,831,-158,-2384
4820,8290,528,-1387,-159,-78,-2416
3616,382,11750,2082,-557,-154,-2384
-8688,524,19158,-810,537,409,-2416
-808,954,5230,-411,-489,316,-2400
6812,3244,2180,-1402,1672,-577,-2400
-7758,-6354,13324,1420,-889,51,-2384
1042,1720,2268,-1133,197,-8,-2416
6940,3058,1702,636,136,-755,-2400
-8428,-5998,18334,550,197,-320,-2400
-964,2900,4604,-338,-196,129,-2416
2328,11382,10496,1247,-1748,-599,-2384
-4102,-17622,25226,-1363,2107,-116,-2416
6868,7760,-1768,214,-1315,73,-2400
3436,-3678,23056,2210,-579,-53,-2400
-2872,-1136,11968,-2443,2077,163,-2416
962,562,6120,331,-1182,382,-2384
7642,2294,7092,-508,966,-548,-2400
-7294,-4104,11196,2190,-1680,25,-2368
1494,1424,2088,-1291,355,-24,-2384
7132,3104,-876,-195,999,-704,-2416
-9036,-5052,18562,1599,-910,-278,-2416
-316,-234,10948,-490,87,171,-2400
6940,11760,3316,-754,9,-498,-2400
-10684,-4520,14334,4354,-3789,-15,-2384
6992,-4464,6794,21,667,-79,-2384
3302,2332,1920,-2416,2461,143,-2416
-4384,1320,6578,968,-1833,455,-2416
7066,3542,5638,-244,573,-456,-2416
-1900,-5936,9120,-782,927,-44,-2416
-1190,2592,2974,180,-752,-32,-2400
5212,1238,8402,1667,-774,-508,-2400
3984,-1656,2034,-1932,2326,-514,-2416
-3712,1980,8376,1344,-1540,-32,-2416
-1190,7384,16146,1774,-2056,-154,-2432
1944,-12054,10682,-5230,4412,-387,-2400
-7956,-1344,9094,4525,-3918,89,-2416
5796,-3974,12330,-1400,1448,-197,-2416
1550,734,5660,-1590,1937,91,-2384
-8070,1938,11738,1029,-1910,412,-2432
7464,1416,6492,-229,514,-321,-2400
-4744,-7308,14254,-1758,1846,-152,-2416
-4914,582,6130,977,-1301,-30,-2416
2268,-2440,13052,1169,-648,-361,-2432
1172,-2608,6216,-2010,2433,-504,-2400
-7054,-1788,15748,2158,-1981,-121,-2384
-2830,1632,17002,1240,-1370,-58,-2416
9358,-1558,-5696,-5399,4034,-530,-2416
-4324,2978,5632,5093,-3993,-112,-2400
8744,-1738,-3500,-2651,2051,-69,-2400
4770,4610,-2160,-233,991,-73,-2384
-6752,1370,9494,1061,-1845,421,-2416
5102,820,6584,-297,403,-237,-2384
674,-4148,4050,-2147,2181,-201,-2400
-3220,2622,4568,1525,-1728,-36,-2400
304,-2202,9220,618,-493,-305,-2384
5900,164,-940,-2088,2533,-633,-2416
-5836,790,12442,2548,-2155,-164,-2400
-3152,3608,18124,475,-681,59,-2400
11730,7330,-7198,-4368,3121,-648,-2432
-11500,-8142,20012,4652,-3193,-36,-2384
3162,-2868,20292,1817,-362,-198,-2400
-3752,-454,13188,-1007,730,280,-2416
5822,614,7644,-107,137,-127,-2384
-1672,-5722,7890,-2566,2457,-234,-2416
-6178,-2820,8150,2035,-2073,-40,-2416
1252,-2634,10536,157,-193,-330,-2400
4236,-1054,1474,-1845,2428,-577,-2400
-8200,-3660,17548,2477,-2091,-147,-2416
-1036,196,13022,322,-455,134,-2416
11384,4274,-7952,-3575,2359,-634,-2400
-9728,-3534,13570,4550,-3011,-100,-2400
8952,2984,-5456,-3427,2056,-149,-2400
4658,3634,-366,1128,16,-123,-2416
-8706,3172,14456,796,-1357,337,-2416
3242,322,8554,-409,43,-12,-2400
4086,-530,-1484,-2501,2443,-369,-2400
-5192,-558,5916,2486,-2171,-29,-2448
1512,-382,3806,-794,213,-210,-2384
7076,2786,-3690,-1285,1965,-708,-2384
-8336,-3262,17698,2403,-1712,-203,-2400
1808,1910,4228,-772,347,179,-2416
9208,9662,-1164,-1431,668,-513,-2384
-11496,-14240,28296,2615,-1270,-68,-2384
9734,902,-5302,-2354,776,-59,-2400
3278,-704,14584,1824,-356,-295,-2432
-8122,1020,18532,153,-416,379,-2432
4192,506,8784,-497,-259,251,-2416
7182,4064,2544,-2071,2134,-499,-2384
-8178,-6910,14928,2222,-1674,32,-2400
1158,-1076,5472,-1345,433,-73,-2368
6506,2204,3220,8,803,-784,-2416
-7888,-5466,17046,1421,-682,-240,-2384
1294,578,6510,-583,152,150,-2384
11622,9364,-5912,-2415,1386,-665,-2400
-12596,-11366,25110,3599,-1991,-67,-2400
6228,7988,-1034,-3161,1445,-85,-2416
3690,1118,7864,1799,-397,-322,-2384
-9366,1672,18774,446,-749,424,-2384
8190,1836,6394,-206,693,-482,-2400
-7240,-8172,17482,349,-11,11,-2416
1614,1368,2020,-771,-107,58,-2416
7342,3468,-98,1203,-255,-646,-2416
-2228,-4534,9958,-729,1302,-351,-2368
214,2948,3334,260,-741,87,-2400
4046,11360,8220,1840,-2246,-374,-2384
7076,-5888,-1878,-3760,3701,-217,-2416
-1532,6374,3264,1900,-2360,149,-2416
3000,-2714,22640,904,221,-166,-2400
4350,3294,-222,-2423,2380,138,-2416
-5636,1348,7676,844,-1689,412,-2416
7712,3158,6614,-383,803,-451,-2384
-7794,-8058,17280,-539,715,6,-2416
-2154,2432,4116,107,-724,19,-2368
5018,394,10018,1435,-533,-723,-2368
-4788,-4842,13504,-1507,1986,-373,-2416
-4888,1650,10088,938,-1327,-69,-2416
-2590,6358,18006,2089,-2248,-370,-2400
3742,-10650,6814,-5322,4459,-555,-2400
-9804,-2744,10526,4175,-3712,138,-2384
6436,-5194,9594,-516,950,-200,-2384
3302,2228,2604,-2358,2529,87,-2416
-3712,738,6920,1418,-2117,410,-2400
7098,566,6370,-317,626,-325,-2400
-3180,-6436,10994,-1752,1818,-162,-2384
-464,2176,2676,939,-1309,-28,-2384
1606,-2930,12562,1469,-792,-452,-2416
3194,-1688,3020,-2278,2598,-523,-2432
-3066,2318,7246,2157,-2051,-48,-2400
-1844,528,14256,1079,-1293,44,-2416
11082,2034,-8756,-5527,4175,-643,-2416
-7470,-586,8008,5144,-4090,-106,-2384
5386,-4162,14252,-2533,1919,-156,-2368
4936,4740,-3014,-959,1570,-116,-2400
-7780,2262,10766,1135,-1906,420,-2416
6966,1430,7060,-184,351,-236,-2448
-7598,-6412,13458,1894,-1286,40,-2416
680,-1218,6376,-1091,287,-85,-2432
6616,1964,-2556,-600,1291,-623,-2384
-7306,-5324,16756,1937,-1274,-249,-2416
642,-172,7306,-580,220,180,-2368
11640,9934,-6100,-1125,315,-570,-2432
-3096,-15646,21366,1433,-105,55,-2384
6652,8284,-868,-2334,648,-51,-2416
3362,1124,8716,2413,-803,-205,-2416
-9112,1828,18476,-1036,591,256,-2400
408,452,6522,-226,-475,303,-2400
5904,2340,468,-1753,1873,-528,-2416
-6640,-4258,10082,1957,-1359,10,-2384
1152,1022,2582,-1139,236,-62,-2416
6976,3368,-474,232,575,-749,-2400
-8372,-5170,18348,1076,-435,-293,-2400
64,2038,4290,-473,-3,121,-2384
5458,10472,5662,262,-830,-646,-2416
-6514,-15768,25444,-847,1574,-117,-2432
7918,5278,-3494,-355,-793,-14,-2400
3076,-2296,20004,1793,-360,-354,-2400
-4414,-312,14306,-1353,1144,271,-2416
1998,-492,8936,-175,-659,344,-2384
7404,3572,4984,-1115,1365,-504,-2400
-7776,-7984,17558,1306,-752,-22,-2400
1092,-6,3362,-1085,69,-4,-2416
5340,402,8426,911,-22,-678,-2384
-5388,-4754,14606,264,399,-344,-2416
1118,1184,4274,-205,-285,69,-2368
-1572,7006,16238,1600,-1960,-238,-2416
2760,-11196,9290,-2725,3015,-275,-2416
2642,8400,2662,1184,-1970,51,-2384
2638,-1520,17384,850,320,-178,-2368
1324,978,5040,-2024,1876,219,-2400
-2628,534,6400,269,-1209,406,-2400
7106,4222,3448,-496,916,-564,-2416
-4850,-7054,13744,196,179,-14,-2384
510,2638,2140,-455,-346,-48,-2400
6916,2170,-3214,-1913,2431,-583,-2416
-8122,-2386,17068,2676,-2279,-128,-2400
-2234,2610,15588,811,-1154,-15,-2416
8928,-1246,-4108,-4721,3653,-630,-2416
-5452,1708,7754,4644,-3676,-176,-2400
9514,-774,-3002,-2557,1904,-228,-2400
3828,3442,-32,-610,1332,-135,-2400
-6518,3326,7728,1027,-1902,449,-2384
4542,176,8652,43,87,-265,-2416
1870,-3210,922,-2635,2538,-283,-2400
-3860,1980,4614,2017,-2117,22,-2400
630,-1378,7098,75,-136,-285,-2416
6328,496,-2198,-2010,2597,-585,-2416
-6752,32,13972,2774,-2391,-175,-2384
-2964,3538,18186,294,-521,103,-2400
12456,8078,-7924,-4408,3092,-645,-2400
-12146,-8504,20704,4746,-3163,-71,-2416
8862,-3060,-504,-3499,2140,-116,-2416
4256,1704,4608,983,151,-302,-2400
-9328,1850,17376,938,-1484,469,-2400
6232,932,6728,-448,49,-119,-2400
6034,1952,-1016,-2449,2519,-364,-2416
-6972,-3668,9974,2285,-2145,-21,-2384
884,-1918,9726,-586,35,-208,-2432
7474,3080,-1930,-1085,1802,-723,-2384
-8882,-4766,18238,2422,-1774,-198,-2384
-256,-60,11624,-289,57,194,-2384
12226,5764,-9286,-2793,1641,-647,-2384
-9002,-17098,30360,3260,-1615,-56,-2400
8278,3762,-3884,-3184,1521,-61,-2400
4762,3738,-388,1993,-615,-231,-2448
-6010,-702,16378,208,-537,294,-2416
3120,1172,6758,-567,-190,237,-2368
4810,110,-1396,-2036,2191,-539,-2400
-8076,-7734,16594,2063,-1608,37,-2416
756,-138,4136,-915,129,-84,-2384
7696,2600,-3640,-706,1371,-789,-2416
-8620,-3012,17196,2630,-2012,-173,-2400
-1478,8302,16610,2091,-2283,-486,-2416
-11702,-16450,31826,998,319,-65,-2384
3482,9682,2454,-2196,422,83,-2384
2810,-660,16812,2615,-992,-227,-2416
-8022,140,18500,-918,453,278,-2384
4076,1102,6632,-109,-593,259,-2400
6644,3784,3218,-1747,1861,-573,-2400
-7292,-6374,13430,1790,-1151,16,-2448
674,-1006,6048,-1083,122,-57,-2384
6696,2318,3310,20,774,-516,-2352
-7212,-5272,16070,822,-153,-314,-2400
696,240,7418,-429,30,232,-2432
1514,10356,11566,531,-1105,-470,-2384
-2288,-15132,19624,-564,1436,-110,-2416
5840,7758,-688,-248,-997,-19,-2400
3672,1378,8674,2179,-652,-55,-2400
-1140,-552,8998,-1756,1380,351,-2400
166,332,6866,190,-975,361,-2416
6122,2668,836,-1165,1365,-495,-2416
-6422,-7930,17002,990,-396,-34,-2432
1084,896,2458,-1040,107,7,-2432
6982,3596,-376,1161,-240,-718,-2416
-2168,-3540,10092,-226,840,-290,-2384
-52,2094,3940,-177,-315,126,-2384
4762,10990,7108,1664,-2053,-346,-2432
6870,-5600,-772,-3526,3480,-252,-2384
-1206,6304,3932,1811,-2371,-1,-2384
2754,-2936,21976,1115,95,-159,-2384
-4040,-236,13464,-2191,1960,181,-2416
-5390,550,8066,597,-1406,420,-2400
7756,3846,5256,-803,1122,-496,-2400
-7658,-7772,17000,100,261,-85,-2416
-1500,2892,3504,-645,-262,-11,-2416
5044,-218,8796,1466,-501,-678,-2400
-4718,-4282,12902,-1090,1539,-387,-2400
-4180,1242,9522,841,-1110,7,-2416
-1428,7204,15808,1696,-2064,-460,-2384
-10148,-14796,28598,4143,-2737,-72,-2384
9026,1528,-5116,-3119,2154,-70,-2416
1448,834,5134,-1873,1785,225,-2400
-2400,-492,7174,196,-1101,425,-2400
6928,4388,3096,-840,1149,-534,-2368
-5098,-7256,15290,351,52,-47,-2416
582,2318,2154,-864,-30,45,-2416
6332,2472,4072,1308,-425,-433,-2384
-7418,-5612,17284,-724,1271,-436,-2400
-1372,2770,5028,158,-658,3,-2400
1094,9158,12704,1933,-2211,-326,-2416
-1678,-14530,18856,-3892,3740,-254,-2416
-5116,2454,5938,2259,-2615,-41,-2416
4434,-3710,17842,204,628,-149,-2400
-1036,-708,9648,-1989,1965,127,-2400
-7024,2006,8972,609,-1531,383,-2384
8074,2092,6208,-456,816,-435,-2416
-7188,-8064,17360,-831,952,-57,-2368
1386,1492,1956,75,-687,-11,-2432
4164,-1628,11976,1467,-539,-428,-2432
-2262,-3716,10372,-1353,1883,-463,-2384
46,2098,3726,904,-1287,-27,-2384
-3130,4184,18014,1788,-2068,-376,-2400
6216,-6486,54,-4909,4261,-470,-2400
-880,6162,3746,4096,-3676,36,-2416
8212,-3680,2084,-763,1067,-186,-2416
3628,3346,396,-2027,2235,105,-2448
-4906,1826,6450,1022,-1932,404,-2400
6430,684,6980,-185,562,-296,-2384
-1702,-5676,7566,-1726,1709,-119,-2416
-1690,2814,3646,899,-1247,-46,-2416
4880,158,10030,1388,-738,-371,-2416
4254,-1334,1052,-2114,2495,-541,-2400
-4226,2142,9316,884,-1242,-20,-2416
-2488,6290,18008,1886,-2140,-147,-2416
3838,-9708,5842,-4786,4198,-440,-2384
1632,8266,3136,3215,-3206,-43,-2416
5132,3912,-1406,258,672,-177,-2448
-9078,2466,15148,1446,-2077,488,-2432
7060,974,6978,-456,485,-257,-2416
-3502,-6476,11144,-2222,2207,-205,-2384
-5930,-1228,7360,1661,-1879,-29,-2416
1842,-2240,12134,643,-473,-357,-2400
2654,-2182,3492,-2149,2675,-570,-2400
-8468,-2994,17140,2468,-2192,-127,-2384
-1992,724,15434,879,-977,99,-2416
10962,896,-8074,-5248,3785,-620,-2416
-6978,1094,7346,5380,-3968,-235,-2400
9174,-552,-5508,-3108,2105,-175,-2432
5410,5228,-3734,-36,844,-159,-2416
-8196,2002,12018,1499,-2020,420,-2416
4686,976,7204,-641,337,-92,-2400
2898,-2528,206,-2328,2432,-319,-2432
-4664,1040,5574,2167,-2127,-34,-2432
718,-1344,6020,-82,-167,-243,-2384
7164,2132,-3650,-2030,2553,-660,-2384
-7912,-1726,15682,2839,-2134,-234,-2432
-3070,2486,18038,-148,-178,141,-2432
12084,10022,-6654,-3154,1922,-599,-2416
-12796,-11444,25396,4390,-2665,-43,-2384
8538,-2964,-1974,-3545,1945,-91,-2384
4152,2046,5930,1335,-122,-261,-2400
-9504,1502,19214,807,-1138,379,-2400
5146,758,7476,-596,9,112,-2416
6294,2822,146,-2228,2312,-447,-2384
-7190,-4750,11364,2400,-2099,-27,-2416
878,-2134,8370,-957,291,-120,-2400
6900,3304,-326,-674,1385,-670,-2416
-8566,-5078,18242,2045,-1351,-282,-2448
-6,-494,9976,-385,61,216,-2416
12952,7256,-9406,-1572,598,-503,-2400
-7692,-17498,29872,2826,-1118,-7,-2400
7912,4720,-4124,-2846,1006,-30,-2416
5116,3670,84,2360,-756,-190,-2448
-4510,-930,14252,-293,-16,406,-2384
7054,3192,6068,-328,647,-402,-2416
-7440,-7854,16846,-426,665,-39,-2400
-1438,2704,3244,-607,-217,-37,-2384
4642,506,9480,1533,-553,-614,-2416
-4950,-5040,13782,-881,1389,-405,-2384
960,1422,3790,618,-998,-37,-2400
-1462,6488,16350,1666,-2051,-390,-2368
3052,-10528,8414,-3969,3800,-488,-2416
2594,7562,2824,2644,-2834,192,-2416
6402,-3082,9942,245,590,-153,-2416
1466,322,5654,-1757,1856,136,-2400
-2772,-100,7754,390,-1331,400,-2432
7140,1204,6422,-185,562,-354,-2416
-4520,-7144,14322,-660,860,-59,-2416
392,1972,2296,35,-636,-16,-2432
6040,1996,3970,1649,-757,-626,-2432
1064,-2582,6318,-1376,1815,-386,-2432
-1628,2092,5370,1070,-1307,-98,-2448
1018,9678,12284,1939,-2092,-335,-2416
9444,-608,-6282,-5170,4291,-414,-2400
-5050,2236,6384,4140,-3678,94,-2400
4112,-3876,18066,-1574,1595,-154,-2416
4322,4256,-1360,-1438,1824,29,-2416
-6950,2408,9804,798,-1772,411,-2384
7572,1682,6462,-388,874,-503,-2432
-6694,-8142,16920,-234,505,-59,-2368
1312,1780,1932,-107,-563,-4,-2384
3086,-1864,13466,1735,-790,-540,-2384
-896,-3970,8758,-1652,2047,-406,-2400
42,2758,3614,1004,-1294,-53,-2400
-2930,3624,17966,1640,-1879,-107,-2384
7366,-3996,-1904,-4799,4155,-425,-2384
-2590,4552,5148,3696,-3442,140,-2416
3458,-2790,20090,-1003,1211,-189,-2400
3726,3260,-206,-1725,2025,112,-2432
-5582,2278,6850,777,-1785,396,-2384
7592,2698,6206,-17,489,-351,-2416
-428,-4858,5244,-1777,1744,-127,-2400
1626,872,2354,-1131,273,-64,-2416
5010,-676,-40,-1782,2404,-619,-2400
-5122,1280,10990,2570,-2216,-144,-2416
28,-384,10988,232,-347,147,-2432
12216,6334,-8848,-4161,2817,-620,-2368
-11306,-5932,16606,5070,-3449,-46,-2400
8284,5324,-4468,-3619,2067,-75,-2416
4590,3294,260,822,235,-117,-2384
-9356,2022,17204,853,-1298,384,-2400
2810,744,6620,-637,94,24,-2416
5046,1086,-1110,-2281,2410,-420,-2384
-6336,-2272,8494,2539,-2276,-3,-2384
1992,-2422,10408,-793,188,-229,-2448
7218,2626,-2236,-972,1778,-662,-2368
-8866,-4288,18364,2386,-1759,-169,-2400
-690,1154,12326,-483,148,208,-2384
8256,10470,820,-2128,1176,-666,-2416
-9926,-15286,27810,2574,-1114,23,-2400
8674,2264,-4658,-2652,1006,-93,-2432
3476,-604,16256,1710,-319,-340,-2416
-7542,-278,18446,183,-381,424,-2384
3346,-46,9026,-549,-142,171,-2384
4720,-752,-2258,-1940,2052,-471,-2400
-8412,-7802,17260,2423,-1855,-50,-2432
1438,-266,4124,-1306,411,-50,-2432
7080,2352,-3810,-269,990,-688,-2448
-7410,-5362,16652,1662,-886,-213,-2416
1582,346,4958,-646,206,210,-2400
10372,11092,-3924,-316,-411,-444,-2400
-662,-14382,16284,273,857,-202,-2384
5126,8898,74,-1632,-55,116,-2416
3250,608,11866,2418,-714,-252,-2416
-8886,956,18966,194,-499,465,-2400
4524,948,7744,-416,-280,189,-2384
6998,3892,1936,-2129,2231,-474,-2416
-8184,-6352,14310,2380,-1886,23,-2384
1032,-1576,6154,-1275,430,-51,-2400
422,-3336,6384,-2398,2682,-406,-2384
-1324,2406,5038,1708,-1791,-23,-2400
1914,10576,11814,1864,-2184,-200,-2416
8858,-2532,-5436,-4576,4132,-386,-2416
-3440,4684,3788,2803,-2916,142,-2416
3202,-3956,22610,230,545,-101,-2400
5166,4826,-2472,-2413,2479,87,-2416
-6884,950,8792,1142,-1943,385,-2384
7740,2212,6674,-375,744,-407,-2384
-7010,-7788,16654,-1155,1262,-84,-2400
-3340,2112,5218,456,-973,0,-2432
4274,-570,11460,1505,-684,-554,-2400
-2936,-4084,11348,-1946,2343,-370,-2416
-5958,1136,12380,1480,-1608,-74,-2416
-3306,3562,19218,1904,-1954,75,-2400
6284,-7430,-594,-5877,4640,-599,-2400
-11688,-6526,16122,5032,-4056,-87,-2384
7292,-5230,3320,-1560,1430,-109,-2416
4276,4220,-384,-1885,2173,65,-2416
-5162,-224,8588,1363,-2106,407,-2368
6836,766,5166,-385,600,-285,-2432
-2182,-5732,9858,-1786,1893,-164,-2384
-1272,2672,3338,1145,-1452,-51,-2384
1356,-2950,11544,1182,-620,-353,-2384
3922,-968,2326,-2059,2456,-577,-2400
-3970,1612,8822,2167,-2038,-141,-2400
-1558,34,13772,996,-1177,-12,-2416
11474,3320,-8738,-5278,3900,-603,-2384
-8424,-1590,10048,5046,-3783,54,-2400
5700,-4364,11590,-2786,1968,-139,-2400
5088,4240,-1820,-534,1215,-18,-2432
-8480,2210,12776,1089,-1831,447,-2416
7248,950,5988,-346,429,-169,-2416
3562,-1940,-480,-2203,2206,-254,-2400
-4966,866,6292,1787,-1833,-15,-2368
2190,-2528,13090,344,-332,-320,-2384
6940,2348,-3008,-1993,2447,-556,-2416
-7494,-1202,16144,2516,-2168,-195,-2384
566,8904,13200,1377,-1792,-328,-2400
-1230,-14588,18042,-1175,1824,-95,-2416
5468,8770,1070,-378,-875,78,-2384
3142,372,11684,2105,-629,-357,-2384
-8346,2236,18110,-102,-352,503,-2416
4604,746,7404,-279,-323,213,-2400
6484,3230,470,-2309,2359,-454,-2400
-6918,-5366,11240,2355,-1735,22,-2384
548,-1872,7890,-1179,314,-93,-2384
6594,3028,656,-43,855,-769,-2400
-8138,-5268,17752,1497,-827,-321,-2368
308,56,9250,-569,185,153,-2400
4190,10860,7196,-428,-280,-461,-2384
-5344,-15750,24344,1115,125,-14,-2384
7546,5832,-2958,-1341,-103,-38,-2400
4098,2080,4358,2042,-529,-254,-2400
-3524,-1346,12796,-1045,818,274,-2352
1768,186,7744,-430,-438,357,-2384
5328,1870,-874,-1450,1687,-540,-2416
-7924,-8266,18434,1626,-1038,40,-2400
1526,758,2370,-1279,302,-26,-2400
7214,3202,-2312,385,412,-640,-2400
-4516,-4810,13236,610,82,-318,-2416
1272,2096,3320,-593,81,176,-2416
7590,10782,2362,976,-1487,-453,-2432
-9514,-16238,29522,-1253,1906,-148,-2432
1440,7792,3070,516,-1537,122,-2384
2812,-1676,19306,1609,-152,-164,-2384
-6434,298,16896,-1543,1326,284,-2384
-3366,694,6348,-34,-913,371,-2400
7730,4222,3874,-952,1236,-585,-2400
-8358,-7810,16990,663,-217,88,-2416
-80,2780,2504,-953,14,-20,-2416
6046,1426,6286,1172,-315,-577,-2368
-6908,-5338,15726,-453,1022,-365,-2432
-2910,2098,7374,356,-806,16,-2448
336,9682,13214,1452,-1979,-238,-2384
-728,-14280,17158,-2683,3002,-316,-2416
8988,-906,-3778,-3210,1994,-145,-2400
5034,4254,-1590,-1320,1891,-22,-2432
-7696,2810,10722,1211,-2114,418,-2352
7526,1396,7286,-127,386,-313,-2400
-5780,-7782,15296,-2024,2051,-167,-2400
-4494,1272,4950,1097,-1446,-21,-2400
2742,-1378,13316,1148,-650,-433,-2384
-468,-4228,8212,-2304,2768,-497,-2384
-7410,-804,14622,2525,-2314,-149,-2368
-3230,3154,18806,1280,-1500,-56,-2400
8328,-4336,-3882,-5501,4124,-657,-2416
-12506,-9234,21604,5127,-3991,-72,-2416
8198,-3114,-266,-2264,1794,-146,-2416
4696,3560,-1098,-775,1537,-63,-2400
-9510,1908,17682,1340,-2018,406,-2384
5514,554,6916,-210,238,-185,-2416
316,-4288,4606,-2538,2479,-245,-2416
-2924,2444,4156,2032,-2051,16,-2400
616,-2232,9464,420,-385,-308,-2368
5406,-232,-356,-2073,2590,-589,-2400
-5476,506,11284,2622,-2228,-191,-2384
-600,-706,11532,724,-897,63,-2384
12602,6000,-9710,-4581,3190,-686,-2400
-10214,-4366,13316,5094,-3511,-68,-2432
8442,3294,-4360,-3473,2122,-43,-2416
5168,4014,-858,550,395,-170,-2384
-9214,1606,16672,1247,-1745,465,-2416
6916,868,6396,-715,262,-96,-2400
4496,-112,-958,-2251,2345,-334,-2400
-5856,-1440,7630,2135,-1987,-76,-2416
1426,-2582,11872,-198,-142,-222,-2416
7386,3422,-3248,-1408,2013,-726,-2432
-8482,-3742,17898,2611,-1960,-182,-2400
-1828,-136,14452,-241,-27,167,-2400
9222,11738,-934,-2514,1452,-681,-2416
-11286,-16288,31784,3853,-2138,-111,-2416
8808,1366,-5366,-3348,1544,-19,-2400
2064,1216,4570,-2543,2273,330,-2416
-2240,-36,7326,546,-1235,335,-2400
3118,-2428,494,-2216,2303,-377,-2432
-4692,1150,6086,2034,-1855,6,-2464
426,-1386,6644,-223,-161,-261,-2400
6646,1566,-2140,-1218,1898,-618,-2384
-6930,-1022,14612,2198,-1647,-264,-2416
252,-446,8224,-153,-78,227,-2400
11582,9560,-5776,-2450,1404,-695,-2368
-12322,-11236,24908,2903,-1325,-38,-2416
6082,7664,-772,-3018,1335,-86,-2416
3562,1230,8472,2126,-681,-344,-2368
-9034,2094,18400,-236,-183,387,-2400
60,-30,6948,-322,-352,215,-2384
5958,2614,240,-2086,2106,-441,-2384
-6618,-4368,10296,2316,-1798,-9,-2384
666,-2596,8864,-1195,341,-90,-2400
6620,3732,-222,-239,1026,-722,-2432
-7974,-5590,18300,1327,-664,-265,-2416
142,280,9164,-710,253,171,-2416
4588,10314,7250,-354,-214,-418,-2416
-5926,-15936,25018,362,687,21,-2400
7898,5996,-3186,-1475,4,5,-2400
2864,-2634,20662,1899,-419,-273,-2416
-4284,-508,13830,-950,646,317,-2416
1876,-424,8786,-183,-585,304,-2416
5350,896,-1672,-1558,1699,-569,-2400
-7844,-8122,17694,1892,-1257,29,-2368
1354,284,3104,-1293,305,-48,-2416
6826,3086,-2422,509,331,-628,-2416
-4986,-4422,13596,443,203,-282,-2400
1074,1272,4260,-417,-63,122,-2400
8270,10820,506,989,-1534,-650,-2384
-10218,-15438,29182,1856,-471,-14,-2416
9356,2146,-5980,-2540,859,-49,-2416
2642,-1296,18066,2145,-581,-314,-2400
-7014,580,17634,-392,63,396,-2368
3428,478,8954,-285,-411,190,-2368
-4872,-6994,14358,-1713,1777,-115,-2400
512,2782,2348,-50,-595,-18,-2384
5916,1984,5696,1623,-661,-648,-2384
1658,-2616,4952,-1500,1878,-400,-2416
-2284,2716,6344,958,-1268,-40,-2384
-6,8738,14346,1722,-2039,-164,-2432
10030,240,-7194,-4986,4204,-467,-2416
-6196,1504,7216,3866,-3564,178,-2384
5252,-3740,16234,-694,1143,-170,-2416
-882,-642,9088,-1641,1954,127,-2400
-7428,2728,9798,837,-1819,412,-2400
7940,1326,6632,-206,660,-422,-2400
-6626,-7790,16206,-1506,1515,-167,-2416
-4136,1566,5590,728,-1157,18,-2384
3590,-1458,12418,1176,-578,-434,-2432
-1304,-4006,9320,-1783,2269,-465,-2368
-6642,-114,14340,1891,-1958,-98,-2384
-2928,2686,18358,1615,-1671,58,-2384
7990,-4372,-4500,-5842,4531,-609,-2416
-2486,5834,3098,5180,-4131,-170,-2432
8356,-3766,-1526,-1937,1695,-148,-2368
5060,4682,-2310,-1167,1717,19,-2384
-6414,1382,9014,1616,-2322,378,-2416
6276,942,5978,-454,609,-251,-2384
-104,-4530,4704,-2160,2177,-229,-2400
-2758,2486,4240,1587,-1813,-25,-2400
946,-2262,9304,680,-452,-350,-2384
5546,-134,-848,-2250,2674,-576,-2384
-5746,876,11732,2744,-2387,-191,-2400
-2878,5364,18410,631,-809,62,-2400
12518,6206,-9236,-5081,3665,-679,-2400
-11194,-5446,15962,5183,-3729,-274,-2384
7696,-4058,4782,-3137,2072,-85,-2384
4978,3548,-176,109,735,-205,-2400
-9398,1806,16362,1357,-1889,441,-2400
6604,766,6510,-646,316,-96,-2384
5188,496,-1600,-2355,2407,-312,-2384
1366,-150,3398,-941,-6,8,-2416
7368,3274,-3112,371,340,-825,-2416
-5312,-5148,14392,982,-327,-288,-2416
1090,1146,4194,-663,171,152,-2384
8774,12294,-542,133,-768,-409,-2384
-11192,-16762,32248,-347,1270,-121,-2400
3216,9770,2214,-1364,-271,2,-2400
2596,-856,18102,2571,-864,-43,-2384
-7980,-340,18884,-1936,1393,213,-2416
-2638,1084,5982,-51,-716,362,-2416
6762,3330,4338,-1047,1354,-529,-2432
-7766,-6986,15334,1268,-618,3,-2400
312,2392,2502,-1018,31,-6,-2352
5860,2190,5516,1095,-212,-623,-2416
-6870,-5574,16434,-547,1103,-344,-2432
1334,784,5056,-19,-435,124,-2368
46,8974,14462,1417,-1830,-287,-2400
-350,-14310,16052,-3018,3165,-346,-2416
5238,8690,80,1224,-1921,20,-2416
4200,-3980,18706,1246,-22,-157,-2400
-26,-118,8202,-2336,2108,205,-2432
-668,-278,7194,339,-1159,434,-2400
7176,2292,6746,-614,943,-459,-2416
-6486,-7812,17258,361,70,-23,-2384
972,1144,2132,-511,-315,-11,-2432
6590,3398,670,1490,-612,-420,-2432
-1092,-3402,8700,-1328,1769,-427,-2384
-332,2238,4074,577,-957,24,-2416
3258,10882,9096,2033,-2297,-391,-2384
8010,-3870,-3296,-4625,4114,-442,-2432
-2494,5138,4274,3082,-3106,54,-2400
2928,-3692,22074,-284,927,-170,-2384
4166,4170,-384,-2091,2211,117,-2416
-5890,1142,8300,862,-1707,414,-2400
7458,3330,6088,-167,519,-384,-2400
-360,-4900,6000,-1277,1339,-123,-2384
-2354,3020,3582,355,-935,-73,-2384
4158,-1020,11558,1605,-727,-541,-2384
-8400,-4954,18524,2337,-1647,-279,-2416
-788,880,11286,-153,-210,161,-2400
11324,4260,-6710,-3517,2436,-641,-2384
-9916,-4060,14880,4149,-2919,-39,-2384
8344,2904,-3336,-2953,1902,-97,-2384
4170,2862,1556,540,368,-95,-2432
-7838,3732,12288,869,-1447,435,-2400
2454,-258,9468,-109,-173,4,-2416
5096,-60,-2740,-2725,2620,-377,-2416
-5790,-754,6304,2432,-2184,-38,-2400
1320,-3104,12932,-578,124,-178,-2368
6974,2932,-3782,-1154,1792,-724,-2416
-7994,-2840,17140,2569,-1860,-323,-2384
-2094,432,15234,-360,19,167,-2384
9862,10634,-2094,-2211,1206,-698,-2368
-11764,-14076,29270,3334,-1777,16,-2400
9904,920,-5630,-2812,1268,-114,-2416
2688,-958,15774,1759,-425,-183,-2416
-7864,1638,17514,288,-690,333,-2384
3990,240,8076,-340,-283,180,-2432
7168,3990,1610,-2176,2240,-495,-2416
-8024,-6694,14526,2364,-1813,30,-2384
736,-822,5990,-1158,339,-105,-2416
6748,1630,-2736,-285,1025,-672,-2400
-7870,-5736,17296,1853,-1152,-363,-2400
1296,560,6960,-633,221,210,-2400
11402,8836,-5712,-692,15,-579,-2384
-3174,-15070,21034,1456,-102,-36,-2416
6200,7288,-256,-1553,96,69,-2432
3596,1128,8606,2130,-609,-159,-2400
-2112,-1452,10746,-879,573,319,-2416
602,948,6300,-502,-402,318,-2384
6246,2850,114,-1350,1639,-558,-2400
-7460,-4954,11306,1593,-1009,79,-2400
1518,1108,2396,-1157,250,-8,-2400
7492,3134,-948,505,324,-690,-2416
-8932,-5228,18592,901,-146,-230,-2384
608,2426,3356,-529,-26,118,-2400
12580,7926,-8678,-5192,3697,-632,-2416
-1006,6918,3186,1099,-1877,89,-2400
2956,-3082,23096,1786,-283,-260,-2400
-4540,-816,13820,-2295,1914,244,-2432
-5780,1338,7782,476,-1334,421,-2416
7780,2896,5758,-825,1209,-518,-2416
-8092,-8280,17304,556,-175,33,-2416
1452,640,2882,-485,-392,25,-2400
5610,130,9180,1125,-259,-584,-2432
-4952,-4650,13286,-438,1091,-387,-2432
1118,1596,4262,393,-818,50,-2416
-2020,7428,17124,1533,-1981,-541,-2416
3104,-10580,8102,-3860,3712,-278,-2400
2070,8110,2282,2134,-2594,-28,-2400
6292,-4862,11188,701,240,-170,-2416
2192,1662,2970,-2647,2497,38,-2384
-3114,1560,4808,642,-1586,384,-2384
6970,3616,4768,-212,649,-490,-2400
-3426,-6756,11208,-655,847,-104,-2432
-130,2838,2574,276,-904,-36,-2384
6164,1980,6656,1646,-735,-395,-2416
2722,-2246,3324,-1849,2205,-359,-2416
-2958,2494,7006,1458,-1668,-21,-2368
-802,8608,16070,1952,-2176,-404,-2432
11104,1376,-8794,-5419,4458,-446,-2384
-6836,1176,6852,4158,-3740,-156,-2416
4798,-4904,18252,-1022,1215,-111,-2400
274,294,6852,-2200,2451,73,-2400
-8354,1392,12076,1441,-2241,423,-2416
7822,1996,6786,-298,582,-313,-2416
-5734,-7358,15524,-1459,1565,-194,-2416
-4500,1260,5586,965,-1367,-18,-2400
3158,-2204,12612,1245,-607,-394,-2400
-178,-3048,7474,-2172,2589,-502,-2416
-7246,-1440,15222,2105,-2005,-66,-2416
-3134,3124,17642,1231,-1431,25,-2368
8078,-3550,-3668,-5370,4087,-647,-2368
6848,6920,-1878,-2754,1052,28,-2384
4004,2316,5380,1977,-569,-364,-2400
-9256,2136,17762,167,-570,445,-2368
6112,830,5926,-329,-187,73,-2400
5442,1812,-294,-2156,2273,-426,-2400
-6294,-3304,9066,2120,-1752,33,-2416
636,-2436,10260,-770,148,-150,-2416
7094,3806,-1722,-1085,1750,-599,-2384
-8318,-4916,18270,2230,-1464,-295,-2368
-1076,-372,11958,-612,137,187,-2368
6742,11436,3672,-1242,443,-465,-2448
-8822,-16510,30676,2390,-863,6,-2384
8602,3708,-3914,-2385,790,31,-2400
4210,3556,336,2245,-727,-304,-2400
-5440,666,15934,-669,243,373,-2384
2746,482,8008,-76,-542,183,-2384
4218,-966,-1340,-2167,2139,-476,-2384
-7324,-7240,14860,2001,-1466,15,-2400
394,-470,4946,-1094,229,-87,-2368
6798,2146,-2606,-128,855,-771,-2416
-6160,-4808,14814,1511,-830,-314,-2416
600,200,6080,-503,107,170,-2384
10608,10736,-3674,-322,-381,-447,-2400
-40,-13414,15670,54,972,-157,-2384
4622,8138,1888,-1204,-171,87,-2416
2828,-128,13986,2328,-733,-134,-2384
-7964,1874,17914,-1347,964,271,-2400
-812,194,7192,-137,-612,318,-2400
5900,3562,1646,-1696,1822,-507,-2400
-6756,-5594,11808,1625,-942,44,-2416
976,1548,2090,-1260,289,-34,-2384
6522,2880,1286,677,122,-510,-2400
-7904,-5624,17674,759,-66,-267,-2368
-8,2610,3364,-519,-52,66,-2384
2798,10102,9680,1042,-1470,-529,-2384
-4122,-15812,22830,-1453,2061,-90,-2416
6714,7426,-780,673,-1608,-40,-2400
3624,-3174,20458,1664,-218,-129,-2400
-6132,2054,7894,1153,-1951,476,-2400
5850,912,6918,-240,456,-254,-2416
-7894,-8134,17992,1000,-512,14,-2416
1526,972,2410,-986,14,-5,-2384
6976,3052,-1434,794,2,-697,-2416
-3900,-3964,11946,-33,673,-293,-2400
634,1812,3706,-265,-250,61,-2400
6258,12050,3420,1419,-1892,-331,-2416
4554,-8396,4316,-2461,2769,-238,-2416
1122,7638,3232,821,-1722,108,-2384
2578,-2092,20956,1325,-14,-138,-2400
2880,2382,2338,-2324,2110,192,-2416
-4080,1440,6384,480,-1388,398,-2416
7202,3376,5368,-649,1070,-555,-2384
-7918,-7834,17034,-32,350,95,-2432
-412,2746,2628,-509,-313,-33,-2400
5720,1280,7336,1397,-560,-687,-2368
-6404,-5942,15784,-1219,1743,-395,-2384
-3300,2432,7594,565,-957,-3,-2416
-1766,8200,17044,1957,-2247,-438,-2400
1714,-12414,11618,-4465,3964,-348,-2400
-7996,-498,9036,3429,-3290,-175,-2384
5776,-4522,14590,99,660,-185,-2416
1076,224,5888,-2349,2357,117,-2384
-1770,868,5234,846,-1774,411,-2368
7168,1030,7518,-63,523,-426,-2400
-5324,-6944,14246,-1421,1399,-62,-2384
686,2282,2276,633,-1116,14,-2416
2864,-2188,12324,1320,-597,-331,-2416
890,-3134,6024,-1726,2168,-373,-2384
-1836,2188,5684,1540,-1714,-81,-2400
1436,11088,11608,1875,-2131,-72,-2368
9248,-2328,-5438,-5044,4296,-464,-2432
-4274,4626,5006,4099,-3667,29,-2416
3812,-4308,21618,-568,963,-126,-2384
5402,4764,-2360,-2151,2433,63,-2368
-7422,1618,9996,1575,-2300,456,-2400
7570,2128,7170,-260,434,-321,-2416
1814,-3176,1950,-1879,1918,-181,-2416
-3850,2052,4630,1059,-1411,-44,-2416
3176,-1520,13170,1318,-690,-357,-2416
-1378,-3812,8804,-2440,2792,-543,-2432
-7092,-680,14172,2393,-2216,-95,-2400
-2852,3892,18184,1303,-1594,-114,-2400
6954,-5244,-1182,-5309,4044,-621,-2416
-11972,-7894,19992,4870,-3925,-229,-2384
7928,-3146,1580,-2416,1815,-166,-2400
4056,3206,244,-924,1572,-15,-2432
-9158,2282,16966,1245,-1971,379,-2416
5876,558,6742,-172,253,-202,-2416
-340,-4882,5952,-2308,2298,-195,-2416
-2236,2574,3786,1818,-1933,-38,-2400
830,-2726,10300,611,-430,-334,-2400
5010,-188,338,-2011,2486,-603,-2384
-4966,856,10862,2561,-2178,-154,-2416
-806,-578,12010,517,-648,94,-2400
12338,5700,-9476,-4602,3220,-647,-2432
-9784,-4002,13156,4778,-3965,-107,-2368
6592,-4562,7390,-1736,1640,-56,-2400
2902,2540,2104,-1190,1703,-35,-2384
-8836,1694,14994,1242,-2035,392,-2384
7208,1006,5664,-340,575,-318,-2384
-3476,-6382,11816,-1808,1887,-212,-2400
-5632,-88,6680,1280,-1586,-36,-2416
1546,-2964,12586,1130,-714,-340,-2416
2900,-1894,3620,-2187,2560,-529,-2416
-2906,2092,7278,2412,-2127,-141,-2432
-1876,646,14726,899,-1066,38,-2432
10678,2284,-7534,-5012,3702,-630,-2400
-7586,-1126,9890,5041,-3710,-160,-2416
9128,1316,-5114,-3055,2125,-137,-2384
4218,3964,-1290,220,627,-81,-2368
-7458,2598,10478,787,-1620,454,-2432
3848,66,7996,-152,124,-134,-2448
2646,-2472,382,-2368,2379,-274,-2416
-4404,1400,5718,1995,-1995,-33,-2352
6738,2646,2704,1114,-256,-661,-2352
-7044,-968,14822,2271,-1642,-266,-2400
1056,-240,7048,-455,175,186,-2400
11044,9890,-5464,-2168,1134,-637,-2400
-12450,-11904,26304,2815,-1238,-94,-2416
6354,8576,-504,-3098,1392,-78,-2416
3256,1026,9212,2074,-686,-117,-2416
-8730,1774,18620,-254,-171,400,-2432
208,146,6478,-373,-300,192,-2416
6024,2910,756,-2054,2103,-499,-2384
-6644,-4956,10794,2301,-1778,-42,-2416
996,-1872,7996,-1220,338,-88,-2400
6504,2918,550,-216,1039,-624,-2432
-8012,-5272,17408,1595,-962,-238,-2400
534,590,9308,-526,173,191,-2416
4412,10340,7126,-586,-123,-537,-2384
-5690,-15648,23784,411,655,-28,-2400
7360,6002,-3010,-1327,-145,-78,-2400
3270,-2556,19650,1843,-379,-113,-2384
-4394,-810,13148,-948,664,320,-2448
1986,-290,7876,-390,-451,304,-2384
5362,1792,-1268,-1341,1555,-566,-2432
-8242,-8444,18626,1847,-1217,2,-2400
1810,550,2528,-1266,271,-27,-2416
7314,3228,-2474,516,320,-560,-2416
-5208,-4864,14020,388,336,-308,-2400
1488,1900,3604,-475,-50,100,-2400
7162,11290,2728,1050,-1503,-496,-2400
3872,-9136,5532,-2122,2546,-127,-2416
1520,8316,2796,414,-1536,35,-2416
2404,-1912,20072,1353,34,-138,-2368
-6534,-472,16314,-2052,1789,347,-2400
-3562,656,6316,258,-1154,347,-2400
7634,3762,4556,-751,1170,-507,-2416
-8204,-7948,16562,519,-126,-15,-2384
-110,2894,2756,-576,-251,7,-2432
5784,1626,6870,1297,-392,-569,-2400
-8834,-3726,18048,2885,-2392,-115,-2400
-1676,1082,14494,544,-840,67,-2416
10636,1434,-7850,-5129,3808,-638,-2400
-7486,428,8632,5025,-4041,-172,-2400
9074,382,-5008,-2807,2079,-169,-2416
5170,4524,-2474,-691,1403,-23,-2416
-8128,2580,10944,1301,-2125,418,-2384
7970,1008,6514,-267,338,-215,-2400
2966,-2442,-234,-2367,2338,-210,-2432
-4930,922,6176,2042,-2112,-17,-2416
2880,-1732,13012,394,-337,-323,-2384
6964,1408,-3230,-2080,2635,-620,-2400
-7804,-918,15512,2861,-2456,-126,-2400
-2988,1472,18134,538,-648,116,-2432
12534,10794,-7794,-4663,3135,-693,-2416
-12940,-11514,25064,5259,-3555,-241,-2384
8478,-3292,-2834,-3608,2106,-90,-2432
5408,5290,-3014,585,406,-145,-2400
-9482,1208,18994,1122,-1714,396,-2400
5644,826,5974,-528,165,-53,-2416
1120,-4090,3758,-2362,2430,-344,-2384
-7184,-4696,11298,2343,-2108,-30,-2432
892,-1986,8366,-468,55,-186,-2432
6140,554,-1328,-1197,1894,-694,-2416
-8496,-5684,18288,2581,-1951,-168,-2384
314,-152,9356,-258,-26,170,-2416
12736,7130,-9284,-2678,1581,-550,-2400
-7366,-17212,29206,3260,-1615,-17,-2416
7496,4956,-2590,-3307,1529,-12,-2416
5164,3876,726,1906,-515,-403,-2416
-9678,1754,17966,72,-425,487,-2400
2530,1232,6864,-604,-39,120,-2400
5300,514,-1234,-2114,2246,-451,-2400
-6464,-2170,8446,2088,-1672,-10,-2416
1020,-142,3586,-789,174,-132,-2416
7172,3424,-2664,-501,1165,-691,-2400
-8322,-3956,17956,1921,-1202,-362,-2432
904,1432,3992,-734,234,169,-2416
3318,-10742,7372,-4996,4368,-399,-2400
2364,8998,2768,2929,-3045,112,-2416
2558,-1536,19376,2346,-763,-370,-2416
-6900,608,17182,-110,-374,483,-2400
3508,830,7194,-279,-319,165,-2384
3796,-1698,-600,-2191,2244,-439,-2416
-7400,-7232,14184,2168,-1679,23,-2368
860,-758,5026,-992,226,-83,-2400
6768,2878,-2806,-111,888,-598,-2416
-6520,-4946,15572,1418,-803,-311,-2384
986,418,6044,-522,148,184,-2384
10608,9638,-3716,-550,-190,-567,-2432
-810,-13774,16360,536,592,-190,-2416
5568,8008,-158,-1594,145,61,-2416
3156,380,11590,2195,-686,-419,-2384
-8216,1828,18146,-1181,792,440,-2432
-372,-86,6974,-198,-538,260,-2432
5908,3172,1332,-1759,1858,-518,-2400
-6466,-4812,10678,1802,-1141,-49,-2416
1118,868,2352,-1203,278,-43,-2416
6634,3238,226,391,334,-828,-2400
-7948,-5232,17858,970,-227,-311,-2400
48,2280,3732,-557,52,91,-2384
4506,10732,7156,708,-1199,-526,-2416
-5470,-15936,25322,-634,1478,-97,-2384
7696,5868,-2716,-45,-1086,79,-2400
2998,-2998,20824,1785,-284,-112,-2432
-3544,-852,13020,-1623,1400,267,-2416
1778,-94,8030,-64,-871,352,-2384
7576,3418,5816,-901,1211,-486,-2432
-7832,-8474,18068,1014,-482,76,-2400
1322,600,2604,-1163,142,-24,-2400
4978,-194,9870,1072,-160,-639,-2416
-8532,-3696,17772,1499,-806,-272,-2416
920,1110,3922,-491,112,177,-2384
9000,10590,-70,-537,-157,-537,-2400
-10266,-14742,28606,1253,69,45,-2400
6368,-3714,10952,-56,791,-144,-2400
1348,454,4858,-1987,1838,163,-2400
-2454,714,5808,144,-1132,397,-2400
6842,4118,3992,-566,964,-574,-2432
-4568,-6904,13242,-9,309,-92,-2416
376,2550,2210,-691,-175,19,-2384
6180,2020,5024,1384,-438,-678,-2416
-7640,-5478,17008,-494,1077,-361,-2384
-1780,2768,5720,296,-822,-17,-2400
916,9082,12882,1713,-2084,-405,-2400
-1362,-14408,18114,-3921,3722,-270,-2416
-5354,2038,6276,2428,-2733,169,-2384
5032,-3372,16778,5,800,-154,-2400
-1010,-1134,9694,-1892,1953,169,-2432
-7228,2544,9336,633,-1642,452,-2416
7708,1886,7094,-242,656,-396,-2416
-6806,-7940,16552,-836,977,11,-2384
1538,1428,1660,300,-820,49,-2400
3572,-1518,12758,1533,-679,-666,-2400
-1482,-3932,9496,-352,987,-293,-2416
-96,2130,3574,-31,-471,56,-2352
4332,11836,7150,1580,-2041,-451,-2432
-6394,-16880,27582,-2951,3156,-225,-2368
-1656,6030,3922,1253,-1945,116,-2400
3158,-3142,21936,1137,74,-159,-2416
-4024,-1288,13090,-2326,2088,174,-2416
-5870,2320,7522,620,-1580,414,-2400
7560,2784,6476,-463,910,-552,-2432
-7990,-8120,18126,-698,835,4,-2416
-2500,2498,3904,-66,-603,-51,-2352
4708,142,10910,1560,-664,-721,-2416
-4202,-5416,12992,-1494,2022,-396,-2368
-5020,1604,10282,1192,-1497,-54,-2416
-2904,5518,19148,2037,-2144,-412,-2416
4822,-8710,3326,-5200,4457,-339,-2416
994,8148,2848,4164,-3719,-123,-2400
6680,-4500,6846,-409,886,-158,-2400
3524,2552,1312,-2312,2409,83,-2400
2636,988,7242,-507,46,16,-2416
-7734,-7708,16048,386,50,-41,-2416
-864,2120,3382,-627,-280,50,-2384
6080,1356,6766,1116,-271,-704,-2384
-6180,-4854,14970,-306,905,-369,-2352
1126,546,4884,218,-683,55,-2400
-1028,8772,15440,1662,-2070,-205,-2400
1018,-12816,13146,-3774,3658,-346,-2416
3958,9122,1416,1909,-2447,-61,-2416
5090,-5230,15994,897,129,-174,-2400
1460,842,4564,-2764,2511,147,-2400
-2252,632,5930,864,-1658,387,-2400
7432,1568,6132,-551,830,-486,-2448
-5056,-6898,14538,-306,606,-82,-2384
674,1756,2324,25,-713,-59,-2400
2786,-2566,12850,1571,-737,-411,-2416
880,-2380,5832,-1879,2222,-379,-2384
-1772,2196,5532,1267,-1418,-16,-2384
1616,9146,12352,1676,-1948,-191,-2384
9208,-1032,-5100,-4923,4204,-407,-2400
-4806,2656,6394,3959,-3599,-131,-2400
3866,-3466,19192,-1187,1319,-65,-2416
4382,4326,-1596,-1842,2141,90,-2416
-6916,1172,8750,921,-1813,449,-2400
7654,2986,6028,-146,439,-329,-2400
1010,-4486,4020,-1407,1569,-90,-2416
-2958,2428,4374,584,-1040,-46,-2416
4004,-1248,11402,1417,-683,-444,-2384
-2520,-3304,10404,-1983,2393,-480,-2400
-5742,96,12360,1636,-1672,-58,-2400
-2956,3824,17422,1436,-1596,-82,-2384
6362,-5428,130,-5236,3958,-520,-2416
-1004,6148,4418,3176,-3146,-159,-2384
2390,-2990,22208,-577,1106,-121,-2400
3234,3608,766,-1927,2063,106,-2400
-5276,414,7764,746,-1660,416,-2368
7736,3604,5234,-329,698,-401,-2416
-5856,-1584,7778,2228,-1868,5,-2400
4968,232,9104,1339,-709,-401,-2400
4144,-1216,1412,-2188,2508,-500,-2400
-4344,1780,9476,1939,-1904,-73,-2400
-1784,6012,16842,1391,-1667,-27,-2432
11272,4034,-7908,-5031,3950,-699,-2416
-9396,-3166,13300,4591,-3869,-98,-2384
6898,-3486,8074,-2423,1941,-135,-2400
1548,940,4342,-811,1454,7,-2400
-8120,3142,11932,794,-1770,391,-2400
7508,820,5514,-53,350,-300,-2416
-4606,-6682,13816,-2014,2001,-175,-2416
-5234,314,6294,1521,-1762,-10,-2368
2244,-2416,12626,861,-514,-340,-2432
1440,-2772,5998,-1965,2491,-497,-2432
-7474,-1934,16326,2338,-2157,-123,-2416
-2154,534,16166,987,-1016,36,-2384
10384,620,-8470,-5029,3579,-608,-2368
-12178,-14418,29226,5137,-3600,-187,-2384
9304,-350,-5704,-3448,2293,-91,-2416
4726,4700,-2886,257,618,-117,-2384
-7696,1884,11218,1143,-1849,448,-2384
5006,1002,6592,-440,313,-149,-2400
1962,-2862,1194,-2356,2382,-272,-2400
-4224,1722,5538,2194,-2108,-5,-2416
602,-1224,6940,25,-148,-247,-2416
6684,1306,-2416,-1655,2244,-679,-2400
-7186,-826,15242,2821,-2306,-202,-2400
1498,756,6768,-384,60,177,-2384
11380,8612,-5982,-3042,1972,-613,-2384
-12416,-10996,24448,4156,-2573,-50,-2416
9266,-1976,-2750,-3237,1692,-112,-2400
3796,1206,7982,1381,-150,-247,-2400
-8950,1910,18340,484,-844,361,-2416
5402,482,7404,-577,18,72,-2416
5988,2820,234,-2322,2414,-435,-2384
-7272,-4802,11208,2442,-2026,45,-2400
4152,-880,12174,1413,-527,-618,-2416
-2782,-4324,10940,-452,1009,-359,-2432
548,2178,3440,-42,-492,68,-2400
4808,11780,6068,1513,-1930,-319,-2400
-7042,-17538,28264,-2559,2868,-124,-2368
-624,7014,3572,1611,-2287,105,-2416
2858,-2932,22548,1433,-56,-203,-2416
-4858,-1450,13866,-2409,2068,281,-2384
-5208,1834,6868,589,-1491,363,-2400
7662,2890,6082,-632,1094,-522,-2400
-8102,-8246,17688,167,141,32,-2432
-1636,2660,3722,-277,-484,-18,-2416
5022,406,10124,1468,-577,-571,-2416
-4744,-5114,13406,-1523,1947,-424,-2400
-4984,1480,10428,1211,-1461,8,-2416
-2778,6786,18388,1808,-2127,-471,-2384
3836,-10070,6178,-4688,4144,-416,-2416
2050,8254,2200,3185,-3142,97,-2384
6576,-4496,10048,-64,704,-119,-2400
2462,1616,2976,-2440,2487,127,-2400
-3372,814,5658,967,-1812,369,-2416
6676,628,7088,-117,536,-393,-2416
-3430,-6336,11634,-1386,1477,-95,-2400
-328,2572,2740,592,-1144,20,-2400
1704,-2266,12592,1367,-743,-553,-2384
2662,-2730,3480,-2202,2564,-359,-2416
-2882,2326,6758,1661,-1801,-62,-2384
-580,9038,15518,1745,-1876,4,-2432
11216,1552,-9082,-5590,4429,-661,-2400
-6716,1234,6250,4880,-4050,20,-2416
4666,-5130,18062,-1588,1476,-172,-2416
5598,5138,-3426,-1345,1904,-84,-2400
-8130,1804,12170,1415,-2183,430,-2400
7488,1832,7010,-208,415,-321,-2400
2800,-2484,368,-2061,2077,-153,-2416
-4452,1200,5206,1391,-1673,-63,-2416
2474,-2478,13538,789,-452,-360,-2400
6808,2602,-3306,-2286,2635,-586,-2384
1036,770,6384,-545,80,153,-2400
11832,8258,-6248,-743,47,-609,-2416
-3350,4078,5204,4594,-3824,-98,-2384
8546,-2442,-1212,-1639,1528,-149,-2384
4346,3880,-732,-1531,1971,13,-2384
-6194,1538,7998,1052,-1934,350,-2432
5360,412,6846,-60,281,-278,-2384
682,-4520,4432,-2032,2049,-209,-2416
-2754,2834,3996,1138,-1449,-42,-2416
3818,-910,11872,1256,-692,-409,-2416
5680,94,-716,-2253,2596,-493,-2432
-5556,594,12028,2288,-2091,-152,-2368
-2784,4414,17860,944,-1157,-12,-2384
12300,6666,-8280,-5038,3765,-673,-2416
-11202,-6204,17464,4981,-3756,-237,-2400
8134,-3264,2518,-3124,2233,-121,-2400
3638,2360,3062,254,609,-64,-2416
-8432,2728,14338,862,-1653,423,-2384
6500,880,6432,-56,130,-199,-2416
-2408,-5912,9504,-2532,2504,-281,-2400
-6042,-1684,7634,1961,-1973,-2,-2400
1130,-2836,11844,119,-190,-291,-2416
3778,-1078,2388,-1760,2301,-576,-2416
-8002,-3626,17592,2474,-2091,-161,-2384
-1482,442,13760,221,-420,147,-2400
10798,3036,-7530,-3843,2660,-614,-2400
-10064,-15224,28302,4188,-2694,47,-2384
9084,2326,-4754,-3249,1936,-126,-2416
4114,3632,-96,1172,-110,-132,-2400
-7690,3226,11254,609,-1168,386,-2400
3436,160,8568,-251,-35,-61,-2400
3604,-1720,-1016,-2537,2553,-364,-2448
-5176,680,5962,2405,-2206,-43,-2384
2164,-2398,13338,564,-481,-311,-2400
1212,-2850,5652,-2171,2624,-560,-2432
-7678,-1712,16134,2554,-2245,-153,-2400
-2352,1110,16118,363,-553,108,-2384
-12304,-13712,28274,1107,134,-84,-2400
5030,8758,1030,-2472,833,-30,-2384
4204,4224,-1472,-1395,1831,76,-2416
-7238,2762,9830,622,-1653,411,-2400
7674,1854,6290,15,442,-349,-2384
-7068,-8138,17724,-1446,1439,-123,-2384
-3836,2100,4704,1027,-1417,-25,-2400
3894,-2012,12622,1238,-541,-431,-2400
-1632,-3290,8692,-2032,2458,-538,-2384
-6936,-428,14500,1899,-1944,-86,-2416
-2796,3988,17026,1300,-1562,14,-2384
7012,-4600,-660,-5008,3882,-611,-2432
-11946,-8646,21486,4896,-3960,-163,-2416
8966,-2460,-30,-2308,1824,-184,-2416
3416,2954,462,-1048,1642,-68,-2416
-5918,2368,6784,1211,-2027,437,-2400
5722,896,7822,-98,263,-307,-2432
-418,-4762,5476,-2170,2108,-233,-2400
-2356,2684,3816,1701,-1932,-64,-2384
1010,-2364,9612,712,-454,-373,-2384
5206,-768,-472,-2220,2688,-590,-2400
-5318,1152,11340,2674,-2351,-98,-2432
-50,88,10680,422,-581,136,-2416
12250,6342,-8788,-4606,3212,-663,-2416
-11260,-5804,16418,5206,-3828,15,-2416
7970,-4396,5078,-3364,2128,-98,-2400
4894,3372,-252,143,753,-10,-2400
-9362,2484,15826,1113,-1672,464,-2416
6842,972,6792,-363,148,-100,-2384
5284,572,-1676,-2462,2514,-389,-2400
-6392,-1772,8116,2358,-2243,-16,-2400
1686,-2464,11396,-260,11,-242,-2400
7240,3164,-2770,-1529,2206,-733,-2416
-8848,-4002,17944,2618,-2035,-170,-2416
-1426,496,13922,68,-281,119,-2384
11382,2472,-8884,-3299,2061,-712,-2432
-11360,-15488,30210,4366,-2773,-55,-2368
8726,766,-5180,-3501,1982,-83,-2432
1262,610,5726,-2542,2379,180,-2400
4304,1186,6840,-509,132,-84,-2400
3430,-1888,-220,-2335,2424,-332,-2400
-5040,702,5972,2077,-2060,8,-2400
634,-1134,5860,-237,-37,-218,-2416
7136,2038,-3340,-1793,2331,-601,-2416
-8074,-1928,16130,2761,-2067,-208,-2432
1144,464,5986,-380,32,183,-2416
12066,10998,-6392,-2907,1691,-643,-2416
-12842,-12294,26802,4023,-2285,-130,-2416
8626,-2224,-3610,-3540,1856,-74,-2416
3756,1490,9230,1776,-413,-225,-2400
-9210,1454,18718,405,-838,309,-2400
5274,1390,5568,-327,-254,123,-2384
6150,2890,706,-2239,2358,-439,-2416
-6982,-4744,10700,2165,-1878,-37,-2416
406,-2034,8644,-763,117,-106,-2368
6916,3568,190,-552,1297,-761,-2416
-8004,-5324,17510,1927,-1268,-282,-2416
-212,-438,10024,-458,99,192,-2448
12878,7624,-9232,-1243,409,-605,-2400
-6802,-17314,28730,2396,-830,-128,-2400
7640,5464,-2428,-2437,787,39,-2384
4818,3534,1784,2464,-959,-242,-2416
-4032,-444,14016,-531,143,389,-2384
2022,596,7354,-240,-497,221,-2400
5104,470,-1322,-1937,1993,-517,-2400
-7342,-7672,16656,1887,-1296,-3,-2416
694,-126,3658,-1117,220,-90,-2416
7180,3570,-2816,250,498,-640,-2400
-8228,-3930,18214,1247,-496,-370,-2432
986,1656,3686,-789,252,186,-2400
7774,11334,1554,-522,-92,-469,-2416
-10004,-15990,30422,1353,-133,-41,-2416
9088,2694,-4706,-1596,169,-2,-2400
2484,-1848,19650,2249,-730,-144,-2432
-6342,692,16816,-769,377,433,-2400
7180,1130,5900,-180,469,-260,-2400
-4384,-7038,13874,-1328,1454,-87,-2416
110,2280,2484,603,-1048,-39,-2416
2176,-2820,12922,1527,-765,-389,-2384
-6496,-4932,15724,1592,-924,-298,-2416
924,382,6384,-577,195,160,-2416
10546,9880,-4052,-1095,313,-498,-2384
-11816,-12808,26806,2087,-660,43,-2384
5370,7986,402,-2053,487,-103,-2400
2878,126,11930,2111,-634,-231,-2432
-8320,1904,18232,-752,438,431,-2384
-508,-196,6550,-349,-390,263,-2416
6212,3698,1180,-1734,1860,-550,-2400
-6874,-5586,11838,2148,-1475,0,-2400
1558,1788,1730,-1387,377,-46,-2416
6614,3104,1136,392,393,-582,-2384
-8502,-5976,18984,1096,-389,-278,-2384
888,374,7540,-680,114,128,-2400
2948,10096,9770,667,-1168,-506,-2432
-4314,-15878,23130,-1222,1870,-159,-2384
7464,7080,-2148,-288,-900,-24,-2416
3510,-3114,20960,1872,-404,-160,-2416
-3276,-818,12544,-1542,1308,268,-2400
1358,-212,7546,-126,-760,341,-2400
5784,1938,-1014,-1253,1499,-524,-2400
-7686,-8258,17954,1779,-1172,80,-2384
1510,912,2416,-1270,300,-42,-2416
7194,3172,-1918,365,431,-623,-2400
-4128,-4628,12890,542,208,-256,-2416
844,1662,3696,-454,-53,114,-2416
7420,11826,2200,551,-1137,-436,-2416
-9130,-16826,30270,-1157,1963,-210,-2400
1442,8076,2962,-460,-891,90,-2368
2758,-1500,19374,2160,-572,-322,-2400
-6470,-734,16620,-1909,1620,333,-2416
-3800,1288,5682,-31,-888,362,-2384
7428,3580,4768,-711,1057,-594,-2400
-8320,-8140,17650,695,-215,45,-2432
-640,2972,2586,-800,-94,-56,-2416
5632,1272,7998,1327,-385,-683,-2384
-6552,-5554,15854,32,628,-312,-2400
1782,1624,3532,-259,-247,89,-2400
-990,8062,16216,1346,-1804,-413,-2416
1160,-12694,12636,-2172,2639,-268,-2384
3352,7992,2168,582,-1505,121,-2416
3310,-12,14510,1309,-53,-187,-2368
368,-214,6936,-1887,1709,278,-2368
-1922,918,6138,223,-1259,395,-2416
7386,3772,2430,-425,916,-536,-2384
-4936,-7258,13628,86,236,59,-2416
582,2192,2226,-446,-333,50,-2368
6410,2506,3948,1453,-545,-605,-2432
1014,-3362,6150,-1110,1623,-367,-2352
-1476,2426,5148,504,-962,-40,-2416
1080,10700,12538,2061,-2331,-439,-2432
-2600,-16294,22226,-4459,4100,-273,-2400
-4354,3716,4006,2628,-2811,186,-2400
3860,-4500,21048,409,488,-142,-2416
-1296,-454,9676,-2579,2465,131,-2416
-7352,1864,9716,1061,-1923,464,-2432
7580,1784,6972,-280,630,-380,-2400
-6684,-8060,16632,-1427,1500,-187,-2416
-3784,2088,4902,556,-1060,6,-2384
3092,-1184,13606,1676,-853,-458,-2416
-1114,-4226,8648,-2290,2567,-432,-2400
-7064,-748,14344,2157,-2112,-88,-2384
-3144,3094,18362,1489,-1654,60,-2384
7890,-4056,-3510,-5615,4431,-586,-2384
-2038,5378,3096,3064,-3067,140,-2400
2790,-3622,22592,564,315,-148,-2400
4680,4076,-1788,-2372,2361,112,-2384
-6076,872,7862,905,-1738,386,-2384
7372,2880,6604,-461,796,-422,-2416
-7252,-7696,16966,-522,751,-101,-2416
-2474,2186,4644,-57,-596,-26,-2384
7426,3654,-1872,-1129,1781,-669,-2384
-8144,-4574,17862,2390,-1805,-199,-2400
-742,-716,11722,390,-534,111,-2432
12392,6314,-9514,-4316,2939,-660,-2400
-11010,-5578,15712,5129,-3512,-73,-2400
8148,4876,-4764,-3621,2120,-74,-2384
4822,3860,-320,772,193,-109,-2416
-9442,1764,16644,867,-1491,370,-2416
6782,830,6110,-437,237,-80,-2416
4948,2,-1110,-2275,2353,-355,-2400
-5974,-940,7810,2195,-2131,-32,-2400
1636,-3196,11788,-443,40,-255,-2416
7020,3460,-2526,-1412,2026,-690,-2384
-8184,-4144,18258,2352,-1737,-216,-2400
-1442,1142,12892,-318,-31,164,-2400
8482,9954,354,-2130,1225,-542,-2416
-10116,-14400,27600,3226,-1818,-39,-2416
9054,1774,-4758,-2957,1495,-83,-2384
4248,3652,78,1553,-263,-287,-2432
-7080,1228,17512,211,-647,461,-2400
3138,-148,9392,-117,-353,139,-2416
3474,-2112,-976,-2371,2382,-423,-2416
-7504,-6832,14540,2486,-2036,-56,-2384
842,-1068,5648,-1133,364,-120,-2368
6764,2312,-3192,-713,1482,-698,-2432
-7144,-5294,16974,1823,-1171,-242,-2416
1072,310,6354,-663,224,217,-2416
10794,9500,-4604,-623,-46,-439,-2400
-12222,-12216,26400,1575,-262,-151,-2432
5730,8234,-378,-2295,692,-70,-2368
3200,140,10830,2076,-493,-396,-2416
-8448,2402,17696,-542,212,417,-2416
-240,-386,7728,-154,-612,252,-2400
6582,3270,470,-1890,2005,-508,-2432
-7166,-5240,11546,1893,-1243,26,-2384
1548,1392,1956,-1391,384,-38,-2384
6832,3190,432,182,611,-678,-2416
-8304,-5926,18186,859,-141,-242,-2368
-2598,3696,17448,926,-1199,-46,-2416
6816,-4754,-1156,-5103,4003,-574,-2400
-1892,5042,4470,4635,-3892,-157,-2400
8698,-2868,398,-1312,1465,-113,-2384
3442,2944,670,-1313,1820,70,-2400
-5176,1644,6700,755,-1792,424,-2400
6008,498,6750,32,406,-335,-2416
-1310,-5308,6884,-1828,1797,-59,-2416
-1820,2782,3888,1002,-1337,-36,-2416
5082,70,10026,1092,-574,-425,-2400
4482,-1288,1256,-2105,2536,-446,-2432
-4622,1986,10114,2287,-2190,-109,-2416
-2640,5662,18316,1289,-1380,-89,-2384
12510,5538,-10462,-5627,4233,-666,-2416
-10186,-3750,12420,5216,-4058,-164,-2400
7286,-4812,7064,-2610,2041,-145,-2400
4824,3700,-1356,-433,1211,18,-2416
-8904,2338,14170,1213,-2053,391,-2384
7362,902,6496,-270,338,-209,-2400
-3866,-6458,12186,-2332,2328,-226,-2368
-5644,-810,7308,1828,-1940,-11,-2400
1850,-2420,12246,353,-326,-295,-2416
2858,-2326,3666,-2062,2560,-625,-2384
-8438,-3120,17752,2761,-2392,-129,-2400
-1672,680,14704,365,-533,134,-2400
11016,1684,-8728,-4262,2879,-675,-2384
-11762,-15142,30028,4980,-3357,-110,-2384
8794,58,-4836,-3446,1997,-79,-2400
5492,4816,-3276,673,273,-272,-2432
-8474,48,19338,989,-1406,439,-2384
4754,1338,6638,-758,260,-82,-2416
3156,-1944,106,-2248,2372,-364,-2384
-4966,788,6518,2250,-2047,-33,-2368
678,-844,6204,-397,-44,-203,-2400
6926,1416,-3078,-1341,1988,-637,-2416
-7696,-1206,15356,2574,-2255,-193,-2416
-3028,1490,17882,462,-600,121,-2432
9422,-1846,-6376,-4861,3353,-676,-2400
6132,8900,102,-578,-819,-8,-2400
4124,1956,7440,2581,-895,-135,-2416
-9630,990,20230,-587,198,336,-2416
522,916,5988,-405,-386,273,-2400
5808,2772,886,-1796,1909,-552,-2432
-7022,-4982,10788,2067,-1553,47,-2400
1372,988,2300,-1109,193,-51,-2416
6750,3722,-168,-42,713,-614,-2416
-8532,-5384,18024,926,-252,-325,-2400
72,-412,9742,-561,102,181,-2432
5176,12000,5946,365,-970,-613,-2416
-7174,-17248,28748,48,997,-124,-2416
7996,5288,-3924,-1522,-62,20,-2384
2614,-2808,22702,2471,-839,-408,-2400
-4446,-1280,14084,-1662,1252,378,-2432
2696,1034,6692,118,-869,343,-2384
7106,3012,6336,-1232,1470,-529,-2384
-7312,-7492,16220,1026,-510,10,-2400
810,-102,3726,-976,15,-20,-2400
5060,624,8764,954,-157,-477,-2384
-4986,-4776,13904,43,638,-377,-2384
910,1312,4338,-309,-207,111,-2416
8874,11540,158,1496,-1889,-607,-2432
3108,-11106,8550,-2230,2682,-169,-2400
2770,8640,2314,1158,-1921,68,-2384
2578,-1234,17918,1561,-200,-118,-2384
1878,1358,4516,-2144,1861,261,-2448
-2910,-192,7708,525,-1305,383,-2400
6732,4172,3672,-886,1155,-466,-2400
-4670,-6890,14520,332,99,4,-2384
140,2148,2424,-768,-181,11,-2384
5996,1972,4228,1348,-412,-457,-2400
-6822,-5168,15808,-810,1298,-360,-2400
-1916,1668,5732,356,-757,47,-2432
2394,9852,10424,1551,-2019,-485,-2416
-2460,-14464,20254,-3178,3303,-379,-2384
-4126,3332,6122,2338,-2635,144,-2400
4142,3858,-220,-1223,1742,-13,-2416
-6688,1718,8558,875,-1777,453,-2432
5952,2760,146,-1440,1594,-527,-2400
-6752,-7850,16914,1348,-703,44,-2448
1074,614,2180,-1301,273,-48,-2384
6970,3100,-1104,450,349,-540,-2384
-8236,-4984,17838,599,130,-348,-2400
514,2148,3332,-512,-50,119,-2400
6180,10496,4556,968,-1443,-567,-2416
-7518,-15260,27144,-652,1461,-204,-2400
-680,6048,4582,71,-1183,48,-2384
3218,-2222,19236,1541,-136,-245,-2416
-4984,-566,15198,-1094,924,279,-2416
2298,114,8252,-149,-828,350,-2400
7594,3914,5120,-1088,1364,-423,-2400
-8354,-8056,18062,796,-338,30,-2384
1092,296,3472,-1071,62,-1,-2416
5476,430,8550,1150,-265,-788,-2400
-5672,-4754,14502,-13,694,-309,-2400
1222,1036,4328,-214,-314,72,-2400
-1072,7946,15768,1393,-1826,-405,-2416
1570,-12108,11662,-2429,2769,-205,-2416
3286,8440,2562,1568,-2175,159,-2400
5810,-4176,12922,816,257,-173,-2416
1212,506,5372,-2233,2004,220,-2384
-2134,1128,5824,422,-1370,389,-2416
6666,3606,3284,-730,1145,-512,-2384
-5504,-7062,14372,-136,430,15,-2400
512,1858,2518,-393,-376,14,-2432
6832,2326,3580,1491,-582,-686,-2384
710,-3376,6654,-1022,1593,-433,-2384
-1390,3040,5244,827,-1194,-30,-2400
590,9460,13580,1900,-2152,-275,-2416
-1650,-14764,18172,-4209,3909,-254,-2416
-5250,1866,5680,2526,-2784,20,-2416
4482,-3922,18284,258,584,-193,-2432
-926,-526,8722,-2215,2159,191,-2400
7800,1618,6502,-303,427,-271,-2400
1666,-3350,1992,-1887,1911,-178,-2416
-4078,1840,5330,1276,-1563,3,-2416
4524,-1244,11506,1103,-525,-506,-2416
-2236,-3774,10090,-1860,2401,-504,-2416
-6608,472,13430,1590,-1769,-69,-2384
-2996,3696,17992,1459,-1551,-118,-2432
6928,-5262,-1486,-5569,4250,-566,-2400
-12238,-8848,20648,5227,-4176,-45,-2416
8252,-3950,712,-2091,1703,-142,-2416
4342,4068,-1036,-1480,1952,-25,-2416
-6002,1650,7422,1463,-2222,409,-2400
6010,922,7314,-262,409,-309,-2368
-450,-5256,5926,-2209,2178,-228,-2416
-2094,2882,3628,1626,-1846,-69,-2416
1034,-2380,10236,877,-531,-382,-2416
5118,-802,-452,-2368,2853,-561,-2368
-5254,1230,10660,2704,-2368,-182,-2400
-324,158,11112,470,-692,109,-2416
12222,5486,-8626,-4712,3372,-711,-2384
-10526,-4806,15234,5026,-3622,16,-2432
7206,-4356,7134,-3238,2034,-114,-2400
5000,3766,-834,310,611,-88,-2416
-9288,2522,15302,1186,-1739,426,-2384
6520,1122,7188,-317,181,-51,-2416
5282,6,-1722,-2423,2482,-368,-2400
-5956,-1236,7506,2241,-2103,-17,-2400
1630,-2504,12010,-325,9,-199,-2384
7276,3062,-3106,-1703,2347,-647,-2416
-8410,-3784,17332,2513,-1871,-172,-2400
-1928,388,14614,-15,-210,171,-2400
9724,11388,-1978,-2806,1634,-661,-2416
-11616,-15294,30268,4070,-2404,-132,-2384
8808,598,-5814,-3616,1996,-51,-2416
5180,5164,-2932,1676,-386,-281,-2400
-8028,1182,17872,312,-803,373,-2432
4226,912,7148,-180,-305,88,-2384
2864,-2882,776,-2266,2359,-459,-2416
718,1846,2120,-740,-132,-5,-2432
6294,3078,2792,1195,-308,-516,-2384
-7772,-1794,16182,2588,-1882,-179,-2416
972,670,6524,-365,-25,225,-2416
11504,9560,-5690,-2173,1182,-625,-2400
-12302,-11412,25702,3303,-1742,-53,-2400
5838,7614,-76,-2947,1348,-60,-2384
3364,1116,9342,1861,-521,-325,-2416
-8530,2500,17150,103,-573,392,-2384
5340,768,5990,-113,-401,113,-2368
5750,2428,-128,-2281,2323,-397,-2368
-6516,-3934,9768,2194,-1847,2,-2400
352,-1908,9838,-872,180,-106,-2384
6900,3346,-1064,-875,1559,-714,-2416
-8108,-4386,17400,1968,-1273,-249,-2400
-706,-956,11470,-536,119,188,-2400
5300,11950,5162,-897,145,-611,-2384
-7446,-17466,30028,1961,-458,-97,-2416
7964,5434,-3368,-2699,979,11,-2384
4218,3224,1160,2512,-904,-402,-2400
-4258,168,14148,-830,351,447,-2400
1948,464,7990,44,-681,212,-2416
4838,18,-1446,-1993,2030,-538,-2416
-7388,-7490,16004,1894,-1227,32,-2432
752,-260,4144,-1237,299,-93,-2400
6928,3206,-2848,41,665,-695,-2400
-5338,-4996,14268,1108,-408,-344,-2416
1282,1496,4208,-656,157,163,-2384
8522,10524,252,501,-1034,-516,-2400
2526,-10356,9126,-1328,1944,-159,-2384
2582,7554,2876,1,-1083,-57,-2416
2980,-1098,17294,1777,-355,-167,-2384
-6840,992,17592,-1434,1235,300,-2400
3372,-20,8752,-345,-277,220,-2432
3678,-1972,-1304,-2167,2229,-485,-2400
-7622,-7208,14890,2436,-1888,-28,-2400
552,-478,5546,-1234,345,-84,-2416
1130,-2656,5948,-1235,1662,-353,-2416
-1428,2408,5300,-111,-423,29,-2416
10668,10234,-4368,-2291,1276,-554,-2448
-12318,-13326,27874,3685,-2023,32,-2448
9912,-1080,-5160,-3149,1438,-145,-2400
4458,4566,-1930,311,621,-103,-2432
-8764,1384,18898,1009,-1622,465,-2416
4854,720,7572,-480,256,-117,-2448
1642,-3254,1380,-2446,2461,-337,-2400
-3906,2048,5174,2482,-2320,-65,-2400
780,-950,6814,-309,-18,-237,-2400
6364,1188,-2554,-1489,2174,-639,-2384
-7302,-648,14776,2687,-2116,-184,-2416
1210,716,7496,-428,80,156,-2400
11672,7610,-6588,-2816,1722,-535,-2368
-12128,-9486,22406,3495,-1943,-35,-2384
7072,6952,-2226,-3193,1642,-113,-2416
4198,1872,5202,1331,-112,-153,-2416
-9102,2872,17708,515,-833,388,-2400
1430,-162,7310,-534,-96,165,-2416
5986,2190,-1064,-2286,2392,-458,-2416
-6718,-4328,9504,2519,-2110,-35,-2416
758,-1968,9598,-1105,330,-79,-2400
7366,3878,-1984,-861,1508,-720,-2400
-9320,-4864,18856,2271,-1485,-231,-2400
-146,-482,10906,-788,348,204,-2384
5906,12182,4402,-1155,249,-525,-2416
-8748,-18192,31520,1728,-204,-124,-2400
8470,4422,-4864,-2683,827,26,-2400
2740,-2098,22152,2528,-826,-352,-2416
-5932,-548,16386,-850,481,456,-2384
2546,366,7380,-255,-560,329,-2400
5216,636,-1660,-2360,2434,-365,-2416
-6338,-1652,8244,2464,-2234,-48,-2416
1332,-2220,11490,-646,152,-185,-2384
7298,3454,-3372,-1333,1988,-643,-2432
-9236,-4474,18626,2702,-1983,-183,-2400
-1540,7980,16992,1579,-2004,-600,-2416
1908,-12650,11444,-1668,2297,-190,-2400
3296,8574,2218,-125,-1051,49,-2432
3014,-148,15890,2374,-778,-241,-2416
-7760,-24,18780,-1835,1491,335,-2368
-2206,918,5878,-97,-875,339,-2400
6724,3902,4148,-951,1254,-492,-2432
-8072,-7226,15712,687,-196,14,-2416
306,2026,2328,-1014,131,-8,-2384
5970,2440,5210,1237,-372,-721,-2400
-7188,-5886,17216,-182,798,-354,-2400
-1952,2606,5612,9,-537,72,-2416
694,9564,13972,1766,-2103,-238,-2416
-1632,-15480,19702,-2757,2996,-85,-2416
5202,8790,1544,1676,-2231,-12,-2400
4044,-4686,19328,1474,-158,-159,-2368
-440,244,8592,-2485,2247,249,-2384
-396,450,6682,664,-1523,408,-2416
7740,1780,6748,-653,1017,-496,-2384
-6312,-7982,15980,-364,622,26,-2400
1062,1500,2178,-304,-455,21,-2400
3190,-1576,13028,1635,-674,-370,-2416
-910,-3234,8364,-1416,1828,-375,-2384
-450,1760,4186,1048,-1334,-56,-2400
3456,10764,8998,1805,-2091,-344,-2400
7702,-3878,-2770,-4593,4076,-264,-2400
-2128,5042,4294,3792,-3484,-185,-2416
2850,-3314,21934,-341,873,-79,-2384
4416,3744,-1282,-1947,2119,86,-2432
-6102,822,8290,881,-1728,418,-2400
7502,2632,6020,-439,795,-382,-2400
-736,-4974,6886,-1065,1215,-111,-2416
-2512,2696,4466,361,-925,-47,-2416
4840,-128,10014,1493,-792,-455,-2432
4798,-780,794,-1985,2383,-563,-2416
-4624,1586,10098,1602,-1688,-101,-2384
-2560,4876,17540,1579,-1710,-218,-2384
5176,-7572,2844,-5370,4289,-491,-2416
8646,4616,-4048,-2074,515,-14,-2400
4000,2750,1926,2031,-593,-257,-2416
-5124,380,14918,-167,-339,470,-2416
2206,-142,8822,-178,-357,119,-2384
4866,-516,-1676,-2453,2483,-480,-2416
-5644,-804,7026,2547,-2060,-41,-2416
1150,258,3894,-999,192,-187,-2432
6960,2952,-2634,-741,1504,-668,-2400
-8290,-3168,17548,1784,-1147,-250,-2416
1402,888,4750,-536,189,183,-2416
9170,10154,-944,-900,152,-547,-2432
-10792,-14200,27848,1779,-440,-22,-2400
3468,7996,1784,-1702,184,5,-2384
3094,-552,15298,1988,-496,-160,-2416
-7732,1080,18236,-456,149,320,-2416
3722,100,9036,-326,-439,336,-2432
6928,4278,2658,-1823,1941,-576,-2400
-7606,-7100,14640,2201,-1616,28,-2400
936,-954,5294,-1406,398,-8,-2416
6472,2218,3748,148,651,-651,-2416
-7912,-5678,17646,975,-293,-274,-2400
1470,650,5942,-679,132,182,-2432
1644,8948,12158,723,-1192,-317,-2416
-2302,-14594,18768,-676,1485,-118,-2416
6256,8356,-782,-756,-655,165,-2384
3210,694,9348,1767,-221,-103,-2400
-1978,-1042,10412,-1385,1109,295,-2432
26,110,7272,69,-966,385,-2416
6784,2776,36,-1230,1528,-607,-2384
-7370,-7888,17842,934,-462,10,-2400
1374,1372,2312,-1011,28,-38,-2432
7122,3184,-248,770,94,-778,-2432
-2582,-3928,10426,-172,795,-265,-2384
26,2096,4090,-20,-447,99,-2416
4910,11238,6408,1385,-1823,-333,-2400
-6758,-16368,26612,-2517,2857,-249,-2432
-942,6044,3942,912,-1807,170,-2432
2876,-2250,21128,1106,86,-209,-2416
-9100,2276,16778,1114,-1705,401,-2400
5284,1108,-1122,-1399,1702,-561,-2368
-8244,-7942,17406,1620,-1024,53,-2400
1470,32,2814,-1179,288,-51,-2432
7664,3506,-3356,380,346,-554,-2384
-5198,-5812,14736,1023,-152,-279,-2416
1594,1930,2732,-609,-16,100,-2400
7510,12374,1302,1150,-1592,-318,-2432
3672,-10874,6584,-1992,2455,-195,-2384
2148,8956,2832,29,-1119,98,-2384
2462,-1174,20422,2272,-686,-241,-2384
-6792,-142,17478,-2201,1838,282,-2400
-3640,148,7654,405,-1210,384,-2400
7138,4076,4730,-860,1171,-480,-2416
-7994,-7184,15458,558,-118,27,-2384
-206,2284,2878,-841,-59,23,-2416
6070,1832,5866,1180,-344,-556,-2432
-6550,-5508,15612,-328,932,-401,-2400
-2458,1902,6268,224,-751,39,-2416
-454,9746,14620,1794,-2190,-463,-2416
-308,-14604,17472,-3919,3788,-377,-2368
4306,8854,2266,1988,-2421,84,-2368
4476,-5012,18204,1407,-165,-131,-2400
524,400,6634,-2748,2490,77,-2384
-1150,1074,6030,934,-1720,360,-2416
7630,1378,6670,-541,840,-443,-2400
-5414,-7516,14964,-619,879,-47,-2400
764,1352,2234,218,-817,-55,-2384
2536,-2146,13534,1727,-816,-743,-2384
226,-3040,7204,-1665,2030,-405,-2416
-928,2414,4252,3,-529,17,-2400
11886,9698,-6188,34,-635,-546,-2400
-3100,-15766,21900,563,571,-59,-2368
5864,8246,398,-1795,180,80,-2400
3774,1520,8168,2403,-813,-412,-2416
-1514,-690,9950,-1328,951,475,-2352
362,522,7372,83,-806,269,-2400
822,-4444,4272,-1967,2005,-220,-2384
-3252,2342,4714,91,-734,-22,-2416
4044,-1224,11756,1636,-741,-504,-2384
-2412,-3530,10356,-1531,1942,-403,-2416
100,1596,4124,808,-1115,-17,-2416
-3232,4660,17978,1821,-2118,-8,-2400
5966,-6546,1304,-4823,4142,-508,-2400
-360,6492,4078,4146,-3743,102,-2416
7920,-4046,2628,-729,1101,-157,-2416
3436,3542,854,-1785,2042,39,-2400
-4746,752,6980,882,-1785,437,-2400
6474,856,6400,-159,528,-334,-2416
-2348,-6054,9890,-1278,1366,-135,-2384
-1146,2874,3162,502,-1020,-46,-2416
5062,512,8768,1491,-832,-403,-2432
4336,-974,980,-2308,2594,-486,-2400
-4092,1646,8998,2139,-1986,-109,-2448
-1578,6810,16338,1259,-1556,-152,-2416
11114,3282,-7362,-4971,3987,-481,-2384
-8778,-2610,12508,4743,-3881,-21,-2432
6378,-3334,9988,-289,930,-171,-2400
1276,416,5028,-1679,1917,145,-2384
-2446,-60,6718,411,-1377,466,-2384
7112,1300,6424,8,438,-377,-2400
-5050,-6870,14828,-942,1042,-162,-2400
546,2290,2500,457,-979,-14,-2384
2436,-2670,12770,1426,-674,-368,-2416
1006,-2382,6140,-1654,2082,-440,-2416
-1870,2318,6068,1430,-1548,-57,-2400
-2866,2242,16928,1574,-1838,-297,-2384
9214,-1768,-4856,-5104,4192,-523,-2384
-4676,3048,6216,4190,-3729,-31,-2384
4024,-3668,18978,-1119,1327,-168,-2384
4378,4150,-900,-1475,1911,76,-2400
-6910,2370,9322,1027,-1921,428,-2400
7622,2106,6600,-58,383,-288,-2416
1322,-3624,2162,-1870,1820,-151,-2384
1514,1646,1818,-1461,503,-23,-2384
5880,804,-2294,-1671,2268,-602,-2416
-6478,78,13876,2870,-2254,-212,-2416
418,700,8452,-46,-330,180,-2416
11956,6688,-7026,-3818,2620,-665,-2384
-11556,-7418,19538,4170,-2742,-38,-2432
8700,-2466,918,-3197,1895,-73,-2400
4092,1854,4530,625,334,-91,-2400
-8870,2862,16156,909,-1360,431,-2384
6372,364,6736,-410,22,-42,-2416
5554,1510,-1478,-2379,2436,-377,-2400
-6786,-3002,9294,2359,-2128,-19,-2368
1122,-2000,10262,-543,59,-179,-2432
7280,2814,-2408,-1217,1933,-713,-2416
-8630,-4040,17648,2572,-1943,-261,-2384
-872,40,12972,-366,70,178,-2432
8130,11686,876,-2051,1057,-537,-2416
-10388,-16488,30786,3226,-1541,-96,-2416
8998,2724,-4988,-3197,1462,-30,-2416
4928,3882,-1300,1794,-450,-159,-2416
-6938,-420,17062,143,-481,329,-2400
3560,874,6960,-531,-158,155,-2432
4316,-492,-1470,-2044,2195,-534,-2416
-8316,-7588,16688,2239,-1759,7,-2384
1236,-172,4168,-1136,304,-34,-2432
7558,2732,-3680,-414,1122,-685,-2400
-8630,-3080,17486,2721,-2052,-219,-2384
-1690,394,14968,-389,87,186,-2384
9924,11494,-2676,-2395,1315,-545,-2368
-11830,-15262,30560,3658,-1918,-82,-2432
8802,424,-5118,-3412,1668,-40,-2400
2964,72,15086,1861,-529,-391,-2416
-8286,202,18878,381,-687,407,-2384
4294,1060,6506,-570,-153,206,-2432
3100,-1972,-62,-2029,2221,-439,-2400
-7730,-6382,13568,2196,-1819,-10,-2400
668,-980,6356,-834,155,-111,-2416
6970,1454,-2868,-835,1555,-712,-2416
-1352,2602,4902,1188,-1453,-5,-2400
11976,11138,-6870,-2461,1341,-517,-2400
-13022,-12710,26876,3922,-2037,-40,-2400
8278,-3180,-3456,-3560,2135,-108,-2448
5962,5742,-4104,207,694,-102,-2384
-9632,432,20632,1384,-1861,436,-2416
5186,1166,6526,-634,310,-77,-2400
1546,-3930,2570,-2282,2369,-350,-2400
-7110,-4800,11620,2255,-2152,-42,-2384
818,-1924,8056,-198,-70,-251,-2416
6198,954,-2018,-1755,2296,-626,-2416
-6666,-464,13734,2592,-1943,-169,-2400
408,238,8626,-175,-143,160,-2368
12152,7414,-7350,-2649,1628,-693,-2416
-11862,-8110,20864,3913,-2338,36,-2416
7246,6412,-2976,-3265,1570,-46,-2400
4530,2492,2888,1532,-260,-120,-2400
-9446,1950,17436,112,-484,359,-2416
1574,430,7860,-307,-203,126,-2384
5642,1170,-870,-2183,2251,-432,-2384
-6256,-2224,8498,2140,-1794,-34,-2400
1024,32,3282,-934,158,-126,-2416
7032,3572,-2180,-683,1413,-613,-2384
-8054,-4184,17564,1954,-1213,-252,-2416
-1202,-342,12712,-549,144,146,-2400
7502,11396,2066,-1060,262,-469,-2400
-9494,-16122,29564,2146,-687,-81,-2368
8782,3276,-5518,-2728,1052,-41,-2400
2340,-1650,19754,2165,-626,-214,-2384
-6174,642,15874,-572,103,368,-2416
2664,214,8506,3,-560,175,-2416
4468,-1414,-1152,-2439,2446,-408,-2400
-5186,758,6316,2204,-2035,-55,-2400
792,-822,5082,-559,81,-176,-2416
7008,3026,-2892,-1371,1969,-621,-2384
-7912,-3224,17290,2467,-1882,-195,-2416
-2340,1514,14776,-150,-207,181,-2384
232,-12324,13884,-4057,3773,-559,-2384
4178,7224,964,238,-1293,-54,-2384
3116,-320,13212,1573,-127,-181,-2416
-68,-510,7704,-1232,1085,231,-2448
-1014,-180,8160,110,-959,374,-2400
6344,3906,1694,-1244,1441,-547,-2400
-6388,-7708,16868,916,-362,64,-2416
1148,1280,1972,-1097,131,26,-2416
6816,2916,1106,854,3,-464,-2384
-7970,-5208,17476,9,659,-386,-2400
-250,2386,3838,-306,-276,47,-2400
2832,10674,9650,1719,-2092,-547,-2384
-4570,-16640,24922,-2946,3140,-297,-2416
-2762,5158,4152,1230,-2021,59,-2416
3000,-3406,22022,1101,123,-140,-2400
-2514,-484,11986,-2134,1914,299,-2432
-5910,1084,8080,476,-1339,423,-2384
7680,3002,6330,-635,1036,-541,-2448
-7776,-8402,17922,-242,476,63,-2400
1622,926,2290,-453,-369,-13,-2368
4316,-766,11470,1513,-584,-642,-2400
-3696,-4350,11824,-1185,1628,-347,-2416
914,1906,3426,619,-1016,-22,-2384
-2522,5204,17484,1722,-2009,-313,-2400
4782,-7944,3560,-4453,4046,-298,-2368
704,7178,3354,3653,-3423,164,-2384
7520,-3682,5222,-283,873,-151,-2384
2828,2188,2040,-2081,2128,156,-2384
-4092,1368,6398,795,-1702,396,-2400
6586,528,6674,-171,604,-386,-2416
-2882,-6254,10218,-1302,1360,-150,-2416
-634,2616,3204,589,-1050,-19,-2416
5596,1392,7740,1511,-772,-471,-2416
3230,-2128,2700,-2000,2337,-490,-2400
-3200,2588,7368,1531,-1684,-75,-2400
-1856,7290,17156,1545,-1645,-212,-2384
2018,-11640,9912,-4302,3934,-317,-2416
9656,1992,-5914,-3485,1754,-151,-2384
4972,4382,-2696,792,225,-222,-2384
-8598,2618,13420,1047,-1642,416,-2416
4152,716,7196,-522,282,-77,-2384
3632,-1582,-888,-2412,2469,-290,-2384
-5072,102,6412,2388,-2232,-32,-2432
2332,-2108,12738,-231,-58,-217,-2400
7024,2412,-3218,-1808,2366,-668,-2400
-8320,-2646,16914,2698,-2074,-239,-2416
-2380,1774,16196,-123,-80,160,-2384
10966,10386,-4466,-3000,1835,-558,-2400
-12428,-13526,27948,4306,-2620,-37,-2400
8972,-1510,-4442,-3453,1702,-84,-2416
3628,910,10454,1480,-245,-330,-2416
-9356,826,20358,863,-1106,349,-2416
5226,788,7270,-826,176,139,-2432
6420,3204,2298,-2005,2160,-510,-2416
-4270,1322,5300,2268,-2212,41,-2416
754,-1442,6756,103,-182,-275,-2416
6864,1462,-3292,-2028,2508,-686,-2432
-7522,-854,14508,2862,-2293,-179,-2400
880,-82,7064,-212,-67,195,-2416
12708,9580,-8252,-3661,2289,-673,-2384
-12574,-10220,23224,4469,-2552,-39,-2400
8206,-4002,-320,-3745,2044,-67,-2400
4608,3138,3200,1077,43,-272,-2400
-9540,1330,18884,549,-930,387,-2384
5462,822,6568,-457,-34,31,-2416
5962,1866,-714,-2166,2275,-454,-2400
-6838,-3374,10168,2313,-2030,-40,-2400
792,-2372,9536,-737,146,-158,-2400
7082,3580,-1448,-987,1631,-709,-2416
-8824,-5332,18790,2337,-1604,-274,-2416
-392,-192,11026,-442,100,222,-2432
6966,11926,3298,-1402,503,-647,-2384
-8764,-16528,30654,2573,-920,-5,-2384
8116,3184,-4236,-2962,1258,-24,-2416
4914,4048,-926,2037,-629,-259,-2416
-4186,578,7012,1088,-1917,446,-2416
5060,30,-1602,-1631,1714,-615,-2400
-7404,-7780,16386,1878,-1237,22,-2368
710,-488,4014,-1298,403,-51,-2400
7252,3456,-3466,-56,794,-605,-2400
-5648,-5316,15076,1213,-500,-357,-2416
-2158,614,14682,-538,117,192,-2400
9748,10582,-1474,-1994,1100,-701,-2400
-11416,-14204,29678,3151,-1564,-58,-2400
9396,1138,-5130,-2788,1204,-39,-2416
2492,-864,16698,1854,-475,-333,-2416
-7432,1936,17090,-228,-190,496,-2432
3728,230,7496,-110,-442,123,-2432
6850,3930,1734,-2185,2213,-467,-2416
-7462,-6096,13200,2281,-1740,-41,-2416
286,-1246,6874,-1028,263,-96,-2384
6676,1856,-2508,-338,1059,-807,-2400
-7402,-5162,16902,1731,-1064,-296,-2400
448,-196,7986,-510,129,157,-2384
11704,9174,-6224,-725,-39,-506,-2384
-3116,-15022,21454,656,519,58,-2400
6482,7538,-616,-1692,221,-84,-2400
3204,954,9086,2279,-729,-288,-2400
-1682,-370,10320,-1070,722,317,-2384
382,46,7814,-171,-602,260,-2384
5634,2420,2,-1602,1753,-544,-2432
-6738,-4066,10156,1764,-1132,-1,-2400
1310,892,2244,-1165,241,-45,-2416
7234,3358,-1084,408,372,-578,-2416
-8434,-4684,18464,1046,-320,-328,-2416
624,2388,3470,-661,62,109,-2368
5316,10732,5802,820,-1276,-349,-2400
-6976,-16408,27144,-1772,2276,-134,-2416
-544,6350,4202,306,-1300,88,-2384
2718,-2398,21188,1440,-124,-222,-2400
-4576,-368,14466,-1652,1437,322,-2432
-4636,970,6638,13,-958,395,-2448
-2508,-6034,9486,-2532,2488,-303,-2400
-5992,-1758,7710,1906,-1995,-13,-2416
1562,-2118,11298,1084,-625,-408,-2416
3518,-1970,2706,-1955,2449,-469,-2416
-3638,2014,8434,1972,-1933,-65,-2400
-1656,7648,15976,1332,-1493,-70,-2400
11214,2758,-8274,-5383,4059,-520,-2432
-8598,-1512,10602,5173,-4089,-234,-2416
6142,-4428,12274,-2390,1907,-126,-2384
4916,4374,-2084,-639,1343,-18,-2432
-8412,2988,13404,1320,-2070,449,-2400
7122,1046,7008,-340,337,-256,-2416
3716,-1206,-1072,-2377,2287,-245,-2448
-5184,126,5926,1931,-2053,-64,-2416
