AcX,AcY,AcZ,GyX,GyY,GyZ,Tmp
2238,-5206,10390,-39,-267,130,-2672
2978,170,5736,56,810,-309,-2672
-2750,1504,8744,258,203,10,-2704
2956,-4510,12136,773,593,-471,-2672
-3648,4754,7634,-2247,-340,17,-2672
1076,15112,-274,499,31,-394,-2672
448,-27148,14768,1066,714,-205,-2640
-5668,24794,-878,-1187,-1133,347,-2672
2908,-6880,10148,377,244,-248,-2672
-1772,-402,7612,-411,-525,21,-2672
3238,288,7868,164,78,-362,-2672
1988,-5480,9954,122,590,-471,-2672
-2550,5452,8078,-54,84,119,-2688
1998,-5526,10572,-45,-346,143,-2688
3404,470,5758,68,788,-339,-2688
-1630,-162,8362,319,344,-32,-2656
2760,-3586,11782,826,518,-394,-2704
-3700,4268,7626,-2324,-328,-18,-2688
1312,12876,1032,898,113,-356,-2688
2742,-11484,11674,-75,718,-248,-2672
-5730,23660,-128,-508,-1050,280,-2704
3134,-4982,8930,334,248,-232,-2672
-1812,-2238,9156,-349,-384,-9,-2672
1358,1464,7452,-32,-86,-253,-2672
1890,-3414,9394,350,551,-469,-2672
-4124,3854,9738,-332,-236,227,-2672
2926,-2938,6890,-142,-204,12,-2704
4022,876,5530,40,750,-315,-2704
-3002,-176,8824,278,96,-45,-2688
1474,9108,7494,254,518,-484,-2688
-190,-18408,13528,-1228,-200,46,-2688
1204,10152,2738,-574,77,-363,-2656
820,-24442,14344,2250,612,-213,-2672
-1058,12324,4590,-1464,-947,349,-2656
-414,6124,4928,-53,92,-258,-2688
-1092,-4696,9288,98,-497,15,-2688
2764,-60,6534,-151,203,-430,-2656
2260,-2994,9718,279,620,-403,-2688
-4300,3030,9628,-233,-185,205,-2656
1570,-4024,10330,-161,-280,81,-2672
3838,-602,6066,54,750,-317,-2656
-2782,672,8338,254,180,-19,-2688
2284,6208,9250,549,603,-500,-2688
-1300,-16470,12822,-1823,-274,116,-2688
486,7718,3538,-103,64,-385,-2688
1218,-26026,15040,1517,678,-231,-2656
-1692,17380,2574,-1401,-1122,346,-2688
218,5008,4658,311,229,-248,-2688
-1822,848,7840,-285,-499,16,-2688
2776,358,6880,37,75,-350,-2688
2160,-4724,10190,281,606,-471,-2672
-4148,3506,9316,-266,-173,164,-2672
1512,-4348,10108,-77,-237,77,-2704
3726,-1594,7124,98,775,-294,-2704
-2492,1552,7742,223,239,-33,-2672
2572,5008,9584,886,629,-473,-2672
-2702,12294,4716,-2336,-321,26,-2704
152,5052,5008,695,97,-398,-2672
1354,-26836,15538,841,706,-230,-2672
-2144,19098,1598,-1125,-1155,337,-2704
3500,-11184,11704,351,286,-273,-2704
-1824,722,8356,-400,-510,5,-2704
2780,814,6652,91,16,-331,-2672
2028,-4754,10150,218,541,-482,-2704
-1608,4332,8494,-152,61,143,-2704
996,-4106,9844,-57,-310,158,-2672
4074,-1140,7398,47,788,-355,-2704
-2558,1076,7958,318,325,-22,-2704
1842,-3386,10744,864,501,-378,-2672
-2780,11674,4768,-2617,-270,-33,-2672
236,3706,5360,1827,172,-302,-2688
1452,-24892,15152,-705,655,-294,-2688
-6484,16814,2736,71,-914,263,-2688
3658,-9490,11142,259,235,-236,-2688
-1824,-556,9590,-331,-351,-60,-2688
2388,1022,5800,-99,-240,-229,-2688
1890,-1374,7090,99,437,-531,-2656
-1542,2228,9018,55,360,34,-2688
860,-3494,10400,-313,-450,200,-2656
4160,-1086,6994,305,699,-352,-2688
-1292,-2386,9722,252,478,-52,-2688
1526,-2316,9998,703,224,-241,-2688
-2638,12474,4918,-2657,-32,-188,-2656
984,-21216,13342,2182,138,-184,-2672
3778,-4,5680,-1609,455,-334,-2720
-6310,16806,2528,899,-610,168,-2720
3522,-10412,11696,118,24,-134,-2688
-2196,1152,7600,-266,-181,-90,-2672
700,-756,8986,-50,-347,-137,-2704
2110,-1334,7098,-171,389,-524,-2672
-1652,2804,8914,221,426,-104,-2672
704,-3484,10112,-462,-567,264,-2688
4690,-3420,7232,323,635,-306,-2656
-1352,-1880,9300,235,554,-96,-2656
1406,-2908,10184,513,21,-215,-2688
268,18658,1784,-2210,189,-299,-2672
1152,-23366,13826,2349,187,-144,-2688
4158,810,5198,-2315,306,-313,-2688
-6304,16868,2674,1821,-287,39,-2688
2440,-1870,11360,-407,-268,18,-2672
-2404,1768,7744,-185,-187,-175,-2672
786,-1174,8740,29,-354,-88,-2704
2020,-1810,7420,-394,285,-484,-2704
566,-998,7496,424,512,-173,-2672
-3664,2984,9478,-687,-633,295,-2672
4392,-2692,6414,216,339,-244,-2704
-1292,-1878,9420,291,672,-172,-2672
-2364,2114,8972,158,-139,-140,-2672
0,18576,2018,-1646,371,-389,-2672
1192,-22978,13816,1686,83,36,-2672
4120,1914,4618,-2689,148,-332,-2704
-3114,-18186,13286,2822,185,-106,-2704
2424,-2582,11320,-876,-467,116,-2672
-2232,2408,7110,-123,-173,-227,-2672
660,-1366,8590,138,-354,-80,-2672
2932,1944,7284,-428,251,-452,-2704
1038,-872,7924,476,492,-278,-2672
-4152,4210,8680,-725,-611,289,-2704
4310,-4152,6932,103,23,-127,-2688
1510,850,5028,136,757,-223,-2688
-2656,1348,9106,132,-52,-74,-2688
554,16514,3262,-773,498,-462,-2656
1048,-20556,12904,521,-27,83,-2688
4230,22260,-5064,-2311,3,-301,-2688
-3222,-18274,12820,3074,444,-211,-2720
2558,-2120,11254,-696,-386,82,-2656
-2194,2380,6588,-203,-173,-209,-2688
456,-936,9180,169,-318,-88,-2688
1880,-602,6946,-342,271,-463,-2688
1106,772,7316,296,465,-235,-2720
-4452,4508,8436,-685,-611,316,-2688
4312,-3836,6970,182,145,-183,-2656
-752,-2188,9352,120,761,-244,-2688
-2940,1306,9516,164,-72,-88,-2688
706,16034,3410,-1830,302,-323,-2704
1006,-22496,13610,2009,101,-44,-2688
4440,6356,1612,-2447,203,-378,-2688
-6112,10568,5184,2201,-102,-23,-2688
1992,1466,9844,-749,-359,90,-2672
-2142,3558,6076,-126,-127,-195,-2672
284,-3164,10066,156,-313,-109,-2640
2144,358,6522,-416,225,-450,-2704
1136,-486,7856,392,477,-214,-2640
-4264,2622,9238,-621,-630,329,-2672
4464,-1466,6102,34,248,-237,-2672
-942,-2392,9332,336,792,-220,-2672
-2748,1984,9296,-17,-139,-67,-2704
546,16162,3530,-1066,422,-443,-2672
1044,-23548,13676,991,-5,90,-2672
5094,11584,-884,-2661,-9,-279,-2672
-1192,-24410,14064,3302,476,-233,-2672
1358,4308,9134,-1452,-655,226,-2704
-1868,4030,5748,95,-68,-268,-2672
-24,-3982,10156,206,-337,-38,-2672
3206,1776,7826,-541,170,-431,-2704
1080,-2134,7936,610,526,-352,-2688
-4042,2374,10282,-610,-452,279,-2656
4048,-828,5526,-125,1,-97,-2688
2192,-386,5420,296,781,-271,-2688
-2874,1676,9230,-19,-8,-12,-2688
682,14944,4288,-94,530,-524,-2688
926,-23676,13984,-409,-213,100,-2688
2598,20388,-3368,-1702,7,-325,-2688
-1136,-23426,14008,2767,622,-204,-2688
888,5398,8168,-1544,-930,328,-2688
-2018,4858,5324,4,45,-295,-2688
-2026,-2672,8546,113,-486,1,-2688
3162,-122,7878,-224,179,-445,-2656
1722,-1160,8560,329,625,-377,-2688
-4712,3512,9276,-381,-289,204,-2688
2484,-4650,9882,-113,-192,1,-2656
2436,978,4730,57,783,-275,-2656
-2866,1382,9360,208,110,-31,-2688
934,13136,5410,311,577,-509,-2656
-3318,-1688,10012,-1267,-252,72,-2688
2434,17238,-1774,-599,101,-347,-2688
-1058,-24174,14108,1918,615,-211,-2656
784,6940,7430,-1459,-1089,356,-2688
2488,-1522,8104,157,185,-286,-2688
-2048,-1578,8152,-77,-499,56,-2688
3256,-1106,8242,-179,220,-432,-2704
1780,-1656,8658,299,611,-372,-2672
-4798,4094,8952,-346,-346,258,-2672
2328,-4904,9982,-92,-138,-20,-2672
2702,944,4944,119,817,-298,-2704
-2870,1634,9272,135,49,-22,-2672
1326,12134,5942,250,581,-484,-2672
-3472,850,8880,-1183,-260,88,-2672
1724,18210,-2018,-996,14,-341,-2672
-450,-25698,14224,2390,636,-226,-2672
538,9404,6668,-1786,-1096,376,-2704
2690,-3758,8794,215,140,-270,-2640
-1840,-1124,7868,-111,-442,4,-2704
3344,-32,8240,-102,168,-425,-2640
1520,-2554,8252,270,580,-427,-2672
-3094,5044,8144,-231,-214,190,-2704
2390,-5230,10266,-83,-178,43,-2672
2838,476,5384,54,805,-293,-2688
-2786,1854,8680,265,199,-35,-2656
3246,-3492,12250,728,599,-476,-2624
-3890,680,8944,-2195,-329,30,-2688
1632,18056,-1996,473,51,-353,-2688
-94,-26124,14446,1111,712,-226,-2688
-5164,25306,-1040,-1186,-1132,341,-2656
2750,-3200,8634,272,214,-252,-2672
-1924,-2058,8366,-291,-513,21,-2704
3204,1190,7572,28,138,-349,-2672
1960,-5862,10210,228,574,-451,-2704
-2834,5270,8214,-173,3,172,-2672
2320,-4618,10092,-38,-305,101,-2640
2994,-80,5572,81,817,-319,-2704
-1686,104,8076,265,248,-28,-2704
2728,-2594,11938,749,566,-436,-2672
-3808,418,8890,-2301,-340,-12,-2640
2022,15716,-546,1000,142,-362,-2672
2456,-15186,13460,-116,697,-224,-2656
-5340,24522,-702,-488,-1040,310,-2656
2876,-3354,8548,346,278,-263,-2656
-1898,-2606,8806,-391,-391,2,-2688
1472,2204,6812,-43,-139,-302,-2688
1658,-5354,9352,206,497,-495,-2688
-2272,3580,9140,-8,290,60,-2688
1988,-4614,10392,-265,-472,220,-2656
5220,-4938,9032,234,760,-325,-2688
-1586,-708,8310,242,428,-45,-2656
2206,-2134,11394,804,313,-312,-2720
-3352,3528,7908,-2186,-255,-49,-2688
1602,12972,1054,852,141,-359,-2688
2906,-11924,11844,-48,710,-272,-2704
-5486,22490,216,-459,-1073,310,-2672
3058,-5040,9236,302,241,-242,-2640
-1888,-1674,8672,-338,-373,8,-2672
1352,1864,7348,-88,-134,-292,-2672
1754,-4066,8522,229,536,-512,-2640
-2284,3120,9462,-52,246,91,-2672
1994,-4206,10430,-125,-326,49,-2672
3294,-230,5330,18,749,-301,-2672
-2670,1146,8626,301,260,-7,-2704
2342,-4484,11652,879,563,-400,-2672
-3112,8394,6606,-2456,-295,18,-2672
686,9420,2642,1053,142,-401,-2704
908,-26256,14564,297,647,-204,-2640
-5994,22938,-326,-813,-1090,323,-2672
3270,-9458,11088,372,284,-241,-2672
-1924,1148,7650,-109,-479,19,-2672
2990,116,7322,-55,156,-407,-2672
1942,-4238,9624,309,562,-432,-2704
-4090,2544,9652,-233,-134,211,-2672
1680,-5128,10170,-69,-150,39,-2672
3772,-1448,7160,84,800,-311,-2704
-2698,1576,7962,231,170,-10,-2640
2242,6542,8734,765,596,-478,-2672
-3122,10486,5406,-2228,-352,71,-2672
358,8044,3334,857,96,-410,-2688
1506,-27164,15312,693,701,-228,-2688
-1656,17320,2474,-942,-1065,317,-2688
3574,-10700,11528,404,289,-278,-2688
-1918,-20,8638,-413,-485,32,-2688
2698,1016,6280,46,-81,-334,-2688
2266,-4666,10172,211,531,-499,-2688
-1698,4344,8526,-132,173,93,-2688
1266,-4626,10370,-85,-332,163,-2688
3926,-766,6902,102,784,-337,-2688
-2768,1064,7924,335,329,-16,-2688
1848,-3056,10778,829,419,-377,-2688
-2980,10014,5334,-2607,-235,-81,-2688
590,5388,4940,1571,164,-345,-2688
3350,-3478,7764,-921,632,-286,-2704
-6132,18762,2056,-131,-942,294,-2688
3406,-8256,10650,246,244,-237,-2688
-1860,-678,9168,-314,-355,-22,-2688
2648,246,6530,-91,-230,-251,-2688
1962,-2160,7530,135,500,-533,-2688
-1656,1944,9604,59,334,29,-2688
986,-3504,10210,-333,-471,231,-2688
4906,-4162,7964,286,692,-315,-2672
-1586,-1772,9052,298,453,-60,-2688
1776,-2588,10736,730,305,-276,-2656
-2826,11580,5088,-2715,-174,-106,-2672
164,3938,5350,2161,190,-260,-2688
3574,-3086,7266,-1435,516,-306,-2656
-6254,19150,1482,658,-689,216,-2688
3474,-10610,11654,189,87,-127,-2688
-1790,1056,8436,-399,-291,-81,-2656
878,-136,8626,16,-303,-181,-2688
2066,-2274,7558,-57,394,-514,-2688
-1886,3144,9002,117,382,-46,-2688
1046,-4180,10182,-391,-526,245,-2688
4784,-4068,7572,329,686,-308,-2656
-1452,-1748,9206,249,544,-102,-2688
1946,-3494,10726,884,422,-360,-2688
-2828,12388,4810,-2887,-165,-111,-2704
-26,5356,4728,2052,175,-319,-2672
3808,-3066,7282,-1049,564,-308,-2672
-6446,19942,1414,267,-800,218,-2704
3484,-10968,11864,275,151,-164,-2672
-1638,1450,7906,-532,-365,-31,-2704
1006,-460,7992,92,-185,-238,-2672
1910,-2756,8158,-42,450,-524,-2704
-1868,4062,8422,-76,85,116,-2704
1008,-4522,10180,-62,-291,115,-2672
4224,-1328,7358,76,781,-321,-2640
-2464,450,8408,315,381,-60,-2688
2128,-4332,11340,899,469,-359,-2688
-3046,11396,5038,-2733,-265,-86,-2688
78,4870,4718,1447,124,-363,-2672
1650,-25728,15582,-152,703,-249,-2672
-6094,19002,1750,-461,-1029,272,-2672
3536,-10194,11472,401,258,-241,-2672
-1704,164,8718,-469,-370,12,-2656
2512,1410,6248,3,-194,-262,-2720
1596,-2446,7700,116,444,-508,-2656
-1328,3382,8660,7,310,20,-2688
604,-3202,9890,-372,-472,229,-2688
4660,-1514,7410,375,703,-322,-2688
-1050,-1584,9280,163,536,-65,-2688
1574,-1758,10168,765,321,-305,-2672
-2774,10960,4760,-2632,-145,-173,-2672
70,3464,5648,1894,160,-265,-2672
3688,-1788,6300,-1070,591,-297,-2704
-6164,17192,2492,355,-786,221,-2672
3616,-8726,10816,79,71,-183,-2688
-1796,-2040,9838,-278,-244,-66,-2656
776,-102,8690,-106,-240,-183,-2656
1880,-1686,7378,-6,354,-508,-2688
-1276,2106,8702,105,346,-98,-2688
452,-2342,9918,-540,-620,312,-2688
4650,-4474,7542,385,612,-301,-2688
-1128,-1824,9330,156,601,-118,-2688
1150,-1524,9308,491,22,-171,-2656
-2352,14226,3820,-2296,194,-272,-2656
1074,-21760,13316,2124,163,-90,-2656
4042,2738,3914,-2297,233,-347,-2656
-6060,14588,3398,1931,-227,10,-2688
2498,-1312,10962,-548,-307,18,-2672
-2370,2070,6906,-186,-166,-141,-2688
594,-1732,9416,-11,-288,-132,-2656
2090,-822,6738,-370,243,-467,-2672
718,-60,7426,387,479,-178,-2672
-3782,2230,9686,-620,-650,307,-2672
4498,-2082,6356,112,324,-219,-2704
-1284,-2234,9382,366,718,-186,-2640
-2680,1914,9290,55,-142,-114,-2704
352,17650,2506,-1362,413,-403,-2672
1260,-24844,14296,1407,59,80,-2672
4774,6194,2112,-2387,300,-321,-2672
-6298,11710,4430,1894,-287,6,-2672
3650,-13964,13046,-219,-193,-42,-2640
-2234,3136,6366,-217,-172,-205,-2656
420,-2846,9856,100,-285,-98,-2688
2060,110,6568,-435,260,-521,-2688
-1120,3268,8380,417,464,-206,-2688
-4096,2900,9622,-641,-636,298,-2672
4204,-1772,5816,258,516,-280,-2720
-972,-3122,9898,289,656,-147,-2688
732,-1726,9692,350,13,-171,-2688
-1930,16980,2206,-2107,243,-304,-2656
1042,-23292,13656,2015,85,-53,-2656
4700,7984,796,-2533,224,-359,-2688
-6258,9294,5508,2335,-85,-28,-2688
3878,-11304,12248,-485,-309,17,-2688
-1960,2802,6546,-177,-157,-205,-2688
166,-2484,9586,80,-325,-71,-2688
2164,-62,7038,-329,272,-491,-2688
-956,2412,8086,299,492,-202,-2688
-4526,3402,8764,-649,-641,289,-2688
4340,-2484,6714,183,353,-209,-2688
-980,-2328,9462,257,717,-192,-2688
-2634,2212,9356,49,-143,-113,-2704
438,15248,3636,-1366,390,-383,-2656
982,-21952,13408,1248,-5,86,-2688
4752,10470,-164,-2558,136,-340,-2656
-1852,-22442,13928,3031,355,-157,-2672
1556,3956,8990,-1066,-539,162,-2688
-2058,2822,6136,27,-115,-257,-2672
56,-2952,10018,113,-371,-57,-2672
3304,-432,8384,-381,266,-481,-2672
1490,-1166,8080,394,540,-319,-2704
-4592,4098,9016,-646,-513,316,-2672
4082,-2952,6490,43,44,-123,-2672
2316,674,4824,212,809,-267,-2672
-2934,1794,9424,9,-65,-50,-2672
1002,14542,4248,-441,505,-493,-2672
774,-23986,14240,97,-79,132,-2672
2414,21332,-4048,-2176,-22,-321,-2640
-1286,-24572,14204,3263,573,-233,-2672
1310,5050,8438,-1736,-837,345,-2672
-1928,3434,6432,194,-12,-288,-2672
-1798,-3486,8868,111,-389,-28,-2640
3324,1624,7802,-419,234,-432,-2704
1294,-2090,7986,478,580,-340,-2672
-4350,3736,9416,-635,-450,277,-2688
4056,-1898,5992,44,83,-107,-2672
2250,-38,5374,263,782,-248,-2672
-2872,2338,8828,-52,-106,-53,-2672
792,15110,3962,-411,533,-510,-2672
830,-24288,14446,179,-114,113,-2672
2572,21320,-4088,-2193,-30,-301,-2704
-1174,-24318,14220,3272,560,-276,-2672
1250,4352,8772,-1713,-871,345,-2704
-1752,3502,5968,42,-102,-261,-2688
248,-3962,10368,152,-303,-73,-2656
1962,1230,6204,-507,198,-438,-2656
1230,-2116,7924,583,576,-312,-2688
-4474,3762,9718,-733,-553,283,-2688
3844,-1188,5512,9,66,-108,-2688
-804,-2534,9208,227,739,-252,-2688
-2836,1354,9088,44,-57,-71,-2688
638,14724,4254,-768,461,-481,-2688
874,-22392,13600,1760,46,8,-2688
4812,11818,-1344,-2588,132,-296,-2704
-6156,4668,7154,2836,201,-91,-2672
1076,4832,8274,-936,-507,124,-2704
-1740,4520,5718,-202,-155,-233,-2640
-196,-3456,9546,208,-364,-40,-2704
2414,338,7140,-348,226,-492,-2704
1662,-1398,8532,354,528,-258,-2704
-4430,4150,9188,-686,-563,292,-2672
3692,-3120,6528,128,50,-147,-2672
-392,-1560,8672,78,754,-244,-2672
-3118,680,9350,143,-72,-74,-2704
1052,12700,5336,-787,482,-451,-2672
694,-21102,13318,518,-67,100,-2672
4838,14862,-3178,-2335,10,-308,-2704
-750,-23738,13562,3093,453,-187,-2704
734,6654,7590,-1423,-714,260,-2704
-1498,5012,5152,-55,-20,-284,-2688
-372,-4258,9842,193,-432,-4,-2688
3108,-502,7752,-356,227,-412,-2672
1756,-1570,8664,369,575,-356,-2672
-4592,2988,9390,-465,-485,278,-2704
3972,-1142,6012,-129,-26,-44,-2672
2896,-468,5614,278,838,-287,-2672
-2812,1490,8890,-22,-18,-40,-2672
1440,11372,6280,73,581,-506,-2672
56,-21284,13692,-741,-242,165,-2704
1312,15834,-594,-1520,-31,-316,-2704
318,-26236,14340,2755,640,-252,-2672
-188,11796,5538,-1778,-999,387,-2672
-1056,5844,4624,198,77,-295,-2672
-1940,-1432,8300,8,-443,-11,-2704
3160,810,7200,-231,174,-397,-2672
1742,-3416,9142,432,566,-393,-2672
-4292,3064,9840,-386,-263,237,-2672
2256,-4564,10306,-121,-161,24,-2688
2962,-378,5938,105,779,-267,-2656
-2850,1668,8358,177,142,-46,-2688
1710,9790,7224,711,602,-468,-2656
-3470,5784,7330,-1989,-306,72,-2688
1184,13014,1204,210,65,-396,-2656
584,-26378,14648,1260,739,-227,-2656
-754,12340,4682,-1335,-1159,400,-2688
2856,-5414,9282,270,269,-284,-2656
-1984,-1508,8804,-207,-489,20,-2656
3194,356,7076,-41,13,-355,-2656
1942,-3630,9600,406,605,-359,-2656
-4630,3674,9268,-355,-244,207,-2672
1720,-4822,10268,-102,-192,14,-2672
3294,48,5576,71,805,-260,-2672
-2594,1252,8816,221,191,-34,-2672
1454,8900,7684,519,567,-499,-2704
-3260,5910,7584,-1701,-308,78,-2672
1108,9980,2226,-6,86,-391,-2672
490,-24902,14436,1358,694,-218,-2672
-824,13058,4392,-1455,-854,337,-2704
-566,5318,5246,-46,9,-258,-2704
-1082,-4372,9024,195,-483,-32,-2656
2790,-574,6786,-130,231,-471,-2672
2298,-3148,9856,268,605,-346,-2688
-4540,4030,9182,-297,-342,259,-2672
3316,-2154,6648,-78,-140,-43,-2640
3398,-284,6130,50,785,-281,-2672
-2696,1212,8268,202,121,-31,-2672
2054,6780,9196,165,606,-525,-2688
-1010,-17022,12838,-1001,-236,114,-2656
4746,22218,-6604,-1082,27,-350,-2688
860,-26046,14970,2450,644,-211,-2656
-1474,16156,3106,-1649,-1038,351,-2656
-42,4862,5248,218,101,-269,-2688
-1836,160,8574,-139,-489,18,-2704
3014,182,6836,-144,165,-437,-2688
2110,-3892,9804,291,625,-415,-2720
-4396,3626,9486,-274,-222,213,-2688
1552,-4414,10442,-78,-258,50,-2704
3722,-616,6534,81,778,-269,-2704
-2560,954,8316,278,190,-30,-2672
2336,5924,9366,722,606,-491,-2704
-3212,10324,5794,-2179,-347,37,-2704
242,8022,3356,355,48,-386,-2672
1324,-26954,15230,1147,746,-211,-2672
-1676,17216,2832,-1280,-1135,354,-2672
3292,-10004,11482,322,264,-248,-2672
-1802,1582,7614,-371,-498,29,-2672
2846,-452,7390,142,82,-363,-2672
1996,-4250,9884,157,582,-460,-2672
-1794,4498,8358,-112,39,122,-2672
1328,-5024,10384,-19,-288,150,-2704
4206,-676,7002,76,821,-304,-2672
-2556,794,8206,301,271,6,-2672
2290,-3606,11214,810,520,-434,-2672
-3234,9708,5492,-2651,-271,-53,-2688
396,8114,3478,1500,129,-356,-2656
1270,-25420,15266,-287,691,-247,-2688
-6148,20260,1474,-639,-1078,301,-2672
3308,-8298,10614,321,211,-236,-2704
-1604,-1080,8816,-333,-408,0,-2672
2630,774,6924,-9,-96,-280,-2704
1872,-2800,8506,144,430,-490,-2672
-1524,2794,8578,55,240,28,-2704
824,-3858,10214,-307,-441,218,-2672
4856,-296,6794,349,801,-335,-2704
-994,-2066,9556,263,494,-41,-2672
1840,-1556,10330,716,316,-326,-2704
-3318,9572,5196,-2632,-123,-120,-2688
126,5648,4882,1961,119,-273,-2656
3324,-4636,7942,-1201,539,-322,-2656
-5992,19928,1348,449,-760,194,-2688
3640,-8058,10358,186,126,-165,-2688
-1782,-1218,9282,-343,-281,-59,-2656
882,504,8422,-90,-232,-169,-2688
1706,-2326,7712,24,386,-526,-2688
-1602,2878,8692,76,365,-62,-2656
986,-3422,10216,-411,-613,256,-2688
4932,-3892,7612,307,673,-308,-2688
-1252,-1646,9202,241,548,-107,-2688
1542,-2908,10092,553,44,-236,-2656
218,18442,1824,-2225,211,-304,-2672
972,-22476,13864,2303,148,-136,-2688
4002,-674,5924,-2214,328,-350,-2688
-6104,16872,2282,2089,-212,8,-2672
2554,-2046,11104,-405,-274,14,-2672
-2360,1914,7704,-174,-118,-152,-2672
758,-1502,8910,46,-291,-137,-2672
2010,-1866,7398,-352,287,-480,-2640
598,-850,7708,354,481,-144,-2704
-3584,2962,9224,-664,-657,282,-2672
4490,-3168,6852,203,380,-261,-2640
-1318,-1430,9156,276,686,-167,-2640
-2606,2136,8994,182,-129,-135,-2672
360,18482,2158,-1609,374,-380,-2672
1198,-23678,14204,1981,85,16,-2688
4248,1890,4340,-2584,170,-335,-2704
-6402,16768,2566,2258,-147,-64,-2672
2302,-2306,11254,-416,-269,21,-2672
-2212,2792,7388,-250,-138,-164,-2704
544,-1400,8914,104,-310,-94,-2704
1858,-2070,7594,-382,220,-454,-2672
812,-966,7720,391,496,-200,-2640
-3886,3552,9044,-712,-651,303,-2640
4464,-3558,6986,277,342,-245,-2672
-1246,-2232,9654,246,703,-189,-2672
-2580,1828,9340,206,-119,-118,-2640
222,17628,2520,-1593,331,-397,-2704
1098,-22370,13500,1585,72,-2,-2672
4158,1980,4298,-2638,132,-332,-2672
-3386,-17526,12958,2764,174,-100,-2672
3634,-10260,11290,-246,-169,-67,-2656
-2356,1706,7022,-189,-208,-145,-2656
740,-1050,9214,-46,-306,-119,-2688
2044,-542,7118,-259,267,-474,-2656
-1390,1760,8888,264,444,-196,-2688
-4354,3868,8466,-665,-645,281,-2688
4552,-3344,6984,323,465,-294,-2688
-1066,-2914,10094,228,695,-180,-2688
-2596,1880,9436,173,-100,-119,-2672
-2188,14132,3848,-2386,89,-269,-2672
996,-22216,13512,2167,124,-162,-2672
4170,3344,3648,-2112,379,-312,-2672
-6294,13190,3948,1643,-373,65,-2672
3636,-11380,12276,-172,-75,-71,-2640
-2178,1700,7270,-214,-190,-134,-2672
458,-1590,9370,-49,-354,-123,-2672
2154,-518,6916,-190,311,-509,-2704
-1382,2364,8834,260,476,-131,-2672
-4150,4108,8598,-620,-647,264,-2672
4418,-3470,7058,334,507,-291,-2704
-1224,-2088,9394,214,627,-134,-2672
950,-2414,9930,330,-110,-147,-2704
-2060,16034,3120,-2260,227,-321,-2656
1180,-23920,13998,2334,155,-134,-2672
4464,4622,3006,-2264,323,-335,-2672
-6528,14654,3528,1753,-334,17,-2672
3558,-13620,13116,-135,-119,-67,-2672
-2208,2050,7362,-297,-216,-139,-2672
608,-2278,9300,35,-323,-132,-2672
2024,-632,6688,-286,315,-508,-2704
-1486,2954,8978,348,497,-166,-2672
-3920,3034,9612,-639,-646,294,-2672
4306,-2350,6250,232,383,-244,-2688
-1158,-2114,9296,269,658,-146,-2688
1218,-2776,10360,204,-77,-156,-2688
324,17832,2470,-1751,360,-382,-2720
942,-24284,14242,1866,75,9,-2688
4446,4318,2966,-2714,126,-286,-2688
-6312,13760,3860,2699,103,-78,-2688
2022,108,10300,-833,-428,142,-2656
-2122,3118,7228,-173,-144,-206,-2688
428,-2156,8786,132,-342,-76,-2624
2838,2462,7106,-473,218,-444,-2672
1152,-1700,7836,474,557,-260,-2656
-4130,4198,9122,-784,-601,302,-2688
4172,-3326,6456,206,140,-161,-2720
1684,400,5210,146,734,-216,-2672
-2622,1870,8812,167,-83,-91,-2688
522,15818,3498,-842,478,-470,-2672
1046,-20896,12996,663,-34,108,-2672
4062,21274,-4404,-2344,1,-314,-2704
-2748,-19860,13076,3088,434,-193,-2672
2154,-428,10606,-1289,-696,244,-2704
-2074,2718,6254,-100,-84,-258,-2672
-1924,-3592,8450,275,-378,-51,-2704
3258,-958,8586,-324,253,-436,-2704
1334,272,7616,356,525,-322,-2672
-4550,4674,8552,-468,-421,249,-2704
2594,-4434,9482,-99,-127,-51,-2704
2124,2418,4072,48,768,-271,-2704
-3102,800,9742,210,5,-45,-2672
1106,15318,3820,-248,530,-488,-2640
-2948,-6364,10868,-373,-147,109,-2672
3260,21784,-4290,-1726,6,-284,-2704
-2140,-21100,13434,2788,579,-222,-2672
1668,2542,9384,-1594,-899,323,-2672
1798,1204,6800,5,43,-230,-2704
-1886,-2822,8256,104,-452,-5,-2704
3140,-522,8766,-168,203,-432,-2672
1358,-612,7794,325,577,-409,-2672
-3122,3786,9268,-302,-260,231,-2704
2710,-3986,9244,-192,-183,-3,-2672
2284,456,5138,127,831,-286,-2672
-3056,1584,9406,154,93,-12,-2704
2940,-1672,12334,453,614,-524,-2672
-3488,-4012,10450,-1799,-328,64,-2688
2350,21456,-3910,-191,6,-414,-2656
-946,-24658,14124,1686,681,-212,-2656
-4602,25424,-1128,-1556,-1137,367,-2688
2290,-102,7278,299,250,-273,-2688
-1950,-4050,9022,-247,-492,36,-2688
3138,2184,7532,-9,87,-387,-2688
2184,-6152,10916,258,559,-415,-2656
-3134,5124,8004,-245,-49,172,-2688
2690,-4152,9960,-45,-233,68,-2688
2236,-218,5256,45,795,-328,-2656
-2046,934,7566,291,227,-17,-2688
2886,-2330,11996,844,573,-446,-2656
-3618,-2914,10412,-2405,-331,16,-2688
2638,19470,-2798,954,108,-392,-2688
2172,-19332,15170,451,689,-241,-2656
-4882,24612,-804,-854,-1132,327,-2656
2506,-634,7512,367,327,-262,-2688
-1954,-6,9088,-376,-391,40,-2672
1818,2508,6310,-31,-120,-329,-2688
1974,-5924,9752,246,549,-501,-2688
-2872,4378,9204,-123,171,105,-2656
-1146,-88,8946,-210,-428,195,-2672
4794,-3774,8562,135,764,-353,-2688
-1916,176,7766,299,370,-50,-2688
2718,-2096,12054,847,424,-363,-2688
-3500,-1576,10054,-1942,-303,57,-2688
2450,17644,-1994,284,53,-405,-2688
2270,-16066,13456,558,712,-231,-2704
-4936,23326,-384,-1050,-1133,335,-2688
2550,-2460,8666,226,266,-253,-2688
-2092,-1640,8010,-236,-494,49,-2656
1606,1298,6732,34,-103,-307,-2704
2052,-4848,9106,181,545,-498,-2672
-2804,3814,9394,-61,166,104,-2704
2372,-4960,10148,-142,-352,172,-2704
4912,-4020,8786,77,754,-324,-2672
-1788,-412,7958,361,342,-28,-2704
2698,-2594,11992,847,456,-368,-2672
-3430,1266,8696,-2673,-258,-49,-2672
196,-13870,11760,1673,200,-375,-2672
2520,-15622,13774,-563,606,-258,-2704
-5320,25574,-1122,-180,-966,246,-2704
2510,-3512,8768,318,256,-231,-2640
-2036,1338,8986,-497,-434,-18,-2704
1572,1318,6230,124,-148,-277,-2672
2102,-5118,10248,6,538,-523,-2704
-2908,4986,8196,-14,242,58,-2672
-1562,1084,8400,-269,-519,208,-2688
4864,-4576,8662,255,710,-323,-2688
-1760,-18,8124,281,493,-73,-2688
3086,-3784,12200,757,262,-305,-2688
-892,19652,1142,-2736,-40,-205,-2688
240,-14564,11894,2349,208,-239,-2688
2438,-16900,14132,-1704,434,-299,-2688
-5290,24810,-970,979,-625,135,-2688
3572,-11892,13500,131,50,-106,-2688
-1772,1930,8506,-477,-269,-81,-2656
1550,666,6670,147,-238,-185,-2688
2346,2256,6154,-244,327,-505,-2672
-610,1164,8380,79,360,-27,-2704
-1634,582,8562,-326,-561,251,-2672
4866,-4418,8884,216,645,-327,-2672
-1686,122,8166,235,504,-95,-2704
-540,288,9044,655,161,-258,-2672
-750,19424,1322,-2563,101,-208,-2672
-40,-13004,11372,2155,152,-136,-2672
2486,-13926,12908,-2051,372,-321,-2672
-5900,-2716,9588,1489,-404,69,-2704
3740,-10410,13080,-124,-116,-96,-2704
-1936,628,8624,-324,-199,-114,-2672
1410,1412,6904,27,-315,-166,-2672
2424,1212,7110,-135,341,-471,-2672
-8,912,7988,235,436,-116,-2704
-2730,2778,7982,-760,-652,272,-2688
5336,-5752,9130,432,338,-269,-2688
-10,-944,7436,42,704,-192,-2656
-884,992,8942,396,-36,-121,-2688
-318,17808,2172,-1706,354,-365,-2688
-230,-14630,11512,1614,72,14,-2688
4812,18726,-4966,-2537,137,-318,-2688
-5616,-4498,10108,2600,64,-92,-2688
3734,-8722,12866,-827,-392,83,-2688
-2134,-444,9156,-139,-155,-186,-2688
-784,-4392,9684,147,-336,-122,-2688
2632,1008,7590,-343,262,-456,-2688
-36,1044,7422,335,451,-214,-2688
-4474,3590,9314,-669,-571,310,-2704
3434,-1908,6426,140,177,-175,-2688
356,-1446,7754,189,784,-235,-2656
-1752,1272,8712,78,-113,-57,-2640
1986,8696,7964,-682,482,-474,-2672
-686,-19506,13542,520,-53,83,-2704
4778,21300,-6086,-2381,-59,-307,-2704
-4748,-8776,11552,3286,543,-236,-2672
-922,14986,3678,-1671,-766,290,-2704
-436,5496,4796,169,-61,-263,-2704
-998,-6486,10846,189,-353,-40,-2704
2636,3422,6102,-492,189,-432,-2720
-6,-108,8192,568,575,-344,-2720
-4270,2946,9566,-615,-489,298,-2688
3574,-364,6342,-107,29,-101,-2688
134,-2046,7290,312,768,-240,-2688
-1756,1738,8926,-49,-60,-32,-2688
2120,7634,8328,-272,553,-526,-2688
-1154,-18232,13746,-130,-146,115,-2688
5064,23342,-6714,-2042,-41,-326,-2656
-4822,-10066,11746,3144,606,-227,-2688
-1286,16074,3184,-1767,-883,378,-2720
-262,5836,4488,172,48,-291,-2688
-1006,-6222,10570,152,-392,-7,-2688
2976,254,7378,-285,181,-383,-2672
2032,-4014,9560,471,518,-366,-2688
-4288,3458,9242,-404,-269,232,-2704
3376,-1604,6714,-92,-159,32,-2704
3794,132,6284,72,799,-258,-2704
-2768,980,8392,180,74,-35,-2704
1862,7102,8448,293,559,-499,-2672
-844,-18224,13522,340,-92,74,-2672
5226,21410,-5998,-2172,41,-310,-2672
-5048,-9902,11428,3035,498,-202,-2640
-1228,14582,3668,-1464,-771,303,-2672
-374,4996,5276,-18,-57,-244,-2672
-1186,-4232,9226,163,-411,-43,-2704
3034,1410,7768,-312,239,-428,-2672
2472,-3522,9774,287,600,-382,-2688
-4536,4460,9200,-441,-374,273,-2688
3228,-2490,6756,-50,-145,-14,-2688
638,-1948,7448,92,795,-267,-2656
-2738,784,8534,155,106,3,-2720
2046,6896,8808,126,571,-517,-2656
-1008,-16954,12934,-946,-216,87,-2688
4836,21832,-6454,-1070,17,-346,-2688
766,-25322,14776,2389,657,-205,-2688
-1616,15954,3066,-1585,-1045,359,-2688
136,4394,5262,163,117,-266,-2688
-1164,-5190,10056,58,-453,-11,-2672
3076,-700,7558,-173,173,-441,-2672
2146,-3742,9548,323,565,-403,-2704
-4562,3504,9360,-341,-294,243,-2704
3494,-1400,6812,-140,-160,-18,-2704
3690,-234,6346,134,815,-270,-2704
-2572,982,8318,160,113,-22,-2672
2308,6310,9324,444,603,-491,-2704
-1614,-16792,13050,-1534,-366,112,-2704
230,8222,3428,-157,15,-380,-2656
1082,-27042,15098,1692,695,-219,-2688
-1464,17176,2720,-1478,-1148,378,-2720
4,5404,4834,291,230,-242,-2688
-1746,1126,7982,-236,-516,53,-2688
2940,-206,7084,47,104,-398,-2656
1982,-4534,9872,252,614,-441,-2656
-4262,3316,9456,-218,-98,181,-2688
1488,-4912,10362,-43,-224,80,-2688
3688,-1054,6980,47,790,-282,-2688
-2442,1472,8024,285,257,-23,-2720
2402,-4766,11338,925,569,-431,-2672
-3148,10404,5660,-2385,-359,7,-2688
190,7330,3738,860,69,-390,-2688
1312,-25940,15142,512,719,-219,-2688
-6140,20670,882,-639,-1083,321,-2672
3350,-9308,11114,340,245,-227,-2672
-1720,552,8182,-475,-409,7,-2672
2764,642,6926,95,-69,-286,-2640
1896,-4556,10030,278,572,-428,-2704
-4032,3624,9434,-154,-20,177,-2672
868,-4158,9956,-115,-249,96,-2704
4640,-1106,7158,66,824,-343,-2704
-2600,90,8414,298,205,-39,-2672
1636,6254,8616,544,473,-440,-2672
-3190,9746,5184,-1901,-243,-29,-2672
270,4500,5288,551,122,-350,-2704
1604,-24404,15260,797,712,-221,-2704
-2096,16704,2514,-1498,-1027,356,-2704
578,5336,5084,11,134,-272,-2704
-1546,-4036,9076,67,-437,16,-2640
2512,980,6262,-149,154,-428,-2672
1970,-3752,9804,302,566,-401,-2704
-3734,3112,9984,-159,-67,215,-2672
2844,-3184,7964,-219,-312,87,-2672
4638,-730,6708,52,816,-344,-2672
-2590,-432,8360,332,179,-17,-2672
2224,4270,9954,464,536,-444,-2672
-1996,-13598,12702,-1711,-249,41,-2672
28,1996,6270,5,71,-374,-2704
1632,-24452,15468,1389,664,-211,-2672
-2646,19312,1238,-1299,-1132,361,-2672
918,4034,5582,302,268,-233,-2688
-1714,168,8844,-299,-479,-3,-2688
2586,928,6136,49,-4,-326,-2656
2150,-5338,10512,229,559,-501,-2688
-3988,3836,9242,-166,60,126,-2688
642,-3138,9902,-67,-364,133,-2656
4140,-2164,7318,36,760,-305,-2672
-2200,1216,7694,327,362,-53,-2656
2892,1448,11566,983,535,-395,-2688
-2142,15768,3720,-2758,-245,-27,-2688
-162,-1532,7470,1665,148,-372,-2656
1850,-25004,15614,-424,626,-249,-2688
-3278,23028,80,-344,-989,253,-2688
3712,-14042,13128,461,317,-235,-2656
-1712,2716,8004,-619,-446,-1,-2688
2326,822,6312,226,-100,-259,-2688
2148,-6022,10878,22,518,-474,-2656
-1214,4034,8212,-75,226,44,-2720
258,-3694,9618,-106,-416,157,-2688
4534,-2638,8190,166,773,-327,-2688
-1178,-2250,9482,305,460,-65,-2672
1194,-2644,10174,839,334,-319,-2688
-2160,15426,3036,-2783,-150,-131,-2656
-152,-1288,7348,1262,135,-379,-2704
1924,-23684,15550,545,742,-266,-2656
-3340,21060,702,-814,-1052,332,-2720
3714,-11686,12400,357,250,-238,-2672
-1700,-388,9414,-370,-411,-16,-2672
2206,1786,5990,-57,-151,-294,-2672
2128,-4910,10052,144,484,-474,-2672
-1056,2266,8366,-15,288,46,-2672
-164,-1980,9516,-267,-421,212,-2672
4862,-1978,7812,228,774,-334,-2672
-2324,-436,8054,292,452,-33,-2672
1024,-1326,9572,772,354,-304,-2672
-2120,14636,3442,-2639,-194,-120,-2704
-164,-2628,7874,1823,186,-314,-2672
1924,-22184,15296,-935,603,-285,-2672
-6368,11994,4666,211,-863,245,-2672
3660,-10634,11872,239,184,-177,-2704
-1774,22,9384,-303,-303,-23,-2672
2184,1708,5772,12,-148,-314,-2656
2426,-5416,10506,197,542,-522,-2688
-3758,4430,9082,-86,173,103,-2720
-40,-1400,9466,-181,-379,172,-2688
4464,-2636,7936,149,735,-333,-2688
-2008,464,7728,301,396,-37,-2656
2780,802,11692,845,426,-351,-2688
-1930,16388,3172,-2729,-198,-75,-2656
-162,-4082,8728,1806,169,-389,-2688
1820,-23358,15428,-667,608,-266,-2688
-6392,12278,4462,278,-830,217,-2704
3530,-13104,12962,331,250,-201,-2688
-1580,2166,8380,-519,-365,4,-2688
2354,152,6512,154,-179,-243,-2688
2262,110,6614,-39,460,-552,-2672
-1378,2390,8906,70,294,39,-2672
-144,-2610,9270,-286,-565,238,-2672
4712,-2886,8468,250,698,-339,-2672
-916,-2876,9570,285,519,-81,-2640
1124,-2096,9942,731,227,-277,-2672
-2140,16864,2488,-2749,-44,-175,-2672
-288,-3020,8070,2232,164,-282,-2688
4440,6180,1878,-1788,454,-317,-2672
-6426,12196,4484,644,-689,157,-2688
3786,-12934,13066,212,88,-156,-2688
-1752,2048,8166,-488,-278,-63,-2656
492,-2630,9300,50,-271,-160,-2672
1944,-318,7110,-151,376,-516,-2672
-1220,3080,8512,148,415,-65,-2704
-74,-2226,9210,-510,-606,285,-2672
4148,-2284,6042,310,575,-318,-2704
-1002,-1904,9334,197,575,-134,-2672
1080,-2332,9926,562,74,-196,-2672
-2026,15514,3022,-2336,163,-304,-2672
1070,-22698,13596,2165,141,-96,-2672
4384,6660,1580,-2303,290,-331,-2672
-6338,10870,5100,1884,-248,25,-2704
3884,-12072,12618,-249,-191,-21,-2704
-2008,3098,6246,-242,-184,-173,-2704
330,-2462,9580,39,-301,-131,-2672
1888,-112,6850,-234,271,-475,-2672
-750,2068,8306,297,439,-153,-2704
-4562,5074,8646,-805,-660,302,-2672
3900,-4294,6748,468,336,-230,-2672
-676,-1866,9146,24,681,-230,-2736
652,-284,9372,422,4,-117,-2704
988,14926,4292,-1762,323,-373,-2672
992,-21510,13400,1430,45,42,-2688
4394,7340,758,-2557,93,-337,-2720
-6160,9800,5250,2752,184,-121,-2688
1828,1790,9280,-976,-469,137,-2720
-2026,3396,6482,-171,-127,-215,-2688
94,-2086,9312,143,-323,-86,-2688
2202,-316,6922,-371,241,-442,-2688
1396,-480,7742,339,533,-275,-2688
-4484,3944,8766,-626,-567,296,-2688
4142,-3376,6880,131,127,-176,-2688
2350,-56,5452,196,813,-255,-2704
-3096,1930,9166,26,-138,-69,-2688
926,14844,4008,-741,518,-483,-2688
1014,-23506,14076,552,-52,111,-2688
4938,11464,-1066,-2463,-27,-263,-2688
-1154,-24452,14206,3316,559,-263,-2688
1178,4966,8676,-1672,-738,323,-2688
-1888,4024,5530,198,-81,-270,-2688
150,-4342,10610,178,-349,-23,-2656
3304,1256,7990,-497,240,-400,-2688
1416,-2202,8214,538,557,-327,-2688
-4378,2890,9930,-595,-464,278,-2688
2830,-4218,9850,-128,-51,-59,-2704
2074,42,5192,273,740,-239,-2656
-2768,2286,8784,-35,-11,-36,-2688
938,14666,4776,-67,586,-530,-2688
-3484,-2496,10384,-845,-221,148,-2704
2446,20912,-3448,-1367,-17,-327,-2672
-1038,-24582,14028,2651,632,-235,-2672
700,6292,7816,-1727,-1057,370,-2672
2216,-740,7508,170,105,-265,-2704
-1944,-3716,8830,22,-470,-12,-2672
3382,954,7766,-214,179,-421,-2704
1496,-2086,8490,424,577,-396,-2704
-2760,4396,8858,-340,-195,201,-2704
2354,-4462,9784,-99,-199,11,-2640
2370,748,4924,69,806,-308,-2672
-2924,1620,9228,238,142,-31,-2704
2702,-1934,11836,476,569,-490,-2672
-3392,-2442,10322,-1536,-269,57,-2672
2716,17904,-1888,-235,81,-373,-2672
-1042,-23452,13588,1586,665,-236,-2672
-4832,23596,-372,-1136,-1162,347,-2688
2414,-1006,7830,162,282,-258,-2688
-2048,-1528,8022,-233,-493,37,-2656
3224,-1072,8190,-11,-20,-367,-2688
2050,-5082,9478,239,577,-470,-2688
-2782,4268,9260,-133,78,145,-2720
2256,-4990,9904,-105,-315,140,-2656
2554,926,4942,30,773,-315,-2688
-1990,-182,7926,324,275,-15,-2672
2710,-2310,11740,754,554,-467,-2704
-3186,-174,9504,-2278,-264,-4,-2672
2076,17640,-1768,821,119,-404,-2704
2370,-16380,13884,60,698,-222,-2720
-5258,23768,-516,-508,-1082,298,-2720
2630,-2878,8358,312,285,-235,-2688
-1914,-1428,8266,-411,-419,0,-2688
1844,892,6684,77,-98,-305,-2688
2140,-4672,9748,55,510,-527,-2688
-3106,4178,8704,-13,171,122,-2688
2504,-4668,10026,-156,-356,159,-2688
4862,-3890,8640,115,769,-332,-2720
-1718,182,8010,308,398,-49,-2688
2972,-3020,12020,863,389,-325,-2688
-924,20144,950,-2873,-123,-105,-2704
32,-13224,11552,1971,191,-332,-2720
2334,-17004,14340,-898,580,-275,-2688
-5154,26210,-1432,70,-879,237,-2688
3720,-12512,13626,264,169,-153,-2672
-1874,2186,8558,-518,-354,-54,-2672
1538,736,6458,130,-213,-244,-2704
2166,-5658,10330,-78,455,-519,-2704
-624,1010,8458,53,277,-12,-2704
-1226,-124,8858,-254,-499,241,-2704
4734,-4196,8898,190,655,-342,-2704
-1890,300,7716,278,439,-74,-2704
-530,-128,8830,726,217,-278,-2704
-918,19194,1414,-2643,43,-216,-2672
60,-12970,11438,2286,188,-173,-2704
2434,-16484,13806,-1938,389,-319,-2640
-5934,-528,9026,1334,-481,83,-2672
2660,-2762,8320,283,192,-178,-2720
-1974,858,8650,-460,-352,-43,-2688
1530,2020,6508,-11,-192,-242,-2720
1900,-5306,9596,62,445,-526,-2688
-2574,3914,8970,91,326,-12,-2688
-1974,1210,8668,-283,-481,221,-2704
5072,-5032,8946,307,743,-332,-2704
-1586,-678,8500,231,467,-66,-2672
2368,-1688,11348,767,286,-281,-2672
-3596,1106,8650,-2458,-258,-75,-2656
1936,14446,246,1374,158,-343,-2656
2658,-14162,12870,-176,702,-270,-2688
-5300,22760,240,-338,-1020,264,-2688
2924,-3388,8180,288,222,-259,-2688
-1834,-2508,8892,-265,-377,-4,-2688
1526,1816,6874,-108,-146,-255,-2688
1762,-4196,9080,196,486,-506,-2656
-2320,2902,9392,-6,268,37,-2688
-2446,2180,8298,-345,-530,261,-2704
5134,-4386,8740,209,718,-329,-2720
-1684,-1084,8384,289,445,-52,-2688
2420,-3068,11544,758,269,-306,-2656
-430,19344,1298,-2596,2,-200,-2704
340,-17246,12974,2216,220,-178,-2672
2938,-10960,11652,-1777,416,-296,-2672
-5698,23324,-356,1061,-591,91,-2672
3390,-8262,12562,60,10,-112,-2704
-2266,124,8796,-305,-213,-75,-2704
1362,1312,7478,-52,-255,-144,-2704
1792,-4458,8844,-102,357,-513,-2672
-208,444,7792,162,378,-76,-2672
-2366,1624,8770,-452,-589,254,-2672
4766,-4380,8190,199,577,-326,-2672
-1812,132,8304,251,546,-121,-2672
-1746,1476,8834,437,-50,-188,-2704
-458,20670,656,-2192,217,-291,-2736
986,-21524,14086,2277,187,-82,-2672
3392,-8208,10156,-2595,171,-311,-2672
-4598,-10794,12096,2261,-129,-43,-2736
3128,-7708,12794,-423,-277,5,-2704
-2350,2236,8372,-155,-150,-197,-2688
880,54,7630,119,-342,-95,-2656
2464,4000,6196,-425,239,-474,-2672
304,-352,7978,413,481,-174,-2672
-2788,2494,8660,-767,-634,301,-2704
4658,-4730,8154,293,345,-267,-2704
336,-1886,7284,266,653,-174,-2704
-1860,1916,8756,181,-92,-113,-2672
-124,19548,1202,-1627,348,-360,-2704
746,-18978,12902,1611,61,37,-2672
5292,22022,-6276,-2639,73,-351,-2656
-4842,-11060,11784,2946,293,-168,-2656
3294,-7456,12944,-1014,-479,132,-2688
-2406,238,8226,-66,-151,-243,-2688
-1390,-5138,9428,197,-386,-75,-2688
1884,-3032,8264,-251,258,-485,-2720
540,996,7284,275,456,-178,-2656
-3336,3174,8336,-682,-666,287,-2656
4780,-4150,7860,320,441,-270,-2688
520,-670,6646,209,700,-191,-2704
-1700,1960,8740,311,11,-154,-2688
-110,18630,1734,-1811,279,-350,-2688
642,-19094,12662,1398,23,34,-2704
4890,22106,-6228,-2585,106,-370,-2704
-6006,18706,1774,1592,-368,119,-2672
3106,-4924,11870,-211,-108,-99,-2672
-2334,68,8320,-166,-221,-163,-2672
1088,238,8370,-98,-318,-127,-2704
2086,-2132,7498,-181,331,-488,-2672
336,430,7308,263,435,-159,-2704
-3248,2850,8454,-592,-622,303,-2704
4814,-3562,7846,265,509,-287,-2672
-1586,-1480,8882,272,621,-137,-2672
-2134,2176,8656,335,-52,-178,-2640
0,19458,1246,-1966,277,-348,-2672
1068,-21356,13602,1670,58,23,-2688
3536,-3224,7706,-2663,97,-328,-2720
-4058,-15362,13152,2869,150,-126,-2656
2864,-4916,12032,-917,-454,134,-2656
-2240,1300,8098,-77,-135,-208,-2672
1058,-680,8298,40,-349,-71,-2672
3160,2976,6738,-406,286,-482,-2704
166,-1068,8236,444,516,-228,-2704
-3254,2808,8652,-696,-650,314,-2672
4678,-3304,7258,179,321,-213,-2704
818,-1896,6802,316,670,-181,-2672
-1978,2558,8812,37,-144,-143,-2704
-218,19588,1248,-1348,430,-440,-2672
1070,-22430,13772,1386,20,90,-2704
4546,23814,-6708,-2706,76,-305,-2704
-3932,-14700,12618,3043,307,-160,-2672
2780,-4340,11602,-1346,-653,239,-2688
-2258,1618,8228,74,-86,-271,-2688
-1260,-5734,10296,127,-356,-54,-2688
2746,2816,6700,-494,198,-464,-2688
678,-1098,8024,520,569,-320,-2720
-3586,4266,8488,-709,-479,281,-2656
3158,-2042,7718,43,-25,-112,-2656
868,-462,5978,207,778,-258,-2688
-2170,1680,9002,61,-55,-72,-2688
86,18098,2234,-563,485,-485,-2688
-1866,-15076,12980,250,-58,120,-2688
4678,22176,-5588,-2104,26,-337,-2688
-3920,-15188,12566,2991,527,-237,-2720
-2460,18376,1850,-1561,-892,380,-2672
716,4474,5600,-49,-19,-261,-2688
-1704,-4506,9058,214,-426,-29,-2656
3056,264,8204,-290,242,-466,-2656
1874,-4696,10010,365,591,-374,-2704
-3298,3032,10130,-267,-192,211,-2672
2724,-3632,8322,60,-51,-82,-2672
1430,1444,4946,30,779,-272,-2704
-2686,1160,9436,232,-50,-26,-2672
644,16806,2960,-651,479,-486,-2672
-2116,-12340,12466,309,-60,101,-2672
4132,22750,-5668,-2169,-48,-286,-2672
-3364,-17354,12984,3061,499,-244,-2640
2472,-2570,11524,-1490,-759,279,-2704
1086,4188,5926,-40,-37,-253,-2704
686,-1404,9346,209,-323,-63,-2704
3174,-70,8614,-417,264,-441,-2672
1000,332,7332,369,491,-239,-2672
-4150,2866,9080,-616,-632,335,-2672
4592,-2590,6604,44,149,-185,-2672
1516,-506,5704,298,799,-201,-2672
-2628,2186,9188,-44,-85,-86,-2672
326,17742,2644,-841,477,-449,-2672
1140,-24020,14004,324,-101,89,-2688
3438,24072,-5932,-2290,-52,-296,-2688
-2498,-20884,13754,3204,495,-228,-2688
1822,1332,9956,-1679,-830,315,-2688
-2108,3382,6622,133,-18,-267,-2688
-1742,-4740,9358,150,-362,-15,-2688
3182,2400,7606,-452,230,-417,-2688
824,-1634,8002,546,546,-371,-2688
-3996,2482,9628,-508,-438,263,-2656
2948,-2586,8376,-114,-44,-76,-2656
1710,-1170,5978,271,795,-270,-2688
-2564,2090,9162,-9,35,-43,-2688
2906,-490,11822,328,583,-514,-2672
-3134,-7366,11692,-750,-213,121,-2688
3228,21856,-4574,-1373,-16,-348,-2688
-1898,-22570,13766,2644,651,-229,-2688
-4166,24026,-586,-1684,-1116,373,-2672
1910,1950,6550,183,196,-308,-2672
-1952,-4254,9216,-42,-491,36,-2672
3232,930,7824,-155,132,-378,-2704
2140,-5958,10280,362,614,-460,-2704
-3228,4480,8784,-317,-153,195,-2704
2758,-3668,9068,-63,-224,66,-2704
1910,110,5262,24,788,-301,-2672
-2120,826,7456,248,202,-20,-2672
2680,-852,11702,642,572,-477,-2672
-3064,-5462,11010,-1913,-302,45,-2672
3270,20328,-3694,271,104,-361,-2704
-1946,-22092,13528,2307,621,-224,-2688
1386,4060,8816,-1448,-1028,335,-2720
2014,184,7526,67,115,-276,-2720
-2100,-1970,7948,-21,-505,35,-2688
3348,-1350,8740,-26,166,-386,-2688
1650,-604,8090,226,615,-431,-2688
-3032,4178,9156,-219,-180,187,-2656
2606,-4856,9734,-123,-233,34,-2688
2238,1632,4494,-4,796,-246,-2688
-2872,1678,9404,259,160,-15,-2720
2756,-1368,11868,536,591,-477,-2688
-3268,-2812,10156,-1863,-313,90,-2688
2518,19916,-3388,-10,87,-377,-2656
2040,-18784,14582,994,679,-201,-2672
-4610,25112,-858,-1410,-1162,386,-2688
2186,-264,7360,247,243,-233,-2688
-1960,-2680,8466,-250,-521,17,-2688
1802,672,6472,103,44,-349,-2672
2248,-5026,10044,114,579,-463,-2704
-3086,4220,8382,-68,43,141,-2672
2642,-4922,10130,-46,-250,121,-2672
4726,-4032,9174,58,790,-334,-2672
-2108,84,7844,337,262,-37,-2672
3276,-2702,12160,918,525,-417,-2672
-3516,-2572,10084,-2665,-284,-46,-2704
58,-10298,10730,1376,145,-417,-2704
2226,-21226,15902,117,706,-223,-2640
-4708,25472,-1224,-639,-1053,283,-2672
2210,-1026,7456,446,292,-213,-2672
-1682,2508,8326,-577,-485,9,-2672
1790,886,6056,200,-48,-321,-2704
2100,-6346,11114,41,496,-527,-2672
-3192,5328,8012,-89,206,106,-2672
-848,-664,8838,-128,-430,190,-2656
4814,-4018,8812,197,767,-327,-2656
-1852,334,8140,297,403,-24,-2688
2962,-1436,11818,827,382,-328,-2688
-1292,17932,2082,-2734,-246,-101,-2672
-332,-7758,9676,1826,136,-321,-2672
2142,-19796,15092,-750,634,-265,-2672
-4526,24118,-478,9,-871,225,-2672
3778,-11940,13130,268,205,-193,-2704
-1646,592,8788,-373,-315,-12,-2704
1818,1406,6644,11,-189,-229,-2704
1660,-5246,9854,65,413,-489,-2672
-652,1730,8032,92,300,-6,-2704
-1372,146,8690,-407,-497,229,-2672
5374,-4238,9064,358,724,-361,-2672
-1736,-1032,8616,194,534,-56,-2672
76,-636,9422,682,155,-233,-2656
-1084,17698,2096,-2510,64,-239,-2688
-526,-9352,10050,2154,97,-150,-2720
2406,-18306,14936,-1886,397,-341,-2720
-6060,3656,7676,1274,-474,66,-2688
3866,-11072,12874,-22,-42,-121,-2720
-1938,-116,9388,-291,-202,-117,-2656
1610,2848,5928,-92,-212,-225,-2656
1750,-5768,10218,176,484,-531,-2688
-396,978,8208,56,369,-33,-2640
-1634,1312,8370,-365,-514,212,-2656
5258,-4814,9018,314,738,-341,-2688
-1812,-746,8312,200,536,-91,-2704
-550,818,8568,679,142,-218,-2672
-1024,18530,1746,-2572,34,-219,-2736
-54,-12664,11390,2302,199,-185,-2704
2612,-17700,14384,-334,653,-255,-2672
-5012,24478,-798,-289,-972,299,-2704
2526,-3188,8614,393,230,-247,-2672
-1876,1532,8830,-497,-453,-21,-2672
1396,1246,6492,137,-128,-270,-2704
2070,-5544,10238,38,479,-465,-2672
-2734,4586,8486,-32,254,42,-2704
-1406,628,8716,-143,-411,189,-2704
4838,-5156,9222,254,713,-343,-2656
-2046,570,7710,248,434,-71,-2688
2868,-3904,12424,893,296,-320,-2672
-906,20020,968,-2810,-94,-122,-2704
304,-14350,12156,2200,188,-295,-2704
2590,-16516,14098,-1414,490,-312,-2672
-5554,26274,-1544,572,-708,174,-2672
3620,-12820,13822,318,109,-181,-2672
-2008,1924,8500,-593,-312,-31,-2672
1428,1564,6398,158,-251,-198,-2672
2098,-6112,10736,-57,404,-521,-2672
-32,772,8418,43,357,-54,-2672
-2004,1528,8306,-443,-598,253,-2704
4966,-5056,8738,352,648,-316,-2704
-1604,-206,8422,236,586,-77,-2704
-704,638,8964,710,153,-234,-2672
-718,19064,1506,-2406,114,-263,-2688
-78,-13288,11310,2176,121,-109,-2688
2538,-15728,13554,-2224,333,-344,-2688
-5964,-720,8820,1746,-290,42,-2688
3704,-10036,12850,-216,-149,-51,-2656
-1888,-390,9082,-200,-154,-149,-2688
1486,1984,6970,-3,-302,-113,-2688
2690,1012,7288,-208,267,-491,-2720
-220,940,7550,275,437,-176,-2656
-2110,1692,8356,-686,-675,290,-2720
3556,-2478,6380,344,359,-227,-2704
-4,-2274,8650,220,704,-153,-2656
-870,1072,8618,304,-63,-141,-2656
-702,18986,1224,-1876,262,-341,-2656
224,-20934,13388,1530,21,43,-2704
5160,17146,-4384,-2493,200,-353,-2720
-5716,-3074,9742,2785,151,-108,-2672
3552,-9758,12764,-908,-474,133,-2672
-982,4190,5668,-41,-125,-202,-2704
-626,-4356,10032,78,-356,-67,-2704
2756,1806,6744,-372,216,-489,-2672
-196,660,7856,376,528,-256,-2704
-2020,1748,8406,-592,-653,280,-2704
4854,-4638,8658,352,492,-287,-2704
-78,-2204,8438,209,640,-108,-2704
-1160,1042,8582,366,-20,-147,-2704
-588,19808,1044,-2048,278,-348,-2704
388,-16600,12568,2098,148,-29,-2704
5032,19828,-5344,-2640,151,-318,-2672
-5464,-3516,10120,2455,-32,-78,-2704
3420,-11054,13642,-552,-305,47,-2704
-2026,2004,8636,-525,-316,-57,-2704
1528,1372,6376,53,-237,-184,-2672
2184,-5514,10092,-122,436,-522,-2704
-330,186,8406,139,403,-54,-2672
-1914,1464,8458,-400,-561,284,-2704
4650,-4460,8438,306,573,-326,-2688
-1660,-190,8162,249,567,-101,-2688
-992,1188,8552,464,23,-211,-2688
-738,19990,1014,-2355,183,-279,-2688
372,-15502,12300,2263,135,-100,-2688
2608,-14162,12816,-2387,228,-308,-2656
-5646,-2778,9476,1978,-233,37,-2688
3420,-10788,13326,-294,-231,-9,-2688
-1820,1834,8254,-299,-159,-150,-2688
1606,498,7182,78,-309,-108,-2688
2610,1874,6568,-296,337,-506,-2688
-182,946,8232,313,487,-176,-2688
-2468,1442,8198,-680,-676,328,-2688
3354,-1636,6112,208,308,-242,-2672
-154,-1800,7970,190,619,-150,-2688
-742,586,8956,322,-17,-128,-2688
-414,18830,1688,-1801,335,-353,-2656
86,-20410,13814,1375,18,52,-2704
5186,18956,-5028,-2564,118,-356,-2672
-5762,-5384,10430,2899,212,-136,-2672
3688,-9020,12798,-970,-528,149,-2704
-804,5466,5064,-154,-142,-244,-2704
-770,-4692,9732,230,-352,-85,-2672
2644,956,7662,-373,269,-437,-2672
68,948,7480,366,501,-288,-2704
-4372,3356,9662,-661,-561,275,-2672
3238,-2842,6704,209,138,-179,-2688
302,-1060,7386,119,763,-251,-2720
-1626,1522,8814,172,-86,-66,-2688
1736,8762,7734,-760,492,-463,-2704
-484,-18474,13154,498,-39,97,-2672
4880,20556,-5446,-2317,3,-277,-2704
-5060,-8264,11308,3074,517,-207,-2672
-962,13740,4200,-1505,-758,286,-2704
-524,5518,4980,18,-72,-280,-2672
-1058,-4990,9764,217,-350,-54,-2672
2740,1856,7526,-354,256,-411,-2672
2084,-3640,9812,414,539,-329,-2704
-4314,3516,9432,-494,-452,267,-2672
3420,-1138,6360,-128,-66,-55,-2704
540,-1992,7606,212,802,-242,-2672
-2098,1810,8824,-18,-137,-77,-2720
-314,19580,1134,-706,487,-470,-2720
-1450,-17554,13332,573,-58,91,-2656
4646,23106,-6734,-2452,-62,-279,-2656
-4294,-12848,12648,3335,525,-236,-2720
3032,-7466,12878,-1688,-765,334,-2688
164,5590,4536,204,-30,-293,-2688
-1224,-7140,11010,163,-334,-42,-2688
2790,3814,6146,-507,175,-425,-2720
350,-786,8170,584,543,-313,-2688
-4100,3276,9308,-591,-459,242,-2688
3460,-952,6814,-102,-28,-94,-2688
384,-1654,6846,235,781,-260,-2688
-2568,1212,8088,24,-31,-36,-2704
2004,6534,8718,-123,578,-506,-2688
-1478,-16668,13448,-346,-164,129,-2656
5028,23892,-6832,-1816,-5,-305,-2688
1510,-26592,15266,2664,642,-226,-2672
-1694,17084,2444,-1692,-1041,392,-2704
64,5944,4592,143,84,-288,-2704
-1334,-5164,9662,49,-447,-3,-2672
2544,638,6744,-209,168,-416,-2672
2166,-3962,9832,370,576,-370,-2688
-3894,3738,9330,-360,-254,234,-2656
2972,-3002,7592,-86,-211,12,-2688
4278,-298,6784,32,797,-290,-2672
-2770,194,8372,241,82,-18,-2688
2164,5628,9062,193,567,-518,-2688
-1250,-16086,13300,-1094,-187,71,-2720
452,5622,4632,-389,105,-363,-2704
1336,-24984,15090,1748,707,-231,-2704
-2006,17004,2418,-1371,-1114,341,-2704
110,4716,5070,148,159,-254,-2672
-1822,446,8424,-141,-505,26,-2672
2540,-334,6806,12,100,-390,-2672
2418,-3868,10056,150,603,-432,-2672
-4312,4452,8916,-114,-45,163,-2672
1066,-4200,10420,-111,-303,86,-2672
4116,-130,6396,49,808,-315,-2704
-2666,252,8562,339,223,-3,-2672
2308,5340,9562,651,578,-457,-2672
-2916,10766,5528,-2156,-287,16,-2704
178,5536,4554,509,67,-387,-2672
1256,-25934,15160,937,703,-199,-2672
-1914,18162,2104,-1125,-1131,336,-2704
3254,-10436,11704,353,253,-249,-2688
-1284,-5820,10218,-98,-468,12,-2688
2780,-1100,7630,-28,167,-418,-2688
2178,-4192,9782,221,575,-436,-2688
-4246,3700,9032,-200,-120,193,-2688
3272,-2088,7464,-74,-198,40,-2688
4084,-550,7018,45,795,-281,-2720
-2594,816,8250,285,199,-6,-2656
2456,5316,9366,621,577,-470,-2688
-3072,11296,4962,-2268,-388,43,-2672
4694,24078,-6998,-1420,-71,-320,-2672
1334,-27410,15730,2843,710,-216,-2672
-1750,18408,2240,-1883,-1037,396,-2704
86,4886,4844,294,63,-270,-2672
-1096,-6540,10734,-44,-443,-28,-2704
2764,-224,7474,-232,207,-420,-2672
2012,-4738,9872,453,584,-381,-2656
-4132,3738,9226,-420,-259,262,-2688
3116,-1288,7240,-77,-127,-24,-2704
512,-1428,6676,239,737,-205,-2704
-1830,2112,8778,-45,-116,-59,-2688
-20,19120,1558,-666,502,-481,-2688
-1686,-17008,13606,458,-72,104,-2688
4948,23060,-6494,-2309,-13,-283,-2688
-4548,-13032,12170,3214,512,-194,-2656
3008,-6268,12480,-1558,-774,308,-2688
302,4814,5098,57,-40,-254,-2688
-1234,-5518,9914,172,-367,-44,-2656
2842,1694,7258,-377,210,-421,-2688
618,-542,7890,450,576,-377,-2688
-4020,3368,9688,-501,-383,249,-2688
2926,-2972,8006,-49,-147,-1,-2688
812,102,5780,68,758,-303,-2688
-2646,-464,8576,197,45,-20,-2672
1896,6226,8808,-202,506,-496,-2688
-1348,-14858,13068,-435,-120,100,-2688
4636,22436,-5960,-1519,-5,-292,-2688
1532,-24266,15200,2377,611,-245,-2704
-2344,17068,2050,-1496,-950,319,-2688
588,4750,5542,32,162,-243,-2672
-1638,-3820,8728,26,-478,26,-2672
2516,1164,5924,-112,118,-429,-2704
1950,-4614,10336,288,594,-409,-2704
-3746,3660,9454,-199,-110,215,-2672
3008,-3418,8062,-152,-264,63,-2672
4560,-1464,7062,85,804,-330,-2672
-2422,-14,8180,333,217,-3,-2672
2572,2526,10822,625,581,-474,-2704
-2432,-12018,12312,-1939,-288,51,-2704
-26,318,6996,236,43,-365,-2704
1706,-23966,15456,1186,684,-221,-2672
-2938,21744,636,-1658,-1123,359,-2704
1118,3516,5480,225,117,-271,-2688
-1670,-5226,9678,21,-400,-6,-2704
2990,2488,7356,-222,228,-425,-2672
2148,-5262,10492,401,534,-378,-2672
-3766,3940,8870,-372,-253,221,-2704
3196,-2324,8252,-138,-154,2,-2672
1326,-1028,5932,161,825,-289,-2704
-2374,960,7606,111,113,-10,-2704
2822,1476,11108,510,606,-494,-2672
-3010,-9816,12012,-1590,-332,110,-2672
3740,24922,-6394,-477,-24,-370,-2640
2038,-25096,16146,1977,704,-243,-2672
-3412,22872,-232,-1642,-1122,347,-2672
1334,3470,5810,291,266,-259,-2688
-1768,-5532,9440,-268,-490,45,-2688
2106,926,6126,88,77,-345,-2656
2146,-5938,10814,209,545,-430,-2688
-3398,4346,8558,-145,-9,149,-2656
2954,-3560,9094,-64,-257,108,-2688
4814,-2912,8450,26,826,-302,-2656
-2250,796,7674,332,249,-44,-2688
2400,1498,10752,769,509,-418,-2688
-2658,-9876,12058,-1169,-229,67,-2688
4098,21960,-4616,-776,94,-366,-2656
2104,-22768,15768,1707,698,-188,-2640
-3560,21338,634,-1498,-1115,360,-2720
1390,3422,5756,110,215,-286,-2704
-1824,-3258,8514,-123,-496,79,-2704
2178,2026,5592,-65,51,-390,-2672
2350,-5124,10200,275,627,-443,-2704
-3498,3778,9684,-166,16,161,-2704
2508,-3872,8384,-130,-355,110,-2704
4402,-2028,7552,9,750,-338,-2672
-2158,-172,7650,401,289,-23,-2672
2768,564,11838,697,591,-432,-2672
-2842,-7690,11258,-2220,-276,-38,-2672
-14,-5098,9080,780,106,-344,-2672
1748,-21200,14952,549,654,-249,-2672
-3960,22238,-140,-1063,-1147,351,-2688
1794,1552,6936,249,305,-216,-2720
-1668,38,9562,-349,-468,36,-2672
2222,1714,5894,15,-35,-317,-2688
2198,-5320,10162,177,564,-477,-2688
-3432,4158,9120,-89,82,149,-2656
-352,-980,9226,-176,-358,151,-2704
4664,-3334,8422,123,785,-301,-2656
-2086,342,7758,316,359,-61,-2704
2946,-294,11732,881,468,-412,-2672
-1780,17642,2382,-2769,-262,-58,-2672
-156,-5830,9154,1664,183,-351,-2672
1970,-22500,15722,-474,638,-249,-2704
-4190,24238,-596,-286,-986,256,-2704
3630,-13608,13418,410,272,-207,-2704
-1722,2350,8188,-513,-429,-21,-2640
2188,424,6298,165,-124,-247,-2672
2206,-6118,10878,35,525,-530,-2704
-1162,2386,8644,-13,248,31,-2672
-418,-2368,9290,-125,-426,194,-2704
4488,-3250,8568,143,711,-342,-2672
-1862,770,7600,321,409,-60,-2672
606,-1762,9412,865,372,-324,-2736
-1624,17864,2304,-2866,-88,-116,-2672
-340,-5948,9306,2146,187,-299,-2704
2000,-21900,15482,-1338,514,-309,-2672
-6392,8838,5694,931,-601,165,-2656
3730,-12516,12848,127,6,-156,-2688
-1728,1530,8754,-462,-260,-75,-2688
1936,1506,6182,23,-250,-183,-2688
2066,-5802,10506,125,522,-502,-2688
-3308,4368,8752,-56,241,72,-2688
-588,-1144,8942,-130,-436,173,-2688
4958,-4044,8922,213,779,-342,-2688
-1934,50,7960,297,429,-67,-2656
626,-1078,9548,788,270,-316,-2704
-1702,16368,2548,-2618,-203,-153,-2688
-200,-7110,9524,1681,156,-337,-2672
2348,-19958,15170,-183,707,-267,-2688
-4472,22222,74,-303,-1033,267,-2720
2260,898,6596,282,207,-242,-2656
-1900,-748,9520,-285,-408,19,-2656
1958,2386,6068,-101,-146,-299,-2688
1790,-4750,9864,191,479,-502,-2688
-464,1760,8178,49,326,0,-2672
-1470,938,8436,-373,-467,208,-2656
5240,-4092,8870,311,765,-350,-2720
-1724,-1036,8426,249,469,-61,-2688
-272,496,8700,713,180,-247,-2672
-1024,17820,2082,-2588,-3,-193,-2672
-398,-9700,10560,2094,161,-201,-2672
2336,-17502,14286,-1678,442,-306,-2672
-6070,2676,7842,982,-604,135,-2672
3784,-11162,12692,52,23,-172,-2704
-1940,-50,9290,-300,-238,-97,-2672
1686,2158,6420,-49,-258,-174,-2704
2518,918,6842,-48,358,-483,-2704
-580,1398,7988,140,374,-73,-2672
-1392,720,8638,-509,-620,265,-2672
4964,-4398,8844,291,593,-301,-2672
-438,-2016,8718,187,598,-135,-2704
-748,26,8588,516,-16,-172,-2704
-832,19510,1516,-2223,219,-311,-2704
268,-14114,12166,2240,187,-119,-2672
5170,17604,-4064,-2526,204,-331,-2704
-5652,-654,9308,2201,-149,-28,-2672
3486,-11822,13300,-403,-302,6,-2736
-1964,2258,8662,-157,-134,-210,-2656
-418,-5816,10848,127,-323,-70,-2656
2368,3058,5832,-474,245,-449,-2688
-406,1198,8294,462,515,-196,-2688
-1582,116,8764,-724,-656,310,-2688
3724,-242,5394,136,313,-239,-2688
-424,-3162,8610,325,724,-236,-2656
-614,240,8798,88,-128,-90,-2656
-762,19836,1096,-1605,346,-377,-2704
246,-22386,14228,1652,56,33,-2672
5346,17814,-4474,-2642,115,-323,-2672
-5856,-2280,9106,2785,160,-107,-2704
3698,-10938,13500,-866,-466,119,-2672
-1098,5518,5110,-179,-137,-183,-2672
-536,-4100,9790,153,-342,-54,-2672
2592,782,7228,-375,229,-449,-2704
-276,1624,7660,399,484,-266,-2704
-4694,3760,9566,-695,-611,297,-2688
5036,-3876,8786,283,490,-273,-2688
84,-2152,8588,226,695,-180,-2720
-1062,976,8830,273,-78,-128,-2688
-632,19144,970,-1794,280,-358,-2688
348,-15266,12044,1616,15,35,-2688
5162,19112,-5262,-2546,163,-356,-2688
-5648,-5618,10636,2624,102,-79,-2688
3516,-8204,12334,-867,-431,80,-2720
-912,4920,5396,-22,-163,-200,-2672
-920,-4742,9548,126,-332,-99,-2656
3042,1438,7350,-368,265,-468,-2688
-154,604,7588,404,524,-255,-2704
-4734,4040,9040,-642,-607,284,-2704
3616,-1992,6500,66,172,-160,-2672
-6,-2284,8030,282,763,-237,-2672
-1298,1574,8648,27,-99,-68,-2704
1770,8440,8130,-764,421,-476,-2672
-486,-19030,13226,535,-60,118,-2704
4904,20916,-5804,-2417,-2,-310,-2704
-5248,-7328,11132,3252,520,-208,-2704
-618,13856,4362,-1626,-734,309,-2672
-640,4972,4836,152,-72,-272,-2672
-862,-5016,10456,112,-412,-46,-2672
2734,3040,6108,-455,202,-429,-2704
1838,-3106,9016,487,573,-322,-2672
-4338,3322,9650,-569,-466,277,-2672
3448,-1240,6346,-59,9,-97,-2672
2,-2022,7790,222,775,-266,-2672
-2768,860,8726,5,-51,-25,-2672
1996,8950,7588,-465,558,-533,-2688
-854,-20836,14276,621,-59,142,-2704
5128,21494,-6302,-2277,-48,-279,-2688
-5134,-7080,10928,3318,590,-291,-2688
-706,13792,4432,-1717,-842,341,-2688
-600,5134,5008,193,-31,-275,-2688
-658,-6766,11080,164,-354,-30,-2688
2502,3682,5788,-488,183,-441,-2688
1972,-3530,8932,492,584,-351,-2688
-4488,3308,9706,-521,-397,271,-2688
3396,-912,6272,-111,-79,-29,-2688
-40,-2156,7518,156,760,-243,-2688
-2786,1126,8488,55,-12,-37,-2688
1536,9724,7140,-75,573,-518,-2656
-686,-19910,14092,-527,-186,87,-2688
1128,12102,1566,-1112,-18,-346,-2672
640,-25406,14654,2651,603,-191,-2656
-868,13538,4156,-1667,-1016,395,-2688
-332,5296,5144,194,126,-279,-2640
-1686,-1208,8382,-29,-437,-11,-2672
2912,308,7186,-142,136,-395,-2672
1860,-3510,9530,354,585,-407,-2704
-4352,4210,9328,-235,-105,182,-2672
1436,-4518,10406,-151,-278,53,-2672
4016,568,5530,73,802,-323,-2704
-2750,292,8866,293,186,-9,-2672
1420,8274,7752,425,512,-458,-2704
-3494,7002,6362,-1656,-262,14,-2672
820,8620,3320,77,72,-364,-2704
1000,-24220,14390,1247,702,-211,-2704
-1266,14238,3802,-1226,-1126,346,-2672
3472,-6742,9710,174,267,-273,-2672
-2006,-928,9028,-167,-491,39,-2672
2762,146,6600,-56,8,-356,-2672
2068,-3482,9756,250,577,-476,-2704
-4174,3062,9630,-149,14,142,-2688
1556,-3900,10090,-160,-279,58,-2672
4010,-974,6566,91,790,-318,-2672
-2830,468,8288,292,208,-46,-2672
2408,5134,9518,741,581,-468,-2704
-3022,11270,5092,-2234,-308,31,-2704
362,4906,4832,644,114,-419,-2640
1430,-26380,15452,824,718,-236,-2672
-2072,18292,2038,-726,-1057,299,-2688
3454,-11584,12250,396,256,-247,-2688
-1820,1362,7816,-459,-537,12,-2688
2644,78,6778,191,-51,-314,-2688
2166,-4938,10284,106,503,-478,-2688
-1712,4534,8272,-111,144,105,-2688
1156,-4172,9954,-73,-349,128,-2656
4174,-1740,7384,70,774,-323,-2688
-2552,1340,7718,273,374,-50,-2688
1630,-3942,10782,971,400,-358,-2688
-2758,13668,4274,-2866,-211,-75,-2688
-42,3476,5506,1926,171,-336,-2688
4044,-908,6070,-1272,521,-274,-2672
-6364,18750,1746,1,-877,225,-2688
3608,-12190,12508,384,246,-213,-2688
-1766,914,8108,-551,-338,-30,-2688
594,-896,8418,151,-233,-189,-2672
1864,-2868,8104,12,456,-507,-2720
-1150,4046,8322,74,342,-43,-2672
506,-4114,9882,-417,-564,234,-2704
4514,-982,7394,84,777,-346,-2672
-2570,586,7790,328,369,-32,-2672
1456,-2568,10256,867,447,-359,-2672
-2590,12424,4292,-2610,-252,-64,-2672
120,2080,6184,1563,132,-340,-2672
1596,-23966,15350,-449,631,-271,-2640
-6226,15756,3166,-186,-961,269,-2704
3594,-9760,11236,285,244,-226,-2672
-1762,-430,9364,-342,-357,-9,-2672
2404,1524,5874,-122,-210,-213,-2672
2002,-1060,7018,202,474,-530,-2704
-1536,1938,9248,34,291,29,-2672
450,-2866,9916,-296,-506,201,-2672
4482,-1592,7390,237,743,-334,-2704
-1178,-2686,9778,292,495,-62,-2672
1392,-2046,9968,748,304,-288,-2672
-2422,13526,4124,-2691,-102,-178,-2672
4,-58,6854,2164,189,-239,-2704
3878,2068,4244,-1469,509,-325,-2672
-6350,14678,3350,734,-685,187,-2704
3684,-11486,12322,120,76,-141,-2672
-1762,800,8868,-324,-231,-83,-2656
602,-1632,9400,12,-318,-173,-2688
2032,-764,7054,-170,345,-531,-2688
-1628,2618,8644,222,420,-86,-2688
604,-3142,10002,-513,-613,251,-2688
4610,-3228,6910,321,621,-326,-2688
-1150,-2084,9626,237,567,-95,-2688
1144,-2564,9986,447,-22,-177,-2688
-2258,15544,3246,-2340,174,-319,-2688
1130,-23782,13892,2249,168,-94,-2720
4290,3580,3618,-2461,241,-335,-2656
-6430,15708,3258,2039,-221,-32,-2688
2318,-1668,11332,-520,-307,49,-2704
-2260,2134,7326,-252,-225,-120,-2688
786,-1694,9164,22,-300,-127,-2688
2028,-960,6986,-334,304,-502,-2688
656,-438,7232,399,499,-175,-2704
-3870,2950,9292,-627,-615,292,-2720
4412,-2750,6622,190,341,-232,-2704
-1258,-2074,9324,292,640,-191,-2704
-2428,1952,9008,139,-95,-123,-2704
246,18002,2280,-1558,384,-408,-2704
1088,-23434,13890,1583,63,31,-2672
4374,3344,3682,-2682,103,-305,-2672
-2990,-18712,13338,2877,225,-136,-2704
3588,-11982,12712,-144,-133,-36,-2672
-2146,2630,7040,-329,-229,-135,-2704
494,-1624,9204,50,-304,-120,-2672
1950,-1032,7134,-136,356,-496,-2656
-948,2670,8528,174,405,-68,-2672
-198,-2194,9538,-516,-564,284,-2704
4192,-4216,7066,414,572,-313,-2672
-1034,-1610,9112,137,559,-125,-2672
1224,-1694,9854,641,99,-199,-2672
-2126,14414,3604,-2408,127,-254,-2672
1046,-20964,13084,2105,102,-130,-2704
4312,3964,2776,-2092,341,-326,-2672
-6366,12562,4362,1693,-294,51,-2704
3748,-10916,12114,-194,-136,-69,-2704
-2212,2702,6650,-305,-163,-134,-2704
400,-1418,8940,32,-321,-96,-2720
2022,-562,7144,-242,291,-426,-2688
-982,2192,8542,272,467,-201,-2688
-4436,4564,8728,-753,-655,314,-2688
4118,-3812,6758,355,281,-222,-2656
-704,-2058,9306,107,718,-207,-2688
670,-698,9292,236,-69,-119,-2688
870,15798,3656,-1547,375,-380,-2656
1056,-22480,13602,1482,55,36,-2688
4436,7250,850,-2636,59,-313,-2720
-6108,9964,5430,2838,200,-125,-2656
1824,1802,9694,-985,-501,161,-2688
-2014,2986,6406,-58,-137,-219,-2656
338,-2790,9884,175,-344,-78,-2656
3272,-6,8558,-441,240,-449,-2672
1050,-710,7754,451,495,-239,-2688
-4298,3056,9242,-628,-590,314,-2656
4430,-1608,5856,-61,91,-138,-2672
2104,-252,5262,344,819,-239,-2672
-2756,2056,9476,-95,-66,-60,-2672
648,15678,3780,-451,518,-506,-2672
874,-24572,14050,179,-128,145,-2704
2398,21716,-4268,-2224,-39,-306,-2704
-1164,-24586,14326,3233,579,-269,-2672
1128,5570,8308,-1261,-589,232,-2656
-1904,4154,5922,-69,-116,-227,-2672
-28,-4002,10278,126,-328,-81,-2672
2246,808,6348,-534,200,-447,-2688
1192,-2756,8328,573,561,-307,-2688
-4206,3272,9834,-768,-600,308,-2688
3962,-1448,5646,64,127,-146,-2688
-762,-2700,9062,299,783,-238,-2688
-2878,1958,8826,-56,-113,-63,-2688
874,14592,4560,-630,485,-477,-2688
790,-23190,13948,422,-103,140,-2688
5088,13064,-2176,-2318,-16,-321,-2688
-1282,-23586,13664,3124,505,-230,-2688
1158,4824,8302,-1451,-732,284,-2688
-1878,4606,5730,-74,-45,-243,-2688
-1942,-2584,8694,244,-433,-7,-2672
3064,-486,8224,-365,245,-428,-2688
1632,-880,8270,369,528,-329,-2656
-4526,3490,9242,-476,-425,259,-2688
2420,-4396,9614,-90,-118,-10,-2704
2646,1078,5056,88,822,-272,-2704
-3030,1346,9416,173,54,-12,-2672
810,12856,5266,100,521,-517,-2672
-3400,-1846,9802,-911,-209,94,-2672
2570,18208,-2160,-1111,56,-322,-2672
-1010,-23408,13928,2308,616,-195,-2704
734,6824,7666,-1465,-1014,336,-2704
2530,-1934,8394,85,120,-271,-2672
-2140,-1514,8028,-47,-511,4,-2672
3256,-974,8010,-61,160,-420,-2672
1886,-1522,8604,247,625,-430,-2672
-2874,3936,9178,-240,-211,233,-2672
2382,-4932,10186,-66,-242,25,-2704
2602,706,4792,25,808,-303,-2704
-2752,1854,9172,257,175,-9,-2704
2908,-3212,12150,605,612,-499,-2672
-3442,1044,9112,-1901,-307,71,-2672
1626,18048,-1906,457,58,-379,-2688
-432,-26068,14318,1499,688,-199,-2672
-5412,26370,-1524,-1504,-1161,362,-2672
2512,-3240,8594,273,232,-221,-2672
-1886,-1152,7852,-318,-494,34,-2672
3356,88,8334,96,136,-375,-2672
2276,-5718,10526,142,570,-467,-2704
-3186,5304,8000,-195,-66,180,-2672
2490,-5548,10262,14,-252,97,-2672
2796,714,5396,4,842,-329,-2672
-1728,314,7974,331,273,-12,-2704
3192,-3938,12482,908,522,-442,-2688
-3772,924,8864,-2651,-342,-42,-2656
1712,18974,-2528,1321,128,-366,-2624
2404,-17872,14350,140,717,-223,-2688
-5238,25202,-1064,-640,-1054,292,-2688
2666,-3380,8572,398,270,-234,-2688
-1740,-2296,8168,-519,-461,7,-2656
1654,764,6444,163,-12,-304,-2688
1860,-5558,10348,103,521,-497,-2688
-2770,4902,8302,-61,166,46,-2688
2244,-5132,10418,-119,-383,165,-2688
4928,-4416,8956,131,748,-321,-2688
-1686,-252,8210,306,376,-46,-2688
2890,-2302,11882,854,413,-335,-2688
-3756,-84,9160,-2732,-190,-116,-2688
-186,-11352,10726,1804,144,-317,-2688
2414,-15386,13574,-882,606,-266,-2688
-5266,24164,-574,168,-859,266,-2688
3710,-10486,13024,139,114,-147,-2704
-1904,490,8678,-365,-310,-61,-2688
1558,1494,6920,-18,-215,-236,-2688
1778,-4520,9364,22,406,-527,-2688
-228,1256,8074,105,353,-68,-2704
-2286,1720,8064,-465,-571,254,-2704
5206,-4744,9038,380,633,-311,-2704
-1472,-1190,8600,194,559,-116,-2672
-850,1056,8674,600,146,-217,-2672
-482,18230,1956,-2393,88,-259,-2672
-166,-14486,11682,2137,146,-130,-2672
2758,-13206,12432,-1787,402,-324,-2688
-5716,-4144,10134,1579,-392,41,-2672
3774,-9044,12668,-50,-32,-127,-2720
-2062,-118,9240,-274,-224,-93,-2656
1338,2248,6932,-110,-299,-159,-2688
2642,1628,7272,-183,299,-485,-2672
-256,816,7492,253,457,-125,-2672
-2268,2080,8604,-644,-656,304,-2672
5088,-4782,8746,280,448,-286,-2704
180,-2218,8180,188,649,-133,-2672
-1538,1662,8358,282,-106,-165,-2704
-564,19954,996,-1832,314,-360,-2672
678,-18650,13334,1930,139,5,-2672
4986,21058,-5870,-2668,142,-318,-2704
-4876,-8352,11428,2681,67,-105,-2704
3182,-8514,12792,-830,-476,113,-2704
-2334,1834,8418,-96,-129,-232,-2672
-1122,-6028,10616,120,-336,-82,-2672
2686,3202,6280,-466,249,-468,-2704
38,182,8262,452,523,-175,-2672
-2530,1686,8852,-674,-654,304,-2672
3484,-342,6364,49,231,-200,-2704
110,-2268,7362,348,720,-207,-2720
-1644,1434,8994,-57,-93,-68,-2688
-320,20436,1098,-820,515,-494,-2688
-1038,-18342,13700,684,-71,126,-2688
5108,23290,-6882,-2574,4,-284,-2688
-4818,-10606,11764,3298,484,-230,-2688
3230,-8024,12944,-1514,-732,301,-2656
-218,6476,4526,37,-65,-260,-2688
-1192,-6470,10382,286,-365,-46,-2688
2854,2244,6996,-511,212,-443,-2720
2068,-4320,9736,517,562,-321,-2704
-4104,3334,9380,-586,-443,277,-2688
3382,-1550,6830,-66,-62,-87,-2656
488,-1598,6886,218,754,-269,-2688
-2648,1228,8076,101,23,-29,-2704
1794,6614,8884,-274,526,-491,-2688
-1022,-16734,13170,-240,-133,125,-2688
5046,22310,-6236,-1768,44,-354,-2688
-4862,-11354,11874,2755,564,-184,-2688
-1558,15412,3172,-1459,-859,309,-2688
-74,5092,5458,-43,8,-261,-2688
-1348,-3798,8492,125,-516,34,-2688
3188,450,8312,-216,269,-423,-2688
2342,-3810,9830,323,618,-376,-2688
-4196,3936,9528,-372,-269,254,-2688
3048,-2550,6910,-111,-186,-21,-2688
834,-1386,6660,101,772,-266,-2656
-2718,852,8008,193,98,-22,-2688
2242,4898,9952,318,569,-482,-2688
-1338,-15202,12642,-1229,-222,70,-2688
498,4690,5144,-255,95,-377,-2704
1200,-24378,15062,2032,645,-180,-2688
-2326,18604,1812,-1415,-1151,344,-2672
592,4432,5162,180,196,-275,-2704
-1820,890,8280,-143,-506,12,-2704
2912,48,6928,37,74,-356,-2704
2140,-4462,10142,181,598,-474,-2672
-4210,3678,9214,-115,-71,164,-2672
1000,-3800,10032,-174,-243,114,-2672
4090,-1430,7300,66,797,-322,-2672
-2460,610,8102,275,222,-18,-2672
2664,4418,9876,798,553,-447,-2704
-2748,12492,4474,-2354,-312,15,-2672
-94,4262,5302,729,74,-415,-2672
1538,-27386,15890,830,723,-229,-2704
-2186,19476,1392,-1094,-1119,339,-2704
622,4870,5002,245,83,-290,-2672
-1356,-6520,10452,-59,-444,-15,-2672
2718,-308,7270,-151,213,-430,-2672
2046,-4926,10034,277,556,-409,-2688
-4020,3914,9106,-191,-103,178,-2656
3110,-1996,7820,-72,-207,48,-2688
4306,-1134,7626,51,767,-293,-2672
-2390,816,8120,169,109,-11,-2688
2224,5486,9146,111,578,-518,-2704
-2040,-16022,13626,330,-87,128,-2688
4806,23032,-6222,-2213,-25,-279,-2688
-4062,-14322,12232,3083,539,-223,-2688
2872,-5142,12160,-1528,-821,310,-2656
492,5222,5090,-51,-16,-273,-2688
-1336,-5448,9576,231,-386,-27,-2688
3010,1040,7864,-378,198,-441,-2688
716,222,7142,389,566,-344,-2688
-3816,3344,9382,-365,-324,223,-2656
2870,-3470,8298,-139,-133,-17,-2688
996,1016,5346,92,781,-267,-2688
-2446,-372,8564,237,42,-38,-2672
1654,5184,9274,-121,512,-514,-2688
-1702,-13744,12602,-578,-124,94,-2688
4600,22370,-5638,-969,51,-325,-2704
1906,-24060,15254,2242,646,-239,-2672
-2678,18066,2014,-1481,-1069,326,-2704
832,4216,5694,79,169,-290,-2672
-1682,-4168,8674,-21,-466,25,-2672
2432,1606,5634,-75,127,-401,-2672
1970,-4904,10434,286,587,-423,-2672
-3550,3264,9758,-114,-74,163,-2704
2792,-3664,8328,-212,-315,60,-2704
4818,-1922,7426,68,822,-298,-2704
-2548,-380,8232,351,217,-23,-2672
2340,2922,10522,590,564,-459,-2704
-2296,-11470,12302,-1926,-278,29,-2672
-140,316,6986,231,49,-368,-2672
1774,-23190,15318,1131,716,-229,-2704
-3124,20638,922,-1163,-1134,332,-2704
1300,3198,5892,303,263,-250,-2704
-1714,240,8974,-296,-480,27,-2672
2404,1122,6094,68,-30,-357,-2688
2054,-5596,10624,209,532,-453,-2688
-3640,3764,9280,-115,102,121,-2656
426,-2846,9652,-104,-290,93,-2672
4400,-2812,8122,55,777,-320,-2704
-2334,1202,7486,283,354,13,-2672
2914,586,11552,960,519,-377,-2704
-1806,16858,2746,-2711,-295,-27,-2672
-250,-3752,8548,1495,142,-355,-2672
1892,-23554,15862,-236,617,-268,-2704
-3766,24046,-628,-489,-1010,271,-2672
3644,-13692,12978,431,275,-227,-2704
-1772,2396,8406,-563,-421,15,-2704
2132,1250,6218,186,-70,-257,-2704
2122,-6106,10930,89,488,-482,-2672
-876,3184,8412,-85,211,41,-2672
-260,-2048,8818,-161,-440,170,-2672
4812,-3436,8670,206,776,-352,-2704
-2062,870,7594,290,462,-22,-2704
762,-1612,9660,817,299,-282,-2720
-1818,16310,2728,-2732,-114,-193,-2656
-278,-4470,8648,2160,125,-252,-2688
2180,-22222,15420,-1482,454,-311,-2688
-6338,9546,5242,812,-634,151,-2688
3890,-11926,12728,135,95,-162,-2688
-1756,-370,9308,-310,-248,-79,-2656
2128,2046,5838,-39,-258,-178,-2688
2134,-390,7020,-60,369,-499,-2656
-842,2174,8318,126,403,-71,-2688
-604,-1344,9272,-504,-648,226,-2688
4122,-3290,6720,343,559,-284,-2704
-732,-2552,9532,242,600,-105,-2656
458,-684,9188,533,81,-210,-2688
-1676,16582,2630,-2329,131,-258,-2688
882,-22312,13610,1984,86,-48,-2704
4596,9326,-112,-2176,334,-356,-2688
-6200,7368,6156,2149,-190,3,-2704
3772,-11570,12710,-459,-202,2,-2704
-1842,2266,6766,-70,-134,-185,-2672
118,-3204,10154,-47,-304,-123,-2672
2262,1152,6212,-36,432,-537,-2672
-1200,1488,8696,141,364,-28,-2704
-264,-1280,9464,-367,-558,231,-2672
4376,-3142,8354,227,646,-323,-2672
-936,-2790,9790,302,505,-82,-2640
134,-1240,9158,587,100,-233,-2704
-1394,18104,1928,-2500,124,-233,-2672
106,-8754,10472,2369,242,-171,-2672
4988,11230,-672,-2155,317,-331,-2704
-6248,7622,6346,1515,-402,75,-2672
3544,-13280,13244,-91,-109,-63,-2672
-1772,2320,8330,-238,-220,-129,-2656
120,-3352,9962,38,-324,-135,-2656
2290,1124,6216,-283,326,-496,-2688
-1072,2020,8820,340,472,-116,-2656
-562,-1754,8988,-605,-653,278,-2688
4082,-1838,5834,298,439,-282,-2656
-1042,-2996,9592,266,633,-135,-2720
394,-1216,9244,273,-86,-149,-2720
-1360,18412,1974,-1887,346,-416,-2656
926,-24502,14398,1926,90,17,-2688
4934,11058,-618,-2629,147,-321,-2656
-6418,7002,6334,2603,49,-74,-2688
1096,4168,8800,-908,-537,124,-2672
-1926,3674,6024,-130,-123,-177,-2688
272,-3754,10258,124,-322,-99,-2688
2024,906,6418,-436,226,-458,-2656
1334,-1768,8172,464,543,-248,-2640
-4468,3862,9060,-731,-599,276,-2672
3860,-2136,6280,135,177,-141,-2672
-884,-2072,9124,191,722,-236,-2672
-2870,1418,9214,87,-117,-105,-2704
778,14592,4018,-997,469,-447,-2640
918,-22082,13788,883,-20,94,-2672
4782,11392,-994,-2492,27,-290,-2704
-1350,-22720,13788,3107,414,-184,-2672
1300,4100,8584,-1263,-670,231,-2672
-1724,4196,5642,-58,-102,-231,-2672
-64,-3400,9728,247,-393,-41,-2640
3078,-724,8204,-353,273,-432,-2672
1704,-1068,8248,381,508,-286,-2656
-4500,4470,9046,-539,-399,268,-2736
3512,-3462,6480,-32,-97,-78,-2640
2816,2454,4140,44,760,-279,-2704
-3304,302,9214,214,-12,-39,-2640
1260,13030,5412,-412,523,-489,-2704
698,-21910,13862,-4,-79,116,-2704
2414,18682,-2066,-1950,-32,-311,-2672
-972,-23760,13942,2928,524,-237,-2704
948,6086,7522,-1621,-870,323,-2704
-1640,4548,5686,46,12,-287,-2704
-1938,-2772,8604,154,-420,1,-2672
2974,80,7802,-260,236,-446,-2704
1632,-1722,8472,371,582,-386,-2672
-4510,3714,9164,-389,-328,236,-2704
2414,-3858,9778,-125,-158,1,-2672
2888,106,5010,145,812,-319,-2672
-2966,1540,9168,124,89,-20,-2672
1208,12436,5488,320,594,-525,-2704
-3736,898,9042,-1543,-310,77,-2688
1548,17728,-1694,-451,4,-353,-2720
66,-26362,14262,2343,694,-222,-2704
328,9172,6786,-1769,-1079,376,-2672
2728,-4100,9062,269,199,-273,-2688
-1938,-1936,8234,-203,-493,12,-2688
3174,840,7722,0,141,-393,-2688
1644,-3062,8724,270,537,-437,-2656
-2774,5388,8072,-234,-86,190,-2688
2400,-4950,10304,-63,-215,86,-2656
3014,122,5764,43,798,-296,-2720
-3000,1768,8524,235,227,-47,-2656
2734,-3654,12328,791,529,-415,-2688
-3768,3078,8088,-2376,-366,-7,-2688
1618,16570,-888,729,96,-424,-2688
2646,-15574,13436,234,741,-220,-2704
-5472,24454,-682,-990,-1110,313,-2688
2932,-4916,9324,399,278,-254,-2688
-2042,-2112,8544,-370,-473,30,-2656
3134,428,7472,46,-84,-325,-2720
1922,-5692,9854,256,534,-504,-2688
-2306,4700,8652,-116,178,129,-2688
1956,-5368,10594,-102,-345,132,-2688
3086,994,5390,93,798,-311,-2688
-1664,-558,8558,336,298,-18,-2656
2336,-3044,11734,796,423,-364,-2656
-3402,3346,8254,-2595,-280,-58,-2688
306,-15254,11894,1831,196,-313,-2672
2800,-12180,12124,-476,693,-267,-2656
-5696,22698,198,-168,-952,280,-2688
2916,-4392,8964,270,211,-211,-2688
-2160,-630,9062,-310,-313,-34,-2672
1448,2044,7302,-100,-228,-248,-2720
1984,-3852,8550,67,435,-523,-2704
-2472,3640,9336,16,346,16,-2704
-2260,1860,8572,-300,-489,238,-2672
4950,-3512,8084,199,737,-331,-2704
-1788,-970,8466,314,469,-39,-2672
2500,-3666,11720,699,175,-289,-2704
-550,20028,806,-2632,-16,-192,-2672
670,-18286,13014,2318,184,-217,-2672
2996,-10224,11374,-1872,424,-296,-2736
-6044,23124,-276,1145,-543,139,-2672
3262,-7886,12430,3,3,-132,-2672
-1850,-128,7936,-465,-457,10,-2704
1302,588,7234,102,-121,-291,-2672
2164,-4130,9088,13,461,-546,-2688
-2640,4482,8454,29,255,48,-2656
1912,-5220,10488,-226,-466,216,-2688
4744,-4626,8254,218,761,-309,-2688
-1534,-278,8382,277,487,-40,-2688
2678,-4240,11938,837,275,-275,-2656
-3594,7432,6544,-2823,-78,-154,-2688
664,11310,1854,1262,129,-379,-2688
916,-27174,15268,590,701,-221,-2672
-5988,23608,-190,-924,-1100,296,-2704
3280,-8122,10724,387,242,-268,-2704
-1848,-128,7922,-438,-527,6,-2672
3070,166,7286,152,-1,-346,-2704
1854,-4426,9048,116,543,-477,-2672
-2216,4774,8416,-59,118,108,-2704
1820,-5054,10512,-68,-314,139,-2704
3482,-102,6240,34,777,-281,-2688
-2538,1170,8360,282,226,-58,-2688
1772,8274,8118,678,595,-451,-2688
-3402,7596,6552,-2121,-366,3,-2688
852,9664,2586,550,104,-392,-2688
924,-25616,14888,846,747,-223,-2656
-1402,14454,3718,-1089,-1170,336,-2688
3190,-6946,9934,287,259,-238,-2720
-1806,-838,8734,-302,-457,33,-2688
2868,194,6806,-18,-4,-354,-2688
2024,-4048,10010,235,544,-456,-2688
-1756,2864,9158,-47,166,111,-2720
1284,-4270,10264,-157,-356,145,-2688
4118,-154,6114,170,770,-331,-2688
-1328,-1684,9118,293,393,-55,-2704
1944,-1950,10558,705,425,-345,-2688
-3142,8716,5774,-2452,-254,-79,-2720
634,6822,4102,1719,170,-324,-2672
3340,-5800,8522,-706,620,-297,-2672
-5954,19736,1474,67,-861,249,-2672
3518,-8104,10440,301,205,-214,-2704
-1850,-1344,9112,-353,-321,-21,-2704
982,822,8136,-110,-208,-227,-2672
1706,-2474,7696,128,458,-532,-2672
-1620,2330,9322,67,328,28,-2672
998,-3442,10054,-412,-493,249,-2672
4828,-4688,8008,337,696,-302,-2640
-1334,-1664,9106,195,522,-67,-2672
1628,-2650,10198,714,152,-246,-2672
-2746,11542,4956,-2619,22,-193,-2704
948,-21392,13480,2267,185,-221,-2704
3770,-2052,6730,-1504,481,-281,-2656
-6180,18784,1758,738,-690,149,-2688
3504,-11502,11824,194,101,-193,-2656
-2350,1666,7498,-374,-254,-105,-2672
894,-980,8788,69,-238,-157,-2688
1876,-2364,7774,-120,333,-493,-2672
-1714,4182,8528,168,379,-119,-2704
-3414,2252,9484,-461,-638,269,-2672
4504,-2896,6738,203,541,-278,-2672
-1342,-1334,9216,286,605,-124,-2672
1502,-3678,10542,433,6,-194,-2704
46,19290,1732,-2183,222,-303,-2704
1230,-24072,14310,2200,130,-81,-2672
4276,1578,4802,-2569,216,-336,-2672
-6308,16010,2586,2238,-110,-15,-2672
3740,-12778,12798,254,111,-179,-2672
-1914,980,8466,-522,-279,-67,-2672
484,-1462,8998,141,-251,-192,-2704
1912,-2250,7642,-121,333,-485,-2688
-1206,4082,8136,137,368,-83,-2688
426,-3672,9896,-462,-628,268,-2688
4396,-3728,6988,277,583,-307,-2688
-1154,-1866,9402,210,595,-110,-2688
1174,-2358,9960,504,30,-209,-2688
-2208,14752,3386,-2716,-176,-117,-2656
-36,-1132,7442,1985,154,-273,-2656
4164,3780,3090,-1532,526,-336,-2672
-6286,12274,4504,514,-790,200,-2688
3686,-9930,11590,141,141,-194,-2688
-1960,-626,9564,-276,-275,-40,-2688
446,-1746,9550,-154,-287,-141,-2704
2194,-66,6896,-27,363,-519,-2672
-1276,2050,8592,132,400,-46,-2704
278,-2426,10034,-457,-564,244,-2704
4718,-2654,7024,264,637,-311,-2640
-1186,-2808,9800,312,552,-86,-2704
718,-1854,9330,458,4,-232,-2672
-1802,15656,3256,-2460,48,-244,-2688
1044,-22512,13468,2133,180,-54,-2672
4582,6616,1894,-2058,399,-353,-2656
-6326,9860,5284,1550,-432,86,-2688
3674,-11420,12104,-325,-209,-52,-2704
-2186,2128,6444,-61,-143,-148,-2672
350,-2580,10118,-64,-315,-102,-2640
2210,694,6454,-274,277,-496,-2672
-1324,1542,8858,325,486,-153,-2704
-4368,3520,9032,-683,-649,337,-2672
4356,-2428,6374,264,453,-299,-2672
-1134,-2434,9646,258,662,-123,-2672
426,-1564,9366,224,-140,-137,-2704
774,16268,3434,-1774,352,-402,-2672
1072,-24672,14262,1868,91,14,-2672
4820,8674,678,-2760,136,-319,-2640
-6428,10412,5214,2796,98,-99,-2672
1558,2740,9546,-841,-427,102,-2672
-2068,2944,6640,-48,-150,-208,-2640
454,-3340,9922,80,-323,-61,-2672
2122,404,6456,-472,192,-475,-2672
1006,-2030,7760,529,566,-267,-2688
-4210,3282,9620,-768,-566,301,-2688
4156,-2082,6028,140,158,-137,-2688
-1062,-2458,9440,238,731,-220,-2688
-2770,2054,8882,11,-144,-94,-2688
600,16482,3322,-962,464,-490,-2688
1028,-23742,14010,907,-23,82,-2688
4642,8254,902,-2540,25,-290,-2688
-2072,-22042,13826,3211,437,-203,-2688
1762,1352,9798,-1338,-695,226,-2688
-1848,3190,6478,32,-71,-257,-2720
-1618,-4402,9118,172,-368,-44,-2704
2142,-276,7004,-363,290,-468,-2656
1184,-1366,7998,414,523,-261,-2672
-4308,3880,9138,-709,-676,310,-2672
4198,-2488,6194,152,220,-185,-2672
-850,-2590,9466,284,672,-197,-2688
650,-1438,9266,158,-79,-135,-2688
372,15554,3700,-1433,349,-402,-2688
904,-22166,13418,1324,0,51,-2688
4748,9286,44,-2533,116,-326,-2720
-6228,6566,6566,1753,-255,60,-2688
3878,-10854,12440,-435,-258,-44,-2672
-1876,3792,5958,-199,-190,-161,-2704
-100,-2674,9508,29,-314,-111,-2672
2382,482,7054,-298,290,-470,-2704
-924,2068,7906,271,459,-192,-2672
-4586,4270,8776,-648,-674,317,-2672
3996,-2694,6458,243,316,-225,-2672
-432,-2324,9178,167,753,-222,-2672
-154,38,8416,177,-92,-123,-2704
964,13612,4752,-1367,370,-394,-2704
708,-21502,13378,1288,22,66,-2672
4890,13862,-2380,-2558,107,-300,-2672
-5930,1890,8378,2949,297,-130,-2704
896,6200,7854,-1096,-546,160,-2704
-1654,4684,5224,-115,-147,-255,-2704
-262,-4578,10042,244,-355,-80,-2672
2524,1202,6816,-409,276,-472,-2672
1610,-1626,8658,423,489,-276,-2704
-4392,2530,9790,-523,-534,252,-2688
3990,-462,5492,-163,22,-113,-2688
-326,-2558,8744,286,821,-253,-2656
-2776,1712,8790,-64,-56,-32,-2656
1362,11804,6060,-197,558,-511,-2688
64,-21760,13786,-286,-171,116,-2688
5110,19286,-4804,-1930,-25,-310,-2656
220,-26590,14654,3064,613,-234,-2656
-146,11676,5598,-1840,-926,366,-2656
-1082,5948,4464,179,48,-284,-2688
-528,-6118,10958,115,-392,-12,-2656
3176,984,7468,-341,216,-447,-2720
1802,-3416,9168,463,541,-388,-2688
-4246,2854,9790,-427,-322,232,-2688
3510,-770,5884,-131,-142,-32,-2688
3216,-112,5896,173,818,-297,-2688
-2904,1174,8596,122,75,-10,-2656
1608,10028,7050,374,600,-522,-2656
-176,-21074,14084,-1237,-247,93,-2688
1252,13320,936,-791,17,-349,-2720
528,-26194,14628,2198,672,-198,-2688
-730,12602,4640,-1650,-1148,369,-2656
-592,5928,4930,177,206,-288,-2688
-1868,-1824,8912,-71,-478,31,-2688
3050,744,7120,-156,109,-420,-2656
1906,-3150,9280,328,567,-425,-2688
-2054,3858,8830,-218,-8,161,-2672
3464,-2280,6540,-30,-97,-38,-2688
3586,586,5452,82,815,-282,-2640
-2902,752,8870,176,91,-19,-2672
1570,8432,7818,177,528,-529,-2672
-388,-18460,13098,-1015,-207,101,-2672
1002,10098,2248,-948,76,-334,-2704
572,-25012,14476,2216,615,-243,-2704
-826,13024,4324,-1440,-1021,343,-2672
-574,4802,5256,90,140,-268,-2704
-1894,24,8522,-48,-529,41,-2704
2764,-1404,7332,14,168,-381,-2704
2338,-3210,9712,196,620,-445,-2704
-4512,4280,9106,-214,-147,228,-2704
1600,-5022,10680,-91,-245,48,-2640
3746,414,5910,12,798,-292,-2672
-2762,1082,8508,306,197,7,-2672
2010,7402,8716,583,553,-493,-2704
-3244,8164,6574,-1957,-294,50,-2672
508,10446,2370,22,42,-370,-2704
962,-26634,15014,1413,713,-232,-2704
-1316,16234,3178,-1405,-1155,374,-2672
3248,-8868,10938,350,226,-247,-2688
-1778,544,7808,-396,-463,50,-2656
3042,84,7348,96,19,-347,-2688
1988,-4030,9438,170,569,-469,-2704
-2246,4614,8298,-120,-8,146,-2640
1538,-5144,10558,-73,-303,110,-2672
3684,-542,6628,89,795,-293,-2688
-2664,980,8428,266,221,-34,-2688
2546,-4540,11682,857,552,-442,-2672
-3404,8512,6218,-2263,-320,-5,-2656
394,10094,2492,579,28,-386,-2656
1250,-27694,15374,939,762,-220,-2656
-6168,23352,-138,-870,-1089,328,-2672
3194,-8808,11076,400,239,-261,-2704
-1764,202,7952,-473,-492,11,-2640
2988,458,7196,81,-24,-342,-2672
1832,-4264,8864,146,542,-512,-2704
-1908,4418,8474,-68,184,93,-2704
1394,-4964,10406,-104,-372,166,-2672
3928,-240,6496,140,748,-296,-2704
-1416,-636,8636,312,373,-43,-2672
2392,-3558,11568,837,463,-378,-2672
-3250,7902,6214,-2656,-247,-67,-2640
474,8506,3210,1699,124,-309,-2704
3106,-7198,9454,-576,659,-275,-2704
-6082,20692,1122,-42,-924,281,-2672
3372,-7444,10162,251,192,-202,-2672
-1618,-1598,9114,-336,-350,-33,-2704
1066,454,7870,-72,-183,-233,-2672
1760,-2898,8264,124,421,-525,-2704
-1702,2528,8904,93,323,-6,-2672
908,-3396,10252,-435,-539,231,-2672
4624,-5426,8314,345,705,-305,-2640
-970,-1606,9118,146,586,-95,-2688
1790,-1820,10482,658,180,-258,-2656
-3210,10028,5344,-2525,29,-228,-2720
634,-19208,12748,2189,123,-131,-2688
3472,-4162,7600,-1895,371,-355,-2688
-6066,20024,1340,1313,-471,74,-2720
3562,-8582,10542,-82,-74,-86,-2688
-2196,1202,7538,-299,-219,-100,-2688
904,392,8486,-41,-272,-172,-2688
1752,-2088,7368,-75,331,-491,-2672
-1656,2752,8914,166,390,-108,-2704
-3772,3394,8584,-510,-624,265,-2672
4764,-3976,7416,337,541,-302,-2672
-1150,-2046,9414,202,630,-129,-2672
1492,-2964,10122,425,-28,-197,-2704
184,18738,1760,-2206,218,-320,-2640
1116,-23192,14100,2223,153,-81,-2672
4130,128,5474,-2462,220,-299,-2640
-6102,16292,2536,2154,-133,-41,-2672
2454,-1730,11098,-454,-267,10,-2704
-2286,2214,7292,-206,-142,-168,-2672
656,-1412,9050,60,-328,-118,-2672
1882,-1548,7118,-424,250,-483,-2688
476,-1046,7840,459,516,-208,-2656
-3650,2862,9376,-680,-658,309,-2688
4476,-2362,6350,73,282,-219,-2688
-1272,-1964,9476,360,710,-195,-2720
-2524,1964,9362,-13,-139,-96,-2688
104,18554,2220,-1186,447,-420,-2688
1236,-24300,14056,1227,1,35,-2688
4550,4518,2954,-2704,28,-308,-2688
-2640,-20266,13558,3152,387,-184,-2688
1916,-644,10800,-1222,-608,208,-2688
-2296,2980,6850,-39,-93,-261,-2688
-1734,-5308,9700,231,-377,-28,-2704
3082,1658,7598,-480,216,-471,-2720
1006,-1320,8050,556,541,-313,-2656
-4162,3438,9202,-712,-501,302,-2688
4218,-3084,6608,225,265,-205,-2704
-1108,-2020,9528,205,727,-193,-2672
-2820,1648,9292,195,-101,-140,-2672
522,16280,3500,-1359,407,-394,-2672
1184,-22258,13344,1264,8,70,-2672
4394,6226,1804,-2598,99,-337,-2672
-2660,-20306,13306,2918,256,-128,-2672
2004,374,10414,-1026,-522,140,-2704
-2242,2338,6490,-76,-132,-235,-2672
432,-1530,9668,90,-381,-74,-2656
3280,-648,8696,-361,251,-445,-2672
1448,134,7616,350,510,-273,-2672
-4636,4046,8628,-658,-562,308,-2672
4422,-3398,6822,116,122,-146,-2672
1860,1002,4948,200,786,-250,-2672
-2860,1680,9576,58,-76,-42,-2704
804,15732,3526,-712,455,-439,-2704
1004,-23176,13906,451,-77,113,-2704
3206,21530,-4564,-2297,-12,-322,-2704
-2184,-22026,14014,3175,500,-218,-2672
1590,2944,9196,-1604,-758,267,-2672
-1980,2832,6658,151,-19,-251,-2704
-1852,-3274,8610,86,-403,-38,-2704
3342,1104,7982,-389,202,-444,-2704
1226,-1550,8112,442,592,-335,-2672
-4470,3824,8880,-587,-480,270,-2704
2754,-3486,8642,-28,-5,-84,-2704
1924,22,5350,247,768,-266,-2704
-2640,2680,8800,-9,-36,-29,-2672
886,15626,3766,-78,578,-528,-2704
-3292,-6272,11200,-451,-207,121,-2704
2842,23414,-5282,-1808,-58,-295,-2672
-1786,-23472,13820,2803,675,-229,-2688
1670,2652,9516,-1880,-1047,396,-2688
1832,1694,6364,248,107,-298,-2688
-1718,-4528,9204,-12,-440,-20,-2688
3420,1564,8074,-175,237,-430,-2688
904,-1738,7484,333,584,-433,-2688
-3588,4858,7992,-289,-229,217,-2688
2806,-4090,9464,-82,-140,10,-2688
1980,464,5174,58,783,-266,-2688
-2634,1816,9212,191,112,-32,-2688
3106,-994,11902,449,609,-528,-2688
-3550,-6150,11078,-1580,-336,74,-2656
3090,22428,-4804,-435,5,-345,-2688
-1746,-21596,13482,1861,712,-220,-2688
1414,3184,9232,-1615,-832,349,-2688
-2024,3802,6154,59,4,-249,-2688
-1794,-3570,8674,134,-461,-41,-2688
3012,708,7818,-317,223,-436,-2688
1450,-1234,8020,424,566,-338,-2656
-4462,4040,9290,-377,-265,257,-2688
2506,-4638,10010,-138,-167,-17,-2688
2518,1692,4438,75,785,-293,-2688
-2978,862,9344,206,80,-12,-2656
756,14802,4156,-633,476,-488,-2704
988,-21366,13262,273,-35,106,-2672
3170,19374,-3026,-2083,3,-298,-2704
-1592,-22484,13712,3018,490,-214,-2672
1374,3464,8942,-1472,-792,293,-2672
-1774,4258,5498,-48,-6,-233,-2704
-1968,-2920,8330,229,-398,-46,-2672
3140,-882,8152,-267,224,-429,-2672
1650,-608,8172,321,585,-356,-2672
-4676,4108,9062,-335,-329,255,-2704
2354,-4526,10064,-153,-201,-18,-2640
2778,1634,4280,105,765,-325,-2672
-3086,740,9514,193,63,-36,-2672
1290,13004,5250,133,539,-484,-2672
-3458,-1110,9400,-946,-206,85,-2704
2180,18590,-2112,-1151,-13,-338,-2672
-774,-24312,13880,2402,596,-208,-2672
686,7652,7204,-1641,-1061,365,-2672
2568,-2722,8422,172,166,-297,-2672
-1926,-2044,8106,-43,-477,8,-2672
3198,-274,8082,-37,151,-390,-2656
1632,-1862,8516,273,567,-430,-2688
-2626,4278,8782,-224,-86,217,-2688
2368,-4410,10056,-110,-250,57,-2688
2988,272,5292,67,788,-300,-2688
-2936,1258,8940,251,237,-33,-2688
2766,-3902,12436,803,586,-445,-2688
-3562,2744,8446,-2321,-308,50,-2688
1318,17216,-1254,594,65,-388,-2688
146,-26516,14356,1297,676,-223,-2704
-5544,25824,-1388,-1394,-1116,358,-2704
2748,-4350,9080,338,265,-275,-2704
-1884,-1754,8334,-347,-444,5,-2672
3098,1038,7606,66,71,-345,-2704
1998,-5704,10466,220,538,-477,-2704
-2596,5350,7896,-176,15,161,-2704
2086,-5368,10622,-60,-257,109,-2672
3238,160,5638,77,809,-311,-2704
-1610,2,8256,334,352,-20,-2688
2624,-3912,12196,917,478,-355,-2688
-3622,3714,8052,-2714,-281,-74,-2688
1566,13766,462,1634,136,-360,-2720
2664,-13056,12454,-437,694,-292,-2688
-5788,23814,-276,-288,-994,277,-2720
3046,-4716,8982,324,285,-241,-2688
-1962,-1576,8902,-368,-343,-2,-2688
2866,-420,7240,-30,6,-343,-2688
1806,-4648,9040,246,527,-504,-2704
-2234,3592,9180,-148,53,154,-2688
1864,-5186,10670,-75,-318,134,-2688
3470,880,5312,29,798,-318,-2688
-1522,-1082,8730,355,330,-55,-2672
2326,-3074,11536,819,463,-384,-2704
-3418,4878,7900,-2551,-284,-47,-2672
1312,11728,1540,1380,151,-341,-2704
2832,-9998,11082,-268,682,-298,-2704
-5818,21750,374,-296,-1013,287,-2672
3134,-6356,10040,326,263,-239,-2704
-1988,-696,8662,-360,-383,-5,-2704
1224,1148,7758,-51,-213,-286,-2704
2062,-3676,8234,193,552,-469,-2720
-2240,3500,9262,-87,202,106,-2688
1688,-4518,10422,-154,-376,153,-2656
3310,-460,5874,114,738,-305,-2688
-1818,-624,8306,326,383,-38,-2656
2482,-4228,11664,916,485,-404,-2704
-3194,8210,6672,-2749,-210,-78,-2672
570,9664,2616,1786,173,-383,-2704
3114,-8052,10312,-617,605,-238,-2672
-6314,23936,-556,-184,-976,259,-2704
3184,-9304,11268,397,236,-227,-2672
-1758,1094,7568,-578,-452,-26,-2704
1110,372,7314,191,-129,-275,-2672
2196,-4356,9204,-7,525,-512,-2672
-2288,5146,8200,-37,236,77,-2672
1548,-5312,10484,-146,-437,201,-2704
4560,-4424,7954,162,708,-334,-2704
-1554,-616,8528,289,385,-47,-2704
2648,-4510,11744,844,322,-331,-2672
-3270,9070,6104,-2754,4,-221,-2688
918,-20508,13504,2344,193,-227,-2656
3248,-8214,10034,-1745,471,-314,-2688
-6168,22034,394,1019,-572,133,-2720
3272,-8744,10836,98,-9,-114,-2688
-2168,1780,8078,-443,-271,-89,-2720
1166,-38,7664,89,-233,-192,-2688
1842,-3808,8844,-129,375,-508,-2688
-1994,3928,8664,193,444,-76,-2688
-3272,3416,8358,-464,-574,256,-2704
4704,-4820,8044,364,620,-321,-2704
-1276,-1428,8958,194,541,-89,-2704
2408,-3030,11320,689,188,-215,-2672
114,18528,2016,-2523,76,-243,-2704
532,-17750,12332,2162,111,-131,-2672
3086,-6720,9118,-1992,380,-331,-2672
-6100,21044,888,1512,-376,58,-2704
3190,-7368,12756,-114,-107,-100,-2704
-2034,874,8058,-293,-233,-103,-2672
908,676,7630,7,-312,-148,-2704
1664,-2902,8440,-172,287,-507,-2736
754,144,7764,211,445,-149,-2672
994,-3998,10204,-515,-562,272,-2688
4736,-5506,7988,459,673,-332,-2720
-938,-1614,9358,178,545,-91,-2672
1732,-1896,10528,756,208,-262,-2672
-3206,9972,5132,-2623,-37,-190,-2672
576,-19618,12760,2159,168,-224,-2704
3480,-5062,8090,-1571,454,-286,-2672
-5910,19966,1448,877,-596,132,-2672
3570,-9978,11246,154,47,-170,-2672
-2082,1162,8012,-349,-244,-70,-2704
930,70,8320,-12,-283,-165,-2704
1762,-2878,7816,-55,356,-501,-2672
-1668,3426,8738,156,392,-81,-2672
-3588,3014,8638,-487,-613,246,-2704
4912,-3732,7372,269,603,-301,-2704
-1462,-1536,9182,274,597,-119,-2672
1598,-3556,10494,473,-24,-196,-2704
-156,19254,1364,-2309,194,-263,-2672
1140,-22800,13958,2053,147,-64,-2688
4004,-618,6028,-2592,167,-361,-2688
-6278,17950,1992,2412,-56,-55,-2720
2644,-3668,11890,-569,-335,49,-2688
-2300,2192,7270,-179,-138,-207,-2688
744,-1554,9104,160,-320,-100,-2688
1988,-1940,7506,-421,280,-499,-2688
412,-284,7748,372,479,-210,-2688
-3448,2124,9302,-628,-628,283,-2688
4460,-2632,6812,40,343,-232,-2688
-1466,-1678,9130,363,710,-189,-2688
-2474,1920,9198,65,-141,-129,-2688
66,18660,1924,-1289,394,-403,-2688
1366,-23624,14054,1272,41,74,-2656
4374,3224,3910,-2710,103,-332,-2704
-3028,-19402,13708,2920,241,-148,-2704
2142,-1012,10924,-991,-494,137,-2672
-2354,2902,6760,-144,-129,-229,-2672
522,-1576,9198,204,-349,-68,-2672
3236,1144,7978,-435,227,-468,-2672
1024,-486,7702,492,527,-276,-2688
-4250,3680,9226,-669,-532,293,-2656
4258,-2876,6384,54,143,-157,-2704
1438,452,5074,248,759,-232,-2704
-2650,1674,9280,52,-52,-94,-2672
