AcX,AcY,AcZ,GyX,GyY,GyZ,Tmp
-3184,-3936,10092,-476,-412,-22,-3040
3956,2794,5462,-71,340,-381,-3040
-672,-7568,10878,402,605,-233,-3072
-2672,3432,6480,-745,-1566,435,-3040
8052,-3846,9712,1150,1391,-501,-3056
-4210,-11322,14496,352,-466,127,-3088
2894,10922,2660,-1325,-559,-217,-3056
1792,-7100,10250,1611,1380,-573,-3056
-866,-5768,11590,-855,-905,89,-3088
3178,2358,5356,321,455,-284,-3072
-884,-4200,11756,412,258,-57,-3088
1278,3956,6902,-1182,-438,-6,-3056
-472,1546,6122,230,407,-323,-3040
-1230,-1274,8540,-211,-170,-75,-3072
3976,346,6312,356,560,-363,-3040
-4484,1896,7724,-1302,-495,-150,-3040
1346,-1608,6620,683,-192,-126,-3072
4330,2144,3524,-886,356,-489,-3072
-5312,-682,8936,465,-662,322,-3072
6268,-8438,11890,1124,466,-271,-3040
-4480,4930,5988,-1717,-528,-146,-3072
-62,5724,5908,851,-435,141,-3072
4626,-3186,7220,-731,197,-642,-3056
-4932,9942,3376,-660,-458,-79,-3072
3810,-6724,10370,1444,674,-162,-3072
-780,-1202,10476,-715,-138,-192,-3040
-2200,4168,7664,-336,-287,83,-3072
3272,-6640,10294,296,595,-319,-3088
-986,2262,7754,-683,-115,-174,-3056
2492,-852,7102,436,138,-198,-3072
1688,5896,7132,-706,537,-387,-3072
-488,-5634,10180,198,-194,4,-3104
5544,3792,4316,-261,534,-437,-3072
-2966,-6934,12424,793,569,-151,-3072
-4454,6022,4898,-813,-1511,367,-3040
5688,5568,6366,68,1058,-550,-3056
-4988,-10788,15746,453,-502,180,-3056
4496,6840,2368,-1366,-529,-249,-3088
-1618,2540,6188,1557,1318,-539,-3056
-2852,476,8472,-641,-783,72,-3088
2062,8514,3440,-98,301,-290,-3056
-1522,-692,11088,426,284,-63,-3056
2440,-3448,9688,-1082,-445,-43,-3056
272,56,6870,8,330,-290,-3088
-818,-3644,8524,23,-110,-96,-3056
3472,2900,7242,239,614,-443,-3088
-3252,4806,6060,-1200,-490,-125,-3072
170,-4310,8434,648,-144,-166,-3088
2152,-1086,5612,-736,334,-427,-3088
-6170,4744,5270,394,-633,305,-3088
3988,-6758,11584,994,210,-188,-3072
-3122,9590,2366,-1851,-482,-205,-3072
-1782,704,7042,1106,-447,162,-3104
4100,-11330,11746,-720,186,-588,-3040
-3592,7026,4798,-453,-256,-130,-3072
3586,-10722,13034,1407,597,-108,-3072
-428,2660,8170,-830,-103,-197,-3040
-1050,7296,4646,-96,-270,104,-3040
3090,-5842,9932,71,541,-283,-3072
-1090,3692,6280,-654,-95,-210,-3072
976,-1406,7872,371,145,-232,-3072
78,7120,5682,-923,384,-352,-3040
70,-6796,10366,499,-209,21,-3040
4928,3094,3356,-463,559,-496,-3088
-5054,-1970,9758,707,-341,251,-3056
5506,-7694,11862,736,-38,-120,-3056
-4008,6802,4816,-1602,-233,-250,-3088
-790,3908,6880,1242,-348,184,-3056
4844,-910,6248,-969,108,-612,-3088
-4476,9066,3968,-197,-43,-173,-3056
3884,-8010,11434,1135,418,-110,-3088
-798,340,9548,-890,-148,-232,-3088
-2108,2942,8774,61,-98,60,-3056
3280,-6832,10460,-24,495,-274,-3056
-1010,3148,7216,-626,-49,-202,-3056
1816,-1430,7576,418,69,-185,-3088
2026,5064,7580,-378,704,-419,-3056
-1116,-5280,10240,-94,-304,-6,-3056
5454,3232,5280,-3,401,-379,-3088
352,-3130,7548,75,401,-257,-3072
-5340,6368,4362,-698,-1506,388,-3056
6748,2240,7664,949,1403,-527,-3056
-5312,-9088,15768,-756,-558,64,-3072
330,6766,5880,-480,-453,-102,-3072
3680,-11906,13228,1236,1294,-662,-3040
-3756,4072,6962,-1309,-1137,145,-3072
2472,7116,3818,799,577,-285,-3072
-646,-1804,10668,24,192,-133,-3072
-4,7430,4448,-1225,-604,61,-3072
884,-1330,7492,383,566,-305,-3104
-962,-3236,8748,-326,-115,-125,-3072
2508,-728,6892,374,370,-326,-3072
-2196,5806,5768,-1241,-171,-225,-3040
-172,-4932,9112,667,-263,-72,-3040
2790,378,4474,-882,400,-535,-3072
-3280,-5822,11772,1015,148,124,-3040
2812,-4734,11010,297,-525,30,-3072
-1860,10958,2048,-1411,32,-368,-3072
-2072,-2452,8982,1461,-332,222,-3072
2924,-9966,12224,1585,1340,-525,-3040
2968,-10458,13482,927,278,-97,-3056
-54,4884,6976,-873,14,-250,-3088
-1676,6212,5374,245,-84,60,-3088
2878,-4448,9694,-167,353,-242,-3056
-882,3298,5950,-492,17,-193,-3056
746,-2114,8282,281,-70,-138,-3056
540,7090,5928,-278,783,-452,-3120
-2740,-4460,10346,-181,-322,-2,-3056
4700,2814,5510,-22,348,-356,-3056
-1262,-6998,11006,166,507,-249,-3088
-6028,4662,5026,-439,-1410,420,-3072
7716,-1906,8844,856,1298,-493,-3056
-5668,-5616,14002,-526,-602,74,-3088
3222,9808,2504,-684,-530,-133,-3056
4180,-11284,12738,1138,1272,-706,-3072
-4312,7300,4824,-1287,-1090,101,-3072
3018,3674,5086,869,616,-318,-3072
-764,-3428,11682,15,164,-141,-3040
-554,7718,4084,-1202,-557,56,-3072
1560,-3468,8714,415,552,-288,-3072
-1132,-2114,8604,-383,-165,-122,-3040
3692,1336,6360,452,349,-311,-3040
-930,6524,5560,-1246,-222,-225,-3072
-144,-5196,9112,553,-286,-53,-3072
3788,2190,3352,-761,458,-503,-3072
-5556,-482,8368,1082,199,148,-3072
622,-72,8640,85,-731,62,-3104
70,11014,2316,-1176,187,-371,-3072
-2798,-6840,11040,1286,-409,239,-3072
4590,-4442,7880,-1470,-301,-456,-3056
-534,-424,7796,742,643,-361,-3088
1502,-9024,13058,398,-120,-2,-3024
618,6958,5220,-744,36,-264,-3056
-2330,5074,6916,400,149,10,-3056
1896,-2158,9172,-421,106,-159,-3088
-420,3300,5386,-405,94,-255,-3056
2634,-444,6966,373,296,-303,-3088
-3634,-1964,9456,-405,-363,-10,-3072
3312,946,6192,42,351,-359,-3088
-152,-6818,9996,223,547,-291,-3056
-3768,5142,5478,-627,-1504,408,-3088
4514,8592,4880,1054,1404,-538,-3056
-5262,-1834,11574,-674,-634,34,-3056
1990,10814,3460,-694,-534,-131,-3088
2572,-9340,11760,1311,1363,-670,-3088
-5228,10582,3328,-1363,-1120,108,-3040
3556,-380,6694,819,602,-286,-3056
-914,-3652,11486,69,185,-98,-3056
968,4828,6110,-1153,-597,78,-3056
2748,-4564,9028,329,567,-325,-3040
-1434,-588,8714,-302,-157,-92,-3088
3792,104,6450,402,378,-305,-3056
-3830,2924,7134,-1283,-145,-252,-3072
-76,-6358,9950,704,-214,-12,-3040
4960,2556,3370,-794,462,-499,-3040
-5050,-2416,9690,1025,146,88,-3040
5296,-7556,11568,82,-733,39,-3072
1750,11294,2766,-1291,39,-397,-3104
-3540,-9086,12706,1308,-395,204,-3072
4846,-1470,6346,-1370,-189,-523,-3072
-4656,9170,3962,496,507,-325,-3072
372,-7396,12570,633,79,-64,-3072
628,8924,4106,-813,-46,-253,-3072
-2368,2804,8558,355,1,67,-3040
3328,-6226,9864,-390,192,-202,-3072
-542,2310,5636,-419,45,-211,-3072
-104,-3500,8730,282,-22,-159,-3072
1906,5912,7434,-582,652,-458,-3056
-670,-5780,10380,173,-195,-7,-3040
5572,3088,5050,-158,555,-394,-3072
-2534,-7246,12278,533,511,-149,-3072
-4818,5184,4910,-623,-1437,379,-3072
-5084,2542,8190,-1319,-590,-24,-3040
4448,7240,2424,-1443,-400,-358,-3040
-1094,820,6934,987,880,-390,-3088
1898,-9190,12992,1,-305,18,-3056
2208,7424,4014,-399,222,-265,-3104
-1364,-1502,11368,467,168,3,-3056
2220,-2576,9446,-641,-46,-137,-3056
-450,3346,5656,-281,164,-249,-3088
-848,-3110,8498,77,-114,-102,-3104
3208,2706,7116,67,720,-427,-3056
-3480,-2404,9566,-823,-451,-93,-3040
3432,1120,6310,485,-39,-240,-3072
2372,278,4788,-638,351,-400,-3072
-6036,3698,5914,138,-911,421,-3104
8124,-6610,10922,1349,911,-339,-3072
-5280,-1930,11682,-1613,-595,-104,-3072
-1804,-1442,8346,521,-463,71,-3072
4354,-9866,11056,38,664,-704,-3072
-5258,10488,3162,-1067,-779,24,-3040
3700,-136,6668,1412,727,-236,-3072
-344,4184,7380,-497,3,-171,-3072
-1386,6114,5166,-577,-467,82,-3040
2932,-4494,9050,252,619,-336,-3040
-1428,-122,8678,-547,-91,-109,-3072
866,-1916,8240,385,141,-268,-3040
400,6846,5964,-760,532,-395,-3056
-44,-6626,10276,347,-212,70,-3088
5224,3032,3430,-416,498,-486,-3056
-1326,-7442,11332,888,555,-112,-3056
-1452,2332,6990,-677,-1442,313,-3088
2340,11088,3060,34,1046,-564,-3056
-3746,-9742,13688,554,-421,177,-3056
3442,10130,2402,-1365,-459,-268,-3056
1148,-4774,9664,1471,1239,-530,-3056
12,-6556,12156,-738,-823,98,-3056
908,9722,3926,-97,389,-305,-3056
-920,-3970,12100,499,260,-15,-3088
3490,-6250,10096,190,620,-334,-3072
-1166,-1658,8478,-461,-194,-111,-3056
3948,852,6220,400,289,-323,-3056
-624,6998,5500,-1147,60,-272,-3056
70,-6428,10186,634,-249,-25,-3056
4354,2598,3400,-754,505,-524,-3024
-5418,-752,8758,1132,393,102,-3056
228,584,8208,-261,-992,129,-3056
718,11100,2362,-786,473,-463,-3056
-3032,-8220,11960,1171,-384,252,-3056
4086,8924,2020,-1499,-387,-390,-3072
-230,-2092,8192,942,795,-396,-3056
1174,-8406,12804,846,199,-42,-3072
394,8368,4740,-862,-85,-239,-3072
-2128,4144,7650,247,-27,48,-3072
3442,-6462,10056,-241,334,-236,-3040
-528,3250,5254,-486,33,-179,-3072
-196,-3176,8808,346,30,-169,-3040
1776,5630,7358,-225,752,-479,-3040
-450,-6146,10300,-329,-356,31,-3040
2726,276,6094,69,262,-336,-3072
18,-5688,9292,158,497,-261,-3072
-4600,6162,4812,-614,-1443,436,-3072
5762,5986,6112,1202,1454,-560,-3040
-5202,830,9206,-831,-599,43,-3040
1068,9306,4208,-501,-509,-81,-3072
3108,-10892,12780,1154,1300,-663,-3072
-2934,898,8670,-1377,-1133,94,-3088
3874,-2870,8220,1047,656,-292,-3056
-720,-3414,11550,-82,136,-146,-3088
710,6684,5152,-1094,-542,71,-3056
182,-2,6992,383,632,-340,-3056
-1402,748,8724,-443,-131,-85,-3088
3368,-568,6552,442,321,-305,-3056
-3320,4534,6162,-1234,-83,-237,-3088
260,-3912,8224,664,-252,3,-3056
5500,3572,3536,-823,498,-541,-3056
-6270,4896,5156,-449,-1427,403,-3072
7996,-3848,9678,954,1365,-522,-3072
-4232,-10944,14468,798,-391,217,-3056
4892,1684,4742,-1510,-523,-285,-3056
1914,-7004,10412,1428,1215,-506,-3088
-770,-5256,11590,-504,-660,46,-3088
1120,9890,3844,-299,281,-296,-3088
-2166,1412,9984,556,250,-40,-3056
1410,3988,6672,-1023,-278,-87,-3088
-524,1362,5998,10,283,-255,-3024
-418,-3414,8584,-25,-121,-102,-3056
3968,520,6290,270,639,-411,-3072
-4424,1966,7708,-1063,-608,-92,-3088
1356,-1522,6718,500,-99,-209,-3088
644,-2802,7368,-665,409,-406,-3024
-5180,-1092,9026,486,-626,330,-3072
6112,-8326,11742,1125,456,-247,-3072
-4582,4886,5890,-1663,-494,-165,-3040
-150,5746,6034,851,-461,145,-3072
4668,-2844,7070,-564,304,-639,-3072
-4854,9718,3566,-652,-459,-81,-3072
3908,-6662,10268,1393,659,-157,-3040
-678,-1348,10580,-646,-93,-231,-3072
-2188,4274,7600,-332,-285,45,-3072
3176,-6712,10190,214,598,-288,-3072
-1000,2334,7666,-670,-81,-196,-3072
2304,-950,7126,429,99,-216,-3072
1546,6016,7140,-786,480,-369,-3040
-218,-6192,10176,260,-234,-9,-3040
5460,3750,4286,-311,535,-467,-3072
-3024,-6712,12294,866,647,-126,-3072
-4424,5934,4780,-803,-1504,339,-3040
5318,6612,5870,209,1121,-553,-3040
-4706,-11044,15888,81,-549,133,-3056
4704,6392,2544,-1192,-489,-221,-3056
3116,-10698,12488,1609,1428,-575,-3024
-2580,-358,9148,-955,-955,130,-3056
38,5420,6760,-673,-37,-224,-3088
-1882,6224,5550,-808,-510,107,-3040
3036,-5446,9530,382,646,-336,-3056
-1120,-24,8706,-491,-123,-162,-3056
3442,-164,6398,432,208,-276,-3056
600,6968,6190,-1102,217,-293,-3040
210,-6648,10198,657,-175,-2,-3088
5196,3100,3284,-771,463,-492,-3056
-4662,-2538,10150,1165,459,39,-3088
-2036,2624,6928,-465,-1260,242,-3072
2312,12060,2576,-1079,309,-434,-3056
-3856,-10794,13762,1252,-331,232,-3040
4874,-6,5400,-1609,-463,-379,-3072
1466,-5522,9802,1192,1041,-453,-3040
-184,-6886,12476,24,-332,64,-3072
954,9676,4092,-577,163,-273,-3072
-2446,2524,9378,533,173,20,-3072
1486,2748,7494,-780,-143,-127,-3072
-544,2070,5720,-193,188,-240,-3040
-366,-3438,8564,112,-100,-118,-3072
2206,5266,7650,135,826,-462,-3072
-4528,696,8322,-786,-533,-47,-3040
1822,-580,6216,342,5,-247,-3040
364,-3838,7986,-425,364,-358,-3040
-5152,5284,4694,-47,-1135,371,-3072
6638,-8264,11608,1286,1016,-386,-3040
-4818,3312,7348,-1465,-611,-67,-3040
378,7208,5266,494,-458,63,-3056
3408,-11358,12738,82,692,-663,-3024
-5050,10430,3240,-996,-754,15,-3056
3772,-5194,9514,1421,747,-213,-3088
-794,-1932,10858,-509,-76,-163,-3056
322,7570,4552,-717,-427,107,-3056
3284,-6276,9986,351,659,-290,-3056
-1050,1458,8024,-599,-117,-160,-3056
2660,-616,6742,434,165,-235,-3056
-2570,5374,5858,-936,306,-341,-3088
3218,788,6204,402,53,-254,-3088
-250,-6158,9728,-78,423,-294,-3040
-3898,5452,5120,-593,-1470,429,-3088
4676,7750,5304,1140,1372,-512,-3088
-5260,-730,10918,-827,-632,26,-3056
1724,9906,4076,-484,-507,-106,-3088
2864,-9910,12144,1199,1319,-705,-3056
-5160,10748,3158,-1303,-1095,99,-3072
3460,-728,7074,819,546,-237,-3088
-578,-3438,11300,43,220,-148,-3056
674,5512,5824,-1193,-584,79,-3056
3050,-5098,9270,371,565,-324,-3040
-1234,-460,8694,-372,-125,-98,-3040
3380,82,6224,368,257,-309,-3072
-3498,3830,6562,-1161,-31,-298,-3040
-60,-6228,10090,644,-275,-19,-3072
5226,3180,3390,-760,424,-532,-3040
-4336,-3318,10336,1092,338,70,-3040
4752,-7498,11986,-122,-930,121,-3072
2752,11246,2962,-1182,219,-416,-3040
-3958,-10470,14158,1354,-322,213,-3072
4944,976,5176,-1532,-301,-439,-3040
-4220,8350,4264,855,762,-389,-3040
-574,-5822,12062,378,-113,-6,-3040
1462,9752,3756,-772,67,-253,-3072
-2374,1656,9494,465,80,65,-3040
3376,-6036,9898,-562,9,-174,-3040
-532,1742,5630,-359,75,-255,-3072
-536,-3490,8492,190,-100,-108,-3040
2466,4328,7830,112,814,-475,-3056
-1662,-5176,10404,-747,-487,-67,-3056
1364,-2026,6958,388,19,-246,-3056
670,-2434,6866,-568,326,-373,-3056
-5534,5070,4788,-46,-1095,383,-3056
6990,898,7834,1176,939,-380,-3056
-4304,4950,6232,-1358,-530,-70,-3056
-40,5402,6614,360,-380,9,-3056
-50,-2208,8272,725,645,-351,-3072
860,-7958,12742,758,122,-45,-3072
700,8496,4758,-847,-51,-236,-3056
-2040,3576,8108,192,-63,45,-3056
3492,-6678,10326,-139,415,-230,-3056
-1146,2296,7634,-573,-32,-177,-3056
-214,-3348,8838,385,32,-155,-3056
1894,5100,7390,-258,769,-466,-3056
-894,-5378,10214,-307,-376,-2,-3056
5602,3536,4806,104,330,-389,-3056
-4,-4000,8268,1,433,-276,-3088
-4874,6002,4606,-482,-1430,440,-3024
6502,3582,6886,1122,1424,-508,-3056
-5218,-9634,15948,-779,-629,52,-3056
660,7656,5122,-463,-454,-85,-3088
3386,-11144,12896,1140,1286,-658,-3024
-3340,2684,7814,-1301,-1099,103,-3056
3840,-4492,9108,1017,622,-286,-3072
-718,-2158,10992,-16,189,-130,-3056
460,6834,4860,-1129,-561,78,-3088
626,-524,7414,340,601,-352,-3056
-1386,1170,8400,-393,-132,-62,-3040
2864,-426,6788,412,305,-282,-3072
-2574,4738,6086,-1199,-74,-257,-3072
-188,-4312,8456,544,-287,16,-3040
5558,3632,3912,-787,402,-542,-3072
-3688,-5264,11460,1076,307,65,-3072
3424,-5332,11170,-2,-811,90,-3040
-2176,9820,2580,-1067,272,-406,-3072
-4550,-11210,15236,1390,-325,241,-3040
4892,4058,3486,-1507,-315,-451,-3072
-3196,6000,4974,672,607,-340,-3072
3166,-10064,12886,370,-120,-34,-3072
1716,9420,3720,-754,85,-288,-3040
-2120,298,10764,440,66,56,-3072
3172,-4820,9796,-464,163,-188,-3040
-1010,3030,6552,-470,32,-218,-3024
3800,-96,6390,357,520,-369,-3024
-2302,-4912,10556,-63,-271,8,-3056
5028,2848,5430,-106,361,-391,-3056
-1748,-6654,11062,181,458,-213,-3056
-1282,1618,7038,-512,-1455,409,-3056
7662,-714,8716,763,1307,-517,-3088
-5582,-6378,14778,-335,-554,109,-3088
3848,9280,2582,-795,-508,-153,-3056
754,-3770,9132,1398,1365,-679,-3056
-4084,6702,5268,-1256,-1054,112,-3088
2946,4572,4840,592,561,-295,-3088
-874,-3370,11480,160,191,-95,-3088
-154,7754,4012,-1154,-531,46,-3072
1314,-2898,8478,329,499,-282,-3024
-1046,-2194,8476,-275,-184,-80,-3056
3644,1524,6516,364,463,-340,-3056
-1190,6372,5404,-1258,-256,-215,-3040
-208,-5236,9140,580,-267,-68,-3024
3650,2084,3442,-868,395,-491,-3056
-5644,-60,7998,1049,161,143,-3072
1054,-422,8760,146,-602,29,-3072
-330,10744,2260,-1166,117,-335,-3072
-2550,-6184,10838,1275,-381,279,-3072
4592,-5150,8574,-1347,-191,-484,-3072
-1058,388,7372,419,422,-297,-3072
1796,-9218,12902,690,92,-62,-3040
146,6890,5494,-821,-30,-268,-3072
-2112,5254,6578,280,-6,20,-3072
2118,-2454,9338,-259,263,-163,-3040
-370,3216,5664,-438,37,-244,-3040
126,-2624,8722,279,-27,-147,-3072
1360,6302,6584,-722,523,-369,-3040
-222,-6394,10138,173,-209,-6,-3072
5290,4034,3436,-334,471,-447,-3040
-328,-7200,10326,826,648,-176,-3072
-3430,4962,5568,-811,-1575,357,-3072
-5286,-2754,12320,-1272,-646,-37,-3072
2272,10818,3256,-1129,-543,-178,-3088
2424,-8628,11340,1609,1371,-536,-3072
-1564,-3456,10526,-898,-943,115,-3040
1560,9678,3498,92,407,-286,-3040
-980,-3664,11542,319,263,-59,-3040
1174,4362,6518,-1050,-439,-44,-3072
-180,1048,6436,122,360,-323,-3072
-600,-3192,8550,-78,-150,-90,-3040
3972,14,6372,309,634,-438,-3072
-4106,3030,6958,-1268,-552,-149,-3040
880,-2042,6992,634,-180,-110,-3072
900,-2674,6958,-777,383,-441,-3040
-5162,-1676,9476,563,-502,341,-3040
5844,-8188,11970,831,51,-130,-3056
-4122,5858,5246,-1684,-334,-218,-3056
-498,5014,6240,1090,-441,166,-3056
4664,-1916,6692,-890,132,-635,-3024
-4700,9700,3836,-321,-146,-132,-3056
4018,-7810,11034,1260,517,-135,-3088
-972,30,9958,-837,-84,-231,-3056
-2254,3168,8574,6,-189,68,-3056
3322,-6324,10026,-4,514,-280,-3056
-1286,2672,7494,-587,-99,-188,-3088
2276,-1330,7438,331,18,-182,-3088
1998,5720,7304,-525,696,-440,-3088
-624,-6226,10566,99,-176,31,-3088
5622,3762,4798,-80,500,-411,-3056
6,-4888,8548,419,554,-216,-3040
-4912,5714,4486,-712,-1532,401,-3088
6176,4348,6670,613,1270,-567,-3088
-5224,-9688,15414,-287,-663,140,-3024
862,8056,5230,-733,-507,-132,-3072
3220,-11266,12654,1489,1375,-612,-3088
-3066,1680,7866,-1151,-1030,134,-3072
2124,7752,3972,652,574,-282,-3072
-772,-2488,10892,183,237,-90,-3072
3220,-5848,9548,-6,466,-260,-3040
-1182,922,8372,-577,-109,-176,-3072
2822,-568,6702,377,178,-271,-3056
-2854,5580,5926,-946,349,-339,-3056
-286,-6812,10546,514,-220,42,-3056
5540,4276,3174,-654,463,-472,-3024
-3908,-5088,11562,1180,589,-17,-3056
-3528,5756,5294,-876,-1495,309,-3072
4390,9136,4844,-381,806,-514,-3056
-4248,-12246,16194,1055,-289,204,-3056
5098,4558,3826,-1610,-435,-315,-3024
2498,-9222,11904,1562,1359,-551,-3072
-1806,-2350,10274,-570,-748,96,-3072
1526,10280,3242,-268,269,-253,-3072
-2172,272,10586,474,215,-22,-3072
3060,-4864,9630,-509,64,-178,-3104
-1090,3446,6112,-312,94,-233,-3072
-772,-4050,8704,244,-30,-146,-3072
3092,3584,7710,-35,842,-467,-3072
-2846,-4540,10490,-570,-469,-3,-3072
4818,3096,5106,235,112,-285,-3072
1284,-2284,6456,-168,414,-326,-3040
-6122,5410,4662,-394,-1349,434,-3072
7760,-1792,8832,1334,1251,-473,-3072
-5628,-6672,14378,-1345,-616,-42,-3088
-968,3708,6792,129,-498,-5,-3056
4054,-12040,12724,493,937,-655,-3056
-4536,7568,4520,-1232,-970,66,-3056
3114,4060,4892,1355,730,-244,-3056
-898,1006,9206,-380,-32,-157,-3056
-268,8266,3994,-863,-506,76,-3056
1704,-3668,8988,391,701,-332,-3056
-1022,-1972,8502,-566,-156,-88,-3056
1844,-1666,7678,455,234,-265,-3088
-888,6856,5542,-984,235,-332,-3088
-48,-5918,9868,502,-243,37,-3056
4260,2236,3486,-525,578,-484,-3056
-5584,5790,4586,-93,-1127,410,-3056
7012,1410,7906,1241,1271,-515,-3056
-5328,-8262,15284,-1098,-655,21,-3056
46,5886,6048,-385,-470,-102,-3040
3738,-11672,12978,891,1174,-686,-3056
-3796,4752,6394,-1276,-1090,116,-3056
2372,6662,4134,1047,656,-260,-3088
-582,-1396,10596,-100,150,-153,-3056
-210,8308,4148,-1167,-576,40,-3056
926,-1974,7802,479,643,-311,-3024
-854,-3410,8774,-455,-146,-111,-3088
2202,-824,6850,398,273,-284,-3056
-1822,5998,5890,-1079,29,-267,-3024
-54,-5526,9498,576,-241,3,-3088
3258,1520,3802,-753,483,-490,-3024
-2720,-7024,12400,1194,440,49,-3088
1844,-2518,9956,-296,-1023,131,-3088
-1364,12054,1550,-900,463,-427,-3056
-5062,-11338,16392,1182,-317,185,-3072
4724,7692,2410,-1617,-381,-417,-3056
-1618,2072,6636,993,815,-399,-3088
2444,-10378,13504,-28,-389,42,-3072
2130,8638,3302,-592,134,-283,-3040
-1656,-1020,11226,503,183,-20,-3072
2448,-3290,9560,-755,-109,-114,-3040
-632,3510,5632,-212,188,-267,-3072
-846,-3530,8604,149,-77,-116,-3072
3424,3090,7452,114,804,-458,-3040
-3466,-3590,10174,-767,-548,-50,-3072
4052,2502,5402,331,-10,-238,-3072
1970,-1386,5884,-384,412,-358,-3040
-6334,5204,5212,-243,-1186,416,-3072
8022,-4138,9780,1455,1134,-369,-3072
-5366,-4916,13608,-1382,-551,-58,-3072
-1412,1798,7314,165,-464,-6,-3072
4408,-11376,12360,461,901,-696,-3072
-4810,9372,3772,-1296,-968,49,-3072
1362,9958,3842,-653,151,-272,-3056
-2128,1804,10120,157,-65,87,-3072
3086,-6048,10178,-60,450,-235,-3040
-1046,3240,6638,-549,-23,-198,-3072
1344,-1944,8044,443,92,-236,-3040
-450,7118,5458,-867,419,-352,-3040
104,-5842,10012,367,-226,18,-3072
5480,3304,5250,-399,607,-525,-3072
-2026,-7628,11964,861,564,-73,-3040
-242,1286,7734,-677,-1412,279,-3040
802,11290,2450,-51,982,-527,-3072
-5502,-8084,15394,651,-430,207,-3104
4246,9222,2280,-1396,-441,-280,-3040
134,-2258,8526,1398,1238,-498,-3072
920,-8512,13046,-578,-689,88,-3072
2252,6278,4166,-70,294,-265,-3056
-604,-2810,11562,466,319,-111,-3056
1558,-438,8588,-1142,-427,-33,-3056
-430,3120,5196,112,330,-295,-3056
-744,-3172,8738,-10,-72,-137,-3056
3312,2472,6834,213,552,-410,-3056
-3792,-1692,9374,-1053,-490,-127,-3088
2858,116,6290,544,-141,-162,-3056
2638,1290,3980,-863,268,-428,-3088
-6082,2660,6492,490,-583,321,-3056
7660,-7712,11368,1164,477,-231,-3056
-1460,10936,1624,-1713,-395,-200,-3040
-1932,-3962,9372,989,-359,124,-3056
4680,-7996,10274,-578,342,-658,-3056
-5304,11130,3074,-692,-427,-118,-3056
2546,-10048,13452,1259,508,-91,-3072
156,5146,6956,-731,-69,-206,-3072
-1806,6224,5528,-148,-205,82,-3040
3026,-5392,9498,134,535,-272,-3040
-484,3600,5712,-630,-35,-154,-3040
490,-2250,8330,412,48,-184,-3040
604,6884,6024,-669,534,-401,-3072
438,-3026,7780,498,-137,-158,-3072
1462,-1456,6170,-527,341,-347,-3040
-6122,5296,4858,59,-952,383,-3072
7920,-2366,9204,1155,1378,-516,-3104
-5156,-6442,14704,-773,-499,49,-3040
3486,10336,2806,-531,-560,-79,-3072
4038,-11882,12530,1188,1313,-680,-3040
-4742,8112,4410,-1337,-1154,128,-3072
3152,3930,4742,902,595,-280,-3072
-1154,-3050,11598,-20,171,-116,-3104
-594,7228,4530,-1134,-566,53,-3040
1922,-2922,8566,334,591,-358,-3040
-1142,-1992,8670,-109,-137,-93,-3072
4038,614,6460,369,546,-377,-3088
-4280,232,8518,-1252,-464,-159,-3088
1784,-650,6408,599,-259,-131,-3024
3648,1566,3874,-816,372,-458,-3088
-5558,-16,8124,678,-306,259,-3056
6564,-7490,11236,726,-20,-136,-3056
-4790,2860,7726,-1499,-280,-225,-3056
-2774,-6350,10900,1112,-429,154,-3056
4648,-4844,8342,-890,104,-629,-3088
-4864,10136,3500,-220,-62,-182,-3088
1622,-9056,12890,1011,360,-91,-3040
250,7178,5310,-795,-73,-214,-3088
-2004,4858,6848,-61,-177,54,-3056
3312,-6288,9868,41,506,-244,-3056
-600,3526,5346,-604,-44,-209,-3040
162,-2794,8676,387,52,-198,-3056
1386,6092,6794,-509,618,-443,-3088
-160,-5576,9976,-133,-184,-19,-3072
3350,416,6446,80,400,-381,-3040
-284,-5418,9398,178,431,-247,-3072
-3932,5452,4998,-620,-1502,445,-3072
4804,7378,5416,895,1344,-520,-3072
-5092,-496,10694,-550,-587,74,-3072
1816,9340,4394,-646,-422,-116,-3072
-2452,4084,5710,-51,21,-219,-3040
2624,-10040,13104,1289,514,-166,-3072
-134,4798,6988,-709,-50,-213,-3072
-1512,6016,5484,-408,-371,106,-3088
3138,-4956,9250,224,638,-298,-3088
-720,3412,6098,-591,-11,-174,-3072
504,-2042,8252,358,24,-185,-3104
808,6438,6138,-590,619,-413,-3072
-168,-6194,10124,89,-291,50,-3040
4352,2266,5626,-217,496,-419,-3072
-1062,-7698,11354,697,603,-179,-3072
-2120,3162,6382,-798,-1560,372,-3040
2684,11130,3214,442,1245,-566,-3040
-5462,-5708,13876,176,-491,118,-3040
3188,10832,2468,-1244,-531,-228,-3072
1442,-5858,10080,1602,1419,-550,-3072
-520,-5864,11886,-990,-989,117,-3072
3434,2676,5320,255,461,-287,-3072
-1072,-3790,11820,289,216,-73,-3072
1770,3250,7118,-1165,-467,33,-3040
-488,1580,5782,184,449,-331,-3040
-1468,-1168,8580,-201,-203,-58,-3088
3934,656,6338,372,510,-384,-3088
-4388,1324,7996,-958,-511,-71,-3056
1668,-1516,6854,459,-96,-190,-3088
706,-2612,7164,-650,398,-406,-3056
-5384,4890,5208,252,-826,403,-3056
6226,-7354,11410,1119,656,-294,-3088
-4504,4442,6584,-1500,-488,-134,-3088
38,6008,6252,610,-425,90,-3056
4698,-3162,7452,-414,439,-683,-3072
-4742,10068,3708,-881,-619,-20,-3056
4010,-6018,10172,1340,673,-182,-3056
-1000,-1030,10228,-608,-132,-190,-3024
-1976,3900,7768,-311,-294,77,-3072
3420,-6424,10070,180,618,-275,-3040
-44,-3124,8780,285,-8,-140,-3088
-1834,6118,5510,-983,225,-313,-3056
-24,-5238,9194,479,-258,16,-3040
5632,3232,4882,-548,584,-499,-3072
-2696,-7248,12212,1089,453,-28,-3072
1496,-1166,9088,-515,-1202,229,-3072
-1002,11288,1972,-499,698,-493,-3104
-5032,-9924,15940,1011,-357,222,-3040
4652,7588,2782,-1482,-361,-347,-3072
-1292,1166,7208,1167,1015,-467,-3040
2238,-9670,13122,-198,-484,54,-3072
2176,8022,3828,-492,145,-272,-3040
-1590,-1118,11116,451,173,27,-3040
2446,-2832,9232,-722,-157,-130,-3072
-662,3078,5654,-93,254,-270,-3024
-926,-3384,8468,79,-95,-76,-3056
3420,2642,7318,150,692,-491,-3056
-3784,-2658,9632,-1007,-568,-70,-3056
3760,1966,5570,516,-41,-216,-3056
2352,-762,5214,-611,342,-440,-3088
-6292,4574,5264,113,-892,382,-3056
8126,-5876,10436,1412,862,-308,-3024
-5434,-3104,12374,-1700,-612,-126,-3056
-1668,-114,7862,620,-442,112,-3056
4470,-10682,11774,-72,605,-657,-3056
-5046,10324,3430,-1047,-727,-3,-3056
3530,-10370,13164,1428,691,-175,-3072
-532,3736,7568,-601,-85,-188,-3056
-1238,6742,4570,-493,-421,85,-3088
2378,-4476,8904,300,683,-348,-3072
-1462,-350,8490,-531,-140,-126,-3104
1214,-2144,8326,450,180,-246,-3104
74,6974,5690,-990,289,-332,-3072
42,-6400,10066,500,-206,25,-3072
4950,2460,3436,-469,549,-465,-3024
-1804,-7280,11462,880,526,-78,-3056
-932,1904,7182,-683,-1435,296,-3088
-4224,5690,5118,-1497,-589,-83,-3024
4156,9294,2830,-480,-475,-81,-3056
3708,-11256,12640,1080,1207,-673,-3056
-4076,6448,5230,-1324,-1142,137,-3072
2680,5412,4428,720,599,-298,-3072
-946,-3106,11542,138,163,-114,-3072
136,7646,4184,-1132,-484,57,-3056
1044,-2586,8700,388,559,-328,-3056
-966,-2390,8578,-394,-184,-118,-3088
3778,1528,6604,425,366,-348,-3056
-1512,6642,5266,-1319,-200,-225,-3056
-124,-5384,9110,612,-264,-32,-3088
3222,1612,3616,-856,447,-510,-3056
-6064,1292,7232,1077,199,164,-3056
1570,-1422,9686,82,-691,43,-3088
-674,11064,2210,-1112,200,-379,-3088
-2212,-5728,10606,1319,-329,246,-3056
4706,7402,2498,-1490,-279,-440,-3040
-1368,1240,6892,546,502,-354,-3056
2084,-9518,13284,603,36,-14,-3056
96,6340,5912,-826,-29,-245,-3056
-1284,-1032,11168,421,115,-30,-3072
2224,-3154,9600,-439,83,-159,-3072
-488,3320,5652,-376,108,-262,-3072
162,-2354,8586,221,-77,-130,-3072
3270,2918,7322,-60,772,-464,-3072
-3282,-2994,9806,-579,-434,-25,-3072
3662,2306,5846,257,187,-290,-3072
-468,-8032,11058,-23,467,-330,-3072
-6508,5432,4732,-495,-1358,447,-3072
8112,-5356,10464,1390,1331,-486,-3072
-5236,-4052,13120,-1222,-644,-1,-3072
2714,11198,2562,-213,-497,-37,-3072
4342,-11330,12144,925,1173,-674,-3072
-5012,9784,3602,-1356,-1123,125,-3072
3368,1792,5712,1151,711,-265,-3072
-634,-3896,11786,-113,157,-139,-3040
3200,-5600,9982,-486,95,-154,-3056
-854,3248,6682,-588,-44,-156,-3088
1170,-1740,8104,303,-27,-206,-3088
-296,7368,5252,-613,657,-390,-3072
-1796,-6066,10574,242,-188,-12,-3072
5238,4032,4712,-363,464,-430,-3040
-1962,-7612,11972,795,647,-145,-3072
-196,670,8254,-784,-1517,377,-3072
7308,1140,7954,597,1310,-592,-3056
-5230,-8742,15636,-61,-528,127,-3056
4302,9270,2224,-1039,-530,-193,-3056
8,-1940,8256,1520,1405,-610,-3056
-3908,5140,5924,-1131,-1007,138,-3088
2512,6602,3996,387,489,-302,-3056
-972,-3022,11806,291,219,-75,-3088
1916,-218,8492,-1243,-525,22,-3056
856,-2196,8026,289,474,-299,-3056
-928,-2802,8470,-224,-181,-81,-3088
3822,1912,6694,316,586,-421,-3072
-4288,-1514,9306,-1253,-553,-119,-3040
-120,-5210,8920,712,-210,-123,-3056
2764,438,4530,-871,316,-481,-3056
-5952,2876,6352,771,-282,231,-3056
7742,-7704,11122,760,-24,-106,-3056
-1532,10942,1816,-1630,-281,-258,-3088
-2012,-3774,9398,1250,-366,176,-3056
4606,-7772,10058,-1010,94,-592,-3056
-5112,10708,3196,-183,-22,-181,-3056
2646,-10182,13470,1186,456,-93,-3056
-106,5632,6662,-843,-121,-197,-3056
-1672,6272,5514,4,-154,60,-3088
2420,-4068,9998,-98,370,-189,-3072
-466,3930,5618,-624,-73,-219,-3056
608,-2410,8380,384,37,-192,-3056
820,6282,6282,-465,682,-456,-3056
-2904,-3488,9782,-121,-266,35,-3072
4014,2140,5854,-80,393,-396,-3056
-4136,-4160,10944,845,-107,227,-3040
8428,-5076,10168,1477,1173,-435,-3072
-5212,-5108,13438,-1306,-661,-39,-3056
2748,10770,2676,-39,-522,-38,-3056
4080,-11708,11882,703,1007,-701,-3056
-5128,9660,3372,-1339,-1111,110,-3056
3218,2180,5556,1278,720,-239,-3024
-300,2230,8688,-322,74,-195,-3040
-1058,7234,4528,-988,-489,94,-3088
2470,-4138,9162,397,659,-367,-3056
-1164,-1516,8930,-585,-146,-106,-3040
1022,-1264,7678,396,123,-240,-3040
-90,6764,5710,-941,332,-331,-3072
-66,-6666,10396,524,-225,41,-3040
4732,3226,3228,-661,508,-495,-3040
-1610,-7914,12196,1098,545,-47,-3072
-458,762,8168,-501,-1259,233,-3072
1498,11888,2274,-1413,73,-341,-3040
-3324,-9462,12738,1463,-292,241,-3072
4848,-2174,6924,-1400,-191,-508,-3072
-4942,10182,3680,413,388,-292,-3072
550,-8206,12816,724,84,-56,-3072
704,9500,4416,-893,-13,-246,-3040
-2192,3284,8586,532,115,65,-3056
3538,-6918,10270,-540,149,-201,-3056
-676,2794,5234,-335,33,-233,-3088
-208,-3400,8656,227,-21,-113,-3088
2034,4988,7614,-8,795,-474,-3056
-978,-5794,10356,-572,-473,-12,-3056
2184,-888,6398,254,122,-314,-3056
98,-3602,7976,-380,336,-337,-3056
-5032,5920,4654,-195,-1212,415,-3024
6682,3104,7344,1335,1258,-441,-3024
-4824,3344,7446,-1247,-571,-25,-3024
432,7046,5544,78,-436,4,-3088
3388,-11152,12898,571,962,-677,-3088
-4970,10572,3006,-1150,-950,52,-3072
392,7274,5338,-677,47,-257,-3040
244,7696,4480,-878,-494,100,-3072
3414,-6556,9972,410,685,-319,-3040
-1166,1488,8146,-521,-109,-144,-3056
2506,-378,6732,416,231,-279,-3056
-2290,5236,5912,-1017,106,-316,-3056
-304,-5646,10104,412,-248,27,-3040
5686,3894,4000,-567,520,-507,-3040
-3224,-6268,12102,1105,564,-51,-3040
2602,-4084,10642,-440,-1137,181,-3056
4948,7168,5382,-427,775,-502,-3040
-4654,-11400,15856,1162,-337,261,-3056
4870,5924,2900,-1587,-481,-383,-3088
-2462,4088,5804,1169,962,-434,-3056
-2368,-872,9576,-262,-560,63,-3072
2088,9006,3520,-444,204,-291,-3072
-1866,0,10730,447,235,-22,-3072
2764,-4542,9780,-845,-212,-82,-3040
108,594,6408,-128,255,-296,-3040
-898,-3622,8570,128,-127,-71,-3072
3028,3592,7560,158,733,-471,-3040
-2808,-4420,10336,-894,-539,-81,-3040
380,-2934,7664,403,-74,-225,-3072
1558,-1472,6090,-547,413,-403,-3040
-6118,4864,5054,71,-952,368,-3040
7938,-2342,9192,1149,1354,-514,-3072
-5444,-5956,14330,-788,-562,24,-3040
3298,10260,2716,-474,-500,-73,-3040
4096,-11568,12598,1156,1258,-657,-3072
-4532,8146,4232,-1352,-1107,112,-3088
3178,3478,4926,1065,667,-280,-3056
-1050,-3572,11610,268,227,-59,-3056
1506,2516,7164,-1132,-441,-22,-3072
-506,1864,5608,230,369,-300,-3072
-1262,-1706,8524,-88,-144,-69,-3072
3964,892,6408,334,590,-407,-3072
-1124,-5954,10622,183,-197,26,-3056
4096,1872,3622,-677,553,-516,-3088
-5586,-484,8440,1005,303,117,-3024
528,-254,8646,106,-702,63,-3072
328,10666,2544,-1093,216,-375,-3072
-2818,-6714,11204,1243,-404,247,-3072
4764,-4296,8084,-1391,-232,-508,-3072
-644,-298,7572,473,454,-332,-3040
1518,-8906,13002,575,29,-37,-3072
386,7268,4978,-728,33,-259,-3088
-2142,4970,6856,516,171,45,-3088
1902,-2048,9228,-459,104,-153,-3088
-482,3456,5400,-382,121,-249,-3056
162,-2882,8840,224,-30,-131,-3056
1334,6052,6824,-163,661,-440,-3088
-3466,-2194,9602,-495,-363,-34,-3088
3290,400,6284,275,187,-283,-3056
-312,-5944,9578,-299,339,-333,-3056
-3922,5280,5134,-278,-1227,412,-3056
7906,-6488,10948,1292,1253,-444,-3024
-5158,-932,11188,-1175,-598,-22,-3056
1914,9934,4314,-78,-450,-7,-3056
4502,-8842,11060,501,974,-669,-3072
-5208,10472,3446,-1293,-1048,52,-3088
3484,-678,6846,1109,631,-278,-3056
-762,-3148,11142,-203,146,-140,-3088
-1670,6326,5148,-905,-544,90,-3072
2990,-4694,8968,380,651,-318,-3072
-1348,-726,8940,-453,-114,-132,-3040
3632,180,6456,404,191,-251,-3072
428,6860,5750,-1163,105,-320,-3072
-116,-6284,9938,579,-202,-9,-3072
4980,2886,3236,-701,530,-485,-3072
-5028,-2580,9898,1095,444,33,-3072
-1438,2524,7098,-377,-1191,171,-3104
1864,11740,2756,-886,419,-419,-3104
-3474,-9532,13282,1267,-302,228,-3072
3766,-11786,12594,825,1119,-683,-3072
-4388,7230,4788,-1185,-1071,124,-3072
3046,4586,4638,424,533,-301,-3072
-1174,-3218,11716,341,239,-36,-3056
1886,1566,7892,-1124,-492,21,-3072
1582,-2434,8344,216,438,-311,-3072
-1144,-1794,8530,-222,-200,-67,-3072
3836,1286,6596,397,573,-376,-3072
-4262,-832,9130,-1276,-468,-179,-3072
-400,-4934,8974,552,-267,-102,-3072
3326,1400,3968,-847,362,-448,-3040
-5694,826,7566,740,-287,226,-3040
6970,-7264,11130,714,-44,-135,-3072
-506,10304,2526,-1453,-207,-257,-3072
-2242,-5514,10368,1151,-335,169,-3072
4660,-5946,9356,-984,53,-594,-3040
-5062,10628,3382,-206,-74,-190,-3040
2066,-9486,13070,1116,413,-108,-3040
-146,6582,5754,-792,-119,-197,-3040
-1964,5286,6434,24,-149,76,-3072
3282,-5676,9430,-2,472,-257,-3040
-592,3380,5674,-520,11,-184,-3056
402,-2536,8630,327,4,-174,-3056
1178,6554,6562,-375,754,-460,-3056
-284,-6132,10116,-170,-271,6,-3056
3568,1140,6288,26,372,-363,-3056
-458,-6366,10084,152,425,-268,-3056
-3386,5368,5388,-566,-1438,431,-3056
4312,8478,5088,1064,1432,-503,-3056
-5324,-1834,11722,-646,-622,45,-3088
2170,9982,3702,-633,-481,-145,-3088
2392,-8722,11678,1276,1322,-673,-3088
-5146,10136,3248,-1287,-1078,141,-3072
3566,-54,6764,755,599,-269,-3056
-652,-3286,11588,93,212,-84,-3056
1028,4650,6360,-1127,-568,50,-3056
2788,-4224,9076,293,563,-329,-3072
858,-1736,8288,273,-50,-127,-3072
294,6722,5904,-799,485,-379,-3056
-120,-6484,9990,313,-231,14,-3056
4966,3210,3100,-398,485,-447,-3056
-1138,-7686,11606,915,624,-143,-3088
-1452,2386,7120,-715,-1462,323,-3056
2352,11546,2742,37,1071,-546,-3056
-3606,-10404,13836,593,-368,174,-3088
3426,10724,2124,-1434,-503,-258,-3088
1064,-4956,9572,1584,1343,-582,-3056
-174,-6838,12232,-739,-824,142,-3056
3226,3676,4942,106,406,-329,-3072
-1116,-3960,11970,428,246,-33,-3056
1876,2750,7388,-1111,-381,-71,-3056
-554,1752,5786,80,351,-282,-3056
-1230,-1584,8420,-132,-157,-74,-3040
4132,532,6362,285,678,-420,-3056
-4766,1584,8004,-861,-545,-20,-3072
1758,-1190,6708,415,-23,-237,-3072
496,-3402,7698,-501,382,-377,-3072
-5462,5836,4734,25,-1044,425,-3072
6640,-8606,12012,1381,990,-401,-3104
-4720,4148,6758,-1511,-574,-72,-3040
146,6668,5694,389,-467,41,-3072
3478,-11616,12964,164,734,-682,-3072
-5078,10566,3206,-1146,-853,-12,-3072
4026,-6124,10080,1417,732,-228,-3072
-984,-1516,10736,-448,-42,-145,-3040
326,8182,4248,-714,-400,105,-3072
3432,-6518,10134,362,718,-291,-3040
-1316,2174,7984,-614,-117,-121,-3088
2520,-1086,7098,427,142,-239,-3056
-2026,5674,5640,-777,388,-331,-3056
-476,-5622,10050,277,-224,27,-3056
5608,3468,4524,-332,547,-503,-3088
-2854,-6770,12314,851,559,-98,-3088
1980,-2128,9712,-681,-1395,329,-3056
-5354,1732,8562,-1599,-554,-108,-3088
1018,8222,4438,291,-437,25,-3056
2954,-10616,12522,369,860,-661,-3056
-5012,10402,3138,-1230,-1031,86,-3040
3734,-3078,8456,1192,718,-255,-3072
-638,-2888,11352,-350,16,-159,-3056
564,6516,5146,-861,-462,106,-3056
3136,-5666,9694,355,649,-330,-3056
-1266,454,8486,-543,-146,-133,-3056
3166,-386,6372,418,203,-277,-3056
-3224,4850,6110,-1035,230,-317,-3056
60,-6752,10326,566,-231,22,-3056
5530,4050,3232,-709,441,-504,-3056
-4222,-3882,10876,1142,537,-18,-3056
-2848,3782,6078,-614,-1356,251,-3072
3412,10722,3450,-713,608,-493,-3056
-4338,-11830,15032,1479,-335,206,-3072
4896,2458,4184,-1484,-247,-490,-3008
-3632,7434,4414,528,470,-317,-3072
3698,-9860,12796,663,83,-38,-3072
1432,10118,3620,-898,33,-283,-3072
-2228,1294,10256,431,57,81,-3072
3162,-5618,10156,-421,178,-206,-3072
-1026,3216,6670,-405,62,-205,-3072
-560,-3722,8572,246,-21,-128,-3072
2708,4464,7636,-128,819,-469,-3072
-2066,-5374,10440,-443,-430,12,-3072
5284,3520,4964,138,210,-331,-3072
798,-2618,7204,-49,454,-293,-3072
-5764,5696,4692,-441,-1360,425,-3072
7628,572,8190,1199,1392,-520,-3072
-5278,-8170,15802,-861,-556,29,-3072
-446,5442,6084,-362,-484,-70,-3072
3676,-11602,12660,769,1034,-658,-3056
-3958,5698,5592,-1337,-1107,87,-3088
2360,6402,4186,1158,700,-286,-3024
-892,-876,10336,-169,52,-148,-3056
1634,286,8188,-564,75,-177,-3072
-1118,2660,7606,-512,-13,-180,-3056
-38,-3376,8830,325,-16,-208,-3056
1712,6048,7300,-467,685,-411,-3040
-402,-6364,10350,3,-292,42,-3072
5666,4016,4210,-126,468,-401,-3040
-130,-5666,9218,563,597,-203,-3040
-4542,5818,4766,-660,-1540,423,-3088
5572,6030,6170,958,1380,-569,-3056
-4816,-10888,15812,-580,-625,86,-3056
1234,9288,4494,-738,-513,-142,-3056
3046,-10968,12492,1383,1356,-670,-3088
-2694,24,8760,-1235,-1084,96,-3056
1766,8942,3538,607,518,-270,-3056
-354,-3440,11488,185,286,-135,-3088
228,6348,5244,-1256,-583,61,-3056
130,164,6610,319,417,-314,-3056
-598,-3606,8678,-270,-97,-110,-3056
3160,-192,6436,352,388,-329,-3056
-3182,3922,6700,-1268,-315,-213,-3088
344,-3638,8166,737,-181,-73,-3056
5250,3462,3278,-853,405,-513,-3072
-4406,-3568,10750,971,-5,187,-3088
4522,-7776,12106,521,-325,-44,-3056
-3488,8788,2976,-1708,-268,-289,-3088
-3872,-11288,14496,1427,-340,249,-3072
4968,1288,4998,-1407,-221,-511,-3072
-4044,8162,4144,369,406,-302,-3072
3662,-9554,12388,854,213,-49,-3040
1236,9696,3726,-876,-31,-270,-3040
-2640,2278,9556,292,-22,69,-3072
3176,-6116,9942,-257,265,-212,-3072
-930,3156,6860,-485,14,-214,-3040
-520,-3396,8612,267,-17,-167,-3072
2616,4856,7904,-198,824,-452,-3040
-1302,-6594,10766,-225,-283,17,-3072
5454,4112,4788,-10,291,-339,-3040
-5808,710,8224,964,76,206,-3056
6804,-8684,11982,995,242,-187,-3072
-4584,3192,7358,-1721,-415,-178,-3072
-2938,-7180,10962,1086,-422,141,-3072
4674,-5086,8246,-777,193,-620,-3072
-5124,10908,3088,-496,-296,-142,-3072
3966,-5420,9566,1325,562,-165,-3072
196,7890,5086,-807,-129,-206,-3072
-2268,4782,7154,-126,-236,89,-3040
3380,-6500,9934,103,581,-256,-3072
-1216,1848,8014,-622,-84,-190,-3040
232,-3040,8762,377,49,-209,-3072
1366,6442,6968,-620,620,-398,-3072
-34,-6592,10468,200,-176,-6,-3040
5624,3474,4216,-275,492,-431,-3040
-380,-5750,9624,672,565,-168,-3072
-3820,5278,5226,-817,-1537,354,-3072
4780,8092,5286,674,1299,-560,-3088
-4678,-10996,15402,-230,-520,111,-3024
1960,9684,4022,-896,-480,-187,-3056
2798,-9444,11882,1501,1445,-638,-3056
-1944,-1934,10042,-1114,-1032,114,-3056
1544,9046,3782,412,408,-293,-3024
-664,-3502,11572,235,269,-89,-3088
568,5182,5820,-1217,-598,46,-3056
86,1168,6132,247,434,-293,-3056
-712,-3678,8622,-198,-85,-88,-3088
3286,286,6306,310,429,-368,-3056
-3478,3384,6926,-1192,-351,-178,-3024
516,-3466,8066,695,-198,-63,-3056
4908,3620,3026,-948,313,-498,-3072
-4550,-2880,10162,868,-118,200,-3056
4984,-7790,12048,581,-217,-50,-3056
-3606,8188,3682,-1548,-89,-332,-3040
-3748,-10720,14266,1422,-316,201,-3072
4998,746,5446,-1318,-137,-528,-3040
-4250,8732,4044,270,284,-271,-3072
3154,3426,4894,533,478,-278,-3040
-944,-3168,11790,381,268,-33,-3056
1418,2364,7482,-970,-374,-62,-3040
-376,2128,5452,-60,276,-286,-3072
-588,-3256,8454,39,-104,-80,-3040
3952,666,6556,235,671,-413,-3072
-4416,1196,8090,-1045,-531,-105,-3072
1646,-1396,6818,535,-144,-187,-3072
620,-3700,7684,-715,326,-431,-3072
-5494,268,8166,235,-782,344,-3072
6664,-8256,11720,1096,392,-235,-3024
-4458,3464,7190,-1615,-347,-174,-3024
158,7366,5758,967,-381,117,-3056
4718,-4258,8120,-566,336,-659,-3024
-5134,10958,3268,-649,-409,-91,-3056
4058,-5630,9858,1354,585,-152,-3056
-1200,-1694,10484,-760,-116,-232,-3056
-2172,4126,7612,-191,-305,83,-3056
3438,-6752,9896,142,617,-309,-3024
-1428,2152,7814,-636,-129,-142,-3088
2614,-844,6976,398,74,-218,-3088
1750,5582,7496,-526,669,-420,-3088
-540,-5730,10454,75,-272,30,-3056
5818,3190,4794,-116,515,-451,-3056
-312,-4174,8560,244,466,-191,-3072
-4394,5440,4820,-643,-1472,382,-3056
5798,4902,6408,538,1271,-583,-3088
-5124,-9710,15532,-63,-532,131,-3056
1162,8036,4730,-805,-476,-171,-3040
3098,-10184,12432,1384,1369,-652,-3072
-2806,1178,8692,-1152,-1038,139,-3072
2116,8438,3780,488,526,-297,-3040
-648,-2672,11356,207,240,-118,-3040
634,6498,5060,-1203,-548,41,-3072
368,-196,6738,270,479,-299,-3072
-842,-3862,8718,-220,-162,-85,-3072
3072,-40,6394,307,448,-340,-3040
-164,-5670,9960,-149,-275,25,-3056
1914,142,4846,-922,294,-482,-3056
-6134,4096,5456,680,-368,255,-3072
3676,-5600,11090,863,98,-172,-3040
-2762,9732,2556,-1594,-241,-238,-3056
-1498,-488,8260,1318,-374,194,-3056
4432,-10328,11778,-1059,87,-591,-3056
-3356,6392,4928,-133,-9,-177,-3088
3364,-9768,12820,1057,372,-122,-3056
-418,3392,7642,-851,-43,-258,-3056
-1328,6610,4850,41,-187,89,-3056
3278,-5366,9886,-18,498,-259,-3024
-938,3112,6740,-534,33,-197,-3056
1070,-1972,8142,355,-19,-167,-2992
0,6806,5648,-465,696,-439,-3056
-2156,-5034,10270,-34,-297,26,-3024
5052,3282,5156,-150,386,-413,-3088
-1818,-7102,11530,377,527,-225,-3024
-5832,5314,5088,-554,-1464,423,-3072
7792,-104,8636,741,1398,-570,-3056
-5288,-8104,15798,-155,-470,77,-3056
4216,9690,2590,-947,-534,-156,-3088
3678,-11700,12778,1339,1319,-643,-3072
-4074,6394,5378,-1340,-1156,136,-3072
2806,5580,4428,685,597,-295,-3072
-1024,-3268,11520,124,192,-106,-3072
96,7450,4206,-1121,-489,30,-3072
1074,-2380,8498,307,542,-312,-3072
-1022,-2278,8424,-272,-205,-78,-3072
3834,1878,6598,445,502,-386,-3072
-1652,6134,5366,-1309,-363,-172,-3072
2740,-302,6334,456,-142,-180,-3072
3070,1466,3882,-756,324,-424,-3072
-5882,890,7420,403,-687,354,-3104
7002,-6556,10586,997,414,-255,-3072
-5270,1424,8910,-1445,-386,-192,-3072
4552,6384,2850,-1413,-256,-473,-3072
-4856,10034,3344,-1182,-967,61,-3040
3790,-2862,8200,1131,683,-280,-3072
-696,-2716,11202,-127,129,-133,-3088
566,6350,5006,-1060,-528,66,-3088
2910,-5584,9600,392,589,-314,-3072
-1166,532,8420,-468,-131,-108,-3040
3162,-488,6660,426,265,-283,-3072
-2864,4164,6424,-1163,25,-271,-3040
100,-6016,9822,542,-222,-28,-3072
5200,3362,3698,-683,474,-495,-3104
-3906,-5074,11362,1207,482,59,-3072
4000,-6454,11420,-341,-1119,160,-3040
3268,9886,3972,-854,406,-443,-3040
-4198,-11294,14536,1251,-381,230,-3072
4798,2648,4130,-1549,-401,-430,-3040
-3598,6902,4592,984,820,-412,-3072
-1064,-4432,11150,158,-231,11,-3072
1510,9178,3840,-598,119,-286,-3040
-2340,1528,10032,455,161,37,-3072
3222,-5318,9972,-560,-8,-152,-3072
-256,1392,5966,-310,165,-272,-3072
-644,-3020,8564,108,-121,-118,-3072
2570,4490,7548,19,792,-473,-3072
-1650,-5852,10348,-823,-517,-42,-3056
1318,-1714,6748,373,-3,-230,-3056
728,-3648,7684,-356,440,-357,-3056
-5794,6086,4380,-89,-1136,403,-3056
7414,1382,7728,1430,1110,-406,-3056
-4458,4674,6178,-1473,-611,-31,-3056
-130,6794,5372,195,-505,12,-3056
3622,-12144,12960,390,855,-724,-3024
-3966,5006,5956,-1248,-971,72,-3056
3974,-6932,10354,1402,736,-271,-3056
-1080,-974,10250,-370,4,-161,-3056
168,7138,4272,-725,-489,101,-3024
920,-1732,7938,310,563,-340,-3040
84,-3088,8758,261,-4,-167,-3040
1530,6632,7020,-569,651,-401,-3072
-296,-6794,10412,260,-172,19,-3056
5692,3698,4250,-302,471,-422,-3056
-206,-5428,9186,575,570,-174,-3040
-4244,4884,5292,-710,-1456,376,-3056
5280,7076,5706,324,1177,-555,-3088
-4660,-10764,15520,181,-523,152,-3056
1562,9496,4200,-1016,-535,-190,-3040
2760,-9798,11904,1505,1344,-586,-3056
-2342,-946,9064,-1105,-1010,107,-3040
1536,9184,3518,375,505,-299,-3040
-720,-3474,11542,308,231,-71,-3072
902,6024,5488,-1217,-483,0,-3072
-64,228,6848,272,422,-258,-3072
-602,-3672,8680,-210,-166,-87,-3072
3324,-58,6246,284,511,-378,-3040
-3544,3986,6574,-1238,-407,-185,-3104
370,-3462,7686,635,-191,-83,-3072
1416,-818,5644,-897,302,-511,-3040
-4084,-4194,11008,879,-182,196,-3072
4404,-7000,11804,640,-162,-85,-3040
-3330,9184,2966,-1674,-276,-271,-3072
-1262,1250,7378,1302,-367,177,-3040
4880,2082,4776,-1092,27,-563,-3072
-3742,7534,4500,-43,11,-203,-3040
3462,-9814,12688,1147,427,-89,-3040
-462,1964,8710,-829,-129,-211,-3072
-2338,1888,9606,216,-81,59,-3056
3116,-5872,9986,-190,332,-228,-3056
-900,3164,6784,-537,8,-214,-3056
1342,-1394,7842,308,-23,-162,-3056
2464,4658,7664,-325,756,-441,-3056
-1664,-5416,10186,-200,-309,20,-3056
5188,3646,4876,16,315,-368,-3056
-1756,-7940,12318,957,646,-107,-3088
-154,-6,8546,-804,-1549,314,-3056
-4416,4726,6332,-1772,-493,-167,-3072
-88,6664,5818,-194,-490,-45,-3088
3914,-12684,13512,967,1204,-692,-3056
-4032,5220,6028,-1409,-1153,119,-3104
2874,6170,3752,1046,649,-289,-3072
-1024,-940,10094,-60,95,-117,-3040
38,8032,3958,-1152,-570,61,-3072
1056,-2108,8062,386,678,-341,-3056
-1064,-2840,8434,-474,-168,-101,-3024
2474,-1248,7110,426,267,-274,-3056
-1868,6460,5388,-1116,50,-272,-3088
12,-5796,9724,644,-245,-11,-3056
3560,1108,4174,-687,502,-512,-3056
-3094,-6558,12040,1015,352,76,-3088
1504,-1720,9282,-342,-1072,151,-3056
-1068,11502,1740,-824,459,-469,-3056
-2616,-4966,9914,1222,-312,201,-3056
4774,7126,3156,-1460,-303,-418,-3056
-1222,1254,7320,1018,890,-406,-3088
2390,-10374,13560,131,-242,3,-3056
1802,8934,3466,-594,56,-250,-3072
-1216,-1740,11344,575,153,-15,-3056
2052,-2718,9220,-770,-93,-145,-3056
-888,3942,5042,-240,111,-256,-3056
-592,-4142,8894,150,-20,-118,-3104
3282,2968,7090,101,716,-476,-3072
-3532,-2608,9818,-796,-500,-18,-3072
3758,572,6352,447,-48,-231,-3040
2066,830,4506,-674,255,-381,-3040
-5990,2988,5872,151,-949,387,-3040
7674,-6618,10460,1189,745,-356,-3072
-5684,-746,10324,-1611,-647,-83,-3072
-1672,-2602,9304,656,-391,55,-3072
4442,-9216,10774,-33,669,-665,-3072
-4874,10068,3338,-912,-688,-19,-3040
3612,-720,7316,1393,656,-194,-3040
-166,4484,7152,-542,-25,-177,-3104
2668,-4972,9940,-952,-257,-80,-3056
-1184,-656,8574,-620,-81,-135,-3024
658,-1926,8262,411,116,-232,-3072
502,6630,6278,-827,404,-347,-3040
178,-6480,10368,424,-220,51,-3072
5290,3166,3488,-421,507,-446,-3056
-1248,-7308,11366,863,605,-93,-3056
-1852,2438,6732,-773,-1520,320,-3024
2186,11718,2554,21,1064,-528,-3056
-3952,-10688,13564,561,-407,159,-3088
3404,10734,2380,-1410,-528,-261,-3056
1458,-5618,10038,1613,1392,-578,-3056
-128,-6826,12472,-705,-826,118,-3056
1238,9754,4092,-99,353,-308,-3088
-938,-3620,11760,430,264,-53,-3088
1374,2342,7434,-1096,-396,-34,-3056
-658,2158,5462,49,298,-301,-3056
-1228,-1936,8652,-125,-159,-86,-3040
4116,920,6400,297,622,-392,-3088
-4492,682,8498,-1117,-549,-117,-3056
1876,-966,6508,562,-165,-158,-3056
4004,1808,3788,-844,399,-471,-3072
-5590,-338,8514,614,-430,307,-3104
6906,-8088,11680,965,252,-183,-3104
-4750,2890,7762,-1580,-378,-195,-3040
-2970,-6358,10504,995,-460,165,-3040
4378,-4656,8094,-748,167,-616,-3072
-5022,10410,3130,-474,-303,-129,-3040
3840,-4964,9348,1311,553,-145,-3072
376,7358,5336,-776,-77,-248,-3072
-2054,4866,7136,-131,-170,44,-3072
3330,-6520,10220,417,684,-289,-3040
-1046,1660,8108,-574,-151,-141,-3040
2852,-944,7028,496,223,-284,-3040
-2398,5378,5900,-1065,214,-307,-3072
-146,-6116,9978,479,-250,4,-3072
-376,-6062,9704,314,474,-221,-3072
3074,-4254,10656,-348,-1110,166,-3056
-2014,9766,2320,-756,470,-468,-3088
-4624,-10950,15070,1281,-363,231,-3072
4778,4696,3258,-1519,-355,-418,-3072
-2636,4724,5450,797,713,-379,-3040
2892,-9496,12994,393,-129,-25,-3072
1570,9134,3738,-631,118,-275,-3056
-1878,850,10444,447,226,6,-3088
2572,-5068,10210,-612,-41,-134,-3056
-442,3558,6128,-318,150,-281,-3056
-620,-3660,8754,201,-53,-89,-3056
2870,3944,7706,-3,751,-474,-3088
-2212,-4670,10194,-649,-450,-42,-3056
4518,2812,5546,-39,333,-366,-3056
-1298,-7738,11448,321,558,-239,-3056
-6150,5636,4600,-596,-1486,457,-3040
7954,-1868,9178,954,1423,-527,-3056
-5296,-7224,15036,-426,-523,63,-3088
3718,10490,2364,-844,-513,-157,-3088
4062,-12178,12876,1238,1344,-619,-3072
-4592,7474,4900,-1300,-1136,137,-3072
3074,4376,4602,809,593,-267,-3072
-1098,-2766,11438,329,245,-27,-3072
1564,1244,7896,-1055,-459,-13,-3072
-352,2232,5538,103,379,-310,-3072
-1136,-2272,8742,-30,-131,-99,-3072
4014,954,6692,281,617,-407,-3072
-4384,-26,8628,-1183,-553,-131,-3072
2122,-404,6358,596,-204,-151,-3104
3420,1478,3850,-802,350,-444,-3072
-6068,1672,7188,416,-619,309,-3040
7318,-7962,11388,1153,450,-229,-3072
-4954,1556,8950,-1633,-419,-166,-3040
-2500,-5260,10172,902,-382,120,-3104
4698,-6734,9622,-495,391,-666,-3072
-5236,11072,3280,-734,-436,-73,-3040
2306,8096,3794,28,435,-295,-3088
-1430,-1552,11452,545,275,-31,-3056
2510,-2834,9556,-779,-134,-96,-3072
-538,3446,5656,-140,167,-285,-3040
-828,-3204,8420,69,-133,-111,-3072
3152,3204,7124,47,708,-471,-3072
-3212,-3234,10012,-732,-419,-38,-3104
3906,1358,6182,383,22,-220,-3072
1866,304,4926,-562,301,-383,-3072
-6022,3108,5976,135,-1016,385,-3040
7860,-5380,10052,1229,861,-383,-3072
-5366,-2166,12186,-1440,-560,-88,-3072
-1490,-680,8130,366,-463,21,-3072
4154,-9584,11232,177,782,-707,-3040
-4946,9182,3584,-1062,-823,46,-3072
3420,900,6434,1304,713,-208,-3072
-506,3194,7826,-484,-13,-171,-3056
-1200,6614,5038,-582,-400,100,-3088
2536,-3952,8968,282,631,-339,-3056
-1164,-826,8686,-562,-76,-131,-3088
1046,-1598,8124,387,116,-232,-3088
142,6552,5712,-905,342,-318,-3088
-384,-5642,9452,505,-288,-20,-3056
4588,2884,3242,-711,432,-484,-3056
-4734,-2520,9628,1095,344,95,-3056
-1064,2272,7192,-315,-1060,170,-3072
2002,11030,2876,-1035,293,-401,-3088
-3410,-9734,13352,1231,-330,212,-3040
4914,-1042,6170,-1520,-377,-405,-3040
708,-3982,9138,957,850,-389,-3040
88,-6866,12342,67,-308,16,-3072
1054,8968,4238,-604,158,-286,-3040
-2554,2632,8828,447,89,59,-3040
1704,1166,7948,-602,-66,-149,-3072
-436,2370,5462,-283,161,-271,-3040
-514,-3012,8530,159,-107,-118,-3040
2406,5066,7596,98,785,-484,-3040
-348,-6088,9760,659,-237,8,-3040
3862,1582,3684,-871,436,-537,-3072
-5846,662,7746,1023,87,158,-3072
1028,-1534,9234,221,-605,21,-3072
-404,11494,1772,-1340,30,-374,-3072
-2686,-6076,10476,1382,-359,250,-3040
4688,-5820,8738,-1383,-176,-510,-3040
-1094,822,7080,401,404,-307,-3072
1914,-9866,13242,681,91,-62,-3072
104,7390,5176,-845,-21,-219,-3040
-1996,4702,6822,403,12,39,-3040
2452,-1700,8990,-394,240,-203,-3040
-790,3212,5524,-385,60,-211,-3072
258,-2748,8762,253,-16,-158,-3072
1324,6000,7150,-127,801,-484,-3072
-4220,-1436,9282,-483,-436,-11,-3072
3354,390,6110,242,211,-322,-3072
-390,-5406,9220,-240,347,-310,-3040
-3780,5288,5042,-248,-1285,440,-3072
7694,-7120,10832,1209,1266,-490,-3072
-5526,504,9860,-1092,-691,41,-3104
1574,9012,3976,-780,-499,-150,-3056
2568,-9426,11844,1325,1293,-579,-3056
-2336,-398,9106,-1172,-1085,101,-3088
1720,8708,3638,602,551,-288,-3056
-642,-3346,11562,164,240,-96,-3088
784,5910,5494,-1189,-545,23,-3056
86,312,6528,277,495,-325,-3056
-1232,232,8316,-318,-118,-85,-3104
3340,-42,6322,354,423,-347,-3056
-3304,4030,6698,-1226,-284,-173,-3088
348,-3976,8216,643,-244,-41,-3088
5304,3674,3308,-870,374,-495,-3040
-4194,-4366,10918,1136,138,171,-3072
4358,-6978,11692,142,-627,37,-3072
-3442,9158,2860,-1349,5,-353,-3072
4930,2238,4468,-1532,-491,-301,-3088
-4978,9394,3850,-776,-536,-63,-3056
3732,-9504,12614,1377,654,-190,-3088
-576,2332,8430,-565,-26,-210,-3072
-964,6654,4476,-489,-405,121,-3072
2224,-3612,8784,269,647,-320,-3072
-1146,2900,6930,-573,-65,-152,-3056
1304,-1814,8122,389,48,-205,-3088
-280,7096,5436,-763,539,-374,-3056
62,-6420,10082,303,-241,31,-3056
5322,3894,4770,-452,479,-431,-3088
-2082,-7330,11986,879,617,-124,-3056
-194,242,8148,-748,-1501,354,-3056
548,12348,1668,119,1105,-561,-3056
-5258,-9374,16070,596,-363,186,-3056
4318,9368,2310,-1409,-470,-262,-3056
-122,-1524,8306,1534,1282,-559,-3056
1320,-9388,13272,-799,-848,74,-3056
2514,6760,3814,-99,320,-318,-3024
-1074,-3216,11716,462,255,-50,-3088
2072,174,8406,-1104,-364,-41,-3056
820,-2016,8250,239,420,-298,-3040
-934,-2562,8332,-58,-147,-94,-3056
3594,2312,6690,283,649,-433,-3056
-4006,-2074,9646,-1110,-558,-78,-3056
-100,-4384,8686,534,-210,-138,-3072
2754,914,4090,-817,364,-449,-3072
-6018,2060,6952,622,-431,322,-3040
7426,-6888,10848,933,173,-161,-3040
-1404,9894,2480,-1523,-309,-227,-3040
-1988,-3618,9570,1036,-360,184,-3040
4488,-7442,10092,-787,185,-651,-3072
-5036,10248,3112,-469,-267,-163,-3072
2660,-9852,12936,1279,506,-156,-3104
-282,5210,6398,-781,-145,-203,-3072
-1608,6598,5388,-125,-134,42,-3072
2790,-5430,9822,148,585,-249,-3072
-694,-3680,8628,-144,-111,-104,-3056
2878,3966,7234,-72,663,-415,-3072
-2766,-3770,10114,-647,-455,-64,-3072
4100,2182,5728,330,86,-285,-3072
1608,-1080,6028,-379,394,-352,-3040
-5980,5054,5190,-113,-1104,427,-3040
8282,-4182,10302,1428,1230,-434,-3072
-5148,-5014,13860,-1418,-602,-33,-3072
-1236,1750,7172,150,-509,5,-3040
4092,-11228,12158,441,914,-694,-3040
-4884,8992,3956,-1243,-991,39,-3040
3038,3114,5202,1275,710,-228,-3072
-444,1658,9006,-245,99,-180,-3040
-746,7580,4200,-890,-481,74,-3072
2042,-3416,8832,356,631,-325,-3072
-1072,-2134,8792,-527,-169,-129,-3040
1498,-1646,7774,454,243,-272,-3072
-658,6756,5240,-1149,84,-305,-3072
-58,-6058,9818,643,-195,24,-3072
4064,1800,3714,-662,463,-478,-3088
-2216,-7372,12028,1121,542,-57,-3088
516,-836,9048,-508,-1254,236,-3056
86,12608,1624,-685,598,-455,-3056
-2904,-7326,11174,1116,-338,222,-3088
4408,8716,2200,-1591,-465,-338,-3056
-368,-452,7360,1255,1054,-436,-3024
1576,-9852,13442,-135,-434,26,-3088
322,8092,4992,-538,215,-255,-3088
-1248,-2520,11618,509,194,-27,-3024
2108,-838,8862,-861,-222,-121,-3056
-612,3038,5356,-105,179,-290,-3056
-790,-2962,8512,20,-121,-135,-3072
3910,2136,6872,159,783,-475,-3024
-4078,-2390,9596,-848,-546,-46,-3088
3260,1496,5554,395,-33,-235,-3056
2486,-104,4802,-624,344,-421,-3072
-6196,3610,5918,161,-941,404,-3104
4732,8150,5106,-554,657,-490,-3072
-1670,-1988,8760,1350,-313,241,-3040
4658,4666,3314,-1367,-182,-495,-3072
-2762,5034,5336,94,142,-249,-3088
3048,-10258,13176,1000,339,-88,-3088
-368,4578,7104,-893,-136,-232,-3088
-1640,-30,10732,356,78,41,-3072
2598,-5344,9468,272,634,-297,-3088
-728,3982,6082,-654,-102,-165,-3072
968,-2322,8282,444,101,-214,-3072
242,6786,5844,-750,499,-389,-3072
0,-6058,9832,264,-207,10,-3040
4606,2378,5738,-280,550,-446,-3072
-1222,-7546,11502,759,581,-136,-3072
-1626,3448,6646,-829,-1493,350,-3072
2270,10974,3248,377,1239,-534,-3072
-5398,-6000,14142,236,-485,123,-3072
3268,10332,2464,-1204,-511,-213,-3040
1352,-5444,9862,1566,1422,-592,-3104
-224,-6158,12190,-883,-907,139,-3072
2948,3760,4884,82,381,-299,-3040
-634,-3374,11896,391,306,-43,-3072
1292,1960,7800,-1147,-466,-23,-3072
-298,2282,5390,92,380,-328,-3072
-1150,-2296,8714,-24,-90,-85,-3072
3728,954,6312,288,443,-380,-3056
-4408,1248,8044,-1218,-451,-148,-3088
1636,-1180,6766,707,-180,-112,-3024
3996,2134,3532,-907,348,-480,-3056
-5578,886,7886,744,-282,246,-3088
7034,-9184,12242,840,30,-122,-3056
-4642,3234,7508,-1737,-377,-265,-3056
-3016,-7458,11020,1298,-358,195,-3088
4792,-4928,8140,-1022,52,-587,-3056
-5454,11576,2912,-208,-82,-166,-3056
1634,-10176,13726,1064,344,-43,-3072
590,8182,5566,-876,-69,-263,-3056
2068,-980,8792,-1196,-468,-24,-3072
-1248,1778,8138,-619,-70,-190,-3056
-76,-2730,8436,365,26,-196,-3072
1550,5622,7236,-436,758,-395,-3072
-518,-6420,10426,47,-288,45,-3072
5848,3934,4104,-155,453,-409,-3040
-372,-5308,9464,466,510,-174,-3040
-4052,5384,4962,-725,-1507,401,-3072
5352,6444,5670,642,1313,-559,-3104
-4728,-10802,15910,-343,-544,87,-3056
1440,9116,3924,-808,-516,-155,-3088
2846,-9848,12092,1398,1335,-621,-3056
-2416,-210,9264,-1215,-1092,116,-3056
1802,9274,3512,575,542,-289,-3088
-736,-3448,11858,175,228,-111,-3088
826,6586,5136,-1274,-577,56,-3088
28,-18,6686,390,553,-357,-3056
-570,-4090,8772,-248,-139,-112,-3056
3188,-6,6120,336,418,-342,-3056
-3440,4350,6428,-1215,-323,-209,-3056
246,-4018,8190,593,-259,-60,-3056
5410,3778,3576,-853,400,-529,-3072
-3988,-4760,11398,1016,52,197,-3056
4064,-5742,11146,254,-496,-15,-3056
-3008,9378,2918,-1119,194,-366,-3072
-4142,-11298,14918,1383,-281,210,-3040
4800,3128,4158,-1438,-268,-454,-3072
-3488,6582,4850,544,439,-271,-3072
3276,-9266,12592,595,21,-22,-3040
1492,9346,3832,-788,5,-266,-3072
-2130,1554,9812,328,62,58,-3104
2990,-5824,10132,128,550,-280,-3072
-766,3336,6624,-648,-83,-165,-3040
1162,-1680,7916,407,59,-178,-3104
-48,6386,5612,-583,600,-390,-3072
-1740,-4938,10168,131,-228,-5,-3072
960,-2132,6866,-445,364,-372,-3040
-708,504,7548,-717,-1524,321,-3072
914,12202,1738,-118,947,-548,-3072
-5366,-7946,15562,598,-419,184,-3040
3996,9728,2346,-1382,-480,-274,-3072
474,-3122,8900,1566,1347,-544,-3072
754,-8592,13214,-626,-747,104,-3072
2884,5720,4296,-135,369,-294,-3104
-1088,-2758,11558,423,219,-57,-3040
1716,656,8010,-1094,-405,-57,-3072
-822,2480,5276,51,299,-278,-3072
-1156,-2760,8588,-15,-160,-91,-3040
3806,1602,6684,246,682,-442,-3040
-3900,-1108,9264,-988,-504,-95,-3040
2684,-506,6562,435,-152,-214,-3072
3124,1684,3888,-777,313,-439,-3040
-5858,772,7476,425,-693,341,-3040
7202,-6594,10568,1026,473,-231,-3072
-5146,1148,9036,-1494,-305,-179,-3024
-2248,-4548,10068,965,-387,160,-3088
4442,-6692,9622,-663,279,-610,-3088
-4902,10200,3208,-521,-353,-121,-3056
3772,-2856,8246,1266,490,-179,-3056
-124,6068,5930,-785,-102,-221,-3056
-1704,5596,6110,-164,-215,50,-3056
3030,-5886,9744,128,620,-253,-3056
-1162,776,8300,-588,-94,-179,-3056
654,-2832,8588,435,78,-199,-3088
888,6730,6210,-698,527,-404,-3056
28,-5718,9790,142,-208,-8,-3088
4062,1382,6040,-109,473,-432,-3072
-852,-6486,10314,596,516,-139,-3056
-2802,4298,5894,-624,-1454,373,-3072
3610,9038,4498,585,1307,-539,-3072
-5480,-2656,12554,-173,-567,132,-3040
2596,9746,3380,-888,-486,-189,-3072
2054,-7416,10682,1461,1341,-637,-3072
3330,-9130,12354,1220,493,-114,-3072
-452,2594,8184,-358,64,-160,-3040
-1096,7186,4586,-951,-503,79,-3088
2246,-3820,8952,394,624,-350,-3088
-1110,-1562,8786,-437,-119,-101,-3024
1074,-1798,8032,445,151,-260,-3072
-28,6720,5512,-1126,90,-298,-3056
-172,-6002,9744,534,-235,16,-3056
4510,2872,3132,-707,507,-463,-3056
-1706,-8046,12170,1161,564,-24,-3072
-576,1118,7864,-358,-1143,162,-3056
1018,11828,2156,-565,622,-477,-3072
-3000,-8900,12368,1080,-367,214,-3040
4122,9826,1906,-1583,-417,-346,-3072
114,-2422,8328,1234,1049,-451,-3072
842,-8202,12886,-203,-475,53,-3040
722,8586,4648,-446,252,-291,-3072
-1166,-2608,11432,472,191,19,-3040
2036,-38,8478,-736,-111,-104,-3040
-564,2482,5672,-170,165,-286,-3040
-242,-2714,8550,60,-165,-87,-3072
4010,1600,6826,81,776,-492,-3072
-4192,-1148,9262,-829,-521,-97,-3072
2874,530,6026,412,6,-238,-3072
30,-5582,9148,-448,395,-390,-3040
-6062,2502,6550,5,-1095,415,-3072
7608,-7076,11044,1302,1009,-401,-3072
-5204,68,10356,-1438,-598,-83,-3072
1446,9730,4216,428,-426,73,-3056
4636,-8292,10564,99,731,-704,-3088
-5054,10580,3390,-1031,-747,23,-3088
3752,-1992,7678,1407,715,-202,-3056
-1022,-3152,11400,-527,-99,-168,-3056
-1498,5864,5502,-602,-461,87,-3056
2982,-5176,9244,279,613,-321,-3088
-1394,332,8382,-532,-126,-155,-3088
3450,-242,6480,416,175,-261,-3088
-2528,-4290,10220,-730,-436,-54,-3024
4396,1944,5848,-191,530,-413,-3072
-1220,-6938,10564,626,505,-153,-3040
-2204,3920,6192,-738,-1477,364,-3056
2606,10134,4132,225,1098,-578,-3056
-5376,-4400,13706,55,-506,118,-3072
3230,9538,3298,-1191,-426,-275,-3056
1716,-5982,10148,1436,1312,-547,-3056
-488,-5106,11642,-844,-805,92,-3088
3080,2958,5508,246,414,-311,-3072
-704,-3408,11576,322,272,-40,-3104
1296,2472,7318,-1113,-492,4,-3040
-216,2062,5748,174,409,-303,-3072
-1084,-1596,8696,-130,-135,-103,-3040
3638,1048,6336,273,517,-405,-3040
-4188,1260,8080,-807,-469,-80,-3072
1552,-1760,7130,452,54,-215,-3072
806,-3860,7636,-534,314,-394,-3072
-5530,6486,4412,60,-996,413,-3040
6512,-9038,12056,1311,759,-333,-3056
-4738,4896,6280,-1737,-611,-117,-3088
4,6930,5588,676,-429,68,-3056
3732,-12234,13160,-134,629,-685,-3056
-5036,10772,3202,-978,-692,-7,-3056
3844,-6328,10408,1436,666,-182,-3056
-874,-1078,10356,-544,-32,-198,-3088
192,7092,4546,-525,-467,90,-3088
3668,-5892,9562,210,648,-345,-3056
-1396,1852,8220,-557,-85,-146,-3088
2612,-1160,7202,370,103,-212,-3056
1902,5786,7176,-658,617,-414,-3072
-656,-6778,10536,396,-223,48,-3056
5700,4142,3916,-490,438,-461,-3056
-3292,-6208,11808,954,552,-111,-3056
-4408,5516,5064,-799,-1545,354,-3040
5532,7070,5752,191,1134,-578,-3040
-4752,-11280,16358,462,-375,151,-3072
4296,-8206,9976,-302,512,-657,-3040
-5308,11302,2706,-1207,-920,59,-3040
3954,-2472,7892,1465,787,-232,-3072
-1028,-3540,11678,-308,27,-146,-3088
946,7144,5044,-861,-471,77,-3056
3086,-5842,9718,341,692,-331,-3056
-1470,1232,8232,-583,-194,-110,-3056
3402,-526,6264,447,261,-308,-3056
800,6658,6612,-944,281,-322,-3104
76,-6100,10112,500,-233,21,-3088
5572,3208,3984,-507,568,-536,-3056
-3910,-4762,11466,902,508,-78,-3072
-2738,3884,6006,-481,-1248,294,-3072
4168,7904,4936,-144,920,-530,-3072
-4148,-10360,14894,668,-441,201,-3040
4834,3602,4218,-1417,-465,-311,-3072
1904,-7746,10854,1311,1122,-481,-3104
-1462,-2878,10442,-475,-660,61,-3072
1260,9498,3744,-270,211,-266,-3072
-1798,718,10232,530,296,-48,-3072
1124,4740,6202,-988,-304,-86,-3072
-280,1250,6064,-28,260,-275,-3072
-510,-3962,8838,28,-81,-102,-3040
2746,3702,7780,189,644,-429,-3040
-4132,3326,6852,-1046,-571,-66,-3072
834,-3014,7476,538,-92,-178,-3104
1164,-2064,6590,-848,310,-436,-3056
-6026,6146,4572,524,-557,296,-3088
5370,-8668,12150,1157,436,-247,-3088
-4018,7726,3946,-1818,-509,-190,-3088
-722,3796,6692,1037,-386,149,-3056
4086,-12270,12912,-610,294,-614,-3056
-4494,9366,3612,-614,-412,-89,-3088
3884,-8382,11872,1383,607,-140,-3056
-624,518,9560,-778,-78,-226,-3056
-424,7912,3980,-228,-276,97,-3088
3526,-6382,10194,124,616,-303,-3088
-1216,-2528,8696,-35,-131,-112,-3072
3976,1116,6464,187,705,-431,-3104
-4390,706,8428,-865,-540,-38,-3056
2018,-728,6494,423,-47,-222,-3056
230,-4052,8138,-529,394,-396,-3088
-5280,5820,4562,-13,-1015,410,-3056
7230,-8436,11988,1386,987,-375,-3056
-4816,2188,8080,-1475,-553,-65,-3056
630,7984,5204,401,-447,68,-3056
3470,-11736,13012,123,724,-700,-3056
-5284,11014,2806,-1123,-889,24,-3056
3970,-4570,9084,1408,715,-201,-3088
-992,-2498,10970,-468,-48,-184,-3056
404,7778,4278,-689,-405,73,-3024
3256,-6498,10080,360,690,-303,-3056
-1298,1644,8334,-598,-138,-116,-3088
3102,-1246,6888,470,167,-251,-3056
1094,6458,6634,-866,380,-346,-3040
68,-6618,10172,486,-195,1,-3088
5596,3556,4092,-501,527,-493,-3088
-3836,-5338,11686,874,549,-57,-3072
-3460,4344,5626,-648,-1367,311,-3104
4308,8216,5010,-134,943,-549,-3040
-4632,-10808,15050,646,-495,198,-3072
4840,4032,3476,-1388,-498,-301,-3040
2464,-8802,11400,1409,1201,-550,-3072
-1742,-2814,10292,-538,-669,64,-3072
1344,9532,3634,-254,259,-284,-3040
-1686,732,10436,551,320,-51,-3072
776,5156,5936,-1067,-361,-67,-3072
-206,1274,6086,1,238,-258,-3072
-468,-4032,8948,50,-40,-107,-3072
2636,4238,7610,112,615,-409,-3072
-3730,2654,7350,-972,-499,-97,-3040
818,-2830,7396,493,-93,-176,-3040
1000,-1616,6434,-828,295,-425,-3088
-6088,5724,4650,553,-569,307,-3056
1580,11536,2776,-45,973,-530,-3088
-3542,-9814,13104,1030,-363,217,-3056
4772,-486,5806,-1560,-349,-446,-3056
-4528,8986,3700,640,566,-340,-3104
222,-7174,12602,601,47,-43,-3072
1028,8930,4228,-808,-10,-263,-3040
-2602,3176,8688,378,67,37,-3072
3316,-6494,10112,-354,150,-191,-3072
-296,2456,5184,-493,57,-220,-3040
-394,-3098,8718,238,-37,-125,-3072
2062,5478,7562,-45,813,-451,-3056
-668,-6638,10526,-503,-406,-47,-3056
2126,-70,6120,183,179,-277,-3056
148,-5276,8862,-74,446,-327,-3056
-5068,6044,4660,-480,-1388,437,-3056
5976,6010,6046,1350,1348,-478,-3056
-4910,968,9306,-1125,-582,-17,-3056
940,9746,4682,-276,-505,-23,-3056
3366,-11572,12988,961,1223,-720,-3024
-5430,11494,2900,-1340,-1040,74,-3072
3830,-3354,8458,1159,678,-258,-3088
-950,-2806,11168,-159,97,-151,-3024
528,7010,4820,-1062,-550,85,-3056
3314,-5940,9734,385,639,-311,-3072
-1284,1016,8552,-415,-141,-120,-3088
3356,-952,6596,477,267,-277,-3072
-3322,4590,6088,-1216,-4,-283,-3072
86,-6688,10214,653,-192,-9,-3040
5404,2962,3888,-655,500,-505,-3072
-4300,-4342,11006,1043,372,60,-3072
4070,-6130,11214,-255,-1067,157,-3040
3346,9974,3998,-909,368,-422,-3040
-4188,-10370,14194,1143,-416,206,-3072
4802,2196,4442,-1480,-344,-397,-3040
-3566,6914,4834,959,856,-416,-3072
-942,-4432,11360,214,-203,-33,-3040
1184,9398,3858,-651,87,-257,-3040
-906,7518,4588,-989,-535,88,-3056
2316,-4172,9020,408,544,-326,-3056
-486,-3782,8730,-75,-94,-79,-3088
3512,694,6248,224,591,-429,-3040
-4040,2062,7572,-1096,-482,-123,-3072
1100,-2408,7306,551,-181,-144,-3072
834,-2298,6676,-877,292,-420,-3040
-4934,-1962,9354,609,-560,292,-3040
5782,-7866,11772,912,273,-198,-3040
-4326,6244,5032,-1670,-485,-186,-3072
-444,4712,6150,1164,-375,137,-3056
4930,-1792,6570,-875,167,-635,-3056
-4644,9394,3682,-262,-107,-190,-3056
3670,-7302,10954,1219,492,-131,-3088
-504,-492,9946,-785,-106,-240,-3056
-2538,3462,8048,-120,-225,121,-3088
3438,-6314,9924,65,516,-245,-3088
-1076,2154,7664,-585,-22,-178,-3056
1950,-840,7062,352,41,-177,-3024
2066,5202,7500,-501,696,-390,-3056
-804,-6046,10244,28,-247,9,-3088
5574,4086,4302,-164,467,-404,-3056
314,-5236,8924,427,555,-241,-3072
-5028,6290,4492,-875,-1616,376,-3056
5830,5936,6156,559,1299,-546,-3056
-5112,-11124,16298,-78,-512,145,-3056
936,9500,4650,-882,-524,-170,-3040
3330,-11530,13128,1568,1483,-619,-3072
-3038,1162,8448,-1221,-1150,161,-3040
2400,8118,3350,594,510,-334,-3072
-1790,-1188,11234,408,168,-38,-3040
2622,-2598,9256,-1016,-345,-56,-3072
364,-506,7260,-24,322,-299,-3072
-976,-3260,8424,-2,-127,-98,-3072
3572,2558,7326,248,684,-438,-3072
-3672,-2680,9888,-1068,-574,-85,-3072
52,-4162,8394,530,-170,-170,-3008
-712,-5940,9982,625,575,-137,-3072
3576,-4660,10824,-293,-1082,202,-3072
-2204,8904,3314,-1333,43,-321,-3072
-1586,-1042,8704,1215,-394,212,-3056
4642,3914,3968,-1226,-96,-517,-3040
-3230,5666,5486,177,229,-229,-3072
3224,-9622,12600,844,224,-71,-3072
-652,3848,7298,-840,-39,-245,-3072
-1710,326,10532,288,-53,37,-3072
2834,-5334,10046,-217,349,-230,-3072
-854,3612,6326,-527,12,-210,-3072
1088,-2194,8374,339,11,-158,-3072
2504,3994,7510,-255,724,-428,-3072
-2486,-3664,9896,-319,-340,-9,-3040
4652,1996,6070,161,346,-338,-3072
-1130,-7430,11386,-83,378,-286,-3072
-5952,4678,5194,-410,-1383,407,-3040
7616,-3016,9466,1092,1280,-507,-3072
-5610,-4676,13292,-931,-680,32,-3072
3110,9972,2420,-350,-462,-87,-3072
4186,-11058,12342,831,1136,-659,-3088
-4546,7920,4662,-1218,-1070,90,-3024
3300,2936,5430,1048,657,-291,-3056
-630,-3128,11780,-201,142,-142,-3056
-806,7448,4372,-1059,-558,86,-3056
1788,-3144,8578,392,634,-344,-3024
-1262,-1996,8666,-401,-128,-106,-3056
3646,1252,6416,420,264,-270,-3056
-686,6378,5644,-1161,-24,-266,-3056
-162,-5652,9504,573,-259,-36,-3056
4112,2148,3496,-738,442,-512,-3056
-2208,-7518,12060,1106,407,-2,-3040
192,-106,8202,-203,-1001,140,-3056
24,12158,1612,-1080,317,-416,-3056
-3064,-7234,11086,1258,-314,230,-3072
4470,8780,2486,-1529,-356,-395,-3040
-3700,4442,6636,-894,-929,135,-3072
2550,7132,3932,-343,289,-315,-3040
-2292,3932,7470,-204,-310,81,-3088
3562,-5978,9686,195,659,-328,-3104
-1536,1930,8192,-559,-102,-122,-3040
2882,-1104,7064,381,50,-234,-3056
1600,6490,7002,-706,576,-395,-3056
-288,-6442,10224,198,-227,34,-3056
5790,3670,4160,-296,521,-444,-3056
-3652,-5760,11758,694,582,-165,-3088
-3742,4354,5582,-606,-1419,343,-3056
4980,7198,5582,268,1150,-550,-3088
-4638,-10614,15338,280,-508,176,-3056
4828,4656,3532,-1236,-525,-207,-3056
2460,-8998,11540,1430,1257,-552,-3056
-1952,-1544,9642,-918,-869,101,-3088
1556,9252,3708,101,435,-304,-3056
-738,-3478,11590,340,261,-58,-3040
972,5476,5620,-1060,-381,-71,-3056
-230,296,6646,144,357,-275,-3088
-554,-3458,8702,-113,-167,-87,-3056
3488,-102,6480,326,538,-382,-3072
-3698,3162,7074,-1233,-479,-149,-3040
644,-2844,7478,568,-199,-125,-3072
1120,-1070,5956,-848,360,-461,-3072
-4494,-3692,10586,812,-285,299,-3072
4884,-7202,11562,822,25,-147,-3104
-3804,7506,3902,-1594,-347,-215,-3072
-894,2948,7130,1089,-400,177,-3040
4910,520,5442,-934,100,-630,-3072
-4070,7994,4266,-259,-105,-164,-3072
3638,-8478,11716,1214,469,-113,-3040
-592,840,9308,-404,34,-186,-3072
-498,7454,4166,-704,-445,117,-3040
1558,-2760,8358,319,600,-311,-3072
-886,2914,7304,-548,-93,-134,-3040
1692,-1462,7682,431,168,-253,-3072
-1026,-6032,10296,-628,-435,-45,-3056
5194,3798,4614,102,203,-318,-3056
438,-4856,8404,360,562,-234,-3072
-5222,6214,4486,-673,-1521,399,-3072
6586,3520,7232,1038,1417,-555,-3072
-4946,-10322,16348,-608,-595,54,-3072
476,8440,4832,-762,-550,-132,-3104
3530,-11750,12930,1334,1366,-653,-3040
-3404,2852,7268,-1297,-1119,142,-3072
2294,7878,3546,752,597,-310,-3072
-862,-2248,10892,131,227,-114,-3040
374,6914,4632,-1136,-576,59,-3104
538,-858,7470,272,497,-310,-3040
-950,-2802,8382,-297,-182,-88,-3072
3154,-1060,7028,403,360,-321,-3056
-2808,5566,5710,-1325,-239,-215,-3024
-96,-4386,8484,758,-185,-62,-3088
2208,-778,5350,-851,414,-527,-3088
-6216,4350,5530,518,-516,316,-3056
3558,-5970,11372,954,113,-148,-3072
-2704,9594,2332,-1751,-497,-180,-3056
-1586,172,7840,929,-412,150,-3088
4332,-10210,11528,-633,299,-631,-3056
-3234,6606,5020,-416,-192,-170,-3040
3438,-10260,13004,1399,660,-157,-3024
-618,3562,7802,-817,-122,-210,-3072
-880,6762,4730,-15,-203,78,-3072
2510,-4684,9108,320,660,-324,-3072
-1322,-484,8544,-566,-132,-141,-3072
1060,-2214,8300,411,148,-286,-3072
-100,7438,5400,-1084,277,-348,-3072
16,-6474,10002,564,-213,22,-3072
4792,2716,3198,-588,510,-518,-3072
-1452,-8016,11824,1130,557,-31,-3072
-858,2226,7598,-593,-1291,263,-3040
1654,11124,3250,-310,818,-529,-3072
-3332,-9598,13172,880,-420,214,-3040
3894,-11856,12766,343,844,-692,-3072
-4120,6416,5022,-1291,-1026,92,-3040
2846,4798,4672,1156,720,-264,-3040
-788,152,9642,-100,76,-83,-3040
-364,7670,4118,-1165,-584,58,-3056
1350,-2462,8194,353,537,-320,-3088
-1010,-2318,8546,-392,-142,-126,-3056
1940,-1152,7518,409,280,-289,-3072
-1212,6444,5544,-1180,14,-291,-3072
-250,-6104,9584,663,-206,-9,-3040
3550,1406,3804,-859,369,-497,-3072
-2570,-7366,12400,1213,380,71,-3072
1088,-2114,9624,-228,-1009,125,-3072
-734,12650,966,-1096,247,-401,-3072
-2552,-6410,10438,1466,-260,205,-3072
4444,8256,2022,-1621,-377,-434,-3040
-1002,1026,6692,945,809,-419,-3072
1996,-10612,13742,353,-156,-8,-3040
402,7476,5804,-829,45,-238,-3104
-1378,-1672,11410,502,134,23,-3040
2324,-2196,9414,-583,15,-124,-3040
-664,3400,5374,-330,115,-247,-3072
34,-2474,8578,208,-55,-100,-3104
3792,2418,7110,27,778,-471,-3072
-4022,-2144,9364,-831,-551,-51,-3056
3402,1818,5542,390,-1,-263,-3056
-544,-6274,10042,-373,434,-390,-3056
-6130,3800,5984,-81,-1121,424,-3088
8234,-7060,11018,1469,1124,-383,-3024
-5226,-2710,11790,-1510,-644,-87,-3056
2066,10466,3346,197,-495,61,-3088
4152,-10154,10978,362,843,-687,-3056
-5362,10570,2734,-1235,-980,52,-3056
3528,-138,6570,1446,748,-230,-3056
-340,4016,7442,-505,-16,-176,-3072
-1178,6918,4972,-795,-466,75,-3088
2838,-5346,9594,379,699,-333,-3024
-530,-3940,8692,193,-46,-93,-3056
602,6572,6200,-899,417,-348,-3056
156,-6822,10516,455,-229,45,-3088
5444,3750,3216,-551,556,-503,-3056
-4654,-3370,10714,1036,561,-17,-3056
-1724,3474,6726,-592,-1304,247,-3056
3056,9904,4018,-209,919,-535,-3056
-3682,-10772,14398,807,-371,223,-3056
4952,1464,5242,-1491,-475,-327,-3056
1458,-6202,9974,1343,1117,-463,-3088
-670,-5324,11556,-441,-625,52,-3056
958,9822,3770,-373,195,-284,-3088
-400,-4006,12118,528,291,1,-3040
1158,2914,7098,-973,-306,-74,-3088
-372,2256,5506,-71,265,-260,-3056
-456,-3882,8950,23,-75,-88,-3104
3556,1172,6116,186,579,-380,-3072
-4334,1966,7718,-1086,-551,-134,-3072
1474,-2186,7172,619,-137,-163,-3072
692,-3248,7416,-831,310,-464,-3040
-5244,-954,8724,476,-621,347,-3072
6424,-9576,12472,1216,544,-269,-3072
-4544,5508,5694,-1812,-533,-151,-3072
-334,6206,5752,980,-442,168,-3072
4714,-2986,7010,-533,347,-664,-3040
-4146,5804,6056,-1319,-1061,86,-3072
3840,-6830,10840,1367,702,-236,-3056
-672,-1088,10342,-367,48,-193,-3088
-2,7680,4206,-829,-474,130,-3088
1168,-1826,8010,379,711,-329,-3056
-1216,2256,7832,-525,-131,-128,-3056
2276,-1094,7054,436,141,-228,-3056
-1942,6364,5266,-1165,51,-272,-3040
-118,-5104,9122,619,-210,9,-3072
3166,566,4384,-890,401,-512,-3088
-6222,2736,6508,929,100,159,-3056
5404,6740,5574,666,1328,-558,-3072
-4858,-11212,16192,474,-453,190,-3040
4922,6134,2842,-1394,-581,-250,-3072
3018,-10354,12322,1559,1336,-567,-3040
-2440,-218,9176,-847,-847,112,-3072
1896,9158,3642,25,430,-301,-3040
-1656,-782,11174,426,301,-12,-3072
862,6344,5250,-1098,-423,-17,-3040
-2,84,6956,152,338,-288,-3040
-742,-3448,8550,-122,-141,-96,-3072
3048,3804,7446,261,641,-418,-3040
-3610,4174,6526,-1173,-591,-111,-3040
212,-3072,7738,559,-183,-180,-3104
1522,-926,5734,-760,348,-454,-3072
-6068,4272,5242,470,-552,342,-3040
4552,-6716,11534,1094,401,-225,-3040
-3288,7538,3976,-1589,-405,-146,-3072
-1036,2066,7744,904,-412,106,-3072
4176,-10798,12270,-840,142,-616,-3056
-3988,7982,4518,-440,-254,-138,-3056
3664,-8564,11908,1248,515,-134,-3056
-506,1378,8952,-741,-74,-241,-3056
-748,7998,4112,-142,-186,91,-3056
3012,-6196,10534,125,567,-268,-3056
-702,3334,7046,-641,-96,-170,-3088
1480,-1830,7850,429,62,-195,-3088
-592,6328,5570,-654,527,-431,-3056
-1264,-5210,10084,97,-209,2,-3056
5086,2788,5350,-139,504,-436,-3088
-1960,-7852,12168,556,553,-170,-3120
-5464,6012,4476,-715,-1506,390,-3040
6994,1946,7770,512,1243,-514,-3056
-5178,-8568,15560,31,-503,163,-3088
4248,8860,2296,-874,-464,-163,-3072
-196,-1298,8068,1414,1199,-529,-3072
1396,-8760,13214,-468,-619,89,-3104
2528,6696,4002,-320,237,-300,-3072
-144,7158,4444,-763,-458,112,-3072
874,-1056,7442,365,616,-356,-3072
-996,1380,8344,-375,-97,-132,-3072
2628,-960,7048,404,298,-310,-3056
-2056,5364,5648,-1283,-110,-251,-3056
-292,-4734,8824,637,-244,-18,-3088
2412,202,4694,-876,376,-488,-3056
-3546,-5646,11748,1071,240,138,-3024
3026,-5308,11160,144,-720,64,-3056
-2038,10084,2106,-1270,68,-404,-3088
-4690,-11660,15556,1387,-337,228,-3072
4924,4542,3184,-1497,-280,-478,-3056
-3032,5508,5048,539,465,-336,-3056
3006,-10156,13080,355,-142,-8,-3072
1806,9200,3686,-743,142,-278,-3104
-2074,332,10588,458,93,-19,-3040
2900,-4610,9812,-508,95,-179,-3072
-850,3208,6456,-298,92,-248,-3072
-722,-3260,8470,167,-104,-134,-3072
2796,4186,7548,-61,770,-451,-3040
-2174,-5098,10472,-486,-377,-34,-3072
4782,2572,5664,187,177,-283,-3072
1074,-1384,6244,-277,351,-320,-3040
-5998,4632,5120,-204,-1275,447,-3072
7684,-1130,8808,1171,1181,-457,-3072
-5266,-6188,14460,-1054,-577,-43,-3072
-654,3666,6868,-128,-478,-15,-3040
3846,-11218,12346,769,1065,-666,-3072
-4360,7038,4902,-1270,-1012,64,-3040
2834,4506,4970,1237,702,-274,-3056
-894,702,9464,-302,43,-123,-3088
-162,7496,4270,-899,-493,75,-3024
1618,-2864,8456,372,637,-340,-3088
-1046,-2304,8642,-252,-123,-79,-3088
3518,1640,6536,369,447,-347,-3088
-1112,6172,5484,-1228,-233,-246,-3072
-336,-4860,8976,545,-281,-70,-3088
-2292,-7602,12424,359,500,-206,-3056
6686,-8148,11384,315,-450,-47,-3088
-104,10988,2080,-1458,-199,-247,-3072
-2562,-7086,11010,1194,-335,121,-3088
4748,-4682,8266,-227,573,-673,-3104
-5212,10550,3500,-996,-738,13,-3024
3726,-4938,9376,1330,642,-199,-3072
-780,-1646,10658,-559,-54,-188,-3040
-2132,4592,6984,-532,-422,123,-3072
3420,-5826,9732,252,652,-327,-3072
-1228,1134,8362,-587,-69,-195,-3040
2610,-670,6848,410,91,-214,-3072
1522,5918,6874,-818,440,-377,-3040
-22,-4978,8824,590,-241,-18,-3040
5492,3858,3652,-752,416,-509,-3040
-3456,-6042,11776,1143,364,66,-3072
2738,-4660,10684,-225,-1037,141,-3072
-2194,10844,1644,-881,425,-486,-3088
-4638,-11466,16062,1247,-353,212,-3088
4960,4896,3380,-1565,-402,-414,-3056
-2704,4676,5598,1134,982,-438,-3056
3168,-10916,13280,32,-328,19,-3056
-286,4948,6922,-876,-17,-237,-3088
-2062,-226,10888,363,-70,41,-3104
3018,-4202,9532,-221,389,-277,-3056
-990,3332,6132,-500,22,-185,-3056
830,-1954,8450,260,-8,-155,-3056
3220,3120,7708,-114,860,-469,-3072
-3230,-3734,10090,-442,-437,30,-3072
4572,2560,5424,139,212,-348,-3072
-1178,-6894,10904,-81,453,-270,-3072
-6070,3912,5400,-321,-1345,438,-3072
7774,-3672,9306,991,1304,-515,-3024
-5874,-4252,12760,-743,-687,43,-3088
2988,9908,2604,-549,-514,-110,-3056
1314,-5884,10068,1157,1249,-646,-3056
3770,-9512,12138,1112,386,-120,-3040
-1056,2266,8446,-775,-133,-189,-3072
-638,7460,4424,-207,-302,69,-3040
3224,-5848,10108,139,575,-275,-3040
-1222,3372,6882,-610,-88,-137,-3072
1480,-1896,7960,429,98,-210,-3072
-312,6798,5742,-556,635,-392,-3072
-1856,-5052,10326,103,-245,38,-3072
5114,3350,5308,-209,470,-422,-3072
-1724,-7978,12034,608,543,-175,-3072
-546,1828,7416,-760,-1525,372,-3072
7468,-654,8762,592,1315,-531,-3072
-5424,-7378,15006,-40,-526,144,-3040
3842,9770,2102,-1054,-550,-194,-3040
386,-3436,8968,1511,1338,-592,-3040
-4118,6062,5510,-1008,-1006,97,-3040
2842,5330,4334,281,461,-283,-3040
-788,-2846,11694,272,255,-72,-3040
1610,302,8292,-1171,-528,32,-3024
1160,-2344,8160,288,496,-332,-3056
-1054,-2688,8562,-205,-158,-96,-3024
3618,1814,6682,310,470,-375,-3056
-4154,-540,9004,-963,-521,-96,-3056
2396,-256,6468,497,-70,-179,-3056
3422,1336,3996,-768,301,-444,-3040
-5868,1814,7076,241,-773,341,-3056
7476,-8554,11694,1341,733,-293,-3024
-4990,1192,8972,-1677,-587,-116,-3024
-2648,-5244,9936,941,-424,164,-3040
4430,-7016,9274,-523,363,-666,-3040
-5294,11244,2604,-747,-515,-69,-3072
3972,-3638,8402,1450,723,-156,-3088
-1006,-2866,11234,-642,-72,-240,-3056
-1976,5258,6250,-430,-358,96,-3056
3202,-5630,9530,208,639,-318,-3024
-1508,1250,8534,-558,-96,-138,-3024
508,-2544,8632,411,59,-236,-3040
-3544,-3474,10024,-974,-580,-63,-3056
3886,2312,5302,260,64,-294,-3056
-922,-6688,10348,-98,442,-312,-3040
-6190,4186,5558,-322,-1319,434,-3072
8022,-4702,9978,1286,1286,-471,-3040
-5492,-3562,12838,-1129,-616,3,-3040
2670,10486,3032,-228,-460,-40,-3104
4240,-10548,11804,864,1100,-671,-3072
-4692,9394,3480,-1334,-1075,94,-3072
3322,1662,5894,1155,692,-255,-3040
-718,-4360,11774,-274,14,-156,-3056
-836,7558,4276,-924,-501,90,-3056
2064,-4664,9250,390,648,-286,-3056
-1190,-994,8482,-555,-188,-110,-3056
3656,452,6354,486,266,-292,-3056
-308,6642,5576,-1141,60,-294,-3088
120,-5686,9536,533,-251,-6,-3024
4540,2464,3454,-566,545,-500,-3088
-4990,-1996,9624,1086,467,55,-3056
-594,1722,7472,-386,-1108,185,-3056
1066,11016,2562,-717,458,-455,-3056
-3390,-8540,12056,1053,-405,249,-3088
4086,9134,2412,-1473,-423,-369,-3040
604,-3192,8940,1068,924,-438,-3056
790,-8112,12818,117,-279,3,-3088
732,8216,4598,-628,96,-272,-3056
-702,-2740,11452,530,272,12,-3040
1332,74,8336,-848,-215,-88,-3040
-380,2972,5168,-164,158,-245,-3104
-166,-2994,8686,109,-42,-104,-3040
3680,1830,6768,79,664,-456,-3104
-4282,-716,8966,-849,-528,-53,-3072
2472,102,6064,451,-3,-258,-3104
148,-5978,9262,-521,373,-378,-3040
-6012,2956,6566,2,-1041,401,-3072
7742,-8984,11738,1509,1002,-390,-3072
-5016,1174,9452,-1707,-643,-91,-3072
4630,7330,2066,-1665,-498,-345,-3008
-1610,2314,6038,737,648,-345,-3072
2334,-10544,13552,659,133,-31,-3088
-10,6462,6134,-821,2,-256,-3056
-2060,5778,5938,361,24,57,-3056
2610,-3350,9644,-296,227,-240,-3024
-614,3346,5736,-459,42,-240,-3056
396,-2364,8430,221,-56,-172,-3056
3524,3128,7362,-100,824,-484,-3040
-3200,-4140,9990,-304,-354,4,-3088
3996,3108,5106,-15,249,-327,-3088
-956,-6942,10698,179,529,-260,-3056
-6252,4988,5234,-445,-1395,467,-3072
8264,-4038,9910,1303,1399,-525,-3072
-5104,-5166,14130,-1008,-580,-13,-3040
3106,10490,3036,-338,-483,-30,-3072
4042,-11390,12110,1023,1211,-676,-3040
-4852,9210,3556,-1413,-1145,81,-3072
3164,2772,5236,1072,679,-282,-3040
-770,-4094,11918,-102,110,-114,-3072
-692,7520,4348,-1087,-524,74,-3072
2150,-4074,9290,410,617,-321,-3072
-994,-1314,8688,-482,-164,-132,-3040
3850,526,6286,419,325,-300,-3072
-546,7282,5334,-1273,-125,-243,-3040
-122,-6120,9678,705,-238,-27,-3072
4248,2362,3264,-826,446,-506,-3072
-5514,-410,8798,1064,281,106,-3040
168,996,8520,-115,-816,119,-3040
1088,11118,3064,-970,365,-406,-3040
-2724,-8412,12464,1324,-288,216,-3072
4874,-3052,7604,-1527,-326,-400,-3056
-116,-1784,8104,884,781,-387,-3056
858,-8062,12754,146,-272,16,-3056
398,8204,4498,-672,67,-259,-3088
-2288,4238,7524,456,179,7,-3088
1818,-942,8750,-594,-41,-136,-3056
-896,-3144,8644,-470,-149,-104,-3056
3468,2096,6744,308,377,-340,-3072
-1890,5854,5454,-1253,-322,-192,-3072
-246,-5266,9076,701,-211,-84,-3072
2882,830,4236,-898,374,-446,-3072
-5926,2910,6506,944,-20,217,-3072
1970,-3648,10400,507,-351,-34,-3072
-1424,11730,1240,-1625,-209,-291,-3072
-2182,-4294,9472,1432,-302,235,-3072
4560,-7904,9890,-1332,-117,-563,-3040
-1894,2804,6178,176,249,-227,-3040
2468,-10628,13676,963,286,-81,-3040
330,6034,6398,-873,-74,-210,-3040
-1938,5950,5908,240,-12,29,-3104
2484,-3588,9584,-211,327,-223,-3104
-754,3868,5488,-579,-2,-214,-3040
328,-2222,8320,312,-25,-146,-3072
1002,6282,6484,-148,798,-457,-3056
-3312,-3148,9854,-332,-386,0,-3056
4006,1624,5718,123,232,-334,-3056
-974,-6358,10422,-52,429,-291,-3056
-2926,3690,5824,-513,-1443,437,-3088
8098,-4718,10156,1159,1333,-488,-3088
-5292,-3998,12962,-810,-521,3,-3056
2846,10192,3294,-376,-429,-77,-3088
2280,-7750,11126,1125,1288,-672,-3024
-5058,9726,3416,-1347,-1158,135,-3056
3452,1512,5780,941,624,-303,-3056
-1146,-3642,11654,-117,73,-120,-3056
-840,7144,4716,-1043,-541,89,-3040
2502,-4564,9278,405,619,-322,-3088
-1358,-1096,8608,-395,-129,-124,-3088
3848,198,6428,426,320,-314,-3056
-52,6666,5836,-1106,42,-280,-3072
2,-6174,10232,562,-251,1,-3072
4914,3026,3384,-692,495,-524,-3040
-4858,-2502,9684,1056,399,33,-3040
7474,-1174,8674,1146,1214,-479,-3072
-5678,-5946,14074,-181,-573,123,-3072
3518,9388,2340,-913,-543,-175,-3040
744,-3938,9052,1452,1315,-585,-3024
-4226,6420,5266,-1027,-1008,130,-3072
2958,4346,4844,345,455,-330,-3072
-690,-3074,11694,261,241,-93,-3040
1532,1122,7844,-1247,-560,44,-3040
1564,-2990,8300,254,470,-302,-3040
-978,-2378,8592,-182,-93,-76,-3040
3454,1602,6408,344,493,-349,-3008
-4070,244,8536,-1161,-374,-169,-3040
-146,-5244,9374,593,-230,-93,-3040
3674,2280,3352,-908,347,-481,-3072
-5310,-124,8108,899,-64,250,-3040
6806,-8668,11900,520,-260,-65,-3040
-168,11952,1764,-1567,-212,-256,-3040
-2876,-7042,11120,1287,-371,205,-3072
4616,-4384,7950,-1166,-51,-576,-3072
-5112,10580,2978,358,350,-284,-3088
1688,-9322,13426,799,209,-58,-3056
622,7360,5400,-815,3,-255,-3056
-2480,4258,7200,255,-62,50,-3056
3462,-5982,9614,-235,266,-210,-3056
-616,3144,5350,-498,33,-205,-3088
-30,-2632,8556,310,-35,-150,-3056
1424,6110,6790,-261,770,-424,-3088
-184,-5880,10026,-217,-283,1,-3056
3466,556,6206,94,327,-375,-3056
-368,-5634,9574,49,455,-277,-3088
-3668,4150,5512,-541,-1488,427,-3056
7666,-5870,10344,1083,1262,-503,-3072
-5502,-1508,11136,-670,-606,65,-3056
1792,10154,3812,-569,-498,-66,-3088
2590,-9198,11728,1270,1343,-690,-3024
-4956,10144,3436,-1287,-1082,126,-3040
3942,-964,6866,1000,665,-307,-3072
-1878,-370,10968,383,25,62,-3040
2680,-4702,9216,75,594,-291,-3088
-876,3238,6558,-517,-1,-166,-3088
1254,-2280,8594,393,93,-208,-3072
160,7152,5650,-768,487,-360,-3072
-20,-5610,9628,167,-209,7,-3056
4782,2110,5810,-144,495,-395,-3024
-1606,-6432,10676,382,418,-165,-3056
-1674,2318,6746,-535,-1432,365,-3056
2152,10002,3534,384,1178,-509,-3056
-5530,-4994,14104,-3,-510,102,-3088
3686,9186,3048,-957,-435,-188,-3056
1160,-4730,9774,1437,1349,-570,-3056
54,-6388,12192,-1014,-947,90,-3088
2886,4054,5270,271,448,-289,-3056
-722,-3192,11402,266,265,-75,-3088
1266,1384,7600,-1116,-503,0,-3056
1358,-2896,8396,230,409,-275,-3072
-1096,-2224,8546,-152,-141,-107,-3024
3386,1462,6624,268,500,-372,-3056
-3718,-96,8836,-1108,-403,-176,-3056
-208,-5072,9010,530,-218,-103,-3072
3584,2356,3380,-852,348,-478,-3072
-5418,-862,8322,910,-117,240,-3040
6462,-7720,11324,407,-331,-88,-3008
-54,11258,2218,-1475,-190,-252,-3072
-2478,-7010,11292,1261,-346,188,-3040
4710,-4598,8246,-1115,2,-592,-3072
-4830,9948,3296,32,133,-247,-3072
1676,-8822,12872,979,335,-116,-3040
418,7032,5338,-772,-13,-246,-3072
-2228,4744,7032,71,-137,72,-3104
3246,-5450,9516,-62,418,-220,-3072
-520,3034,5638,-519,-11,-169,-3040
8,-2360,8590,268,-26,-158,-3072
1234,6304,6434,-442,655,-431,-3040
-278,-6458,10002,-152,-287,-11,-3088
2274,-44,4878,-875,306,-485,-3040
-3640,4634,5652,-748,-1564,392,-3056
4322,9114,4598,322,1176,-533,-3072
-4436,-11688,15442,257,-495,128,-3040
2184,10696,3222,-1305,-556,-208,-3072
2346,-8726,11390,1573,1362,-601,-3072
-1724,-3112,10324,-936,-942,101,-3072
1490,9550,3484,402,501,-292,-3056
-1114,-3722,11664,283,212,-55,-3056
1192,4790,6118,-1174,-500,-16,-3056
-236,838,6556,211,420,-336,-3056
-566,-3176,8564,-217,-165,-90,-3088
3822,-94,6580,360,562,-426,-3088
-4154,2876,7168,-1304,-464,-167,-3056
814,-2414,7194,642,-250,-104,-3056
858,-2184,6526,-868,385,-458,-3056
-4966,-1986,9734,751,-296,303,-3056
5670,-7662,11936,773,62,-121,-3088
-4036,6046,5402,-1563,-276,-249,-3024
-3404,-9022,12584,1203,-386,190,-3040
4778,-1252,6528,-890,100,-593,-3056
-4624,9374,3896,-275,-151,-188,-3056
3722,-7642,11052,1162,484,-151,-3088
-1024,316,9544,-801,-132,-217,-3024
-2074,2900,8466,-9,-178,82,-3056
3392,-6104,9976,8,506,-260,-3056
-1068,2516,7672,-525,-28,-192,-3056
2170,-1400,7698,382,96,-194,-3088
1758,5976,7148,-590,586,-409,-3056
-698,-5804,10208,63,-203,-7,-3056
5556,3468,4702,-102,479,-383,-3088
-2458,-7442,12438,525,562,-185,-3056
-4898,5990,4728,-775,-1528,383,-3104
6060,4558,6836,441,1192,-529,-3040
-5094,-9832,15492,57,-561,149,-3040
4358,7408,2164,-922,-492,-196,-3056
3242,-11280,12850,1498,1412,-620,-3088
3646,-3872,8774,1342,593,-129,-3040
-740,-2338,10914,-495,-59,-194,-3040
-1972,5048,6532,-606,-459,111,-3072
3272,-5618,9684,292,640,-339,-3072
-1232,984,8478,-549,-49,-157,-3072
3028,-718,6762,398,134,-244,-3040
1222,6378,6508,-900,392,-338,-3072
-158,-6612,10140,445,-224,16,-3040
5420,3572,3494,-486,432,-462,-3040
-3960,-4906,11152,982,579,-62,-3040
-3300,4914,5698,-735,-1473,250,-3072
4192,9516,4586,-218,927,-547,-3040
-4080,-11644,16002,850,-273,216,-3040
5244,4126,4234,-1491,-400,-308,-3040
2518,-8572,11510,1501,1307,-520,-3040
-1568,-2632,10606,-533,-716,104,-3072
1454,10176,3398,-304,270,-292,-3072
-2164,126,10566,442,175,6,-3040
1266,5320,6114,-1100,-374,-51,-3056
-322,626,6552,107,370,-287,-3056
-632,-3648,8596,-65,-150,-126,-3056
3232,3752,7810,299,666,-461,-3024
-4228,3962,6660,-1217,-578,-113,-3056
734,-3154,7880,663,-162,-141,-3056
1352,-2366,6478,-818,338,-484,-3056
-6024,5220,4652,465,-615,321,-3088
5178,-7358,11616,973,304,-222,-3088
-4070,7580,4144,-1711,-461,-186,-3088
-904,3448,6742,1001,-377,188,-3056
4964,-376,6112,-770,188,-641,-3072
-4248,8798,4224,-554,-359,-121,-3088
3948,-8752,11886,1367,627,-165,-3056
-880,834,9302,-809,-166,-195,-3056
-2040,2464,9098,15,-180,70,-3072
1570,-3618,8898,332,652,-311,-3072
-1168,3406,6992,-615,-189,-97,-3072
2108,5132,7640,-492,639,-433,-3072
-130,-5514,9514,637,-248,-34,-3056
4060,2314,3524,-849,408,-504,-3056
-5200,-260,8582,962,-2,182,-3072
6612,-8834,12060,436,-366,-50,-3040
216,11618,2028,-1468,-80,-298,-3072
-2976,-8026,11580,1309,-365,223,-3072
4514,-3678,7374,-1396,-256,-497,-3056
-4904,10570,3116,445,434,-293,-3088
1336,-9172,13102,736,108,-30,-3056
518,8302,5008,-871,-64,-247,-3056
-2234,4676,7464,340,64,-2,-3088
3302,-6564,10112,-299,246,-186,-3056
-504,3424,5242,-494,23,-228,-3056
-74,-3220,8766,354,22,-153,-3056
1618,5612,7242,-595,599,-378,-3088
-376,-6270,10234,171,-220,18,-3056
5654,4024,4206,-278,453,-406,-3056
-228,-5864,9450,563,539,-199,-3040
-4316,5306,5044,-746,-1569,384,-3072
5216,6970,5474,692,1327,-572,-3072
-4780,-11450,16278,-99,-480,117,-3072
1322,10180,3710,-1099,-559,-183,-3072
3050,-10598,12458,1596,1449,-647,-3040
-2446,-460,9354,-1118,-1032,137,-3040
2034,9392,3338,381,489,-287,-3040
-854,-3562,11618,267,228,-90,-3072
774,6292,5414,-1220,-485,23,-3072
-74,350,6684,173,444,-336,-3072
-862,-3736,8546,-183,-165,-81,-3072
3558,-300,6372,337,483,-365,-3072
-3736,4428,6312,-1323,-521,-153,-3040
446,-3282,7854,726,-196,-102,-3072
1592,-1702,6224,-810,439,-489,-3072
-4572,-3170,10330,691,-252,274,-3072
4666,-7192,11652,810,14,-131,-3072
-3550,7742,3942,-1645,-291,-248,-3040
3298,9866,2820,-957,-558,-169,-3056
1600,-5958,10100,1475,1241,-553,-3040
-362,-6138,12122,-572,-698,76,-3072
972,9520,4088,-251,255,-250,-3040
-796,-3816,11734,516,246,-3,-3072
1160,3004,6974,-1083,-380,-52,-3040
-534,1928,5430,40,249,-290,-3072
-290,-3568,8670,7,-48,-98,-3072
3832,776,6414,247,638,-438,-3040
-4174,1276,8084,-1036,-540,-85,-3040
1658,-1600,6846,531,-119,-179,-3040
244,-3388,7724,-823,251,-422,-3072
-5646,-298,8622,392,-761,399,-3072
6380,-8230,11468,1132,537,-285,-3072
-4866,4704,6366,-1426,-697,-45,-3056
36,6136,5828,209,-481,-26,-3024
3612,-11816,12726,455,929,-691,-3056
-3712,4172,6702,-1127,-927,51,-3088
3746,-5852,10010,1279,701,-243,-3056
-556,-1750,10750,-285,79,-155,-3088
-44,7708,4400,-961,-546,85,-3056
816,-1368,7550,407,602,-306,-3056
-1028,1800,7828,-537,-152,-143,-3024
2420,-914,6870,454,175,-257,-3024
-2216,5424,5702,-1126,99,-303,-3056
-108,-4854,8886,567,-246,-11,-3056
5518,4018,3974,-710,497,-502,-3056
-3350,-5966,12016,1183,521,34,-3056
2758,-4946,10864,-363,-1131,184,-3056
4740,8160,5128,-537,662,-495,-3072
-4658,-11884,15832,1230,-331,218,-3056
4844,5382,2954,-1625,-436,-382,-3088
-2614,4584,5274,1146,941,-424,-3056
-2266,-1528,9782,-182,-513,59,-3072
1766,9190,3372,-488,198,-278,-3040
-2006,226,10820,486,224,-12,-3040
2958,-4440,9964,-799,-168,-62,-3072
-1288,-302,8484,-522,-119,-133,-3040
3590,68,6410,409,272,-316,-3104
-3814,3550,6678,-1365,-272,-219,-3088
516,-2410,7248,712,-171,-55,-3056
5288,2624,3690,-822,475,-518,-3056
-4770,-2664,10248,1039,165,171,-3056
5514,-8618,12504,325,-543,24,-3024
1468,12194,2314,-1372,10,-345,-3072
-3954,-9330,12574,1291,-472,205,-3056
4724,-788,5730,-1438,-266,-464,-3072
-4690,9560,3572,584,575,-341,-3072
354,-7688,12912,638,66,-22,-3072
934,8882,4540,-771,67,-268,-3008
-2308,2986,8930,-101,-225,112,-3072
3430,-6376,10092,79,556,-280,-3040
-1048,2710,7346,-631,-110,-201,-3072
1952,-1480,7578,379,41,-200,-3072
1914,5614,7334,-597,586,-436,-3040
-858,-6060,10436,157,-185,5,-3040
5652,3388,5048,-173,521,-419,-3040
-2462,-7306,12388,441,565,-198,-3088
-5086,5268,4780,-616,-1497,381,-3024
6396,3848,6896,666,1286,-541,-3088
-5214,-9254,15404,-350,-672,124,-3056
4382,7548,2328,-881,-511,-177,-3056
3280,-11074,12578,1436,1388,-616,-3024
-3142,2190,7484,-1099,-1017,108,-3056
2232,7586,3962,453,492,-305,-3056
-1186,-1516,11330,260,250,-104,-3056
348,7070,4708,-1233,-568,40,-3024
600,-546,7146,243,415,-321,-3056
-908,-3358,8678,-211,-129,-115,-3056
2766,-404,6790,350,403,-346,-3072
-2438,4702,6118,-1177,-315,-195,-3056
-158,-4446,8528,625,-234,-109,-3088
2278,262,4768,-873,354,-461,-3056
-3520,-5792,11692,1004,87,133,-3072
4388,8562,4910,854,1362,-533,-3040
-4476,-11518,15614,450,-410,162,-3056
4888,4792,3556,-1343,-483,-239,-3088
2734,-9290,11832,1572,1408,-561,-3056
-2018,-2156,10342,-771,-863,124,-3056
1870,9424,3492,-50,317,-285,-3088
-2202,624,10488,350,240,-36,-3024
896,5016,6248,-1070,-413,-4,-3056
