AcX,AcY,AcZ,GyX,GyY,GyZ,Tmp
1510,2456,9784,-1707,-859,367,-2464
-2124,3200,6544,101,-101,-289,-2464
-1860,-4662,9216,175,-395,-16,-2480
3398,1782,7654,-520,193,-440,-2464
1170,-1584,7834,477,560,-352,-2448
-4292,3850,9386,-549,-420,259,-2448
2786,-3916,9578,-79,-53,-63,-2480
2002,996,4662,191,761,-247,-2448
-2822,1878,9238,53,-5,-39,-2480
628,16196,3374,-259,558,-503,-2448
-3202,-8110,11546,-244,-132,78,-2448
3540,21746,-4674,-1767,37,-306,-2480
-2078,-20766,13504,2815,604,-205,-2480
1938,592,10180,-1516,-900,350,-2480
1752,2104,6274,-12,55,-285,-2480
-1874,-3592,8664,149,-426,4,-2512
3234,-354,8426,-215,230,-437,-2480
1328,-272,7466,318,566,-359,-2480
-4668,3912,8936,-594,-563,282,-2480
4196,-3110,6614,86,66,-118,-2480
2070,684,4896,186,781,-262,-2432
-2652,1718,9426,84,-38,-47,-2496
350,15784,3264,-506,452,-471,-2464
902,-22064,13378,58,-117,119,-2464
3330,20852,-4196,-1947,55,-284,-2432
-1932,-20106,13250,2804,489,-198,-2432
1764,3084,9204,-1471,-838,306,-2464
-2154,3644,5950,-91,1,-239,-2464
-2160,-1996,7812,163,-455,-34,-2496
3212,-1406,8754,-205,261,-441,-2464
1608,-420,7762,276,607,-344,-2464
-4676,3794,8998,-359,-368,250,-2496
2528,-4168,9522,-122,-173,28,-2464
2438,590,4908,112,785,-296,-2464
-2936,1364,9348,166,73,-31,-2464
2654,-502,11642,320,571,-493,-2448
-3444,-4392,10472,-1016,-181,98,-2496
2554,20096,-3436,-979,4,-323,-2496
-1048,-23722,14068,2695,649,-223,-2416
1308,3856,8874,-1588,-1000,373,-2480
2266,108,7418,117,122,-267,-2464
-2090,-3130,8428,-26,-532,24,-2464
3278,144,7962,-143,141,-429,-2464
1450,-1222,8246,367,597,-408,-2464
-2808,3728,9148,-236,-142,198,-2464
2564,-3464,9430,-161,-223,36,-2464
2620,-166,5286,132,801,-282,-2464
-2906,1314,9456,213,195,-11,-2464
2892,-2364,12530,670,568,-460,-2464
-3686,-1490,9812,-1689,-278,102,-2480
2084,19368,-2710,-216,11,-376,-2480
-532,-24070,13892,1221,728,-231,-2496
-4792,23944,-1132,-1191,-1138,354,-2496
2534,-1874,8402,293,239,-276,-2464
-2024,-2446,7950,-304,-519,32,-2464
3180,382,8014,20,35,-344,-2464
1826,-5998,10414,285,573,-463,-2464
-2648,4272,8748,-151,79,165,-2464
2278,-4422,10006,-120,-328,82,-2464
2938,350,5226,154,798,-316,-2464
-1742,22,8164,268,305,-20,-2464
2476,-2166,11808,840,462,-396,-2464
-3428,102,9304,-2497,-270,-58,-2432
2072,16268,-742,893,146,-392,-2480
-340,-24032,14010,888,735,-252,-2464
-5164,22768,-218,-996,-1117,346,-2464
2732,-2280,8008,257,257,-267,-2464
-2112,-2350,8758,-203,-496,40,-2432
3074,-42,7562,-119,-39,-323,-2464
1926,-3922,9038,233,486,-473,-2496
-2356,2580,9662,-37,194,124,-2496
1920,-4260,10262,-255,-367,153,-2464
3274,950,4670,142,773,-308,-2464
-1796,-1102,8244,329,361,-20,-2464
2584,-1994,11716,741,460,-352,-2464
-3544,2228,8548,-2539,-232,-74,-2464
1492,14426,70,1112,171,-382,-2480
2336,-14242,13268,218,644,-250,-2480
-5440,23716,-1132,-681,-1053,300,-2480
2912,-3722,9234,328,312,-248,-2448
-2162,-544,8082,-369,-449,16,-2480
3056,-1208,7652,1,-115,-314,-2432
1918,-4314,8786,186,590,-533,-2432
-2504,3718,9180,-123,143,171,-2496
2110,-4588,10224,-137,-330,164,-2464
3098,-208,5636,129,767,-309,-2464
-1810,-130,8092,302,332,-35,-2496
2764,-4104,12262,922,488,-380,-2464
-3460,4158,8158,-2754,-268,-71,-2464
430,-17316,12788,1958,189,-349,-2480
2632,-13712,12734,-343,620,-257,-2464
-5606,24028,-710,-248,-956,248,-2496
2888,-5970,10016,397,259,-228,-2432
-1876,1954,8986,-514,-416,-23,-2448
1460,362,6706,125,-153,-262,-2464
2102,-4596,9646,-22,542,-522,-2432
-2692,4706,8304,40,266,34,-2480
-1786,706,8548,-185,-464,190,-2480
4744,-4354,8710,216,708,-314,-2480
-1844,-114,8042,271,463,-72,-2480
2884,-3914,12132,801,269,-282,-2448
-650,20170,818,-2816,-69,-161,-2416
376,-15844,12000,2212,159,-254,-2480
2674,-12960,12668,-1602,438,-322,-2448
-5818,24464,-888,834,-635,153,-2480
3622,-10644,13482,122,98,-113,-2448
-1984,1256,8596,-431,-294,-67,-2416
1536,2030,6674,-34,-257,-174,-2480
1894,-4988,9428,-46,394,-524,-2480
-316,1042,7748,134,417,-75,-2480
-2292,1638,8372,-460,-568,277,-2448
4998,-4622,8690,364,632,-329,-2480
-1680,-922,8414,213,549,-92,-2448
-1012,768,8932,580,111,-227,-2448
-730,18646,1254,-2512,83,-201,-2464
354,-15376,11890,2143,135,-168,-2464
2750,-12214,12172,-2080,332,-359,-2480
-5564,-4968,10566,1651,-359,67,-2448
3600,-8416,12490,-277,-142,-83,-2448
-2120,-808,9200,-171,-177,-104,-2448
1636,2306,7006,-99,-321,-135,-2480
2926,390,7828,-196,306,-471,-2480
-94,1244,7128,234,476,-157,-2480
-2686,2704,8476,-657,-653,297,-2480
4976,-4692,8422,317,381,-268,-2480
240,-300,7208,134,642,-158,-2448
-1470,664,8994,369,-27,-142,-2480
-188,19120,1478,-1871,353,-378,-2480
354,-17460,12578,1783,77,14,-2480
4962,21006,-6146,-2573,109,-317,-2448
-5096,-8004,11524,2630,45,-89,-2480
3404,-8594,12614,-814,-386,74,-2512
-2222,1230,8740,-98,-127,-204,-2448
-906,-5080,10346,65,-343,-93,-2512
2740,2092,6694,-370,242,-461,-2480
-36,26,8154,432,530,-241,-2480
-2736,2844,8222,-717,-665,288,-2448
3402,-1718,6596,93,157,-145,-2464
450,-1446,7374,221,748,-196,-2432
-1848,1736,8674,31,-108,-64,-2464
-252,19676,1466,-820,511,-453,-2464
-1236,-18500,13836,688,-33,92,-2496
4842,22934,-6794,-2539,-12,-242,-2464
-4604,-10092,11884,3142,468,-242,-2464
3292,-7226,12588,-1468,-696,248,-2464
-174,5808,4654,-20,-84,-259,-2464
-1254,-5788,10026,266,-345,-62,-2496
2836,2098,7372,-424,274,-437,-2464
-112,454,7418,451,521,-323,-2464
-4310,3640,9082,-491,-491,278,-2464
3466,-1294,6918,-116,-46,-99,-2464
572,-1886,7180,290,783,-268,-2480
-1828,1336,9040,15,-8,-63,-2464
2058,6110,9236,-164,528,-531,-2496
-1620,-16612,13366,-332,-166,132,-2496
4852,22394,-6162,-1601,16,-305,-2464
-4280,-12620,12100,2640,623,-217,-2464
2994,-5396,12138,-1111,-605,172,-2432
-2490,1784,7692,-191,-119,-219,-2464
-1474,-4298,9192,207,-378,-38,-2464
3018,490,7984,-381,271,-483,-2432
396,718,7728,363,545,-323,-2464
-4054,3416,9854,-551,-513,275,-2480
3120,-2030,6894,-12,51,-121,-2464
1158,-932,6398,215,817,-256,-2464
-2220,1718,9436,66,-39,-35,-2464
-48,18128,1780,-1262,387,-403,-2480
1016,-20394,12774,1082,-10,104,-2448
4536,22464,-6248,-2522,100,-327,-2448
-3822,-15678,12966,2854,286,-141,-2480
2860,-3294,11600,-1035,-594,170,-2448
-2538,826,7268,-137,-153,-231,-2480
-1924,-3230,8078,238,-390,-72,-2480
3376,-1046,9082,-314,283,-470,-2448
834,886,7222,279,520,-290,-2448
-3980,3490,8576,-552,-576,321,-2480
3104,-3186,7974,7,82,-111,-2480
1366,-174,5634,228,806,-248,-2448
-2532,2182,9384,33,-54,-61,-2480
166,18424,1972,-545,488,-486,-2512
-2348,-11202,12072,137,-91,113,-2448
3848,23726,-6306,-2146,-9,-302,-2480
-3110,-17848,13406,2876,582,-213,-2464
2324,-1086,10684,-1647,-904,361,-2464
1052,3474,5546,74,-6,-285,-2464
-1732,-4130,8872,98,-437,-15,-2464
3366,1042,8064,-276,246,-459,-2464
520,-230,7312,353,596,-394,-2496
-4018,4038,8774,-396,-391,265,-2464
3098,-2260,7732,-116,-16,-98,-2448
1430,-1416,6226,253,805,-244,-2480
-2324,2210,9138,-24,2,-2,-2480
3032,1242,11362,138,576,-544,-2480
-2820,-11106,12552,-777,-227,121,-2480
3600,23840,-6496,-1352,-22,-336,-2448
-2556,-19910,13700,2732,695,-199,-2448
-3236,22524,36,-1708,-1012,392,-2448
1380,3216,5648,186,107,-269,-2480
-1736,-5270,9536,32,-443,-11,-2480
3306,2068,7532,-238,196,-405,-2448
2114,-5446,10624,342,583,-402,-2448
-3844,4414,8416,-350,-264,259,-2448
2972,-2858,8676,-116,-179,28,-2464
1584,-408,5364,57,743,-300,-2464
-2162,1018,7660,216,181,-11,-2464
2632,1752,11028,563,598,-510,-2464
-2808,-10318,11954,-1808,-317,60,-2464
3926,22944,-5700,88,93,-383,-2464
1640,-23902,15712,1396,702,-220,-2464
-3236,20754,494,-1208,-1149,366,-2432
1372,2788,6110,205,213,-264,-2496
-1722,-2936,7982,-208,-519,33,-2496
3194,-1088,9160,-159,237,-457,-2432
1994,-5524,10658,286,596,-410,-2448
-3484,3874,9400,-288,-259,224,-2464
2706,-4072,8660,-120,-199,34,-2464
2068,1040,5222,68,805,-294,-2464
-1890,-334,8240,262,170,-40,-2448
2234,2102,11048,332,526,-499,-2480
-2878,-9368,11550,-1469,-250,40,-2448
3672,21698,-4946,-240,54,-345,-2448
1804,-22088,15092,1582,707,-229,-2480
-3508,21944,178,-1300,-1128,364,-2448
1628,1778,6744,198,178,-287,-2480
-1946,-3310,8158,-195,-509,44,-2480
1970,2020,5732,-52,56,-396,-2480
1948,-5294,10302,278,633,-439,-2496
-3268,3240,9570,-135,-37,182,-2432
2636,-3664,9014,-181,-310,80,-2464
2054,464,5064,112,817,-333,-2496
-2124,-252,8036,278,230,-32,-2432
2654,474,11482,650,511,-453,-2496
-3216,-6666,11026,-2116,-321,2,-2432
-376,-6242,9338,947,140,-377,-2448
1936,-22500,15870,958,729,-193,-2464
-4140,24076,-938,-1154,-1163,368,-2528
2036,1082,6868,323,293,-295,-2464
-1820,892,9212,-451,-478,33,-2480
1994,1898,5710,73,-20,-326,-2480
1890,-6044,10944,202,559,-485,-2480
-3278,4296,8650,-146,133,97,-2448
-516,-948,8830,-102,-394,139,-2480
4642,-4030,8848,78,746,-317,-2480
-2002,806,7448,286,335,-18,-2448
2978,-2284,12556,954,434,-368,-2480
-1348,18544,1870,-2767,-199,-54,-2448
-176,-8912,10514,1843,165,-354,-2480
2030,-19850,14912,-767,602,-264,-2480
-4380,23370,-480,94,-876,234,-2480
3786,-11902,13040,312,206,-216,-2480
-1884,518,9090,-443,-329,-49,-2448
1822,1452,6332,33,-210,-215,-2480
1866,-5374,10244,73,407,-516,-2480
-552,2330,7930,18,281,-29,-2480
-1142,-260,8790,-303,-479,244,-2480
4854,-3950,8766,207,705,-302,-2512
-1870,-48,7878,246,510,-82,-2480
-176,-852,9056,765,265,-247,-2480
-890,18640,1756,-2635,-34,-160,-2448
-226,-10840,10782,2140,163,-205,-2448
2160,-17012,14174,-2027,343,-344,-2464
-6256,1044,8678,1462,-464,81,-2464
3666,-10028,12238,-150,-108,-79,-2496
-1968,-948,9794,-283,-191,-120,-2448
1758,2996,6376,-138,-303,-147,-2512
2720,852,7242,-76,321,-516,-2480
-470,1386,7662,179,389,-109,-2448
-1774,1216,8318,-588,-649,254,-2448
5112,-4476,8856,346,583,-276,-2480
-192,-2248,8692,234,659,-123,-2448
-650,736,8690,430,-28,-180,-2480
-884,19082,1144,-2181,174,-322,-2480
50,-14298,12024,2087,129,-73,-2512
5172,16578,-3944,-2376,235,-313,-2480
-5968,-1164,9054,2088,-204,16,-2480
3600,-9850,12368,-454,-212,-22,-2448
-2004,-484,9712,-129,-158,-133,-2480
-456,-4216,10084,-2,-313,-132,-2448
2944,1340,7076,-327,256,-464,-2480
-904,1490,7356,293,429,-188,-2480
-1300,142,9076,-557,-614,284,-2480
3932,-902,5828,33,355,-216,-2496
-108,-2732,8984,379,743,-173,-2464
-936,384,8758,8,-162,-110,-2464
-974,21146,-68,-1317,387,-412,-2464
-202,-21694,13634,1299,-13,65,-2496
5322,19644,-5704,-2714,71,-319,-2464
-5634,-3370,10126,3108,361,-162,-2464
3464,-10938,13114,-1177,-589,202,-2464
-1060,5008,4852,2,-111,-210,-2464
-518,-5804,10874,180,-355,-72,-2464
2734,2764,5850,-544,218,-468,-2464
-702,1120,8078,509,510,-312,-2464
-4546,2576,9762,-640,-606,314,-2464
3948,-108,5700,-55,175,-128,-2496
-170,-2866,8656,382,758,-210,-2464
-2382,1998,8678,-82,-42,-36,-2448
1226,10714,6780,-632,457,-481,-2464
-418,-21070,13786,396,-111,147,-2464
5368,20300,-5698,-2293,31,-302,-2496
-5786,-4428,10198,2990,397,-151,-2448
3616,-9248,12748,-774,-397,76,-2496
-2152,-160,8918,-198,-157,-149,-2464
-686,-4398,9280,228,-309,-104,-2464
2934,552,7948,-377,300,-473,-2464
-484,1622,6938,323,447,-266,-2496
-2280,1020,8802,-588,-638,313,-2464
3510,-2418,6432,158,254,-180,-2432
266,-1852,8318,248,741,-197,-2464
-1098,1214,8556,83,-87,-99,-2464
1360,9244,7524,-844,410,-471,-2448
-546,-19016,13160,885,-28,74,-2496
5072,19682,-5380,-2408,91,-299,-2464
-5394,-7768,11378,2920,355,-140,-2496
-694,12334,5154,-1304,-745,213,-2480
-532,4554,5346,-133,-111,-225,-2496
-980,-3618,8992,147,-396,-49,-2496
3022,484,8094,-295,311,-468,-2464
2092,-3148,9794,268,573,-333,-2480
-4336,3868,9388,-427,-492,279,-2448
3146,-2476,6772,-120,-95,-80,-2480
522,-892,7186,159,797,-271,-2480
-2712,244,8856,117,-14,-32,-2480
1930,7912,8110,-144,536,-516,-2448
-1076,-18188,13578,-471,-114,108,-2480
4566,22516,-6708,-1591,-17,-300,-2448
878,-26204,15180,2815,645,-241,-2448
-1330,15966,3398,-1658,-1017,368,-2480
-114,5522,4676,43,78,-297,-2480
-1262,-6004,10434,122,-420,-6,-2480
2952,-210,7008,-198,220,-430,-2480
1872,-4000,9992,341,544,-383,-2480
-4128,2998,9426,-259,-258,246,-2512
3360,-1564,7174,-172,-193,48,-2480
4166,-1258,6984,66,775,-297,-2448
-2612,680,8216,200,131,-11,-2480
2254,6274,9196,415,599,-494,-2448
-1722,-16722,13356,-1509,-270,88,-2480
20,7860,3664,-510,-14,-347,-2480
1342,-26482,15354,1939,707,-245,-2480
-1638,17508,2506,-1550,-1099,400,-2448
172,5250,4692,228,167,-272,-2448
-1750,-642,8448,-140,-465,-12,-2448
2732,1300,6486,-109,98,-375,-2480
1920,-4326,9772,309,537,-441,-2448
-3822,2996,9678,-163,-62,183,-2480
1220,-3754,9924,-112,-252,73,-2448
4166,-1800,7506,101,780,-307,-2480
-2454,848,7878,230,235,-17,-2480
2086,5248,9506,750,564,-457,-2480
-1730,-15406,13242,-1230,-225,91,-2496
4642,22836,-6288,-571,47,-369,-2464
1472,-25294,15472,1976,662,-207,-2464
-2238,18658,1938,-1481,-1108,402,-2464
478,4792,5056,138,200,-257,-2496
-1634,-4338,9258,-78,-472,7,-2464
2524,1228,6184,-108,109,-394,-2464
2034,-4134,10020,265,569,-442,-2464
-3684,3562,9244,-193,-17,170,-2496
2932,-3320,8066,-120,-151,-40,-2464
1126,-2,5608,97,769,-298,-2464
-2560,-26,8190,236,93,-4,-2480
2264,4106,9992,-1,532,-520,-2464
-1962,-12720,12356,-775,-154,96,-2464
4382,23062,-6114,-1234,28,-296,-2464
1494,-24634,15508,2125,660,-198,-2480
-2536,19012,1438,-1403,-1061,366,-2480
722,3756,5934,79,121,-277,-2448
-1804,-3164,8116,-43,-543,41,-2480
2272,1364,5632,-49,138,-392,-2448
2462,-5144,10378,248,649,-428,-2480
-3890,4234,9122,-241,-138,200,-2480
2938,-2934,7696,-74,-264,57,-2480
3908,-1762,7296,78,765,-284,-2448
-2470,1268,7484,261,229,-16,-2480
2980,2172,11188,686,634,-486,-2480
-2436,-12086,12554,-2054,-301,60,-2448
130,322,7166,265,41,-383,-2480
1338,-25002,15558,1724,683,-208,-2432
-2882,21252,596,-1439,-1130,374,-2464
992,3484,5576,281,239,-258,-2480
-1752,1466,8348,-283,-522,47,-2480
2554,430,6420,21,77,-359,-2448
2336,-5358,10578,191,600,-478,-2480
-4166,3730,8730,-192,-24,165,-2480
710,-3478,9568,-13,-254,62,-2480
3784,-2888,8094,66,759,-296,-2480
-2116,1726,7278,261,289,-4,-2448
2872,1570,11516,973,583,-429,-2512
-2056,15226,3680,-2627,-305,-32,-2448
-164,-1386,7632,1303,111,-419,-2480
1604,-25654,16056,175,649,-248,-2480
-3054,21862,294,-607,-1039,305,-2480
3768,-12624,12828,391,272,-259,-2480
-1736,1054,8722,-435,-488,39,-2480
2456,938,6246,51,-81,-335,-2480
2176,-5018,10382,107,516,-533,-2480
-1298,3126,8674,-73,183,108,-2480
108,-2730,9370,-143,-369,168,-2448
4508,-2646,8402,175,763,-329,-2448
-2226,354,7876,296,386,-54,-2448
1308,-2134,9920,819,390,-368,-2448
-2194,14272,3678,-2671,-211,-111,-2480
-212,-1032,7524,1969,177,-280,-2496
1662,-23448,15452,-1147,569,-311,-2432
-3100,20378,752,-805,-1107,334,-2496
1234,3140,6012,242,305,-250,-2464
-1762,-832,9614,-253,-457,24,-2464
2208,1452,5900,-81,-89,-294,-2464
2086,-4674,10078,196,524,-497,-2496
-1336,1736,8838,5,263,70,-2448
218,-1518,9420,-216,-359,177,-2464
4730,-2440,7986,157,773,-308,-2464
-2098,-220,7882,281,371,-27,-2496
2620,1560,11152,525,565,-445,-2464
-2848,-9326,11750,-1827,-251,43,-2464
3524,21982,-5058,177,67,-382,-2464
1764,-22892,15504,1285,695,-220,-2496
-3410,22350,106,-1252,-1124,374,-2464
1584,1858,6316,240,231,-242,-2464
-1670,1458,8626,-372,-534,15,-2480
2166,182,6484,98,69,-347,-2464
1986,-4822,10656,106,551,-457,-2464
-3402,3718,8652,-1,74,129,-2464
-318,-1282,8680,-183,-334,156,-2448
5020,-3426,8784,114,830,-326,-2464
-2056,-158,7928,311,331,-11,-2464
2722,1304,11192,767,510,-443,-2432
-1702,16242,2946,-2660,-278,-24,-2512
-636,-3178,8216,1415,117,-348,-2448
1828,-23450,15860,-168,610,-263,-2480
-3600,22848,-60,-418,-994,287,-2480
3754,-12332,12956,416,258,-247,-2480
-1692,216,8880,-408,-412,10,-2480
2256,1814,6144,5,-112,-265,-2480
1796,-5584,10492,149,505,-498,-2480
-1142,2730,8202,-17,216,32,-2480
-526,-1702,9108,-210,-423,175,-2480
4830,-3420,8682,206,739,-306,-2480
-2040,222,7850,255,468,-49,-2480
480,-1980,9442,849,306,-321,-2480
-1578,17652,2434,-2798,-106,-150,-2448
-462,-6216,9180,2075,161,-257,-2480
2002,-21472,15298,-1312,478,-317,-2448
-6442,7710,5946,563,-728,194,-2448
3874,-11788,12504,206,138,-171,-2448
-1802,-320,9760,-360,-287,-36,-2448
1936,2848,5528,-58,-224,-183,-2480
2190,350,6626,-12,393,-485,-2480
-810,2080,8022,149,365,-92,-2496
-816,-156,8768,-517,-639,287,-2464
5002,-4034,8670,305,615,-338,-2480
-600,-1626,8800,204,560,-92,-2416
246,-772,8954,634,137,-232,-2480
-1308,17212,2358,-2409,108,-227,-2448
-222,-9216,10232,2164,107,-116,-2480
4970,12386,-1602,-2084,367,-323,-2448
-6364,4460,7264,1569,-413,86,-2448
3670,-10370,12280,-225,-107,-86,-2512
-1916,-1922,10394,-195,-191,-131,-2480
1910,3236,5958,-199,-244,-175,-2496
1976,-4882,9444,58,363,-548,-2464
-702,1622,7758,71,333,-54,-2464
-1074,616,8618,-459,-557,276,-2464
4828,-3854,8804,315,686,-329,-2464
-2114,-112,7598,226,535,-82,-2464
-540,396,8410,585,77,-213,-2496
-1160,19386,1084,-2519,40,-225,-2432
164,-11768,11360,2214,173,-177,-2432
2170,-17172,14290,-2115,324,-340,-2464
-6068,1666,8444,1508,-436,55,-2496
3576,-10988,12594,-131,-48,-66,-2464
-2018,340,9460,-244,-199,-119,-2432
-370,-4064,10336,-18,-341,-96,-2480
2732,1774,6268,-179,321,-484,-2464
-904,1158,8308,220,406,-121,-2464
-924,-404,9044,-481,-659,256,-2464
4202,-876,5842,113,466,-265,-2448
-434,-3298,9462,340,599,-123,-2464
-686,-66,8480,292,-69,-190,-2496
-1028,20524,668,-1718,354,-350,-2480
100,-22760,13816,1793,83,12,-2480
5450,17880,-4454,-2782,128,-273,-2448
-5882,-592,9224,2794,90,-123,-2480
3452,-11888,13292,-863,-439,125,-2480
-1418,4624,5084,-59,-117,-216,-2448
-354,-5014,10604,86,-377,-68,-2480
2508,2456,5714,-455,249,-486,-2448
-492,814,8710,470,521,-261,-2480
-1636,770,8056,-723,-704,320,-2464
3596,-700,5506,234,367,-253,-2448
-432,-2544,8626,296,669,-150,-2480
-590,188,9030,215,-90,-151,-2480
-816,19220,1322,-1679,360,-398,-2448
70,-22396,14284,1378,29,56,-2432
5384,17608,-4598,-2686,43,-306,-2464
-6028,-1258,9308,2901,265,-140,-2464
3780,-10688,13102,-975,-538,183,-2464
-1280,4722,5468,-121,-140,-219,-2464
-400,-4404,9850,206,-324,-86,-2464
2674,1074,7310,-375,274,-465,-2496
-452,1246,7548,328,532,-274,-2464
-4898,3916,9066,-657,-591,304,-2464
3612,-2524,6394,125,70,-132,-2464
-32,-1706,8498,166,752,-275,-2464
-760,968,8648,88,-72,-57,-2496
1222,11088,6574,-821,469,-465,-2464
-72,-20276,13346,524,-66,121,-2496
5118,18394,-4864,-2263,41,-283,-2496
-5778,-3578,10254,2994,460,-238,-2464
-16,10004,6122,-1330,-711,281,-2496
-954,4662,5376,-75,-45,-252,-2464
-690,-4388,9854,207,-440,-41,-2464
3016,-818,7468,-214,238,-458,-2480
1972,-2582,9424,319,609,-337,-2432
-4874,3754,9112,-454,-507,259,-2432
3758,-2124,6472,-81,-54,-69,-2464
3322,-864,5782,173,809,-272,-2448
-2556,1274,8822,46,9,-24,-2496
1390,9610,7156,148,551,-530,-2448
-594,-19766,13544,-948,-183,114,-2480
874,12414,1308,-1129,-28,-307,-2480
522,-26424,14672,2473,702,-241,-2480
-468,13286,4818,-1626,-1037,362,-2512
-598,5580,4504,157,105,-262,-2480
-1782,-1152,8060,-7,-520,-2,-2480
3048,-162,7296,-222,202,-452,-2496
1758,-3234,9356,376,575,-388,-2480
-4142,3102,9550,-333,-311,269,-2480
3458,-1242,6626,-185,-135,-2,-2448
3698,-440,6394,175,780,-292,-2480
-2772,796,8484,127,55,-10,-2448
1818,7742,8110,329,577,-522,-2480
-1068,-18718,13902,-1219,-226,98,-2480
510,9042,3046,-715,28,-333,-2448
1114,-26356,14936,2128,727,-217,-2480
-1264,14830,3804,-1514,-1078,398,-2448
-188,5308,4812,176,174,-309,-2480
-2026,-1520,8778,-118,-532,36,-2464
2852,626,6546,-99,71,-371,-2432
2016,-3990,9782,300,566,-467,-2464
-3998,3130,9718,-166,28,171,-2496
1454,-3742,10074,-172,-296,119,-2464
3868,-1140,6862,101,776,-325,-2464
-2642,866,8018,258,240,-21,-2464
2062,6306,9154,770,565,-427,-2464
-2696,10712,5248,-2375,-286,-2,-2464
402,4888,5048,1023,139,-406,-2432
1156,-24832,15174,296,658,-256,-2464
-1984,17734,2150,-638,-1045,304,-2464
3586,-9142,10980,341,330,-276,-2496
-1954,-870,9660,-330,-440,6,-2464
2404,1568,5788,-89,112,-379,-2496
2184,-4782,10304,323,599,-462,-2464
-3744,3344,9638,-185,-41,182,-2464
918,-3000,9876,-153,-269,129,-2448
4268,-1590,7186,63,784,-344,-2480
-2540,544,7602,299,287,-35,-2480
2450,3668,10502,756,539,-421,-2480
-2352,12956,4286,-2338,-251,-16,-2448
104,1096,6728,944,125,-413,-2480
1414,-24454,15460,407,638,-272,-2480
-2616,19736,1114,-795,-1059,317,-2448
3572,-9830,11282,302,320,-265,-2480
-1808,-356,9570,-359,-453,27,-2480
2428,1496,5606,-53,-111,-287,-2480
2314,-5220,10568,222,600,-514,-2432
-3908,4228,8802,-184,95,166,-2496
748,-2314,9608,-94,-355,138,-2432
3792,-2490,7620,62,752,-321,-2432
-2282,1536,7304,293,293,-28,-2464
3042,970,11682,951,509,-408,-2464
-2164,15376,3352,-2748,-258,-5,-2464
16,-1570,7832,1620,152,-428,-2496
1436,-25040,15564,-347,585,-284,-2496
-3054,21676,420,-277,-1017,265,-2496
3646,-12726,12648,410,251,-220,-2464
-1714,1764,8386,-521,-439,9,-2432
2390,340,6430,121,-158,-282,-2464
2112,-1096,6900,22,478,-522,-2480
-1598,3386,8690,-103,170,81,-2432
568,-3072,9394,-94,-425,176,-2464
4014,-2794,8498,97,753,-320,-2464
-1180,-2190,9626,308,455,-44,-2448
1126,-3366,10316,876,361,-345,-2464
-2024,16410,2822,-2803,-80,-155,-2480
-136,-2222,7812,2253,192,-244,-2480
4434,5944,2218,-1697,423,-303,-2480
-6670,12424,4192,953,-608,137,-2480
3830,-11294,12276,109,90,-144,-2480
-1848,-392,9594,-377,-262,-62,-2448
538,-2068,9646,-10,-294,-164,-2480
2024,-426,6768,-97,347,-516,-2448
-1212,2026,8648,147,395,-77,-2448
82,-1710,9508,-460,-561,263,-2480
4544,-3246,6990,336,599,-301,-2480
-994,-2178,9520,240,548,-88,-2480
984,-1740,9440,546,84,-200,-2448
-1946,15246,3232,-2645,-161,-124,-2480
-260,-3450,8764,1875,182,-298,-2480
1674,-21914,15078,-1315,498,-312,-2464
-6596,10350,5186,260,-847,229,-2480
3814,-9520,11456,224,187,-222,-2464
-1888,-1384,10134,-278,-332,9,-2464
2252,2094,5664,-167,-196,-229,-2464
2166,-24,6848,98,395,-518,-2448
-1234,1842,8390,63,303,54,-2496
-86,-1270,9510,-169,-358,169,-2480
4560,-3074,8248,113,738,-304,-2448
-2020,-224,7712,329,350,-62,-2448
2776,360,11822,840,502,-387,-2448
-1610,16720,2790,-2616,-204,-70,-2480
-148,-6870,9770,1657,169,-355,-2480
1812,-21376,15134,-514,572,-252,-2448
-3934,23038,-406,-127,-965,217,-2480
3664,-12210,13068,348,213,-238,-2480
-1926,-3348,8416,-256,-514,47,-2448
2120,898,6132,54,77,-387,-2448
1972,-5108,10692,170,589,-457,-2480
-3346,3964,8630,-60,74,140,-2464
2788,-4140,9884,-124,-320,129,-2496
5004,-4288,9090,116,805,-293,-2464
-1928,230,7756,309,342,-35,-2496
2810,-1420,12166,920,492,-403,-2464
-3584,-4334,10452,-2697,-264,-28,-2464
-504,-8192,10040,1541,151,-355,-2496
2162,-20630,15294,-302,602,-254,-2464
-4446,24404,-834,-428,-985,279,-2464
2152,320,7074,372,235,-240,-2496
-2000,750,9054,-452,-382,-39,-2464
1916,1646,6318,48,-134,-254,-2496
1822,-5578,10370,112,500,-493,-2464
-682,2540,7962,-23,273,-2,-2480
-1140,-350,8722,-215,-435,211,-2432
4936,-4134,8990,205,720,-333,-2432
-1954,136,7800,267,416,-64,-2464
-130,-684,8814,783,259,-277,-2448
-1138,18290,2108,-2718,-81,-116,-2464
-194,-10598,10780,2082,154,-268,-2464
2350,-17874,14234,-1330,499,-353,-2464
-4864,22350,-286,340,-844,225,-2480
3786,-10200,12374,236,168,-188,-2448
-2026,-1236,9954,-294,-306,-22,-2480
1688,3070,6108,-165,-259,-176,-2480
1644,-4826,9366,75,411,-528,-2448
-422,2040,7404,116,361,-82,-2496
-1722,1342,8382,-517,-578,286,-2464
4954,-4976,9140,354,623,-315,-2464
-1838,-354,7878,164,579,-135,-2464
-742,370,8618,597,71,-216,-2496
-774,18478,1686,-2313,150,-241,-2464
108,-13472,11618,2046,123,-97,-2432
2540,-14020,13036,-2196,282,-349,-2496
-5770,-2854,9900,1783,-335,13,-2464
3642,-9612,12578,-278,-153,-73,-2464
-2290,-628,9220,-193,-175,-125,-2464
1608,2608,7070,1,-330,-101,-2496
2980,906,7632,-283,297,-497,-2496
-684,2260,7066,222,426,-143,-2464
-1584,278,9198,-554,-652,287,-2464
4060,-1498,6134,81,389,-235,-2448
20,-2390,8478,354,644,-135,-2432
-1222,1014,8546,519,48,-206,-2512
-746,20812,420,-2424,128,-246,-2448
560,-17998,13138,2255,181,-108,-2480
2800,-11448,11922,-2291,300,-342,-2480
-5446,-6172,10986,1786,-362,33,-2480
3464,-8676,12232,-232,-145,-46,-2480
-2260,-160,9192,-172,-168,-140,-2480
1506,1354,7542,-6,-330,-104,-2480
3108,1480,7428,-298,315,-522,-2480
-536,1286,7342,194,357,-120,-2464
-1890,858,8802,-470,-572,242,-2464
4644,-3670,8232,94,521,-295,-2448
52,-2598,8364,374,618,-137,-2480
-1326,930,8778,232,-123,-141,-2480
-648,20920,416,-2117,236,-301,-2464
766,-18770,13030,2085,131,-37,-2432
3006,-9286,10834,-2430,303,-331,-2448
-5122,-7920,11108,2003,-250,28,-2448
3218,-8144,12512,-356,-227,-56,-2480
-2170,1344,8504,-246,-178,-112,-2416
1258,662,7470,55,-341,-101,-2448
2912,2032,6996,-317,302,-493,-2448
-264,570,7488,322,461,-173,-2480
-2486,1564,8782,-619,-637,301,-2448
4732,-4026,8202,232,431,-273,-2480
234,-1976,7848,276,647,-143,-2480
-1472,1232,8746,246,-89,-145,-2448
-322,19778,942,-1738,298,-353,-2448
620,-18154,12600,1630,26,31,-2448
4960,21496,-6282,-2566,166,-293,-2448
-4970,-9582,11556,2639,74,-102,-2480
3422,-7068,12364,-776,-391,68,-2448
-2378,176,8398,-157,-148,-176,-2448
-1240,-3544,8782,40,-354,-81,-2480
3054,224,8024,-263,276,-487,-2480
202,948,7326,290,497,-238,-2480
-3146,2944,8040,-646,-634,296,-2432
3244,-2668,6770,137,155,-135,-2464
682,-994,7422,124,769,-226,-2464
-1800,1988,8540,69,-139,-58,-2496
-182,18440,1632,-784,437,-457,-2464
-1306,-17154,13112,557,-35,105,-2496
4768,22056,-6294,-2312,61,-275,-2464
-4610,-11062,12028,2993,444,-185,-2464
3146,-5856,12134,-1348,-703,264,-2464
-86,4632,5358,-33,-69,-264,-2464
-1356,-4448,9266,178,-420,-54,-2432
3160,812,7918,-333,261,-439,-2464
224,800,7302,325,562,-333,-2464
-4136,3430,9414,-436,-439,281,-2464
3184,-2102,7294,-122,-73,-27,-2464
770,-718,6578,193,797,-266,-2496
-2024,1722,9008,62,3,-45,-2496
2186,5900,9350,-154,516,-509,-2496
-1830,-16074,13084,-459,-152,129,-2464
4466,23534,-6846,-2689,45,-266,-2464
-3976,-14284,12910,3172,396,-206,-2464
2962,-6124,12516,-1257,-612,190,-2464
-2382,2220,7524,-49,-109,-284,-2464
-1498,-5900,9832,255,-351,-53,-2464
2988,1842,7810,-484,245,-448,-2464
386,472,7224,442,506,-288,-2464
-3782,3466,9190,-502,-443,252,-2480
3088,-2256,7760,-45,36,-98,-2496
1002,-422,6050,192,731,-255,-2464
-2318,1446,9136,46,-73,-53,-2432
2206,4398,9872,-220,552,-516,-2480
-2070,-14218,13000,-295,-140,139,-2480
4422,23812,-6636,-1777,21,-287,-2480
-3642,-14886,12768,2770,637,-236,-2480
-2372,18590,1920,-1531,-913,347,-2480
906,4832,4994,-48,25,-231,-2480
-1724,-4546,9208,163,-449,7,-2480
2986,738,8154,-284,203,-427,-2448
1976,-4598,10190,384,579,-394,-2480
-3688,3330,9450,-356,-262,230,-2480
2988,-2114,7968,-203,-159,20,-2480
1306,-726,5794,135,776,-308,-2480
-2376,560,7782,164,157,-34,-2448
2192,2826,10678,357,541,-508,-2480
-2412,-11200,12284,-1313,-232,65,-2480
4114,21836,-5144,-416,58,-361,-2480
1632,-22590,15238,1736,691,-197,-2448
-3230,21186,254,-1373,-1127,352,-2480
1428,2670,6568,141,260,-261,-2448
-2118,-3158,8084,-145,-553,44,-2480
2128,2432,5496,-45,49,-379,-2448
2054,-5638,10226,315,593,-456,-2480
-3388,3846,9682,-190,38,170,-2464
2806,-3812,8574,-153,-321,104,-2464
4592,-2904,7880,88,803,-322,-2448
-2196,504,7578,297,231,-22,-2464
2668,402,11732,542,584,-482,-2448
-2942,-7370,11342,-1772,-308,79,-2512
3214,22838,-5362,350,68,-373,-2464
1750,-22536,15300,1105,678,-230,-2496
-3682,22972,-418,-1140,-1089,353,-2464
1576,1792,6870,244,291,-229,-2464
-2080,-3082,8154,-325,-546,46,-2464
2016,1218,5788,86,13,-372,-2464
2294,-5578,10548,143,569,-456,-2464
-3370,4274,8606,-305,-276,243,-2464
2900,-3832,9144,-95,-160,14,-2464
1766,18,5124,101,786,-300,-2496
-2240,920,7304,270,188,-11,-2480
3194,-1078,12184,489,600,-513,-2496
-3300,-6192,11118,-1609,-321,102,-2464
2956,22666,-4936,-432,8,-364,-2496
1808,-22932,15696,1519,694,-248,-2480
-3950,23610,-524,-1378,-1114,395,-2480
1762,1516,6348,161,23,-259,-2480
-1932,-3808,8786,79,-387,-18,-2448
3402,1278,8098,-272,219,-442,-2480
1108,-1518,7550,352,554,-369,-2480
-3428,4700,8246,-383,-337,257,-2480
2656,-3790,9290,-111,-139,-22,-2480
1942,126,5218,166,760,-303,-2448
-2512,1782,9208,127,74,-10,-2480
2944,-44,11436,229,588,-531,-2480
-3118,-7222,11404,-1092,-241,77,-2480
3198,21100,-4424,-821,5,-347,-2480
-1830,-21900,13822,2250,719,-233,-2480
-4162,23184,-432,-1517,-1095,388,-2480
1986,1970,6376,108,179,-292,-2448
-1960,-3450,8780,-11,-495,22,-2480
3236,-312,8034,-133,75,-380,-2496
1972,-5154,9722,296,638,-469,-2496
-3226,3444,9562,-239,-107,205,-2480
2440,-3748,9062,-155,-258,69,-2480
2210,774,4800,107,788,-286,-2448
-2008,-606,8082,287,199,-2,-2480
2672,646,11328,488,547,-487,-2480
-3204,-6698,11168,-1746,-270,20,-2480
3330,21134,-4250,112,92,-359,-2512
2018,-21194,15084,1311,708,-205,-2480
-4002,22090,-62,-1153,-1129,363,-2480
2030,800,7116,194,234,-241,-2480
-2026,-2352,7700,-192,-538,46,-2448
1958,1892,5636,-14,40,-347,-2480
2018,-5402,10194,223,627,-486,-2480
-3298,3728,9276,-100,72,167,-2480
2528,-4144,9488,-140,-332,104,-2480
4844,-3792,8592,115,773,-291,-2480
-2020,160,7694,279,359,-36,-2464
2836,-1076,12202,869,466,-396,-2496
-3472,-4570,10502,-2642,-242,-44,-2464
-252,-8366,10154,1507,151,-343,-2464
1962,-20360,15084,-292,615,-223,-2464
-4446,25042,-1200,-388,-1016,262,-2464
2158,-248,7514,361,227,-224,-2464
-1934,1712,9016,-540,-453,-3,-2496
1792,1416,5916,99,-131,-253,-2464
2158,-5920,10848,67,535,-514,-2464
-3100,4434,8336,-30,220,55,-2496
-808,-142,8522,-183,-459,176,-2464
4872,-4922,9186,239,758,-315,-2496
-1934,222,7916,267,247,-32,-2464
2794,-1576,11716,819,534,-429,-2464
-3514,-2810,10268,-2591,-259,-14,-2480
-224,-10368,10694,1350,122,-392,-2448
2268,-19880,15136,32,651,-291,-2448
-4592,23444,-726,-512,-1056,298,-2512
2538,-518,7364,391,255,-264,-2448
-1970,176,9256,-369,-415,-24,-2448
1740,1948,6250,-19,-111,-271,-2480
1778,-5186,9996,303,566,-430,-2480
-2568,3510,9020,-189,-72,213,-2496
2310,-4394,10344,-147,-274,58,-2464
2822,492,4770,67,777,-346,-2464
-1932,-122,7822,319,268,-26,-2480
2686,-2350,12116,621,536,-465,-2464
-3460,-530,9616,-1976,-302,30,-2464
2160,16126,-838,476,120,-406,-2464
2382,-15786,13724,434,710,-256,-2448
442,7406,7380,-1368,-1026,329,-2512
2738,-2084,8334,41,207,-273,-2448
-2130,-2042,8596,-23,-520,22,-2448
2934,-592,7238,-122,79,-404,-2480
2000,-1960,9260,335,625,-434,-2448
-2352,2994,9934,-221,-74,211,-2480
2130,-3944,9956,-171,-298,48,-2448
3138,136,5048,66,795,-337,-2480
-2842,948,9188,300,234,-26,-2480
2344,-2620,11954,645,548,-447,-2480
-3288,3354,8168,-2019,-273,17,-2480
1484,13426,446,483,94,-384,-2480
46,-24834,14148,900,701,-214,-2448
-5654,22974,-774,-1029,-1125,349,-2480
3060,-4580,9370,311,344,-271,-2464
-2042,-856,8380,-332,-487,57,-2464
3044,-746,7310,-84,-132,-329,-2464
1842,-3928,8658,224,560,-497,-2464
-2338,2988,9448,-99,160,117,-2464
2080,-3920,9954,-175,-351,160,-2464
3138,-350,5672,119,746,-331,-2464
-1804,-560,8164,326,361,-68,-2464
2524,-4240,12234,934,430,-339,-2496
-3256,6494,7258,-2796,-228,-75,-2464
866,12802,1008,1805,188,-349,-2496
3012,-10806,11598,-706,595,-275,-2464
-5996,23116,-538,-28,-933,263,-2464
3146,-7042,10408,364,243,-237,-2496
-1908,-128,7880,-501,-416,14,-2464
1280,1048,7212,95,-167,-304,-2480
2016,-4632,8970,156,558,-532,-2448
-2330,4624,8750,-42,262,36,-2464
1834,-4468,10096,-184,-466,194,-2496
4682,-3716,7928,136,701,-331,-2464
-1928,-406,8344,315,413,-42,-2464
2718,-4910,11934,849,247,-287,-2464
-3160,7454,7220,-2785,-39,-165,-2464
960,-19474,13360,2247,178,-243,-2464
3064,-8330,10720,-1686,452,-291,-2464
-6268,22544,-218,913,-664,150,-2464
3274,-6980,10456,126,68,-145,-2464
-2266,1372,8444,-398,-258,-89,-2464
1266,772,7408,27,-276,-144,-2496
2016,-3736,8862,-93,390,-510,-2464
-2312,4162,8614,118,397,-86,-2496
-2830,2260,8502,-464,-612,300,-2464
4720,-4172,8084,197,742,-322,-2480
-1424,-1108,8760,313,388,-48,-2464
2506,-3180,11394,832,403,-347,-2432
-3268,7156,6662,-2699,-118,-139,-2448
522,-18194,12474,2046,140,-260,-2448
3054,-8104,10142,-1242,557,-306,-2480
-6080,20276,644,577,-750,229,-2480
3386,-6756,10196,153,158,-185,-2480
-2134,-4,8518,-237,-248,-61,-2448
1408,1102,8070,-148,-315,-183,-2480
1770,-2864,7704,52,379,-510,-2448
-2084,2442,9494,108,365,-15,-2480
-3160,3012,8244,-466,-555,244,-2480
5004,-4268,8212,310,641,-294,-2480
-1410,-1392,8640,208,543,-99,-2480
2288,-3308,11168,618,119,-237,-2480
-292,19280,1242,-2499,100,-213,-2448
754,-18942,12872,2150,112,-127,-2480
3272,-5526,8936,-2057,312,-321,-2448
-6154,20702,590,1516,-414,68,-2448
3280,-6544,12308,-174,-114,-80,-2480
-2270,1108,7866,-257,-201,-132,-2448
1176,202,8192,-28,-329,-136,-2448
1898,-2554,7608,-223,306,-539,-2480
-18,606,7182,262,447,-113,-2480
-3118,2236,8910,-554,-616,285,-2480
4886,-3874,7796,224,473,-275,-2480
-1560,-1136,8694,253,588,-139,-2480
-2042,1478,9050,370,-30,-162,-2480
-202,19212,1336,-1958,289,-331,-2512
972,-21522,13602,1981,121,-24,-2480
3780,-3624,7820,-2595,171,-274,-2480
-3988,-13606,12806,2459,-39,-56,-2512
2860,-5028,12010,-683,-353,54,-2512
-2496,2188,7580,-247,-182,-169,-2480
1002,-454,8342,173,-304,-92,-2448
2986,1448,7656,-410,290,-470,-2480
224,278,7726,365,462,-174,-2480
-3332,2554,8942,-645,-654,293,-2448
4614,-3540,7222,73,252,-198,-2480
1092,-1634,6466,315,731,-208,-2448
-2306,2074,9040,-24,-136,-72,-2496
-138,18618,1616,-855,440,-444,-2496
1246,-22006,13412,672,-50,88,-2432
4468,22500,-5726,-2347,97,-287,-2464
-3276,-17166,13026,2949,449,-167,-2496
2536,-2420,11276,-667,-371,42,-2464
-2474,2712,6462,-216,-145,-175,-2464
698,-1510,9490,210,-297,-78,-2496
1994,-660,6954,-351,262,-450,-2464
988,676,7512,316,429,-195,-2432
-4192,2932,8902,-602,-646,288,-2464
4486,-2502,6516,80,227,-216,-2496
1676,-204,5462,266,819,-243,-2480
-2604,1368,9564,88,-86,-78,-2496
406,16634,2958,-1813,271,-308,-2480
1112,-21962,13332,1694,77,-28,-2480
4586,8404,882,-2531,170,-345,-2448
-6388,8420,5736,2262,-114,-25,-2464
3786,-10984,11996,-591,-273,-7,-2496
-2326,3440,5806,-137,-162,-180,-2464
330,-2938,10124,73,-316,-113,-2464
2190,624,6522,-340,272,-477,-2464
-1060,1546,8302,321,461,-227,-2496
-4606,3180,9092,-688,-648,289,-2464
4238,-2676,6240,188,319,-219,-2464
-734,-2416,9488,279,748,-226,-2496
-8,-508,8836,140,-118,-75,-2464
912,15140,4162,-1327,416,-390,-2496
910,-23724,13848,1301,24,55,-2464
5004,11572,-1088,-2679,39,-313,-2464
-1360,-23484,14292,3091,400,-188,-2480
1392,4362,8652,-1129,-545,164,-2464
-2052,4044,5650,-94,-112,-229,-2496
100,-3506,10278,198,-358,-72,-2464
3342,-174,8300,-416,269,-469,-2448
1388,-976,8224,362,505,-254,-2496
-4488,2762,9368,-573,-606,300,-2464
4186,-1420,5880,-59,133,-146,-2432
2220,-358,5384,316,806,-261,-2480
-2688,2078,9360,-56,-43,-23,-2480
788,14550,4412,-322,525,-504,-2448
694,-23918,14090,-97,-180,116,-2480
2092,20060,-3242,-2030,-2,-290,-2480
-834,-24984,14248,3066,614,-251,-2448
986,6338,8210,-1676,-860,377,-2480
-1682,3782,5734,138,-1,-269,-2448
-1916,-2650,8220,152,-416,-12,-2448
3378,460,8272,-340,218,-408,-2448
1450,-1960,7898,399,550,-366,-2480
-4488,3372,9668,-448,-362,236,-2480
2522,-4816,9934,-93,-101,-34,-2480
2606,752,5304,146,784,-239,-2448
-2960,1672,9068,97,13,-3,-2480
794,14080,4734,36,568,-496,-2448
-3474,-2392,9818,-840,-194,101,-2480
2606,18930,-2450,-1577,72,-337,-2464
-982,-23010,13870,2846,537,-197,-2448
746,6494,7694,-1527,-959,377,-2464
-1756,4304,5888,8,34,-242,-2496
-2018,-2344,8424,89,-477,9,-2464
3226,-396,7912,-214,224,-434,-2496
1830,-1430,8464,284,603,-370,-2496
-4870,4208,9102,-262,-191,212,-2432
2238,-4776,10242,-132,-238,22,-2496
2674,1188,4602,96,782,-278,-2464
-2762,1100,9302,247,109,-8,-2464
1174,12808,5418,261,556,-516,-2464
-3410,-1280,9492,-1278,-213,41,-2528
2390,16766,-1422,-502,37,-331,-2464
-812,-24358,14210,1941,702,-216,-2496
688,6982,7316,-1414,-1090,373,-2496
2462,-1760,8072,164,141,-269,-2464
-2012,-1210,7758,-137,-553,4,-2496
3220,-1080,8360,-11,142,-394,-2464
1954,-4800,9552,211,606,-486,-2448
-2620,3370,9492,-118,-62,196,-2496
2034,-4182,9844,-181,-282,81,-2464
3146,380,4998,136,799,-282,-2464
-1912,-442,7958,295,295,-31,-2448
2882,-2224,12172,656,568,-455,-2432
-3670,384,9162,-2118,-297,30,-2464
1544,18014,-1924,894,142,-400,-2448
2294,-17732,14610,580,663,-219,-2480
-5226,25162,-1704,-914,-1092,319,-2448
2808,-3548,8794,416,256,-276,-2448
-1878,-2024,7922,-478,-512,13,-2512
1540,1478,6212,125,-17,-301,-2480
2018,-5908,10604,153,542,-478,-2448
-2730,4982,7978,-127,113,103,-2480
2236,-4906,10342,-112,-332,155,-2480
4956,-5450,8984,168,813,-338,-2480
-1666,44,8282,269,370,-15,-2480
2646,-2892,11826,892,409,-363,-2480
-3742,1902,8628,-2655,-269,-57,-2464
-22,-13978,11580,1703,159,-367,-2480
2576,-14978,13462,-141,673,-277,-2496
-5374,24172,-816,-469,-1000,299,-2464
2922,-3300,8572,366,226,-239,-2464
-2094,970,8858,-410,-353,-5,-2512
1474,1632,6602,16,-115,-282,-2464
1750,-4904,9720,142,490,-508,-2496
-2404,3930,8572,-19,284,11,-2480
-2250,1420,8378,-259,-533,208,-2448
5042,-4738,8802,216,699,-318,-2480
-1596,-386,8388,243,489,-77,-2480
2308,-3290,11778,761,230,-289,-2480
-730,19138,1404,-2617,-51,-148,-2480
280,-15314,11714,2097,146,-197,-2448
2732,-11206,11786,-1586,435,-348,-2480
-5496,21600,-2,1008,-598,116,-2448
3660,-7940,12250,-16,69,-139,-2448
-2236,-824,9022,-193,-182,-68,-2448
1258,2126,7644,-158,-292,-142,-2480
1662,-3092,7784,-76,296,-508,-2480
-188,1738,6898,161,346,-102,-2480
-2624,2438,8420,-565,-596,282,-2448
5066,-4358,8596,292,582,-286,-2480
-1740,-1148,8722,247,609,-102,-2448
-1702,1462,9124,422,-6,-181,-2448
-410,19620,1038,-2147,200,-314,-2480
750,-19740,13272,2052,133,-76,-2480
3390,-6808,9516,-2458,263,-298,-2448
-4724,-10604,11992,2151,-174,4,-2480
3194,-6548,12240,-466,-273,-13,-2448
-2462,912,8234,-155,-148,-142,-2480
1202,284,8550,71,-315,-103,-2448
3202,682,8138,-349,259,-488,-2480
154,1266,7008,262,446,-205,-2480
-2934,1962,8790,-611,-617,290,-2480
4832,-4024,8128,184,394,-247,-2480
756,-1548,7286,270,692,-181,-2480
-2312,1948,8684,258,-144,-158,-2464
-172,20088,952,-1804,317,-345,-2464
1030,-21234,13718,1790,99,28,-2464
3564,-4632,8652,-2743,98,-313,-2496
-4054,-13310,12766,2742,87,-134,-2496
2972,-6196,12276,-822,-407,96,-2464
-2318,1440,8272,-74,-157,-211,-2464
-1398,-5760,10046,140,-302,-49,-2480
3092,3038,7178,-496,182,-464,-2496
176,-188,7298,460,520,-257,-2464
-2908,1464,9464,-672,-610,294,-2464
3452,-1578,7160,32,184,-151,-2480
656,-1712,7022,329,712,-193,-2464
-2030,1854,8756,-1,-160,-96,-2464
-178,19416,1024,-866,460,-471,-2480
-1908,-15640,12856,736,-66,90,-2480
4712,23558,-6890,-2506,18,-260,-2480
-4122,-12888,12270,3081,465,-216,-2448
2866,-5368,12284,-1340,-678,254,-2480
242,4838,5290,-34,-128,-269,-2512
-1440,-4586,8902,207,-373,-64,-2480
3248,810,8024,-351,269,-441,-2480
478,688,7250,353,524,-338,-2480
-4070,3824,9322,-526,-474,291,-2512
2860,-3100,7644,-26,-66,-74,-2480
832,642,5732,109,748,-251,-2480
-1948,1338,9430,130,-12,-46,-2480
2004,5826,9340,-451,486,-509,-2480
-1582,-15792,13292,-28,-105,91,-2480
4696,22274,-6514,-1895,14,-280,-2480
-4204,-13236,12322,2863,556,-216,-2448
-2056,17146,2632,-1465,-835,333,-2480
348,4636,5412,-68,-38,-262,-2480
-1466,-4058,8778,164,-451,-16,-2480
3186,92,8368,-218,261,-463,-2480
2238,-3934,10064,271,590,-371,-2480
-4286,3410,9336,-314,-356,233,-2448
3078,-2936,7746,-110,-182,5,-2480
1196,-406,6242,110,803,-273,-2480
-2334,44,8304,164,98,-57,-2512
2444,4370,10346,156,548,-508,-2480
-2246,-13644,12310,-1049,-232,107,-2480
4292,23690,-6668,-956,9,-330,-2480
1306,-25526,15640,2302,665,-201,-2448
-2464,19790,1432,-1607,-1051,374,-2480
874,4128,5396,170,133,-276,-2512
-1624,-4430,9448,-102,-505,-2,-2480
2606,672,6634,-88,170,-407,-2480
1990,-4814,10418,301,597,-429,-2512
-4068,3738,8938,-232,-181,199,-2448
3238,-2514,8134,-118,-219,26,-2480
4412,-2358,7844,113,805,-268,-2480
-2202,746,8238,197,170,-25,-2448
2330,3290,10112,628,551,-480,-2480
-2652,-12802,12632,-1939,-290,37,-2480
-398,944,6588,257,53,-389,-2480
1676,-25126,15916,1310,742,-214,-2480
-2872,21146,914,-1303,-1162,383,-2480
1274,3826,5354,174,101,-259,-2464
-1804,-5114,9604,10,-493,18,-2432
3150,1516,7624,-197,174,-419,-2496
1866,-5130,10296,368,558,-385,-2464
-3394,3264,9454,-242,-114,174,-2464
2876,-2660,8614,-186,-243,65,-2432
1606,124,5334,116,771,-308,-2432
-2180,30,8018,223,195,-11,-2464
2402,2436,10772,517,554,-468,-2464
-2812,-10560,12160,-1731,-264,27,-2464
3928,22052,-5030,113,92,-373,-2464
1900,-22812,15438,1265,739,-235,-2432
-3410,21280,276,-1199,-1131,357,-2496
1454,2986,6534,177,207,-279,-2464
-1762,-1368,10216,-226,-450,51,-2480
2082,2896,5254,-101,-17,-365,-2464
1954,-5606,10340,336,595,-460,-2464
-3060,3150,9708,-137,34,163,-2480
2702,-3834,9108,-173,-301,68,-2448
4768,-3840,8622,110,775,-318,-2448
-2190,154,7706,291,275,-15,-2448
2366,496,11692,757,542,-440,-2480
-2924,-6150,10948,-2300,-323,4,-2480
-120,-6440,9500,921,147,-363,-2448
2056,-21006,14952,384,686,-260,-2480
-4066,22508,-186,-745,-1084,306,-2480
2022,862,7060,351,274,-252,-2464
-1942,-700,9924,-340,-382,20,-2464
1956,2680,5536,-65,-180,-283,-2464
2158,-5514,10182,197,504,-547,-2464
-3248,3806,9402,-80,241,93,-2464
-324,-994,9340,-203,-439,163,-2464
4436,-3526,8490,155,720,-347,-2496
-2164,470,7196,294,403,-62,-2464
3146,-2442,12682,895,323,-338,-2432
-1272,19488,1206,-2840,-77,-136,-2464
168,-10822,11322,2180,226,-305,-2496
1942,-19422,15182,-1374,502,-297,-2432
-4768,24738,-1464,546,-787,175,-2464
3642,-12052,12668,241,171,-193,-2464
-1952,858,9282,-412,-278,-34,-2464
1786,1604,6098,25,-270,-194,-2464
2122,-6048,10532,-26,422,-539,-2464
-966,1286,8538,49,315,-23,-2464
-722,-420,8686,-336,-534,235,-2464
4414,-3860,8574,171,637,-316,-2464
-1956,1318,7194,290,383,-47,-2480
3264,-4030,12784,967,373,-333,-2480
-1184,19784,1022,-2815,-155,-93,-2480
226,-13162,11698,2102,201,-326,-2480
2172,-17634,14284,-1182,532,-293,-2480
-5022,23572,-606,464,-768,207,-2480
3702,-11382,12970,245,182,-197,-2480
-1954,1014,9058,-424,-309,-24,-2480
1640,764,6554,77,-248,-201,-2416
2040,-5012,9894,173,542,-481,-2464
-2754,4350,8518,-97,82,135,-2464
2286,-4942,10394,-108,-281,123,-2464
4938,-4544,9056,136,785,-330,-2448
-1702,-236,8102,328,363,-15,-2480
2720,-1442,11580,787,441,-389,-2480
-3616,-642,9326,-2618,-264,-68,-2480
-180,-11478,10520,1520,173,-363,-2480
2248,-16380,14064,-384,669,-273,-2480
-5250,24184,-910,-336,-1023,307,-2480
2696,-1488,7866,266,249,-244,-2448
-1936,-146,9106,-323,-360,7,-2448
1676,2168,6504,-112,-198,-255,-2480
1892,-4588,9296,168,482,-525,-2480
-2604,2914,9426,37,320,27,-2448
-1900,1298,8284,-303,-474,227,-2480
5010,-4282,8874,257,714,-325,-2480
-1770,-894,8042,294,442,-62,-2448
2854,-2354,11836,778,300,-318,-2448
-802,18556,1512,-2686,-71,-158,-2480
178,-14174,11816,2108,178,-283,-2480
2434,-15318,13504,-1310,488,-306,-2480
-5356,23512,-756,662,-727,185,-2448
3582,-10196,12726,129,137,-152,-2448
-1892,-412,9342,-303,-274,-71,-2480
1698,1956,6556,-110,-290,-166,-2448
1796,-4246,9022,-40,356,-503,-2480
-510,804,7822,162,364,-42,-2480
-1862,1272,8818,-528,-601,235,-2496
4762,-4428,8462,255,573,-283,-2464
-1636,-594,8264,259,559,-107,-2464
-882,122,8878,521,54,-237,-2464
-592,20194,966,-2350,247,-274,-2464
234,-16008,12442,2245,161,-104,-2464
2502,-14516,13148,-2415,263,-312,-2464
-5664,-3064,9916,1969,-248,-25,-2464
3444,-10986,13246,-290,-215,-20,-2464
-1932,1662,8952,-333,-175,-137,-2496
1378,780,6586,69,-373,-149,-2496
2510,2324,6136,-211,315,-524,-2448
-196,376,8578,257,452,-128,-2480
-2200,2054,8084,-612,-656,259,-2448
4922,-4966,8768,304,465,-293,-2448
-106,-1676,7884,176,628,-154,-2480
-1098,804,8934,415,-15,-159,-2448
-516,19588,1470,-2033,288,-350,-2448
88,-15428,11848,2142,133,-193,-2480
2824,-12244,12152,-1621,426,-309,-2480
-5628,23044,-378,906,-604,138,-2448
3632,-9556,13038,69,44,-167,-2480
-2286,320,8632,-336,-238,-47,-2480
1348,1736,7232,-16,-286,-153,-2496
1636,-4252,8898,-135,303,-518,-2432
-48,1370,7506,159,405,-129,-2464
-2722,2080,8502,-555,-633,259,-2464
4982,-4660,8444,234,704,-337,-2496
-1604,-738,8564,240,477,-74,-2464
2156,-3114,11256,787,265,-270,-2464
-3138,6704,6990,-2607,-82,-185,-2464
578,-18028,12668,2120,171,-208,-2464
3250,-8052,10016,-1590,443,-312,-2496
-5934,20338,594,910,-608,185,-2464
3362,-6464,10024,26,81,-180,-2464
-2352,444,8394,-242,-201,-52,-2464
1060,1250,8110,-148,-292,-180,-2480
1788,-2798,7770,61,366,-498,-2480
-1872,2430,9312,164,332,-71,-2464
-3052,2760,8288,-510,-603,290,-2464
4954,-4728,8570,299,580,-303,-2464
-1630,-1070,8550,210,594,-86,-2464
1892,-3520,10876,524,9,-208,-2464
-232,19156,1318,-2243,186,-281,-2464
950,-20552,13316,2115,155,-109,-2496
3590,-4336,8146,-1935,361,-326,-2432
-6356,20078,702,1281,-545,105,-2464
3430,-8886,10912,9,-38,-111,-2496
-2594,812,7900,-285,-172,-97,-2496
1078,394,8370,-68,-290,-153,-2464
2120,-2588,7620,-147,344,-515,-2496
274,806,7174,220,420,-124,-2448
-3194,2048,9178,-521,-620,285,-2496
4628,-3258,7284,223,554,-298,-2496
-1524,-1416,9160,291,616,-118,-2464
-2084,2134,9018,208,-85,-168,-2480
-210,20276,1004,-1901,316,-365,-2480
1044,-23526,14316,1975,99,-29,-2512
3794,-2196,7026,-2689,121,-304,-2480
-4034,-13948,12690,2485,2,-75,-2480
2628,-3650,11370,-655,-392,74,-2448
-2512,1544,7934,-147,-145,-187,-2480
1026,-1214,9110,181,-322,-82,-2448
3298,1422,8056,-453,279,-505,-2480
284,340,7236,377,450,-205,-2480
-3344,1668,9154,-596,-626,312,-2448
4700,-2626,7208,38,331,-193,-2448
1044,-1614,6766,364,681,-184,-2448
-2010,1836,8978,44,-100,-107,-2480
-142,19182,1516,-1228,420,-414,-2480
956,-21128,12868,1127,-26,109,-2448
4426,22756,-6472,-2552,92,-323,-2480
-3640,-16486,13038,2977,301,-145,-2480
2748,-3282,11466,-1071,-586,205,-2480
-2472,1660,7506,-93,-127,-239,-2480
-1636,-4172,8792,168,-406,-91,-2480
3278,360,8238,-386,254,-456,-2480
744,472,7330,343,552,-315,-2480
-3948,3412,8332,-554,-531,297,-2464
2768,-3172,7736,18,-56,-89,-2496
1330,-78,5832,149,776,-266,-2432
-2322,1890,9238,106,-17,-56,-2496
182,17294,2242,-400,492,-508,-2464
-2216,-12478,12298,-92,-108,110,-2432
4264,22582,-6046,-2140,48,-304,-2448
-3506,-16624,12928,2972,474,-206,-2480
2760,-2442,11260,-1389,-737,276,-2448
942,3414,6122,-33,-92,-249,-2480
-1834,-3028,8062,187,-460,-6,-2448
3430,-688,8972,-222,285,-465,-2448
804,920,7036,278,584,-325,-2480
-3892,3918,9258,-409,-449,260,-2480
2884,-3360,8098,-111,-74,-23,-2480
1598,496,5476,130,814,-251,-2480
-2610,1966,9328,109,45,-48,-2480
2654,2692,11098,139,560,-495,-2496
-2796,-12014,12354,-952,-205,89,-2432
3816,23626,-6526,-1154,-16,-331,-2464
-2882,-18076,13430,2478,671,-224,-2496
-2734,21350,646,-1692,-1057,377,-2464
992,3304,5680,207,67,-280,-2464
-1746,-5086,9610,-27,-522,2,-2464
3190,2064,7322,-120,180,-420,-2464
2048,-4732,10144,281,578,-422,-2464
-3694,3356,9180,-196,-127,229,-2464
2906,-2898,8578,-188,-203,27,-2496
1348,380,5242,116,773,-266,-2432
-2250,62,8096,210,180,-11,-2496
2498,3446,10114,460,545,-472,-2464
-2768,-11902,12502,-1671,-263,31,-2464
-558,378,6892,280,56,-369,-2480
1786,-24884,15986,1641,730,-218,-2464
-3202,21978,448,-1503,-1171,385,-2496
1368,4428,5086,241,189,-268,-2464
-1642,304,8628,-272,-488,34,-2448
2384,1922,6110,-119,97,-371,-2464
1802,-5150,10580,288,541,-455,-2464
-3420,3134,9188,-101,118,131,-2480
-24,-2004,8914,-132,-328,133,-2480
1732,384,5004,115,783,-309,-2448
-2144,-122,8052,243,141,-15,-2480
2362,2084,10904,202,532,-479,-2464
-2850,-9884,11960,-735,-176,105,-2480
3940,22038,-5060,-1196,36,-326,-2480
-2604,-18266,13184,2593,619,-233,-2464
-3272,20166,926,-1389,-994,338,-2448
1572,2546,6434,-84,54,-289,-2496
-2012,-2744,8058,122,-485,31,-2464
3024,-1004,8866,-291,278,-484,-2496
1422,314,7870,281,535,-336,-2464
-4580,3782,8400,-493,-562,291,-2432
2644,-3548,8606,-46,-70,-48,-2480
2104,194,5164,170,832,-262,-2464
-2814,1618,9758,102,-4,-34,-2480
530,15538,3472,-191,499,-504,-2448
-3010,-6900,11092,-385,-122,85,-2480
3078,20452,-4012,-1596,8,-320,-2480
-1784,-22124,13960,3027,340,-160,-2480
1696,2632,9506,-1179,-603,194,-2480
-2134,3400,5868,-55,-135,-235,-2448
112,-2568,10016,169,-368,-49,-2480
3236,-272,8604,-412,249,-428,-2480
1320,-462,7724,371,544,-307,-2480
-4308,2828,9576,-567,-548,301,-2448
4208,-2016,6142,-49,87,-143,-2480
2092,-242,5512,327,820,-232,-2512
-2946,1920,9370,-21,-98,-41,-2448
784,15320,3948,-447,486,-487,-2512
872,-24066,14092,-380,-218,149,-2496
2502,21756,-4186,-1836,-22,-305,-2464
-1166,-23470,14102,2922,634,-238,-2464
1166,5648,8384,-1662,-909,359,-2496
-2078,4336,5396,62,0,-265,-2432
-2136,-2306,7858,125,-502,-30,-2464
2382,1540,6178,-480,246,-468,-2496
1360,-1314,8214,432,502,-298,-2464
-4518,2642,9534,-612,-592,314,-2464
4120,-772,5678,-43,132,-125,-2496
-680,-3212,9684,375,759,-216,-2464
-2508,2272,9076,-63,-90,-80,-2480
744,14414,4782,-840,418,-443,-2480
644,-23456,13706,674,-97,100,-2480
5310,14256,-2718,-2427,63,-311,-2448
-868,-24034,13926,3085,438,-190,-2448
930,6134,7974,-1300,-654,276,-2480
-1686,3704,5874,31,-63,-291,-2448
-218,-3878,9956,197,-403,-66,-2448
3196,-176,8098,-380,217,-443,-2480
1532,-2064,8184,420,545,-327,-2480
-4554,3218,9604,-514,-465,264,-2448
3840,-1756,5942,-40,-34,-91,-2480
2670,508,4976,198,776,-268,-2480
-2736,1174,9526,64,4,-29,-2448
720,13656,4956,-340,450,-522,-2480
640,-21664,13598,-562,-163,98,-2496
2438,16938,-1558,-1372,76,-349,-2496
-748,-23802,13956,2539,648,-187,-2464
786,6548,7700,-1433,-945,342,-2464
-1692,4370,5410,-48,88,-241,-2496
-2152,-1758,8182,48,-514,-13,-2432
3258,-1326,8056,-117,211,-445,-2432
1760,-1290,8786,279,618,-398,-2432
-4846,3836,8890,-289,-259,235,-2464
2214,-4188,9710,-119,-251,11,-2464
2908,732,4756,91,800,-312,-2496
-2734,1072,9446,256,182,-10,-2464
1132,12080,5868,428,600,-502,-2464
-3500,282,9330,-1528,-280,80,-2464
1746,16690,-1488,-337,15,-350,-2496
-392,-24762,14162,1767,704,-182,-2464
-5196,23822,-636,-1254,-1158,366,-2448
2768,-2940,8532,204,190,-274,-2464
-1976,-1626,8302,47,-479,1,-2480
3166,-390,7822,-204,222,-443,-2480
1788,-2112,8672,323,609,-347,-2448
-4644,3552,9554,-346,-301,260,-2448
2396,-3848,9996,-164,-159,6,-2480
2798,-576,5660,226,789,-267,-2496
-2592,1736,8770,12,64,-11,-2464
1328,11682,5974,195,581,-508,-2464
-124,-22190,14088,-1029,-232,113,-2464
5078,19224,-5328,-2448,-30,-282,-2496
296,-26522,14436,3199,587,-236,-2448
-72,10856,6124,-1547,-739,266,-2432
-902,5246,4644,109,-52,-262,-2496
-558,-6090,11106,250,-333,-61,-2464
3346,46,7932,-433,254,-430,-2480
1668,-3150,8672,538,532,-342,-2464
-4434,2860,9964,-519,-447,270,-2432
3584,-572,5922,-146,-108,-12,-2480
3360,174,5720,128,766,-280,-2480
-2608,1140,8668,92,46,-23,-2448
1344,10392,6948,69,556,-504,-2480
-424,-20266,13754,-819,-199,108,-2448
1194,13080,984,-1193,24,-334,-2448
554,-24962,14258,2371,624,-210,-2480
-540,12146,4982,-1512,-1034,356,-2480
-710,5638,4896,22,99,-290,-2480
-1890,-2228,8974,24,-476,11,-2480
2890,694,6644,-180,173,-382,-2480
1954,-3242,9418,391,586,-408,-2448
-4314,3482,9456,-283,-154,207,-2480
1828,-3806,10118,-143,-263,69,-2448
3606,-666,5778,94,786,-306,-2448
-2706,962,8588,247,165,-26,-2480
1556,7524,8180,586,548,-440,-2480
-3210,7868,6428,-1820,-273,42,-2480
860,7404,3674,275,107,-376,-2448
916,-24542,14702,1069,702,-242,-2448
-1322,14854,3798,-1079,-1108,353,-2480
3398,-7394,10478,181,286,-264,-2448
-2076,-1124,9242,-271,-510,52,-2496
2774,582,5892,-18,-112,-320,-2496
2350,-3926,10232,263,603,-471,-2480
-2010,3036,9370,-185,44,173,-2448
1568,-3108,9822,-127,-321,75,-2496
3634,-1548,6630,53,763,-305,-2464
-2562,1330,7976,246,240,-36,-2464
2380,4660,10030,911,547,-432,-2464
-2646,11650,5208,-2505,-276,7,-2432
308,4424,5102,1099,125,-402,-2464
1264,-25930,15312,258,642,-237,-2464
-6380,18072,1406,-357,-1004,285,-2480
3564,-11060,11914,374,299,-257,-2464
-1776,-22,8844,-416,-484,47,-2464
2714,766,6208,56,-90,-303,-2496
1942,-2386,7702,121,507,-508,-2480
-1942,3796,8446,-103,169,99,-2448
1402,-3672,9888,-122,-382,172,-2480
3682,-1876,7434,104,773,-315,-2448
-1496,-1384,9310,307,386,-6,-2480
1434,-4050,10674,913,322,-331,-2448
-2514,13834,4106,-2868,-156,-129,-2448
144,2792,6046,2125,189,-265,-2480
4136,216,5612,-1273,503,-296,-2480
-6438,16720,2326,501,-770,199,-2480
3566,-10106,11678,201,142,-175,-2480
-1814,490,8830,-413,-297,-29,-2480
802,-924,9054,-4,-251,-209,-2512
1976,-1232,7088,-34,422,-528,-2448
-1532,3064,8824,83,389,-8,-2480
708,-3480,9994,-369,-565,221,-2480
4592,-3290,7300,282,650,-312,-2448
-1592,-1766,9224,279,491,-73,-2480
1740,-3178,10514,700,155,-235,-2448
-2290,12788,4754,-2587,65,-247,-2448
1106,-21398,13336,2164,114,-170,-2480
3998,1170,5126,-1914,376,-332,-2480
-6654,15128,2868,1332,-503,99,-2480
3716,-9078,11054,-83,-88,-91,-2448
-2344,1542,7064,-227,-165,-83,-2480
912,-524,9356,-139,-304,-131,-2480
2016,-600,6876,-132,321,-492,-2448
-1722,1874,8966,188,433,-129,-2480
-4262,3512,8470,-625,-664,293,-2448
4638,-3398,7070,349,535,-270,-2480
-998,-2280,9668,213,636,-106,-2480
1244,-1960,9716,371,-29,-152,-2448
372,17686,2364,-2106,210,-319,-2480
952,-22294,13296,1988,115,-29,-2448
4132,2832,3966,-2453,262,-321,-2480
-6516,14130,3476,2254,-147,-22,-2480
2496,-1340,10808,-534,-295,6,-2480
-2360,1788,7088,-87,-158,-184,-2480
824,-1472,9524,0,-345,-94,-2480
1908,-382,6630,-331,263,-475,-2448
780,218,7326,343,469,-246,-2496
-4164,2746,8920,-615,-637,291,-2464
4830,-2636,6784,108,293,-190,-2464
-1258,-1998,9316,259,739,-179,-2496
-2404,2318,9068,51,-153,-123,-2464
272,17494,2342,-1176,445,-433,-2464
1176,-23416,13834,1164,6,87,-2464
4462,5044,2978,-2696,58,-278,-2464
-2470,-20700,14076,3211,376,-178,-2464
2172,-376,10628,-1288,-618,220,-2464
-2172,2022,7024,89,-125,-259,-2464
682,-1804,9412,126,-339,-60,-2464
3302,1926,7840,-491,225,-442,-2496
818,-1392,7454,535,528,-297,-2496
-3980,3738,9238,-630,-512,284,-2464
2858,-3318,8992,-101,-43,-64,-2480
1762,532,4980,232,761,-242,-2496
-2770,1450,9420,53,-82,-56,-2464
312,17036,2796,-649,460,-476,-2496
-3144,-9574,11866,21,-140,132,-2448
3526,23478,-5544,-2339,8,-265,-2496
-2304,-18930,13314,3008,581,-257,-2480
2070,-454,10680,-1601,-879,325,-2480
1564,3206,5690,1,5,-264,-2448
-1716,-4952,9306,229,-366,-30,-2464
2938,782,8054,-418,229,-454,-2464
1222,-306,7434,435,540,-346,-2496
-4282,4292,9060,-437,-296,237,-2496
2724,-3716,9336,-141,-184,-8,-2464
2014,1612,4474,93,754,-273,-2464
-3078,1006,9486,193,17,-25,-2496
2182,1700,10972,32,467,-478,-2480
-2990,-8536,11490,-484,-133,83,-2496
3764,20288,-3800,-1346,45,-296,-2464
-2120,-20058,13472,2494,639,-226,-2496
-3766,22014,50,-1412,-1014,360,-2480
1820,1766,6858,13,140,-257,-2512
-2076,-2684,7896,-6,-504,30,-2448
3122,-1500,8934,-108,137,-407,-2480
2030,-5240,9952,300,644,-433,-2480
-3236,3396,9716,-247,-140,211,-2448
2614,-3598,9002,-149,-264,48,-2512
2118,-220,5078,68,793,-313,-2448
-2268,396,7370,267,218,-20,-2448
2710,-1248,12460,658,593,-470,-2480
-3100,-4228,10684,-1996,-304,21,-2480
2726,20364,-3724,380,72,-380,-2480
2094,-20092,14858,1045,661,-232,-2480
-4472,23034,-590,-1064,-1112,342,-2448
2276,-472,7710,268,295,-254,-2480
-2130,-2252,8070,-269,-520,51,-2480
1920,1854,5822,15,20,-349,-2448
2098,-5386,10266,215,612,-500,-2480
-3156,4268,8938,-192,3,193,-2512
2636,-3690,9364,-90,-320,81,-2512
4482,-3956,8660,85,770,-324,-2448
-2114,1114,7290,283,311,-3,-2512
3086,-3068,12622,958,546,-401,-2480
-3442,-1824,10282,-2828,-242,-52,-2464
252,-11390,11290,1770,165,-360,-2496
2006,-18530,14768,314,681,-250,-2496
-5012,24646,-926,-757,-1080,328,-2496
2394,-1752,8106,364,322,-260,-2464
-2012,-2254,8120,-463,-488,10,-2464
1872,1352,6152,92,11,-325,-2480
2140,-6030,10526,202,571,-507,-2448
-2982,4944,8460,-187,49,145,-2480
2410,-4324,9678,-45,-354,124,-2480
4434,-3628,8454,67,757,-300,-2480
-1840,652,7552,303,354,-49,-2480
3164,-2832,12524,889,539,-370,-2448
-3612,-1062,9752,-2661,-256,-54,-2448
94,-11810,11112,1530,140,-363,-2448
2050,-17292,14264,-326,649,-264,-2448
-5120,23796,-944,-314,-1039,293,-2480
2634,-1610,8224,287,265,-222,-2480
-1820,-62,9368,-402,-422,14,-2480
1674,2524,6210,-74,-194,-238,-2512
1890,-5068,9632,135,477,-517,-2480
-2616,3710,9052,-6,291,38,-2480
-1712,1712,8132,-385,-511,231,-2464
4948,-4822,8902,352,715,-304,-2496
-1528,-914,8352,238,485,-79,-2464
2450,-938,11406,752,278,-279,-2464
-792,18066,1792,-2630,-35,-174,-2496
-244,-11650,10846,2066,151,-245,-2464
2240,-16782,13858,-1460,461,-347,-2464
-4974,23568,-724,763,-705,179,-2496
3820,-10050,12502,74,70,-149,-2464
-1878,-678,9604,-244,-245,-71,-2496
1730,2548,6382,-77,-145,-272,-2464
1920,-4676,9068,198,542,-499,-2464
-2778,3254,9626,-40,241,82,-2496
-1346,596,8982,-246,-464,206,-2480
4678,-3848,8682,137,703,-302,-2464
-1820,-316,7732,297,424,-88,-2480
2958,-3228,12392,807,341,-307,-2448
-936,19494,1134,-2729,-94,-102,-2480
274,-14066,12186,1923,179,-295,-2464
-268,-25452,14262,1303,701,-207,-2480
-5256,24700,-1214,-1302,-1120,351,-2480
2664,-3338,8926,179,153,-283,-2464
-1878,-918,7552,-112,-502,-7,-2480
3280,-210,8274,-110,219,-429,-2464
1496,-2554,8376,313,586,-384,-2464
-4532,3014,9916,-269,-223,235,-2464
2258,-4542,10332,-174,-160,-4,-2480
2982,-376,5488,196,805,-284,-2512
-2422,1302,9180,107,88,-47,-2448
1084,12076,5718,375,596,-545,-2480
-3552,3052,8148,-1401,-294,99,-2480
1230,16380,-850,-649,50,-365,-2480
242,-25792,14182,2124,693,-210,-2480
48,10860,5946,-1623,-1107,381,-2512
2938,-4774,9240,272,160,-260,-2480
-1794,-1922,8116,-108,-482,24,-2480
3076,174,7910,-64,115,-390,-2480
1698,-2748,8446,416,524,-368,-2496
-4118,3190,10122,-319,-217,216,-2464
3242,-1862,6504,-188,-179,26,-2464
3854,1044,5486,77,762,-304,-2464
-3098,380,8892,208,52,-24,-2464
1242,10746,6480,145,521,-505,-2432
38,-20864,14256,-949,-155,59,-2464
1390,13182,1052,-877,67,-335,-2464
548,-24584,14116,2134,681,-200,-2464
-420,10442,5748,-1447,-1050,354,-2464
-958,5458,4876,61,108,-261,-2464
-1972,-2614,8994,41,-493,35,-2464
2864,290,6732,-172,87,-400,-2464
2192,-2640,9320,364,593,-430,-2464
-1914,2414,9474,-154,77,161,-2480
1824,-3894,10354,-183,-292,96,-2496
3690,80,5408,121,782,-319,-2496
-2896,562,8736,272,235,-31,-2432
1618,8990,7730,604,524,-423,-2464
-3244,6352,7022,-1967,-256,-8,-2464
970,9946,2532,435,110,-390,-2464
718,-25292,14570,950,685,-241,-2464
-884,13774,4278,-997,-1129,316,-2464
3216,-7146,10364,223,295,-246,-2464
-1860,-336,8508,-304,-522,-3,-2464
2758,148,6552,2,-58,-344,-2464
2318,-3576,9920,249,603,-495,-2464
-2200,3578,9268,-199,62,168,-2464
1708,-4000,10024,-83,-298,115,-2496
3432,-1222,6338,55,769,-337,-2464
-2676,1634,8032,307,340,-37,-2496
2050,-4078,11352,970,506,-384,-2464
-2902,9764,5888,-2729,-287,1,-2464
462,8116,3396,1507,162,-385,-2464
3546,-5750,9008,-731,598,-265,-2448
-6324,21086,344,-361,-999,316,-2496
3420,-8896,11008,381,271,-254,-2464
-1902,-352,8702,-387,-449,1,-2464
1140,366,8152,-3,-184,-216,-2480
2096,-3310,8168,155,530,-514,-2432
-2210,3732,8938,-65,249,48,-2448
1520,-3512,9978,-218,-495,206,-2480
4702,-3444,7662,160,723,-328,-2480
-1786,-750,8670,272,441,-54,-2480
2232,-4512,11374,827,237,-304,-2448
-2952,11254,5378,-2770,-55,-137,-2480
278,5902,4364,1375,134,-401,-2480
1160,-26204,15326,-103,696,-265,-2480
-6520,19216,1136,-484,-1031,320,-2448
3520,-9648,11488,353,288,-227,-2448
-1888,620,8448,-437,-470,29,-2480
2638,130,6614,61,-160,-279,-2448
1824,-2614,7840,93,499,-513,-2480
-1842,3460,8752,-40,223,90,-2480
1178,-4274,10140,-196,-375,219,-2448
4070,-1074,7234,254,768,-315,-2464
-1270,-1602,9462,283,431,-36,-2480
1810,-3130,10862,854,408,-376,-2496
-2806,10364,5370,-2666,-242,-59,-2496
250,4822,5032,1328,122,-354,-2480
1292,-24608,15206,-104,661,-261,-2480
-6386,17580,2188,-395,-1034,307,-2480
3482,-7848,10650,260,245,-216,-2480
-1750,-1166,9658,-281,-403,20,-2480
2552,672,5952,-142,-205,-282,-2480
1864,-990,6850,213,474,-534,-2448
-1760,1312,9516,24,293,63,-2480
1082,-3228,10274,-325,-428,204,-2480
4072,-918,6640,261,742,-316,-2480
-1280,-2220,9466,300,430,-50,-2480
1636,-2266,10014,800,335,-333,-2480
-2602,11818,5054,-2709,-54,-176,-2464
128,3122,6036,2118,184,-247,-2464
3866,-1402,6642,-1470,453,-310,-2496
-6316,17830,1804,726,-682,178,-2432
3474,-9280,11372,109,105,-147,-2432
-1776,110,8878,-345,-286,-67,-2496
880,-328,8714,-35,-262,-161,-2464
2202,-1728,7350,-39,415,-527,-2464
-1988,3118,8966,97,370,-23,-2496
1070,-3086,9810,-391,-580,269,-2464
4752,-2922,7080,222,612,-305,-2464
-1598,-1146,8838,275,537,-84,-2432
1734,-4090,10660,609,79,-246,-2464
-122,19044,1386,-2268,220,-309,-2480
1198,-23700,14064,2328,182,-140,-2496
4192,516,5522,-2273,293,-308,-2464
-6482,16252,2304,1777,-337,54,-2464
2424,-2116,11186,-426,-284,3,-2448
-2350,2112,7422,-277,-186,-130,-2464
926,-1316,8824,49,-337,-131,-2464
1822,-1686,7304,-276,296,-500,-2464
604,-1276,7748,405,508,-140,-2448
-3874,3238,9414,-750,-716,313,-2448
4362,-3128,6124,231,337,-235,-2480
-1116,-1786,9530,236,649,-156,-2464
1482,-2420,10154,337,-53,-154,-2464
318,17954,2534,-1915,334,-358,-2496
944,-21694,13194,1810,15,19,-2464
4106,2596,3896,-2527,123,-340,-2464
-6460,14648,3204,2495,0,-72,-2496
2436,-3042,11332,-605,-330,37,-2496
-2284,2886,6882,-286,-181,-180,-2464
622,-750,8612,144,-328,-72,-2432
3146,224,8090,-351,288,-483,-2480
1062,400,7634,253,462,-211,-2528
-4366,4060,8476,-657,-635,288,-2496
4394,-4238,7086,181,180,-183,-2496
1710,688,5018,150,793,-231,-2480
-2746,1480,9298,199,-89,-86,-2432
472,16092,3240,-868,447,-441,-2448
1062,-21404,13046,631,-32,106,-2448
3786,21844,-4672,-2369,40,-284,-2448
-2668,-18780,13396,2893,375,-180,-2480
2224,632,10134,-1264,-701,274,-2480
-2310,2884,6078,-146,-103,-247,-2480
-2020,-2688,7830,273,-348,4,-2448
3234,-1318,9056,-314,262,-454,-2448
1240,214,7648,315,549,-319,-2512
-4422,3420,8946,-461,-496,274,-2480
2704,-3544,9042,-169,-56,-65,-2480
2096,282,4972,208,804,-260,-2448
-2750,1638,9808,58,43,-10,-2480
588,16016,3374,-98,536,-522,-2480
-3180,-4996,10698,-524,-188,133,-2480
2674,21194,-3986,-1570,-6,-340,-2480
-1412,-22956,13980,2760,638,-232,-2480
1542,4108,8990,-1658,-987,381,-2480
2102,592,7156,96,81,-274,-2480
-1986,-3140,8532,82,-437,-19,-2480
3302,382,8314,-231,212,-436,-2480
1154,-1476,8044,335,576,-395,-2480
-3314,4266,8656,-328,-309,247,-2480
2748,-3550,9280,-143,-152,-8,-2480
2192,-676,5538,184,811,-273,-2480
-2792,1924,9374,125,141,-11,-2480
3198,-2800,12596,551,665,-514,-2448
-3558,-3240,10734,-1621,-312,129,-2448
2432,20278,-3456,-2054,30,-300,-2448
-872,-24424,14078,3069,585,-231,-2512
1108,4998,8636,-1557,-826,355,-2480
-2052,4484,5466,-15,-23,-259,-2480
-2220,-2710,8532,195,-452,-27,-2480
3354,116,7920,-337,240,-454,-2448
1488,-1366,8226,382,593,-336,-2448
-4588,2492,9724,-442,-413,271,-2448
2552,-3786,9594,-114,-84,-71,-2448
-518,-2826,9530,366,776,-228,-2464
-2462,1976,9232,-44,-33,-52,-2496
656,13886,4978,-514,475,-474,-2496
544,-22726,13624,203,-109,119,-2496
5224,15214,-3108,-2091,90,-313,-2464
-866,-23794,14034,2923,511,-199,-2464
782,6960,7538,-1389,-804,296,-2464
-1664,4804,5250,-66,-47,-239,-2496
-314,-3830,9946,246,-474,-49,-2496
3244,-1028,7962,-266,263,-426,-2464
1898,-1374,8746,303,586,-335,-2464
-4882,3802,8986,-431,-404,291,-2496
2006,-4372,9876,-137,-179,9,-2480
2828,1094,4714,107,805,-281,-2464
-2760,892,9510,184,30,-53,-2464
1052,11994,6044,-22,533,-495,-2464
-3296,-236,9428,-1074,-236,65,-2480
1892,15948,-870,-1239,34,-320,-2496
-500,-24286,14018,2115,670,-189,-2448
638,7708,7192,-1424,-1060,374,-2448
2792,-1854,8166,57,117,-272,-2480
-2016,-1764,8370,-31,-492,15,-2448
3198,-1238,8058,-147,160,-427,-2464
1722,-1728,8536,287,580,-387,-2448
-4718,3434,9554,-200,-200,213,-2464
2068,-4464,10252,-154,-234,32,-2496
3100,356,5056,118,785,-277,-2496
-2650,1346,9304,210,193,16,-2464
1368,11562,6176,535,586,-511,-2464
-3506,3146,8330,-1805,-322,81,-2496
1194,16474,-1066,-201,12,-356,-2464
116,-25886,14364,1697,705,-216,-2464
150,11352,5784,-1465,-1095,376,-2496
2936,-4994,9538,246,201,-241,-2496
-1846,-628,7582,-251,-519,44,-2496
3074,-136,8094,47,127,-382,-2496
1662,-2862,8558,159,537,-427,-2496
-2742,4726,8102,-129,-19,162,-2464
2216,-5120,10440,-86,-213,95,-2464
3436,-28,5826,101,839,-330,-2464
-1566,96,8182,244,295,-26,-2480
2778,-3502,11928,783,558,-405,-2432
-3762,3320,7868,-2354,-325,-15,-2464
1078,14882,14,800,60,-394,-2496
2516,-13706,12886,144,691,-233,-2448
-5472,24538,-810,-994,-1091,329,-2496
2960,-4256,9074,257,159,-299,-2480
-1814,-2450,8620,-93,-437,19,-2480
3106,1402,7294,-150,83,-358,-2448
1802,-3254,8838,318,543,-436,-2480
-2124,3954,8382,-176,19,181,-2448
1846,-4480,10438,-197,-280,116,-2448
3668,398,5520,120,820,-325,-2448
-2978,460,8834,290,224,-28,-2512
2334,-2056,11280,562,489,-423,-2480
-3664,3622,7432,-1981,-289,-1,-2448
1402,12206,1726,575,135,-399,-2448
492,-24190,14048,806,721,-260,-2480
-5520,22196,-284,-983,-1130,334,-2448
3134,-4868,9274,238,304,-260,-2480
-1916,-2192,8790,-135,-512,12,-2496
2942,168,6938,-99,-16,-338,-2496
2002,-2376,9050,278,595,-472,-2496
-2252,3376,9136,-166,-21,160,-2480
1664,-4126,10398,-147,-303,95,-2512
3500,80,5568,5,752,-321,-2480
-2546,858,8656,331,312,-24,-2480
2140,-4004,11532,782,560,-464,-2480
-2978,8470,6504,-2405,-317,16,-2480
712,8072,3418,1084,134,-403,-2448
920,-25326,14836,192,658,-239,-2448
-6048,20432,626,-656,-1052,323,-2480
3374,-7644,10450,341,306,-254,-2480
-1966,-690,9000,-344,-452,38,-2480
2770,366,6236,-26,-125,-330,-2480
1878,-2614,7680,245,545,-513,-2480
-2172,3110,9222,-100,142,109,-2480
1702,-3294,9878,-149,-391,142,-2480
3474,-1880,6768,132,741,-320,-2480
-1770,-1252,8744,285,379,-17,-2480
2030,-4132,10968,936,403,-361,-2448
-2782,11732,5194,-2807,-186,-62,-2448
266,4864,5012,2085,229,-337,-2480
3880,-2976,7640,-1055,506,-277,-2480
-6538,19238,764,245,-852,238,-2480
3544,-10676,11658,355,246,-195,-2448
-1750,764,8642,-493,-361,-13,-2512
1168,-356,8694,28,-232,-201,-2480
1942,-2648,7786,-15,397,-521,-2496
-1908,4206,8504,24,305,4,-2464
1312,-3780,9644,-347,-545,241,-2464
4432,-2902,6724,226,671,-320,-2464
-1406,-1472,9590,274,555,-89,-2496
1676,-4154,10854,623,115,-236,-2496
-2716,12566,4494,-2514,72,-237,-2464
950,-22934,13858,2295,146,-157,-2464
3964,-888,6160,-2152,317,-355,-2496
-6524,16770,2218,1562,-404,71,-2496
3656,-10076,11700,0,9,-142,-2480
-2302,1676,7688,-301,-181,-95,-2480
910,-666,9108,-27,-293,-181,-2480
1888,-1900,7164,98,473,-543,-2496
-1570,2702,9020,34,305,16,-2464
728,-2880,9778,-368,-486,236,-2528
4178,-1768,7370,296,698,-333,-2464
-1304,-1590,9350,210,476,-60,-2464
1536,-2402,10322,751,243,-286,-2496
-2380,12344,4594,-2675,-76,-197,-2464
-22,1552,6538,2065,139,-226,-2464
3910,898,5246,-1605,448,-320,-2464
-6630,16204,2622,875,-647,142,-2464
3580,-8888,10898,20,36,-156,-2528
-2458,1460,7190,-246,-187,-103,-2448
830,-326,8998,-117,-279,-138,-2464
2126,-1014,7278,-52,363,-508,-2496
-1732,1622,8990,165,355,-68,-2464
-4202,3676,8176,-572,-621,278,-2480
4738,-3996,7438,326,622,-302,-2464
-1154,-2066,9384,255,549,-116,-2464
1492,-2264,9982,512,65,-212,-2464
324,17364,2286,-2133,247,-338,-2480
1018,-22678,13636,2208,117,-121,-2464
4016,1700,4746,-2409,214,-318,-2448
-6386,14956,2892,2198,-152,-17,-2480
2530,-1756,10984,-478,-264,37,-2480
-2320,1778,7222,-154,-138,-157,-2480
864,-1196,9380,3,-305,-121,-2480
2020,-714,6654,-351,281,-474,-2480
476,148,7246,332,460,-169,-2480
-3738,2586,9140,-584,-685,297,-2480
4618,-2342,6596,108,368,-251,-2480
-1288,-1996,9340,351,654,-142,-2480
-2362,2222,9074,95,-119,-127,-2480
152,18224,1968,-1515,396,-403,-2480
1208,-23908,13944,1541,43,75,-2512
4452,5102,2820,-2709,70,-312,-2448
-2524,-20166,13798,3008,200,-152,-2480
2028,-778,10404,-812,-405,107,-2464
-2032,2464,7142,-55,-80,-254,-2480
594,-1932,8992,145,-368,-73,-2480
3276,1794,7410,-447,254,-471,-2448
890,-1620,7876,474,539,-281,-2448
-4202,3738,9178,-684,-603,285,-2480
4274,-2632,6104,45,68,-125,-2512
1650,276,5124,186,723,-225,-2480
-2548,1846,8908,61,-88,-62,-2480
560,16390,3492,-804,520,-488,-2448
892,-22144,13462,1818,29,4,-2448
4604,7268,1146,-2575,115,-308,-2512
-6372,10750,4888,2461,36,-73,-2480
2102,148,10274,-660,-367,72,-2480
-2316,3688,6068,-220,-181,-150,-2448
396,-2030,9418,171,-333,-69,-2480
2154,-474,6982,-340,303,-456,-2448
1322,46,7550,287,462,-213,-2448
-4472,3764,8944,-662,-612,280,-2480
4162,-3464,6534,353,466,-269,-2496
-734,-1970,9274,134,646,-187,-2432
374,-638,8800,396,-45,-111,-2496
-1474,16828,2680,-1901,301,-340,-2464
992,-21786,13296,1747,59,-10,-2464
4840,10508,-564,-2461,169,-334,-2464
-6286,6194,6544,2404,-48,-58,-2496
3764,-9660,11682,-714,-369,65,-2496
-2132,4200,5344,-136,-158,-181,-2464
170,-2774,9960,111,-314,-82,-2496
2410,628,6856,-331,307,-473,-2496
1572,-318,8298,331,475,-266,-2480
-4684,3174,9054,-561,-647,302,-2464
4206,-2146,6156,72,259,-174,-2496
-472,-2532,9302,278,774,-205,-2464
-2810,1330,9638,22,-124,-71,-2480
1054,13748,4804,-1055,425,-449,-2464
588,-22652,13428,1266,-5,43,-2480
5206,15904,-3438,-2719,68,-276,-2480
-5922,1224,8720,2932,207,-150,-2464
3670,-12014,12978,-980,-510,147,-2464
-1656,5082,4754,-105,-142,-224,-2496
-352,-4900,10660,197,-335,-85,-2496
2578,1982,6068,-496,216,-459,-2464
1408,-2106,8396,492,530,-277,-2480
-4256,2628,9868,-646,-615,302,-2464
3886,-458,5594,-18,186,-173,-2464
-428,-2860,8914,376,739,-232,-2496
-2832,1730,9106,-76,-122,-47,-2480
1228,12580,5644,-813,473,-450,-2496
236,-22764,14086,723,-62,127,-2464
5436,17786,-4348,-2262,-2,-270,-2448
4,-25540,14360,3075,533,-205,-2480
156,9590,6384,-1525,-782,304,-2480
-1464,5172,5060,-30,-61,-273,-2480
-350,-4236,9944,195,-427,-14,-2480
3328,48,7600,-360,233,-445,-2448
1894,-2588,8950,405,547,-345,-2448
-4668,3442,9536,-461,-400,254,-2448
3604,-1370,5862,-77,-85,-19,-2480
2874,258,5270,180,789,-304,-2480
-2538,1370,9010,68,55,-7,-2480
1214,11450,6682,-62,528,-494,-2480
-76,-21178,13540,-587,-205,78,-2512
1546,13780,580,-1354,35,-340,-2480
8,-24814,14060,2505,647,-177,-2480
-36,10482,5740,-1504,-1013,383,-2480
-990,4642,5532,25,104,-291,-2512
-1914,-1310,8862,46,-502,1,-2480
2994,-668,7510,-122,164,-434,-2448
2004,-2550,9122,279,610,-403,-2480
-4674,3718,9248,-230,-203,211,-2480
1784,-4444,10146,-118,-205,38,-2480
3418,460,5436,61,798,-270,-2480
-2816,804,9052,238,137,-46,-2512
1396,9692,7298,399,563,-503,-2448
-3424,4170,7732,-1518,-285,59,-2512
1236,12532,1188,-287,92,-385,-2448
338,-25554,14502,1756,706,-191,-2480
-314,11780,5294,-1346,-1086,359,-2480
3102,-5542,9650,162,188,-257,-2480
-1932,-926,8476,-144,-544,42,-2480
3024,-666,7272,-42,65,-413,-2480
2060,-2506,9398,243,603,-449,-2448
-2412,3238,9316,-136,-37,210,-2480
1910,-4122,10140,-96,-285,94,-2480
3318,-124,5782,73,759,-277,-2480
-2620,1232,8718,284,258,-41,-2448
2678,-3982,11716,821,611,-459,-2448
-3200,6486,7142,-2330,-274,10,-2480
678,12106,1524,776,92,-373,-2480
568,-26794,14834,647,677,-193,-2448
-6054,23674,-714,-993,-1089,341,-2448
3064,-6760,10270,344,258,-252,-2480
-1716,30,7552,-433,-507,18,-2480
3018,-462,7908,136,-5,-320,-2448
1920,-4298,9426,83,546,-499,-2464
-2356,4612,8130,-78,144,91,-2496
1816,-4876,10344,-83,-352,150,-2496
3608,-842,6658,134,762,-314,-2496
-1594,-454,8576,290,401,-22,-2496
2608,-3914,11666,895,417,-357,-2464
-3384,7416,6408,-2759,-204,-116,-2496
566,10860,2122,1885,137,-315,-2464
3096,-9434,10714,-790,595,-271,-2464
-5974,22130,24,99,-879,226,-2496
3242,-7022,10312,294,161,-215,-2464
-1778,-1290,8370,-463,-366,-34,-2464
1126,1230,7044,1,-198,-239,-2464
1716,-3960,9002,66,435,-497,-2464
-1736,3602,8602,9,338,-4,-2496
-3180,3740,7950,-450,-584,283,-2448
4822,-5528,8418,362,683,-332,-2496
-1342,-1250,8888,192,534,-77,-2464
2170,-2736,10878,777,296,-273,-2448
-3134,7992,6254,-2656,-103,-188,-2448
690,-18152,12470,2052,137,-225,-2512
3266,-6932,9340,-963,572,-283,-2464
-6122,19402,992,-69,-980,265,-2480
3522,-6810,9808,231,169,-214,-2496
-1744,-1894,9696,-228,-267,-50,-2496
1216,762,8512,-212,-252,-202,-2496
1670,-2312,7420,117,366,-490,-2464
-1808,2196,9338,73,335,-43,-2464
1266,-2806,9824,-422,-559,259,-2464
4878,-3462,7570,224,654,-310,-2496
-1358,-1496,8968,249,558,-116,-2496
1628,-3278,10592,609,121,-204,-2464
-2700,11848,4948,-2466,69,-223,-2464
1070,-21458,13480,2229,177,-159,-2464
3874,-912,6266,-2127,283,-298,-2496
-6300,17442,1642,1578,-416,87,-2464
3496,-10726,11762,-166,-70,-80,-2464
-2530,1578,7516,-278,-173,-135,-2464
730,-848,9098,-25,-332,-113,-2464
2012,-1672,7162,-228,293,-539,-2464
412,-94,7466,341,417,-156,-2480
-3424,1838,9426,-484,-619,284,-2528
4586,-2858,7022,157,470,-248,-2496
-1518,-1560,9132,325,626,-154,-2496
-2522,1946,9258,158,-136,-141,-2480
16,18888,1716,-1895,295,-345,-2496
1302,-24660,14268,1997,115,8,-2464
4514,2600,4404,-2794,56,-285,-2480
-2810,-18660,13672,2894,168,-133,-2480
2284,-1746,11278,-937,-462,143,-2480
-2504,2728,7078,-102,-153,-214,-2480
734,-1082,9198,114,-367,-68,-2480
3242,2228,7792,-531,250,-462,-2480
774,-356,7488,456,500,-255,-2480
-3806,2526,9332,-690,-663,297,-2464
4516,-2716,6472,166,386,-257,-2480
-1354,-2398,9952,364,691,-180,-2448
-2406,2134,9566,77,-124,-123,-2480
34,18138,2150,-1252,419,-414,-2464
1096,-22924,13576,1183,-37,65,-2464
4512,4340,3116,-2609,70,-321,-2464
-2870,-18664,13182,2970,327,-157,-2496
3568,-10290,11670,-335,-208,-17,-2496
-2396,1762,7088,-167,-136,-163,-2496
564,-1604,9560,-18,-319,-123,-2496
2070,104,6616,-289,240,-479,-2464
1240,312,7312,314,472,-213,-2448
-4228,3984,8740,-701,-666,278,-2464
4382,-3422,6996,322,398,-234,-2464
-1176,-2338,9582,194,632,-167,-2496
-2660,1532,9400,240,-56,-99,-2512
418,16812,2766,-1745,314,-356,-2464
1050,-21822,13368,1625,77,29,-2496
4294,4688,2938,-2609,115,-303,-2480
-2866,-18576,13480,2815,185,-128,-2480
2196,-52,10360,-989,-528,133,-2448
-2338,2040,6782,-81,-129,-216,-2512
684,-1694,9816,131,-356,-56,-2480
3486,-1000,8800,-356,279,-462,-2480
1178,-46,7494,334,528,-276,-2480
-4546,4044,8470,-652,-633,295,-2480
4502,-3320,6886,145,123,-161,-2480
1726,788,5084,168,769,-244,-2480
-2664,1878,9476,62,-128,-74,-2480
576,16728,2860,-845,507,-484,-2512
936,-23210,13762,663,-56,108,-2480
3376,22814,-5594,-2409,14,-290,-2448
-2348,-20584,13786,3168,469,-230,-2480
2146,154,10420,-1427,-721,255,-2480
-2242,2360,6956,52,-70,-251,-2480
-1872,-3476,8542,140,-376,-47,-2480
3382,816,8072,-409,250,-476,-2448
900,-724,7538,405,566,-303,-2480
-4208,2726,9306,-513,-515,287,-2480
2870,-3260,8614,-85,22,-65,-2480
1810,-754,5740,272,769,-236,-2448
-2440,2266,8994,-60,-30,-47,-2448
262,17350,2620,-225,512,-528,-2480
-3292,-8752,11772,-167,-135,127,-2480
3228,23306,-5588,-1932,-3,-293,-2480
-1978,-20918,13618,3029,619,-214,-2512
1902,958,10126,-1671,-904,352,-2448
1680,2248,6156,91,-1,-268,-2480
-1740,-4978,9252,153,-403,-7,-2480
3256,1746,7842,-386,219,-424,-2480
1046,-1166,7486,430,553,-376,-2448
-3418,3920,8720,-364,-277,251,-2512
2702,-3800,9518,-167,-157,-18,-2480
2084,988,4810,148,727,-261,-2464
-2790,1370,9182,91,-42,-65,-2496
544,15728,3538,-493,477,-514,-2464
1020,-22526,13664,114,-65,104,-2464
3614,20874,-3876,-1972,87,-269,-2464
-1928,-20358,13390,2862,521,-217,-2496
1776,1240,10026,-1382,-819,303,-2496
-2194,4064,5636,-129,-13,-266,-2464
-2140,-3156,8358,250,-470,0,-2496
3260,-1320,8314,-250,270,-445,-2464
1542,160,8110,311,611,-365,-2464
-4690,3504,8826,-350,-334,250,-2464
2646,-3640,9146,-121,-158,-24,-2496
2240,560,4740,114,767,-275,-2496
-2786,1336,9552,182,90,-37,-2432
2418,-1288,12154,389,556,-497,-2480
-3174,-3262,10330,-1138,-231,93,-2496
2776,17990,-2472,-720,86,-374,-2496
-1196,-22758,13900,1990,656,-210,-2496
-4488,22896,-404,-1258,-1097,362,-2448
2372,-944,8236,36,176,-292,-2496
-2236,-1108,7504,6,-549,17,-2480
3324,-1562,8458,-37,211,-444,-2480
1662,-1514,8804,280,643,-394,-2464
-2670,3784,9602,-239,-198,215,-2480
2436,-4056,9712,-161,-168,23,-2464
2610,-364,5212,135,817,-273,-2464
-2672,1384,9296,236,167,-23,-2480
2744,-3974,12690,729,643,-495,-2448
-3274,1874,9118,-2040,-317,98,-2480
1494,17654,-1610,172,49,-442,-2512
-100,-26302,14292,1364,699,-214,-2448
-5456,24508,-1430,-1304,-1122,361,-2448
2806,-4214,9274,281,286,-271,-2480
-1972,-1678,8066,-287,-527,36,-2480
3244,482,7788,31,88,-382,-2480
2004,-5442,10240,194,552,-450,-2448
-2552,4838,8146,-150,-2,143,-2448
2224,-4852,10444,-65,-244,100,-2480
2872,178,5484,32,774,-275,-2512
-1912,568,7918,291,277,-34,-2480
2872,-4252,12340,924,549,-431,-2480
-3374,3294,8406,-2635,-306,26,-2480
1322,14790,-90,1192,106,-413,-2448
2480,-13374,12834,116,686,-240,-2480
-5700,23898,-616,-655,-1068,331,-2448
2926,-3536,8828,318,309,-262,-2480
-2020,-1342,8592,-376,-457,37,-2480
1546,1876,7010,-48,-166,-300,-2480
1886,-4560,9160,174,497,-491,-2512
-2402,3716,9110,-54,216,84,-2480
2006,-4588,10154,-177,-397,171,-2480
4898,-4158,8416,137,777,-322,-2480
-1696,-608,8358,320,379,-25,-2480
2570,-2832,11826,829,400,-361,-2512
-3348,3016,8364,-2679,-135,-127,-2496
248,-15410,11834,1979,168,-287,-2496
2532,-12032,12028,-1218,535,-318,-2464
-5654,21858,2,199,-898,258,-2512
3112,-4270,9164,253,252,-226,-2464
-2086,-1322,8796,-267,-322,-14,-2464
1532,2064,7382,-185,-257,-255,-2496
1834,-3418,8016,175,487,-513,-2464
-2250,2462,9866,59,299,33,-2464
1914,-4156,10240,-339,-439,205,-2496
5072,-4430,8600,280,727,-346,-2496
-1604,-1432,8646,293,462,-57,-2496
2354,-2494,11226,720,261,-292,-2464
-428,19422,1004,-2635,6,-190,-2512
460,-17136,12376,2121,196,-255,-2496
2934,-10586,11566,-1459,450,-333,-2464
-5902,22860,-450,673,-712,195,-2496
3526,-8562,12578,2,25,-125,-2480
-2124,138,8894,-331,-248,-48,-2496
1396,1704,7094,-113,-315,-168,-2480
1918,-3896,8576,-78,358,-511,-2448
-376,916,7422,160,371,-32,-2480
-2288,1664,8686,-441,-584,290,-2480
4820,-3882,8224,227,609,-308,-2480
-1808,-408,8264,267,545,-112,-2480
-1582,1720,8636,438,1,-202,-2480
-676,20714,484,-2290,214,-278,-2480
894,-19646,13398,2209,175,-82,-2480
3138,-8840,10704,-2450,214,-301,-2448
-4880,-8804,11648,2068,-213,-14,-2448
3262,-8066,12620,-391,-241,-24,-2480
-2240,1388,8724,-201,-157,-177,-2512
1236,696,6986,37,-334,-107,-2480
2700,3074,6270,-335,292,-521,-2480
-90,-454,8172,390,487,-205,-2480
-2726,2662,8682,-685,-669,304,-2480
4626,-4390,7816,214,370,-240,-2480
340,-1318,7010,210,617,-170,-2480
-1576,1096,8846,271,-53,-129,-2480
-276,19508,1418,-1704,376,-378,-2480
642,-18376,12570,1652,68,27,-2480
5122,21648,-6078,-2620,137,-297,-2480
-4800,-9972,11616,2404,-45,-30,-2464
3202,-7262,12494,-241,-200,-39,-2496
-2422,1716,7942,-373,-239,-134,-2496
1144,498,7820,79,-319,-99,-2496
1714,-3286,8450,136,434,-534,-2480
-1770,3072,8672,33,280,15,-2480
1142,-3556,10284,-298,-456,203,-2496
4310,-158,6256,243,709,-313,-2464
-1172,-1154,8838,255,445,-81,-2496
1824,-2582,10592,783,319,-299,-2496
-2932,9984,5486,-2636,-100,-150,-2464
630,-18610,12454,2054,120,-214,-2480
3472,-3024,7166,-1259,490,-289,-2464
-6034,17480,1878,-429,-1038,343,-2448
3530,-7296,10158,272,274,-258,-2512
-1826,-1362,9822,-326,-384,26,-2480
2444,1352,5466,-53,54,-391,-2480
2216,-4628,10442,321,627,-460,-2512
-3986,3570,9570,-189,-9,186,-2448
1164,-2496,9904,-134,-304,82,-2480
3958,-2124,7150,30,746,-275,-2480
-2418,1054,7498,280,252,-48,-2480
2742,2494,11318,867,582,-431,-2512
-2144,14114,4158,-2470,-269,-10,-2448
256,-494,7366,1163,166,-363,-2480
1434,-24428,15362,199,637,-238,-2480
-2966,21252,602,-632,-1075,301,-2480
3508,-12040,12440,354,279,-245,-2480
-1824,1312,8390,-468,-444,37,-2464
2600,686,6384,99,-103,-277,-2496
2124,-5268,10478,70,533,-523,-2496
-1492,3636,8454,-61,181,96,-2496
526,-3120,9278,-146,-438,163,-2496
4158,-2940,8402,128,756,-301,-2496
-2226,1352,7240,278,391,-44,-2464
938,-2922,9990,897,300,-325,-2496
-1898,16608,2818,-2868,-131,-108,-2464
-116,-2310,7980,1953,213,-310,-2480
1692,-24276,15838,-937,549,-274,-2512
-6520,12750,3876,142,-885,237,-2480
3774,-12544,12646,335,238,-203,-2480
-1724,898,8876,-487,-341,-1,-2480
2334,1608,5878,26,-223,-235,-2480
2082,-582,6658,54,472,-519,-2512
-1124,2534,8934,22,263,28,-2480
-24,-2038,9080,-343,-534,229,-2512
4404,-2792,8258,244,661,-323,-2480
-1208,-2326,9564,272,524,-52,-2448
1060,-2032,9706,736,255,-289,-2512
-1798,15326,3296,-2632,-7,-191,-2480
-194,-3460,8290,2189,157,-221,-2448
4566,6416,2088,-1698,410,-337,-2480
-6678,10718,4730,1027,-595,154,-2480
3688,-9966,11494,-25,32,-165,-2480
-1600,-1310,10228,-237,-190,-72,-2480
568,-1940,9770,-104,-273,-118,-2464
2202,148,6812,-164,291,-505,-2464
-1348,1340,8488,237,411,-113,-2464
-150,-1220,9392,-588,-634,302,-2464
4334,-3544,6974,364,543,-265,-2464
-918,-2330,9670,188,633,-141,-2496
668,-1452,9366,426,-8,-177,-2464
-1752,16044,3010,-2101,260,-340,-2464
944,-22136,13398,1887,62,-20,-2464
4614,7570,1110,-2377,230,-322,-2496
-6538,9692,5228,2237,-132,-33,-2496
3710,-10498,12052,-523,-312,39,-2496
-2204,2636,6476,-126,-146,-192,-2496
362,-1754,9724,-122,-320,-138,-2480
2250,424,6584,-43,368,-510,-2496
-1194,1336,8578,182,426,-88,-2480
-202,-1546,9622,-515,-595,265,-2480
4462,-3258,6916,363,599,-301,-2480
-974,-2142,9576,229,481,-75,-2480
410,-1414,8918,758,224,-273,-2496
-1596,17060,2810,-2717,-30,-195,-2496
-192,-6118,9454,2246,244,-256,-2496
1776,-22762,15712,-1617,424,-293,-2496
-6336,9722,5314,876,-670,161,-2432
3506,-12614,12988,93,58,-128,-2496
-1666,2302,8420,-443,-282,-82,-2496
2162,820,6134,21,-290,-177,-2528
2060,1076,5932,-112,420,-495,-2464
-1158,1948,8966,148,363,-65,-2496
-180,-1850,9078,-429,-563,281,-2496
4514,-3624,8666,268,593,-326,-2464
-1180,-2272,9300,236,525,-99,-2496
732,-2174,9698,604,134,-220,-2496
-1546,17280,2428,-2459,121,-257,-2528
994,-24248,14146,2207,115,-72,-2480
5000,9150,434,-2221,285,-332,-2496
-6550,9098,5334,1705,-326,17,-2464
3714,-12590,13354,-187,-136,-53,-2496
-2008,3684,6404,-336,-180,-162,-2512
246,-2146,8972,93,-340,-113,-2480
2120,-762,7284,-263,341,-493,-2480
-872,3036,8236,272,497,-192,-2448
-4362,4050,9514,-698,-726,279,-2480
3790,-3276,6098,337,332,-237,-2448
-744,-1358,8822,127,663,-196,-2512
600,-1230,9664,356,2,-146,-2512
718,14738,4308,-1683,403,-397,-2480
1066,-21374,13402,1488,-36,43,-2480
4736,10846,-1166,-2515,124,-297,-2480
-6542,6182,6808,2634,121,-120,-2480
1474,1904,9740,-798,-451,108,-2480
-1994,4102,5302,-227,-175,-217,-2480
100,-2216,9324,221,-324,-101,-2448
2346,192,7226,-346,276,-462,-2448
1658,458,7930,237,472,-245,-2480
-4786,3296,9184,-548,-642,309,-2480
4132,-2746,6162,69,126,-160,-2480
-438,-2302,9308,201,796,-218,-2480
-2860,518,9850,100,-56,-21,-2480
1028,13582,5022,-842,442,-474,-2448
476,-21492,13104,537,-81,119,-2480
4982,14612,-2654,-2346,69,-305,-2480
-862,-23190,13768,2962,466,-196,-2480
852,7382,7302,-1387,-695,245,-2480
-1608,4556,5154,-22,-42,-225,-2480
-494,-4262,10068,231,-419,-31,-2480
3130,-838,8032,-315,285,-467,-2480
1688,-1982,8916,365,545,-308,-2512
-4472,3072,9352,-598,-660,317,-2480
4042,-992,5772,4,279,-214,-2480
-328,-2464,8698,348,741,-203,-2480
-832,-178,8852,46,-118,-67,-2480
1340,11618,6120,-1038,430,-440,-2480
152,-22102,13864,988,-14,68,-2512
5268,18562,-4938,-2421,13,-279,-2464
-5664,-2970,9938,3220,500,-224,-2464
86,10728,5994,-1513,-719,301,-2464
-1274,5388,4736,48,-82,-257,-2496
-518,-5418,10542,229,-364,-34,-2496
2720,2210,6144,-473,246,-466,-2464
1600,-2680,8722,476,540,-320,-2464
-4276,2438,9698,-502,-486,281,-2464
3710,-528,5812,-121,-31,-85,-2464
-260,-2456,8280,283,790,-251,-2496
-2774,1282,8850,-13,-30,-27,-2464
1482,11058,6664,-152,540,-512,-2464
-206,-20704,13482,-434,-196,121,-2496
1332,14248,78,-1273,16,-345,-2480
384,-25808,14322,2754,609,-204,-2464
-184,11006,5700,-1482,-927,307,-2464
-1192,5880,4844,-50,20,-264,-2464
-2110,-1598,8944,15,-529,32,-2480
2896,490,6588,-227,214,-428,-2432
2266,-3182,9784,352,631,-396,-2464
-4608,3768,9286,-383,-300,257,-2496
3326,-2010,6232,-99,-216,1,-2464
2940,-220,5604,142,765,-296,-2496
-2620,1360,8710,152,166,-5,-2464
1534,9342,7530,273,569,-506,-2496
-224,-19666,13402,-1227,-224,63,-2496
1436,10934,2082,-587,96,-387,-2464
302,-25020,14482,1903,688,-169,-2464
-668,12512,4814,-1338,-1063,355,-2496
-692,4826,5014,110,169,-303,-2464
-2098,-1074,8470,-69,-543,28,-2496
2986,-694,7300,-67,98,-407,-2464
2128,-2864,9502,237,641,-438,-2464
-2200,2704,9564,-124,-28,145,-2480
1632,-3974,10228,-150,-285,89,-2464
3368,122,5510,63,757,-309,-2496
-2534,614,9068,293,253,-11,-2496
2434,-3386,11436,752,569,-439,-2480
-3012,7272,6938,-2337,-283,-1,-2480
660,10260,2326,911,149,-415,-2480
566,-26408,14760,2299,662,-220,-2448
-828,14262,4120,-1572,-1079,390,-2448
-476,5100,5096,166,140,-231,-2480
-1806,-90,8386,-87,-552,-17,-2480
2976,-426,7160,-91,188,-400,-2448
2050,-3592,9604,265,607,-421,-2512
-4512,3218,9372,-279,-209,250,-2480
1796,-4152,9970,-80,-186,7,-2480
3370,-1362,6790,89,784,-264,-2480
-2454,1822,7890,29,61,-27,-2496
2086,7198,8908,196,608,-528,-2464
-1462,-18494,13562,-996,-265,121,-2464
4772,22784,-6696,-1253,-51,-316,-2496
926,-27004,15130,2596,688,-232,-2464
-1114,16206,3420,-1723,-1048,388,-2464
-48,5152,4646,217,101,-282,-2496
-1080,-6236,10754,-4,-421,5,-2528
2928,44,7588,-210,172,-420,-2464
320,-530,8366,544,567,-315,-2448
-4138,2960,9934,-667,-485,276,-2512
3164,-1272,6938,48,31,-135,-2464
306,-1178,6750,249,716,-231,-2496
-1754,1410,8854,44,-89,-73,-2496
4,19136,1790,-810,476,-485,-2496
-1146,-18162,13896,635,-21,94,-2496
5046,22324,-6336,-2389,72,-257,-2496
-4766,-11204,11942,3040,436,-226,-2496
3420,-7204,12526,-632,-379,60,-2496
-2424,800,8152,-267,-149,-189,-2496
-1386,-4740,9488,189,-376,-67,-2480
2818,504,7952,-327,262,-461,-2496
464,760,7352,343,524,-246,-2464
-3602,3760,8342,-644,-553,305,-2512
3010,-2970,7758,117,91,-148,-2448
1056,-70,6026,108,752,-245,-2480
-2088,1428,9240,155,-46,-62,-2480
12,18066,2116,-917,445,-453,-2480
-1480,-14690,12760,611,-17,113,-2480
4564,22432,-6054,-2323,48,-273,-2512
-4132,-13660,12602,2911,404,-170,-2480
2952,-3684,11424,-1293,-678,242,-2480
632,4578,5552,-147,-95,-245,-2480
-1714,-3216,8160,236,-424,-21,-2448
3060,-838,9068,-265,270,-470,-2448
568,1032,7272,312,575,-348,-2480
-4056,3582,9666,-462,-517,269,-2480
3208,-2064,7212,-113,-52,-72,-2480
1446,-1516,6690,262,834,-256,-2480
-2464,1736,9286,23,28,-23,-2480
2640,2344,11232,36,522,-496,-2480
-2494,-11964,12262,-647,-223,130,-2480
3764,23656,-6398,-1479,-10,-334,-2480
-2824,-19634,13984,2392,682,-202,-2496
-3078,21908,428,-1656,-1052,359,-2464
1296,3454,5732,182,133,-305,-2496
-1772,-5226,9476,55,-454,11,-2480
3182,1912,7680,-220,191,-418,-2480
2248,-5506,10710,380,556,-418,-2480
-3844,3818,8706,-334,-283,254,-2480
3344,-2064,8142,-139,-90,-18,-2480
1424,-1202,5910,150,781,-250,-2480
-2230,1562,7050,159,126,-39,-2480
2978,186,11918,605,641,-501,-2480
-3086,-8530,11800,-1750,-334,131,-2480
3476,23678,-5872,-270,1,-387,-2480
1690,-23812,15578,1713,740,-215,-2480
-3526,21926,192,-1398,-1095,375,-2448
1540,2932,6060,253,251,-265,-2496
-2010,-3966,8774,-229,-508,57,-2464
2318,1830,5944,-65,-13,-365,-2464
2112,-5350,10248,271,583,-481,-2496
-3366,3866,9092,-177,43,154,-2496
2888,-3198,8708,-88,-257,91,-2496
1590,-194,5324,95,793,-279,-2464
-2450,2090,9294,190,101,-42,-2464
2686,384,11306,398,592,-504,-2464
-2778,-7994,11750,-1369,-240,110,-2464
3538,20842,-4000,-408,53,-357,-2464
1850,-21148,15062,1376,707,-201,-2480
-3914,21504,326,-1322,-1095,348,-2464
1822,1742,6528,136,176,-257,-2496
-2002,-2526,8202,-75,-523,66,-2496
2080,1782,5794,-56,15,-367,-2480
2240,-4472,9850,202,582,-435,-2480
-3386,3580,9400,-97,36,160,-2480
2576,-4070,9096,-184,-312,128,-2480
4566,-2768,8236,68,758,-317,-2480
-2084,-228,7544,384,326,-14,-2480
2964,-312,12022,765,550,-445,-2480
-3170,-5494,10720,-2378,-292,5,-2480
-98,-7492,9970,1057,122,-361,-2480
1754,-20928,15226,286,649,-267,-2480
-4272,23606,-812,-974,-1121,338,-2496
2120,574,7300,198,285,-246,-2448
-2028,-2200,7990,-243,-532,32,-2480
2108,2028,5898,-4,-10,-375,-2480
2072,-5712,10150,215,607,-487,-2448
-3440,4326,8972,-169,24,187,-2512
2664,-3980,9054,-85,-299,77,-2480
4362,-3424,8444,58,786,-279,-2480
-1932,580,7508,322,328,-8,-2496
3162,-1784,12454,905,501,-425,-2496
-3544,-4282,10610,-2730,-247,-55,-2496
-128,-8910,10516,1557,130,-375,-2496
1912,-20994,15150,-244,606,-261,-2464
-4408,24208,-844,-344,-956,284,-2464
2190,-8,7262,336,255,-211,-2464
-1744,1992,8642,-476,-485,31,-2496
2028,510,6468,135,-90,-318,-2464
2058,-5472,10402,40,534,-522,-2464
-3352,4086,8524,-49,173,54,-2464
-660,-1486,9052,-94,-408,202,-2496
4654,-4060,8994,134,748,-314,-2496
-1816,550,7576,313,407,-48,-2464
206,-1720,9342,847,315,-302,-2448
-1180,18586,2004,-2832,-124,-95,-2464
-346,-9008,10038,2072,151,-262,-2496
2084,-19292,14984,-1238,522,-289,-2496
-6290,3594,7658,882,-634,111,-2448
3852,-12082,13094,222,158,-198,-2496
-1846,344,9176,-442,-292,-37,-2464
1758,2632,5964,-23,-276,-153,-2480
2294,842,6708,-47,387,-526,-2448
-594,1858,8082,113,394,-54,-2480
-1468,958,8458,-559,-616,270,-2480
5242,-4944,9014,405,543,-312,-2448
-462,-1318,8238,131,556,-122,-2480
-54,-188,9102,539,89,-191,-2480
-1076,17738,2090,-2295,158,-277,-2480
-306,-11144,10662,2050,106,-74,-2480
5052,14924,-3040,-2192,291,-300,-2448
-6126,1278,8438,1413,-401,84,-2464
3752,-9200,12216,-194,-100,-105,-2464
-2146,-2084,10090,-223,-220,-102,-2464
-532,-3382,9388,21,-301,-132,-2480
2644,-350,7924,-122,303,-489,-2464
-492,1938,7420,188,391,-128,-2464
-1792,1260,8738,-620,-670,304,-2480
3960,-2454,6292,203,390,-230,-2480
56,-1928,8620,184,694,-182,-2480
-1178,872,8266,204,-126,-106,-2448
-704,19808,1196,-1505,359,-363,-2480
-72,-20302,13248,1431,53,57,-2448
5086,19028,-5236,-2613,103,-295,-2448
-5338,-5680,11056,2885,196,-110,-2512
3472,-9456,12572,-1066,-533,161,-2480
-1028,4970,4810,-36,-142,-242,-2480
-832,-5276,10458,179,-323,-58,-2448
2778,2070,6638,-421,238,-459,-2480
