AcX,AcY,AcZ,GyX,GyY,GyZ,Tmp
2688,-4790,9040,394,-507,50,-3040
-242,2708,8606,-772,520,-309,-3024
-3566,-9342,13308,821,-444,163,-2992
3556,370,7198,-407,-101,-389,-3024
-1498,5348,5494,423,250,-346,-3008
-768,-3732,9266,495,176,-83,-3008
538,7790,7858,-745,188,-95,-3024
584,2880,7232,55,68,-48,-3024
2020,2860,6856,-850,189,-236,-3040
-2622,1532,4718,-213,-70,-90,-3008
2582,-5264,9374,399,376,-159,-3024
534,766,7648,194,360,-183,-3008
-1000,3814,7968,-460,-179,-194,-3040
-216,-5538,8226,424,-60,-237,-3040
3178,5370,6492,-633,410,-457,-3024
-2242,-5800,11376,362,4,-34,-3024
820,-3482,9328,512,-388,20,-3008
1962,6274,4636,-828,564,-304,-3008
-2482,-6124,12404,864,-384,202,-3024
3888,3402,7712,-543,-113,-356,-3008
-498,1462,6672,490,269,-281,-3008
636,-6168,11662,432,149,-38,-3040
-256,6288,8910,-667,261,-94,-2992
1240,-3600,12228,60,55,9,-3024
778,-1374,6368,-862,156,-214,-3040
-1644,1794,6122,-221,-31,-47,-2976
1112,-5988,7478,452,413,-127,-3040
674,564,9848,120,365,-207,-3024
-1784,2696,5518,-421,-246,-141,-2992
-126,-4172,8020,378,-76,-246,-3008
2700,6282,4240,-644,481,-396,-3008
-3018,-3266,10552,285,-46,-3,-3024
-438,-1526,9714,244,-677,83,-3008
3054,8138,3042,-626,437,-326,-3008
-3608,-9552,13142,729,-298,167,-3008
3632,790,7228,-506,-72,-279,-3056
1636,-3636,10554,690,368,-386,-3024
-998,-3474,8892,169,-95,-36,-3024
394,8506,7510,-539,245,-106,-3024
442,-5848,11886,236,229,8,-3040
2244,3516,6942,-1104,178,-192,-3040
-2668,1118,4622,-62,-79,-55,-2976
2828,-5906,9674,250,269,-172,-3024
448,1966,7306,157,398,-207,-3056
-1320,2020,8148,-351,-219,-142,-3008
312,-4490,8210,357,14,-292,-3024
2670,5680,6094,-666,436,-425,-3024
-2076,-6528,11646,297,-110,14,-3040
626,-3008,8786,349,-562,58,-3008
2314,6348,4812,-722,540,-356,-3040
-2664,-6844,12592,734,-263,161,-3024
3690,3534,7362,-526,-146,-309,-3024
-164,1110,6786,645,346,-376,-3008
30,-6142,11574,233,-53,-27,-3040
372,7668,5316,-466,237,-144,-3024
1500,-4112,12288,209,246,-30,-3024
726,-778,6404,-1086,145,-150,-3040
-1238,-1062,6618,-100,-73,-83,-3008
1066,-6416,7568,369,357,-160,-3024
446,1024,8958,108,310,-179,-3008
-1736,3238,6140,-366,-158,-176,-3024
-44,-3720,8556,338,-122,-264,-2976
2582,5976,4130,-579,430,-432,-3072
-2804,-3712,10620,245,-79,55,-3040
2160,-4936,9074,223,-658,77,-2992
3388,7946,3462,-610,437,-365,-3024
-4102,-9664,12744,658,-287,129,-3040
3716,1700,7420,-489,-132,-285,-3008
2260,-5018,11330,750,450,-427,-3024
-1500,-1946,8724,7,-196,-14,-3024
622,8760,6608,-305,210,-157,-3008
-346,-4922,10918,240,227,-37,-3040
2578,4236,7114,-1155,237,-187,-3040
-2358,716,4976,17,-9,-102,-3024
2280,-6440,9172,406,384,-181,-3056
-596,1536,8538,94,221,-213,-3040
-836,2694,5762,-381,-191,-150,-3040
130,-3806,7724,361,60,-299,-3024
2876,6368,5576,-721,381,-426,-3024
-3336,-2500,8750,284,-116,-2,-3008
-392,-1358,8658,307,-572,83,-3008
-812,1954,9054,-798,554,-301,-3056
-3162,-9038,13538,831,-504,167,-2992
3116,20,6376,-441,-108,-369,-3040
-1446,5060,6102,382,283,-278,-3040
-718,-4466,9830,433,139,-15,-3024
926,7250,8434,-735,149,-112,-3024
110,4144,6116,12,50,-10,-3008
1566,1782,6752,-757,173,-231,-3008
-2302,1658,4582,-222,7,-48,-3024
2568,-4624,9468,438,431,-119,-3024
694,600,8382,179,301,-179,-3008
-1164,3996,7330,-463,-206,-178,-3040
-64,-5168,8344,461,-56,-244,-3008
3064,4246,7314,-687,451,-426,-2992
-2342,-5278,11468,299,-59,24,-3024
1082,-3664,9024,243,-665,103,-3040
1694,6154,4950,-663,464,-313,-3040
-5138,-8312,10918,736,-264,138,-3024
3942,3202,7954,-568,-66,-277,-3056
-718,2080,6176,708,372,-361,-3040
-1466,1144,8350,51,-193,-6,-3008
428,8516,5172,-331,279,-195,-3024
1246,-3538,12146,201,268,-23,-3024
2814,5370,7234,-1123,239,-175,-3040
-1974,-146,5744,-44,-42,-130,-3040
1346,-6060,7970,209,173,-93,-3040
472,594,9546,260,478,-211,-2992
-450,2328,9492,-311,20,-119,-3024
-14,-3578,7796,406,-61,-254,-3040
2698,5718,4550,-593,424,-418,-3024
-2928,-3714,10472,299,5,-12,-3024
-638,-968,9310,209,-636,145,-3008
-8,3180,8484,-787,537,-307,-3040
-3660,-9450,13166,782,-501,195,-3040
3540,1160,7092,-433,-119,-397,-2992
-1400,5000,5364,359,241,-262,-3024
-1024,-3012,8878,458,149,-55,-3040
554,7884,7702,-760,180,-103,-3040
704,2288,7634,91,104,11,-3024
-40,-6250,8636,-761,193,-199,-3024
-2550,1328,4736,-256,-24,-55,-2992
2520,-5778,9436,437,408,-137,-3040
-560,2006,7866,90,270,-180,-3008
-1282,3152,8096,-421,-202,-157,-3024
56,-5464,8172,448,0,-274,-3056
3030,5424,6432,-682,468,-413,-3008
-2218,-5704,11428,290,-138,42,-3008
788,-3538,9216,313,-672,119,-3024
2070,6244,4702,-697,505,-326,-2992
-5138,-8080,10872,731,-296,163,-3040
3952,3556,7682,-559,-77,-294,-3008
-444,1436,6484,730,366,-381,-3024
580,-6180,11640,90,-142,-18,-3024
458,8334,5182,-368,277,-190,-3072
1310,-3902,12196,217,227,-6,-3008
788,-1190,6468,-1077,156,-176,-3008
-1722,-868,6596,-74,-92,-106,-3024
1206,-6420,7484,292,214,-124,-3024
382,1424,9276,196,542,-267,-3040
-730,1674,9528,-271,-79,-140,-3040
224,-3674,7988,131,-169,-261,-2992
2342,6282,4286,-387,321,-445,-3024
-1604,-5126,9384,155,149,-75,-3008
-666,-1104,9318,132,-698,145,-3040
3162,8128,3262,-334,313,-356,-3024
-4632,-3282,9410,190,-314,47,-3008
1812,4780,5498,-304,-235,-173,-3040
1846,-3752,10578,785,574,-448,-3008
-1124,-3000,8930,-260,-229,-14,-3024
308,5994,5884,-112,92,-126,-3024
484,-5822,11726,232,274,-36,-3008
2112,2996,7340,-1175,269,-159,-3040
-2488,1702,4374,38,-98,-69,-3040
516,-3700,5912,98,53,-143,-3056
250,2074,7068,188,454,-220,-2992
-1150,2532,8352,-170,83,-160,-3008
594,-2216,9482,4,-161,-248,-3008
1688,3906,4132,-87,170,-420,-3024
-1908,-6320,11458,64,273,-134,-2992
-2470,1640,7586,-15,-719,216,-3040
4284,5272,6178,-167,324,-375,-3008
-5214,-6986,10498,-108,-292,19,-3024
3592,3788,7284,-160,-307,-138,-3024
3246,-8776,12148,797,683,-460,-2992
-1850,3456,8380,-67,-288,-2,-3008
602,7302,5158,-195,211,-150,-3024
1244,-4360,12594,186,280,-52,-3024
2240,5832,6874,-1101,249,-129,-2976
-868,-1418,7058,0,1,-106,-3008
614,-5950,7176,44,-48,-91,-3024
554,998,9008,225,472,-217,-2992
-476,2268,8806,-209,85,-137,-3024
18,-3110,8576,-40,-183,-216,-3040
2464,5720,3936,-175,212,-438,-3008
-1084,-4474,8756,-54,271,-160,-2992
-1090,-84,8896,43,-687,257,-3024
3528,7670,3670,-48,308,-323,-3008
-4228,-1624,9456,-65,-355,47,-3008
760,5098,4538,-63,-371,-60,-2992
2388,-5880,11986,752,701,-460,-3024
-1228,6388,8358,-408,-128,-15,-3008
1024,3024,7390,225,92,-148,-3008
-502,-4556,10574,-271,-48,-13,-2992
2684,4590,7118,-944,345,-100,-3024
514,-7056,11206,51,424,-171,-3008
282,-1434,5738,-307,-223,-26,-3040
18,1496,5894,277,325,-167,-3008
-586,2392,9150,-126,179,-183,-3024
622,-1714,9688,-151,-141,-214,-3040
1772,2854,5236,-8,154,-427,-3040
-1548,-6210,10564,-23,274,-208,-3008
-444,-1518,9168,-11,-697,204,-3040
4732,1694,8468,12,308,-324,-3024
-5308,-4838,9616,-114,-319,14,-3024
2578,4822,6198,-35,-353,-97,-3040
3124,-8662,10696,737,724,-507,-3040
-1394,5272,8572,-399,-165,-15,-3024
482,6240,5394,189,77,-171,-3024
-1710,1146,7968,-294,-36,-61,-3008
1366,6570,5242,-891,308,-119,-3008
-102,-2880,8918,25,425,-190,-3024
166,-4826,6296,-259,-210,-42,-3024
696,906,4558,269,271,-217,-3056
-376,2766,7596,-23,275,-200,-3008
350,-2970,9768,-265,-24,-198,-3040
1888,-840,9638,267,88,-380,-3024
-528,-3072,7754,-386,241,-256,-3024
-1964,966,8038,26,-658,241,-3040
4376,-3502,9716,420,392,-290,-3040
-2980,-128,10106,-700,-9,-72,-3024
-348,4982,3914,294,-704,18,-3024
2720,-4194,6874,385,451,-515,-3040
-1226,6632,7308,-295,141,-105,-3008
1472,782,9620,621,247,-82,-3024
-1358,-2862,8974,-746,-285,-24,-2992
238,6616,3770,-563,193,-115,-3024
486,-7234,11094,-101,594,-197,-3040
312,-466,6606,-430,-151,-9,-3040
2834,-2762,8114,406,303,-211,-3024
-1238,3116,5850,-63,79,-126,-2992
546,-1302,9148,-277,5,-194,-3008
1898,1668,6524,349,149,-390,-3024
-1616,-5552,9632,-421,253,-237,-3024
-3494,1446,6536,53,-633,218,-3008
4778,430,9124,416,341,-256,-3040
-4790,-3416,9486,-648,-163,-35,-3008
-1870,326,7674,349,-685,-1,-3024
2962,-7834,9504,430,503,-494,-3056
-1226,5220,8750,-321,119,-104,-3024
1742,-4212,12816,518,170,-101,-3040
-1404,2046,8044,-564,-189,-59,-3040
1036,7564,4572,-719,237,-103,-3008
-16,-4086,9778,-34,539,-170,-3024
84,2246,7196,-425,-139,-23,-3024
1236,308,5146,354,232,-198,-3040
-644,1868,7504,-9,137,-184,-3008
-620,1036,6344,-370,59,-207,-3024
1770,-1386,9526,503,197,-361,-3024
-366,-2828,8172,-667,292,-357,-3040
-3838,-56,7628,69,-639,216,-3040
4348,-3710,9784,621,166,-159,-3024
-2622,148,9872,-854,212,-149,-2992
-2514,-5836,12342,570,-718,65,-3008
2824,-3662,6764,108,236,-541,-3040
-1360,6438,7066,-3,263,-146,-3056
1536,584,10002,681,303,-101,-3024
-222,6416,8678,-868,-199,-89,-3056
-54,6412,4058,-269,-37,-85,-3040
588,-7198,10942,-42,569,-165,-3024
336,-248,6840,-441,-156,-21,-3024
2976,-2880,8252,404,293,-168,-3008
-1392,2480,6184,-78,132,-116,-3008
700,-14,8540,-324,20,-170,-3024
1452,376,6980,470,215,-364,-3024
1436,2252,7110,-651,234,-267,-3024
-3314,864,6714,132,-538,204,-3040
4750,-62,9498,560,208,-205,-3008
410,3240,8352,-856,262,-118,-2992
-2068,16,7812,540,-735,100,-3024
2992,-7186,9140,32,189,-513,-3040
-1442,4794,5182,-28,277,-144,-3008
1618,-4376,13078,630,246,-57,-3024
-1282,2404,8004,-812,-155,-67,-3024
724,1834,8236,-339,-14,-55,-3040
-8,-5688,8002,-255,443,-192,-3040
184,2110,7368,-465,-5,-28,-3008
1028,-28,5288,472,310,-182,-3040
-366,1032,8290,20,72,-155,-3024
-888,2064,5814,-403,-45,-170,-3024
1460,-2744,10246,569,181,-320,-3040
3120,5678,6124,-787,386,-365,-3008
-3752,-456,7862,178,-476,174,-2992
4008,-4718,9874,672,-138,-53,-3056
2468,7004,4044,-894,529,-275,-3040
-2770,-7302,12986,822,-565,143,-3040
3010,-2132,6484,-408,-107,-406,-3024
-1572,5994,6802,335,254,-252,-3024
48,-6218,11018,501,202,-62,-3008
370,6922,8608,-771,163,-99,-3008
-196,5182,4888,-39,-60,-6,-3008
1402,256,6200,-714,200,-250,-3024
-2124,1782,5386,-263,20,-68,-3024
2752,-3664,8976,443,411,-128,-3040
742,380,9180,97,251,-223,-3040
-1690,3544,6510,-421,-197,-140,-3024
500,-4646,9030,419,5,-264,-3056
2458,5696,3666,-654,438,-420,-3008
-2586,-4842,11242,266,-122,10,-3008
1558,-4042,8844,284,-642,93,-3024
1222,4782,6522,-656,458,-363,-3024
-4474,-8942,11890,714,-264,130,-3008
3790,2336,7968,-510,-90,-322,-3040
-1226,3146,5384,671,364,-395,-3024
-1488,-626,8126,128,-131,-8,-3056
566,8532,6298,-498,278,-137,-3024
1310,-1756,10596,229,214,-40,-3008
2676,4698,7184,-1082,165,-204,-3040
-2216,396,5158,-15,-62,-114,-3024
1886,-6420,8830,220,224,-165,-3024
276,1540,5656,247,437,-215,-3008
-538,2646,8986,-307,12,-159,-3040
-324,-4164,7820,83,-225,-218,-3024
1782,2904,5296,-217,223,-448,-3040
-1508,-6482,10634,159,258,-102,-3040
-456,-1390,9396,7,-723,206,-3072
2780,8846,2600,-414,332,-380,-3056
-5358,-4508,9406,337,-300,106,-3040
2476,5016,5938,-403,-123,-213,-3008
1340,-2552,9984,789,626,-426,-3024
-1288,5556,8682,-307,-306,-29,-3008
484,6100,5326,-90,148,-167,-3040
596,-5696,12064,120,204,-35,-3008
2210,2834,6920,-1073,336,-134,-3024
12,-3470,9426,20,105,-171,-3024
98,-4440,6212,-89,-177,-60,-3008
754,1054,7634,268,434,-237,-3040
-754,2784,7344,-109,218,-129,-3024
504,-2980,9838,-74,-142,-221,-3024
2186,4508,3702,40,126,-406,-3008
-324,-2598,7820,-142,259,-147,-3008
-2074,1028,7844,18,-676,194,-3008
4064,6168,5662,88,335,-296,-3056
-2852,-106,9900,-401,-306,8,-3008
-458,4808,4078,41,-457,-75,-3040
2992,-7742,12194,690,667,-494,-3008
-1426,1504,8418,-380,-31,-6,-3024
1348,914,9910,244,18,-108,-3056
-1106,-3006,8808,-328,-82,-70,-3008
2582,6340,7052,-907,395,-99,-3008
296,-7566,11206,46,465,-131,-3024
416,-424,6628,-377,-253,-45,-3024
526,2048,4438,358,301,-220,-3008
-1336,3036,6062,-40,150,-112,-3040
622,-824,8908,-287,23,-182,-3024
1720,1256,6786,367,135,-357,-2992
1666,2020,7226,-539,237,-253,-3040
-3494,1524,6528,63,-634,257,-3040
4756,138,9334,455,327,-260,-3040
-4748,-2724,9226,-802,6,-78,-3024
-2006,454,7634,363,-727,60,-3024
3042,-7780,9360,266,393,-492,-3008
-1236,5410,8794,-209,207,-88,-3008
1710,-4374,12998,546,180,-88,-3024
-1306,2430,7800,-675,-189,-54,-3024
776,7150,4666,-623,118,-56,-3024
-22,-6088,8260,-93,550,-204,-3008
126,1838,7426,-432,-84,-3,-3040
1332,492,5080,375,256,-187,-3040
-740,1896,7352,-6,92,-168,-2992
-618,1132,6090,-362,2,-179,-2992
1746,-1842,9772,536,233,-346,-3040
-298,-2168,7836,-706,274,-301,-3008
-3782,-808,7962,151,-620,190,-3024
4148,-3568,9732,577,147,-146,-3024
-2442,184,9840,-833,333,-165,-3040
-2518,-6346,12424,558,-685,108,-3008
2886,-3178,6798,-55,103,-506,-2992
-1450,6216,6914,12,224,-181,-3056
408,-6144,11400,666,332,-102,-3040
-232,6538,8686,-890,-105,-106,-3040
-38,6260,4302,-196,-70,-49,-3024
526,-7422,10686,-387,414,-214,-3024
-1738,2070,5758,-405,29,-12,-3024
2916,-2768,8286,470,398,-194,-3040
-1070,2132,6348,-3,84,-193,-3008
-1214,2960,6130,-397,-129,-166,-3024
648,-4726,9692,559,182,-329,-3024
1874,2254,7142,-798,407,-379,-3008
-2964,-4572,10722,298,-361,98,-3040
2328,-4244,9076,475,-291,-24,-3024
534,3768,7640,-798,550,-314,-3024
-3902,-9760,12888,793,-425,175,-3040
3720,1762,7178,-452,-86,-414,-3040
-1488,4274,5290,451,290,-317,-3024
1646,-4824,12994,444,134,-46,-3024
828,8036,7284,-665,238,-135,-3008
746,830,8836,58,57,-19,-3008
212,-5118,7678,-745,154,-217,-3040
-2280,1372,4400,-224,-6,-80,-3024
2084,-5686,9390,434,419,-148,-3056
-120,874,8494,135,313,-214,-3008
-840,3392,8522,-449,-174,-192,-3040
-458,-4970,7830,451,-37,-262,-3040
3266,5370,6208,-691,490,-453,-3040
-3774,-980,8406,292,-79,18,-3024
390,-2796,9454,340,-622,56,-2992
2396,7476,3520,-692,446,-365,-3072
-2750,-7842,13248,784,-294,165,-3008
3400,3992,7064,-538,-88,-308,-3024
270,250,8054,649,318,-362,-3024
-92,-6044,10376,44,-177,-26,-3008
304,7508,4910,-456,311,-154,-3008
1070,-5170,12598,247,223,-24,-3024
1766,968,6524,-1087,219,-169,-3024
-690,-2422,8156,-74,-66,-103,-3040
440,-5448,6628,225,128,-106,-3008
640,882,8782,232,513,-197,-3024
-1632,3282,6894,-266,26,-150,-2992
472,-4750,8816,319,-74,-233,-3008
2334,5336,3770,-642,437,-392,-3008
-2450,-4922,11212,281,14,-1,-2992
1340,-3882,8840,230,-647,103,-3024
3750,6948,4430,-544,422,-367,-3040
-4588,-8772,11734,643,-248,155,-3008
3690,2802,7702,-462,-94,-259,-3024
-908,2600,5682,693,408,-390,-3024
-1554,72,8010,58,-159,-6,-2992
480,8534,6058,-346,215,-148,-2976
1306,-2260,10940,243,245,-48,-3008
2524,5052,7212,-1168,212,-169,-2992
-2112,188,5326,6,-45,-97,-3024
1734,-6446,8764,109,104,-122,-3008
382,1728,5314,262,481,-192,-3072
-600,2238,9214,-232,91,-154,-3024
-186,-4162,7828,81,-211,-210,-3024
1776,2316,5654,-203,198,-455,-3008
-1486,-6130,10356,113,267,-151,-3008
-528,-1592,9344,-9,-729,212,-3024
2872,8518,2680,-219,298,-367,-3024
-5308,-4612,9310,177,-312,45,-3024
2348,4892,6128,-314,-161,-166,-3024
1380,-2672,9806,802,661,-484,-3008
-1270,5606,8580,-334,-298,-4,-3008
358,6194,5432,47,76,-174,-3024
586,-5982,12296,23,172,-50,-3056
1302,7160,4976,-1052,366,-143,-3008
-2794,1064,4814,3,-34,-98,-3008
216,-4304,6168,119,69,-99,-3024
672,1536,7502,237,526,-238,-3024
-1494,2042,8458,-220,10,-124,-3040
738,-2298,9478,63,-182,-224,-3008
1884,3734,4178,-169,247,-394,-2992
-2084,-5502,11140,49,205,-97,-3024
-2004,1218,7760,72,-660,206,-3008
3958,5674,5802,-269,336,-278,-3008
-4968,-7256,10706,215,-333,83,-3040
3632,3196,7638,-219,-275,-153,-3024
2926,-7406,12006,763,628,-416,-3024
-1396,1738,8450,-313,-224,-22,-3040
334,7964,5244,-37,63,-133,-3008
-1036,-2986,8936,33,182,-44,-3056
2430,6042,7030,-1129,371,-93,-3024
-1804,-928,6178,119,188,-121,-3040
552,-414,6608,-172,-162,-78,-3008
198,1894,4494,294,349,-182,-3024
-460,1404,9590,-62,202,-159,-3024
586,-850,8912,-227,-48,-220,-3040
1654,1072,6758,146,97,-407,-3040
-1310,-5300,9626,-200,295,-171,-3008
-790,-858,9220,-4,-668,240,-3056
4814,232,9318,132,347,-287,-3024
-4892,-3164,9394,-460,-275,-3,-3040
1824,4892,5406,97,-522,-39,-3040
2962,-7930,9386,602,666,-549,-3024
-1380,5736,8578,-377,-236,17,-3008
834,5074,5932,31,96,-181,-3040
124,-5058,11590,12,223,-85,-3040
2162,2916,7212,-1067,306,-129,-3008
354,-4480,9966,32,88,-130,-3008
208,-3478,6058,-64,-155,-75,-2992
552,866,7220,254,423,-245,-3024
-658,2202,7100,-145,227,-173,-3040
618,-2256,9662,-89,-132,-194,-3008
1830,3836,4094,32,133,-449,-3024
-2164,-5640,11088,-135,242,-196,-3056
-2354,872,7638,59,-677,215,-3008
4376,5424,6226,-4,332,-303,-3008
-5172,-6994,10392,-182,-367,7,-3008
-472,4104,4500,-3,-421,-77,-3056
3016,-7902,11972,710,698,-494,-3024
-1548,2564,8260,-413,-80,-34,-3008
1680,-90,10372,260,101,-185,-3008
-1712,-1806,8594,-332,-77,-28,-3024
2604,6142,6668,-892,306,-103,-3024
528,-7496,10774,91,440,-158,-3008
466,388,6876,-344,-212,-78,-3008
182,1382,4500,292,240,-210,-3024
-252,2088,9084,-7,269,-152,-3024
286,-502,8528,-324,52,-199,-3040
1648,826,7534,335,106,-353,-3008
-1228,-5214,8976,-517,259,-274,-3056
-3844,1758,6076,47,-649,247,-2992
4926,-1248,9894,109,360,-290,-2976
-4538,-2024,9442,-293,-352,23,-3040
1318,5136,4670,68,-497,-61,-3024
2820,-6912,8444,606,685,-524,-3008
-1280,6226,8578,-422,-37,-41,-3040
904,3926,6686,356,87,-145,-3040
-336,-4610,10866,-443,-97,-55,-3056
522,7360,4184,-811,279,-85,-3024
518,-5392,10502,19,499,-246,-3008
8,-2688,6222,-356,-218,-43,-3040
1532,-352,5944,279,234,-213,-3040
-824,2632,6538,-18,256,-173,-3056
516,-2452,10092,-279,30,-161,-3024
1642,-2684,10430,350,113,-388,-3008
434,-720,7342,-446,226,-283,-3040
-2786,1290,7282,-11,-626,262,-3040
4702,4262,7382,503,326,-273,-3024
-1328,1318,9822,-721,-46,-110,-3024
-1444,3374,4930,278,-686,28,-3024
3022,-8784,11476,342,468,-527,-3008
-1554,5810,6050,-296,177,-92,-3008
2066,-2304,11916,661,261,-102,-3024
-1970,30,8042,-758,-279,-53,-2992
324,4288,5780,-448,74,-135,-3008
328,-7028,9522,-133,533,-242,-3008
60,1634,7262,-472,-115,-5,-3024
3054,-4708,9280,467,332,-223,-3072
-1296,2136,7052,-14,124,-186,-3008
8,956,7170,-300,5,-189,-3040
1558,-1334,9034,413,156,-362,-3024
-430,-3716,8412,-524,257,-287,-3024
-3618,-36,7152,66,-577,250,-3040
4500,-3460,10228,543,224,-193,-3040
-3194,202,9240,-879,122,-104,-2992
-2538,-5306,11476,571,-741,108,-3008
2800,-3864,6990,117,326,-510,-3040
-1290,6254,7720,-135,271,-121,-3040
1146,1318,8962,632,220,-60,-3056
-242,5554,8270,-802,-237,-53,-3024
160,7384,3828,-464,94,-60,-3024
500,-7604,11154,-184,501,-217,-3040
-1258,2076,6488,-475,-32,-10,-3008
2406,-2598,7554,499,341,-148,-3056
-1188,2598,6466,-9,133,-137,-2992
-1508,3346,5800,-388,-117,-151,-3008
1174,-4024,10016,534,201,-303,-3040
1464,1670,7300,-802,358,-393,-2992
-3150,-2804,9936,146,-479,135,-3008
2554,-5086,9080,661,-107,-53,-3040
404,3018,8614,-881,524,-212,-3040
-2158,616,7322,782,-501,171,-3056
3548,1188,7050,-297,-81,-452,-3024
-1544,4728,5204,200,259,-207,-3024
1948,-4696,13182,664,288,-27,-3024
922,8230,7634,-863,40,-136,-3040
634,1950,7974,-86,-29,-27,-3040
52,-5854,8086,-121,592,-211,-3008
-194,2048,7474,-424,-43,-11,-2992
1614,-322,5318,496,338,-203,-3024
-902,1478,8286,-26,42,-133,-3040
-558,1992,5910,-336,-68,-211,-3008
1548,-2740,10114,476,206,-334,-3024
2718,6048,5888,-790,356,-381,-3040
-3472,-2252,8516,243,-454,140,-3040
3812,-3746,9534,587,-9,-114,-3040
-1950,1268,9252,-825,480,-208,-3024
-2762,-7198,12770,695,-627,121,-3024
3004,-1882,6528,-183,22,-463,-3024
-1316,5396,6864,219,243,-243,-3008
-56,-5358,10844,565,255,-76,-3040
330,6280,8778,-799,25,-100,-3024
-52,5946,4614,-191,-21,-64,-3024
814,-412,6396,-525,284,-215,-3008
-1720,2130,5492,-324,16,-79,-3008
2504,-3858,9002,522,451,-173,-3024
-886,2732,6262,56,102,-200,-3024
-1376,4306,6012,-460,-213,-155,-3008
574,-5232,9416,500,99,-262,-3008
2516,2706,7508,-785,501,-438,-3040
-2788,-4612,11212,296,-241,78,-3024
1954,-4434,8770,506,-401,17,-3056
774,4318,7170,-800,520,-324,-3040
-4304,-9890,12600,847,-400,169,-3008
3992,2060,7644,-571,-104,-342,-3024
-1504,4132,5292,217,245,-236,-3008
1908,-5890,12964,638,326,-20,-3008
-1316,4026,8232,-841,42,-84,-3008
794,-296,9838,-92,-92,-12,-3056
414,-4246,7252,-471,318,-239,-3024
-688,1720,7338,-256,21,-23,-3008
2020,-6014,8952,460,416,-160,-3040
70,1440,8910,45,140,-191,-3008
-1244,2348,5462,-441,-176,-143,-3008
1520,-3074,10136,483,129,-290,-3024
2858,6032,5272,-759,444,-405,-3024
-3546,-2320,9288,295,-298,109,-3008
3430,-4518,9232,484,-385,25,-3072
2292,7060,3540,-779,499,-299,-3024
-2806,-7932,13094,791,-402,130,-2992
3228,-1360,6856,-482,-93,-388,-3072
606,-758,8622,446,240,-305,-3008
-296,-5354,10042,389,65,-77,-3024
210,7056,8674,-644,209,-111,-3024
1022,-5136,12570,177,119,1,-3040
1472,908,6766,-871,153,-228,-3008
-2276,2008,4914,-174,-51,-60,-3040
2770,-4228,9428,365,378,-159,-3024
786,678,8730,152,351,-209,-3056
-1570,3658,6890,-424,-148,-198,-3040
204,-5360,8574,367,-116,-270,-3040
2302,6058,2944,-591,406,-449,-3024
-2544,-5036,11636,327,61,-24,-3056
1370,-4502,9006,503,-459,4,-3008
1496,6018,5804,-874,536,-292,-3008
-2190,-3894,11082,860,-313,173,-2992
4084,2762,7746,-548,-95,-378,-3024
-1088,2948,5506,554,286,-292,-3008
990,-6536,12662,372,68,-28,-3040
634,8586,5952,-602,250,-124,-3024
1146,-2612,11326,166,135,10,-3024
696,-2178,6612,-970,147,-158,-3040
-1886,52,5610,-167,-30,-94,-3040
1412,-6186,8344,422,320,-121,-3008
180,1100,9102,162,465,-210,-3024
-974,2394,9064,-326,-147,-103,-3008
80,-3796,7864,234,-136,-248,-3040
2812,5532,5052,-498,467,-411,-3040
-3064,-3176,9916,191,81,-19,-3024
-476,-1190,9318,211,-702,146,-3024
2874,8036,3052,-567,381,-348,-3024
-3384,-9124,13384,612,-239,137,-3024
2090,4662,5806,-446,-94,-206,-3040
1610,-2898,10394,687,400,-384,-3040
-1228,-3540,8746,-63,-242,-13,-3024
166,5930,5642,-238,163,-112,-3040
586,-5842,12018,264,284,-33,-3040
2288,3474,7120,-1231,268,-168,-3008
-2698,1444,4258,95,-16,-110,-3024
422,-3666,5738,98,42,-72,-2992
260,2056,6986,191,496,-206,-2992
-1260,2224,8594,-289,-183,-149,-3008
328,-4534,7972,173,-116,-264,-3024
2706,6184,6098,-526,391,-421,-2992
-1736,-5930,11296,220,79,-54,-3008
110,-2630,8734,111,-717,135,-3008
2486,7456,3950,-511,416,-364,-3040
-5196,-6292,10106,479,-253,98,-3024
3402,3946,7280,-432,-113,-244,-3024
208,42,7502,751,537,-423,-3008
-1736,3696,8256,-133,-308,-13,-3040
492,7172,5204,-171,189,-198,-3024
1262,-4846,12488,174,267,-14,-3024
1972,6066,6578,-1139,279,-142,-3040
-802,-1594,7298,32,49,-140,-3008
720,-5648,7164,-13,-51,-76,-3024
370,992,8860,273,460,-196,-3056
-432,1970,8750,-178,92,-172,-2992
272,-2984,8684,-75,-164,-242,-3040
2466,5154,4032,-101,202,-369,-3008
-990,-4168,8560,-66,289,-165,-3024
-1350,-140,8824,25,-683,194,-3024
3434,7520,4044,-27,326,-319,-3008
-3994,-1616,9520,-97,-321,46,-3040
686,4674,4586,-12,-399,-80,-2992
2614,-5916,11802,720,698,-489,-3024
-1086,6278,8134,-393,-111,13,-3040
996,3162,7640,201,62,-133,-3008
-634,-4464,10318,-160,46,-28,-3040
2648,5082,7130,-1024,371,-137,-3008
444,-6456,11024,76,340,-107,-3024
320,-1660,6122,-236,-187,-51,-3056
114,1800,5636,298,277,-203,-3008
-828,2706,6254,-45,198,-155,-3008
718,-1604,9724,-309,10,-181,-3024
1716,2494,5376,269,96,-367,-3024
1132,244,7344,-462,275,-263,-3008
-3262,2122,6446,62,-621,282,-3008
4774,1760,8506,282,341,-276,-3008
-5360,-4284,9548,-658,-157,-38,-3024
-1462,1878,6350,229,-638,-9,-3024
3068,-8466,10394,447,518,-488,-3008
-1412,5020,8756,-333,91,-54,-3008
2000,-3222,12470,535,158,-131,-3024
-1744,1132,7750,-580,-188,-39,-3024
1314,6510,5620,-581,138,-76,-3040
222,-6912,9238,-23,558,-199,-3008
378,1132,7634,-391,-76,-10,-3024
500,1386,4410,307,132,-159,-3024
-534,2562,6994,22,113,-213,-3040
-568,-68,6920,-408,73,-199,-3008
2046,-524,9292,497,210,-330,-3040
-890,-3590,7966,-670,321,-339,-3024
-4024,772,6858,86,-685,246,-3056
4534,-3158,9828,623,193,-179,-3040
-3316,-636,10196,-863,195,-110,-3040
-2068,-3672,11324,583,-740,69,-3024
2700,-5498,7396,70,258,-529,-3024
-1288,6680,7528,-20,231,-172,-3040
1228,-6384,12148,717,348,-113,-3040
-790,5630,8492,-879,-99,-88,-3024
40,6566,4176,-259,-62,-88,-2992
740,-2282,6726,-383,407,-228,-3008
-1356,2086,6496,-380,20,-27,-3008
2524,-1716,7542,415,324,-230,-3008
-980,2422,6032,-13,124,-187,-3024
-1430,2618,5646,-381,-117,-152,-3024
1194,-3954,10134,518,229,-329,-2992
1216,1280,7302,-778,337,-367,-3024
-3280,-3634,10270,240,-480,166,-3008
2860,-4572,8938,625,-109,-84,-3008
-178,2758,8762,-845,489,-267,-3024
-3352,-9110,13244,785,-489,136,-3072
3536,368,7128,-375,-29,-434,-3040
-1454,4694,5258,272,309,-266,-3008
1770,-4050,12942,551,238,-46,-3056
638,7754,7922,-780,75,-110,-3024
566,2592,7370,15,16,-29,-3040
104,-6348,8640,-637,220,-216,-3008
-2478,1374,4520,-309,4,-100,-3008
2604,-5564,9694,467,441,-175,-3024
-706,1866,7584,55,209,-207,-3024
-1334,2886,8034,-430,-195,-200,-3008
8,-5192,8296,530,76,-281,-3008
2850,4920,6746,-691,469,-434,-2992
-2208,-5538,11508,237,-131,13,-2976
712,-3406,8926,399,-591,47,-3008
2156,7092,4520,-798,536,-326,-3040
-2562,-6118,12536,803,-277,166,-3024
3900,3610,7600,-599,-133,-363,-3024
-392,1796,6324,659,346,-345,-3008
288,-6498,11830,216,-88,-19,-3040
472,8238,5276,-566,270,-158,-3040
1236,-4340,12258,265,185,-10,-3024
1104,-220,6222,-1032,158,-204,-3024
-1346,-1286,6866,-87,-57,-96,-3008
1028,-6032,7506,293,262,-153,-3008
306,1416,9026,182,490,-194,-3024
-734,2068,9062,-215,-44,-104,-3072
216,-3102,8176,93,-177,-271,-3008
2388,4828,4690,-325,406,-396,-3008
-2562,-4462,10840,95,173,-65,-3024
-1056,-130,8954,115,-714,180,-3024
3270,7594,3560,-304,322,-343,-3040
-4132,-8790,12520,244,-287,95,-3040
960,4758,4900,-309,-160,-172,-3008
2446,-5400,11754,695,538,-437,-3008
-1690,-972,8116,-113,-293,-10,-3008
876,8220,6646,-251,214,-134,-3040
-182,-4426,10454,214,270,-26,-3024
2458,4330,7546,-1183,251,-122,-3024
-2234,516,4684,95,34,-141,-3040
402,-2188,5900,19,11,-106,-3040
120,1900,5860,226,416,-181,-2992
-744,2110,9102,-118,118,-153,-3024
652,-1540,9508,-148,-140,-187,-3008
1672,2764,5258,-36,157,-411,-3040
-1504,-5942,10662,-120,300,-182,-3056
-384,-1934,9132,-17,-690,265,-3024
4636,2192,8012,92,333,-288,-3008
-5340,-4598,9594,-272,-314,31,-3008
2810,4566,6358,-33,-336,-107,-3008
3118,-9120,10978,686,733,-476,-3024
-1596,5218,8572,-390,-168,-19,-3056
642,6122,5254,286,55,-112,-3040
-1784,1632,7634,-291,-29,-42,-3008
1402,6568,5466,-830,307,-114,-3056
-18,-3134,8906,44,355,-157,-3040
58,-4420,6274,-206,-213,-42,-3072
722,994,4590,295,260,-199,-3024
-514,2204,7664,-56,228,-196,-3024
538,-2918,9798,-226,11,-188,-3040
1806,-1274,9706,206,81,-359,-3040
-440,-2778,7744,-406,267,-249,-3024
-2018,892,7914,53,-646,261,-3056
4300,-3242,9596,372,354,-227,-3008
-3052,-300,9812,-590,-184,-46,-3008
-126,4498,4306,202,-573,-27,-3040
2800,-7418,12118,479,525,-484,-3024
-1192,6474,7326,-372,64,-11,-3024
1518,1076,9392,517,138,-126,-3008
-1188,-3046,9178,-540,-198,-74,-3040
2572,5720,6916,-998,338,-125,-3024
-1908,-484,5866,104,276,-155,-3024
378,-658,6574,-187,-194,-77,-3024
160,1626,4664,277,259,-196,-3040
-250,2000,9628,-57,266,-193,-3008
538,-1540,9514,-269,-18,-212,-3024
1774,1850,6396,188,100,-397,-2992
-1632,-5490,9430,-342,249,-240,-3008
-3840,2094,5882,7,-635,213,-3008
4978,156,9556,354,369,-270,-3024
-4998,-3092,9456,-592,-230,-41,-3024
-1798,290,7788,248,-673,-32,-3008
2882,-8026,9272,520,648,-529,-3008
-1260,5952,8780,-391,52,-56,-3008
640,5336,5624,486,117,-135,-3024
-1570,2620,7762,-514,-174,-78,-3024
830,7012,4726,-649,185,-78,-3040
348,-4178,9924,30,547,-197,-3008
-64,1424,7772,-405,-134,-37,-3024
1376,396,5094,323,174,-225,-3024
-706,2346,7074,-40,136,-179,-3040
-924,516,6272,-317,24,-154,-3008
2008,-1300,9648,441,196,-367,-3056
-442,-2706,7754,-596,260,-320,-3024
-3908,-736,7776,73,-637,240,-3008
4224,-3698,9862,568,246,-199,-3008
-2630,472,9816,-837,84,-131,-3040
-418,4156,4416,504,-721,82,-3024
2804,-3756,7020,188,326,-490,-3056
-1376,6526,6944,-106,229,-139,-3008
1468,-10,10106,702,271,-86,-3040
-386,6410,8466,-849,-205,-47,-3024
120,6224,4498,-348,0,-77,-3056
452,-7426,10698,-285,453,-211,-3040
-1798,2148,5902,-470,-71,-19,-3040
3016,-3124,8290,487,389,-184,-3024
-1344,2382,6390,-61,94,-166,-2992
602,-24,8540,-325,7,-158,-3008
1560,134,7186,456,190,-383,-3008
1560,2952,6930,-588,207,-270,-3040
-3418,1124,6704,105,-633,254,-2976
4796,-364,9690,520,270,-188,-3024
718,3732,8102,-838,154,-160,-3008
-2140,-1348,8372,482,-716,59,-3008
3056,-7120,8836,206,395,-515,-3040
-1332,5402,8680,-68,298,-133,-3024
1506,-4916,13102,613,172,-69,-3024
-1166,2900,7826,-777,-173,-76,-3008
576,7556,4316,-413,30,-75,-3008
60,-5442,7848,-215,447,-225,-3056
-100,2176,7330,-494,-27,-51,-3024
1510,-282,5562,479,335,-216,-3072
-538,1398,8328,-19,111,-173,-3008
-1012,2356,5782,-398,-71,-172,-3008
1702,-2902,10198,550,233,-313,-3024
2936,5478,6308,-761,394,-388,-3040
-3626,-984,8262,165,-524,143,-3008
3882,-4756,9738,650,-35,-124,-3040
-1470,1150,9736,-917,530,-243,-3024
-2828,-7468,13300,764,-552,148,-3024
3020,-1598,6464,-367,-87,-456,-3008
-1566,5962,6352,246,264,-227,-3008
-232,-5618,10480,560,194,-76,-3024
580,7214,8322,-818,114,-115,-3056
42,4994,5446,56,-5,-52,-3008
342,-7162,9672,-261,478,-204,-3008
304,960,7308,-408,9,-24,-3024
2994,-4682,9350,488,356,-145,-3024
-1172,2064,6952,2,61,-146,-3008
108,860,7422,-376,-99,-156,-3008
654,-4504,8894,493,229,-306,-3024
2350,4840,6704,-797,348,-374,-3056
-3612,-586,7186,270,-375,113,-3040
1056,-3608,8556,546,-230,-19,-3008
1774,5284,6150,-784,580,-257,-3024
-2530,-4780,11248,800,-474,157,-3024
3744,2768,7834,-474,-99,-370,-3008
-900,2316,5826,401,260,-306,-3040
912,-6026,12292,483,163,-4,-3008
-154,4892,8642,-736,141,-107,-3008
1290,-2446,11452,-10,53,-29,-3024
342,-2056,6230,-687,162,-177,-3024
-1056,2136,6584,-291,5,-59,-3056
1254,-6542,8362,481,439,-126,-3040
458,546,9530,94,189,-181,-3040
-1472,3918,5328,-452,-193,-158,-3056
-268,-3696,7928,424,-53,-220,-3040
2928,6232,4402,-701,449,-442,-3008
-3016,-3398,10394,300,-87,43,-3040
2576,-5166,8988,281,-649,92,-2992
3096,8598,2922,-719,502,-321,-3024
-3664,-10164,13428,764,-273,136,-3040
3678,1330,7128,-602,-76,-286,-3040
1702,-3502,10748,711,374,-352,-3056
-1102,-3430,8704,77,-182,-10,-3024
872,8326,7444,-344,321,-192,-3008
38,-5806,11882,201,211,-8,-3040
2548,3520,6924,-1052,159,-190,-3008
-2860,1046,4780,-24,-73,-105,-3024
-38,-3336,6098,136,103,-127,-3040
634,838,7242,261,478,-218,-2976
-1038,3090,8644,-319,-53,-154,-3040
30,-4350,7572,157,-216,-252,-3040
2010,3926,3876,-443,363,-437,-3008
-2116,-6038,11294,253,142,-8,-3040
506,-2558,9276,159,-682,174,-3008
1920,6976,4006,-458,376,-349,-3056
-5294,-6964,10274,507,-281,120,-3024
3490,3996,7340,-438,-122,-206,-3040
10,684,7312,733,469,-390,-3008
-1470,2152,8526,-127,-246,-16,-2992
280,7944,4888,-249,215,-146,-2992
1422,-4122,12184,183,258,-17,-3008
2306,6558,6528,-1123,297,-158,-3040
-1358,-1564,7040,94,42,-115,-3056
976,-5758,7394,15,-28,-100,-3024
600,610,9242,274,461,-222,-2992
-296,1882,9190,-280,84,-129,-3024
-14,-3212,8244,35,-205,-222,-3040
2612,5848,3960,-235,232,-424,-3040
-1446,-4844,9034,77,266,-121,-3024
-1032,-272,9356,10,-710,207,-3056
3380,8470,3264,-278,336,-335,-2992
-4624,-2254,9504,18,-388,85,-3040
1426,5008,4710,-222,-231,-129,-3040
2270,-4780,11528,748,707,-501,-3056
-1184,6328,8572,-388,-194,-6,-3008
726,4374,6316,133,93,-148,-3040
-210,-5090,11250,-13,144,-54,-3040
2576,4200,7248,-994,337,-110,-3024
482,-5244,10650,76,234,-166,-3024
8,-2722,6100,-235,-270,-31,-3008
864,1184,6536,322,414,-276,-3040
-1150,2294,6768,-149,223,-122,-3024
942,-1554,9470,-157,-68,-209,-3056
1700,3468,4406,195,158,-435,-3072
-80,-1144,7636,-265,241,-218,-3008
-2456,944,7388,43,-656,214,-3040
4414,4524,7034,176,342,-294,-3024
-1868,1142,9760,-544,-187,-65,-3040
-936,3626,4758,140,-546,-43,-3040
3076,-8328,11632,610,654,-515,-2976
-1516,2378,8656,-331,89,-73,-3056
1640,-928,11070,391,68,-148,-3024
-1586,-1730,8438,-451,-184,-67,-3040
2226,6882,6082,-803,274,-132,-3040
212,-7664,10468,66,498,-174,-2992
498,1082,6868,-447,-199,-53,-3056
538,1170,4586,401,291,-223,-3008
-1232,2066,6648,-62,176,-125,-3040
386,412,7900,-351,39,-185,-3024
1464,-482,8066,474,149,-341,-3024
2068,3640,7002,-663,239,-342,-3008
-3652,1320,6478,106,-610,217,-3040
4818,-1638,10058,524,241,-216,-3008
-4172,-1406,9332,-827,65,-87,-3008
-2336,-2730,9730,501,-724,86,-3024
2914,-6156,7774,216,400,-536,-3024
-1384,6098,8594,-95,275,-118,-3008
1346,-6010,13212,610,190,-78,-3008
-842,4366,8014,-747,-226,-85,-3008
80,7404,3796,-429,-2,-74,-3024
250,-3940,6766,-191,491,-197,-3008
-570,1920,7364,-433,22,-36,-3040
1752,-738,6322,420,264,-183,-3008
-904,2616,6378,-3,62,-171,-3056
-1300,2828,5458,-391,-49,-171,-3024
1450,-3622,10414,559,216,-311,-3040
900,-182,7464,-616,267,-320,-3024
-2930,1126,7006,87,-620,242,-3024
3276,-4646,9330,585,215,-195,-3040
-764,1978,9322,-842,161,-146,-3040
-1684,2840,5628,430,-741,91,-3040
3072,-9078,11034,161,281,-501,-3024
-1728,5508,5718,-153,236,-130,-3024
2166,-3066,12214,671,252,-46,-3008
-1862,790,7894,-843,-184,-53,-3008
394,3378,6522,-314,-9,-84,-3024
256,-6810,9190,-248,485,-252,-3024
26,1652,7408,-413,6,-33,-3040
2698,-5212,9618,459,338,-199,-3008
-754,1584,7398,54,71,-193,-3024
-302,1624,6570,-441,-90,-176,-3024
78,-4684,8258,545,169,-335,-3040
2962,5092,6626,-827,390,-400,-3040
-3768,-540,7600,236,-433,118,-3008
4244,-4142,10064,542,-260,-31,-3024
1988,6626,4698,-843,552,-260,-3024
-2574,-6296,12454,825,-447,127,-3008
2832,-3288,6640,-428,-81,-412,-3040
-570,1534,6426,429,239,-279,-3024
600,-6492,11684,481,208,-48,-3056
130,5930,8780,-756,159,-155,-3056
1300,-3834,12304,31,-7,-10,-3040
778,-946,6142,-668,167,-219,-3040
-1724,1898,6096,-289,22,-99,-2976
2420,-2356,8250,428,269,-145,-3024
-872,2600,6262,28,121,-184,-3024
-1696,3978,5760,-425,-148,-174,-3008
864,-4904,9858,570,211,-303,-3040
2022,1876,7838,-780,435,-363,-3024
-2974,-3632,10918,199,-436,139,-3008
2128,-4820,8840,585,-239,-11,-3040
520,3708,7848,-879,558,-233,-3040
-1916,-14,8472,829,-431,189,-3024
3852,1754,7580,-377,-69,-421,-3024
-1630,4268,5060,357,200,-246,-3008
2020,-5472,12960,563,238,-24,-3040
632,8702,6894,-774,171,-110,-3024
858,396,8924,85,-16,6,-3056
164,-4876,7616,-809,192,-221,-3040
-2884,888,4802,-208,-50,-34,-3040
2502,-5932,9232,476,444,-155,-3040
-392,1558,8640,103,288,-207,-3024
-1028,2278,9176,-389,-210,-141,-3040
166,-4246,7514,403,3,-298,-3040
2820,5740,6112,-706,443,-405,-3040
-3636,-1666,8572,315,-94,46,-3024
274,-2634,9370,337,-563,79,-3024
2236,7316,3820,-669,479,-351,-3008
-2716,-7326,13142,713,-271,184,-3008
3348,4168,7060,-532,-131,-283,-3024
336,-220,7784,629,319,-379,-3024
-156,-5642,10546,124,-163,-26,-3008
350,6658,8630,-780,130,-126,-3040
-82,5880,4694,33,62,-35,-2992
902,130,6514,-708,222,-202,-3024
-1984,2340,5232,-245,-51,-93,-3040
2820,-4056,9094,499,409,-184,-3008
512,1174,9028,65,269,-186,-3024
-1548,3338,6236,-394,-230,-137,-2992
828,-4896,9468,441,52,-257,-3024
2398,5906,3910,-694,476,-421,-3008
-2696,-4756,11210,285,-150,68,-3040
2052,-4224,8906,402,-491,44,-3040
844,4144,6992,-735,489,-346,-2992
-4338,-9660,12446,830,-327,158,-3024
4002,2044,7612,-604,-92,-292,-2976
-1396,3762,5142,609,289,-313,-3008
-1684,-1460,8252,171,-90,-25,-2992
762,8372,6568,-527,301,-156,-2992
1036,-124,9752,221,254,24,-3040
2706,4690,7274,-1038,115,-192,-3040
-2602,658,4804,-87,-130,-80,-3040
2342,-6394,9172,303,240,-132,-3056
556,1560,6088,170,479,-214,-3008
-1120,1938,9232,-246,-113,-139,-3040
196,-3930,7598,159,-113,-266,-3040
2620,5718,5858,-360,341,-369,-2992
-1778,-5562,10760,183,91,-65,-3024
154,-1842,9118,144,-690,164,-3040
2462,7214,3726,-444,362,-338,-3040
-2826,-8010,13336,743,-328,120,-3024
3176,3684,7024,-511,-89,-315,-3040
552,-672,8346,574,322,-353,-3040
-458,-4884,10064,270,-39,-34,-3040
602,7096,8406,-504,263,-106,-3056
1282,-4480,12330,187,237,-43,-3024
1170,554,6718,-1040,119,-154,-3040
-1964,2098,4938,-89,-89,-124,-3008
686,-5526,6868,263,292,-146,-3024
448,1264,8610,192,382,-207,-3024
-1276,3282,6830,-302,-32,-225,-3040
152,-2984,8922,189,-127,-245,-3040
2340,5442,3676,-357,269,-424,-3024
-2470,-5330,11616,231,189,-85,-3024
-1656,182,8892,80,-735,193,-3008
3852,7562,4248,-412,357,-364,-3008
-4746,-8926,11708,571,-298,125,-2992
4034,2550,7868,-514,-80,-260,-3024
2830,-7268,12526,732,502,-428,-3072
-1890,576,7920,-75,-313,-19,-3040
806,8204,5738,-333,297,-161,-3040
1084,-2430,11392,188,241,7,-3088
2816,4942,7316,-1071,195,-168,-3024
-1952,-60,5418,-13,29,-155,-3008
1392,-6034,8422,143,16,-116,-3040
460,1480,5178,238,462,-232,-2992
-624,2318,9222,-236,125,-173,-3024
-158,-3802,7908,-24,-199,-192,-3040
1866,2290,5954,-161,193,-413,-3040
-1510,-5476,9824,-41,278,-159,-2992
-530,-1058,9304,45,-674,197,-3024
4952,626,9126,-60,342,-362,-3040
-5018,-3438,9272,-78,-351,43,-3040
2124,4452,5742,-157,-268,-175,-3040
1482,-2898,10234,710,711,-471,-3024
-1196,5442,8734,-385,-195,-20,-3024
448,5364,5686,212,90,-164,-3040
384,-5496,11842,-134,46,-67,-3040
1236,7882,4496,-932,320,-140,-3056
68,-4950,9906,85,303,-168,-3056
312,-3504,6014,-301,-235,-67,-3008
1002,186,5168,277,268,-213,-3040
-576,2438,7216,-11,253,-157,-3056
580,-2758,10096,-264,3,-197,-3024
1566,-2438,10412,308,83,-370,-3008
212,-2104,7566,-376,273,-251,-3072
-2546,1858,7358,-24,-645,259,-3008
4458,4926,6584,475,347,-272,-3024
-1944,848,9844,-695,-136,-91,-3024
-1056,4188,4352,330,-701,42,-3008
3104,-8920,12076,414,544,-536,-3040
-1644,6160,6528,-287,162,-71,-3024
1968,-1372,11100,580,175,-126,-3024
-1738,-678,7988,-748,-222,-47,-3008
-130,5580,4668,-525,100,-49,-3040
578,-7050,10200,-60,575,-205,-3040
152,354,7276,-375,-157,-30,-3040
814,1374,4246,362,257,-201,-3024
-1142,2792,6458,-28,151,-201,-3024
250,-544,8170,-328,11,-197,-3024
1970,392,7952,460,188,-313,-3008
2106,3056,7472,-611,273,-297,-3040
-3698,700,6606,105,-607,230,-3024
4814,-1166,9726,571,240,-200,-3024
892,4040,7226,-848,299,-146,-3040
-2134,-1512,9470,501,-725,89,-3040
2674,-6698,8122,24,135,-491,-3056
-1350,3556,5210,7,270,-160,-3040
1526,-5720,12918,718,283,-61,-3008
-1152,4258,7964,-878,-218,-30,-3040
632,7780,3914,-204,18,-65,-3024
-18,-4416,7394,-335,448,-204,-3056
-614,2584,7070,-410,-48,-2,-3024
2108,-1400,6346,504,407,-192,-3040
-662,1988,8570,-44,64,-156,-3008
-814,2160,5592,-341,-110,-129,-2992
1552,-3338,10620,514,240,-308,-3024
2792,6150,5836,-803,390,-349,-3040
-3540,-2560,9004,225,-450,170,-3008
3486,-4464,9388,572,-240,-18,-3024
2476,7572,3526,-800,578,-254,-3008
-2834,-8324,13522,792,-455,170,-3040
3232,-1046,6470,-410,-98,-365,-3008
-1568,5624,5972,379,264,-290,-3024
-658,-5126,9992,530,194,-50,-3024
786,7038,8536,-733,201,-119,-3040
-142,5066,5356,-3,45,-3,-3040
1178,682,6794,-622,193,-221,-3008
-2222,2066,4918,-270,-21,-84,-3056
2816,-4468,9378,499,450,-152,-3024
572,1040,8810,56,244,-212,-3008
-1402,3106,6922,-364,-215,-160,-3008
588,-4626,9004,390,37,-253,-3024
2252,3722,7236,-682,472,-388,-3024
-2646,-4994,11220,284,-206,69,-3024
1700,-3802,8958,435,-448,41,-3024
1118,4336,6728,-749,502,-318,-3040
-4472,-9054,12130,778,-360,190,-3008
3978,2486,7446,-537,-94,-355,-3024
-1268,3222,5510,534,288,-331,-2992
-1574,-594,8214,232,-37,-32,-3040
674,8030,6456,-578,286,-138,-3008
1044,-1156,10314,210,184,-29,-3024
334,-3450,6854,-695,208,-214,-3040
-776,1938,7112,-236,-20,-74,-3040
2132,-6492,9060,450,451,-186,-3040
-300,1782,8820,46,166,-196,-3056
-950,2690,5484,-404,-177,-174,-3056
-88,-3700,7646,412,76,-238,-3040
2790,6112,5268,-739,450,-417,-3040
-3332,-3172,9698,305,-143,26,-3024
-194,-1362,9338,291,-591,105,-3008
2728,7532,3584,-670,506,-317,-3040
-3100,-8666,13226,743,-334,206,-3008
3268,-322,6702,-553,-88,-296,-3056
914,-1712,9050,579,313,-349,-3024
-752,-4582,9674,186,-81,25,-2976
870,7384,8036,-511,268,-135,-3040
822,-4736,12030,200,219,3,-2992
1684,1276,6954,-985,120,-159,-3024
-2192,1960,4742,-116,-55,-89,-2992
360,-4958,6682,278,252,-96,-3040
766,640,8442,196,399,-208,-3008
-1372,3892,7182,-380,-10,-148,-3056
94,-2880,9386,170,-216,-179,-3040
2420,5148,3258,-414,343,-423,-3008
-2312,-5548,11934,253,161,-18,-3008
1118,-3886,8820,71,-724,213,-3024
4004,7088,4796,-453,346,-362,-3024
-5018,-8396,11100,332,-301,83,-3040
4020,2772,8170,-405,-110,-181,-3040
-1066,2774,5494,579,238,-347,-3040
1050,-6990,12204,316,-4,-11,-3040
500,8526,5360,-548,325,-130,-3056
1194,-3590,11922,216,109,9,-3056
880,-1342,6122,-1021,179,-221,-3040
-1902,-378,5888,-82,-81,-101,-3008
1278,-6182,8050,275,250,-140,-3024
398,720,9428,206,444,-230,-3056
-646,2188,9354,-335,-77,-165,-3040
12,-3444,8030,223,-163,-249,-3040
2664,5910,4524,-481,392,-413,-3040
-2888,-3846,10492,241,139,-83,-3024
-786,-796,9138,126,-701,117,-3024
3104,8090,3212,-403,363,-349,-3040
-3708,-9652,12998,429,-280,130,-3040
1670,4532,5438,-359,-130,-223,-3024
1900,-4064,10858,736,527,-433,-3024
-1338,-2910,8464,-178,-281,-57,-3008
512,4622,6100,-160,181,-159,-3040
242,-5128,11328,151,205,-40,-3024
2172,3624,7084,-1149,282,-143,-3056
120,-5472,10450,92,88,-154,-3008
274,-3352,6036,-79,-77,-95,-3008
530,1818,6716,248,437,-203,-3008
-1036,2702,8582,-120,208,-156,-2992
564,-2278,9768,-83,-170,-219,-3056
1868,3750,4324,-9,146,-424,-3008
-1836,-6154,11420,-44,296,-173,-3040
278,-3074,9238,75,-738,180,-3024
4468,4656,6800,-336,344,-312,-3008
-5376,-6514,10142,331,-287,84,-3040
3332,4198,7286,-406,-129,-178,-3040
262,128,7562,778,579,-404,-3024
-1636,3724,8368,-247,-316,45,-2992
372,7946,4742,-57,120,-166,-3040
1274,-5304,12718,110,212,-29,-3040
2164,6704,6328,-1078,319,-128,-3024
-878,-2256,7730,63,105,-116,-3024
580,-5580,7020,-126,-144,-90,-3040
1008,996,4526,294,438,-217,-3008
-704,1718,8768,-143,148,-142,-3040
412,-2628,8576,-59,-160,-190,-3072
2276,4770,4360,27,213,-420,-3056
-974,-3810,8654,-94,227,-151,-3024
-1284,128,8602,73,-652,230,-3040
3442,7350,4178,-45,340,-315,-3040
-3940,-728,9178,-293,-327,21,-3024
678,4458,4794,-15,-357,-74,-3024
2636,-5586,11728,614,707,-478,-3008
-1038,6080,8146,-365,-119,-65,-3040
704,3370,7344,175,24,-149,-3040
-182,-4814,10512,-180,-2,-38,-3056
352,7722,3864,-888,358,-154,-3040
416,-6488,11122,102,348,-168,-3008
366,-2140,6202,-309,-198,-59,-3040
260,1820,5680,324,253,-216,-3024
-610,2068,9528,-122,175,-162,-3040
850,-1212,9704,-122,-137,-199,-3008
1614,2436,5266,-68,165,-394,-3040
-1688,-5888,10592,-73,295,-188,-2992
-3092,1786,6670,30,-633,234,-3008
4710,2910,8018,24,322,-294,-3008
-5350,-5554,9708,-175,-331,30,-3040
3050,4560,6462,5,-451,-98,-3024
3262,-9090,11076,721,718,-440,-3024
-1682,4546,8690,-403,-118,9,-3008
616,6626,4880,247,53,-169,-3040
-1798,616,7752,-297,-15,-38,-3024
1496,6656,5720,-868,289,-63,-3056
-244,-2926,8612,101,435,-180,-3008
270,702,7782,-296,-222,-54,-3008
742,1506,4194,318,196,-169,-3056
-348,2018,8222,-69,240,-170,-3024
-160,670,7076,-293,28,-198,-3040
1876,-1034,9230,326,135,-333,-3008
-868,-3204,8164,-441,243,-229,-3040
-1668,608,8234,97,-644,240,-3024
4560,-2504,9656,363,335,-257,-3024
-3464,-576,9812,-626,-152,-49,-3024
344,4688,4282,214,-614,-6,-3056
2698,-5274,7452,441,545,-502,-3040
-1228,6140,7734,-326,102,-77,-3040
1286,2142,8394,547,201,-86,-3024
-820,5150,8382,-669,-237,-52,-3040
2796,5108,7142,-942,321,-119,-3040
614,-6990,11110,111,385,-167,-3024
444,-804,6444,-310,-256,-83,-3024
56,1432,5254,290,278,-232,-3024
-898,2280,6300,-62,223,-181,-3008
510,-1312,9408,-278,6,-197,-3008
1756,2556,5910,307,113,-381,-3024
1436,752,7544,-438,266,-276,-3008
-3456,2002,6184,16,-654,259,-3040
4966,1204,9058,380,327,-266,-3040
-5218,-4206,9562,-754,-96,-91,-3024
-1834,1218,6830,268,-657,12,-3024
3048,-8298,9922,369,530,-525,-3040
-1538,5202,8704,-306,164,-93,-3040
2012,-4242,12742,607,174,-118,-3056
-1676,1754,7824,-635,-216,-76,-3024
1130,7160,4914,-524,58,-62,-3008
458,-5848,8382,-43,576,-269,-3040
-8,1576,7714,-433,-119,-18,-3040
1006,554,4840,370,201,-191,-3024
-528,1524,7846,-7,176,-224,-3008
-846,1044,6360,-366,28,-168,-3008
1892,-1452,9934,498,196,-342,-3040
-296,-2360,7402,-714,296,-356,-3024
-3918,-196,7162,100,-632,185,-2992
4402,-3988,10132,660,119,-119,-3040
-2502,320,9962,-866,373,-178,-3008
-2468,-6428,12742,670,-688,121,-3024
2638,-3014,6210,295,452,-525,-3008
-1342,5944,7252,-241,191,-80,-3040
1734,-316,10162,619,190,-85,-3040
-1792,-1808,8410,-662,-274,-50,-3008
166,6024,4346,-482,105,-64,-3056
488,-7534,10800,-92,568,-197,-3056
202,706,6704,-458,-107,-43,-3040
2964,-3674,8576,458,304,-179,-3040
-1442,2484,6574,-40,117,-136,-3040
516,-4,8272,-325,-10,-164,-3056
1074,-5048,9786,515,201,-332,-3040
1942,3304,6986,-735,294,-299,-3040
-3476,656,6748,148,-531,198,-3040
4782,-1932,10016,649,33,-121,-3024
1030,4850,7118,-925,387,-173,-3056
-2332,-2336,9534,725,-636,126,-3008
2892,-6126,7990,-218,76,-472,-3008
-1170,3394,5268,218,286,-212,-3024
1322,-5596,12990,606,267,-43,-3024
-842,4064,7972,-832,0,-121,-3040
1044,-740,9924,-149,-30,-54,-3008
80,-3678,6908,-531,272,-228,-3024
-488,2132,7168,-364,53,-67,-2992
2054,-6402,9220,535,422,-194,-3008
-320,1166,8994,16,143,-185,-3008
-1180,2622,5596,-387,-219,-176,-3040
1590,-3188,10378,464,156,-325,-3024
2960,5818,5744,-766,452,-428,-3024
-3364,-2126,8988,141,-571,177,-3040
3312,-4960,9394,655,-39,-77,-3056
-820,1612,9416,-888,481,-227,-3024
-3172,-8568,13584,750,-599,154,-3040
3178,-504,6544,-224,27,-453,-3040
-1672,5488,5818,125,248,-213,-3008
2106,-3074,12188,648,270,-53,-3024
704,7294,8220,-843,14,-64,-3024
192,4020,5988,-46,-41,-23,-3040
202,-6946,9432,-548,302,-237,-3040
-2650,1440,5012,-285,0,-49,-3056
2958,-4794,9384,494,452,-166,-3024
-1148,2446,7144,14,172,-165,-3008
-1314,2588,7596,-351,-209,-155,-3040
592,-4528,8614,417,175,-294,-3008
2468,5040,6610,-744,356,-360,-3008
-3658,-936,7498,284,-274,85,-2992
1082,-3186,8744,444,-356,30,-3024
1558,5170,5768,-692,565,-294,-3008
-2410,-4658,11426,783,-389,164,-3008
3844,2978,7618,-515,-105,-351,-3024
-768,1908,6052,490,245,-289,-3024
826,-5820,12070,313,23,3,-2976
730,7584,5814,-625,242,-112,-3072
1258,-1892,11082,78,100,7,-3040
128,-2808,6692,-870,142,-191,-3024
-1888,-40,5522,-157,-73,-97,-3008
1546,-5934,8234,398,392,-116,-3040
298,580,9654,61,85,-209,-3024
-1276,3226,5248,-420,-165,-201,-3056
1014,-4032,10360,497,103,-266,-3040
3000,6176,4740,-766,491,-425,-3008
-3224,-3216,10378,264,-256,79,-3056
2838,-4780,8916,511,-419,21,-3024
2894,8312,2842,-810,552,-318,-3040
-3372,-9358,13460,828,-362,140,-3040
3650,288,7004,-495,-85,-419,-3040
-1842,5426,5232,498,250,-283,-3056
-884,-4048,9030,401,111,-63,-3024
802,8026,7814,-619,309,-147,-3008
102,2458,7272,131,90,-3,-3040
2288,2144,7022,-876,155,-219,-3024
-2688,1666,4538,-161,-81,-122,-3024
2698,-5250,9698,378,317,-136,-3008
730,474,8200,144,354,-228,-3040
-1108,3266,7952,-370,-105,-154,-3024
20,-4486,7954,282,-108,-259,-3024
2042,4480,3778,-509,410,-391,-3008
-2300,-5914,11472,299,60,9,-3040
1008,-2804,9154,216,-654,122,-3040
1692,5750,4958,-549,408,-344,-3024
-5066,-7554,10784,581,-300,151,-3024
3732,3084,7590,-508,-54,-265,-3056
-638,1772,6386,666,431,-387,-3040
-1520,1698,8096,67,-176,-20,-3008
314,7830,5248,-298,288,-113,-3024
1318,-3316,11890,119,37,-27,-3024
596,-1522,6322,-841,126,-208,-3040
-1350,2248,6278,-186,-45,-54,-3040
1400,-6116,7978,389,388,-191,-3024
618,612,9306,120,317,-215,-3024
-1708,3678,5542,-446,-149,-162,-3040
-440,-3754,8066,406,-95,-233,-3040
2936,6016,4180,-578,465,-402,-2992
-2978,-3190,10788,300,47,7,-3024
-682,-636,9736,170,-737,160,-3008
3206,8504,2790,-622,424,-393,-3040
-3756,-9792,13206,683,-256,136,-3040
3726,1342,7304,-541,-66,-263,-3024
2006,-4580,11228,726,412,-397,-3024
-1542,-2858,8356,-21,-274,-37,-3040
872,8692,7082,-327,295,-150,-3040
-80,-5050,11356,199,213,-3,-3056
2578,3594,7208,-1081,199,-156,-3024
-2568,1256,4718,0,31,-142,-3040
80,-3074,6138,122,17,-121,-3040
964,1474,6496,245,530,-216,-3024
-1350,2532,8776,-235,69,-177,-3024
594,-2002,9712,14,-182,-222,-3040
1870,3100,4524,-125,249,-419,-3040
-1828,-5700,11344,-34,272,-162,-3024
162,-2646,8912,57,-679,160,-3024
4388,4102,7064,-239,318,-358,-3024
-5330,-5518,9676,-84,-354,28,-3008
3250,3680,7352,-405,-75,-183,-3056
346,78,7664,698,466,-394,-3024
-1432,3650,8362,-120,-291,0,-3008
112,7496,4786,-243,184,-127,-3040
1414,-5348,12696,233,264,5,-3024
1308,1434,6244,-1223,256,-124,-3024
-892,-2624,8154,73,-31,-83,-3024
806,-5732,6852,92,68,-149,-3024
164,1816,8450,208,469,-185,-3040
-526,1886,8748,-116,54,-135,-3008
376,-2560,8760,-115,-176,-226,-3024
2196,5458,4184,-95,231,-423,-3024
-436,-3984,8558,-36,275,-125,-3008
-1760,794,8374,-38,-707,229,-3040
3722,6862,4532,-102,340,-351,-3040
-4734,-8986,11870,-154,-313,88,-3024
54,5124,4332,-122,-304,-128,-3024
2860,-7712,12220,734,706,-479,-3008
-1982,856,8036,-355,-222,8,-3008
1330,1492,8566,220,60,-131,-3056
-836,-3104,9358,-142,66,-38,-3024
2348,4976,7268,-909,328,-117,-3008
696,-6998,11080,69,302,-128,-3008
232,-1154,6256,-289,-208,-80,-3024
336,1970,5048,279,285,-178,-3024
-970,2500,6374,2,233,-152,-3008
698,-1248,9446,-260,-18,-153,-3008
1712,1888,6132,227,110,-377,-3040
-1424,-5472,10054,-52,266,-167,-3056
-480,-1280,9176,36,-658,213,-3040
4846,1132,8882,-102,306,-337,-3008
-5072,-3364,9248,-233,-317,28,-2992
2152,4560,5812,-66,-366,-157,-3024
2860,-8326,9822,700,725,-487,-3040
-1184,5396,8560,-402,-164,-53,-3072
498,5976,5398,173,45,-161,-3040
388,-5528,11832,-227,-33,-38,-2992
1048,7412,4742,-963,343,-137,-3056
58,-4506,9866,96,390,-180,-3008
370,-3942,6246,-296,-219,-81,-3040
1146,458,5238,302,246,-224,-3024
-528,1872,7302,-3,203,-168,-3024
582,-2120,9788,-318,45,-200,-3040
1448,-2570,10352,336,111,-361,-3040
90,-2222,7780,-420,253,-263,-3040
-2432,1642,7388,50,-648,231,-3040
4364,5004,6542,345,381,-260,-3056
-2382,1014,9696,-647,-160,-35,-3056
-662,4226,4360,284,-648,0,-3008
3100,-8298,12046,460,610,-547,-3040
-1520,5974,6768,-265,135,-44,-3056
1740,-158,10292,489,97,-115,-3024
-1556,-1688,8290,-636,-223,-71,-3040
-388,5904,4354,-620,155,-71,-3040
744,-6938,10642,-35,551,-198,-3056
332,-302,7230,-403,-98,-36,-3024
242,1628,4184,278,196,-191,-3008
-88,2246,9424,-82,290,-169,-3040
272,-1132,9072,-261,10,-198,-2992
1964,1322,7184,245,107,-375,-3056
-1540,-5120,8986,-384,265,-271,-3040
-3924,1658,5992,13,-623,272,-3008
5054,-378,9782,380,377,-265,-3024
-4752,-2904,9456,-626,-180,-32,-3024
-1826,-190,8222,265,-694,-12,-3040
2744,-7938,8914,480,564,-533,-3008
-1122,5924,8438,-302,152,-95,-3024
676,4784,6062,574,198,-153,-3024
-1638,3094,7970,-657,-226,-47,-3040
782,7552,4228,-578,139,-95,-3072
286,-5274,10396,-7,574,-197,-3040
-436,1732,7690,-445,-177,0,-3056
1806,-72,5502,372,247,-255,-3024
-762,2428,6988,-48,123,-180,-3040
-838,1624,5992,-358,53,-173,-3008
1592,-2734,10314,508,210,-367,-3056
34,-1428,7600,-663,274,-344,-3024
-3668,-2002,8618,158,-585,200,-3040
3886,-4238,9730,594,142,-180,-3040
-1770,1298,9400,-861,279,-210,-2992
-1034,3480,4942,585,-642,103,-3024
2998,-1982,6624,-106,123,-489,-3040
-1482,5390,6362,49,294,-226,-3008
1614,-800,11080,664,291,-86,-3040
-1570,-1066,8248,-587,-251,-49,-3056
2158,6290,6466,-648,194,-106,-3056
368,-7592,10460,13,504,-181,-3024
524,956,7046,-449,-139,-17,-3008
536,1274,4492,358,256,-204,-3040
-1080,2238,6712,-46,149,-174,-3024
192,-96,8024,-337,41,-144,-3056
1722,338,8002,508,198,-352,-3040
2124,2798,7496,-588,264,-325,-3008
-3692,934,6552,88,-620,219,-3024
4978,-1632,10068,619,219,-149,-3024
1210,4946,7022,-907,267,-170,-3040
-2414,-1970,9442,537,-741,91,-3008
2808,-6786,7974,-36,183,-473,-3024
-1364,6310,8406,-56,267,-132,-3024
1528,-5926,12972,695,275,-68,-3008
-1000,4018,8092,-852,-140,-59,-3008
386,7764,3894,-183,-66,-20,-3056
320,-3410,6888,-374,440,-236,-3056
-830,2190,7054,-405,-9,-30,-3024
2330,-1524,6512,526,416,-175,-3040
-510,1804,8744,-35,92,-189,-3040
-1246,2194,5872,-335,-186,-116,-3024
1748,-3362,10514,442,255,-298,-3024
2704,5906,5888,-798,345,-352,-3040
-3132,-3322,9280,249,-384,107,-3008
3018,-4514,9230,501,-331,-21,-2992
2644,7706,3268,-760,603,-294,-3040
-1880,1490,6254,640,-678,71,-3040
3160,304,6566,-82,121,-486,-3040
-1572,4574,5708,142,262,-211,-3024
1898,-3148,12418,629,281,-60,-3024
978,7274,8100,-823,-44,-134,-3040
430,3546,6640,-256,-28,-44,-3008
28,-7050,9012,-444,301,-226,-3056
-2412,1480,4564,-343,16,-84,-3008
2594,-5196,9698,517,438,-159,-3008
-928,1324,7722,50,61,-155,-3040
-136,2044,6566,-412,-109,-213,-3040
196,-4936,8654,558,195,-332,-3040
2888,5074,6608,-796,417,-394,-3024
-3720,-128,7366,176,-368,118,-3024
616,-3402,8960,546,-342,28,-3040
1994,6922,4596,-861,559,-319,-3040
-2700,-6088,12452,874,-363,170,-3024
3780,3604,7574,-588,-122,-331,-3008
-616,1588,6350,507,245,-308,-3008
476,-6020,11372,397,70,-46,-3040
126,6148,8642,-616,333,-124,-3056
1084,-4130,12292,76,50,28,-3024
992,-746,6052,-783,143,-243,-3024
-1906,2004,5998,-190,-41,-66,-3008
770,-5212,7326,435,370,-130,-3040
500,172,9684,179,353,-222,-3024
-1394,3762,5920,-420,-158,-154,-3024
120,-3198,8442,302,-103,-209,-3040
2022,2734,7438,-769,468,-440,-3056
-2774,-4408,10930,276,-322,100,-3024
1992,-4434,8814,409,-440,43,-3008
520,3460,7732,-763,541,-288,-3040
-4050,-9352,12690,802,-377,149,-3040
3796,1770,7452,-506,-89,-324,-3024
-1500,4004,5248,432,219,-300,-3024
-1336,-2254,8380,352,69,-50,-3072
682,8096,6898,-665,254,-135,-3008
910,754,8926,174,107,-26,-3024
2508,4002,7138,-1000,145,-209,-3040
-2708,996,4616,-112,-57,-116,-3008
2320,-5884,9370,393,351,-150,-3040
-32,1372,8754,205,355,-219,-3024
-598,3190,9080,-444,-164,-218,-3024
-342,-4740,7580,301,-175,-235,-3040
3214,5932,5934,-606,415,-413,-3040
-1980,-6074,10954,331,125,-55,-3024
334,-2626,9812,171,-680,121,-3024
2352,7596,3288,-593,439,-355,-3024
-5490,-6202,9820,564,-296,126,-3072
3440,4262,6898,-545,-81,-288,-3040
304,-570,7952,743,411,-409,-3040
-142,-5940,10292,-71,-284,15,-3024
524,7020,4660,-313,323,-155,-3024
1034,-4920,12570,207,262,-37,-3008
1356,298,6482,-1035,175,-174,-3072
-874,-2038,7592,-22,-27,-159,-3024
638,-5028,6898,378,284,-117,-3008
858,378,9356,137,397,-196,-3040
-1766,3084,6542,-377,-215,-135,-3008
884,-4456,9192,303,-80,-232,-3056
2428,5480,3954,-591,487,-396,-3056
-2716,-4414,11388,259,20,32,-3008
1816,-4122,8600,267,-657,107,-3040
3374,8030,3544,-620,382,-343,-3024
-4266,-9392,12350,629,-294,176,-3056
3960,2174,7612,-546,-74,-255,-3008
2424,-5420,11666,727,383,-382,-3008
-1438,-1540,8190,-39,-226,7,-3056
452,8564,6428,-355,237,-129,-2992
-472,-4966,10596,276,264,-6,-3040
2732,4534,7274,-1138,255,-155,-3008
-2544,880,4922,36,-47,-102,-3024
2246,-6824,9206,120,62,-109,-3024
450,1680,5916,184,494,-218,-3024
-1000,2090,9240,-250,-44,-122,-3024
86,-4158,7764,125,-126,-207,-3024
1674,2516,5244,-271,291,-409,-3040
-1748,-5736,10776,163,136,-78,-3040
-54,-1802,9128,31,-709,217,-3024
2602,7514,3694,-324,361,-317,-3056
-5274,-5048,9788,117,-332,87,-3040
3104,4268,6522,-285,-173,-185,-3040
724,-938,8444,744,607,-420,-3008
1790,-2304,11922,406,29,-105,-3008
1138,-4936,12428,184,273,-44,-3040
1410,1260,6576,-1127,232,-142,-3008
-402,-2320,8348,5,-95,-135,-3040
370,-5382,6642,103,26,-127,-3056
712,1262,8576,204,458,-233,-3024
-468,2336,8366,-200,133,-139,-3008
264,-3006,9148,46,-207,-208,-3040
2340,5218,3894,-253,219,-440,-3040
-2470,-4648,11384,27,240,-110,-3024
-1576,-212,8896,36,-698,203,-3056
3696,7476,4306,-209,318,-306,-3072
-4776,-8716,11530,82,-336,87,-3040
96,5002,3914,-157,-264,-91,-3024
2846,-7152,12400,763,731,-445,-3056
-1852,374,8004,-369,-220,1,-3040
1460,1742,8516,127,75,-133,-3040
-1184,-3366,9562,-134,33,-33,-3024
2690,5472,7020,-1008,369,-114,-3056
558,-7306,11086,108,333,-147,-3008
264,-532,6214,-281,-200,-52,-3040
400,1776,5138,298,359,-209,-3008
-682,1914,9278,-24,184,-120,-3024
656,-546,9070,-273,-43,-224,-3024
1440,728,6658,300,86,-352,-3040
-1050,-5320,10070,-402,290,-208,-3008
-3236,954,6846,84,-580,215,-3024
4796,-356,9430,347,316,-267,-3056
-4888,-2230,8978,-528,-246,-35,-3040
1766,4620,5486,122,-481,-38,-3040
2978,-7546,9124,612,711,-486,-3040
-1334,5942,8636,-359,-38,-23,-3056
646,4640,5950,350,41,-149,-3056
-1334,2800,7750,-435,-116,-21,-3008
608,7320,4448,-789,274,-79,-3040
502,-4838,10332,32,512,-211,-3056
-68,2058,7572,-408,-151,-9,-3008
-470,2542,6792,17,72,-198,-3056
602,-2604,10380,-95,-163,-185,-3024
2042,4562,3964,-152,136,-376,-3056
-2048,-5600,10960,28,303,-135,-3024
-2818,1374,7144,10,-655,233,-3040
4652,4278,7196,-101,363,-320,-3040
-5464,-6824,10164,-133,-373,63,-3024
3444,4078,7152,-165,-303,-136,-3056
2942,-8996,11756,765,712,-450,-3024
-1510,3260,8476,-418,-195,-20,-3040
460,7472,4794,194,99,-139,-3040
-1924,-710,7928,-182,7,-43,-3056
2192,6426,6304,-944,302,-136,-3056
-1082,-2028,7528,58,370,-153,-3040
28,394,7238,-257,-269,-49,-3040
722,1502,4414,295,298,-227,-3024
-396,2100,8834,-40,254,-170,-3056
176,-352,8042,-248,7,-157,-3072
1824,22,8506,143,97,-385,-3024
-1048,-4184,8506,-352,232,-218,-3040
-1350,410,8804,21,-642,264,-3040
4844,-1768,9898,298,366,-264,-3024
-4064,-1144,9552,-561,-224,-21,-3056
706,4868,4358,220,-651,4,-3008
2688,-6102,7728,507,615,-505,-3040
-1064,5944,8166,-352,42,-21,-3040
822,3628,7308,451,127,-101,-3024
-960,3856,8434,-552,-218,-38,-3040
242,7648,3660,-681,225,-89,-3008
446,-5942,10834,36,515,-151,-3040
276,-2292,6498,-441,-126,-20,-3024
1920,-1226,6928,340,209,-193,-3056
-822,2630,6190,-23,160,-155,-3040
648,-1680,9880,-343,32,-174,-3040
1518,-3178,10454,466,180,-337,-3056
694,-1036,7866,-594,269,-276,-3024
-3044,2082,6574,28,-633,254,-3024
3514,-4826,9226,593,292,-194,-3040
-2922,-8862,13728,637,-269,152,-3024
3306,-928,6660,-609,-76,-362,-3024
830,-1116,8666,579,277,-320,-3024
-572,-5558,9762,349,-16,-17,-3024
578,7588,8356,-538,323,-190,-3040
1018,-5474,12672,196,138,-33,-3040
1568,1470,6530,-980,145,-209,-3024
-2472,2018,4974,-145,-68,-73,-3024
452,-4846,6444,341,236,-191,-3040
754,1294,8730,104,431,-232,-3040
-1706,2148,7326,-284,-167,-113,-3024
840,-4172,8800,206,-94,-297,-3024
2120,4982,4076,-466,431,-425,-2992
-2448,-5368,11702,199,55,-24,-3040
1468,-3322,8492,188,-666,97,-3040
3512,7206,4226,-512,365,-360,-3056
-4370,-8678,11854,553,-278,96,-3024
3796,2642,7598,-535,-127,-330,-3008
-1198,3304,5224,525,252,-335,-3056
1162,-6094,12838,389,43,0,-3024
536,8432,6242,-581,251,-126,-3040
1338,-982,10298,218,182,-23,-3072
68,-3560,6948,-940,97,-170,-3040
-2258,656,4976,-81,-87,-69,-3024
2072,-6854,9174,361,375,-167,-3056
-358,1586,8850,122,359,-191,-3040
-1086,2782,5586,-367,-183,-192,-3056
1294,-3970,10516,467,119,-280,-3056
2954,6404,5160,-750,430,-406,-3056
-3340,-3128,9712,283,-215,50,-3040
3098,-5002,9368,426,-479,24,-3040
2912,8012,3290,-771,537,-317,-3024
-3362,-9408,13436,819,-327,143,-3024
3424,162,6646,-572,-88,-354,-3072
1148,-2102,9438,578,301,-359,-3040
-1110,-4278,9324,240,-105,-7,-3056
1070,7572,8030,-536,312,-178,-3024
1206,6868,5388,-905,304,-66,-3040
-2408,1632,4616,-18,-35,-161,-3056
268,-4318,6292,173,117,-106,-3056
710,936,8018,207,470,-215,-3024
-1390,3076,7862,-247,52,-135,-3040
274,-2770,9672,89,-200,-225,-3040
2220,4882,3784,-221,266,-404,-3056
-2214,-5474,11546,61,188,-79,-3056
-1928,640,8296,69,-688,186,-3040
4086,5720,5766,-277,346,-352,-3040
-5106,-7610,10692,208,-301,91,-3040
3818,3238,7768,-237,-186,-166,-3024
2972,-8078,12306,761,675,-430,-3024
-1620,1794,8084,-336,-262,5,-3040
452,7900,5226,30,125,-147,-3040
-1568,-2352,8712,-10,92,-23,-3056
2606,6196,6664,-1120,220,-167,-3040
-1510,-1154,6448,22,-2,-105,-3040
1140,-6228,7898,154,126,-152,-3040
326,812,9220,226,410,-227,-3024
-266,2064,9146,-211,101,-155,-3024
-68,-3150,8368,-44,-196,-219,-3040
2666,5790,4166,-187,207,-427,-3040
-998,-5134,9142,42,296,-139,-3024
-1162,24,9030,-9,-675,241,-3056
3412,8064,3478,-73,348,-323,-3040
-4494,-1668,9232,-47,-350,42,-3040
1152,5182,4560,-108,-309,-104,-3024
2248,-5364,11830,746,722,-467,-3024
-1220,6290,8414,-398,-232,-8,-3040
918,3426,6894,167,81,-155,-3040
-432,-4276,10434,-79,88,-23,-3040
2604,4038,7534,-942,319,-107,-3056
638,-5386,10730,79,278,-169,-3024
-40,-2680,6120,-233,-234,-50,-3040
640,1362,6170,274,292,-216,-3008
-732,2792,6482,-45,285,-186,-3024
1682,-3522,10744,497,205,-349,-3040
640,-812,7452,-576,259,-305,-3024
-2888,1294,6850,64,-623,248,-3024
4754,3210,8040,521,339,-244,-3056
-1146,1638,9930,-760,-4,-87,-3024
-1382,3560,4960,317,-706,49,-3024
2936,-8898,11160,307,443,-504,-3040
-1610,6002,5558,-290,186,-69,-3040
2124,-2746,12134,622,268,-145,-3024
-1932,146,7666,-720,-274,-78,-3056
182,4348,5674,-412,59,-86,-3040
142,-6986,9732,-97,565,-222,-3040
268,1148,7286,-418,-62,-17,-3056
914,934,4620,429,278,-222,-3024
-1120,2602,6982,-69,70,-155,-3040
36,276,7378,-334,-30,-206,-3040
1796,-728,8890,471,212,-380,-3040
2414,4532,6794,-729,341,-309,-3024
-3690,-68,7178,144,-555,183,-3056
4522,-2430,9876,644,22,-128,-3008
1338,4794,6328,-878,383,-189,-3072
-2270,-3814,10690,701,-637,126,-3056
2850,-5328,7506,-169,103,-488,-3024
-946,2604,5664,186,280,-224,-3008
1026,-6142,12472,631,244,-67,-3040
-636,4704,8172,-795,-14,-118,-3024
78,7314,3980,-172,-36,-66,-3024
86,-3366,6996,-488,305,-222,-3040
-794,2434,6744,-368,16,-64,-3040
2150,-1680,7204,534,373,-213,-3040
-120,1514,9192,-32,102,-180,-3056
-1246,2428,5550,-380,-157,-194,-3024
1494,-3490,10448,463,164,-262,-3008
2780,6240,5398,-743,426,-412,-3040
-3358,-2706,9566,223,-340,109,-3056
3238,-4726,9132,545,-332,3,-3024
2680,7846,3172,-818,566,-294,-3072
-3118,-9108,13618,826,-398,128,-3072
3146,-8760,10754,717,726,-465,-3040
-770,-4748,9446,45,-207,-25,-3056
734,7772,8178,-394,314,-192,-3024
808,-5368,12556,244,221,-4,-3056
1788,1694,6710,-1081,170,-177,-3008
-2488,1872,4820,-60,-89,-115,-3040
504,-4274,6288,212,156,-181,-2992
374,1358,8406,174,420,-232,-3024
-1402,2302,7674,-248,-39,-144,-3040
526,-2238,8902,72,-124,-290,-3040
2004,4680,4026,-234,314,-421,-3024
-2120,-5772,11770,140,192,-66,-3024
-1582,482,8660,66,-686,188,-3040
3836,6726,4816,-351,330,-346,-3072
-4758,-8310,11392,303,-330,71,-3040
3944,3414,7694,-304,-157,-183,-3024
2948,-7124,12286,719,607,-453,-3024
-1946,1120,7724,-260,-306,-17,-3008
722,7832,5882,-73,163,-174,-3040
-956,-3118,9388,69,200,-62,-3024
2522,4886,7340,-1093,288,-122,-3056
-1818,28,5524,115,120,-151,-3040
474,-910,6450,-77,-124,-84,-3072
42,1754,4924,251,312,-188,-3024
-210,2444,9314,-103,243,-204,-3088
560,-1130,9352,-194,-66,-180,-3040
1742,1916,6364,37,115,-400,-3008
-1524,-5468,9676,-115,276,-212,-3040
-524,-958,9518,-13,-657,235,-2992
5078,852,9112,76,351,-298,-3056
-5148,-3770,9426,-417,-285,7,-3040
2192,5358,5298,8,-468,-87,-3040
2906,-8478,9504,664,746,-468,-3024
-1440,6116,8614,-389,-295,13,-3040
662,5006,5568,36,121,-177,-3072
54,-4912,11572,-56,113,-23,-3056
2522,2988,7150,-999,281,-123,-3024
-268,1594,7818,-367,-200,-42,-3040
1176,282,5134,277,242,-211,-3024
-1178,3108,8516,-362,-93,-150,-3056
-8,-4492,7850,245,-159,-229,-3024
1952,4148,4102,-442,345,-425,-2976
-1938,-5674,11240,223,112,-16,-3040
458,-2616,9190,106,-686,130,-3056
4514,4516,6820,-354,359,-348,-3008
-5318,-6630,10010,359,-306,108,-3040
3434,3522,7480,-384,-82,-226,-3040
-140,552,7330,720,540,-437,-3056
-1436,2834,8362,-178,-304,-5,-3056
244,7560,4978,-74,151,-149,-3040
1266,-4670,12296,179,194,-58,-3040
2280,6488,6178,-1080,335,-147,-3024
-1078,-1720,7392,61,82,-117,-3024
744,-5612,7300,-13,-41,-111,-3024
406,1518,4516,251,367,-243,-3008
-296,2356,8602,-155,188,-163,-3008
166,-3228,8902,-136,-140,-210,-3024
1744,398,8200,65,74,-410,-3040
-772,-4740,8754,-91,359,-195,-3040
-1432,210,9030,-49,-662,221,-3040
3548,8218,3486,129,345,-327,-3056
-4100,-1262,9340,-320,-321,-15,-3024
700,5440,4036,56,-449,-60,-3040
2632,-6368,12232,690,736,-498,-3008
-1268,6636,8100,-419,-54,-42,-3024
1122,2638,7578,354,63,-160,-3056
-732,-4014,9830,-413,-139,-39,-3072
210,7456,3680,-795,316,-98,-3072
716,-6088,11098,5,519,-213,-3056
-86,-1990,6294,-292,-264,-5,-3024
842,1758,5436,318,307,-230,-3056
-1180,3168,6094,-66,218,-161,-3056
898,-1768,9972,-247,25,-192,-3040
1770,2774,5350,258,154,-391,-3040
752,40,7702,-496,233,-265,-3024
-14,-2158,9524,338,-566,56,-3040
2448,7930,3188,-789,532,-266,-3072
-3146,-8720,13440,789,-399,166,-3040
3286,-226,6770,-436,-86,-387,-3008
-1626,5572,5490,386,223,-263,-3024
-618,-4798,9540,515,165,-35,-3024
448,7536,8110,-725,170,-137,-3040
542,4596,5862,117,71,-5,-3008
1528,2208,6468,-768,211,-185,-3040
-2564,2086,4998,-199,-59,-62,-3024
2962,-5530,9612,510,449,-184,-3056
330,1392,8228,55,292,-167,-3040
-1370,2918,7462,-329,-220,-124,-3040
642,-5158,9000,320,-14,-299,-3024
2142,4614,4242,-569,401,-392,-3040
-2264,-5644,11356,311,-43,-1,-3008
1136,-3536,8852,266,-592,107,-3040
1578,5484,5986,-607,480,-349,-3024
-4790,-8762,11774,694,-281,172,-3024
3898,3214,7388,-524,-110,-283,-3008
-876,2522,5640,664,386,-413,-3040
-1958,812,8036,19,-253,-25,-3024
934,7908,5762,-388,289,-147,-3024
1156,-1734,10970,200,273,-47,-3024
2480,5012,7304,-1039,135,-144,-3040
-2012,-60,5614,-65,-79,-112,-3008
1568,-6456,8274,233,144,-134,-3024
458,1634,4898,213,447,-236,-3040
-574,2282,9596,-270,14,-168,-3040
-34,-4104,7886,119,-177,-236,-3040
2704,6122,5120,-295,290,-451,-3024
-3248,-3408,10146,250,-17,19,-3040
-228,-1600,9434,275,-585,90,-3008
2704,7730,3246,-661,493,-322,-3008
-3214,-9214,13458,679,-302,145,-3056
2620,4330,6066,-518,-64,-257,-3040
1144,-2194,9528,682,357,-370,-3040
474,6168,5036,32,147,-167,-3024
242,3150,6712,176,131,-5,-3024
1786,2250,6752,-900,143,-204,-3024
-2474,1810,4580,-133,-74,-74,-3024
2828,-5202,9786,420,405,-187,-3024
382,1348,8298,106,296,-204,-3008
-1142,2628,7712,-370,-153,-141,-3008
100,-4504,8460,259,-33,-270,-3024
2658,4734,6762,-576,422,-420,-3024
-2194,-6228,11774,288,-49,25,-3024
966,-2830,8796,206,-645,121,-3008
1768,5834,5352,-625,476,-340,-3008
-4976,-8022,11156,586,-289,117,-3024
3770,3404,7460,-538,-101,-288,-3056
-798,2082,6016,677,455,-409,-3072
-1934,1742,7852,82,-205,-21,-3008
726,7636,5658,-321,288,-167,-3024
1122,-3002,11506,217,258,-8,-3024
2384,5010,7162,-1063,170,-156,-3040
-1406,-74,5870,-62,-36,-145,-3040
1014,-6052,8044,131,72,-99,-3024
746,202,9602,251,416,-219,-3056
-214,2610,9242,-285,135,-182,-3040
-468,-3778,8160,109,-237,-200,-3008
3036,5540,4444,-194,191,-445,-3024
-1452,-5052,9184,90,313,-118,-3088
-636,-616,9594,31,-715,190,-3024
2974,8246,2874,-214,311,-297,-3040
-5024,-3260,9470,111,-378,77,-3008
1760,5266,4800,-210,-209,-159,-3024
1868,-4110,11220,753,723,-458,-3056
-1236,5822,8698,-387,-268,-3,-3072
762,4606,6116,93,111,-177,-3008
-250,-5024,11058,-94,-3,-24,-3024
754,7614,3976,-904,346,-94,-3008
542,-5386,10720,70,317,-147,-3072
42,-2500,5900,-218,-282,-54,-3040
626,1278,6668,284,361,-207,-3056
-1072,2164,5822,-409,-232,-175,-3040
1596,-3090,10514,488,199,-353,-2992
-1808,-5730,11116,-218,301,-216,-2992
-2602,1650,7358,-7,-638,227,-3024
4454,3142,7420,88,362,-295,-3024
-5242,-5526,9864,-452,-295,-33,-3040
-1338,3112,5214,68,-401,-89,-3040
3094,-8822,11384,586,677,-531,-3024
-1546,3732,8282,-373,-86,-41,-3024
1764,-2104,11546,388,42,-141,-3072
1150,-5072,12324,133,188,-5,-3008
1950,6898,5956,-1079,327,-121,-3024
-804,-2374,7922,101,96,-129,-3056
648,-5448,7010,-64,-83,-60,-3024
716,1072,4564,293,403,-186,-3040
-412,2050,8618,-116,213,-150,-3008
188,-2834,8924,-169,-166,-185,-3024
1780,-374,8736,152,105,-377,-3008
-766,-3808,8378,-194,283,-230,-3040
-1496,-128,9104,3,-640,252,-3040
3658,7602,4034,134,341,-292,-3024
-3754,-782,9532,-388,-309,20,-3056
270,5360,3776,-4,-415,-77,-3024
2838,-6962,12438,633,712,-453,-3008
-1210,6746,7850,-419,-91,-21,-3008
1242,1952,8322,400,32,-138,-3056
-996,-3660,9564,-316,-100,-51,-3056
68,7478,3650,-768,285,-99,-3040
530,-6720,11280,34,457,-169,-3040
186,-1334,6354,-367,-246,-19,-3056
2590,-2142,7230,390,288,-221,-3008
-1308,2588,6504,-47,163,-141,-3072
1010,-830,9316,-309,6,-188,-3072
1654,1810,5734,120,160,-384,-3024
-1478,-5236,10324,-227,275,-172,-3024
-2992,1004,6988,49,-601,197,-3008
4710,1392,8746,104,350,-310,-3072
-3288,-9222,13512,766,-446,157,-3056
3410,364,6644,-208,39,-443,-3024
-1552,5046,5400,107,256,-164,-3024
1772,-3366,12528,643,294,-55,-3056
848,7442,8098,-835,-49,-93,-3040
250,4102,6330,-218,-27,-41,-3040
-32,-6986,9192,-452,300,-176,-3024
422,1472,7398,-365,27,-77,-3024
2796,-5474,9626,544,445,-155,-3040
-854,1998,7596,-8,60,-136,-3040
-214,1072,6640,-393,-150,-170,-3056
152,-5258,8580,483,148,-300,-3024
2744,5184,6546,-783,443,-365,-3024
-3844,-154,7486,272,-344,124,-3008
916,-3512,9066,546,-301,17,-3008
1802,5794,5262,-843,558,-295,-3024
-2486,-5114,11790,840,-421,180,-3056
3930,3430,7462,-518,-92,-380,-3008
-872,2072,6016,419,234,-299,-3040
834,-6276,11802,386,55,-39,-3024
886,7914,5416,-582,341,-178,-3008
996,-2666,11510,129,87,-1,-3040
690,-2012,6578,-793,127,-192,-3040
-1384,2150,6180,-175,-59,-82,-3056
1256,-6006,7822,441,383,-149,-3024
320,1028,9630,123,357,-234,-3040
-1412,2832,5660,-368,-209,-166,-3040
-112,-3948,8092,310,-16,-217,-3040
2684,6216,4618,-576,436,-453,-3024
-2992,-4394,10784,280,-28,22,-3024
-524,-908,9436,196,-629,140,-3008
3002,7728,3380,-590,425,-341,-3008
-3606,-9468,13064,602,-295,90,-3024
2050,4610,5450,-461,-88,-247,-3008
1588,-3378,10406,697,427,-392,-3008
-1082,-3474,8574,23,-211,-61,-3040
648,7882,7520,-256,309,-170,-3024
234,-5212,11644,241,233,17,-3056
112,-5916,8290,-37,529,-212,-3040
36,1958,7532,-394,-183,3,-3008
928,338,5270,302,175,-217,-3040
-328,2404,7402,-23,224,-180,-3040
392,-2470,9834,-319,68,-175,-3024
1586,-2570,10386,379,112,-334,-3056
82,-2302,7666,-557,265,-288,-3040
-2442,1664,7620,48,-624,258,-3040
4150,-4686,10036,563,303,-178,-3056
-2212,984,9806,-822,40,-64,-3024
-806,4026,4350,463,-720,67,-3040
2882,-2796,6484,229,391,-520,-3040
-1654,6148,6818,-142,252,-96,-2992
1838,-786,10454,683,222,-69,-3056
86,6448,8482,-805,-157,-54,-3040
-264,5860,4558,-381,-32,-43,-3008
840,-6944,10434,-141,539,-208,-3040
78,12,7284,-406,-30,-32,-3056
2594,-3336,8878,379,250,-210,-3056
-1108,2392,6458,22,106,-205,-3040
234,-562,8582,-388,-43,-139,-3008
1010,-4534,9528,532,247,-315,-3024
2026,2872,7658,-734,335,-343,-3056
-3660,700,6458,156,-567,186,-3040
1858,-4648,8592,628,-35,-120,-3072
952,4292,7470,-859,536,-262,-3024
-2140,-1820,9250,709,-572,138,-3024
3718,1832,7620,-356,-45,-437,-3040
-1504,3708,4968,224,242,-226,-3008
1680,-6276,13034,662,287,-47,-3008
-1172,4084,7948,-816,62,-92,-2992
1170,-952,9952,-4,-50,-62,-3056
174,-3656,6958,-701,235,-241,-3040
-794,2412,7104,-268,-10,-61,-3040
2222,-6698,9288,463,442,-204,-3024
-596,1960,8564,70,174,-229,-3024
-1012,2454,5936,-350,-216,-162,-3040
1662,2430,5368,-229,279,-390,-3040
-3252,-3026,9212,180,-498,153,-3040
4518,1928,8098,304,330,-275,-3040
-5158,-4510,9570,-541,-179,-19,-3072
-1766,2250,6012,151,-530,-51,-3040
3164,-8928,10712,521,658,-519,-3056
-1652,4798,8436,-346,-18,-25,-3056
1790,-2980,12146,483,65,-130,-3040
-1520,930,7834,-467,-116,-103,-3040
1480,6804,5460,-678,227,-79,-3024
248,-7048,9306,-23,558,-229,-3040
266,1488,7492,-414,-135,-65,-3008
862,840,4664,359,247,-211,-3040
-554,2218,8080,-12,77,-159,-3056
-170,892,6928,-339,29,-164,-3024
1842,-1060,9436,428,192,-396,-3040
-512,-2872,7900,-627,268,-312,-3040
-3750,-118,7102,80,-594,216,-3040
4468,-2882,9966,575,260,-225,-3024
-3130,-582,9826,-799,173,-141,-3024
-2444,-4804,11730,508,-750,89,-3040
2708,-4590,6900,163,269,-492,-3040
-1346,6404,7382,-90,228,-179,-3024
900,-6456,11838,705,331,-77,-3040
-318,5506,8618,-823,-144,-57,-3040
-76,6854,3824,-356,-27,-88,-3008
606,-7126,11164,-288,472,-243,-3056
-1478,2126,6462,-395,-9,-38,-3056
2672,-2506,8076,495,395,-221,-3040
-1228,2654,6160,-10,-2,-192,-3008
-1204,2840,5800,-356,-121,-182,-3056
1114,-4586,10302,475,217,-308,-2992
1596,1690,7130,-773,357,-343,-3056
-3300,1058,6774,189,-490,147,-3008
2486,-3904,8930,606,61,-145,-3040
6,3060,8268,-874,313,-158,-3040
-1880,434,7668,651,-642,119,-3056
1828,-3778,10622,743,591,-463,-3008
1922,-4318,12718,555,226,-24,-3008
1046,7680,7452,-792,91,-100,-3040
454,2386,7706,-155,-43,-57,-3040
-30,-6046,8216,-386,311,-239,-3040
192,1616,7564,-334,10,-87,-3024
2370,-5398,9560,468,422,-160,-3024
-236,1660,8270,27,56,-135,-3040
-758,1284,6064,-430,-43,-190,-3024
1792,-1824,10130,553,220,-321,-3024
3116,5074,6680,-739,390,-328,-3040
-3814,-796,8054,157,-566,216,-3040
4094,-4072,9596,640,48,-120,-3040
-2378,264,10038,-879,483,-184,-3024
-2458,-6318,12634,650,-635,146,-3024
2898,-3610,6732,-231,29,-465,-3040
-1538,6412,6622,111,217,-190,-3040
638,-6658,11006,655,312,-57,-3024
-134,6514,8588,-829,-2,-87,-3024
-400,5486,4594,-37,-97,-14,-3040
1066,-858,6504,-509,309,-235,-3040
-1926,1940,5818,-275,-5,-31,-3024
2846,-2592,8746,417,380,-159,-3056
642,900,9514,63,173,-232,-3040
-1562,2990,6126,-440,-189,-162,-3008
830,-4282,9546,480,166,-265,-3040
1936,2592,7518,-744,446,-404,-3024
-2822,-4848,11254,302,-294,117,-3024
2090,-3944,8672,388,-498,30,-3040
562,3942,7626,-774,520,-272,-3040
-4024,-9404,12622,774,-333,133,-3024
3912,1564,7436,-520,-61,-387,-3024
-1554,3904,5028,522,263,-299,-3008
-1460,-2000,8142,382,65,-62,-3040
634,8050,6864,-562,275,-117,-3056
900,442,9282,-115,-46,-55,-3024
18,-4828,7510,-542,233,-242,-3040
324,-2910,6150,-22,-54,-106,-3024
556,1564,6490,251,458,-234,-3040
-816,2774,8706,-320,-30,-183,-3056
-320,-4686,7980,203,-187,-228,-3024
1906,3670,4506,-366,322,-402,-3040
-1826,-6160,11300,226,171,-102,-3040
160,-2462,9398,38,-733,188,-3056
2454,8214,3224,-409,342,-308,-3056
-5442,-6278,9854,391,-278,128,-3024
3368,4568,6738,-398,-125,-209,-3040
336,-312,8028,768,594,-410,-3040
-1728,4294,8446,-279,-290,9,-3024
374,7022,4642,-57,164,-169,-3024
1026,-5514,12746,89,161,-50,-3008
2024,7076,5900,-1078,303,-113,-3072
-524,-2800,8466,66,146,-142,-3024
328,-4836,6460,-102,-173,-69,-3024
1210,1146,4200,280,466,-239,-3008
-758,2152,8490,-132,208,-121,-3040
444,-2586,9132,-169,-132,-196,-3024
2106,4330,4156,91,124,-378,-3024
-790,-2860,7930,-187,214,-164,-3024
-1476,490,8582,21,-598,238,-3008
3726,6470,4842,87,352,-294,-3072
-3234,-510,9598,-480,-252,-16,-3024
-178,4754,4062,72,-466,-39,-3024
2926,-7200,12182,594,701,-487,-3008
-1288,5574,7732,-387,-23,-34,-3040
1258,1850,8842,430,38,-84,-3056
-876,-3426,9184,-365,-121,-31,-3056
72,7790,3592,-754,268,-138,-3008
438,-7950,11506,66,467,-184,-3008
464,-160,6210,-466,-181,-36,-3024
238,1708,4910,397,293,-231,-3024
-1246,1958,6740,-30,125,-163,-3040
766,-228,8978,-349,3,-200,-3040
1542,1078,6696,455,128,-347,-3040
1630,1948,6946,-640,247,-319,-3024
2472,-4808,9214,265,-605,107,-3056
446,3782,8010,-914,523,-214,-3008
-2330,120,7612,743,-594,162,-3008
3552,1856,6678,-292,11,-427,-3008
-1640,4426,5308,150,264,-194,-3008
1850,-4860,12694,589,224,-2,-3056
1326,8068,7140,-754,138,-120,-3008
410,1386,8364,-106,-82,-10,-3040
300,-5362,7900,-494,320,-244,-3040
-218,1898,7452,-304,36,-44,-3024
2306,-5498,9350,504,381,-162,-3024
-502,1176,8482,80,190,-185,-3008
-654,2126,6098,-389,-235,-148,-3040
154,-4110,7900,400,70,-278,-3056
2856,5380,6430,-726,454,-383,-3024
-3502,-2002,8524,268,-257,94,-3024
306,-2496,9080,387,-442,74,-3040
2216,6650,3994,-744,537,-309,-3040
-2766,-7424,13068,790,-342,174,-3024
3320,3540,7296,-555,-62,-312,-3040
122,278,7568,532,251,-318,-3008
72,-5800,10248,318,28,-37,-3008
314,6460,8750,-506,326,-142,-3024
1242,-4618,12454,171,160,-30,-3056
1044,228,6290,-985,139,-193,-3008
-2166,2044,5378,-100,-88,-85,-3040
800,-5492,7016,320,279,-125,-3024
500,308,9424,224,357,-189,-3024
-1164,3860,6388,-346,-45,-190,-3040
152,-2848,8822,223,-155,-251,-3040
2506,6020,3628,-485,352,-431,-2992
-2556,-5378,11614,284,189,-53,-3056
-1442,220,8830,84,-680,165,-3008
3694,7742,4078,-466,365,-342,-3040
-4580,-9748,12196,518,-305,113,-3008
4024,2492,7614,-430,-101,-204,-3024
2536,-6174,11910,747,508,-452,-3024
-1760,-852,8100,-174,-358,-29,-3040
-998,4600,8134,-782,-154,-109,-3056
2,6998,4002,-559,89,-53,-3024
848,-5354,10610,-41,554,-213,-3056
-544,1940,7282,-390,-100,-26,-3040
1776,-806,6708,312,155,-201,-3040
-794,2582,6150,0,160,-150,-3040
678,-1896,10088,-369,40,-174,-3024
1698,-2786,10418,461,173,-349,-3024
530,-764,7666,-657,285,-315,-3040
-2982,1632,6742,104,-642,250,-3008
3496,-4802,9152,588,201,-176,-3024
-1264,1458,9798,-862,219,-109,-3056
-1180,2926,5186,465,-741,101,-3024
3198,-1664,6718,65,267,-480,-3040
-1774,5838,5722,-118,209,-123,-3040
2068,-2444,11664,709,337,-60,-3024
164,7452,8250,-826,-138,-54,-3040
162,4158,5786,-250,-15,-65,-3040
352,-6860,9758,-256,452,-241,-3072
148,1206,7408,-394,-31,-12,-3024
3042,-4442,9390,440,325,-202,-3056
-1188,2434,6796,-29,103,-176,-3040
190,588,7630,-382,-68,-160,-3008
734,-4658,9106,510,232,-299,-3056
2272,4080,6996,-778,366,-386,-3056
-3654,470,6824,268,-398,171,-3008
1540,-3676,8766,561,-160,-42,-3040
1310,5062,6450,-848,515,-287,-3024
-2242,-3692,10482,755,-490,120,-3024
3842,2510,7468,-456,-90,-424,-3008
-1134,2856,5316,373,290,-256,-3040
1124,-6260,12660,585,217,-40,-3072
-676,4840,8130,-742,132,-115,-3024
1212,-1266,10582,7,-21,-28,-3024
112,-3428,6844,-708,159,-202,-3040
-672,2544,6760,-310,-11,-117,-3072
1836,-6322,8912,480,413,-190,-3024
-14,1078,8936,69,218,-218,-3024
670,-1388,9474,-237,-41,-187,-3040
1720,2878,5402,-44,160,-408,-3040
-1618,-5812,10684,-29,299,-187,-3040
-260,-1682,9392,134,-730,217,-3024
2742,8478,2868,-524,386,-339,-3056
-5288,-4816,9404,381,-271,95,-3008
2628,4526,6136,-447,-107,-211,-3040
1098,-1680,9316,778,603,-418,-3024
-1474,4884,8728,-289,-334,-14,-3040
460,6384,4976,-69,140,-168,-3040
630,-5520,12240,178,201,-16,-3008
2074,2544,6908,-1103,332,-135,-3024
-90,-4346,9614,90,48,-153,-3024
304,-4014,6050,-111,-155,-83,-3008
444,1818,7770,258,477,-235,-3008
-874,2080,8008,-117,119,-137,-3008
710,-1790,9206,-178,-145,-223,-3024
1942,3528,4706,62,222,-378,-3056
-104,-1832,7658,-259,242,-170,-3072
-1930,1052,8132,39,-663,186,-3008
3902,5002,5722,105,331,-313,-3056
-2568,718,9230,-487,-254,-11,-3040
-746,4076,4468,136,-467,-92,-3008
3136,-8108,12160,605,724,-494,-3040
-1840,2730,7790,-370,-44,-52,-3024
1644,134,9886,318,-1,-113,-3056
-1270,-1734,8444,-256,-45,-83,-2992
2256,5664,6984,-825,267,-134,-3008
536,-7794,10896,62,434,-175,-3008
434,344,6734,-361,-168,-75,-2992
50,1696,4646,308,222,-224,-3024
-138,2302,9006,-68,231,-178,-3040
-124,-3448,8682,-244,-81,-191,-3024
1736,930,7642,71,104,-381,-3024
-998,-4938,9100,-276,300,-224,-2976
-1188,-448,9094,6,-653,251,-3040
4956,-1428,9814,257,398,-275,-3056
-4298,-9894,12764,849,-353,168,-3040
2742,-7450,8430,408,514,-499,-3040
-1592,-1698,8246,-370,-270,4,-3024
1124,3398,6784,-22,169,-180,-3040
-566,-4548,10528,25,154,-33,-3024
2734,4182,7234,-1017,313,-114,-3024
-2544,850,4726,-52,-69,-149,-3008
2010,-5766,9224,242,140,-100,-3040
392,1360,6202,249,445,-227,-3056
-726,2470,9404,-292,6,-179,-3024
-42,-3880,7460,50,-200,-245,-3040
2000,3004,4648,-308,295,-410,-3040
-1926,-6182,10864,82,230,-102,-3024
36,-1940,9450,73,-665,168,-3024
4718,3084,8050,-285,331,-341,-3008
-5408,-5058,9510,192,-360,63,-3040
3042,4130,6782,-240,-196,-162,-3024
560,-840,8402,728,647,-465,-3056
-1266,3908,8456,-330,-254,42,-3008
290,6988,4730,11,127,-147,-3008
1128,-4940,12538,9,154,-28,-3024
1918,6742,6044,-1022,318,-136,-3024
-860,-2354,8052,95,113,-117,-3024
600,-5142,6808,-140,-177,-86,-3040
370,1410,4424,274,356,-249,-3040
-122,1916,8668,-103,262,-144,-3024
224,-2826,9080,-174,-111,-179,-3056
2006,-4,8768,83,86,-400,-3040
-924,-4668,8434,-116,280,-189,-3008
-1568,286,8920,-25,-655,285,-3024
3716,8046,4106,-218,347,-353,-3040
-4552,-9670,11994,187,-361,114,-3072
548,5252,3922,-285,-246,-151,-3024
-1370,3276,5204,699,402,-376,-3024
-1712,-654,8188,98,-187,3,-3024
744,8390,5870,-335,290,-196,-3008
996,-1362,10596,240,220,-2,-3040
702,-6070,10798,-16,551,-213,-3056
112,-1794,6578,-279,-272,-46,-3040
920,1388,5510,318,323,-227,-3008
-1076,2710,6332,-123,222,-156,-3008
828,-1370,9534,-226,-14,-189,-3024
1720,2360,5458,209,161,-398,-3024
450,178,7450,-398,207,-208,-3008
-2878,1034,6976,92,-614,236,-3040
4688,3200,8120,325,349,-256,-3024
-5242,-4932,9598,-588,-178,-48,-3024
-1420,2350,5662,217,-664,24,-3072
2986,-8388,10634,482,599,-496,-3008
-1388,4118,8552,-367,83,-78,-3040
1906,-2778,12054,549,117,-92,-3056
-1842,44,8042,-490,-213,-43,-3056
1832,7594,5276,-625,179,-109,-3040
76,-7088,9456,33,525,-166,-3008
382,1808,7398,-475,-136,-20,-3056
1048,716,4680,408,288,-209,-3056
-1174,2248,7264,-57,94,-146,-3040
104,950,7102,-354,13,-186,-3040
1640,-1554,9218,504,221,-324,-3024
-524,-3332,8206,-675,267,-326,-3056
-3602,204,7034,144,-575,225,-3040
4664,-3348,10248,611,212,-157,-3008
-3382,-104,9382,-902,309,-190,-3024
-2400,-4724,11292,577,-713,121,-2992
2772,-4492,6840,45,251,-508,-3056
-1476,6102,7924,15,298,-151,-3040
746,-6334,12484,648,262,-30,-3040
-216,5580,8236,-814,-78,-59,-3056
-182,7086,3842,-296,-64,-36,-3024
432,-2390,6426,-325,395,-216,-3008
-1004,2260,6650,-417,25,-43,-3008
2306,-2318,7604,504,358,-186,-3056
142,856,9346,15,127,-201,-3008
-1532,2876,5782,-433,-150,-170,-3040
1388,-4108,10276,531,195,-293,-3008
-1482,-5048,9774,-102,265,-143,-3056
-440,-1192,9332,82,-689,190,-3024
2894,8152,3032,-379,334,-330,-3024
-5044,-3398,9180,200,-322,105,-3040
2082,4538,5590,-355,-128,-242,-3040
1556,-2878,10352,712,564,-414,-3008
-1382,-3754,8588,-262,-345,-9,-3056
568,5000,5510,-93,170,-174,-3024
208,-5234,11708,108,180,-64,-3040
2324,3384,6958,-1104,299,-111,-3040
170,-5026,10238,105,118,-150,-3056
330,-3134,5976,-97,-117,-111,-3024
298,1698,7206,240,410,-234,-2992
-678,2122,7420,-62,190,-159,-3040
648,-1852,9624,-192,-113,-237,-3040
1912,3646,4624,115,110,-389,-3056
454,-936,7418,-327,267,-176,-3008
-2526,1526,7354,23,-647,265,-3072
4422,3586,7080,149,374,-322,-3008
-5432,-5942,9964,105,-300,120,-3056
3320,4164,6986,-169,-244,-163,-3040
3134,-8916,11766,706,668,-431,-3008
-1760,4184,8042,-294,-321,11,-3040
592,6872,4966,60,93,-149,-3056
-1776,-172,7810,-86,75,-76,-3008
2022,6168,6398,-1007,312,-101,-3040
-720,-1618,7366,88,198,-151,-3008
378,-5472,7158,-168,-185,-91,-3024
230,1442,4520,253,311,-217,-3056
-160,2478,8506,-54,269,-189,-3072
116,-3324,9304,-184,-87,-149,-3040
2042,332,8496,130,88,-406,-3024
-930,-4288,8346,-209,270,-247,-3024
-1394,-8,8942,-9,-629,262,-3008
4756,-2072,9846,228,413,-309,-3040
-4034,-1478,9848,-572,-203,-40,-3056
724,5072,4126,138,-571,-53,-3024
-1452,3302,5468,477,201,-305,-3040
1260,2480,7848,676,281,-96,-3024
-1104,4742,8214,-734,-232,-37,-3056
312,7010,4036,-486,96,-88,-3024
486,-6168,10856,-35,554,-220,-3024
-1094,2274,7006,-404,-131,13,-3040
2150,-1486,6932,378,260,-215,-3008
-994,2856,6254,-19,94,-167,-3024
-1162,2632,5602,-362,-32,-160,-3040
1448,-3656,10660,474,249,-329,-3040
910,594,7194,-696,287,-318,-3040
-3148,1762,6720,139,-598,233,-3008
3068,-4308,9036,594,149,-132,-3056
-802,2034,9436,-878,280,-144,-3024
-1536,2010,5900,603,-680,128,-3040
3298,-390,6644,-32,155,-493,-3040
-1632,4966,5618,69,262,-183,-3024
1820,-2688,12072,663,290,-80,-3056
686,7152,8178,-805,-83,-66,-3008
34,4310,5810,-253,-53,-19,-3040
78,-6716,9596,-349,343,-202,-3056
-2392,1916,4918,-383,0,-51,-3040
2776,-4840,9494,512,410,-176,-3040
-888,2636,7076,-37,118,-170,-3040
-86,164,7366,-389,-184,-167,-3056
470,-5226,8948,514,177,-310,-3056
2624,4102,7174,-752,466,-373,-3008
-3948,960,6890,186,-419,160,-3040
1522,-3942,9050,558,-350,4,-2992
1310,5166,5922,-892,552,-280,-3024
-2204,-3188,10814,791,-463,208,-3024
4044,2586,7694,-470,-74,-441,-3040
-1124,3046,5360,341,206,-283,-3040
1164,-6346,12298,507,147,-41,-3024
726,8338,5686,-672,232,-142,-3072
1046,-1746,10884,153,28,-34,-3040
336,-2880,6706,-771,170,-228,-3040
-986,2212,6730,-217,-55,-72,-3024
724,1510,5366,354,345,-261,-3072
-1216,2016,5940,-337,-239,-188,-3040
130,-3628,7786,328,33,-278,-3008
2566,5820,5504,-603,444,-415,-3056
-3218,-3444,9846,277,-161,50,-3024
-240,-1154,9242,274,-564,89,-3040
2636,7604,3324,-652,522,-314,-3008
-3126,-8486,13278,616,-272,108,-3024
3260,-162,6622,-505,-92,-316,-3024
1100,-2094,9314,561,288,-337,-3024
-1010,-4284,9036,193,-145,-59,-3008
810,7362,8222,-490,263,-149,-3040
932,-4566,11922,253,267,-25,-3024
1582,1526,7148,-1027,148,-150,-3024
-2238,1890,4640,-40,-97,-166,-3040
690,-4824,6498,231,255,-149,-3040
256,1476,7970,206,394,-215,-3024
-1126,2984,7722,-276,-13,-194,-3024
356,-2374,9322,89,-159,-249,-3040
2170,4846,3944,-347,298,-404,-3040
-2218,-5938,11760,143,242,-135,-3024
902,-3170,8820,34,-717,183,-3024
4200,6496,5218,-293,343,-332,-3072
-5180,-8164,11028,207,-323,114,-3040
4010,3208,7676,-270,-200,-172,-3024
3068,-8188,12512,777,672,-451,-3024
-2034,2032,7832,-262,-360,12,-3024
828,7606,5462,56,143,-178,-3008
-1628,-2194,8724,70,203,-38,-3040
2550,5464,7068,-1020,290,-117,-3024
-1430,-386,6012,52,150,-141,-3056
184,-470,6862,-139,-190,-59,-3008
516,1828,4610,224,449,-260,-3056
-494,2452,9100,-170,166,-147,-3024
-6,-3610,8332,-58,-182,-226,-3024
1716,1064,7096,-55,164,-399,-3008
-1204,-4702,9426,-65,300,-165,-3040
4940,-570,9606,591,113,-100,-3024
-4736,-2606,9332,-638,-122,-70,-3056
1476,4760,4986,208,-610,13,-3056
2706,-7540,8820,544,660,-485,-3024
-1260,5692,8360,-340,84,-52,-3040
846,4292,6314,496,109,-103,-3040
-1344,2938,7940,-560,-205,-42,-3056
806,7888,4194,-662,182,-83,-3056
412,-5676,10534,22,522,-200,-3024
-358,2028,7416,-422,-140,-20,-3040
1392,-330,5814,356,212,-187,-3008
-632,2254,6994,33,138,-197,-3024
-1046,2808,5620,-402,21,-168,-3040
1498,-3272,10750,509,165,-315,-3008
800,-782,7452,-674,261,-316,-3040
-2900,2026,6920,131,-569,188,-3024
3492,-5042,9588,634,173,-173,-3056
-1274,1892,9482,-920,365,-177,-3008
-1438,3154,5084,594,-710,92,-3040
3158,-720,6422,-110,124,-521,-2992
-1798,5382,5834,8,239,-137,-3024
2202,-2724,11704,697,297,-83,-3040
728,7118,8322,-855,-82,-138,-3040
-118,4514,5714,-184,-92,-68,-3056
408,-6824,9596,-345,400,-254,-3024
-2456,1554,5150,-364,37,-62,-3040
2740,-4118,9266,453,333,-178,-3040
-934,2206,7098,9,106,-202,-3040
-20,272,7554,-442,-194,-164,-3024
620,-4928,9014,522,204,-320,-2992
2432,3560,7428,-767,436,-386,-3040
-3802,296,6828,168,-421,174,-3040
1444,-4128,8960,550,-289,-52,-3056
1154,5282,6230,-849,553,-265,-3024
-2162,-2904,10476,781,-425,167,-3072
3852,2824,7524,-445,-82,-435,-3008
-1120,2982,5588,396,236,-277,-3024
1330,-6274,12270,532,171,-48,-3056
-696,-4614,9996,-139,-10,-45,-3072
2702,5580,6918,-1096,332,-95,-3040
-2442,-56,5500,123,100,-117,-3040
338,-1432,6302,-157,-193,-59,-3024
586,1956,5292,278,455,-226,-3056
-834,1652,9674,-137,139,-118,-3056
782,-1082,9550,-196,-113,-187,-3040
1778,1740,5610,48,170,-421,-3008
-1592,-5768,10634,-180,292,-127,-3088
-2954,1804,6836,45,-635,209,-3008
4648,2016,8472,36,346,-296,-3040
-5300,-4122,9366,-289,-330,33,-3040
2764,4580,6292,49,-453,-84,-3024
3192,-8384,10426,656,740,-484,-3024
-1500,4840,8458,-386,-69,-45,-3008
330,6340,4912,277,48,-104,-3040
-1544,780,7564,-296,-77,-87,-3024
1376,7010,5632,-868,298,-91,-3024
-218,-2958,8830,108,367,-164,-3024
382,1384,7544,-334,-237,-47,-3040
892,1268,4364,310,247,-213,-3040
-478,1846,8366,-47,244,-202,-3024
-96,580,7122,-328,33,-193,-3040
1942,-922,9252,342,181,-395,-3040
-858,-3420,8160,-432,211,-262,-3040
-1572,-58,8668,43,-638,237,-3024
3828,7050,4800,33,367,-300,-3008
-3354,-732,9774,-250,-325,35,-3040
246,4918,4156,7,-462,-18,-3024
2710,-6824,11836,682,726,-460,-3056
-1402,6410,7444,-395,-61,-25,-3040
1324,1870,8394,336,87,-118,-3008
-1184,-3764,9654,-185,-48,-52,-3040
2620,5414,6988,-854,293,-105,-3056
590,-6992,11008,120,377,-194,-3024
