AcX,AcY,AcZ,GyX,GyY,GyZ,Tmp
1092,-2684,-66,543,-78,-198,-4048
-2308,-172,20032,-2237,-1271,-336,-4032
2788,4156,2236,2376,1433,328,-4016
-1312,-6754,1810,-494,-669,-252,-4064
52,4990,16642,-1199,-336,-76,-4064
2050,-4700,276,1370,873,59,-4064
-3198,-1714,13182,-2189,-1000,-531,-4032
3102,-5280,5424,2774,-61,-133,-4064
-994,4884,13344,-1447,-15,-221,-4064
-2428,-1924,414,1246,79,-378,-4064
2354,4230,6324,-1577,-378,2,-4048
266,8422,7934,51,1305,304,-4048
1348,-4766,-2802,1195,-900,-419,-4048
2672,9466,19546,-952,380,164,-4016
-1050,-7168,5174,2724,827,-223,-4048
-2906,-3272,16094,-3031,-1137,-549,-4048
936,-1288,344,2093,617,-4,-4064
1376,-8256,7188,-1007,-486,-168,-4080
-1778,7418,16400,-1144,213,115,-4048
1566,3108,-2194,2070,635,-61,-4032
2204,-3630,1794,-1125,146,-42,-4048
-4074,700,17408,-704,-606,-319,-4064
1274,-12472,9866,969,-734,-370,-4064
-702,9892,12778,1359,730,9,-4080
-1998,-2818,4056,-526,-251,-416,-4080
-972,4290,12952,-80,-676,-86,-4048
2914,2910,6824,1013,1119,475,-4080
-3842,-14512,11596,-1172,-1155,-449,-4048
4432,6494,5616,2082,826,190,-4016
852,-8272,2826,-464,520,-280,-4048
-3882,5544,16948,-1475,-302,-525,-4080
1246,-7086,902,1470,290,-110,-4032
-2272,-3520,18896,-2481,-1351,-397,-4032
1156,7918,7664,2391,1418,342,-4032
388,-4316,-3094,-34,-480,-236,-4064
-706,7664,17124,-1600,-459,-113,-4064
1204,-2914,2684,1448,932,69,-4048
-2154,-3608,9634,-2394,-976,-562,-4048
3710,520,2044,3072,330,-36,-4048
-948,8354,13640,-1792,-170,-239,-4064
-2694,-940,2554,1409,-88,-320,-4016
3786,2702,3258,-1511,-123,100,-4064
-1376,5290,9562,-975,1052,157,-4064
-2884,-12690,9726,1637,-392,-354,-4064
2792,9546,16966,-2138,325,113,-4064
-1626,-1196,5176,2908,911,-264,-4064
-1284,-5928,10548,-3022,-1175,-532,-4032
-422,2156,5116,1151,325,-47,-4064
3870,-7982,280,193,50,-73,-4064
-2602,2300,17540,-1904,-295,-29,-4064
426,6406,4524,2275,755,-71,-4048
1466,366,8808,-2713,-319,-122,-4048
-2966,1512,14366,368,95,-136,-4048
226,-11700,8246,-960,-820,-496,-4048
1024,9522,6436,2478,804,50,-4080
-1180,800,8866,-2005,-427,-440,-4080
-2250,3240,10380,1200,-426,-159,-4080
4384,-2130,4024,-134,690,360,-4016
-5792,-13212,19578,-2563,-499,-351,-4048
4872,2760,-5950,2747,1039,51,-4080
1810,-2108,3284,-3221,282,-237,-4048
-2948,10756,11652,762,497,-434,-4112
1688,-4754,-1420,-235,-317,-205,-4048
-2802,2008,19846,-1864,-1100,-325,-4080
4108,1330,-778,3239,1438,321,-4048
-2126,-6832,5566,-17,-367,-215,-4048
-392,6090,17868,-1598,-444,-106,-4048
60,-614,6366,1334,915,43,-4048
-3754,-832,15062,-2128,-929,-514,-4032
2632,-7580,6536,2953,137,-62,-4048
-954,6620,14222,-1723,-98,-240,-4064
-2370,540,4214,1416,73,-338,-4032
1952,4508,8542,-1767,-266,24,-4064
596,7086,7962,-561,1179,219,-4096
158,-7894,818,1499,-561,-353,-4096
2748,7508,12276,-2001,354,130,-4032
-296,-7800,4048,2917,904,-283,-4064
-3220,-1278,16598,-3126,-1173,-555,-4064
-1782,4532,10672,1574,444,-43,-4064
5642,-6800,-3900,-740,-498,-176,-4080
-1012,8302,14922,-1122,217,99,-4080
1392,1170,-3716,2154,662,-132,-4048
2102,-2350,3928,-2944,-425,-149,-4048
-3850,1386,16944,723,307,-83,-4080
-624,-8102,6840,-1300,-921,-551,-4048
3110,6698,2144,2603,787,76,-4048
-1374,-1440,6008,-1967,-393,-454,-4048
-2680,406,5888,1409,-364,-211,-4064
4184,-616,3262,-554,567,306,-4080
-3828,-2002,14310,-2386,90,-224,-4064
5188,4262,-1244,2255,705,-104,-4064
2892,7308,9630,-3596,281,-191,-4032
710,-7696,3522,-2325,-957,-422,-4064
1036,-7648,9116,-2300,-1356,-372,-4048
2768,4200,3088,1857,1269,347,-4064
-1174,-5816,1566,497,-183,-250,-4064
284,4132,15658,-2101,-537,-166,-4032
-998,600,9468,1403,849,36,-4064
-2902,-2036,12102,-2214,-966,-555,-4048
3270,-4024,4342,2862,136,-58,-4048
-810,5088,12596,-2008,-162,-252,-4048
-2514,1834,5694,1627,80,-342,-4048
2606,3390,7084,-1943,-186,101,-4048
-340,8092,8816,-778,1177,198,-4080
2102,-4570,-4206,1708,-335,-296,-4080
2586,10686,19276,-2166,283,98,-4032
-972,-5958,4258,3257,970,-265,-4048
-2168,-3846,14360,-3294,-1224,-507,-4048
-2188,5100,13884,1649,523,-41,-4064
1866,-8970,6210,-311,-230,-84,-4064
-2016,7410,17258,-1622,21,8,-4064
1212,2850,-1458,2390,686,-123,-4064
2388,-3614,1690,-2768,-389,-148,-4064
-1398,746,10418,462,128,-95,-4064
-648,-9062,7550,-1274,-955,-567,-4032
3224,9248,1046,2856,1034,118,-4064
-1942,-3610,3636,-2480,-572,-462,-4080
-2790,2882,8062,1394,-318,-184,-4016
4984,-2388,496,-379,678,334,-4080
-4716,-6358,17122,-3115,-265,-284,-4048
4644,7100,3848,2738,944,11,-4080
2572,4064,6148,-3759,208,-225,-4016
-1824,9678,7136,1386,681,-366,-4080
1210,-7426,592,-932,-543,-301,-4080
-2492,4862,15328,-1188,-662,-237,-4096
5818,-3514,-5426,3139,1457,288,-4048
-3558,-5874,12518,-2384,-1049,-287,-4064
-934,8048,16764,1241,314,-68,-4064
2528,-4890,404,-141,464,9,-4096
-68,-10614,6960,-2073,-988,-588,-4064
2182,9524,3400,2430,910,49,-4064
-2056,-3578,3118,-1822,-429,-456,-4032
-2718,3264,8632,884,-475,-135,-4064
4788,-2816,1922,270,826,408,-4064
-5164,-8892,18598,-2883,-666,-382,-4064
4226,7484,6968,2927,1061,76,-4032
2256,2328,5024,-3105,289,-256,-4032
-2114,10762,8248,513,440,-438,-4064
1530,-6990,-518,73,-229,-195,-4064
-1970,-4174,18240,-2061,-1132,-315,-4064
5082,-2236,-3958,3318,1546,347,-4064
-3158,-6568,10362,-1339,-916,-290,-4064
-954,7212,18312,278,-6,-50,-4080
928,-2284,3924,755,706,56,-4080
-4304,206,17064,-1674,-910,-441,-4048
2106,-10768,8614,2262,-367,-213,-4016
-1076,8630,14566,-683,261,-85,-4080
-2304,-3578,1530,748,-23,-383,-4064
410,4480,12242,-1540,-608,-18,-4080
1618,6210,8270,888,1383,417,-4080
-1930,-12604,5574,307,-1262,-491,-4064
3268,8646,13290,484,574,214,-4064
470,-9928,2620,1837,728,-267,-4064
-3908,1570,18274,-3262,-1223,-538,-4064
-852,3998,7076,1512,484,-38,-4064
4852,-8240,-2842,-221,-151,-118,-4064
-3082,1212,17636,-1439,106,64,-4080
1540,-1614,-4824,2369,658,-84,-4080
1768,-156,6992,-3057,-481,-152,-4048
-3206,1340,15008,691,281,-72,-4016
500,-12968,9328,-1503,-906,-592,-4048
4080,4850,-154,2869,1016,100,-4048
-1486,-1210,7566,-1646,-461,-467,-4080
-2494,3382,13124,734,-610,-141,-4048
4126,-1252,5062,457,899,380,-4048
-2808,1738,12364,-2815,-506,-358,-4064
2858,8180,13118,-1607,365,112,-4096
-1900,4022,5868,3050,985,-261,-4032
-3478,-414,17008,-2984,-1165,-513,-4064
-1294,4416,9520,538,105,-107,-4048
5466,-6904,-3968,1028,455,29,-4048
-3442,-1730,16616,-2338,-621,-146,-4080
1670,1044,-4440,2327,710,-58,-4064
2084,-2362,4246,-2313,-171,-117,-4064
-3896,1396,17078,140,-138,-176,-4032
802,-12752,9342,-272,-826,-482,-4064
3002,6622,1972,2017,773,60,-4032
-1568,-1348,5992,-1308,-344,-430,-4096
-1440,3872,11748,796,-555,-129,-4064
3608,682,5910,388,851,397,-4064
-3718,-2914,15094,-2094,-765,-392,-4064
4824,4566,10,2756,965,96,-4048
1094,-6150,3262,-2777,347,-208,-4080
-3576,8220,15076,525,402,-444,-4080
806,-7802,3034,34,-212,-198,-4048
-2542,-976,20060,-1936,-1103,-325,-4048
2162,5460,3812,2987,1404,303,-4048
-3328,-3798,14690,-1515,-933,-272,-4064
-866,7490,14474,-299,-74,-63,-4080
1732,-3758,1214,737,785,29,-4032
-2882,-2514,11560,-1674,-884,-460,-4032
996,-12254,9834,2153,-413,-212,-4032
-500,9400,12058,-517,210,-124,-4064
-2530,-1706,1032,766,-43,-434,-4064
3228,3074,4874,-1199,-467,-17,-4032
3106,2544,6070,409,1321,385,-4096
-4244,-14958,12804,758,-1050,-434,-4064
2586,9748,18994,-126,547,203,-4064
-1406,-4406,5580,1605,650,-253,-4080
-3838,5990,16460,-2539,-872,-558,-4080
334,496,2328,2181,625,-13,-4048
2548,-8666,4096,-1859,-997,-306,-4080
-2006,5714,17048,227,768,255,-4080
-948,7396,16472,1181,316,-52,-4032
1362,-3336,2636,866,823,46,-4016
-2508,-3238,10274,-1780,-927,-490,-4080
1550,-11242,9164,2305,-320,-219,-4080
-706,8560,13398,-638,122,-148,-4080
-2692,-1144,2458,811,-50,-398,-4080
3602,3228,3546,-993,-398,24,-4048
2198,2772,7668,263,1214,339,-4080
-3388,-13292,11182,733,-965,-428,-4080
2838,9574,16930,-185,585,222,-4080
498,-8262,3744,1414,638,-288,-4064
-3664,4632,16808,-2496,-848,-531,-4064
-62,1368,3754,2105,581,-40,-4064
3420,-8234,2114,-1810,-1012,-300,-4064
960,7572,8634,293,789,256,-4064
338,-3000,-3052,1553,334,-201,-4064
1300,1258,10750,-2867,-570,-170,-4064
-2568,1612,13390,1155,647,-21,-4064
-1590,-4768,8700,-2088,-943,-590,-4048
3344,1810,2510,2803,505,8,-4048
-716,2300,8698,-2045,-266,-340,-4048
-2448,1582,8966,1275,-258,-283,-4048
3580,2996,3960,-1456,223,210,-4048
-1362,4700,8680,-1837,727,-33,-4048
3886,992,-5396,1826,232,-190,-4048
2890,9942,16226,-3118,276,10,-4064
-1788,-790,5020,2691,887,-325,-4080
-770,-6202,10190,-2826,-1143,-483,-4064
-2492,3250,17512,531,116,-98,-4064
3982,-8172,66,1101,493,47,-4064
-2692,3062,17560,-2338,-513,-111,-4064
148,5672,4672,2031,634,-95,-4064
2428,-4606,2,-1695,31,-85,-4064
-2756,1110,14018,-229,-355,-260,-4096
16,-11378,9090,-38,-877,-450,-4032
1452,9554,5578,2143,851,73,-4064
-2176,-3340,2194,-1358,-428,-440,-4096
3898,1472,2440,-1867,-151,78,-4080
-2028,4852,11090,-2090,716,-54,-4064
4596,2078,-6158,2140,287,-237,-4096
2876,9736,15876,-3613,162,-64,-4032
-1866,1252,5058,2775,925,-290,-4064
-392,-7082,8188,-2636,-1060,-422,-4064
-2656,2728,18662,121,-29,-104,-4032
4782,-8414,-1620,1613,688,89,-4064
-3368,1696,18240,-2513,-692,-172,-4064
116,6268,6282,2211,578,-89,-4032
2444,-5378,76,-1590,58,-29,-4064
-3064,1634,14648,-82,-295,-221,-4048
420,-12020,8650,-203,-840,-472,-4048
950,10388,6762,2015,877,46,-4048
-2304,-2378,930,-1297,-350,-474,-4048
-2670,2986,12078,682,-575,-105,-4080
4128,-1582,4948,572,899,377,-4048
-5428,-13040,18414,-2099,-842,-436,-4048
4574,2462,-4634,2665,897,115,-4032
1764,-1496,3048,-2202,397,-255,-4048
-2480,9916,10556,354,345,-400,-4064
1254,-4728,-396,95,-171,-202,-4064
-2366,1864,18842,-1912,-1080,-316,-4032
3900,1370,-1110,3067,1519,335,-4032
-2480,-7036,5932,-1205,-885,-285,-4064
-242,6088,17970,-294,-187,-53,-4064
2386,-5152,-132,1016,754,36,-4032
-3758,-784,15092,-1850,-910,-498,-4032
2584,-8192,7032,2387,-289,-206,-4096
-884,7360,14150,-888,194,-153,-4064
-2340,-3232,774,842,35,-408,-4048
1442,4640,9848,-1427,-598,-32,-4080
936,7468,8064,1055,1386,392,-4048
-330,-9584,1586,489,-1233,-460,-4048
2910,9308,16932,181,574,223,-4080
-60,-9424,3428,2088,709,-240,-4048
-3594,-752,17764,-2978,-1003,-574,-4080
-2906,876,20840,-1354,-797,-261,-4064
3394,3032,1118,3399,1537,322,-4096
1672,524,-4366,1564,271,-185,-4064
24,5462,17512,-2848,-640,-144,-4064
-416,-216,7752,1148,652,-14,-4064
-1038,-6924,6890,-2148,-937,-615,-4064
3776,6878,-460,3307,736,58,-4064
-1210,5910,14880,-2915,-522,-425,-4064
-2584,2026,4830,1865,-39,-235,-4032
5056,-1952,-96,-1305,240,210,-4064
-4180,-2110,16498,-2648,303,-146,-4064
1604,-6170,-3098,2777,628,-118,-4064
2592,5930,10472,-3881,60,-78,-4048
-2058,7636,7086,2964,1019,-273,-4048
822,-8554,2672,-2477,-985,-445,-4080
-2152,5248,13094,-128,-211,-157,-4080
6042,-5604,-5402,2062,872,158,-4016
-3818,-4134,15212,-2625,-881,-196,-4080
1530,2882,-2738,2295,661,-55,-4096
2382,-3846,2032,-1327,169,-41,-4048
-4216,1086,17776,-395,-466,-281,-4016
1262,-13156,9560,575,-806,-424,-4048
-838,10028,13196,1327,703,55,-4048
-1932,-3366,3706,-398,-230,-431,-4048
-1112,4600,13742,-193,-703,-86,-4048
3064,2094,6834,1256,1154,454,-4048
-4072,-15426,12882,-934,-1277,-505,-4064
4722,6728,4194,2251,905,242,-4080
1010,-8508,1990,-664,551,-253,-4048
-4020,6018,17044,-1417,-266,-521,-4080
52,780,2662,1763,362,-103,-4048
-2240,-3660,19294,-2449,-1362,-390,-4048
-2480,5004,17858,33,661,192,-4080
654,-4096,-3278,1799,419,-155,-4048
848,2244,11998,-3051,-589,-184,-4048
-2178,1376,12338,1087,627,-28,-4048
-2192,-3684,9408,-2181,-943,-609,-4096
-662,9340,13732,275,443,-21,-4032
-2602,-832,1026,929,-8,-381,-4064
-18,5202,12648,-1600,-567,-17,-4064
2270,5090,6172,424,1399,354,-4080
-2530,-13318,7334,921,-976,-408,-4080
2502,10388,18266,-950,458,188,-4048
534,-9924,2420,2295,826,-229,-4064
-4012,3232,18180,-3347,-1181,-551,-4048
-396,3192,5336,2262,692,1,-4032
4224,-8848,-1272,-1547,-811,-281,-4032
-80,9408,10968,-527,499,134,-4064
1342,-2052,-5078,2000,573,-114,-4064
1520,534,8368,-3129,-542,-139,-4032
-3040,1396,14478,958,546,-39,-4064
-1696,-5084,7916,-1828,-954,-621,-4032
4106,3416,436,3187,821,75,-4032
-1408,-904,9480,-2594,-557,-431,-4048
-2748,3532,12884,1608,-206,-256,-4080
4352,412,978,-1037,420,257,-4048
-2554,3100,12456,-2766,303,-177,-4080
4770,3558,-5046,2503,686,-126,-4080
1932,-2364,1748,-3902,200,-102,-4048
-1984,2918,5804,2258,841,-317,-4080
-74,-7742,6714,-1927,-862,-367,-4048
-2804,1486,19618,-636,-431,-200,-4016
5138,-7288,-3328,1961,877,127,-4096
-3208,102,16952,-2560,-811,-175,-4064
-140,7540,8042,1932,611,-25,-4096
2470,-5328,-490,-1148,210,-29,-4032
-3542,1514,16326,-516,-528,-306,-4032
508,-12684,9250,811,-723,-402,-4064
348,9202,9610,1240,551,9,-4064
-2540,-1996,2226,-521,-222,-440,-4032
-2128,2868,11644,260,-561,-76,-4064
3764,-820,6054,702,995,401,-4032
-5390,-13986,18208,-1244,-1036,-426,-4064
3096,8312,15578,2509,878,174,-4048
-1794,3708,4922,2794,892,-293,-4080
122,-7448,6196,-1705,-820,-316,-4048
-2514,750,19600,-1017,-681,-257,-4096
3528,2472,690,2750,1242,243,-4032
-3212,-1010,16716,-1958,-916,-248,-4064
-562,7262,10328,861,280,-54,-4032
2142,-4874,20,132,543,-10,-4064
-3378,-1440,14130,-1066,-738,-370,-4080
674,-12094,9306,1279,-640,-348,-4048
-790,5974,12976,-697,166,-142,-4048
-2610,-2274,1572,744,-32,-414,-4080
2092,4662,7392,-1272,-363,-4,-4048
774,7246,7252,232,1330,344,-4048
-5254,-14920,17620,464,-1138,-488,-4064
2928,9232,17442,181,600,193,-4032
-628,-7926,4620,1809,653,-258,-4096
-3130,-1728,16750,-2676,-973,-571,-4064
1350,-2704,-306,2244,640,15,-4064
5404,-6466,-3960,-95,-117,-108,-4064
-1252,8290,15290,-1691,-73,7,-4096
1386,1218,-3248,2239,664,-122,-4048
2166,-2210,3382,-2854,-376,-126,-4048
-3730,1036,16328,506,210,-115,-4048
-724,-7302,6980,-1390,-904,-567,-4080
3556,6720,414,2757,913,87,-4048
-1644,-1832,5976,-2302,-492,-448,-4080
-2614,1132,5384,1376,-265,-220,-4064
4526,-222,1294,-575,671,314,-4080
-3678,-1594,13704,-2769,-168,-331,-4048
5236,5406,-1560,2451,842,-6,-4048
2718,6556,10140,-3616,235,-163,-4064
-1822,6746,6140,1765,713,-348,-4064
834,-7530,3094,-1471,-661,-334,-4064
-2706,-758,19854,-1049,-633,-258,-4064
5692,-5592,-4956,2751,1280,267,-4064
-3548,-3430,15240,-2150,-950,-247,-4064
2282,-3430,1992,-3097,-536,-155,-4016
-2914,-2054,12548,-1633,-929,-449,-4064
972,-12322,9582,2151,-359,-237,-4032
-270,9558,11736,-706,179,-121,-4048
-2606,-1814,1590,815,38,-376,-4048
2862,4244,5626,-1280,-421,26,-4048
3250,432,6642,737,1248,410,-4064
-4726,-15454,15552,752,-1090,-464,-4048
2636,9730,18970,387,658,221,-4064
-1114,-5946,4872,1636,652,-275,-4064
-3656,7464,15800,-2678,-869,-511,-4032
670,-560,1002,2245,672,-25,-4032
2070,-8450,5706,-1890,-927,-332,-4064
-2090,6716,16920,202,717,215,-4064
-360,-5008,-934,1612,367,-176,-4064
764,2926,13728,-2860,-599,-176,-4064
-1500,880,11050,1008,594,-2,-4064
-428,-10036,7422,-2139,-899,-610,-4080
3792,-1246,2112,3140,677,35,-4048
-900,2928,11622,-2672,-447,-409,-4080
-2868,2678,8556,1660,-81,-224,-4080
4934,-2556,1828,-1435,228,216,-4048
-1200,7626,9850,-2474,444,-117,-4048
3704,-418,-6464,2494,519,-161,-4048
2336,2294,5272,-3943,116,-132,-4048
-1440,-2714,5274,3036,1016,-281,-4096
-1456,-6216,11488,-2340,-942,-413,-4016
-2672,4382,17166,33,-97,-123,-4096
5522,-2596,-4314,1716,729,75,-4064
-2554,4808,17772,-2555,-694,-171,-4064
598,5030,2206,2094,547,-80,-4064
2676,-4790,336,-1478,87,-31,-4064
-4372,222,17372,-1210,-769,-443,-4032
2012,-11106,8730,1815,-585,-277,-4064
-1060,8824,14766,23,395,-42,-4064
-2194,-3764,1876,584,-50,-451,-4064
274,4706,11770,-1051,-623,-39,-4064
-2050,5000,11650,-2661,89,-202,-4048
3756,8218,11250,1223,751,255,-4048
342,-9014,3004,768,642,-265,-4080
-3776,2670,17418,-2276,-643,-531,-4080
-758,3136,6036,2215,546,-51,-4048
-1126,-6004,15894,-2247,-1188,-321,-4080
-124,8844,11426,986,1064,283,-4080
1170,-1610,-4712,1117,75,-203,-4048
-442,6724,17956,-2377,-597,-156,-4096
416,-1410,5184,1426,871,39,-4064
-1476,-5738,7918,-2381,-984,-589,-4064
3770,4312,1058,3269,509,-21,-4032
-894,7096,14200,-2475,-357,-359,-4064
-2752,244,3696,1685,-11,-278,-4064
4296,-116,1832,-1692,-22,130,-4064
-2836,2476,12774,-1849,803,13,-4032
-650,-9468,2462,2107,177,-202,-4032
2656,9098,14658,-3518,182,-18,-4064
-1652,3802,5226,3316,994,-262,-4048
16,-8150,6094,-3059,-1201,-491,-4048
-1258,4254,9026,831,186,-56,-4080
5414,-7514,-3990,790,371,11,-4048
-3368,-716,16960,-2312,-520,-80,-4048
-472,7022,9842,2191,735,-112,-4048
1992,-1470,4428,-2113,-56,-90,-4048
-3662,1174,16166,-33,-210,-207,-4048
524,-13178,10004,-316,-906,-478,-4016
3740,6732,-232,2412,912,67,-4064
-1654,-3062,6638,-1644,-518,-495,-4032
-2094,4838,14410,664,-541,-126,-4032
4086,-458,4266,808,1037,451,-4064
-5318,-16696,16690,-1243,-1387,-517,-4032
2302,9966,20364,1970,898,279,-4096
1496,-6638,386,42,621,-257,-4032
-3516,9346,15072,-2046,-496,-539,-4032
964,-1342,-126,2224,533,-20,-4064
2684,5322,3414,3403,1480,327,-4064
-940,-6678,598,175,-348,-222,-4048
368,4726,16266,-1845,-465,-95,-4048
-1170,454,9072,1474,958,26,-4064
-3304,-1484,12586,-2533,-1025,-625,-4080
3722,-3046,2960,3143,290,-50,-4048
-890,3510,12222,-2392,-311,-327,-4080
-2682,2516,7406,1564,109,-317,-4048
3238,3394,4134,-1780,-52,133,-4080
-568,8142,9330,-1397,1004,98,-4048
2302,-2536,-4186,2012,-159,-284,-4048
2468,9736,19580,-2336,260,90,-4032
-1110,-4666,5330,3037,894,-264,-4048
-2066,-4508,13564,-2998,-1117,-498,-4048
-2198,4792,14472,1311,357,-76,-4032
2444,-8750,5156,-7,-63,-66,-4064
-3466,-5132,12922,-2472,-802,-177,-4064
1092,4430,-596,1818,603,-41,-4032
2502,-4542,572,-1149,186,-24,-4032
-4330,584,17928,-657,-569,-309,-4064
1424,-11396,9398,343,-774,-422,-4048
2210,8512,3562,1572,668,22,-4048
-1858,-2244,3962,-853,-256,-423,-4080
-270,4278,11570,461,-560,-127,-4048
2520,2360,7040,685,981,390,-4048
-4992,-7802,17344,-1758,-953,-448,-4048
4526,6300,5230,2541,937,157,-4048
926,-8596,2906,-1726,421,-250,-4080
-1886,9596,7240,-179,194,-436,-4064
1404,-7070,268,1035,132,-125,-4080
-2094,-3610,18732,-2300,-1286,-312,-4016
1022,7544,7854,2955,1524,340,-4032
-3066,-5698,11618,-894,-721,-257,-4032
-1092,7264,17178,-687,-235,-78,-4064
1104,-2734,3480,1189,812,81,-4064
-2036,-3380,9264,-1919,-917,-501,-4064
1642,-11338,9946,2497,-215,-142,-4032
-2086,-2976,3094,-1914,-489,-467,-4016
-268,4228,12582,443,-643,-84,-4032
4708,-1780,2436,855,1049,424,-4064
-5090,-9876,17706,-1981,-945,-458,-4064
3948,7126,8572,2486,897,166,-4096
862,-8824,2936,-1609,485,-240,-4096
-2274,9890,8692,-629,1,-462,-4064
1566,-6306,104,1050,124,-139,-4064
-1950,-4668,17570,-2279,-1288,-358,-4064
502,8354,9316,2741,1508,348,-4064
-3318,-6794,10322,-932,-797,-271,-4080
-876,7498,17728,-588,-208,-75,-4080
968,-2492,3598,1195,825,48,-4048
-1854,-4096,9008,-2035,-1008,-529,-4080
2076,-10584,8618,2591,-168,-138,-4080
-926,8012,13696,-1890,-213,-299,-4064
-2722,-604,2716,1277,-19,-337,-4000
3982,2456,2594,-1525,-33,115,-4032
-1500,5074,9632,-1112,1043,170,-4064
-2740,-12344,8890,1730,-384,-316,-4064
2870,9418,16432,-2266,305,59,-4096
-1724,-996,5684,2840,823,-294,-4032
-1148,-5988,10446,-2833,-1176,-493,-4064
-398,2386,5038,1048,378,-84,-4064
4198,-7808,-204,706,351,13,-4048
-3026,2416,17442,-1968,-313,-64,-4064
464,6548,4814,2252,729,-90,-4064
1438,132,8856,-2411,-259,-118,-4064
-2834,1528,14536,183,-107,-150,-4064
204,-11710,8226,-561,-802,-475,-4032
1072,9222,6592,2298,826,79,-4064
-1044,1004,8704,-1769,-410,-477,-4096
-2352,3482,10092,955,-432,-146,-4064
4528,-1740,3394,-182,656,346,-4080
-5560,-12798,18962,-2643,-455,-357,-4048
4776,2310,-5522,2846,957,44,-4048
1832,-2190,3738,-3249,263,-218,-4016
-3832,1564,18092,-3281,-1186,-569,-4080
-762,3838,7218,1131,347,-60,-4080
4702,-8186,-2554,434,130,-43,-4048
-3080,590,17744,-2077,-345,-35,-4048
-350,6586,8384,2311,699,-77,-4048
1844,-836,6142,-2313,-219,-102,-4048
-3242,1246,15424,143,-105,-180,-4080
448,-12530,9394,-580,-856,-526,-4048
3766,5376,338,2431,938,88,-4064
-1516,-1088,7304,-1533,-406,-465,-4048
-2120,3944,12592,712,-558,-156,-4016
4000,-750,5016,229,793,360,-4064
-3296,-204,13828,-2513,-654,-382,-4032
5102,4638,-2756,2654,1004,93,-4032
1692,-4876,1998,-2271,399,-242,-4048
-3296,9214,13662,-124,237,-418,-4048
526,-7732,4162,151,-172,-220,-4064
-2866,122,20290,-2281,-1294,-371,-4048
3120,3942,2054,3179,1527,355,-4064
-1526,-6710,2414,-1275,-892,-272,-4064
-798,7434,12172,-125,-117,-57,-4064
2112,-4846,706,994,783,53,-4064
-3252,-1474,13526,-1884,-923,-500,-4064
3160,-4254,4524,2477,-228,-167,-4032
-406,9616,11620,-871,141,-119,-4064
-2598,-2200,1720,912,-41,-378,-4064
2818,4512,6198,-1378,-384,12,-4064
42,7422,7528,238,1290,352,-4064
-4934,-15138,16284,648,-1104,-436,-4048
2642,9424,18708,140,615,213,-4048
-1148,-6522,5194,1868,643,-250,-4048
-2628,-3152,15266,-2668,-925,-578,-4080
426,-1040,1080,2145,615,-44,-4016
1980,-8350,6484,-1656,-841,-253,-4080
-1846,6878,16458,-230,594,187,-4048
-306,-5060,-550,1491,307,-158,-4064
522,3496,14096,-2878,-574,-178,-4064
-4106,738,17462,-1367,-801,-427,-4064
3570,-1982,2736,3129,695,64,-4064
-846,3348,11786,-2638,-460,-429,-4064
-2644,2498,7758,1724,-130,-243,-4032
4792,-3216,2126,-1341,259,238,-4064
-1072,8032,9342,-2520,329,-154,-4064
3584,-1124,-6892,2552,718,-122,-4064
2216,2936,6094,-3983,104,-100,-4048
-2222,10838,8222,2912,988,-300,-4048
-1552,-6222,12306,-2464,-1017,-456,-4048
-2560,4392,17258,-208,-250,-180,-4048
5550,-2942,-4554,2106,863,134,-4048
-3250,-5962,11172,-2521,-843,-158,-4048
684,4934,1696,1868,534,-64,-4048
2488,-4686,104,-1096,234,-24,-4080
-4290,208,17244,-488,-489,-277,-4048
-218,-11488,8734,276,-883,-418,-4064
1746,10486,4940,1675,798,41,-4064
-2106,-3878,1692,-754,-365,-427,-4064
262,4704,12266,-36,-678,-114,-4064
4962,-2452,2028,1219,1213,477,-4096
-5646,-11584,18700,-1831,-1168,-485,-4064
3716,8460,11348,2399,1027,225,-4032
450,-9316,2948,-1035,466,-316,-4032
-2462,10648,10392,-1186,-210,-517,-4032
1366,-5862,-578,1263,155,-135,-4048
-1344,-6132,16292,-2448,-1410,-377,-4048
74,8886,11458,2890,1568,370,-4048
-2970,-6980,8124,-548,-629,-270,-4080
-638,7188,18236,-1151,-341,-89,-4048
524,-1584,4662,1385,920,95,-4048
-1550,-5356,7922,-2390,-996,-622,-4048
3870,3788,954,3215,539,40,-4080
-916,7448,13914,-2356,-347,-352,-4064
-2518,104,3362,1600,-95,-254,-4080
4052,328,2098,-1481,111,189,-4080
-1276,-10362,4010,398,-1105,-465,-4032
2950,9282,14198,-3608,222,-94,-4032
-1786,2082,5336,2678,888,-319,-4096
-276,-7528,7708,-2411,-1030,-408,-4064
-2682,2020,19358,-26,-164,-140,-4032
4956,-7982,-2304,1921,835,118,-4032
-3432,394,18074,-2436,-768,-177,-4064
-182,6932,8022,1902,588,-65,-4064
2434,-5300,-412,-1181,180,15,-4096
-3216,1628,15522,-595,-527,-302,-4032
478,-11972,8916,444,-775,-408,-4064
804,10458,7306,1790,798,61,-4048
-2406,-2780,752,-1114,-363,-462,-4048
-2442,3978,12592,382,-549,-105,-4080
4262,-1820,3970,968,1021,450,-4048
-5542,-15008,18850,-2252,-1062,-491,-4048
2898,8876,16674,2621,1028,167,-4048
1930,-3394,854,-1866,467,-276,-4080
-2988,10582,12228,-754,-20,-467,-4048
1592,-3644,-1238,709,47,-149,-4064
-2676,1128,20142,-2285,-1285,-368,-4064
3630,2756,260,3166,1572,382,-4064
-2110,-7506,4228,-994,-806,-271,-4032
-270,5984,17944,-483,-240,-38,-4064
2154,-4988,218,1115,836,83,-4064
-3662,-900,14472,-1888,-932,-520,-4064
3076,-7604,6118,2457,-262,-152,-4064
-1248,7016,14652,-1110,130,-211,-4064
-2430,-3158,272,1290,109,-401,-4032
1590,3956,9348,-1461,-555,-6,-4016
504,7668,9144,673,1307,362,-4080
216,-8352,592,709,-1064,-462,-4048
2956,9428,17210,-274,531,201,-4048
-280,-8110,3956,2112,742,-284,-4048
-3192,-1178,16218,-2930,-991,-533,-4080
1090,-2772,-258,2187,629,-13,-4032
514,-7804,10532,-1550,-760,-208,-4048
-3716,-2452,16666,-2043,-1043,-302,-4064
-84,5392,17388,-1075,-352,-77,-4064
2168,-5190,90,1397,887,57,-4064
-3430,-1364,13960,-2406,-1035,-601,-4048
3230,-5144,5160,2985,132,-85,-4048
-924,5088,12916,-1798,-91,-276,-4080
-2502,-1990,900,1223,73,-376,-4064
2416,4120,6616,-1725,-197,67,-4048
182,7922,8182,-260,1251,255,-4032
1192,-5356,-2006,1398,-774,-393,-4064
2760,9554,18746,-1468,350,154,-4064
-792,-7378,4948,2899,859,-226,-4032
-2892,-2862,16118,-3162,-1196,-567,-4064
-1732,4926,12336,1749,602,-24,-4064
1246,-8308,7920,-603,-316,-116,-4064
-1898,7500,16654,-1431,47,14,-4064
1544,3024,-2372,2181,627,-95,-4048
2294,-3892,1912,-3005,-527,-136,-4048
-1124,898,9840,696,342,-81,-4016
-490,-9442,6756,-1518,-921,-577,-4048
2710,8596,2126,2833,888,101,-4080
-2026,-3294,4444,-2306,-487,-466,-4048
-2842,2550,7398,1238,-365,-203,-4080
4926,-2100,1250,-291,661,320,-4048
-4794,-7326,17858,-3034,-294,-340,-4080
3210,-1392,-5836,2711,875,-17,-4064
2588,3380,5906,-3939,215,-186,-4064
-2178,10260,7606,1781,813,-328,-4064
1662,-7544,-60,-1320,-625,-293,-4032
-2516,4700,16126,-1184,-755,-248,-4064
1328,7812,7564,3136,1508,374,-4064
-3280,-5732,11984,-1286,-867,-291,-4080
-1028,7478,17214,-242,-160,-79,-4048
1326,-3084,2792,978,835,57,-4080
-2112,-3652,9790,-1952,-939,-478,-4080
1960,-11000,8196,2648,-155,-136,-4048
-994,8016,14252,-1195,12,-192,-4016
-2752,2292,10902,915,-551,-199,-4064
4330,-1042,4218,662,989,419,-4080
-5086,-11746,17594,-1720,-900,-440,-4080
3832,7368,10900,2389,886,168,-4048
204,-8746,3970,-1598,454,-257,-4048
-2448,9996,9550,-615,47,-491,-4048
1380,-5362,-566,1007,158,-145,-4048
-1326,-5560,15752,-2293,-1325,-382,-4048
14,8518,11124,2589,1440,331,-4080
-2618,-6752,7618,-304,-575,-256,-4048
-576,6478,18206,-1269,-372,-65,-4080
318,-1332,5312,1440,940,79,-4048
-4080,-356,16440,-2205,-982,-523,-4064
2320,-7758,7320,2722,-1,-107,-4032
-584,6858,12596,-1236,0,-173,-4064
-2874,-140,4304,921,-67,-368,-4064
1484,4632,8518,-1287,-217,57,-4064
1232,5404,7288,-328,1182,269,-4064
-962,-8766,4336,1306,-761,-400,-4064
2884,8690,13520,-1259,457,150,-4032
-474,-8912,4592,2646,811,-238,-4032
-3566,254,17854,-2871,-1086,-573,-4080
-1004,3702,8666,1951,600,-35,-4048
5090,-7102,-3026,-1122,-592,-182,-4048
-778,8404,13868,-776,334,136,-4048
1376,752,-3978,1910,590,-112,-4080
2052,-1706,4618,-2905,-454,-108,-4048
-286,-196,7692,840,460,-53,-4064
-828,-7128,6610,-1535,-895,-547,-4048
3482,6498,550,2232,817,42,-4064
-1596,-1688,6374,-1576,-424,-442,-4064
-1850,4244,12456,801,-528,-146,-4064
3990,102,4910,397,903,389,-4032
-3920,-2166,15496,-2335,-833,-394,-4064
5072,5396,-786,2787,1047,158,-4032
1196,-6292,2188,-2820,320,-239,-4048
-3610,8516,15424,403,327,-401,-4048
-2032,4966,12576,1584,456,-20,-4080
5754,-5794,-4782,765,229,-30,-4048
-3270,-3064,15028,-2148,-377,-43,-4048
1266,2352,-2346,2095,625,-63,-4032
2256,-3224,2304,-1741,45,-53,-4032
-4212,690,17328,-158,-336,-284,-4064
1140,-12632,9724,-210,-890,-489,-4016
2796,8494,2182,1948,766,64,-4048
-1534,-2260,3846,-1176,-339,-443,-4048
-1106,4166,12228,618,-600,-116,-4016
2824,1750,7044,518,949,419,-4048
-4588,-6370,16136,-1840,-818,-412,-4048
4726,5546,3770,2465,917,169,-4080
828,-7462,3432,-1868,446,-211,-4080
-1890,8582,6448,89,262,-454,-4064
1244,-7030,1346,285,-135,-168,-4032
-2390,-2970,18922,-1935,-1211,-347,-4064
1660,6316,6384,2919,1494,374,-4064
-3484,-4916,12750,-979,-751,-252,-4064
-1036,7256,16056,-431,-157,-77,-4032
1336,-3238,2798,1102,807,31,-4032
-2356,-3254,10170,-1951,-925,-536,-4032
1452,-11006,9446,2390,-233,-168,-4064
-446,9106,12208,-417,213,-99,-4048
-2548,-1666,1780,556,-32,-407,-4048
3132,2980,4928,-1238,-430,-30,-4048
2824,2856,5510,546,1375,379,-4080
-3780,-13798,11488,352,-1117,-464,-4048
2856,10678,17756,-2298,323,68,-4048
-1446,-3332,4482,2787,821,-289,-4064
-1492,-5260,12422,-3172,-1189,-532,-4064
278,808,2720,1711,513,-10,-4032
3140,-8800,2792,-544,-336,-126,-4032
-2508,4986,17780,-1377,100,70,-4096
898,4404,1506,2187,687,-123,-4032
1204,2314,11360,-2745,-365,-96,-4064
-2154,1250,12440,452,137,-84,-4032
1782,-11398,9334,2299,-345,-184,-4080
-794,9636,13596,-1688,-34,-197,-4048
-2300,-1042,398,1700,148,-326,-4064
3522,1370,3346,-1951,-254,76,-4064
-1634,7064,11364,-745,1139,173,-4064
-2928,-14248,8586,1866,-402,-333,-4096
2572,9956,19040,-2477,153,53,-4064
-1700,-1300,5748,3230,926,-236,-4032
-946,-7008,10416,-3243,-1172,-562,-4080
-346,2736,4418,1658,528,-43,-4080
4136,-8766,-24,-465,-229,-144,-4048
-3030,3694,18376,-1610,72,46,-4048
538,5882,3252,2439,692,-111,-4048
1508,1490,10086,-3018,-445,-121,-4048
-2670,1478,13386,636,213,-87,-4048
92,-11864,8310,-1355,-945,-555,-4048
1526,10072,5722,2194,899,71,-4064
-2164,-3684,1884,-1308,-397,-493,-4032
-2702,3490,10884,539,-598,-117,-4064
4604,-2110,2814,766,1012,430,-4032
-5406,-11820,18260,-2379,-889,-411,-4064
3624,7780,11654,2702,993,155,-4032
2044,-180,3288,-2197,387,-262,-4064
-2312,10368,9632,321,322,-426,-4080
1362,-5754,-484,257,-152,-207,-4048
-1204,-5900,16184,-1993,-1177,-330,-4080
4262,56,-2240,3149,1555,320,-4048
-2654,-7348,7498,-1164,-884,-327,-4080
-530,6900,18568,-362,-132,-82,-4080
2442,-5552,-426,900,743,61,-4064
-4044,-348,16436,-1967,-973,-498,-4048
2338,-9050,7888,2324,-374,-217,-4096
-994,7614,14194,-629,269,-141,-4064
-2416,-3294,1230,942,44,-388,-4064
1118,4452,10454,-1513,-579,-11,-4096
1278,7170,7704,836,1362,408,-4064
-916,-10554,2680,599,-1155,-465,-4032
1922,-3190,1768,-3891,163,-221,-4080
-2954,10920,12190,-25,269,-413,-4064
1640,-4044,-1524,565,-5,-147,-4064
-2776,1680,20432,-2339,-1263,-344,-4064
3658,2504,-126,3199,1554,396,-4096
-1938,-7402,4198,-1071,-837,-278,-4064
-134,6038,17956,-494,-229,-60,-4032
2426,-5168,-54,1180,857,48,-4064
-3770,-854,14638,-1922,-929,-527,-4064
2958,-7530,6232,2315,-379,-184,-4048
-1068,6488,14820,-865,248,-133,-4080
-2340,-2940,-100,1180,96,-393,-4048
1980,3724,8712,-1585,-574,-33,-4048
190,8074,9752,659,1310,396,-4048
-5276,-16170,16736,611,-1201,-457,-4032
2810,9264,18674,-440,440,234,-4048
-578,-8212,4558,2505,817,-248,-4080
-3116,-2310,16642,-3068,-1046,-565,-4048
-1792,5148,11696,2129,639,-6,-4048
936,-8400,9366,-1339,-709,-212,-4048
-1660,8380,16338,-784,430,154,-4080
1758,2142,-3846,2197,531,-124,-4080
264,5134,16598,-3178,-577,-179,-4064
-942,490,8376,1169,618,-10,-4064
-630,-8796,6608,-2079,-982,-618,-4096
3032,7916,1782,3050,818,69,-4032
-792,4280,11976,-2444,-458,-459,-4064
-2724,1900,6818,1409,-286,-228,-4064
4740,-1418,1648,-913,444,276,-4064
-4370,-4884,16120,-2620,202,-212,-4064
2056,-3474,-3390,2436,664,-51,-4032
2704,5006,8096,-3685,228,-103,-4048
-1956,8138,7086,2571,937,-303,-4048
872,-7842,2398,-2168,-951,-403,-4048
-1982,4322,14128,-365,-361,-175,-4048
5386,-4356,-4374,2311,967,180,-4080
-3322,-5078,13316,-2354,-941,-226,-4080
522,2776,13690,-2667,-632,-154,-4032
-1730,1236,11486,927,499,-41,-4080
-244,-10450,7196,-1706,-898,-542,-4080
2132,9170,3472,2898,765,52,-4080
-954,2512,11236,-2324,-484,-457,-4080
-2708,2472,8858,1452,-350,-220,-4048
4802,-2346,2462,-771,525,286,-4048
-1256,7102,9726,-2669,241,-202,-4032
3654,-8,-6502,2646,855,-72,-4048
2378,2040,4926,-4013,200,-164,-4032
-2338,10690,8590,2286,864,-295,-4064
-1366,-6428,11454,-1837,-826,-365,-4064
-2588,4032,17442,-791,-510,-207,-4032
5230,-2116,-3774,2600,1117,179,-4064
-2908,-6276,10034,-2337,-950,-227,-4064
670,5692,2840,1356,419,-38,-4064
2478,-4904,-196,-20,519,22,-4048
-4298,-2,17076,-1159,-754,-412,-4048
2026,-10220,8510,1633,-601,-332,-4048
1316,10038,6126,630,520,-13,-4096
-2228,-3186,1992,55,-168,-425,-4096
622,4534,10784,-501,-624,-63,-4096
1638,5518,7340,1038,1254,462,-4064
-5626,-12328,18558,-529,-1206,-476,-4064
3636,8126,12470,1436,764,247,-4064
96,-9028,3874,503,593,-264,-4032
-3662,1726,17506,-2057,-601,-525,-4032
1370,-5182,-664,2129,538,-31,-4032
-1130,-6166,15036,-2424,-1371,-384,-4048
8,8770,11536,1812,1328,325,-4048
1116,-1096,-4456,499,-179,-204,-4048
-678,6634,18078,-2230,-546,-146,-4112
396,-1112,5336,1565,911,47,-4016
-1126,-6286,7290,-2437,-1036,-612,-4048
2500,-7214,6950,2934,251,-62,-4032
-742,6312,12356,-1847,-238,-300,-4016
-2756,-668,5038,1048,-179,-354,-4032
3888,-796,6106,362,899,446,-4064
-5344,-13196,18414,-508,-1028,-431,-4064
3334,7610,14060,1746,783,194,-4032
-402,-8586,5140,323,510,-280,-4080
-2570,9204,11136,-1447,-421,-499,-4064
1246,-4188,-376,1737,391,-60,-4064
-280,-6738,12952,-1375,-810,-248,-4064
-756,8142,13464,-221,594,145,-4032
1320,438,-3752,1749,508,-164,-4032
1962,-1420,4966,-2846,-519,-116,-4064
-320,-136,7678,832,492,-35,-4064
-684,-6524,6452,-1715,-864,-556,-4096
3494,4780,676,2853,586,33,-4048
-1432,-772,7922,-2412,-347,-408,-4080
-2540,120,3442,1581,-152,-211,-4080
4200,-118,2488,-1284,353,237,-4064
-3084,990,13246,-2488,341,-190,-4032
5226,4136,-4066,2337,649,-138,-4032
2850,8270,12456,-3880,136,-162,-4096
-1854,5142,5522,2310,877,-312,-4064
558,-7932,4598,-2331,-988,-400,-4048
-2884,614,20290,-262,-226,-178,-4048
5494,-7028,-4340,2074,901,133,-4080
-3326,-1362,16534,-2489,-742,-184,-4048
-814,6994,11298,1862,481,-55,-4080
2106,-4524,564,-1044,211,5,-4048
-3756,782,16502,-515,-554,-305,-4048
588,-12564,10436,460,-859,-430,-4080
306,10860,9622,1580,876,73,-4080
-1656,-2216,7134,-1098,-379,-461,-4064
-2080,4538,13600,350,-591,-89,-4032
3806,-452,4762,912,1092,407,-4096
-5136,-15012,16524,-1961,-1084,-487,-4064
5050,4878,-1432,2526,949,183,-4064
1426,-5688,2092,-1450,406,-262,-4064
-3304,8796,14314,-768,-35,-443,-4064
900,-2290,288,1275,207,-101,-4064
5866,-5982,-5082,540,268,-1,-4016
-3694,-2886,15742,-2493,-682,-181,-4080
-882,7898,12962,1906,534,-52,-4064
2110,-3158,3084,-1067,154,-47,-4032
-3960,1090,17596,-489,-525,-287,-4032
1036,-12854,9732,1749,-535,-285,-4048
-384,9962,11598,165,411,-63,-4080
-2450,-2064,884,372,-50,-408,-4048
2622,3694,6130,-930,-592,-23,-4080
3542,548,5646,1073,1296,428,-4048
-4728,-15682,15500,-205,-1294,-483,-4080
2526,9932,19546,1184,712,257,-4048
1302,-7450,1910,413,543,-266,-4064
-3694,7848,15688,-2038,-566,-508,-4064
684,-898,728,2276,664,5,-4048
2010,-8698,6348,-1626,-809,-214,-4048
-2276,6984,17330,230,757,210,-4064
-348,-5538,-1186,1639,330,-194,-4032
660,3654,14094,-2942,-590,-150,-4032
-1362,1086,10474,1075,617,-9,-4032
-518,-9472,7212,-2063,-939,-582,-4032
3684,-2400,2814,3253,749,98,-4064
-1176,2772,13000,-2810,-555,-443,-4064
-2860,3412,8364,1790,-65,-233,-4064
5200,-3030,368,-1162,301,204,-4064
-1310,8540,10744,-2541,418,-89,-4048
3624,-1348,-6848,2680,523,-162,-4048
2468,2302,5638,-4064,34,-125,-4112
-2330,10688,8812,2973,1055,-281,-4048
-1620,-6336,11946,-2359,-1010,-449,-4048
-2710,4464,17568,-209,-210,-145,-4048
5440,-2980,-4238,2335,907,141,-4080
-2726,4976,18568,-2693,-791,-196,-4032
918,5102,1418,2020,543,-38,-4080
2560,-4922,-110,-1678,68,-36,-4064
-4342,616,17360,-274,-382,-235,-4064
3974,650,1392,3274,844,113,-4048
-1118,682,10936,-2541,-546,-440,-4064
-2858,3364,11036,1156,-406,-206,-4080
4826,-2158,2104,-340,700,327,-4080
-5246,-11276,17682,-3027,-250,-317,-4048
4204,1946,-6242,2574,934,20,-4080
2296,694,2928,-3639,306,-224,-4080
-2280,10620,9160,1339,659,-371,-4048
-1052,-6872,9958,-1337,-650,-293,-4032
-2462,3054,18164,-1520,-914,-286,-4080
4766,-346,-3112,3097,1402,288,-4048
-2840,-7340,7996,-2281,-1065,-265,-4032
542,7018,4580,1018,323,-35,-4064
2560,-5342,-884,49,545,38,-4064
-4226,-78,16766,-1209,-752,-360,-4064
2168,-9222,8044,1719,-590,-303,-4096
696,9952,7680,312,403,-55,-4064
-2338,-3464,2108,414,-140,-442,-4032
972,4388,10696,-731,-605,-54,-4064
1308,6442,7538,1172,1299,447,-4064
-5728,-13816,19142,-239,-1268,-467,-4064
3354,8828,14672,1212,757,273,-4064
-100,-9494,3622,290,578,-280,-4048
-3686,930,17926,-2020,-567,-503,-4048
1400,-4610,-1012,2180,551,-23,-4048
-326,-7052,13654,-2379,-1293,-352,-4048
-842,8944,13914,1375,1120,294,-4016
1608,86,-4868,960,-12,-191,-4080
-426,5894,18146,-2493,-597,-144,-4048
-196,-262,6722,1312,861,17,-4048
-1006,-6500,6484,-2365,-950,-606,-4048
2764,-7008,6418,3120,350,-50,-4032
-932,5926,14228,-2473,-355,-347,-4064
-2528,1318,4590,1687,44,-308,-4064
4654,-1220,686,-1765,-18,134,-4064
208,8560,8518,-1761,886,75,-4064
760,-6528,-1678,2169,103,-236,-4064
2876,7302,10810,-3443,140,-9,-4032
-3302,9128,14312,-1361,-223,-505,-4080
1024,-2230,82,2257,554,-35,-4048
700,-8590,9524,-2349,-1352,-367,-4048
2964,4746,2430,1965,1302,371,-4064
-1134,-6610,1384,473,-227,-263,-4032
248,5064,16314,-2089,-504,-130,-4064
-992,486,8500,1481,901,78,-4064
-3440,-1596,13364,-2517,-970,-614,-4064
3586,-3592,3704,3092,381,-2,-4032
-870,4054,11836,-2251,-331,-339,-4064
-2712,1408,7150,1262,-266,-249,-4048
4598,-514,2034,-1085,432,228,-4048
-4050,-4680,14372,-2452,444,-124,-4048
1548,-2944,-2006,1993,460,-154,-4048
2966,5880,7062,-3514,287,-66,-4080
-1804,7772,5882,2317,870,-294,-4048
-2396,-3210,14712,-2483,-996,-456,-4064
-1734,4144,12964,-278,-283,-168,-4048
5422,-4614,-4386,1992,823,99,-4048
-3418,-4694,14074,-2329,-712,-141,-4064
1396,3782,-1744,1949,658,-96,-4096
2344,-4054,1474,-1378,121,-59,-4064
-4262,862,17780,-498,-491,-301,-4064
1276,-11122,9284,504,-726,-401,-4064
2226,7538,3724,1444,592,-15,-4064
-1604,-1256,4806,-923,-279,-422,-4064
-522,4452,10536,501,-479,-73,-4064
2976,2072,5812,333,871,402,-4048
-4806,-5934,16956,-1853,-804,-408,-4048
4760,5704,3500,2587,920,157,-4048
998,-7682,3310,-2076,385,-223,-4048
-3786,6644,16068,-227,136,-463,-4048
1272,-7488,1316,626,25,-143,-4048
-2426,-2354,19204,-2194,-1205,-365,-4080
1626,6730,5828,2818,1501,342,-4080
-3240,-4846,12842,-1176,-793,-262,-4064
-1074,7218,15882,-413,-157,-108,-4032
1470,-3140,2398,998,817,43,-4064
-2290,-3098,9964,-2044,-955,-539,-4032
3576,-1590,3004,2837,46,-56,-4048
-1054,3190,12054,-1676,-132,-263,-4048
-2552,-1874,1456,1430,42,-365,-4048
3224,2738,4716,-1551,-175,93,-4080
-1010,6352,10024,-790,1071,170,-4080
-3716,-13966,11212,1460,-598,-394,-4064
2916,9794,17738,-1725,348,79,-4064
-1488,-3132,5124,2772,805,-256,-4032
-1492,-5280,12262,-3007,-1166,-518,-4064
86,1086,3126,1630,512,-26,-4064
3060,-8778,3082,-444,-275,-125,-4064
-2616,4800,17950,-1462,54,69,-4064
920,4860,1318,2374,668,-101,-4032
1240,2318,11950,-2924,-421,-99,-4064
-2130,1574,12128,509,190,-111,-4032
52,-10404,7144,-1613,-897,-558,-4048
2052,8922,3898,2769,855,56,-4080
-912,2614,10386,-2315,-433,-441,-4080
-2504,2396,8706,1303,-308,-211,-4080
4410,-1602,3252,-831,489,265,-4048
-1046,6138,9066,-2371,261,-212,-4064
3266,-474,-4586,2352,690,-42,-4080
2294,2210,5684,-3477,248,-167,-4048
-2022,9312,8440,1837,756,-337,-4048
-1414,-5482,11614,-1806,-823,-372,-4032
-2354,3644,16852,-682,-449,-201,-4096
4972,-1834,-3582,2529,1118,196,-4064
-3072,-6208,10038,-2317,-965,-217,-4064
572,5492,3300,1322,354,-31,-4064
2458,-5198,8,-323,407,-21,-4032
-4096,-38,17010,-963,-715,-369,-4064
1790,-10246,8834,1251,-650,-344,-4064
1472,9674,5162,795,571,-41,-4064
-2234,-3236,2696,-462,-216,-457,-4080
356,5010,11582,-19,-571,-88,-4048
-1900,6012,10176,-2242,613,-116,-4048
3824,7600,11294,1441,753,239,-4048
428,-10272,3058,893,576,-282,-4048
-4012,2194,18810,-2314,-688,-536,-4080
-792,3290,6354,2381,633,-10,-4016
-1516,-6134,16396,-2232,-1233,-380,-4048
-248,9104,12466,1046,1013,261,-4016
1142,-2014,-4270,1157,76,-221,-4080
-488,6470,18224,-2270,-579,-143,-4032
452,-1196,5496,1257,857,51,-4064
-1528,-4928,7358,-2301,-923,-584,-4032
3956,3694,-544,3114,460,10,-4064
-1010,8290,14548,-2662,-366,-342,-4064
-2470,396,2160,1873,66,-262,-4032
4486,-342,1320,-1891,15,184,-4064
-3230,2642,13836,-1889,766,8,-4064
-500,-9658,1602,2170,192,-224,-4064
2664,8648,14006,-3563,119,-33,-4064
-1628,4014,5424,3199,1023,-239,-4048
198,-8268,5730,-3044,-1147,-514,-4048
-1482,4644,8926,734,185,-99,-4048
5502,-7530,-4122,883,382,-2,-4080
-3642,-1044,17528,-2373,-527,-107,-4048
-414,7342,10162,2398,669,-57,-4048
1976,-1654,5004,-2172,-111,-56,-4048
-3704,1320,16516,174,-183,-188,-4080
616,-13330,9606,-274,-886,-482,-4048
3530,6568,938,2371,926,105,-4032
-1432,-2404,6284,-1479,-420,-450,-4064
-1944,4474,13474,719,-600,-174,-4064
3968,-390,5212,584,929,398,-4064
-5130,-15616,16950,-1078,-1243,-470,-4032
2574,9626,18626,2031,889,269,-4064
1424,-5948,1902,-215,510,-246,-4064
-3444,8974,14674,-1704,-384,-532,-4064
772,-1950,130,1994,440,-40,-4064
2392,4848,3476,3213,1456,339,-4064
1536,2716,-2982,1907,455,-142,-4064
374,4368,15796,-3052,-528,-161,-4032
-1136,708,9548,785,405,-73,-4048
-722,-9150,6916,-1903,-939,-606,-4064
2856,8422,1614,3040,816,50,-4064
-840,4210,12534,-2654,-522,-481,-4064
-2574,2704,6756,1586,-214,-176,-4064
4866,-2630,958,-918,450,293,-4032
-4868,-5624,17902,-2936,54,-227,-4064
2708,-2698,-5774,2754,904,-23,-4064
2468,4274,7428,-4141,125,-211,-4064
-1952,10046,7354,2129,817,-320,-4064
1470,-7956,96,-1540,-719,-324,-4064
-2352,4978,15722,-710,-499,-209,-4048
5608,-4124,-5152,2667,1134,163,-4048
-3390,-5658,12852,-2521,-986,-230,-4048
-1024,7636,16864,1650,470,-82,-4048
2454,-4244,352,-636,396,-9,-4080
-4422,510,17614,-787,-646,-365,-4048
1668,-12146,9562,1009,-807,-370,-4048
2366,10220,3344,1238,720,-6,-4064
-1936,-3648,2148,-291,-257,-452,-4064
-408,4354,13450,-340,-718,-93,-4064
2208,4302,7644,1346,1263,507,-4064
-5342,-9804,17952,-1369,-1206,-484,-4032
4008,7806,8438,2028,884,243,-4032
852,-8898,2432,-470,560,-268,-4064
-3756,4056,17024,-1589,-356,-514,-4096
1482,-6358,-106,1814,419,-66,-4032
-1760,-4898,17488,-2455,-1390,-349,-4064
438,8550,9436,2479,1485,354,-4048
758,-3276,-3980,6,-535,-257,-4048
-846,7588,18204,-1656,-412,-123,-4048
926,-2368,3522,1558,984,78,-4048
-1888,-4630,8620,-2412,-1044,-580,-4080
1982,-10052,8376,2836,-7,-105,-4064
-2074,-2330,2450,-1192,-355,-434,-4064
3882,2264,2696,-1578,-81,134,-4064
-1566,5208,9722,-1108,1107,153,-4032
-2636,-12260,8410,1675,-363,-330,-4064
2906,9788,16610,-2464,333,38,-4064
-1734,-742,5420,2997,877,-289,-4064
-1014,-6338,10294,-2979,-1226,-502,-4064
-372,2342,5276,1169,342,-67,-4064
4114,-8158,-160,229,101,-24,-4064
-2926,2442,17650,-1927,-271,-44,-4096
354,6348,4810,2245,758,-70,-4096
1536,254,8582,-2683,-322,-106,-4048
-2896,1548,14426,350,94,-108,-4080
172,-11756,8450,-889,-875,-520,-4080
1212,9658,6622,2484,812,50,-4048
-1028,414,9140,-1863,-423,-471,-4048
-2460,3140,11114,1122,-447,-184,-4048
4298,-1154,3924,77,738,361,-4080
-2448,3266,12426,-2706,-253,-299,-4032
4420,2040,-4302,2883,902,34,-4048
1762,-2172,3702,-3391,241,-206,-4064
-2816,10144,11514,1348,602,-391,-4064
-286,-7352,7506,-787,-534,-250,-4064
-2786,2336,19238,-1439,-821,-256,-4064
4226,1212,-1534,3075,1407,241,-4064
-2336,-7052,6150,-2025,-969,-242,-4064
-88,6766,7680,741,161,-34,-4064
2362,-5232,-182,283,612,51,-4032
-3978,-384,15666,-1129,-768,-379,-4080
2568,-8678,7220,1335,-674,-323,-4048
844,10354,7308,450,509,-36,-4080
-2696,-228,4356,974,56,-384,-4048
1540,4594,8194,-1355,-316,33,-4048
1120,6468,8006,-146,1231,303,-4048
-974,-8994,3618,1122,-839,-410,-4048
3088,8746,12774,-709,417,181,-4080
-2640,9404,11152,-1160,-231,-524,-4080
1322,-3972,-316,1775,424,-73,-4064
-432,-6858,13264,-2091,-1134,-282,-4048
-1044,8588,13966,1203,1079,300,-4080
1566,46,-4358,1097,6,-191,-4048
-180,5912,17882,-2565,-616,-151,-4080
-184,-228,6714,1407,781,33,-4048
-696,-6908,6570,-2317,-956,-597,-4048
2822,-6554,6394,2935,334,-30,-4064
-870,6690,12470,-2167,-227,-339,-4048
-2732,56,4456,1412,-84,-287,-4048
4218,86,3056,-1650,65,165,-4048
976,6826,6822,-1328,1024,83,-4064
-90,-7392,1018,1653,-191,-315,-4032
3042,8492,11506,-2894,289,31,-4064
-1646,4694,4792,3037,959,-250,-4032
-3446,-712,17300,-3070,-1195,-491,-4032
-1176,4146,9928,953,317,-57,-4064
5180,-6988,-3914,723,223,-35,-4032
-3422,-2080,16612,-2139,-448,-110,-4064
1638,1378,-3910,2191,673,-62,-4032
2092,-2446,3550,-2400,-234,-103,-4080
-3672,1100,16854,203,-52,-164,-4048
730,-12426,9820,-625,-837,-513,-4048
3232,7068,1098,2344,889,55,-4016
-1740,-2384,6072,-1698,-443,-449,-4048
-1696,4358,13338,813,-535,-152,-4080
4760,-1286,1308,107,811,359,-4032
-4106,-3282,15978,-2606,-830,-415,-4048
5106,6244,-78,2775,1009,99,-4064
1418,-7018,1252,-3131,307,-200,-4032
-1986,8022,6662,673,450,-439,-4032
1156,-8126,1884,-106,-187,-199,-4032
-2934,-1438,20440,-2004,-1095,-311,-4064
2380,5710,4392,3243,1483,351,-4032
-3402,-3820,14254,-1582,-922,-277,-4032
-974,7508,14734,93,-70,-35,-4064
1836,-4056,1614,795,760,66,-4064
-484,-9782,7258,-1543,-980,-590,-4080
2484,8798,2884,2376,854,76,-4080
-1864,-2846,3790,-2002,-408,-456,-4064
-2710,2060,8056,1077,-474,-146,-4064
4688,-1550,2422,-56,735,351,-4064
-4678,-7574,16928,-2517,-469,-367,-4032
4538,6246,5142,2593,913,50,-4064
2350,3326,6038,-3013,327,-234,-4032
-2094,9382,7518,714,466,-419,-4064
1278,-7140,654,-256,-263,-213,-4064
-2254,-3772,18810,-1768,-1083,-337,-4064
5496,-2850,-4464,3084,1478,318,-4064
-3332,-5698,11406,-1762,-991,-276,-4048
-780,7214,17212,478,109,-17,-4048
1134,-2684,3228,497,692,45,-4016
-4240,286,17520,-1524,-831,-446,-4080
1770,-10652,8650,2081,-414,-223,-4080
-798,8560,13546,-303,278,-87,-4048
-2104,-3184,2932,350,-111,-411,-4064
300,5334,11216,-1184,-492,-34,-4080
2282,4512,6092,976,1340,425,-4064
-2490,-12396,7770,-80,-1308,-497,-4064
3906,7780,10324,956,767,233,-4064
342,-9540,2932,1131,642,-305,-4032
-3896,3184,18110,-2492,-791,-542,-4032
-590,2610,5670,2276,608,-28,-4064
-1402,-5534,16256,-2114,-1126,-299,-4032
32,8786,10976,619,889,265,-4064
1180,-1802,-4600,1303,254,-146,-4064
1572,366,7922,-2504,-563,-145,-4016
448,-1356,5230,1249,765,26,-4080
-1624,-5218,7772,-2203,-924,-571,-4048
4026,3684,398,3240,577,42,-4048
-1292,-918,9054,-2651,-472,-371,-4048
-2460,216,2772,1815,-31,-238,-4048
4308,-280,1522,-1601,91,160,-4080
-2926,2764,13494,-2199,665,-42,-4048
-646,-9990,2152,2210,171,-216,-4064
1836,-3332,1806,-3439,260,-247,-4064
-2986,10550,12560,423,363,-396,-4080
334,-8216,5890,-336,-354,-245,-4064
-3176,1550,20482,-2081,-1226,-351,-4048
4094,1948,-320,3303,1523,358,-4048
-2226,-7142,5120,-1785,-947,-243,-4064
-358,7022,9134,447,71,-19,-4032
2374,-5184,-68,537,724,36,-4032
-3980,-506,15002,-1607,-887,-473,-4064
3206,-6464,5100,2174,-415,-229,-4064
160,10342,10570,-560,195,-59,-4032
-2426,-2362,906,878,34,-425,-4032
2210,4090,7342,-1259,-506,-22,-4032
334,7360,8328,566,1309,363,-4032
-5152,-14760,16530,484,-1033,-466,-4064
2924,9568,16978,591,673,228,-4048
-526,-7256,4244,1213,609,-254,-4048
-2904,-1464,15672,-2464,-739,-568,-4048
864,-2466,240,2144,571,-26,-4048
896,-7914,9700,-2022,-1093,-299,-4048
-1356,8028,15394,539,933,269,-4048
-1376,-6314,1680,1104,112,-211,-4064
154,4770,16456,-2850,-601,-158,-4080
-862,492,8756,1389,806,53,-4032
-512,-8340,6784,-1470,-918,-533,-4064
3048,7174,1792,2771,804,45,-4096
-1522,-1706,5560,-2166,-438,-425,-4064
-2808,942,6242,1396,-347,-208,-4064
4448,-1486,2622,-601,523,305,-4064
-4120,-2804,15696,-2651,153,-196,-4080
5078,5444,-500,2506,718,-87,-4048
2742,6656,9464,-3914,199,-181,-4048
-1760,7448,6006,2140,850,-332,-4048
972,-8072,2494,167,-208,-189,-4048
-2686,-1274,20242,-2018,-1158,-363,-4048
2298,5368,4022,3242,1497,309,-4064
1418,2518,-2692,2318,705,-120,-4032
1880,-3976,1370,697,736,39,-4064
-2932,-2046,11690,-1572,-880,-476,-4064
1110,-12740,10424,1997,-500,-247,-4064
-346,10590,11834,-338,374,-69,-4064
-2400,-2032,-256,819,26,-368,-4032
2780,3228,5800,-1340,-599,-24,-4032
3192,1440,6136,936,1391,413,-4096
-4582,-16060,14046,7,-1249,-450,-4080
2558,9946,19990,782,628,254,-4048
-1112,-5478,5288,1335,661,-261,-4048
-3714,7080,15958,-2517,-786,-542,-4048
620,42,1348,2216,622,-45,-4048
2240,-8914,5076,-2098,-1065,-292,-4080
1620,7114,5818,1062,1086,270,-4064
-438,-5998,-1750,1548,191,-174,-4080
856,3858,14160,-2721,-580,-164,-4032
-1590,1394,10398,1499,835,27,-4032
-2674,-2482,11174,-2420,-1014,-581,-4032
3724,-2188,3052,3215,537,48,-4064
-1034,2926,11982,-2325,-395,-362,-4064
-2920,1682,8614,1464,-36,-299,-4064
3260,3468,3702,-1507,146,172,-4032
-526,7462,8632,-1875,818,10,-4032
2408,-1908,-4048,1997,56,-239,-4096
2624,4308,6208,-2837,209,36,-4048
-1344,-4554,5532,2968,899,-275,-4048
-2182,-4394,13678,-2883,-1158,-507,-4080
-1836,4176,14714,740,252,-85,-4048
5152,-3160,-4560,766,373,15,-4080
-2632,5308,17638,-2351,-522,-161,-4048
1280,4964,310,1745,503,6,-4064
2392,-4840,368,-424,342,-11,-4048
-4194,442,17638,-985,-720,-344,-4048
1562,-11242,9508,1198,-634,-366,-4048
2128,8878,3722,1248,687,-10,-4032
-2700,2298,8928,1332,-398,-195,-4032
2518,3522,6730,1119,1124,442,-4032
-5196,-9416,18674,-1355,-1270,-466,-4096
4332,7232,7366,2243,901,237,-4032
838,-9610,2404,-652,500,-284,-4064
-4158,4678,18086,-1437,-288,-505,-4064
1688,-6902,-712,1862,462,-69,-4064
-2100,-4502,18322,-2517,-1347,-373,-4064
438,8586,9838,2080,1285,323,-4032
934,-3394,-4062,309,-309,-255,-4064
-788,7186,18074,-1920,-497,-128,-4064
906,-2040,3814,1368,888,59,-4096
-1830,-3950,8132,-2252,-921,-577,-4048
3952,1974,542,2973,129,-89,-4048
-1272,616,9800,-2610,-459,-418,-4048
-2620,-420,2264,1674,-66,-299,-4064
4190,966,2204,-1190,259,217,-4048
-2382,4016,12334,-2430,387,-126,-4048
4556,2252,-4844,2312,304,-177,-4032
2898,9124,15622,-3574,213,-75,-4064
-1742,1552,5378,2856,995,-273,-4064
-482,-7176,7844,-2575,-1018,-422,-4064
-2766,2540,19020,26,-141,-131,-4064
4438,898,-1632,3058,1357,285,-4064
-2464,-7166,6294,-2217,-1022,-263,-4048
-114,6970,7348,1099,317,-25,-4080
2494,-5468,-600,-7,528,29,-4048
-3898,-348,15926,-1242,-777,-374,-4048
2544,-7420,6716,1666,-559,-296,-4048
424,9662,8858,300,395,-55,-4080
-2464,-2506,1890,199,-109,-438,-4080
1798,4878,8196,-592,-488,-46,-4048
4018,-1012,5456,846,1176,437,-4064
-5476,-14158,18292,-419,-1220,-454,-4032
3140,8682,15964,1598,802,227,-4064
-584,-8488,4716,286,511,-252,-4032
-3162,9442,12966,-1883,-516,-516,-4032
-2882,634,20112,-151,-233,-171,-4080
3160,3178,1392,2934,1285,256,-4064
-3338,-1862,16228,-1839,-973,-235,-4032
-558,7196,11700,643,182,-67,-4064
2054,-4620,546,362,634,21,-4064
-3320,-1816,13406,-1477,-789,-428,-4032
656,-12408,9534,1919,-507,-227,-4064
-46,9990,10678,9,363,-48,-4032
-2684,-2758,1408,456,-105,-429,-4064
2598,3870,7488,-1107,-553,-59,-4064
3938,596,4320,980,1408,410,-4064
-4928,-15452,15440,-346,-1320,-476,-4080
2566,10518,19102,1064,790,286,-4080
-868,-6200,3974,1071,640,-289,-4048
-3870,7958,16474,-2595,-792,-577,-4048
828,-602,720,2409,687,-31,-4048
1826,-9004,5972,-2307,-1240,-356,-4080
2280,6308,4728,1390,1142,313,-4064
-458,-5244,-1082,1205,196,-190,-4048
680,3456,14172,-2655,-588,-181,-4048
-1522,756,10890,1352,855,59,-4064
-2878,-2644,11102,-2253,-978,-582,-4064
3788,-1670,2550,3250,509,36,-4064
-940,2748,11934,-2588,-452,-376,-4032
-2692,2574,8580,1657,-44,-280,-4032
3606,3064,3734,-1629,164,184,-4032
-1076,7064,9670,-2062,706,-38,-4032
3300,-336,-5528,2144,293,-195,-4032
2378,2830,5002,-3225,216,-7,-4016
-1566,-2702,5700,2952,908,-318,-4048
-1194,-5740,11756,-2824,-1101,-461,-4080
-2688,4216,16304,553,56,-123,-4048
5724,-2748,-4646,913,423,41,-4048
-2226,4942,17144,-2263,-451,-107,-4048
746,5282,1426,2061,666,-92,-4080
2572,-4842,118,-1904,-26,-73,-4048
-2332,1210,12498,155,-145,-218,-4064
3762,1730,1326,2919,231,-39,-4032
-774,1988,8656,-2288,-291,-354,-4032
-2770,-798,3054,1318,-93,-255,-4064
3692,2794,3300,-1481,215,228,-4048
-1374,5268,8976,-1882,716,-25,-4048
3944,592,-5520,1839,236,-226,-4048
2954,10274,16036,-3136,245,45,-4064
-1618,-914,4512,2678,908,-290,-4048
-894,-5982,10386,-2915,-1160,-468,-4032
-2502,3412,17338,644,122,-115,-4032
4014,-8398,448,1030,429,23,-4032
-2822,3092,17840,-2205,-517,-103,-4064
262,5616,4356,1204,319,-77,-4096
2410,-5086,96,-139,454,33,-4064
-4140,-226,16748,-832,-674,-331,-4080
2146,-9936,8520,948,-749,-375,-4080
1554,10256,5438,1023,648,-5,-4048
-2298,-3262,1838,-319,-239,-460,-4048
694,5202,11324,-403,-611,-94,-4080
1850,6006,6596,1404,1265,459,-4048
-5592,-12588,19796,-1303,-1334,-491,-4048
3416,8648,12798,2025,882,254,-4080
444,-9956,2892,-200,522,-274,-4048
-2552,10960,10614,-1317,-266,-465,-4064
1546,-5666,-1078,1774,358,-80,-4064
-1138,-6308,15854,-2577,-1389,-349,-4064
-210,9482,11848,2496,1520,400,-4032
-2852,-7184,7598,-67,-464,-263,-4064
-630,7080,18174,-1642,-451,-153,-4064
468,-1436,5238,1423,877,97,-4064
-1560,-5082,7930,-2283,-1018,-582,-4064
2618,-9810,7434,3078,133,-70,-4064
-1172,8066,14938,-1817,-55,-254,-4048
-2420,430,2296,1540,183,-356,-4048
4194,232,966,-1909,-346,31,-4048
992,6468,8556,-361,1201,232,-4080
-1016,-11062,3830,1588,-626,-350,-4048
1918,-2380,2124,-2648,361,-254,-4064
-2592,10626,11320,-1217,-179,-481,-4080
1230,-4546,-872,2254,587,-9,-4064
-578,-6674,14000,-2087,-1009,-304,-4048
-686,9098,13256,433,886,233,-4048
1442,-692,-4780,1622,292,-197,-4048
-370,6682,18362,-2815,-615,-151,-4064
40,-726,5992,1371,720,12,-4016
-1068,-6674,7202,-2395,-1050,-583,-4032
3618,5422,1026,3303,587,56,-4032
-964,6614,13588,-2592,-351,-393,-4032
-2626,902,4112,1634,-34,-256,-4064
4520,-796,1442,-1555,114,212,-4064
-3326,1092,13976,-2074,653,-29,-4064
-34,-8560,740,2337,268,-192,-4064
2756,8042,13124,-3707,112,-63,-4032
-1696,4908,5630,3113,1037,-287,-4064
298,-8396,4998,-3004,-1168,-500,-4048
-1402,4700,10098,586,123,-89,-4080
5458,-7138,-4532,1301,482,1,-4080
-3458,-1856,16718,-2483,-655,-173,-4048
-688,7696,11800,2236,712,-66,-4048
2072,-2544,3698,-1842,-26,-60,-4048
-3698,1210,17080,-175,-309,-210,-4048
670,-13024,9812,-18,-854,-454,-4048
3612,7664,286,2175,924,86,-4064
-1940,-3102,5776,-1370,-449,-465,-4064
-1774,4582,14502,403,-576,-117,-4064
3688,296,5244,903,1036,445,-4064
-4306,-3096,16238,-2596,-999,-462,-4064
5274,6958,-490,2739,1098,185,-4032
1552,-7566,290,-2206,427,-284,-4064
-3804,8382,15996,-489,97,-458,-4064
1144,-8268,1466,1030,182,-134,-4064
-2912,-1768,20764,-2358,-1309,-375,-4048
2058,6434,5190,3322,1540,371,-4048
-432,-6030,-1064,-1166,-851,-278,-4016
2604,-4130,1404,-2694,-281,-108,-4080
-4456,896,17806,-224,-409,-281,-4032
1420,-12812,9398,1981,-512,-256,-4064
-894,9696,14010,-188,315,-62,-4064
-2482,-818,924,740,-14,-399,-4032
-670,4018,13326,-1087,-622,-67,-4032
2480,3306,7748,830,1324,411,-4032
-3646,-14420,10792,400,-1125,-447,-4064
2806,9928,18056,405,596,248,-4064
808,-8444,2708,975,639,-274,-4048
-3810,4888,17024,-2320,-705,-569,-4048
-228,1738,3576,2113,564,8,-4048
3542,-8746,1542,-2093,-1120,-316,-4080
598,8234,8930,623,894,250,-4048
810,-3340,-3912,1408,193,-170,-4048
1222,1434,10856,-2843,-630,-166,-4080
994,-2368,3154,1467,858,26,-4064
-1846,-4548,8808,-2235,-974,-584,-4048
3584,1788,2176,3104,507,-15,-4064
-992,1084,9566,-2203,-363,-353,-4064
-2750,-698,2968,1475,-132,-283,-4064
4022,1646,2826,-1442,109,203,-4064
-1832,4580,10332,-1935,777,-5,-4064
4276,1934,-5890,1987,205,-210,-4032
2864,9904,16182,-3511,243,-22,-4064
-1814,388,5178,2923,986,-260,-4032
-760,-6830,9228,-2726,-1147,-472,-4032
-2588,2642,18594,648,156,-77,-4048
4376,-7978,-1426,965,408,9,-4048
-2772,1694,17130,-2287,-547,-115,-4048
72,6390,6276,2113,706,-71,-4080
2446,-5006,-250,-1838,-52,-89,-4080
-3156,1232,15184,-116,-282,-219,-4048
254,-12642,9328,51,-863,-474,-4048
638,10306,8432,1872,773,19,-4048
-1370,-732,8028,-1364,-411,-432,-4064
4420,-248,1932,-485,566,320,-4064
-5566,-14596,18078,-250,-1223,-490,-4048
3076,9150,16452,1168,732,247,-4080
-406,-8480,4402,1456,663,-260,-4064
-3264,-594,16966,-2335,-721,-541,-4080
1436,-3340,-650,2227,615,-7,-4016
-84,-7614,11604,-2278,-1259,-353,-4048
-820,8952,14118,963,1043,275,-4016
1464,546,-4284,1159,169,-230,-4048
-172,5692,17272,-2671,-595,-115,-4048
-454,-250,7534,1367,806,18,-4048
-644,-7794,7082,-2335,-1009,-617,-4048
3220,-5422,5152,3107,471,-22,-4064
-900,5110,12566,-2091,-355,-317,-4064
-2778,286,6394,1288,-176,-303,-4064
4308,410,2948,-1310,138,176,-4064
478,6356,7570,-1647,846,64,-4064
506,-5836,738,1816,-18,-263,-4064
2858,6922,10118,-2850,326,25,-4096
-1906,5562,5648,2701,846,-314,-4064
-2938,-1528,15778,-2732,-1108,-458,-4032
-1612,4244,10906,925,259,-53,-4080
5482,-5710,-3970,469,148,-58,-4112
-3362,-2678,15382,-1913,-318,-39,-4080
1376,2100,-2642,2184,718,-74,-4016
2168,-2902,2980,-2223,-181,-101,-4048
-3960,1062,16948,-45,-165,-203,-4048
-408,-8138,6432,-683,-826,-517,-4032
114,8998,10276,1360,627,28,-4096
-1420,-1168,5982,-863,-274,-459,-4064
-1412,4226,11360,390,-458,-76,-4064
3456,-186,5494,687,1007,400,-4032
-5012,-14804,16892,-1433,-1073,-505,-4064
5234,4950,-652,2420,904,208,-4064
1176,-6572,2872,-1177,432,-284,-4096
-3568,8166,15244,-568,-12,-458,-4080
928,-1826,410,1055,157,-111,-4080
5670,-5742,-4738,1315,515,44,-4032
-3518,-3112,15002,-2241,-888,-199,-4048
-1044,6882,14150,1286,318,-58,-4048
1766,-4050,2004,24,503,33,-4064
-3958,624,16962,-1128,-749,-375,-4032
1108,-12406,9892,1486,-666,-313,-4032
-402,10320,11986,844,628,4,-4048
-2396,-1950,294,-34,-183,-435,-4048
-1374,4396,13918,-468,-633,-96,-4080
3086,1196,6302,1275,1260,443,-4048
-4384,-15684,13934,-801,-1284,-474,-4080
2590,9634,19662,1599,794,207,-4048
1364,-7572,1520,260,584,-239,-4048
-3614,6814,15838,-2009,-527,-529,-4048
348,126,1786,2060,538,-23,-4080
-2412,-2746,19468,-2468,-1324,-377,-4064
1786,6948,5988,2030,1364,388,-4096
-522,-5600,-1338,368,-315,-261,-4064
944,3496,13668,-1970,-515,-118,-4064
1534,-3724,2310,1449,890,74,-4064
-2562,-2526,10846,-2355,-993,-557,-4032
3786,-1822,2430,3080,291,-52,-4064
-978,3084,11754,-2143,-233,-307,-4032
-2544,-1408,936,1438,75,-342,-4048
3232,3196,4112,-1804,-209,72,-4048
-704,7678,8912,-619,1184,191,-4080
2890,-1522,-4962,1573,-514,-382,-4048
2512,9796,19378,-1984,275,87,-4048
-1414,-4260,5684,2964,868,-257,-4016
-1830,-4864,13128,-3034,-1164,-506,-4048
202,860,2552,1607,506,-38,-4064
3102,-8414,3056,-148,-9,-77,-4080
-2638,5262,17726,-1477,61,31,-4064
1082,4976,662,2292,673,-92,-4032
1164,2300,11978,-2889,-435,-117,-4032
-2166,1448,12168,541,192,-108,-4032
-68,-10694,7490,-1268,-873,-539,-4032
-816,9716,13442,-843,185,-148,-4048
-2528,-1044,872,1726,56,-288,-4064
3494,1552,3696,-1866,-73,124,-4064
-1514,7178,10872,-2014,742,-26,-4048
4036,24,-6840,2320,253,-243,-4080
2636,10528,18530,-3400,130,-11,-4032
-1428,-1460,4620,3261,1019,-272,-4064
-1306,-6642,10538,-3030,-1212,-498,-4032
-2532,3794,18130,590,168,-82,-4064
4012,-8982,-142,1172,493,18,-4032
-3006,3340,18634,-2445,-610,-132,-4032
422,5548,4138,2405,629,-61,-4032
2518,-4988,-30,-1997,-73,-57,-4064
-2608,1062,13780,-11,-249,-230,-4032
-42,-11496,9004,-685,-907,-510,-4048
1638,11306,4588,2481,1024,72,-4080
-2294,-3642,374,-1678,-518,-464,-4080
-3014,4026,12472,654,-619,-136,-4048
4890,-2148,2342,821,1009,419,-4016
-5458,-13416,18682,-2691,-929,-456,-4080
4846,2914,-6170,2890,1045,128,-4064
2120,-1636,1762,-2393,441,-217,-4048
-2726,10654,10930,-131,210,-429,-4048
1346,-4906,-652,186,-164,-202,-4096
-2518,2248,19202,-2106,-1181,-341,-4064
4298,1092,-1424,3268,1529,367,-4064
-2602,-7678,6394,336,-369,-245,-4064
-288,6702,18378,-1878,-510,-131,-4032
96,-964,5680,1504,941,59,-4064
-1328,-5956,7276,-2344,-1004,-564,-4048
2550,-8382,7116,3041,162,-42,-4048
-968,6884,14352,-1962,-164,-284,-4080
-2720,636,3890,1532,43,-353,-4048
4602,-258,1252,-1837,-259,83,-4048
900,7204,7980,-800,1156,181,-4080
-318,-8406,1474,1708,-418,-309,-4048
2858,8372,12744,-2318,306,76,-4080
-3216,10118,12794,-792,10,-463,-4048
1272,-3206,-1036,1842,400,-85,-4080
350,-7528,10944,-2488,-1280,-368,-4048
-1260,8492,15012,1829,1250,293,-4048
-1426,-6758,2616,608,-185,-211,-4048
-96,5132,17482,-2191,-554,-113,-4048
-670,146,8200,1467,911,60,-4048
-840,-7908,6690,-2351,-992,-567,-4016
2942,-5410,5562,3125,357,-35,-4048
-844,5196,13406,-2421,-308,-324,-4048
-2660,1754,5480,1705,29,-290,-4048
2586,3930,7122,-2017,-170,76,-4032
-18,8726,8498,-1179,1102,110,-4064
1652,-4942,-3672,2019,-210,-305,-4032
2642,5956,9770,-2953,154,47,-4064
-922,-6930,4740,3455,999,-279,-4032
-2766,-3922,15566,-3196,-1297,-548,-4064
-1950,5106,13820,999,298,-70,-4064
5776,-5256,-5168,649,190,-30,-4064
-1852,7376,17066,-2243,-407,-46,-4032
1422,3342,-2104,2339,782,-34,-4032
2394,-3594,1236,-2677,-259,-109,-4080
-4228,720,17534,308,21,-148,-4048
-286,-9714,7138,-822,-914,-528,-4048
2720,9006,2216,2421,894,96,-4048
-1820,-2932,3502,-1630,-458,-443,-4048
-866,3860,13140,820,-570,-170,-4048
4688,-1438,2036,354,908,398,-4048
-4706,-7474,16408,-2501,-611,-376,-4048
4514,6372,5316,2570,948,77,-4080
2646,3606,5566,-3041,392,-222,-4064
-2206,9184,7476,738,468,-426,-4032
1342,-6984,986,-372,-362,-231,-4032
-2140,-3718,18786,-1693,-1027,-318,-4032
5570,-3086,-4338,3084,1425,330,-4064
-3290,-5728,12064,-1584,-915,-249,-4064
-980,7860,16822,265,59,-51,-4032
-2088,1488,11908,668,263,-109,-4064
100,-10976,6940,-494,-829,-491,-4064
1730,8530,5268,2152,727,26,-4096
-1828,-1820,3672,-1202,-310,-428,-4048
-2648,1410,9072,947,-550,-135,-4032
4224,-1360,4984,94,751,385,-4064
-5176,-9094,17854,-2061,-513,-361,-4064
4248,6094,7564,2567,823,63,-4032
2214,2400,5716,-2638,361,-254,-4032
-2094,8994,8108,601,376,-399,-4032
1442,-6730,800,-143,-307,-217,-4032
-2012,-3868,17866,-1718,-1016,-308,-4064
4936,-2140,-3348,2943,1436,316,-4032
-3044,-5756,10764,-1594,-867,-254,-4080
-978,6890,17454,289,16,-60,-4048
952,-2282,3870,1436,859,47,-4080
-1718,-4376,8570,-2127,-960,-544,-4048
1628,-10010,9146,2515,-151,-144,-4032
-616,8336,12426,-1398,-20,-216,-4048
-2568,-1408,2192,913,7,-368,-4064
3450,2244,4176,-1497,-300,44,-4064
2326,4262,6160,-230,1283,298,-4032
-2912,-12482,8832,1184,-767,-398,-4032
2910,9998,17038,-1197,421,185,-4064
-1844,-976,5262,2670,804,-265,-4032
-4016,3314,17960,-3015,-1156,-545,-4064
-260,2040,4798,1836,580,-47,-4064
3812,-8466,572,-939,-489,-196,-4032
-2558,3514,17460,-1024,294,107,-4064
512,-3154,-3536,1934,538,-160,-4048
1472,1146,9720,-2911,-524,-154,-4048
-2544,1218,13618,890,422,-61,-4048
24,-11248,8670,-1765,-954,-570,-4048
3936,1526,960,2983,834,80,-4080
-1248,1270,9792,-2423,-426,-415,-4080
-2524,2974,10182,1423,-249,-235,-4048
3762,1710,3222,-1071,326,263,-4064
-2200,-11588,7038,480,-1061,-454,-4048
3020,9490,15066,-1085,471,169,-4048
-1684,236,4838,2303,783,-280,-4048
-3676,2814,17028,-2944,-1026,-543,-4048
-622,2794,5470,1806,549,-17,-4016
4464,-8200,-676,-983,-526,-166,-4048
-3126,1890,18084,-898,314,111,-4048
982,-2004,-4088,2184,599,-156,-4048
1564,108,8212,-2932,-493,-163,-4048
-2984,1694,14710,741,318,-51,-4080
-1334,-5310,7754,-1753,-931,-591,-4032
3626,3086,1294,2804,834,37,-4080
-998,480,8950,-2425,-435,-446,-4032
-2452,3516,11010,1583,-214,-217,-4096
4272,-2406,4100,159,742,374,-4064
-5678,-13024,19712,-2435,-686,-443,-4064
4980,2442,-6136,2835,1028,101,-4064
1750,-1776,3186,-2895,301,-253,-4064
-2744,10542,11250,932,548,-405,-4048
1452,-5134,-1196,-361,-332,-234,-4048
-2766,2416,19682,-1787,-1047,-293,-4048
4132,914,-1296,3196,1495,348,-4080
-2282,-6748,5888,-1601,-912,-255,-4080
-350,5998,17856,162,-40,-66,-4016
2478,-5098,108,767,726,48,-4016
-3868,-760,15356,-1598,-877,-478,-4048
2568,-7978,6808,2209,-473,-201,-4080
458,10834,8716,-95,392,-65,-4032
-2460,-3722,792,757,-5,-429,-4032
1630,4388,10036,-1422,-648,-68,-4032
530,8280,8068,1289,1453,403,-4096
-5560,-16122,18470,285,-1296,-510,-4032
2554,9748,18976,368,572,258,-4064
-372,-8700,3992,1999,699,-245,-4064
-3144,-1756,16864,-2973,-932,-565,-4064
1114,-2668,-644,2438,743,11,-4064
3418,3906,1926,2732,1517,400,-4016
-1574,-6874,2272,570,-148,-248,-4048
196,5450,16588,-2240,-572,-116,-4048
-622,2,7942,1359,857,60,-4016
-898,-8278,7220,-2454,-1011,-598,-4064
3392,-4648,3652,3354,647,49,-4032
-880,4316,13092,-2639,-427,-346,-4048
-2818,1830,7018,1691,38,-297,-4048
4666,-2152,1466,-1696,47,177,-4048
-294,8350,8536,-1878,794,18,-4080
2062,-3720,-3792,2136,139,-248,-4080
2694,5412,8174,-3355,165,-38,-4080
-956,-5822,4944,3131,981,-262,-4064
-2428,-3926,14554,-2806,-1098,-474,-4048
-2244,4716,14064,832,187,-97,-4032
5904,-4744,-5110,836,333,19,-4064
-2136,6750,17262,-2344,-508,-96,-4064
1402,3896,-1700,2277,689,-66,-4032
2486,-4180,794,-2180,-65,-74,-4032
-4338,1086,17726,66,-168,-199,-4064
-346,-10404,7316,-193,-842,-468,-4064
2214,9060,3584,1999,806,41,-4032
-1942,-3188,3908,-1560,-432,-443,-4048
-566,5010,12680,-244,-638,-87,-4016
2876,2814,6198,1225,1214,452,-4080
-5168,-8200,18662,-1573,-1214,-467,-4064
4642,7162,5688,2127,932,255,-4048
832,-9292,2100,-384,523,-278,-4048
-4078,5468,17748,-1260,-218,-530,-4064
1490,-7322,-354,1708,345,-107,-4064
-2108,-4234,18912,-2542,-1410,-373,-4096
574,8264,9016,2367,1405,362,-4032
822,-3834,-3922,121,-359,-220,-4064
-724,7356,17796,-1772,-495,-110,-4064
1028,-2254,3434,1393,939,64,-4064
-2152,-3932,8558,-2345,-981,-547,-4032
4190,1396,712,3128,237,-40,-4064
-2216,-3780,1326,709,9,-426,-4096
5008,-1948,1806,-249,661,322,-4064
-2322,5080,13228,-3099,-282,-299,-4032
3496,9078,12550,2838,1019,185,-4064
2098,-1558,3102,-1995,398,-279,-4032
-2802,10674,11704,-413,89,-516,-4064
1494,-5324,-568,572,-61,-176,-4048
-1136,-6410,15336,-2266,-1263,-358,-4048
4792,544,-2344,3142,1559,366,-4048
-2658,-7278,7086,-1246,-854,-291,-4080
-670,7112,18262,-372,-144,-102,-4048
2510,-5370,-650,798,815,68,-4032
-4246,-208,16386,-2164,-1023,-521,-4064
2544,-9182,7536,2812,-118,-107,-4032
-1132,6840,14758,-1042,86,-150,-4112
-2622,224,3850,1090,60,-394,-4048
1462,4378,9114,-1367,-423,26,-4048
962,6110,8432,113,1266,312,-4048
-1088,-9728,4160,1096,-886,-410,-4048
2920,8652,13960,-589,491,162,-4080
-78,-8840,4678,2305,744,-312,-4048
-3566,440,17528,-2772,-1046,-540,-4048
-1194,3706,8286,1963,543,-27,-4016
-428,-6772,13556,-1525,-858,-247,-4064
-812,8368,13528,-186,609,179,-4064
1430,128,-4270,1851,456,-174,-4064
1932,-1460,5428,-3050,-568,-151,-4032
-120,-286,6878,989,577,-1,-4032
-728,-7014,6566,-1843,-933,-538,-4064
3206,5282,1442,2816,684,47,-4064
-1264,-778,7178,-2223,-391,-389,-4064
-2686,188,4568,1446,-280,-255,-4032
4326,-174,2700,-729,487,271,-4048
-3322,158,13706,-2591,46,-216,-4048
4866,3762,-2838,2399,607,-129,-4000
1606,-4408,2990,-2892,318,-248,-4096
420,-7962,5112,-2603,-1100,-436,-4032
-2792,662,20234,-1576,-925,-306,-4080
3268,3312,1154,3117,1418,281,-4016
-1540,-6498,2914,-1758,-922,-249,-4048
-732,7122,11344,422,46,-40,-4080
2108,-4692,416,528,660,45,-4048
-3398,-1426,13546,-1497,-864,-475,-4048
728,-12402,9856,1594,-603,-255,-4032
78,10338,9974,-243,343,-113,-4080
-2374,-2022,156,513,8,-400,-4080
2328,4154,6588,-894,-551,-41,-4064
3630,618,5622,833,1270,403,-4064
-4952,-15440,15816,27,-1174,-461,-4064
2700,9226,18438,848,654,238,-4064
-848,-6938,5312,1168,615,-237,-4064
-3318,8208,14372,-2337,-760,-567,-4032
1008,-1528,412,2146,601,-3,-4064
1056,-8290,8560,-2014,-1081,-332,-4064
-1718,7816,16166,1221,1115,296,-4016
-1188,-6660,1044,1067,12,-201,-4080
316,4394,15886,-2574,-632,-149,-4048
-1010,638,9184,1392,806,19,-4048
-370,-8986,6696,-2386,-991,-624,-4048
3582,-3434,3804,3004,502,34,-4048
-1044,4758,11608,-2220,-292,-317,-4048
-2648,1068,6572,1394,-103,-281,-4080
2634,4238,5556,-1580,21,115,-4064
60,7068,7712,-1379,952,103,-4032
1744,-3980,-2250,1639,-209,-273,-4064
2550,5804,8194,-2770,304,43,-4064
-1164,-5810,4672,2835,918,-259,-4000
-2550,-2934,14860,-2934,-1172,-533,-4032
-1724,4338,12982,803,255,-82,-4064
5358,-4618,-4398,699,316,2,-4032
-2132,6438,16698,-2230,-445,-85,-4064
1522,3718,-1236,2298,709,-69,-4080
2222,-4138,1224,-2425,-238,-103,-4048
-2258,-2860,10734,-2297,-960,-528,-4080
3326,-1740,3356,3028,564,33,-4080
-830,3332,11304,-2268,-330,-354,-4048
-2902,1394,8330,1548,-254,-268,-4064
4492,-2124,3652,-1162,252,227,-4064
-616,7136,8466,-2347,376,-146,-4064
3050,-1658,-5172,2269,359,-180,-4048
2376,3122,6628,-3733,155,-65,-4080
-2160,9804,7832,2864,1009,-324,-4048
-1816,-5408,12686,-2503,-1064,-421,-4080
-2364,4352,16466,-67,-164,-135,-4016
5322,-3144,-3992,2004,785,135,-4080
-2324,5110,17708,-2425,-655,-146,-4032
698,4690,1664,1886,547,-39,-4080
2626,-4500,286,-1523,64,-63,-4032
-4164,294,16952,-281,-387,-233,-4064
-244,-10780,8478,174,-853,-420,-4096
1984,9860,4214,1744,808,44,-4064
-2234,-3166,2410,-968,-317,-476,-4064
152,4710,11712,273,-603,-71,-4032
2092,4206,7462,1015,1251,403,-4048
-2620,-12762,8246,-442,-1213,-481,-4048
4072,7388,9834,1392,758,215,-4080
416,-8982,3268,583,604,-249,-4080
-3828,3030,17538,-2122,-576,-540,-4048
1470,-5828,-484,1948,495,-89,-4064
-1524,-5574,16638,-2292,-1256,-345,-4080
4,8806,11158,1676,1233,286,-4064
1148,-2354,-4274,716,-165,-224,-4032
1468,500,8512,-2938,-612,-156,-4048
432,-1574,4818,1273,755,43,-4064
-1624,-5170,7830,-2044,-941,-602,-4016
3750,3268,926,3076,653,44,-4064
-1224,104,8598,-2467,-407,-431,-4032
-2698,-210,3244,1607,-148,-265,-4064
4186,768,2484,-1376,199,216,-4064
-2460,2774,12166,-2076,496,-58,-4032
3450,8546,13498,1143,796,255,-4064
-1686,2142,5140,2666,929,-318,-4064
-346,-7500,7602,-2351,-989,-400,-4032
-2642,1584,19698,-150,-243,-143,-4064
4960,-7626,-2592,2059,853,168,-4032
-3170,-176,17518,-2401,-862,-187,-4064
-306,6918,8952,1741,534,-48,-4064
2192,-4854,-100,-978,255,-27,-4064
-3616,1262,15998,-653,-503,-301,-4032
482,-12660,9562,652,-806,-414,-4064
382,10880,8604,1728,794,5,-4016
-2388,-3202,290,-892,-356,-453,-4048
-2242,5062,13094,80,-629,-85,-4048
4284,-1300,3680,1344,1189,459,-4048
-5556,-15784,18420,-1918,-1248,-467,-4080
5414,5168,-3624,2791,1097,219,-4064
1604,-5638,810,-1190,479,-308,-4080
-3448,9926,14394,-1285,-221,-459,-4080
1116,-2578,-590,1337,212,-98,-4032
-2938,-48,20734,-2507,-1392,-372,-4064
2966,4222,2226,2964,1524,373,-4032
-1232,-6734,1920,-547,-607,-303,-4032
326,5126,16418,-1091,-352,-61,-4000
2166,-4550,964,1263,920,49,-4064
-3520,-1262,13104,-2151,-960,-572,-4032
3490,-4882,3906,2893,4,-84,-4064
-1024,4674,13648,-1956,-136,-250,-4064
-2350,-2352,-310,1496,140,-364,-4080
2772,3180,6278,-1949,-464,42,-4048
-476,8632,9266,-61,1342,316,-4048
2202,-4236,-4516,1267,-708,-394,-4048
2688,5246,7908,-3543,140,-18,-4048
-1934,8468,6846,3016,1007,-285,-4048
-2278,-3940,14100,-2835,-1080,-453,-4048
-2230,4988,13876,479,19,-139,-4048
5922,-5096,-5088,1310,504,68,-4080
1426,3444,-2026,1883,445,-135,-4080
2456,-4304,1402,-2334,-154,-80,-4064
-4466,1208,18042,-113,-313,-242,-4048
1416,-11862,8802,105,-829,-476,-4016
2340,8824,3640,1690,723,52,-4016
-1724,-2390,4024,-922,-305,-411,-4080
-680,4414,12240,448,-602,-112,-4048
4584,-2152,3386,548,882,381,-4064
-4850,-6890,17216,-2238,-742,-415,-4064
4552,6228,4146,1866,782,219,-4064
1072,-8172,2804,-192,509,-272,-4032
-3708,6078,16408,-1626,-441,-499,-4064
248,234,2346,1898,405,-83,-4064
-2294,-3054,19110,-2310,-1294,-356,-4064
1252,7120,7068,2221,1377,375,-4048
80,-4544,-2184,158,-346,-258,-4048
866,2550,12624,-1794,-466,-118,-4048
1330,-2960,2626,1387,889,79,-4016
-2238,-3198,9464,-2147,-913,-596,-4064
3718,-988,2122,3079,649,42,-4080
-1026,2364,11780,-2522,-426,-379,-4064
-2772,2488,9090,1691,-66,-269,-4064
3404,2348,3888,-1585,143,205,-4064
-1140,7748,9780,-2196,679,-93,-4032
3644,-476,-6644,2303,366,-182,-4064
2374,2062,4916,-3817,107,-95,-4064
-1510,-2560,5064,2968,985,-262,-4064
-1374,-6162,11442,-2582,-1087,-447,-4064
-2528,4212,16956,463,102,-132,-4048
5314,-2362,-4130,1296,545,35,-4080
-2726,4648,18100,-2517,-580,-151,-4048
798,5172,2052,2353,683,-67,-4048
2514,-4880,252,-1950,-50,-52,-4048
-4268,412,17196,-59,-310,-232,-4080
-72,-10992,8238,-253,-935,-471,-4080
2004,10256,3814,2024,927,72,-4080
-2052,-3148,1472,-1280,-351,-445,-4080
3860,1834,2572,-1713,-140,79,-4064
-1632,5888,10854,-2147,620,-47,-4048
3788,806,-5056,2296,261,-206,-4048
2314,676,3970,-3505,167,-48,-4048
-1624,-926,5434,2779,935,-297,-4016
-1074,-6294,10180,-2491,-1047,-464,-4048
-2446,3490,17388,95,-49,-110,-4048
3976,-8480,378,1165,491,37,-4064
-3082,2598,18336,-2462,-755,-201,-4016
522,6446,4310,2246,692,-53,-4064
2550,-5596,-502,-1901,-73,-79,-4064
-2764,1806,14156,-145,-327,-250,-4032
310,-11922,7710,57,-797,-420,-4096
1104,9650,6544,1727,752,32,-4064
-2200,-2482,2144,-1059,-286,-427,-4032
-2574,2728,10886,527,-588,-129,-4032
4264,-1942,4756,595,896,435,-4032
-5486,-12720,18864,-1977,-939,-400,-4064
3756,7730,12250,2615,991,123,-4112
2008,-934,3026,-2529,386,-264,-4048
-2568,10838,10042,43,324,-417,-4080
1710,-5136,-1536,397,-82,-186,-4048
-1134,-6036,14968,-2137,-1165,-340,-4048
4044,662,-1274,3037,1478,304,-4048
-2252,-6952,6316,-918,-788,-252,-4048
-566,6284,18428,-607,-248,-91,-4080
2468,-5442,-74,1012,780,68,-4064
-3936,-722,15886,-1811,-904,-462,-4064
2624,-7906,7072,2451,-272,-214,-4064
-870,7184,13754,-907,149,-122,-4032
-2546,-3042,1400,998,33,-337,-4064
1604,4224,9332,-1524,-500,11,-4064
728,7400,8168,267,1321,350,-4064
-46,-8330,608,997,-991,-409,-4032
2912,9598,16774,-865,480,163,-4064
-272,-8354,3546,2499,820,-255,-4032
-3154,-1018,16742,-3006,-986,-583,-4048
-3150,692,20948,-1678,-1027,-321,-4048
-1002,9000,14418,-232,613,175,-4048
1538,982,-4182,1807,460,-155,-4048
2234,-2366,4162,-3089,-606,-176,-4048
-486,-266,7708,1150,572,-2,-4080
-854,-8288,7266,-1956,-974,-611,-4048
3128,7216,2012,3027,819,91,-4048
-818,4668,12414,-2354,-431,-371,-4032
-3000,862,7032,1399,-326,-236,-4064
4588,-754,2486,-913,370,261,-4064
-3950,-4334,15266,-2413,309,-181,-4032
1522,-3956,-1844,2238,502,-150,-4064
2780,5780,8434,-3611,279,-113,-4064
-1874,7412,5966,2261,868,-327,-4064
930,-7632,2646,-1967,-835,-393,-4064
-1828,4642,12794,-578,-428,-208,-4064
5646,-4768,-4910,2365,1031,174,-4064
-3390,-4334,13958,-2403,-875,-185,-4080
-896,7700,15054,1698,551,-38,-4080
2352,-4036,1306,-918,264,9,-4048
-4308,870,17930,-695,-573,-317,-4080
1236,-11560,9474,925,-665,-362,-4016
2218,7958,3644,1510,625,37,-4064
-1826,-2406,4788,-604,-269,-436,-4048
-550,5262,11246,34,-503,-95,-4048
3180,2588,4990,737,1044,444,-4064
-5152,-7346,18668,-1513,-1122,-487,-4064
4644,6306,5426,2544,996,216,-4064
604,-8800,3274,-1196,404,-295,-4032
-4090,5878,17618,-1011,-172,-538,-4032
1478,-7546,182,1555,324,-118,-4064
-2368,-3374,19032,-2563,-1368,-384,-4064
1198,7778,7378,2382,1385,370,-4064
548,-3674,-3462,-96,-386,-216,-4032
-978,6978,17268,-1613,-410,-101,-4064
1152,-2562,3220,1364,908,68,-4064
-2144,-3800,9070,-2173,-917,-553,-4064
1948,10484,3800,1613,774,45,-4064
-2496,-1072,1396,1612,91,-346,-4048
3836,952,3210,-1929,-224,74,-4032
-2086,5648,11806,-1043,1140,127,-4064
-2232,-12794,6510,1637,-456,-345,-4048
2496,9800,17866,-2310,243,80,-4048
-1806,504,5690,3224,942,-281,-4048
-332,-7296,8798,-3177,-1203,-536,-4048
-720,2938,6480,1504,403,-75,-4048
4366,-8758,-720,-109,-180,-90,-4048
-2850,2328,17794,-1658,-43,69,-4080
708,-2036,-4014,2140,657,-133,-4064
1738,566,8100,-2729,-296,-114,-4080
-2912,1382,14102,415,140,-157,-4048
178,-12394,8788,-1001,-952,-514,-4016
3890,3866,640,2672,870,91,-4064
-1014,-314,7916,-2027,-444,-458,-4064
-2484,3176,11716,1168,-449,-174,-4064
4364,-1752,4612,-248,725,318,-4064
-2378,2970,11254,-2648,-274,-332,-4064
4818,3130,-4954,2467,910,29,-4096
1564,-1842,2826,-3185,337,-212,-4064
-2572,9818,10944,1010,522,-415,-4064
4,-7306,7288,-1117,-593,-283,-4048
-2782,1724,19332,-1770,-1093,-307,-4048
4206,1202,-786,3107,1471,326,-4080
-2442,-6740,6060,-1698,-933,-256,-4064
-318,6830,8298,458,54,-40,-4032
2286,-5110,-72,510,671,36,-4064
-3708,-908,15278,-1549,-857,-482,-4064
2812,-6816,6634,1983,-438,-251,-4032
-724,6996,12574,-1545,-51,-231,-4032
-2620,22,3904,1161,15,-398,-4032
4096,-454,2864,-1651,79,186,-4032
-3166,1100,13660,-1806,788,-2,-4064
-242,-8574,984,2121,220,-250,-4064
1420,-4102,3054,-1124,411,-251,-4064
-3314,-408,17644,-3199,-1277,-494,-4064
-1314,4446,9286,731,189,-104,-4080
5448,-7274,-4178,945,393,-1,-4080
-3438,-688,17104,-2352,-478,-108,-4080
-674,7070,10480,1352,339,-90,-4048
2270,-4706,366,-365,437,1,-4048
-3624,774,16684,-677,-609,-332,-4064
532,-12924,10598,777,-833,-405,-4064
222,11174,9594,1237,742,31,-4064
-2308,-2810,-598,-367,-264,-440,-4064
-2250,4690,14334,-475,-716,-82,-4032
4034,-222,4254,1367,1313,486,-4064
-5070,-15822,16136,-1325,-1232,-472,-4032
2570,9774,18858,1949,853,235,-4032
1556,-5928,1022,-163,583,-250,-4032
-3408,8932,14316,-1785,-462,-530,-4032
930,-2138,200,1743,359,-76,-4048
926,-8556,9548,-2543,-1385,-370,-4080
2908,4888,2452,2438,1515,376,-4048
-1486,-7016,1296,-20,-427,-286,-4048
218,5362,16268,-3019,-628,-136,-4048
-770,424,8156,1290,685,36,-4080
-586,-8340,6866,-2406,-1014,-626,-4064
3510,-4732,4242,3288,615,49,-4032
-1086,4660,13250,-2529,-415,-404,-4032
-2924,1636,6754,1628,-25,-295,-4032
4588,-1644,1716,-1410,133,184,-4032
-182,7768,9052,-2066,649,-36,-4032
1684,-4714,-2602,2371,408,-190,-4048
2724,5654,8648,-3711,179,-109,-4048
-1906,7466,6572,2657,910,-322,-4048
-2594,-3140,15034,-2630,-1107,-450,-4032
-1850,4562,13024,-169,-213,-146,-4048
5638,-5108,-4746,2159,935,137,-4048
-3566,-4552,14752,-2523,-880,-231,-4048
582,3666,14778,-2520,-643,-158,-4032
-2570,-2848,11312,-1658,-899,-451,-4048
1394,-12136,9302,2262,-297,-193,-4064
-484,9990,11726,-697,284,-102,-4032
-2456,-1714,232,853,33,-396,-4064
2934,2690,5188,-1502,-571,14,-4096
3070,2344,5780,719,1361,394,-4096
-4080,-15746,12788,685,-1122,-445,-4032
2498,10258,20384,-207,479,221,-4032
-1340,-4664,5206,1834,749,-260,-4048
-4158,6480,17136,-2872,-919,-556,-4016
472,1088,1800,2321,696,-16,-4048
2804,-9028,2876,-1905,-966,-318,-4048
-2402,5760,17930,74,707,194,-4048
308,-4862,-2814,1819,387,-159,-4048
852,2502,12536,-2929,-614,-154,-4080
-2048,1068,12284,1086,601,3,-4016
-2152,-3328,9458,-2170,-970,-624,-4064
3988,4,1454,3170,674,17,-4032
-1146,1730,11040,-2640,-446,-385,-4064
-2770,3196,9818,1608,-96,-235,-4064
3798,1740,2958,-1249,255,226,-4096
-1644,6064,11006,-2534,419,-91,-4096
4078,620,-5718,2439,485,-154,-4032
2310,640,4182,-3736,202,-103,-4032
-1610,-988,5352,2639,954,-313,-4032
-1120,-6422,10168,-2282,-994,-391,-4064
-2546,3316,17870,83,-82,-156,-4080
4940,-990,-2916,1712,651,41,-4048
-2858,2670,18194,-2503,-725,-143,-4048
508,6186,4190,2189,664,-28,-4048
2438,-5544,-294,-1555,42,-40,-4048
-4232,196,17266,-1417,-832,-453,-4016
2276,-9462,7678,1839,-452,-251,-4080
-860,7328,13578,-30,349,-69,-4048
-2248,-2292,1728,364,-52,-421,-4016
4270,-1350,4914,-37,690,389,-4048
-5378,-13032,18460,-2271,-625,-369,-4064
3582,7836,13224,272,652,232,-4064
-44,-9178,4374,2081,738,-274,-4080
-3900,1456,17962,-2797,-995,-557,-4080
-920,3286,7362,2044,572,-26,-4048
4784,-7582,-2316,-1373,-755,-228,-4112
-632,8534,13042,-530,431,125,-4048
1678,-130,-4596,1971,586,-114,-4080
1750,-1134,6016,-3023,-546,-145,-4080
-3524,1384,15938,899,493,-24,-4048
-1178,-6764,6924,-1674,-948,-572,-4048
3500,5338,938,2858,774,18,-4048
-1394,-1222,7418,-2389,-439,-451,-4080
-2612,792,3802,1529,-228,-230,-4064
4396,-292,1680,-816,464,320,-4048
-3364,206,13956,-2811,-52,-268,-4048
5374,4908,-3774,2535,801,-106,-4064
2742,7802,12276,-3973,192,-140,-4064
-1848,5920,5660,2271,904,-293,-4032
620,-8412,3862,-1892,-844,-345,-4064
-3062,202,20720,-792,-507,-203,-4064
5572,-6840,-4582,2653,1082,193,-4064
-3124,-2074,16002,-2343,-924,-246,-4032
-860,7284,12166,1435,413,-39,-4096
2028,-4562,606,-443,433,12,-4032
-3996,848,17016,-633,-568,-334,-4048
776,-12814,10150,953,-788,-391,-4048
-154,9986,11506,1044,584,6,-4048
-2574,-2016,1016,-278,-219,-393,-4048
-1610,4100,12894,-184,-626,-82,-4016
3474,956,5920,922,1155,458,-4080
-4754,-14944,14702,653,-975,-441,-4016
2888,9744,17852,-156,611,246,-4048
-912,-5618,4716,1853,715,-273,-4048
-2390,-3388,14668,-2743,-990,-589,-4048
502,-1112,1310,2147,603,-15,-4048
5854,-4926,-4434,2820,1316,268,-4064
-3340,-3880,14160,-1381,-809,-276,-4064
384,3534,14808,-2952,-571,-170,-4048
-1472,930,10362,1078,553,-59,-4080
-226,-9702,6742,-1860,-975,-589,-4048
3494,-1860,3752,2854,611,28,-4032
-708,4214,10502,-2124,-323,-387,-4048
-2714,704,7318,1342,-316,-250,-4048
4246,-902,4184,-1306,271,234,-4032
-116,6146,7374,-1935,595,-96,-4032
2098,-2320,-2830,1882,334,-179,-4032
2512,5062,7122,-3484,292,-84,-4048
-1876,8292,6276,2173,819,-327,-4048
1252,-7252,1326,-2120,-867,-382,-4048
-2014,4280,14000,-383,-358,-160,-4048
5642,-3848,-4588,2086,991,129,-4048
-3296,-4204,12792,-2171,-729,-183,-4048
956,3852,-130,1655,498,-82,-4096
2208,-4010,1030,-1049,193,-30,-4032
-4040,26,17222,-555,-544,-320,-4032
1414,-11600,10128,532,-800,-412,-4064
2612,8474,2426,1598,729,36,-4032
-1976,-3198,4326,-783,-308,-437,-4064
-792,4890,13086,152,-575,-95,-4032
2778,2260,5966,1033,1137,461,-4064
-5064,-7676,18272,-1699,-1210,-457,-4032
4518,7266,5610,2391,980,238,-4032
966,-8972,1952,-1603,466,-258,-4048
-3982,5440,17350,-762,-70,-478,-4048
1436,-7388,-18,1283,158,-100,-4048
3008,-9094,2978,-2305,-1259,-357,-4048
1410,7930,7414,1157,1144,361,-4048
-124,-4354,-2706,1899,487,-152,-4032
1166,2642,11500,-2949,-446,-119,-4080
-2006,1112,11884,730,332,-63,-4048
-188,-10490,8096,-1658,-969,-589,-4080
-976,9406,14092,-1268,68,-156,-4032
-2950,2802,10080,1384,-295,-207,-4080
4662,-2432,2266,-354,686,310,-4064
-5060,-9388,17500,-2899,-256,-327,-4064
3932,626,-5874,2545,959,29,-4064
2326,2268,3906,-3534,292,-222,-4032
-2020,10358,8036,1152,634,-352,-4032
1308,-6436,-110,-828,-495,-259,-4064
-2550,3808,16922,-1551,-861,-265,-4032
5454,-1762,-4230,2854,1336,256,-4048
-3222,-6642,9960,-2234,-949,-287,-4080
-902,7360,17834,-607,-205,-50,-4048
830,-2374,4080,1178,782,58,-4048
-4334,236,17286,-1860,-970,-494,-4032
2218,-10870,8594,2650,-153,-128,-4048
-872,8926,14182,-796,169,-139,-4064
-2760,-616,1844,1051,39,-401,-4032
52,5072,12124,-1571,-510,-41,-4064
2014,4744,6972,689,1341,351,-4064
-2368,-13116,7586,699,-1108,-461,-4064
2708,10350,17592,-1552,350,163,-4064
-1564,-388,4950,2967,913,-251,-4032
-4036,3234,18252,-3290,-1209,-541,-4032
-492,3018,5050,1772,597,-16,-4032
4516,-8694,-1424,-674,-361,-176,-4064
-3096,2580,18186,-1409,90,25,-4032
1210,-2352,-4756,2187,620,-124,-4048
1480,490,8512,-3055,-522,-128,-4080
-2848,1364,14404,746,380,-72,-4048
158,-12308,9064,-1695,-955,-592,-4048
4106,3380,-18,3078,999,104,-4048
-1284,-1016,9484,-2562,-572,-456,-4048
-2834,4348,12864,1374,-316,-171,-4048
4188,-234,910,-809,482,246,-4064
-2610,4260,13092,-3278,-235,-296,-4048
5176,3952,-6390,2946,1001,-5,-4048
2070,-2664,1034,-4195,124,-170,-4032
-3904,362,18068,-3038,-972,-570,-4064
-1248,4598,8376,2010,629,-5,-4096
5350,-8096,-3776,-397,-268,-118,-4080
-3378,136,17802,-1717,-13,36,-4080
1504,-918,-4964,2495,703,-99,-4048
1834,-932,6034,-3027,-422,-121,-4048
-3458,1414,15722,644,222,-132,-4048
-1188,-6364,7172,-1662,-949,-554,-4064
4056,5918,-94,2925,961,74,-4064
-1614,-1836,6840,-2374,-540,-465,-4064
-2138,3890,13470,1179,-408,-224,-4064
4742,-386,314,-277,677,319,-4064
-3240,464,13594,-3001,-259,-308,-4064
5182,4896,-3520,2623,960,30,-4064
1544,-4644,1656,-3585,283,-200,-4064
-1898,5384,5858,1356,680,-376,-4064
248,-8074,4720,-1391,-697,-287,-4080
-2724,102,20260,-1147,-716,-248,-4048
3148,3896,2026,2906,1269,262,-4048
-3460,-2570,16322,-2160,-1057,-252,-4048
-562,7786,12170,1080,335,-49,-4048
1984,-4910,238,26,543,10,-4048
-4118,1354,17466,-993,-708,-338,-4032
894,-12874,9308,1720,-526,-327,-4048
-218,10144,11276,116,402,-74,-4016
-2470,-1900,836,361,-68,-448,-4048
-1518,4268,12992,-516,-633,-74,-4064
3534,600,5878,1196,1265,465,-4064
-4994,-15722,15914,-662,-1281,-483,-4032
2734,10186,18842,1605,842,238,-4064
1208,-7114,1798,260,571,-255,-4064
-3700,8260,15570,-2122,-560,-543,-4032
848,-874,384,2159,572,-22,-4064
1680,-8624,6382,-2388,-1315,-364,-4064
1942,6112,4784,1334,1117,278,-4064
-182,-5322,-1068,914,37,-218,-4064
498,3334,14640,-2180,-576,-124,-4048
-4196,698,17662,-643,-537,-307,-4048
3778,-1716,2622,3245,531,-1,-4096
-902,2512,12068,-2668,-497,-384,-4048
-2820,2882,8788,1605,-187,-254,-4032
5066,-1876,1092,-994,397,250,-4064
-1300,7286,10902,-2794,207,-191,-4032
3328,-354,-5584,2597,706,-87,-4032
2526,2310,4722,-3879,194,-131,-4048
-2254,10336,8488,2637,925,-297,-4048
-1234,-6026,11622,-2258,-958,-426,-4016
-2652,4180,16742,-285,-322,-174,-4016
5476,-2600,-4102,2019,860,142,-4048
-3130,-6088,11012,-2448,-798,-147,-4016
772,5370,1748,1798,578,-21,-4080
2620,-5004,72,-1083,244,-22,-4048
-4406,346,17580,-557,-575,-298,-4048
-10,-11772,7996,460,-838,-428,-4064
1470,9612,6112,1429,659,2,-4064
-2110,-2672,2450,-642,-269,-442,-4032
596,4376,10350,172,-597,-138,-4064
4440,-914,3972,670,1069,439,-4096
-5292,-11268,17588,-1331,-980,-446,-4064
3760,7538,10920,2234,866,168,-4032
46,-8534,4276,-1024,443,-286,-4032
-2396,9500,9938,-895,-161,-514,-4064
1340,-5678,114,928,54,-137,-4016
-1264,-5418,15892,-2253,-1265,-373,-4048
192,8278,10486,2595,1497,365,-4048
-2660,-6348,7896,-415,-565,-212,-4048
-936,6716,17818,-1262,-317,-118,-4048
522,-1268,4932,1419,915,86,-4080
-4120,-662,16596,-2126,-1005,-500,-4096
2228,-8230,8178,2697,-17,-115,-4016
-566,7034,12410,-1789,-209,-317,-4032
-2908,-1162,4182,1308,-196,-286,-4048
3754,1658,3926,-1499,143,183,-4048
-5532,-12874,19460,-541,-1168,-483,-4048
3038,9822,14380,-1383,444,149,-4080
-1870,1942,4802,2735,766,-276,-4080
-3846,1308,18672,-3067,-1259,-509,-4064
-698,3142,7334,1507,515,-54,-4064
4648,-7744,-1926,-658,-373,-142,-4048
-2970,1162,17054,-1269,170,102,-4048
1186,-1028,-4218,2135,661,-165,-4048
1822,-424,6446,-2800,-400,-137,-4048
-3182,1164,15230,435,188,-120,-4080
342,-11958,9528,-1234,-873,-539,-4080
3786,3870,330,2765,872,66,-4048
-1330,-340,8476,-2177,-455,-431,-4080
-2410,3294,11938,1323,-348,-185,-4080
4266,560,1882,-676,529,301,-4064
-2830,1880,12758,-2663,-9,-244,-4032
4792,3436,-3848,2492,752,-45,-4064
1758,-3134,2648,-3575,263,-194,-4064
-1884,3684,5544,1715,722,-350,-4032
202,-7480,6234,-1331,-640,-346,-4032
-2748,1400,19740,-1043,-660,-228,-4000
3874,2240,-132,2828,1246,237,-4064
-3414,-492,17422,-2238,-936,-254,-4032
-468,7070,9256,1520,397,-40,-4048
2316,-5252,216,-571,338,4,-4048
-3692,-810,14942,-854,-688,-373,-4048
658,-12506,9150,1066,-684,-335,-4048
358,9974,9014,879,589,-22,-4048
-2398,-2264,1156,-266,-143,-440,-4080
1722,4772,7788,-134,-589,-54,-4048
3788,-682,5614,796,1115,413,-4048
-5322,-14152,17594,-844,-1145,-448,-4080
3188,8616,15890,1892,829,207,-4048
1556,-3732,2928,-907,490,-248,-4064
-2980,9224,12504,-1078,-208,-479,-4064
1108,-3436,-230,1533,251,-64,-4064
134,-7522,11664,-2315,-1312,-353,-4064
-3310,-1610,16142,-2473,-694,-192,-4032
64,4954,16998,-523,-181,-92,-4048
2136,-4668,202,1138,804,55,-4048
-3180,-1504,13462,-2070,-942,-535,-4064
3052,-5792,5614,2486,-224,-125,-4048
-962,6090,13416,-987,162,-149,-4080
-2588,-2838,746,1107,61,-386,-4048
2052,4166,8008,-1684,-466,-14,-4080
326,8352,8146,444,1332,337,-4048
-5206,-16014,17150,651,-1171,-450,-4064
2628,9958,19286,-798,395,205,-4048
-710,-7770,4398,2711,846,-245,-4048
-2978,-2852,16150,-3213,-1133,-554,-4080
956,-1586,-84,2275,687,8,-4096
1252,-8554,8108,-1615,-801,-236,-4064
-1606,8144,16356,-396,546,188,-4064
1356,2156,-2978,1889,475,-157,-4064
574,4494,15100,-2965,-574,-134,-4064
-1128,478,9372,916,519,-25,-4032
-786,-8666,7294,-1922,-934,-549,-4064
3276,8782,868,3232,932,94,-4064
-1082,3800,13580,-2737,-568,-481,-4064
-2792,2766,7550,1767,-105,-224,-4048
5070,-2512,444,-1100,357,224,-4080
-4752,-6014,17532,-2805,216,-177,-4016
2870,-2786,-5254,2714,707,-64,-4048
2474,3988,7194,-3965,172,-165,-4048
-2038,9456,7660,2392,937,-313,-4048
-2088,-4976,13340,-2284,-953,-390,-4064
-2474,4726,15526,-741,-518,-181,-4048
5824,-3734,-5034,2585,1106,240,-4048
-3558,-5720,12794,-2616,-921,-246,-4032
1256,4436,-388,1949,548,-50,-4064
2604,-4512,556,-1111,226,-25,-4032
-4436,870,17940,-510,-530,-309,-4064
1626,-12052,9012,721,-779,-384,-4032
2076,9800,3862,1228,684,-10,-4064
-2860,2750,9752,1631,-24,-316,-4048
4644,-2472,2628,-935,441,262,-4064
-1428,6916,9770,-2740,153,-202,-4064
3838,310,-6284,2424,737,-100,-4064
2314,2134,4374,-3904,226,-168,-4064
-2168,10392,8078,2173,875,-335,-4032
-1594,-6048,11596,-1815,-810,-385,-4032
-2360,3702,17182,-798,-561,-242,-4064
5016,-1856,-3696,2672,1141,208,-4064
-3144,-6718,10136,-2327,-1010,-231,-4064
664,5984,2932,1654,522,-11,-4080
2468,-5224,-378,-735,325,-12,-4048
-4284,26,17250,-753,-621,-332,-4048
1990,-10338,8614,985,-735,-340,-4048
1436,10486,5818,1128,663,30,-4048
-2178,-3916,1906,-187,-278,-425,-4080
496,4792,12176,-544,-676,-99,-4048
4836,-2648,2282,1479,1304,443,-4064
-5774,-13164,19680,-1234,-1377,-546,-4016
3458,9324,13606,2374,971,259,-4064
288,-9914,2342,-637,537,-283,-4064
-3006,11224,11922,-1616,-332,-548,-4064
1688,-5140,-1334,1955,451,-87,-4064
-894,-6730,14620,-2654,-1426,-363,-4064
-420,9544,12540,2235,1391,378,-4064
-2370,-7046,6204,183,-303,-207,-4032
-518,6528,18232,-1896,-497,-97,-4032
258,-1106,5956,1390,933,76,-4064
-1504,-5920,7534,-2299,-967,-588,-4064
2606,-8602,6746,3097,110,-64,-4048
-1078,6702,15106,-2155,-251,-249,-4080
-2476,1076,3760,1707,162,-342,-4048
4596,-522,272,-1861,-233,88,-4048
500,7688,9018,-907,1101,180,-4016
-96,-8532,978,1951,-341,-342,-4048
2834,7966,12966,-2482,237,88,-4080
-316,-8422,4692,3052,871,-240,-4064
990,-3046,-230,965,74,-160,-4032
252,-7922,11518,-2385,-1391,-371,-4064
-1236,8598,15302,1925,1296,321,-4048
-1676,-7242,3196,598,-219,-249,-4048
-214,5488,17660,-2583,-571,-122,-4032
-662,182,7572,1572,947,86,-4048
-514,-8084,6406,-2483,-1034,-590,-4048
3228,-5006,5348,3004,354,-35,-4048
-746,5514,12046,-2094,-277,-291,-4048
-2716,692,5586,1283,-48,-328,-4048
4488,-414,2516,-1610,11,142,-4048
586,7320,7366,-1335,1019,89,-4048
642,-5790,-754,1690,-184,-325,-4048
2974,7436,9832,-2799,294,20,-4080
-682,-7512,4890,2910,851,-290,-4032
-3058,-1796,16288,-2995,-1204,-487,-4016
-1394,4468,11110,923,268,-67,-4048
5480,-5976,-4506,641,243,-33,-4048
-1642,7778,15884,-1869,-217,-41,-4032
1788,2200,-3076,2307,750,-71,-4016
2050,-3058,2748,-2523,-241,-110,-4064
-4066,976,17354,183,-57,-135,-4064
-558,-8082,6300,-765,-823,-517,-4064
3222,6972,1296,2415,837,71,-4064
-1626,-1612,5944,-1812,-439,-475,-4032
-1512,4290,12698,1154,-447,-145,-4032
4434,-1602,2578,132,754,361,-4064
-4168,-3374,16148,-2659,-506,-374,-4032
4934,5430,378,2782,972,51,-4032
1414,-6964,1952,-3494,286,-196,-4048
-1872,7830,6208,1172,601,-371,-4048
1084,-7838,2254,-734,-476,-279,-4080
-2600,-1388,19914,-1551,-868,-271,-4048
2276,5780,3976,3105,1450,263,-4080
-3532,-3900,14848,-1981,-984,-262,-4048
-1006,7812,14306,667,126,-30,-4048
1888,-4210,1340,377,630,61,-4048
-360,-8540,6834,-1559,-899,-535,-4080
3060,7710,1500,2345,920,63,-4032
-1836,-2002,4860,-1718,-464,-451,-4064
-1204,3898,12664,763,-540,-134,-4048
4470,-930,2206,79,807,372,-4032
-4068,-4166,15076,-2418,-524,-391,-4032
4872,5524,1402,2525,914,41,-4064
1100,-6894,3014,-2769,345,-201,-4096
-1838,7766,6214,540,404,-417,-4064
888,-7368,2364,-134,-236,-225,-4064
-2430,-1898,19648,-1806,-1083,-304,-4064
1840,6054,5448,3084,1487,351,-4064
-3400,-4622,13994,-1328,-927,-259,-4096
-1044,7866,15382,-143,-83,-66,-4064
1546,-3838,1626,697,678,44,-4048
-2378,-2714,11084,-1707,-911,-467,-4048
1472,-11648,9102,2133,-337,-213,-4080
-424,9026,12040,-316,246,-109,-4080
-2776,-1486,2068,493,-46,-432,-4048
3116,3632,4786,-1020,-455,-42,-4048
2912,2098,6262,531,1250,352,-4080
-4046,-14278,12998,331,-1164,-483,-4080
2802,10398,18170,359,656,235,-4080
904,-8486,2812,1080,597,-262,-4064
-3936,6050,17312,-2387,-751,-557,-4096
320,652,2202,2245,641,-7,-4064
2784,-8818,3240,-2117,-1113,-304,-4064
1120,7396,7528,598,884,249,-4096
404,-4118,-2796,1395,253,-145,-4064
1086,1984,11768,-2749,-595,-173,-4064
-2126,1150,12650,1178,693,25,-4032
-1996,-3602,9122,-2124,-937,-591,-4064
3676,100,1824,3171,537,16,-4048
-1018,1758,11116,-2505,-384,-366,-4048
-2776,2950,9818,1702,-48,-298,-4048
3638,1794,3402,-1575,69,151,-4048
-1686,6294,10782,-2040,667,-43,-4080
4086,7882,9184,1970,857,249,-4064
-1602,-776,5212,2581,823,-241,-4048
-3958,3424,18066,-3129,-1076,-578,-4112
-602,2826,5092,1907,610,3,-4032
4216,-8832,-584,699,257,-48,-4048
-2792,3116,17958,-2250,-389,-75,-4048
114,5838,4558,2287,645,-89,-4080
2714,-5068,-210,-2275,-144,-66,-4048
-2700,1270,13924,164,-120,-196,-4048
110,-12120,8722,-386,-883,-482,-4016
922,10178,7182,2153,843,57,-4080
-1220,60,8580,-1683,-408,-458,-4032
-2358,3448,11300,877,-514,-144,-4064
4296,-1416,4216,754,981,448,-4032
-5466,-12980,18268,-1803,-1001,-427,-4064
3424,8510,13578,2565,957,213,-4032
1638,-2260,3814,-2060,398,-253,-4016
