AcX,AcY,AcZ,GyX,GyY,GyZ,Tmp
-7532,-4400,28924,1591,-1973,340,-3440
6594,5212,-2476,-2062,1420,-180,-3440
1810,-1468,588,-495,980,-355,-3472
-4750,-598,16330,780,-1784,68,-3472
2972,2312,10512,79,566,-347,-3440
4334,882,-350,-1223,1495,-552,-3472
-6816,-342,20388,1413,-1881,-11,-3472
-2064,-210,19262,1427,-678,-51,-3472
7710,-8608,-11602,-4271,2633,-628,-3488
-12130,-5472,32767,4644,-3975,120,-3456
8088,-7656,3598,-2286,3019,-425,-3456
4428,5960,-10638,-687,800,96,-3456
-5926,1658,15936,1959,-2087,482,-3456
7200,3178,266,-1799,1789,-211,-3456
370,-2682,834,-519,1392,-339,-3488
-3220,-452,11774,787,-1282,81,-3456
2804,3196,10604,21,737,-446,-3456
2370,-1536,-276,-838,1739,-574,-3456
-4390,490,14024,1074,-1378,-95,-3488
-3300,4244,21752,1816,-949,-70,-3488
5318,-13162,-3708,-3729,3430,-619,-3456
-10028,-1654,27700,3740,-3465,215,-3456
5568,-7326,12794,-914,1806,-299,-3488
1648,2042,-9484,-1726,1512,68,-3488
-9560,782,30502,1775,-2661,446,-3472
6074,2618,7258,-1588,1237,-388,-3472
-2930,-5258,1386,-483,818,-164,-3440
2160,-604,4242,605,-1523,-83,-3472
2706,812,7044,190,139,-406,-3440
1646,-4320,-1184,-856,1583,-466,-3472
-1134,1816,7430,382,-1254,-3,-3472
-4278,5482,24086,2096,-2099,-44,-3456
4040,-15894,1370,-2646,3648,-487,-3456
6522,10510,-13756,1714,-2347,128,-3424
2958,-7986,21270,1305,-272,-217,-3456
2764,1354,-7798,-2203,2551,63,-3488
-1712,4060,618,1672,-2415,431,-3456
6366,1074,7906,-1300,1279,-413,-3504
-1978,-3676,2432,-354,859,-88,-3456
446,-554,5382,547,-1204,-19,-3456
3588,4486,10058,-248,28,-451,-3472
372,-5352,2374,58,1275,-395,-3472
-520,1560,5506,-71,-959,-34,-3472
-1004,10330,19208,1346,-1936,-157,-3472
176,-16424,13100,-1847,3374,-449,-3472
-1710,4270,5822,206,-1599,71,-3472
1200,2328,15870,2775,-1071,-110,-3456
1444,-2764,-2550,-1143,1907,153,-3472
762,4228,-3690,27,-265,279,-3472
3564,130,11480,-470,986,-482,-3472
-6078,-4570,15206,304,281,21,-3472
1984,-422,538,260,286,-140,-3472
3916,4292,8448,-583,565,-627,-3504
-6346,-3630,18824,1113,-71,-218,-3472
970,-2364,4894,-411,698,-50,-3440
1210,12946,14462,-1320,-932,-324,-3472
-4438,-15014,24710,1667,52,4,-3472
7578,6278,-11500,-3380,1299,-328,-3472
1822,4786,6956,2116,-1055,29,-3472
-3214,-5142,6154,-4,5,231,-3472
3834,3652,-4104,-629,277,103,-3440
2364,-12,6074,-986,591,-533,-3488
-5500,-3420,16460,723,-1182,98,-3488
4616,190,-1612,-176,616,-246,-3488
3582,3878,5876,-648,73,-481,-3456
-6962,-3370,21888,1146,-587,-170,-3456
916,-2946,6258,-515,737,4,-3488
2544,14490,10074,-1840,-1074,-282,-3456
-7198,-12668,32767,2590,-903,19,-3488
7504,760,-9832,-3760,2061,-386,-3456
-1602,-910,28126,2812,-1624,38,-3440
-3214,-5552,14556,-393,476,139,-3472
4882,6506,-5000,-884,196,211,-3440
2392,-494,5636,-487,482,-523,-3440
-5318,-5398,10486,380,-718,141,-3472
2780,-216,56,100,303,-166,-3472
5222,3190,2706,-1088,444,-595,-3472
-8484,-1836,23680,1472,-967,-123,-3472
2006,818,-1058,-725,741,-25,-3472
6228,15736,2504,-2289,-665,-393,-3472
-10238,-11872,32767,2864,-1191,42,-3472
8504,-2262,-7904,-3958,2141,-395,-3456
-1512,166,25654,2910,-1444,16,-3488
-4164,-5116,19836,-301,709,249,-3456
5842,5530,-4544,-1057,785,164,-3456
1830,-1032,2970,-445,903,-532,-3456
-5810,-5372,12466,489,-378,141,-3456
2890,288,384,161,661,-205,-3456
3970,866,1268,-885,923,-647,-3456
-4776,-5692,14842,1347,-584,-213,-3440
1412,-1054,1938,-81,752,-14,-3488
7990,14210,-4300,-2970,36,-420,-3488
-12344,-7074,32767,3443,-1875,80,-3456
7834,-5364,-170,-3934,2694,-388,-3456
906,3384,15228,1494,-1088,88,-3456
-9188,-3458,30110,895,-1259,295,-3456
6986,4762,-164,-1667,1094,-75,-3456
3000,620,11436,-601,427,-389,-3472
-6186,-4380,14854,576,-1361,93,-3472
3562,168,1550,54,770,-291,-3472
3290,-324,-682,-1029,372,-491,-3504
-5114,-5328,18290,1668,-1270,-90,-3472
2220,-2372,1522,-270,884,-23,-3472
8174,10882,-8190,-2916,-242,-351,-3472
-11624,-4700,32767,3737,-2303,63,-3440
7434,7364,-15972,-3877,2810,-449,-3440
2950,4294,7800,1714,-1108,75,-3472
-9840,-1994,32767,511,-689,216,-3456
6918,3272,1514,-1588,978,76,-3456
866,-2448,-906,-545,977,-371,-3456
-2766,-716,12522,891,-1787,115,-3488
3932,462,3042,-91,621,-313,-3456
3162,-638,-1768,-1200,1187,-626,-3456
-5054,70,16678,1553,-1854,-31,-3456
1736,-2304,4052,647,195,-35,-3472
9408,8078,-10826,-4024,1718,-563,-3440
-10726,-2762,32540,4565,-3715,72,-3472
6902,-9020,10690,-2876,3319,-471,-3472
4052,4578,-11890,-1928,2046,126,-3472
-3864,2086,8818,2353,-2470,459,-3472
7420,2120,2296,-1649,1955,-316,-3440
-628,-3396,686,-433,1432,-197,-3504
-1468,-646,8694,745,-1265,22,-3456
2454,3708,11964,146,542,-460,-3456
1536,-2846,-1560,-839,1952,-557,-3488
-2970,1448,11288,968,-1480,-54,-3456
-3870,6218,23914,1850,-1260,-131,-3488
4704,-14996,-4,-3469,3768,-577,-3456
-7866,200,21390,3054,-3116,220,-3488
3920,-7144,19038,-89,1051,-264,-3456
1074,-134,-7978,-1938,1994,101,-3456
-1398,2398,-58,1632,-2618,408,-3456
5510,2464,9016,-1440,1128,-411,-3456
-4060,-5078,2456,-456,595,-110,-3488
3348,-328,1804,433,-1154,-96,-3456
2426,1138,8524,114,25,-413,-3504
854,-4954,20,-426,1508,-386,-3456
-150,1440,6146,367,-1199,16,-3488
-3066,9770,22460,1874,-1742,-67,-3472
8198,-4740,-12656,-2772,3477,-545,-3472
-2550,4498,6952,1937,-2611,128,-3472
444,-6380,27532,974,155,-223,-3472
1814,-2534,-3490,-2192,2486,39,-3472
-7880,2112,23108,1896,-2542,461,-3472
5524,200,12320,-1070,967,-410,-3472
-2634,-5218,3422,-439,1110,-103,-3440
1588,-200,1298,468,-1248,-18,-3408
2506,1876,11130,187,-150,-420,-3456
260,-6224,1740,-501,1855,-433,-3456
334,2312,2308,399,-1365,-27,-3456
426,11484,18028,1774,-1960,-164,-3456
7478,-8346,-10060,-2698,3734,-553,-3456
1242,6332,-1072,1598,-2387,215,-3456
114,-4300,28042,943,470,-313,-3488
3406,4770,-8486,-1843,2486,136,-3472
-5344,2402,14810,1485,-1924,440,-3456
5558,-114,13164,-785,1277,-403,-3456
-4030,-6088,5796,-521,1595,-207,-3472
-2806,-94,10676,669,-993,12,-3504
2642,2984,11608,25,339,-484,-3472
-1560,-6154,5460,-198,1751,-460,-3472
920,1248,1346,204,-798,-76,-3472
-3184,4304,21674,1491,-1855,-167,-3472
5114,-12578,-3474,-1943,3540,-411,-3440
3726,9304,-7558,-188,-1496,57,-3488
-796,-1494,27684,1814,-356,-116,-3488
-4384,-5522,10820,-1686,1906,129,-3456
-3156,3198,3576,790,-1507,283,-3456
4664,1668,13742,-948,585,-522,-3456
-6774,-6098,10304,-152,148,17,-3488
1788,-222,4530,244,-637,-147,-3472
1680,4556,13862,-119,-429,-448,-3456
-1806,-7558,9064,268,917,-296,-3488
3030,1414,-2178,-372,-521,-24,-3440
-4654,3772,25048,1840,-2421,-135,-3472
5040,-15388,-2754,-1770,3390,-375,-3472
5792,10508,-12868,72,-1482,54,-3472
-2638,-1058,29854,2392,-1279,-186,-3472
2974,2388,-10046,-2083,2732,27,-3472
-2162,4024,872,1083,-1845,387,-3472
4470,-132,16538,-576,597,-489,-3440
-5282,-5544,10254,-449,984,-82,-3472
474,-334,5544,413,-927,-53,-3440
2640,4764,13356,-228,-160,-493,-3488
-2778,-6548,11346,147,1285,-367,-3456
1756,290,-204,-291,-719,-25,-3488
-3162,7746,23888,1233,-2226,-194,-3456
2756,-17426,4950,-1262,3226,-330,-3456
8056,10454,-16080,-803,-1020,6,-3456
3128,-8158,24564,2218,-765,-269,-3504
2298,-674,-7856,-2044,3129,128,-3456
-126,4158,-3286,992,-1330,414,-3456
4054,386,15228,-391,896,-457,-3488
-1820,-5512,80,-366,1524,-110,-3440
1500,-550,1412,582,-580,-13,-3504
2868,4846,12764,-83,77,-574,-3472
-4672,-6004,14814,298,1488,-343,-3472
-384,2470,4294,-342,-218,-83,-3472
-2436,11080,22594,900,-2076,-172,-3472
46,-17036,13770,-907,2868,-286,-3472
6900,9966,-14992,-1276,-821,-27,-3472
904,-5482,27804,2523,-1131,-129,-3472
-514,-4412,-2318,-1557,2070,79,-3472
1674,3780,-6012,525,-1123,309,-3440
3544,1478,10882,-835,329,-516,-3472
-5084,-6388,4102,-26,15,12,-3472
4596,-506,-1672,77,-144,-183,-3440
2574,5068,10610,-170,-345,-454,-3472
-5256,-5068,18094,461,636,-219,-3440
896,2110,1858,-563,33,-9,-3504
-1718,13034,20320,422,-2287,-181,-3472
-2180,-17430,21616,-482,2403,-237,-3456
7658,7174,-16412,-1860,-299,-111,-3456
-1966,-4490,32767,3274,-1960,-104,-3456
640,-4772,1442,-1889,2587,67,-3488
2494,6830,-6736,665,-1305,371,-3488
3034,70,11700,-481,471,-518,-3456
-3298,-5080,4488,-217,534,14,-3456
2110,-466,194,358,-497,-60,-3456
4222,5076,8192,-505,-30,-526,-3456
-772,-7378,5008,494,804,-276,-3472
1062,2106,-56,-711,-202,-61,-3440
2400,14240,13486,565,-2132,-242,-3440
-5716,-15530,29830,-227,2302,-241,-3472
4992,8814,-9502,-2156,36,-119,-3472
-1940,-2378,31584,2997,-1401,-108,-3472
-592,-5208,7148,-1622,2562,149,-3440
4232,6508,-6194,439,-713,311,-3440
4594,-920,14834,-415,1021,-481,-3472
-3966,-5542,6434,51,713,-4,-3504
1902,-432,1280,653,-325,-62,-3488
3996,2432,4570,-551,621,-603,-3456
-3000,-5724,9914,735,421,-278,-3488
790,176,2290,-356,204,-75,-3456
5174,15276,4390,-484,-1500,-283,-3456
-9280,-11240,32767,754,1377,-132,-3424
6122,10148,-12964,-2858,622,-177,-3488
-1416,1022,25374,2744,-1532,29,-3488
-5908,-4626,19074,-840,990,138,-3456
-782,2726,-1278,175,-559,177,-3472
3338,794,13080,-802,447,-468,-3488
-5342,-5008,10898,350,-629,67,-3456
3022,-506,1660,214,198,-221,-3456
3796,728,1788,-621,139,-478,-3456
-3236,-5822,13938,1124,-502,-202,-3456
1786,-1250,1200,-493,551,-16,-3456
6506,12634,-1094,-1259,-1301,-247,-3456
1450,-16186,10238,1275,660,-90,-3440
6776,9326,-14280,-3421,1465,-316,-3488
524,1982,17684,2630,-1564,16,-3488
-7180,-3538,26428,-745,846,150,-3440
258,5160,-3050,-552,-126,203,-3472
3588,66,12730,-479,540,-508,-3472
-5550,-3742,13374,141,-322,71,-3440
3160,208,2926,172,6,-144,-3472
3932,4572,9102,-854,406,-569,-3472
-5530,-4242,17322,1061,-683,-184,-3440
1508,-2126,4044,-370,498,-45,-3504
8684,9756,-7024,-2124,-606,-367,-3440
-2768,-15682,20938,2537,-870,3,-3472
8846,6280,-14124,-3694,2239,-434,-3472
2344,4188,9358,2237,-1095,58,-3440
-8576,-1462,30644,-279,666,265,-3488
2476,4890,-4676,-807,593,161,-3456
2756,-502,9636,-426,1094,-479,-3488
-6214,-2954,16162,582,-430,83,-3488
3250,432,4356,184,621,-199,-3488
4034,3910,6208,-858,912,-670,-3456
-7376,-3332,20886,1469,-871,-191,-3456
884,-2444,6582,-195,860,-13,-3456
2952,13978,10684,-2062,-497,-372,-3472
-6852,-13332,30992,3099,-1659,92,-3456
8136,2808,-9774,-3595,2056,-357,-3472
2792,5500,1240,1723,-987,82,-3472
-4814,-5288,12904,553,-780,300,-3472
5218,3714,-3502,-1047,765,23,-3472
1488,-1376,3312,-888,739,-425,-3440
-4514,-2748,15458,1054,-1813,92,-3472
4232,-216,-1074,-51,867,-318,-3504
3948,2372,2714,-1021,673,-565,-3456
-6908,-1840,22172,1565,-1345,-90,-3472
-122,-2652,10156,-24,792,4,-3472
4916,14942,3828,-3225,125,-393,-3440
-9610,-10612,32767,4032,-2628,90,-3440
7428,-3096,-5812,-3757,2924,-453,-3504
5268,7242,-7494,1531,-911,111,-3472
-5452,-4902,22594,1003,-1400,267,-3504
5996,5920,-3622,-1863,1173,-25,-3440
1996,-1198,2274,-513,727,-441,-3472
-5632,-1096,17636,752,-1591,141,-3472
2940,-94,476,10,646,-260,-3456
5180,2002,194,-1336,823,-595,-3488
-8210,-932,23116,1800,-1608,-94,-3488
-962,-1702,16228,-15,613,-40,-3456
8640,13330,-4552,-3615,792,-511,-3488
-12010,-7812,32767,4250,-3136,78,-3456
8646,-5704,-924,-3576,3244,-451,-3488
4802,6424,-9246,992,-312,132,-3456
-7530,-3034,28230,1221,-1281,387,-3456
6814,3800,-1406,-1845,1635,-43,-3488
1452,-2120,-384,-648,1312,-427,-3456
-6978,-4514,16730,852,-1231,125,-3440
3258,344,1516,31,1048,-327,-3488
3646,-480,-1042,-1107,1426,-660,-3456
-6344,112,17950,1626,-1426,-153,-3472
1218,-2030,3628,655,388,19,-3472
9426,9962,-9916,-3957,1591,-548,-3504
-12146,-3924,32767,4495,-3441,143,-3440
7382,-7392,6756,-3316,3116,-422,-3440
2128,4908,7544,132,-209,136,-3440
-10076,-476,32767,1653,-2306,429,-3472
6328,3418,4778,-1744,1291,-256,-3472
-1200,-5016,-1506,-772,964,-271,-3472
-6104,-3660,17548,1013,-2097,25,-3472
3042,-356,3970,95,990,-358,-3456
3108,-2300,-3706,-1387,864,-537,-3456
-3300,1340,13754,2041,-1980,-27,-3456
2174,-3486,3420,762,361,-16,-3504
8932,8646,-13518,-4287,1736,-496,-3472
-10478,-2488,32767,5000,-3999,66,-3440
4834,-8980,14332,-3364,3223,-473,-3456
4500,5608,-174,408,-239,96,-3456
-10774,-270,32767,1748,-2265,382,-3488
6572,2028,4784,-2122,1522,-137,-3424
112,-3052,-1012,-354,780,-376,-3456
-6788,-2328,19356,778,-1635,101,-3456
3808,960,5024,47,561,-299,-3456
2462,-3576,-1624,-1273,1311,-618,-3488
-7898,-2718,22372,1557,-1774,-30,-3472
920,-3144,8510,1116,-162,-37,-3488
9918,3738,-14420,-4320,1856,-570,-3472
-8338,234,23290,4780,-3772,116,-3472
8372,-306,-10878,-3019,3290,-408,-3440
5488,6798,-5302,-81,287,108,-3472
-10762,252,32767,1872,-1978,377,-3440
7208,510,5846,-2103,2013,-165,-3472
1778,-656,6414,-340,1067,-340,-3472
-6340,-1032,17560,692,-1152,77,-3440
3764,1594,6314,-30,824,-389,-3440
110,-4204,790,-909,1553,-569,-3440
-7416,-1212,20176,1346,-1384,-78,-3456
-1050,-948,13024,1151,-102,-39,-3488
8304,-2660,-11606,-3738,2264,-564,-3488
-4302,2624,10708,4222,-3412,129,-3456
7996,-3048,-2814,-2099,2397,-359,-3488
2792,5820,-6020,-836,628,94,-3456
-7514,2392,21032,1604,-2381,492,-3488
6452,4758,-104,-1738,1193,-282,-3472
168,-3048,1730,-671,856,-221,-3456
-2286,-1072,11420,835,-1847,-18,-3488
2442,2016,10384,86,489,-392,-3456
3486,146,180,-925,1180,-491,-3472
-5066,-898,18152,1194,-1674,16,-3456
-2394,-244,16264,1512,-611,-37,-3488
7372,-7420,-10636,-3791,2636,-586,-3456
66,6518,1164,3656,-3418,145,-3440
6774,-6908,2776,-724,1577,-354,-3472
4082,6502,-9500,-1610,1551,57,-3440
-6810,1836,18296,2155,-2671,435,-3440
5650,-316,12720,-1720,1370,-305,-3456
274,-2758,2216,-435,940,-253,-3456
-2634,-280,12134,726,-1582,60,-3424
2586,3028,11104,123,175,-389,-3456
-432,-6464,4558,-831,1731,-488,-3488
-4914,426,16108,890,-1678,3,-3424
-2654,1708,20916,1757,-1300,-122,-3456
6272,-10574,-7020,-3728,3482,-614,-3456
-10576,-4004,31804,3829,-3440,154,-3472
7510,-8160,7384,-511,1754,-390,-3456
3212,4338,-9320,-1391,1559,172,-3472
-4396,2134,10874,1937,-2198,476,-3472
7568,2376,2696,-1485,1738,-324,-3472
-788,-3572,1350,-545,1468,-261,-3472
-1396,-132,8372,797,-1211,43,-3472
3080,3876,11092,-77,611,-469,-3472
1064,-3462,0,-394,1789,-491,-3472
-2448,1500,9716,101,-781,-86,-3472
-3714,5534,22614,1868,-1863,-139,-3472
4140,-14800,-20,-2458,3699,-487,-3472
5188,10444,-10760,2032,-2692,175,-3488
4820,-7524,15868,727,618,-220,-3456
1304,664,-8570,-2069,2138,82,-3456
-1700,2982,82,1443,-2309,385,-3488
3868,1480,13724,-1134,803,-457,-3456
-3830,-5732,1384,-348,613,-57,-3488
3290,-110,2068,386,-960,-148,-3424
1424,5006,13988,58,-291,-434,-3456
1414,-5116,-1546,-429,1610,-379,-3472
-410,2490,5876,-41,-919,-27,-3456
-4318,6982,24700,2030,-1980,-83,-3472
3170,-16536,4238,-2818,3666,-519,-3472
-5730,1736,15704,1937,-2524,144,-3472
2680,-7358,23310,1560,-509,-258,-3456
1988,-458,-6382,-2126,2603,24,-3456
-934,4830,-2598,1382,-2221,425,-3456
5802,562,10960,-925,909,-447,-3472
-2012,-4412,1302,-517,1144,-126,-3456
1494,-258,2946,553,-1180,2,-3488
2688,5158,12646,11,-185,-461,-3440
1002,-5668,-370,-189,1634,-413,-3472
-566,2318,5080,33,-1106,-11,-3440
-2638,9824,23290,1858,-2125,-160,-3440
1288,-18018,10546,-2326,3858,-489,-3440
-2780,3856,8208,789,-1998,135,-3440
1318,-7214,28258,1703,-337,-284,-3440
1626,-2328,-5096,-2252,3122,148,-3440
682,4644,-4788,1636,-1925,451,-3440
6184,-636,11520,-668,1357,-455,-3472
-2980,-5798,2040,-471,1535,-148,-3456
2082,-282,528,694,-981,-21,-3488
3410,4852,10862,-58,201,-538,-3456
-508,-6218,1302,-59,1830,-400,-3456
252,2678,2906,-35,-787,-57,-3456
-1204,12718,20364,1559,-2023,-167,-3456
-2040,-16832,19488,-1873,3605,-402,-3456
-60,6366,-810,98,-1637,89,-3456
-202,-4098,30064,1949,-700,-174,-3488
-1578,-5102,1854,-1974,2461,72,-3456
-5778,2848,13226,1344,-2069,416,-3472
4754,1312,14902,-1039,706,-476,-3440
-5948,-6482,5850,-339,462,-61,-3472
4658,-32,-1634,380,-743,-131,-3472
1510,3160,13058,52,-414,-465,-3440
18,-7456,3620,-44,1375,-317,-3472
1734,2026,32,-234,-722,-5,-3440
234,15054,16336,1510,-2501,-79,-3472
6646,-13892,-8460,-1279,3186,-379,-3472
4138,9678,-10220,-714,-1033,21,-3440
-2640,-2292,32767,2848,-1679,-150,-3440
-1216,-5948,8780,-2132,2943,37,-3440
-4124,2780,6892,1134,-1750,403,-3472
4446,-382,17296,-442,322,-515,-3456
-4128,-5736,7624,-228,690,-18,-3456
2416,278,-1138,304,-770,-52,-3472
1672,3876,14060,-134,-326,-505,-3440
-806,-7682,6384,201,1212,-300,-3472
1464,1468,-1258,-477,-395,-51,-3472
4896,14828,7916,618,-2184,-248,-3472
4758,-15340,-1324,-425,2502,-237,-3472
6928,9616,-13694,-1885,-203,-47,-3472
-1540,-378,27552,2785,-1259,-122,-3472
-2940,-5338,15202,-1491,2563,140,-3472
-1532,3174,1562,401,-741,377,-3472
4260,22,15168,-471,920,-473,-3424
-5022,-5534,9966,-119,1094,-49,-3488
2516,-138,436,563,-310,-59,-3456
2842,4338,11476,-291,354,-578,-3424
-3290,-6116,11188,509,837,-317,-3456
942,-546,1812,-307,92,-76,-3456
7060,14184,-24,-58,-1650,-238,-3424
1630,-16394,8410,322,1785,-141,-3456
6910,10412,-13998,-2472,214,-182,-3456
-842,1544,21294,2741,-1338,7,-3488
504,-2254,-5592,-1347,1596,112,-3472
418,3510,-2828,398,-874,215,-3472
3208,876,11562,-1013,562,-486,-3440
-5486,-4468,12246,217,-368,74,-3472
3490,-1018,1974,206,-37,-214,-3472
2394,5086,10302,-510,-94,-470,-3440
-4250,-5592,16506,840,10,-227,-3440
1954,-1966,1740,-687,367,-20,-3440
-2084,10830,20200,-249,-1942,-196,-3472
-312,-16226,15596,774,1225,-138,-3472
7220,8166,-14682,-2219,109,-155,-3488
1418,3236,12768,3011,-1678,-50,-3456
852,-3338,252,-1321,1656,68,-3488
1442,5484,-4632,19,-702,281,-3456
3094,-50,11770,-494,467,-494,-3456
-5714,-3266,14948,46,-34,49,-3472
1718,-174,1910,267,-102,-129,-3472
4278,4628,7876,-882,323,-572,-3472
-6412,-3510,19228,889,-194,-228,-3424
1174,-2628,6052,-496,314,-49,-3488
2254,13398,13022,-1129,-1290,-334,-3456
-4486,-14882,25894,1360,572,-57,-3456
8514,4750,-13062,-3342,1281,-299,-3456
3270,4534,5304,2799,-1289,2,-3456
-348,-4766,5836,-684,1288,193,-3456
2940,5528,-4984,-474,190,241,-3488
2648,122,8524,-494,1006,-500,-3456
-4414,-6238,7244,345,169,84,-3440
2380,-454,-40,217,352,-189,-3472
3938,2878,5346,-514,601,-627,-3472
-7452,-2500,20472,1045,-166,-232,-3472
1046,1128,1272,-282,643,-19,-3504
4294,13344,7108,-1602,-702,-356,-3472
-8176,-11554,32352,1924,-289,21,-3472
8196,880,-7034,-3252,1400,-313,-3472
176,118,23174,1745,-952,35,-3440
-5946,-4812,16340,258,-336,252,-3472
5386,3690,-2028,-764,452,86,-3440
1884,-1528,1920,-963,575,-504,-3456
-7104,-6314,13794,884,-1388,84,-3456
4238,-434,-898,-194,713,-290,-3456
4160,2016,1220,-612,47,-466,-3488
-6980,-1844,22336,1233,-729,-120,-3456
2706,-96,-824,-587,835,-31,-3488
5414,13922,2058,-1864,-994,-239,-3456
-10002,-9882,32767,2694,-1017,28,-3424
6980,10990,-15264,-3695,1651,-367,-3472
-756,1026,21740,2865,-1569,26,-3472
-5954,-4490,23606,-368,384,151,-3472
6094,5762,-2718,-824,234,176,-3472
4540,202,13914,-498,524,-554,-3472
-6200,-5170,14440,448,-788,128,-3472
3416,278,666,-67,569,-225,-3456
4750,1862,206,-1034,327,-570,-3440
-4748,-6428,15950,1433,-871,-127,-3472
2550,-464,-498,-740,781,-9,-3472
8320,13348,-4456,-2235,-610,-428,-3504
-11902,-7642,32767,2827,-1250,35,-3472
8604,9124,-16646,-3971,2597,-418,-3472
858,2216,16070,2344,-1110,42,-3472
-7400,-2904,28452,162,5,283,-3472
7072,4512,-1378,-1322,1077,89,-3472
4092,-10,11790,-447,1042,-511,-3472
-6842,-4840,16130,604,-493,93,-3488
3406,350,1326,125,722,-173,-3456
3272,-1036,-912,-905,933,-663,-3456
-6600,-4746,18676,1507,-912,-175,-3456
1650,-1918,3520,-246,832,-54,-3456
9036,11040,-9436,-2903,-100,-388,-3456
-3674,-17106,24256,2952,-1155,68,-3472
8130,6836,-15254,-4021,2791,-402,-3456
2084,4666,7334,1794,-1220,135,-3456
-10050,-1150,32767,350,-614,262,-3440
3692,4704,-6828,-1287,893,-8,-3440
2228,216,7700,-748,440,-420,-3440
-5808,-3382,16702,714,-1456,79,-3472
3098,284,3562,-44,813,-299,-3472
3226,4720,7952,-1047,312,-536,-3472
-6492,-4372,21644,1725,-1291,-80,-3472
1666,-2904,4052,-424,983,-3,-3472
8956,7606,-12378,-2783,-392,-292,-3472
-5124,-14958,29702,3580,-2062,48,-3472
7164,3588,-13740,-3981,2556,-394,-3424
4380,5732,78,2405,-1497,37,-3456
-10916,-722,32767,330,-572,206,-3456
4214,6848,-7024,-1548,877,74,-3424
2426,-374,8396,-212,338,-462,-3456
-6424,-2314,18130,268,-814,116,-3456
3622,994,4920,161,353,-189,-3456
2076,-3290,-704,-1144,1213,-578,-3424
-2826,1346,10912,1438,-1743,-56,-3424
796,-2482,8624,1043,-110,-24,-3456
9688,3400,-13890,-4375,2307,-609,-3488
-8408,704,23372,4704,-3915,140,-3456
8748,-690,-10900,-2925,3327,-471,-3472
5300,6646,-4956,-657,716,119,-3488
-10508,322,32767,2173,-2253,434,-3488
7256,514,6112,-2068,2014,-173,-3472
-1660,-4692,814,-407,1410,-241,-3472
278,-884,5106,806,-1232,14,-3472
3426,1490,7196,68,435,-475,-3472
586,-4282,-82,-596,1940,-505,-3440
-1412,1652,7256,676,-1290,-65,-3472
-2716,9570,22316,1846,-1432,-128,-3504
8336,-2820,-12522,-3356,3632,-609,-3456
-3998,3056,10286,2900,-3095,192,-3456
1674,-5896,25022,-58,971,-260,-3456
174,-2432,-4142,-1933,1968,62,-3456
-7898,1686,21716,1925,-2669,419,-3456
5450,1578,10514,-1506,1232,-456,-3456
-4896,-5382,4178,-367,540,-87,-3456
-2162,-1112,11540,539,-1337,-95,-3472
2436,2224,9650,25,-35,-443,-3456
108,-6000,2778,-385,1467,-390,-3456
648,1836,3256,504,-1371,-24,-3472
-2834,-78,17322,1973,-1676,-60,-3440
7490,-8410,-10738,-3073,3468,-564,-3440
258,6602,-142,2436,-2800,144,-3472
-936,-5044,29932,584,441,-290,-3472
4304,6484,-9474,-2080,2236,23,-3440
-6466,2012,17130,1960,-2602,462,-3440
5316,-2,13066,-1207,1153,-431,-3472
-3452,-5144,5686,-403,947,-138,-3440
-2278,298,11246,439,-1258,0,-3472
2432,2964,11680,77,10,-442,-3456
-724,-6434,4876,-498,1707,-425,-3456
824,1342,1394,260,-1155,-26,-3504
-2750,3516,21272,1379,-1971,-187,-3472
5644,-11898,-4156,-2090,3445,-481,-3472
4260,8186,-7032,692,-1901,136,-3472
-702,-1910,26912,1412,92,-261,-3440
2810,2470,-7902,-1775,2649,136,-3440
-3428,2694,7548,1311,-1624,442,-3440
5048,-68,13028,-691,1199,-429,-3472
-4650,-6080,8800,-334,1323,-113,-3440
-924,-238,6844,519,-600,-19,-3472
2572,3946,11966,7,269,-531,-3456
-2636,-6130,9216,26,1592,-380,-3456
930,456,964,-59,-535,-107,-3488
-3510,6812,23232,1358,-2042,-182,-3456
3386,-15598,3112,-1524,3363,-367,-3456
5836,10624,-11976,-43,-1558,49,-3456
4198,-6798,18312,1443,2,-195,-3472
412,-976,-6778,-1651,1948,106,-3456
-962,2848,-1784,744,-1420,321,-3456
4244,1750,12210,-927,492,-531,-3456
-4232,-6082,2056,-229,334,-6,-3440
3616,126,462,122,-510,-151,-3472
1692,5206,13720,5,-502,-424,-3472
-3270,-6560,13866,-24,1225,-290,-3440
0,2702,4582,-391,-548,-45,-3472
-4128,8416,24748,1533,-2439,-127,-3440
2132,-17096,7982,-1450,3152,-335,-3440
7336,10466,-15966,-340,-1213,23,-3440
1150,-6836,27314,2499,-1319,-140,-3472
1860,-1762,-5050,-1941,2586,52,-3472
-102,5082,-4968,1124,-1949,399,-3488
4120,454,14108,-629,583,-487,-3424
-2190,-4562,1658,-510,1111,-83,-3456
1754,-178,1494,482,-993,-34,-3456
3458,5746,11660,-222,-195,-478,-3488
-5378,-5676,17558,283,1174,-350,-3456
224,2500,2338,-519,-526,-24,-3456
-1470,11374,21390,1382,-2363,-193,-3456
-694,-18066,16364,-1271,3282,-367,-3456
9012,9518,-17614,-928,-925,39,-3456
116,-6208,31436,2732,-1172,-193,-3488
1130,-3824,-2196,-1997,3087,124,-3488
1594,5136,-6402,991,-1278,404,-3488
5708,-546,13514,-548,1154,-475,-3472
-3412,-5966,2840,-171,1220,-63,-3456
2240,-192,-190,527,-434,-78,-3456
3776,4418,9444,-302,272,-605,-3488
-1230,-6604,3160,387,1265,-322,-3440
596,2308,1862,-331,-228,-83,-3472
264,13960,16988,722,-1978,-200,-3472
-3958,-15766,24838,-648,2681,-231,-3440
1754,7894,-5346,-1547,-604,-64,-3440
-644,-2376,29628,2488,-1187,-71,-3504
-3036,-6082,6840,-1367,1868,101,-3440
3884,4118,-6396,262,-877,279,-3472
4344,1890,15998,-823,271,-491,-3472
-6264,-6490,8132,37,-148,44,-3472
4810,-174,-2242,118,-277,-145,-3456
3668,3958,6522,-176,-395,-465,-3456
-946,-7160,6350,386,780,-269,-3488
2076,1212,-778,-553,-50,16,-3488
1512,15210,12640,749,-2379,-180,-3488
-6398,-14678,32767,-311,2257,-231,-3456
5096,10534,-11912,-2037,-181,-113,-3456
-2720,-1816,31350,3263,-1927,-104,-3456
-1680,-6092,11034,-1776,2462,44,-3488
-3446,3204,5286,943,-1630,395,-3440
4600,-172,16912,-518,512,-547,-3472
-4454,-5646,8436,-293,764,-28,-3472
2716,492,-942,284,-660,-67,-3472
2032,4246,13796,-230,-208,-490,-3440
-1450,-7570,7674,252,1000,-260,-3472
1612,1302,-1358,-578,-308,-29,-3472
4788,15194,7546,682,-2184,-256,-3440
4498,-16064,-1004,-348,2398,-266,-3472
7500,10372,-14982,-2153,0,-97,-3472
-2208,-400,28862,3058,-1554,-107,-3440
-2750,-5750,15418,-1482,2402,192,-3488
5630,6818,-6344,151,-489,276,-3456
3820,-1068,16108,-284,907,-497,-3488
-4528,-5336,8424,51,616,25,-3488
2432,88,912,608,-41,-115,-3424
3198,4456,10248,-752,701,-620,-3440
-4008,-5574,12734,943,163,-269,-3440
874,-1132,2888,-324,326,-49,-3440
7498,14030,-1716,-929,-1275,-336,-3472
880,-16998,10764,1285,792,-60,-3440
6990,9920,-14468,-3249,1032,-237,-3472
-26,2334,18584,2575,-1482,49,-3472
-7550,-3576,24596,-740,708,148,-3440
926,3784,-2752,-322,-154,128,-3440
2898,388,11258,-788,567,-475,-3472
-5162,-4476,12034,386,-841,102,-3472
3058,110,2416,264,132,-231,-3456
2486,4040,9866,-525,97,-463,-3456
-4378,-5062,16092,961,-360,-183,-3456
1892,-2316,2550,-452,448,-13,-3456
7730,9780,-5872,-1316,-1364,-276,-3456
-1588,-15160,18684,1803,98,-19,-3456
7014,6864,-13660,-3313,1402,-335,-3456
2018,4068,10098,2637,-1619,6,-3456
-8480,-2584,30640,663,-794,283,-3440
6824,3980,1020,-1600,790,6,-3440
2722,-300,11180,-262,582,-424,-3472
-5556,-2658,14304,300,-939,99,-3440
3350,492,4244,176,258,-221,-3504
2440,-1814,316,-1119,928,-612,-3472
-6400,-3254,18958,1336,-1383,-93,-3472
1000,-2624,6830,478,187,2,-3472
9238,6650,-10074,-3543,1055,-516,-3472
-10202,-2300,29536,4401,-3636,159,-3488
6952,-8630,10298,-2178,2877,-450,-3456
3072,3468,-9466,-641,745,161,-3456
-9460,-626,31640,1943,-1996,451,-3456
7430,2224,3388,-1808,1855,-220,-3456
-1296,-3958,1718,-494,1370,-305,-3488
-672,-284,7262,821,-1253,67,-3488
3384,800,5918,58,641,-409,-3456
1242,-3252,-712,-870,1770,-559,-3488
-2516,1054,10218,473,-1047,-61,-3456
-3200,7170,21890,1521,-1594,-142,-3488
3476,-14436,2696,-2327,3511,-472,-3456
-6740,672,18338,1949,-2623,184,-3472
3882,-6768,18526,642,562,-247,-3472
426,-1226,-5934,-1810,2033,96,-3472
-1242,3042,-466,1451,-2296,427,-3472
5880,2122,9142,-1213,966,-475,-3440
-4568,-5630,2900,-410,499,-90,-3440
3420,-178,1314,369,-988,-124,-3472
2424,4992,12020,12,-275,-456,-3472
962,-5676,-118,-206,1487,-385,-3504
-74,2670,5038,52,-997,4,-3440
-3674,9680,23700,1828,-2180,-79,-3472
1422,-17552,10400,-2670,3649,-532,-3456
-3190,4228,7478,1558,-2420,131,-3456
872,-6786,27896,1322,-220,-255,-3456
1426,-2140,-3988,-2227,2702,65,-3424
-6,4886,-4174,1710,-2427,437,-3456
5686,262,12930,-872,827,-454,-3456
-2866,-5420,3060,-502,1142,-106,-3456
2240,344,-196,518,-1212,13,-3456
2868,1642,11234,146,-180,-460,-3472
426,-6642,352,-248,1764,-405,-3456
326,2284,2750,356,-1374,-15,-3472
-876,12004,20704,1778,-2076,-181,-3472
7582,-7982,-11804,-2445,3785,-483,-3504
944,6194,-858,1058,-2061,177,-3472
-70,-4338,29674,1425,-60,-268,-3472
700,-4658,410,-2081,3006,140,-3504
-5904,2380,16370,1517,-1882,461,-3440
5240,-588,14466,-665,1196,-447,-3472
-3804,-5940,4464,-509,1570,-160,-3440
2330,-458,-446,669,-849,-27,-3472
2806,3596,11570,-140,217,-541,-3408
-1396,-7124,4596,192,1617,-388,-3472
1016,1824,478,-223,-490,-37,-3440
1926,14712,13040,1382,-2196,-154,-3472
6324,-13044,-6702,-1326,3393,-334,-3440
3534,9258,-8620,-595,-1248,68,-3440
-1402,-1948,30242,2260,-872,-141,-3440
-3638,-5834,8846,-1813,2219,100,-3440
-3450,2832,4330,766,-1371,315,-3472
4352,1540,15302,-893,446,-520,-3456
-6688,-6968,9624,-177,420,-36,-3456
4660,-442,-2360,172,-543,-172,-3488
4064,4336,5296,-550,-318,-485,-3456
-984,-7906,7772,797,180,-223,-3440
2754,1704,-2846,-1018,702,-36,-3488
2328,15654,10388,-489,-2016,-196,-3456
-7276,-13318,32767,613,1470,-96,-3472
6354,10436,-13970,-2968,847,-217,-3472
-2954,-1300,31240,3478,-2189,-4,-3472
-2896,-6502,15246,-1240,1632,69,-3504
4976,6872,-6838,-304,-382,273,-3472
3952,-590,17698,-266,216,-484,-3472
-4620,-4978,8472,-133,227,20,-3472
2796,390,-48,308,-160,-106,-3472
4792,3608,4010,-876,76,-558,-3440
-2244,-7278,10850,1104,-188,-206,-3472
1494,20,-364,-833,280,-20,-3488
6484,15852,2948,-527,-1809,-286,-3456
-10536,-10980,32767,1000,1251,-95,-3488
8362,10916,-17138,-3426,1168,-245,-3456
-1586,438,25368,3356,-1768,-6,-3424
-4566,-5310,21380,-1137,1831,172,-3456
5864,6036,-5146,-270,81,265,-3456
3852,-534,15112,-357,802,-481,-3456
-5080,-5298,10998,210,297,30,-3456
2702,72,864,349,208,-165,-3488
3038,4106,10762,-527,548,-621,-3440
-4224,-5318,13382,1060,-185,-216,-3456
1020,-1216,2566,-167,558,-12,-3456
7868,11562,-3286,-1934,-624,-393,-3456
-376,-15974,14500,1746,124,-7,-3440
6916,8498,-13186,-3451,1759,-289,-3456
1600,4098,12918,1750,-1116,59,-3424
-8884,-1886,28390,288,-403,274,-3424
1840,3088,-4798,-717,329,107,-3440
2968,884,9328,-866,544,-500,-3440
-6136,-4066,15636,694,-1291,103,-3440
3080,-454,3598,28,635,-267,-3472
2716,4656,8910,-734,160,-472,-3440
-5162,-4282,18636,1253,-813,-159,-3472
1764,-2462,2968,-363,788,5,-3472
8224,9790,-7838,-2023,-862,-272,-3440
-2680,-15954,22304,2764,-1138,20,-3472
7364,6422,-13934,-3696,1736,-385,-3456
2216,4202,8656,2891,-1680,47,-3424
-9150,-888,31778,-399,407,143,-3456
2204,5418,-4388,-726,204,134,-3424
3148,-292,9830,-597,633,-509,-3456
-6068,-2748,16180,605,-1454,115,-3456
3526,238,4904,144,492,-287,-3456
2616,-1604,-926,-1259,1126,-557,-3456
-7012,-3604,20646,1563,-1520,-95,-3440
1322,-2450,6202,356,291,2,-3472
9214,5934,-11268,-3587,1154,-547,-3472
-9030,-2120,27002,4191,-3031,87,-3440
8422,2264,-11600,-3110,3129,-461,-3440
3602,5148,2308,572,-192,136,-3440
-9392,246,31488,1881,-2089,463,-3472
7328,1680,4622,-1677,1758,-241,-3488
-1528,-3864,1822,-549,1323,-288,-3488
-348,-450,6458,767,-1229,64,-3456
3446,896,6078,138,692,-418,-3424
606,-4498,-38,-724,1859,-535,-3456
-1528,1974,7274,935,-1335,-91,-3488
-3306,7742,22572,2014,-1435,-59,-3472
8900,456,-12566,-3780,3454,-624,-3456
5958,10570,-12094,1139,-2167,161,-3456
3656,-6830,19164,1207,213,-199,-3488
548,-1496,-6076,-1758,2077,109,-3456
-690,2838,-1264,1125,-1935,326,-3456
5504,1958,10512,-1089,780,-464,-3472
-4600,-5986,3100,-225,372,-18,-3456
3748,204,868,351,-852,-154,-3472
1894,4914,12928,52,-205,-400,-3472
860,-5348,68,-258,1363,-361,-3440
242,2436,4278,16,-888,-18,-3472
-3658,9068,23126,1764,-2211,-126,-3472
1364,-17076,10066,-2136,3452,-438,-3440
-3006,4076,8550,822,-1981,92,-3472
674,-6376,27708,1786,-681,-238,-3440
1772,-2290,-4204,-2220,2688,15,-3472
306,5614,-4688,1430,-2207,379,-3472
5464,-286,12734,-860,911,-447,-3456
-2520,-4656,2514,-489,1166,-121,-3456
1884,-492,1854,587,-1205,1,-3488
3532,5230,10350,-128,-77,-451,-3456
-100,-6640,2676,16,1363,-398,-3488
468,2186,2068,-248,-817,-59,-3488
-656,11816,19086,1694,-2197,-175,-3488
7652,-7758,-11818,-2574,3832,-523,-3472
360,6026,742,426,-1788,96,-3456
18,-5436,30030,1870,-365,-309,-3456
996,-3960,-520,-2227,2966,161,-3440
-6400,2170,17682,1755,-1977,466,-3472
5832,-522,13104,-891,1432,-437,-3440
-4054,-6050,4422,-381,1515,-128,-3472
2408,-302,-256,687,-853,2,-3472
2634,3072,11706,-43,150,-541,-3472
-1250,-6892,3624,35,1678,-390,-3440
868,2398,1036,-109,-679,-97,-3472
464,14566,16520,1510,-2090,-159,-3440
6492,-11632,-8544,-1623,3515,-382,-3440
2722,8156,-6534,-172,-1442,68,-3472
-1150,-2478,30638,2170,-868,-146,-3504
-2944,-6234,7270,-1883,2434,90,-3472
-3816,3212,6204,891,-1557,337,-3472
4176,1354,16062,-875,476,-479,-3440
-6372,-6516,8562,-190,232,10,-3440
4852,-376,-2284,159,-384,-153,-3472
1412,4750,14626,-94,-519,-461,-3424
-1080,-7744,7080,135,1306,-315,-3488
2486,1384,-2006,-410,-514,-21,-3456
1706,15858,11850,-418,-2129,-188,-3488
-7092,-14742,32767,1217,832,-85,-3456
5776,10768,-13954,-2918,631,-221,-3440
-2564,-1360,30978,3437,-2111,-8,-3456
-2454,-6024,13594,-1036,1388,86,-3488
4548,6650,-6354,-89,-537,295,-3440
4302,126,17592,-447,221,-504,-3472
-4864,-5672,9540,14,88,77,-3472
2652,338,-880,78,-69,-129,-3504
4844,3932,4294,-578,-46,-547,-3440
-1918,-7290,8976,852,130,-198,-3472
1576,888,-922,-675,339,-31,-3472
6224,15048,4114,-1116,-1450,-335,-3472
-10166,-10798,32767,1573,398,-29,-3472
7966,10030,-15748,-3592,1599,-307,-3472
-860,836,24654,2939,-1460,-2,-3472
-4682,-4976,20580,-259,707,256,-3456
5892,5392,-4792,-1074,848,153,-3520
3836,-82,15218,-359,749,-491,-3472
-5448,-5454,11948,320,-40,33,-3440
2692,-252,392,255,460,-175,-3440
4008,1566,1206,-790,698,-632,-3472
-4064,-5794,13924,1313,-531,-210,-3472
998,-968,1606,-217,699,-22,-3472
8526,12602,-4642,-2376,-277,-385,-3472
-12568,-6630,32767,2907,-1270,46,-3472
7502,9288,-14710,-3809,2321,-360,-3440
712,3114,15210,1810,-1146,125,-3472
-8758,-2120,28184,457,-749,281,-3472
6590,4168,1632,-1146,701,-25,-3472
2980,930,9426,-847,662,-386,-3472
-5904,-4178,15106,809,-1548,51,-3440
3108,-408,2596,29,819,-286,-3472
3246,-750,-918,-958,377,-520,-3472
-5070,-4790,18200,1518,-1267,-114,-3472
1674,-2162,2788,-18,643,2,-3472
8232,9348,-8256,-2966,35,-374,-3472
-10386,-4010,32767,3284,-1756,44,-3456
7418,6134,-14280,-3762,2560,-448,-3456
2550,4630,7830,1986,-1335,109,-3456
-9442,-1334,32767,555,-807,250,-3456
6938,3176,2442,-1635,909,15,-3456
2858,-236,9884,-374,577,-434,-3456
-6112,-2318,16364,415,-1067,94,-3424
3436,748,4782,244,375,-236,-3456
4720,4130,5890,-1225,823,-611,-3472
-7372,-2824,21032,1535,-1563,-85,-3424
878,-2972,8370,96,470,-1,-3472
9500,5550,-11892,-3187,468,-463,-3440
-6684,-13770,31036,3628,-2300,85,-3440
8462,2476,-11098,-3690,2911,-443,-3440
3828,5366,1198,1469,-640,134,-3440
-9364,628,31300,790,-749,327,-3440
4090,4938,-4436,-1485,1312,17,-3440
2298,-518,5948,-539,1214,-454,-3472
-6558,-1880,17246,793,-1072,124,-3472
3734,982,6328,68,790,-312,-3472
4156,2198,3556,-883,1215,-638,-3456
-7506,-1610,20394,1446,-1171,-162,-3488
-456,-1178,11370,479,497,17,-3456
8334,-1108,-11336,-3325,1038,-476,-3456
-9682,-9766,32767,3812,-2684,108,-3456
8218,-1524,-4602,-3074,2565,-375,-3488
2502,5564,-3732,250,-293,101,-3456
-7582,2756,22594,1361,-1773,409,-3488
6166,4200,-492,-1522,1018,-193,-3456
722,-2330,1516,-872,930,-303,-3488
-3130,-1448,12658,1045,-2022,48,-3456
2542,1506,10248,26,706,-360,-3456
4026,-166,-222,-1014,1090,-541,-3456
-5992,-536,19284,1573,-1780,-25,-3424
-2158,-1016,15720,880,171,6,-3456
6914,12196,-3070,-3656,1112,-491,-3440
-10612,-7388,32767,4424,-3305,131,-3504
7594,-5516,628,-3094,2720,-496,-3472
4012,6418,-8342,357,-176,92,-3472
-7874,-3008,28246,1528,-1956,385,-3472
6602,4840,-128,-1861,1185,-128,-3440
1132,-1862,1240,-653,1010,-442,-3472
-3702,-144,14080,964,-1828,130,-3472
3712,180,1988,-53,661,-316,-3472
3956,-192,-1078,-1181,1299,-576,-3440
-6558,-404,19688,1698,-1925,-12,-3472
-1886,808,19414,600,266,-30,-3424
9414,9922,-8844,-3985,1764,-580,-3456
-11698,-4512,32767,4524,-3660,120,-3456
8210,-8290,5804,-2847,3264,-491,-3488
3734,5118,-10562,59,287,146,-3456
-9302,-1284,32564,1785,-1930,420,-3488
7782,2672,1014,-1945,1874,-172,-3456
-92,-3094,-92,-543,1346,-408,-3456
-7166,-3506,18000,949,-1417,114,-3472
3550,824,3184,24,948,-395,-3456
2192,-2964,-1612,-971,1774,-626,-3456
-3968,1620,12940,1496,-1688,-55,-3456
1126,-2872,7082,1246,-32,-21,-3472
9618,6648,-13456,-4464,2945,-624,-3488
-10424,-1428,28318,4700,-3897,146,-3456
5718,-7742,14136,-2107,2613,-332,-3456
3258,5938,254,-735,502,126,-3472
-9962,1166,32174,1783,-2582,461,-3472
5848,2720,8194,-1765,1276,-334,-3440
-2928,-5120,-134,-726,980,-202,-3440
2248,-616,3746,896,-1872,-32,-3456
2864,848,6260,105,502,-403,-3456
1904,-4748,-1792,-942,1520,-485,-3456
-1284,1940,8118,1228,-1847,18,-3424
456,-3820,9238,1727,-548,-8,-3472
9014,1466,-15528,-4156,3282,-601,-3456
-6684,1586,18808,4161,-3863,161,-3488
2398,-8106,24522,-1513,2161,-354,-3472
6018,7206,-7870,-1457,1318,2,-3440
-10482,1070,32214,2497,-2908,473,-3440
6098,206,9972,-1789,1459,-296,-3504
-950,-3924,-498,-560,1177,-270,-3472
-6134,-912,19354,824,-1755,62,-3440
3288,1316,7850,57,355,-373,-3440
1310,-5272,-810,-1007,1690,-506,-3472
-1018,2194,5928,1113,-1849,32,-3440
-542,-2498,13492,1672,-776,-58,-3456
9042,-2690,-15160,-4314,3336,-673,-3488
-3898,3388,10844,4410,-3925,179,-3424
1732,-7648,27694,-1419,2418,-421,-3456
5724,7422,-10042,-1591,1686,110,-3456
-9216,1318,26770,2395,-2539,453,-3424
6344,-428,10392,-1789,2044,-253,-3456
1210,-1488,2968,-458,1343,-265,-3472
-5442,-428,16438,864,-1358,55,-3424
3266,2230,8770,4,676,-449,-3456
-566,-5634,1860,-802,1718,-536,-3472
-6556,-634,18904,1069,-1454,-75,-3440
-2094,992,16676,1703,-857,-73,-3440
7398,-7768,-10352,-3620,3419,-609,-3440
16,6564,682,3455,-3373,185,-3440
7224,-6430,3646,-506,1453,-283,-3440
2916,4914,-10170,-1935,1755,78,-3504
-5932,2176,13578,2010,-2758,470,-3472
4750,1014,12828,-1722,1342,-418,-3472
-1678,-4004,1904,-405,562,-123,-3456
-52,-1014,8612,566,-1423,-74,-3424
1818,3634,11290,97,115,-438,-3456
-500,-6666,5648,-482,1494,-416,-3440
-3310,614,13588,482,-1341,-14,-3472
-3810,2684,21104,2013,-1699,-62,-3472
6292,-12786,-6052,-3061,3551,-579,-3472
3906,9544,-8212,3026,-3132,166,-3456
5216,-8240,12348,84,850,-270,-3456
3528,4234,-9618,-1928,2049,29,-3456
-4422,2796,8946,2079,-2660,452,-3488
5052,-332,13782,-1486,1349,-402,-3488
-1058,-3378,2288,-330,877,-177,-3456
-794,-368,7948,520,-1338,29,-3456
2674,3846,11344,56,21,-450,-3488
1732,-3138,-282,-567,1691,-475,-3472
-2484,874,11050,428,-1331,-27,-3456
-2692,6988,22056,1622,-1671,-158,-3472
3450,-14932,3294,-2807,3566,-600,-3472
-6232,596,17464,1930,-2540,151,-3472
4174,-7280,18660,674,746,-300,-3472
2480,-76,-6386,-1842,2505,136,-3472
-1338,3350,1470,1670,-1993,445,-3440
6600,522,7690,-1005,1499,-398,-3440
-2482,-4804,2750,-337,1302,-170,-3440
630,-674,4072,607,-839,-23,-3472
3238,4608,10120,4,321,-516,-3472
-298,-4832,1532,-200,1761,-479,-3456
-200,2130,4642,163,-793,-85,-3424
-1640,10450,20026,1619,-1883,-143,-3456
-210,-16122,14034,-2295,3648,-459,-3456
-2310,4116,5836,1194,-2228,157,-3456
1514,-4982,24148,1114,299,-209,-3456
-1144,-3826,-1328,-1640,1936,136,-3456
-6226,3214,16526,1121,-2073,340,-3440
5148,2018,12816,-1016,603,-473,-3456
-5964,-6298,6026,-287,377,-22,-3456
4698,-224,-1154,-5,-26,-182,-3472
2454,5008,10440,-218,-375,-462,-3472
-5246,-5072,18884,539,443,-237,-3440
1524,2440,920,-681,137,-40,-3472
-1856,12434,20014,-655,-1853,-197,-3472
-1714,-16592,20114,1867,9,-10,-3456
7802,7626,-15768,-3669,1719,-347,-3456
1892,3654,10104,3111,-1810,18,-3456
-9396,-1912,32767,-342,385,122,-3456
1958,5940,-6760,-922,384,179,-3456
3416,-16,10642,-406,371,-507,-3456
-6618,-3718,17458,267,-557,137,-3456
2328,-256,-160,211,95,-140,-3472
4630,5124,8170,-1056,397,-605,-3456
-7362,-3774,21594,1439,-956,-133,-3456
1960,-2686,4672,-710,762,-50,-3456
1388,14132,15096,-1529,-1212,-290,-3472
-4440,-16332,26850,1933,-23,-37,-3472
8652,5490,-15026,-3806,1883,-342,-3440
3554,4350,4952,2961,-1432,37,-3440
-390,-5616,5528,-321,740,192,-3440
2998,5684,-6424,-894,748,156,-3440
2910,262,8436,-452,862,-516,-3472
-7202,-2756,18738,463,-296,116,-3440
2560,-18,-808,133,639,-201,-3472
4258,3196,5826,-826,882,-640,-3504
-7868,-3064,20876,1271,-464,-178,-3456
808,-2282,7720,-315,763,-38,-3456
3260,15312,9308,-2092,-676,-359,-3456
-7734,-12744,32767,2481,-720,53,-3456
7844,1330,-9032,-3735,1953,-335,-3456
3764,6690,-2726,1929,-1188,54,-3456
-5526,-5954,15970,467,-629,251,-3456
5370,4470,-4706,-1130,824,90,-3456
1998,-1168,2788,-809,519,-463,-3424
-6776,-6260,11998,768,-1324,105,-3472
4442,-408,-1570,-81,766,-278,-3440
4500,2736,1918,-946,167,-507,-3440
-7614,-1784,23258,1517,-974,-104,-3440
2790,154,-1828,-655,974,-18,-3440
4510,15338,4338,-2091,-953,-266,-3472
-9458,-11658,32767,3510,-1920,51,-3456
7124,-1896,-6744,-4057,2652,-429,-3456
-1534,560,24514,2595,-1525,58,-3472
-4916,-5204,21470,75,-223,206,-3440
5540,6302,-4320,-1287,689,125,-3472
2294,-660,3188,-441,468,-505,-3440
-5772,-5658,12772,548,-1026,126,-3472
3228,108,-278,-56,586,-200,-3440
4838,2618,1514,-1097,440,-589,-3440
-8366,-1682,23410,1498,-1078,-123,-3440
2214,-72,-680,-435,783,-26,-3440
7554,15324,-848,-2973,-141,-446,-3440
-11584,-9192,32767,3617,-2103,54,-3472
8148,-5294,-3896,-4165,2838,-406,-3488
-506,1332,20588,2167,-1078,91,-3472
-5852,-4756,24996,417,-368,331,-3472
6774,5682,-4548,-1773,1401,11,-3504
1036,-1320,2848,-306,805,-475,-3488
-5520,-4454,12766,411,-483,73,-3488
2840,360,1236,201,673,-227,-3424
3616,-138,268,-1068,1076,-604,-3488
-6446,-104,18394,1563,-1102,-170,-3456
1210,-1932,2972,172,642,4,-3488
8808,11792,-7214,-3271,533,-476,-3456
-11982,-5450,32767,3896,-2455,107,-3488
7312,7924,-14582,-3784,2649,-339,-3472
1516,3978,11238,1516,-1072,113,-3472
-9314,-1794,29690,561,-966,298,-3472
6798,4334,1664,-1454,804,-98,-3472
2128,-88,9566,-577,575,-357,-3472
-5120,-3340,13524,614,-1421,27,-3472
3148,560,3708,126,620,-321,-3472
2336,-2128,332,-1010,728,-503,-3472
-5492,-3642,18318,1453,-1363,-59,-3472
888,-2878,5874,541,333,-4,-3472
8616,6168,-10300,-3506,770,-420,-3472
-9512,-1892,28874,3863,-2581,72,-3424
6956,3050,-11974,-3189,2853,-442,-3472
3720,5686,2084,729,-613,58,-3440
-9806,-986,32767,1396,-1687,337,-3472
6846,2238,4164,-1974,1267,-104,-3472
1944,-388,8836,-304,595,-344,-3472
-5670,-1670,16470,510,-1248,69,-3440
3458,504,5538,101,462,-263,-3424
1786,-3168,-484,-1170,967,-563,-3456
-7196,-2662,21162,1477,-1564,-89,-3456
570,-2378,9380,456,211,-5,-3488
8964,2820,-12144,-3673,1309,-538,-3456
-7722,-330,22484,4160,-3105,110,-3456
8800,322,-9718,-3154,3106,-463,-3456
4088,5932,-1546,485,-111,138,-3456
-9418,380,30050,1303,-1412,391,-3456
5172,5550,-4016,-1739,1453,-81,-3440
1606,-1162,5940,-451,1258,-399,-3472
-5906,-1040,15608,667,-1075,124,-3472
3378,1654,7422,119,694,-343,-3472
3638,1312,2320,-915,1433,-623,-3440
-6826,-1142,18886,1355,-1310,-140,-3472
-1420,-182,14132,1140,-102,-11,-3472
7804,-4654,-10154,-3609,2121,-596,-3472
-10774,-7386,32767,4075,-3212,157,-3472
8352,-3998,-1056,-2155,2475,-353,-3472
2056,4904,-5628,-250,150,70,-3456
-6714,2488,17940,1578,-2128,459,-3456
6628,4778,1256,-1648,1096,-282,-3488
-698,-3432,1596,-748,968,-259,-3456
-1302,-760,9300,885,-1898,-13,-3456
1762,2486,12254,208,561,-364,-3456
3672,-508,-2230,-1231,1334,-535,-3456
-5148,48,17840,1632,-1966,11,-3456
-3158,-244,19196,1217,-109,1,-3488
8010,10564,-7512,-3886,1729,-482,-3440
-11104,-5404,32767,4593,-3696,84,-3440
7038,-7406,5324,-2614,2709,-465,-3472
3834,5770,-9908,-208,206,95,-3472
-9190,-1612,31696,1848,-2309,415,-3472
7386,4070,1338,-1873,1397,-267,-3424
152,-2782,1140,-581,1037,-293,-3488
-2156,-170,10864,844,-1781,109,-3472
3730,160,3884,79,451,-372,-3472
3064,-1964,-1748,-1120,1609,-569,-3440
-4752,380,15452,1464,-1958,15,-3472
-2934,3244,22292,1429,-565,-74,-3440
9698,6532,-11964,-4155,3013,-652,-3440
-10118,-1908,28548,4300,-3795,182,-3472
6776,-8778,12470,-1562,2573,-435,-3472
3046,3110,-10076,-1197,1393,132,-3472
-10012,-326,32767,2165,-2172,480,-3456
7594,1314,4206,-1757,1854,-215,-3456
-860,-3922,-354,-664,1486,-350,-3456
-870,-284,6712,942,-1552,71,-3488
3474,616,5376,76,805,-438,-3456
1466,-3918,-2204,-968,1925,-569,-3456
-2510,1942,9862,1332,-1680,-70,-3456
-58,-2290,10398,1612,-588,-58,-3472
9366,626,-14524,-3878,3620,-651,-3424
-7238,1150,16992,4271,-3745,210,-3440
3966,-6692,20530,-1467,2157,-352,-3440
3276,6076,-4416,-1436,1320,103,-3472
-8490,2448,25920,1864,-2745,474,-3440
5174,2196,12012,-1465,1051,-389,-3440
-4340,-5928,1576,-756,1142,-180,-3472
-3772,-2002,14764,937,-1859,-62,-3472
2282,1202,9220,148,326,-419,-3440
1314,-5884,-984,-901,1644,-494,-3472
-6,2380,4694,1097,-1871,29,-3440
-1056,-2582,13796,1872,-841,-38,-3488
8446,-4116,-14866,-4041,3168,-587,-3456
-2926,4172,7926,4235,-3846,135,-3456
184,-6786,30156,-1105,1818,-338,-3456
5974,7710,-10994,-1770,1617,27,-3456
-8488,2038,24752,2483,-2911,464,-3456
5422,-346,13528,-1729,1389,-324,-3456
-2182,-4600,1394,-620,1289,-216,-3472
-5006,-610,17138,757,-1718,71,-3504
2702,2488,10324,119,82,-420,-3472
586,-6926,1506,-687,1874,-505,-3440
340,2454,1792,609,-1618,15,-3440
-1912,-426,19278,2157,-1760,-127,-3472
8118,-8332,-12800,-3564,4156,-607,-3440
810,6118,-712,2734,-2995,213,-3472
-706,-5060,32352,-203,1296,-350,-3456
5028,6560,-12150,-2160,2498,108,-3456
-6550,2102,17016,2294,-2492,459,-3456
5384,-784,13782,-1282,1811,-368,-3456
-3480,-5724,3624,-488,1542,-201,-3456
-3630,-752,13036,855,-1249,38,-3456
3382,3376,10262,-83,466,-517,-3456
-1886,-6180,5956,-228,1774,-479,-3456
-4506,710,14018,566,-1179,-51,-3440
-3208,3944,20984,1889,-1484,-100,-3472
5678,-12808,-5028,-2944,3804,-560,-3472
3602,9016,-8090,2199,-2759,202,-3472
5508,-7626,12502,725,399,-220,-3472
2082,2352,-10040,-2166,2256,73,-3472
-3484,2566,5320,1738,-2530,372,-3440
4348,1164,13684,-1439,1087,-454,-3472
-2412,-4338,1648,-362,491,-85,-3472
1338,-1252,6034,495,-1068,-90,-3440
2262,4122,11164,-97,-112,-474,-3472
-1864,-6246,9782,-213,1350,-405,-3456
-1478,1490,9028,258,-1074,-2,-3488
-3562,6452,22362,1735,-1906,-88,-3456
3742,-15598,2316,-2494,3429,-497,-3456
6042,10426,-12986,1359,-2304,125,-3456
3132,-7770,20814,1401,-288,-268,-3456
2620,456,-7054,-2067,2566,24,-3456
-1956,4004,1252,1654,-2423,449,-3456
6508,1564,8154,-1224,1186,-419,-3504
-1958,-4208,2640,-406,898,-116,-3456
742,-340,4278,465,-1120,15,-3488
3080,4440,11238,-8,-84,-473,-3456
-3598,-5856,12994,-118,1370,-369,-3456
-1062,1392,6688,53,-923,-49,-3456
-1584,9480,21314,1244,-2036,-212,-3456
690,-16490,11514,-1526,3169,-398,-3424
-2042,4496,7272,402,-1799,113,-3472
1120,-6352,26668,1719,-165,-255,-3472
2002,-2434,-4292,-2093,2920,161,-3440
866,4576,-2874,1523,-1880,414,-3472
6358,-292,9994,-887,1486,-478,-3440
-3254,-5234,3648,-148,1084,-84,-3472
1354,-864,2380,538,-560,-37,-3472
3630,4490,8052,-277,381,-559,-3472
-1906,-6288,4766,471,1091,-332,-3440
1060,2350,1642,-425,-114,-141,-3440
818,12916,15268,1201,-2019,-175,-3456
-3804,-15568,24102,-1351,3150,-325,-3456
1856,7374,-3764,-585,-1238,11,-3456
-736,-3060,28146,2020,-573,-104,-3488
-2284,-5204,4816,-1482,1878,119,-3456
4056,4108,-4572,615,-1320,294,-3456
4554,1728,13726,-1006,541,-482,-3456
-6012,-6268,8158,13,-83,35,-3488
4134,-214,-744,138,-273,-176,-3456
2058,3928,12310,-221,-201,-455,-3472
-1442,-6402,8066,389,705,-258,-3472
2312,948,-114,-518,-154,-55,-3504
2230,14896,9912,880,-2326,-162,-3472
4896,-15026,-2698,-609,2503,-255,-3472
5570,10230,-11628,-1512,-557,-52,-3440
-2522,-1238,30148,2979,-1593,-115,-3440
-2658,-5748,13666,-1756,2337,51,-3472
-2528,3984,2524,520,-1215,362,-3504
4308,-232,16050,-503,453,-516,-3472
-4816,-5080,9360,-217,592,-7,-3472
2658,224,94,343,-742,-52,-3488
2324,4456,13058,-323,-126,-527,-3488
-2510,-7274,10818,492,757,-309,-3456
1840,876,-934,-833,58,-97,-3440
5758,15092,4768,295,-2044,-238,-3472
3962,-16470,1688,0,2118,-180,-3472
7584,10278,-14814,-1632,-417,-20,-3488
-1144,-582,26008,2758,-1134,-152,-3488
-4174,-5432,18648,-1522,2564,136,-3456
-668,3860,-1116,448,-808,372,-3456
4448,220,14614,-464,974,-491,-3488
-5718,-5822,11752,-62,883,4,-3488
928,-812,3354,484,-330,-90,-3472
2824,4624,11758,-423,322,-594,-3488
-4372,-5964,13374,776,497,-298,-3456
1704,-554,1284,-529,309,-72,-3456
-2882,10390,22366,147,-1876,-221,-3440
978,-17268,10730,69,2039,-150,-3472
7382,10262,-15156,-2293,-7,-154,-3440
358,2332,17796,2738,-1351,-27,-3472
-338,-3274,-4042,-1162,1527,108,-3440
990,3760,-5174,127,-612,264,-3472
3406,1328,11610,-885,437,-570,-3440
-6608,-4750,15316,204,-436,61,-3472
4444,-472,-550,65,111,-213,-3472
2520,5562,11220,-445,-237,-459,-3472
-5042,-6048,17786,621,443,-226,-3456
2946,-1892,-166,-737,226,-17,-3488
-2834,12114,22804,327,-2366,-180,-3424
-552,-17692,17324,240,1822,-226,-3456
7528,8950,-16800,-2567,342,-160,-3456
1760,3562,11322,2613,-1529,59,-3456
-9038,-2608,32767,28,-189,190,-3424
1254,5544,-6216,-939,389,187,-3472
3868,196,11882,-393,382,-530,-3440
-7052,-4096,17620,369,-751,90,-3472
3786,366,2122,-58,387,-210,-3440
3886,5216,9852,-932,291,-577,-3440
-6248,-4630,18800,1206,-682,-166,-3440
2076,-2000,3016,-402,587,-11,-3440
9902,9510,-10300,-4082,1629,-574,-3472
-11706,-3524,32767,4599,-3645,127,-3472
7284,-9052,8768,-3064,3346,-464,-3440
3728,4656,5106,209,85,120,-3472
-10042,-1106,32767,1684,-1804,393,-3472
7634,2380,1436,-2089,1888,-159,-3440
-2,-3040,-634,-524,1110,-437,-3488
-7270,-2562,18224,769,-1295,89,-3456
3410,410,3968,57,959,-334,-3488
2358,-2240,-1908,-1088,1432,-627,-3456
-3962,978,13534,1624,-1548,-110,-3456
560,-2104,7262,932,72,14,-3488
9418,4372,-12576,-3936,2143,-606,-3456
-9570,-852,24828,4470,-3573,156,-3456
7678,2088,-9638,-2996,2883,-355,-3440
3100,5712,72,-407,273,129,-3488
-9590,880,29370,1486,-2104,416,-3472
6066,2476,7562,-1710,1192,-273,-3440
1314,-996,4476,-668,815,-313,-3472
-4458,-1792,14828,743,-1812,10,-3472
2810,806,6742,57,706,-390,-3408
1482,-4050,-280,-1058,1036,-498,-3472
-6226,-2482,20636,1393,-1693,-13,-3504
-240,-2252,10048,1103,-109,-17,-3472
8338,84,-12904,-3918,1937,-515,-3440
-5858,1740,16948,4542,-3694,100,-3440
7152,-2214,-7160,-2793,2874,-422,-3456
5024,7330,-5872,-4,-99,34,-3456
-9294,1266,29716,1788,-2179,422,-3456
5996,446,9510,-2011,1390,-216,-3456
1250,-1486,4318,-378,827,-338,-3456
-5292,-510,16866,687,-1562,89,-3456
3216,1772,8534,167,455,-333,-3424
4562,2222,1428,-1311,1277,-606,-3472
-7120,-1230,20898,1406,-1835,-35,-3456
-946,-1814,15072,1201,-365,-44,-3488
8208,-3280,-12606,-3970,2067,-585,-3472
-10840,-8330,32767,4477,-3528,98,-3440
8336,-4676,-3036,-2115,2839,-385,-3488
4570,6538,-7988,-752,856,105,-3488
-7734,1438,22910,1927,-2037,455,-3488
6646,4642,-2142,-1878,1751,-227,-3472
682,-1994,3062,-457,1262,-335,-3440
-4468,-246,13924,727,-1240,70,-3472
3468,3032,9436,72,636,-428,-3472
3042,-1108,146,-822,1745,-576,-3472
244,1626,2994,322,-989,-73,-3440
-2952,2286,18972,1705,-1590,-109,-3472
6600,-9872,-7272,-2923,3606,-548,-3424
908,6870,-2138,2343,-2816,221,-3488
-58,-3334,27100,448,758,-309,-3456
1818,3444,-8266,-1927,1940,94,-3456
-4368,3204,8680,1318,-2297,414,-3456
4604,2356,13950,-1172,777,-445,-3488
-1472,-4558,-434,-663,963,-155,-3472
768,196,5494,335,-1110,-130,-3456
1544,3886,14744,131,-376,-444,-3456
-1100,-6616,6478,-386,1678,-382,-3456
-2954,1102,12666,444,-1390,6,-3472
-4098,2736,22640,1847,-1888,-74,-3456
5590,-12226,-5514,-3061,3429,-534,-3472
3644,8818,-7958,2388,-2779,161,-3440
5752,-7986,11886,627,373,-335,-3472
2794,3344,-8760,-1918,2270,57,-3440
-3824,3484,7014,1701,-2500,422,-3472
5284,470,14630,-1058,991,-394,-3472
-412,-3586,484,-615,1220,-162,-3472
-338,-100,6904,614,-1379,39,-3472
2482,3742,13270,58,-91,-468,-3472
-1948,-6790,8252,-490,1854,-419,-3424
-3144,1148,11730,565,-1495,-5,-3456
-3148,5588,23608,1882,-1760,-159,-3456
4222,-15432,-122,-2904,3799,-572,-3488
6702,10314,-13000,1882,-2560,199,-3456
5244,-8770,17634,888,547,-351,-3456
2348,1276,-8950,-2091,2766,134,-3456
-1830,3066,2272,1702,-1998,464,-3440
4872,-212,14230,-814,1392,-479,-3472
-1798,-4462,848,-411,1406,-144,-3440
524,-240,4174,686,-987,26,-3456
3034,4972,12220,-43,314,-520,-3488
-4032,-6538,12346,-102,1858,-449,-3424
-1306,2540,6786,61,-820,-57,-3424
-3534,8638,24686,1840,-2109,-122,-3456
1880,-17462,7504,-2204,3816,-449,-3488
-5208,2500,11984,1433,-2338,139,-3440
2478,-6258,24390,1649,-430,-151,-3456
250,-2324,-5986,-1932,2405,99,-3488
648,3216,-3912,1082,-1841,329,-3456
5368,1566,12164,-1063,719,-527,-3472
-5294,-5784,3408,-275,432,-7,-3472
4338,-402,350,485,-813,-122,-3472
2336,5462,11374,-164,-195,-450,-3472
376,-6722,1738,56,1214,-319,-3440
700,2556,2330,-330,-654,-19,-3440
-3056,11390,22328,1928,-2535,-125,-3472
-396,-18462,16308,-1709,3424,-398,-3440
-444,6436,1594,-162,-1416,35,-3440
-1176,-5600,32767,2071,-1043,-195,-3424
1166,-3670,-1982,-2485,3061,15,-3488
2074,6166,-7106,1608,-2306,430,-3456
5236,-668,14762,-775,793,-476,-3456
-2986,-4664,3032,-474,1107,-73,-3456
1858,-686,1402,625,-1097,-19,-3456
2772,3194,10678,-138,-42,-488,-3408
-406,-7238,4104,236,1182,-346,-3456
938,2250,560,-462,-605,-37,-3456
932,13374,16522,1413,-2269,-167,-3456
7068,-11180,-10102,-1938,3759,-433,-3504
3352,7484,-5660,-670,-1080,-11,-3456
-1564,-3104,32582,2124,-739,-217,-3472
82,-5222,4698,-2122,3116,124,-3472
-4432,2146,10840,1391,-1626,398,-3440
4796,-602,14598,-655,1097,-494,-3456
-3756,-5992,5596,-88,1150,-43,-3456
1868,-504,726,589,-416,-59,-3456
2680,3954,11396,-255,266,-591,-3472
-2226,-6488,7744,546,790,-308,-3456
784,736,1178,-377,-153,-122,-3472
4112,15324,8124,553,-2004,-222,-3440
4710,-15112,-1284,-360,2531,-229,-3472
5688,10592,-11952,-1904,-364,-52,-3472
-1528,-510,27754,2739,-1323,-69,-3440
-5002,-5552,15278,-1563,1868,116,-3472
-1844,2562,1490,659,-1041,277,-3440
3870,800,13440,-973,689,-478,-3504
-5574,-5270,9536,136,-353,65,-3440
3152,-634,1452,315,-301,-196,-3456
1950,4252,11548,-343,-172,-491,-3456
-6354,-1696,20562,1299,-691,-160,-3456
2136,-500,-46,-378,683,11,-3456
5652,13334,2206,-1903,-992,-256,-3456
-9628,-9452,32767,2632,-869,7,-3456
6832,10222,-14642,-3582,1654,-347,-3440
-784,1436,20876,2739,-1614,35,-3472
-6048,-3900,23276,-363,367,194,-3504
6756,5546,-2936,-835,210,134,-3472
3778,-146,13494,-423,561,-473,-3440
-5286,-3928,12148,283,-659,80,-3472
2718,-34,2798,209,124,-199,-3472
3642,170,934,-1010,673,-606,-3440
-4690,-4768,15670,1226,-933,-125,-3440
1206,-1632,3682,21,409,-36,-3472
9024,10462,-6094,-2451,-296,-415,-3456
-11378,-5282,32767,2907,-1368,36,-3456
8240,6436,-13812,-3693,2440,-412,-3456
2268,3474,10926,2040,-950,106,-3456
-8368,-1704,28980,170,96,279,-3456
7654,3434,276,-1275,974,81,-3488
2846,40,10310,-524,1075,-449,-3456
-6212,-2862,15166,597,-732,96,-3456
2988,-132,4266,164,694,-260,-3424
2232,-2242,-1176,-979,1218,-620,-3456
-6878,-3088,20086,1552,-1168,-184,-3456
168,-1980,7726,463,417,8,-3456
9078,3738,-11326,-3306,1158,-521,-3456
-7546,-12080,31276,3519,-2334,118,-3472
7916,2288,-8274,-3068,2635,-381,-3456
2022,5130,2206,328,-286,94,-3456
-8524,2090,26578,1232,-1781,436,-3456
5464,3864,-1842,-1315,800,-204,-3472
1592,-1262,2812,-978,996,-314,-3472
-4214,-2102,14598,1071,-2011,77,-3472
2466,564,8206,22,884,-345,-3440
4014,2000,2304,-1042,888,-543,-3472
-6658,-1942,21596,1672,-1725,-10,-3472
-664,-2684,11818,719,286,-23,-3440
8504,-1596,-13834,-3807,1345,-486,-3440
-10028,-9328,32767,4587,-3576,129,-3440
7886,-3168,-5446,-3395,3026,-460,-3456
4734,6828,-6798,814,-548,88,-3456
-8814,1794,27794,1500,-1868,340,-3456
6246,5582,-3308,-1956,1313,-101,-3456
1348,-1242,2626,-558,872,-399,-3456
-5170,-868,17098,827,-1639,122,-3456
3264,-138,606,59,685,-272,-3472
4712,1668,-16,-1428,1315,-617,-3456
-7810,-734,22492,1906,-2077,-42,-3456
-810,-2460,16368,183,544,-49,-3440
7702,14528,-3258,-3947,1168,-487,-3440
-11586,-8436,32767,4518,-3468,52,-3472
8662,-5260,-2924,-3599,3558,-487,-3440
5142,7190,-10288,756,-258,144,-3472
-6906,-3506,28114,1449,-1593,426,-3472
5574,-648,12200,-1740,1978,-296,-3440
582,-1824,1874,-526,1335,-268,-3456
-4850,-466,15304,851,-1379,89,-3456
3604,3498,9244,-73,724,-461,-3488
-2032,-6346,5232,-540,1757,-554,-3488
-5286,660,15040,693,-1258,-68,-3472
-2818,1914,19928,2111,-1254,-102,-3440
6746,-10804,-8570,-3576,3737,-607,-3440
1772,7922,-4658,3011,-3175,218,-3440
-1076,-3296,30218,1598,-365,-159,-3456
-2742,-5854,5538,-2083,2465,71,-3456
-4576,3198,8562,1242,-2063,360,-3456
4340,1888,15340,-1028,621,-469,-3456
-5846,-6094,7606,-348,577,-68,-3456
520,-1002,6928,469,-997,-135,-3440
1750,4138,13078,-94,-363,-471,-3456
-874,-7400,6608,116,1259,-306,-3456
2028,1718,-572,-49,-886,13,-3472
-4082,2588,22934,1972,-2210,-106,-3440
5850,-13424,-6066,-2279,3538,-422,-3440
4582,9442,-10160,814,-1888,102,-3440
-2400,-2190,30940,1933,-915,-188,-3472
3694,3700,-10820,-2188,2871,5,-3472
-3778,3516,6216,1475,-2240,432,-3440
4782,86,16344,-798,745,-494,-3440
-4490,-5366,7922,-559,1141,-104,-3440
-944,-516,8006,596,-1285,-12,-3456
2220,4176,12926,0,-172,-452,-3488
-1552,-7208,8214,-174,1663,-394,-3456
1344,792,64,93,-1059,-34,-3456
-3242,5354,23820,1707,-2170,-191,-3456
4466,-16010,-598,-2035,3657,-464,-3424
7218,10606,-14452,184,-1598,107,-3456
4594,-8926,19436,1524,-201,-258,-3472
2860,1916,-10204,-2277,3262,109,-3488
-1698,2660,2074,1672,-1879,448,-3456
4228,-278,15288,-838,1396,-455,-3440
-1486,-4258,654,-352,1415,-155,-3472
72,-974,5084,706,-853,-23,-3472
2780,4748,11608,-30,260,-514,-3440
-3342,-6620,11742,23,1645,-395,-3472
-1582,2154,7354,-86,-588,-64,-3440
-3032,8462,23724,1115,-2110,-176,-3456
2054,-16620,7154,-1115,3004,-277,-3424
6604,10046,-14514,-983,-920,-31,-3456
-634,1772,21270,2370,-1014,-73,-3456
708,-1916,-6082,-1626,2088,81,-3456
498,2960,-2610,733,-1284,282,-3456
3118,924,12146,-998,580,-523,-3456
-4574,-5318,3770,-40,75,0,-3440
3504,-1018,2020,361,-445,-169,-3472
2426,4824,10056,-311,-55,-440,-3472
-4220,-4838,15862,384,577,-258,-3440
480,1650,3434,-467,-136,-24,-3440
-2146,11308,19950,774,-2304,-173,-3504
-322,-17430,15840,-411,2437,-229,-3472
7428,8834,-15978,-1697,-442,-83,-3472
-838,-5768,30902,3115,-1793,-97,-3440
1452,-3164,-2092,-1820,2426,12,-3440
1454,5378,-5080,991,-1641,375,-3456
3006,-612,12568,-681,618,-498,-3456
-3034,-4608,4004,-158,645,-27,-3456
1500,-614,2620,470,-732,-59,-3488
3954,4608,8486,-415,65,-508,-3424
-5804,-4152,18312,454,543,-248,-3456
594,1728,2200,-556,-183,-56,-3424
1432,12306,14800,195,-1791,-255,-3456
-3332,-15338,22390,-198,2153,-208,-3456
2720,6874,-2976,-1247,-688,-76,-3472
-744,-3512,28996,2423,-820,-145,-3472
-142,-4168,4258,-1531,2384,127,-3440
2702,5110,-4462,685,-927,352,-3440
5384,-422,12574,-596,1112,-481,-3472
-4226,-5602,6844,16,797,-16,-3440
1904,-430,1102,449,-173,-87,-3440
3920,3318,5830,-394,417,-590,-3472
-2076,-5896,7894,716,450,-282,-3472
700,890,1940,-401,256,-63,-3472
3586,14574,8932,81,-1713,-246,-3456
-7148,-12602,31150,526,1512,-122,-3440
4362,9766,-9096,-2620,295,-224,-3440
-932,-1184,26980,2521,-1173,-22,-3440
-4816,-5366,13040,-819,1001,142,-3440
5098,4598,-3762,-8,-366,220,-3472
4412,1356,13270,-865,554,-493,-3440
-6570,-6458,11446,498,-817,93,-3440
4278,-706,-1066,-47,237,-247,-3456
4014,2764,2916,-358,-334,-455,-3488
-2286,-6906,10610,781,107,-207,-3456
2768,624,-1432,-748,431,-17,-3456
3906,14066,6160,-292,-2017,-201,-3488
-8224,-11016,32767,752,1139,-104,-3456
6106,10676,-13376,-2879,634,-265,-3488
-1084,-48,24292,3020,-1676,-24,-3456
-4682,-5174,19370,-1006,1342,101,-3456
-1638,4222,-512,120,-792,304,-3472
4642,526,14746,-544,492,-527,-3440
-5696,-5138,12474,-7,72,32,-3472
3202,436,352,86,-180,-116,-3472
2866,4778,12386,-578,-13,-526,-3440
-3596,-6170,13058,779,183,-188,-3472
1956,-360,354,-630,262,-40,-3440
7230,14300,-188,-673,-1636,-271,-3472
1510,-17602,9112,1070,955,-72,-3472
8422,10434,-16244,-3328,1059,-268,-3472
-246,1390,20790,3115,-1450,-71,-3472
-5830,-4084,24092,-1331,2231,194,-3456
252,4264,-3436,88,-362,350,-3456
4016,178,13778,-387,850,-538,-3456
-6310,-5580,14478,219,435,47,-3456
3202,226,56,191,233,-142,-3488
2912,5038,11564,-521,375,-617,-3424
-5308,-5852,15894,945,203,-263,-3456
1732,-872,1370,-512,567,-49,-3456
-816,11976,19756,-637,-1429,-331,-3504
-1878,-15696,18904,1546,303,-17,-3456
7100,8064,-13052,-2946,699,-197,-3440
1766,3712,11088,2148,-1079,14,-3456
-9330,-1930,29304,-144,101,200,-3456
2334,4286,-5114,-715,204,111,-3456
3506,1238,8354,-851,488,-518,-3456
-6734,-4100,16868,593,-1139,104,-3456
4712,-414,-1334,-32,483,-242,-3472
2886,5028,9556,-641,-121,-465,-3504
-5882,-4596,19822,1108,-379,-157,-3472
2074,-2624,2944,-667,669,-36,-3472
-292,14238,16700,-1452,-1464,-251,-3440
-4078,-16016,26732,2765,-901,16,-3456
7352,5466,-14492,-4032,2201,-411,-3456
3550,4872,4356,2830,-1644,52,-3456
-10400,-1168,32767,-25,-132,183,-3424
2712,6416,-7012,-1308,633,138,-3456
3572,420,8068,-525,412,-508,-3488
-7416,-2512,20054,511,-915,122,-3424
2700,210,-1370,-25,460,-159,-3472
4826,5922,7212,-1206,365,-590,-3456
-8346,-4372,24270,1502,-842,-157,-3472
2076,-3374,4948,-918,877,-40,-3472
2792,15212,12758,-2006,-917,-337,-3472
-6474,-14790,32767,2573,-834,26,-3440
8168,3432,-14088,-4142,2604,-394,-3440
4852,5632,-842,2688,-1382,61,-3472
-1286,-6350,10248,-55,286,264,-3408
4372,6568,-7402,-1357,1073,92,-3472
2202,178,8076,-229,716,-491,-3440
-7036,-1720,18656,329,-296,78,-3440
2456,-368,-42,317,478,-202,-3424
4030,2712,4604,-882,859,-644,-3456
-7748,-2210,20488,1299,-713,-215,-3456
8,-2334,10378,-64,698,-9,-3488
5222,15428,4884,-2666,-200,-417,-3456
-9520,-11238,32767,3193,-1454,99,-3488
8014,-928,-7496,-3931,2483,-382,-3488
-1038,822,24832,2149,-1361,88,-3472
-6344,-5082,19892,548,-877,330,-3456
6312,4856,-3644,-1413,889,-75,-3456
802,-2250,3182,-667,536,-388,-3488
-3882,-1226,14452,801,-1525,54,-3424
3468,-62,654,-13,678,-326,-3456
3984,1410,1712,-932,543,-509,-3488
-6300,-1344,20158,1469,-1324,-62,-3456
2334,-1006,330,-129,767,17,-3504
6162,12922,-270,-3129,277,-375,-3456
-10222,-8214,32767,3483,-2103,39,-3504
6894,-4756,-1360,-3688,2573,-419,-3440
426,2504,17502,1577,-1092,103,-3440
-7232,-3432,26854,708,-929,293,-3440
6774,4918,-2036,-1556,979,27,-3472
1030,-2028,3124,-337,594,-443,-3504
-5620,-4078,13564,531,-1178,105,-3472
3140,242,2566,59,398,-287,-3472
3582,-184,628,-1039,927,-568,-3440
-5656,-262,17264,1286,-1337,-82,-3472
1296,-1920,4134,263,340,0,-3456
8994,10216,-6336,-3276,646,-482,-3456
-11280,-5462,32767,3858,-2543,76,-3456
8192,-7498,3448,-3495,3033,-462,-3456
1994,3474,11264,1203,-575,114,-3456
-8354,-1614,28744,781,-793,369,-3456
7456,3588,544,-1630,1274,-57,-3456
3094,-164,9768,-533,1223,-473,-3472
-6240,-3016,15454,763,-1110,116,-3424
3410,240,3888,84,827,-313,-3424
2042,-1952,-666,-943,1272,-614,-3472
-3896,868,13604,1236,-1449,-89,-3440
-3454,4936,21754,1460,-695,-48,-3472
8762,4540,-10644,-3676,3011,-609,-3440
-9216,-1720,24926,3763,-3385,175,-3472
5546,-6920,12694,-1137,1986,-360,-3472
1162,628,-7490,-1287,1193,101,-3472
-8906,1660,28160,1567,-2485,469,-3424
6142,2878,7736,-1580,1166,-384,-3488
-3636,-5434,2116,-590,833,-128,-3472
2510,18,2820,585,-1583,-55,-3440
2698,1076,7846,104,200,-425,-3440
1230,-5068,-520,-470,1607,-411,-3456
-702,2266,6244,398,-1340,13,-3456
-4128,6602,23870,2214,-1763,-59,-3456
3078,-16986,3872,-3350,3645,-585,-3456
-5960,1656,16310,2774,-3055,167,-3456
2870,-8170,22426,333,718,-298,-3456
2378,530,-7780,-2146,2281,45,-3456
-1044,4258,-1372,2003,-2704,441,-3488
6328,738,9596,-1230,1182,-424,-3488
-2402,-4396,2202,-425,1065,-131,-3456
1322,-654,3816,656,-1396,13,-3456
3290,5020,11120,-57,48,-455,-3424
326,-5758,1136,-253,1561,-448,-3456
-194,2498,4418,172,-1197,-15,-3456
-2276,9380,22316,1980,-1981,-163,-3456
8176,-3862,-13472,-3234,3906,-579,-3440
-2726,3510,8740,2421,-2764,197,-3440
1768,-6282,26482,472,744,-351,-3472
1720,-2312,-4440,-2128,2690,131,-3472
-7980,2204,23400,1870,-2207,419,-3440
6032,-464,11252,-1036,1580,-384,-3440
-3326,-5232,2714,-502,1485,-134,-3472
1878,-852,2030,821,-1047,21,-3440
3512,2666,9114,-127,372,-570,-3472
-1376,-6594,3684,113,1574,-395,-3440
620,2244,2308,-72,-718,-83,-3504
-192,13648,17370,1931,-1867,-109,-3488
7088,-9930,-10058,-2494,3916,-492,-3456
930,7216,-2810,1295,-2341,201,-3488
-552,-3968,30278,1364,-33,-209,-3488
-2388,-5840,3692,-2096,2422,71,-3456
-4904,2890,10254,1402,-2218,400,-3456
4816,1606,14706,-1138,765,-484,-3456
-6272,-6358,7106,-359,576,-60,-3456
248,-742,7512,421,-1060,-106,-3472
1636,3984,13334,-111,-411,-445,-3440
-724,-7422,5582,305,870,-288,-3488
1944,2086,-610,-622,-195,-15,-3456
734,15188,14728,949,-2444,-120,-3456
-5268,-14914,30528,-611,2550,-255,-3424
4524,9626,-10572,-1692,-366,-90,-3456
-2318,-2074,31426,3052,-1828,-99,-3456
-1760,-6078,10614,-1750,2452,48,-3456
-3648,3474,5882,900,-1651,359,-3472
2960,-68,7548,-432,298,-516,-3472
-4524,-5234,7962,93,-260,90,-3440
2766,-86,-406,131,95,-151,-3472
4858,4710,4880,-913,208,-578,-3440
-8106,-2682,22904,1160,-387,-177,-3472
1266,814,-418,-674,596,-45,-3472
5066,16008,7044,-1880,-1044,-391,-3440
-9090,-12866,32767,2424,-518,-2,-3440
8238,-622,-9860,-4091,2251,-355,-3504
-2000,-84,28202,3165,-1598,10,-3456
-3152,-5710,16386,-742,1305,202,-3488
5126,6150,-5630,-687,474,226,-3456
2064,-556,4754,-393,789,-521,-3456
-5140,-6008,10522,435,-154,70,-3456
2578,-380,-30,216,511,-191,-3456
4370,2338,2116,-780,663,-630,-3424
-3504,-6494,11826,1163,-191,-228,-3472
1292,-318,670,-232,734,-10,-3456
7872,13056,-2072,-2447,-216,-395,-3488
-11686,-7854,32767,2426,-717,33,-3440
6804,9280,-14144,-3585,1946,-285,-3504
844,3072,16574,1840,-1149,53,-3440
-8680,-2612,26610,371,-507,266,-3440
6664,4170,538,-1086,636,1,-3472
3246,1800,10708,-860,574,-430,-3472
-6376,-4472,15192,714,-1470,78,-3472
3198,-500,1950,2,758,-295,-3472
3508,112,-460,-893,287,-503,-3440
-4476,-5010,16954,1399,-1086,-111,-3440
1950,-2112,1854,-171,694,14,-3504
8226,11118,-6904,-2758,-309,-349,-3472
-11354,-5290,32767,3953,-2588,86,-3456
6978,-7356,3340,-3793,2925,-425,-3456
1344,3210,12410,1690,-1087,98,-3424
-8648,-2578,31430,829,-1189,282,-3456
7278,4230,-18,-1796,1090,-22,-3456
282,-2456,1402,-368,599,-439,-3456
-5934,-3050,15392,460,-1223,110,-3456
3542,140,3216,105,537,-247,-3456
3016,-952,-452,-1241,937,-611,-3488
-6576,-4326,19620,1552,-1448,-125,-3472
1652,-2108,4730,396,309,-19,-3456
9114,8156,-9418,-3296,664,-482,-3440
-10446,-3448,32386,3826,-2671,68,-3440
8280,4818,-13418,-3499,3160,-484,-3440
3078,4454,6130,1063,-532,115,-3440
-9240,-824,32082,1034,-1018,384,-3472
7290,2170,2552,-1777,1484,-75,-3472
2334,-458,8684,-408,1145,-392,-3472
-6394,-2298,15796,619,-981,101,-3440
3372,1096,5182,245,620,-343,-3472
1352,-3978,-70,-1100,1559,-652,-3472
-7312,-1902,20048,1485,-1467,-105,-3440
-2,-2550,10680,1116,31,-16,-3440
8990,2756,-12034,-3945,1933,-542,-3472
-8314,-654,21570,4383,-3293,161,-3472
8276,1126,-8352,-2793,2711,-371,-3472
2380,6224,-1236,-240,60,100,-3440
-8676,2304,27768,1409,-2001,410,-3424
5464,2780,9672,-1578,1107,-222,-3456
1266,-1460,2752,-884,1002,-315,-3424
-4242,-1828,15212,1124,-2076,74,-3456
2780,866,8620,3,782,-373,-3488
1042,-5004,-1006,-1019,1112,-530,-3456
-7078,-1768,21796,1654,-1890,18,-3456
-362,-2568,11104,912,191,-8,-3488
8176,-1762,-13002,-3749,1674,-499,-3456
-4750,2156,13068,4387,-3672,81,-3472
7336,-2996,-4430,-1928,2334,-428,-3440
4910,7036,-6940,-845,705,60,-3472
-8880,2300,27282,1970,-2341,429,-3456
5968,674,11070,-1950,1392,-211,-3456
1934,-1184,2626,-628,1053,-334,-3456
-5460,-998,17316,937,-1860,105,-3488
3202,1686,9856,59,521,-357,-3456
462,-5798,466,-1084,1514,-594,-3456
-7390,-440,21226,1431,-1916,14,-3456
-1088,-1184,16064,1315,-458,-64,-3456
8512,-5054,-13280,-4282,2836,-658,-3424
-11726,-7886,32767,4711,-3818,150,-3472
9110,-5970,-1348,-2508,3140,-470,-3440
4138,6178,-8826,-448,644,181,-3472
-7840,2098,22324,1984,-2091,456,-3472
6920,4348,-1752,-1815,1823,-222,-3472
830,-1794,1286,-696,1506,-374,-3472
-4394,-334,14250,994,-1577,102,-3440
2966,2194,10430,34,916,-388,-3440
3416,-160,-824,-1049,1820,-588,-3440
-6580,-150,19492,1603,-1758,-62,-3472
-2570,802,19332,1507,-378,-61,-3440
7144,-9392,-10718,-4159,2653,-584,-3488
-11962,-4970,32767,4431,-3759,160,-3456
-802,-3260,29916,163,906,-274,-3456
2472,4200,-10166,-1970,2129,106,-3488
-4868,3196,10726,1560,-2588,402,-3456
4658,1526,15302,-1236,879,-468,-3488
-1040,-4208,-1118,-706,987,-139,-3440
86,-304,7480,636,-1494,-52,-3408
1470,4420,13600,106,-53,-424,-3472
-558,-7718,5760,-506,1776,-435,-3504
-3402,896,13104,472,-1438,8,-3440
-4234,1828,23920,2487,-1915,-60,-3472
6410,-14048,-7486,-3435,3879,-589,-3440
4264,9946,-10484,2598,-2974,162,-3440
5342,-9200,13736,656,256,-257,-3472
4390,4872,-12244,-2503,2899,-12,-3456
-4174,3246,7248,2041,-2707,427,-3488
4660,-490,17012,-1027,998,-459,-3456
-158,-3000,-562,-534,1246,-143,-3472
-1232,-764,9476,784,-1529,40,-3440
2454,3926,12492,-29,65,-445,-3472
-1414,-7336,7476,-410,1711,-431,-3440
-3386,1370,12322,334,-1361,-33,-3472
-3056,4354,23880,2004,-1924,-160,-3440
4766,-15584,-2912,-2822,4012,-571,-3472
6774,9578,-13408,1545,-2388,171,-3472
5290,-8840,17650,1281,-13,-259,-3472
3384,2052,-10920,-2448,3187,109,-3440
-1708,3276,2216,2254,-2414,503,-3456
3862,-894,16088,-1090,1693,-440,-3456
-1364,-3990,-130,-430,1559,-173,-3456
-550,-954,6936,799,-1089,5,-3456
3082,4746,11090,-142,379,-518,-3456
-3726,-6290,12052,-25,1573,-418,-3424
-1290,1920,6682,-20,-705,-78,-3456
-2796,9226,22456,1687,-1997,-171,-3456
1914,-16816,7320,-2047,3720,-445,-3456
-5314,2992,12734,1221,-2359,152,-3472
2068,-6552,24836,1337,-52,-195,-3472
540,-2394,-5608,-2130,2386,77,-3472
208,3306,-2798,1666,-2267,387,-3472
5522,2036,10410,-1274,979,-523,-3440
-4878,-5436,3944,-157,347,-33,-3440
3610,-822,1670,386,-780,-168,-3408
2320,4648,10690,-39,-240,-451,-3440
418,-5830,1732,-35,1201,-325,-3408
302,1494,4080,-54,-758,-7,-3440
-2264,11362,20442,1585,-2107,-115,-3456
-88,-16208,15094,-1896,3292,-441,-3456
-458,5732,2978,531,-1811,39,-3456
-728,-4926,29926,1930,-840,-186,-3456
1402,-3294,-546,-2057,2627,26,-3472
1248,5852,-3960,905,-1637,354,-3424
5734,-568,11812,-801,930,-478,-3472
-3014,-4412,4434,-208,496,-40,-3456
1374,-494,2846,458,-865,-26,-3472
4140,4386,7468,-418,47,-551,-3472
-804,-6536,5550,466,743,-282,-3472
478,1136,2094,-431,-292,-71,-3440
2684,13346,12894,331,-1925,-244,-3472
-4896,-14416,26626,-275,2240,-242,-3504
3736,8314,-6192,-1851,-233,-120,-3408
-926,-2652,28476,2643,-883,-110,-3472
-586,-4474,6506,-1404,2308,180,-3472
3090,4832,-3742,524,-767,370,-3472
5280,-54,12414,-707,1202,-491,-3456
-4488,-6042,8444,164,651,-33,-3456
2078,-302,696,275,-142,-115,-3456
3984,3276,4552,-309,343,-604,-3456
-2752,-6072,8722,617,613,-284,-3456
1016,320,1270,-305,241,-75,-3456
5874,12788,3824,-613,-1342,-305,-3456
3030,-14296,4478,256,1680,-152,-3472
5492,9756,-10664,-2610,502,-203,-3456
192,1500,21334,2073,-796,-21,-3472
-6676,-3820,19204,-669,891,147,-3440
-832,2728,-1112,-54,-406,182,-3472
3856,1798,10992,-961,550,-511,-3440
-6554,-5430,13862,422,-810,94,-3440
3530,-724,768,-81,360,-242,-3472
2012,5048,11990,-521,-135,-477,-3472
-3746,-5678,15200,1017,-283,-185,-3472
2658,-1096,-46,-759,630,-40,-3472
7050,13120,-3086,-926,-1690,-251,-3440
610,-17242,12610,901,1045,-87,-3456
7550,10120,-15686,-3000,777,-232,-3456
-64,1856,17960,3165,-1724,-21,-3456
-7386,-3078,28016,-957,1198,116,-3456
426,5006,-4460,-243,-315,240,-3488
4246,306,11908,-552,449,-535,-3456
-6444,-4232,15794,329,-481,78,-3440
3346,66,2008,124,81,-119,-3488
3524,5478,10666,-742,109,-543,-3488
-5656,-5604,18292,1101,-279,-215,-3456
1882,-1550,2026,-64,610,-43,-3456
9294,10590,-8268,-3360,639,-470,-3488
-11858,-4560,32767,3940,-2826,84,-3456
8824,6842,-15512,-3866,3099,-462,-3472
2410,3240,9848,1691,-756,107,-3472
-9124,-2124,32360,837,-774,347,-3472
7656,2930,754,-1668,1503,3,-3440
3298,350,10014,-483,1101,-449,-3472
-7054,-3108,17144,674,-995,147,-3440
3336,280,3402,141,777,-435,-3408
2476,-2804,-1920,-1027,1848,-618,-3472
-4026,1674,13002,1572,-1700,-103,-3456
-3928,4178,23542,1431,-263,-9,-3456
9334,6848,-12424,-4339,2825,-603,-3456
-10772,-1936,29266,4663,-3885,188,-3456
6126,-7938,13078,-2191,2591,-383,-3488
1580,1810,-9978,-1103,810,130,-3424
-9932,1034,31816,1865,-2682,469,-3456
5924,2942,7544,-1674,1294,-354,-3456
-2488,-5186,-206,-743,1035,-252,-3456
-5456,-2582,17294,1007,-2068,9,-3472
2998,790,6492,64,558,-381,-3472
2096,-4826,-2184,-1013,1478,-548,-3440
-1672,1496,8816,1458,-1956,50,-3472
602,-3348,8810,1650,-450,18,-3472
8938,874,-14466,-4095,2803,-580,-3440
-6668,1406,17952,4437,-3905,123,-3472
2654,-8084,24326,-1364,1903,-362,-3472
6014,7434,-7878,-1569,1415,15,-3440
-10578,1424,31964,2498,-2923,464,-3440
6242,622,10042,-1915,1464,-225,-3456
-790,-4380,-608,-654,1206,-343,-3456
-6492,-1224,19840,928,-1959,93,-3456
3336,1288,8620,54,450,-390,-3456
1302,-5166,-1486,-1018,1830,-533,-3440
-1386,1884,6762,1240,-1931,44,-3504
-136,-2454,12878,1796,-1026,-92,-3440
9278,-2678,-15098,-4059,3664,-654,-3440
-3790,3490,10164,4349,-3859,191,-3456
1858,-7278,27226,-1401,2445,-406,-3456
5286,7286,-9272,-1540,1653,128,-3456
-9188,1534,26992,2254,-2452,485,-3456
6452,-148,10504,-1719,1954,-294,-3488
-2534,-5230,1612,-658,1534,-303,-3456
-5618,-528,16242,895,-1451,72,-3456
3356,1896,9062,95,651,-455,-3456
-662,-5592,1562,-730,1921,-549,-3456
-6802,-424,19814,1188,-1539,-59,-3440
-2146,648,17552,1704,-922,-41,-3440
7496,-7684,-11242,-3830,3470,-626,-3504
14,6218,296,3587,-3433,185,-3472
7380,-6454,2974,-688,1653,-288,-3440
2770,4934,-9962,-1809,1668,83,-3440
-5792,2614,13476,1678,-2702,417,-3472
4624,1458,13782,-1519,1107,-398,-3472
-5464,-5840,6502,-284,489,-54,-3456
4202,-884,-88,363,-848,-148,-3456
1964,3982,11742,-60,-183,-409,-3456
-736,-6912,5984,-48,1286,-318,-3456
1688,1190,202,-165,-679,-31,-3424
974,14072,13656,1814,-2387,-149,-3488
6236,-12776,-6832,-1911,3426,-389,-3456
4058,9370,-8292,234,-1686,38,-3456
-2656,-2666,32000,2107,-948,-167,-3456
3924,4756,-10646,-2268,2627,29,-3472
-4580,2808,9782,1742,-2430,416,-3440
4844,-594,14448,-1045,1102,-467,-3472
-3818,-4502,6578,-244,807,-66,-3472
-1194,-540,9582,568,-1098,-3,-3440
3174,3782,10142,-292,126,-493,-3504
-2262,-6230,9634,152,988,-393,-3472
942,496,1774,-334,-490,-24,-3456
5484,13948,5562,522,-1884,-240,-3456
3832,-14920,1644,-570,2557,-280,-3424
6616,9448,-11736,-1451,-561,-86,-3456
-716,-56,25634,2552,-861,-126,-3456
2856,282,-7862,-1714,2664,137,-3472
-1320,3332,856,537,-867,352,-3488
4162,-116,13668,-487,1051,-469,-3488
-4902,-5200,10682,-43,1040,-53,-3472
588,-650,4306,479,-309,-97,-3440
2828,4604,10862,-298,282,-570,-3472
-4058,-5442,13936,620,646,-286,-3440
1144,-1198,2240,-515,219,-114,-3440
-2268,9748,20884,167,-1794,-239,-3440
982,-15898,10498,-64,2051,-143,-3472
6838,9880,-13026,-2016,-209,-150,-3440
248,1884,18030,2351,-942,-34,-3472
-588,-2890,-2828,-1247,1532,111,-3456
592,3026,-2646,560,-1021,296,-3488
3792,824,9492,-1053,667,-513,-3456
-6348,-4676,14654,236,-419,47,-3456
4304,-590,158,75,-24,-204,-3424
2608,4508,10120,-261,-235,-465,-3424
-4752,-4862,16834,555,293,-236,-3456
688,1948,3166,-439,-75,-30,-3440
-1660,11940,19172,-242,-1970,-183,-3456
-1042,-15914,17816,569,1383,-161,-3456
7294,7414,-13820,-1999,-152,-187,-3472
-620,-4612,29636,2932,-1543,-84,-3472
456,-4436,1696,-1376,1918,53,-3440
1442,5582,-5104,-1073,446,151,-3472
3656,388,10660,-488,554,-490,-3472
-6868,-3236,17524,483,-978,134,-3472
3654,-12,3848,65,437,-210,-3440
4668,4890,7562,-1011,379,-580,-3456
-7188,-3818,20990,1323,-792,-145,-3488
1826,-2418,4400,-622,715,-52,-3456
9606,9140,-10546,-2101,-756,-370,-3456
-4594,-16340,27140,3216,-1657,48,-3440
7718,-8634,8704,-3382,3314,-502,-3456
3524,4338,5176,771,-159,128,-3456
-9788,-216,32767,1319,-1431,394,-3456
7658,2384,2598,-1882,1709,-69,-3488
-646,-3254,114,-644,1319,-446,-3456
-7432,-2932,18834,963,-1470,147,-3424
3652,700,4230,-52,1026,-356,-3456
1756,-2726,-1916,-1098,1454,-607,-3456
-7844,-3316,21602,1762,-1554,-140,-3504
918,-2254,7114,1013,149,-13,-3456
9402,2626,-13546,-3997,2278,-588,-3456
-8670,76,21692,4388,-3480,132,-3440
7836,760,-8322,-2675,2832,-348,-3472
3450,6056,-2308,-385,188,145,-3472
-9196,2162,28908,1718,-2392,465,-3472
5418,2530,10504,-1707,1201,-306,-3472
1806,-1520,1850,-801,1069,-265,-3472
-4566,-1980,15568,976,-2162,8,-3440
2472,990,8432,206,728,-392,-3472
1478,-5782,-1708,-1188,1331,-537,-3472
-7340,-1420,23006,1603,-2030,22,-3440
-590,-3322,12436,1036,88,-12,-3456
9070,-1092,-15946,-4333,1996,-498,-3488
-5112,2536,12824,5038,-4041,116,-3456
7348,-3304,-5588,-2776,2983,-434,-3456
5884,7120,-8642,-185,213,62,-3488
-9448,1916,28732,1983,-2503,401,-3424
5870,5746,-3506,-2021,1371,-150,-3440
2146,-924,1440,-647,1141,-351,-3456
-5920,-964,18702,928,-1891,135,-3456
2954,1362,9188,39,755,-287,-3440
4710,2992,892,-1469,1269,-601,-3472
-8554,-1652,24200,1872,-2069,-15,-3472
-208,-2890,14580,740,161,-66,-3440
8890,-3506,-16150,-4384,2129,-592,-3472
-11788,-8228,32767,4848,-4027,118,-3440
8216,-5190,-3758,-2889,3500,-427,-3440
5888,7544,-11264,-286,438,158,-3472
-8780,1724,25424,2062,-2214,407,-3440
7074,4694,-4328,-2098,2170,-192,-3440
786,-1504,2120,-386,1135,-314,-3440
-5342,-604,16218,688,-1261,98,-3472
3188,2832,8892,122,750,-418,-3472
3330,-162,24,-1042,1671,-651,-3472
-5874,672,17370,1290,-1541,-80,-3440
-2964,656,19770,1634,-538,-42,-3472
7598,-9000,-11050,-4240,3079,-620,-3472
-12186,-5244,32767,4451,-3783,196,-3440
7178,-6880,4450,-1668,2309,-308,-3440
2970,5090,-10992,-1071,686,107,-3456
-5006,2630,10722,1600,-2581,466,-3424
6406,3510,3504,-1646,1278,-353,-3456
-1164,-4470,-184,-643,889,-222,-3456
158,-72,7540,765,-1754,-47,-3456
1952,3732,12710,139,353,-406,-3424
2656,-2766,-1446,-814,1419,-471,-3456
-2970,616,12676,1032,-1644,12,-3456
-3714,3566,21464,1771,-913,-27,-3456
8710,5274,-10794,-3787,2651,-561,-3472
-9086,-1732,27242,4105,-3604,130,-3472
4778,-8324,14466,-1234,1869,-374,-3472
3438,3104,-9572,-1364,1214,31,-3472
-10150,-82,32767,2185,-2645,458,-3440
6738,2156,4994,-1717,1415,-289,-3440
-534,-3542,924,-549,1001,-250,-3472
-450,-348,7332,647,-1567,74,-3472
3454,712,6568,76,191,-414,-3472
1592,-3870,-516,-750,1656,-497,-3440
-2078,1348,9496,1078,-1682,8,-3456
-2842,6072,22472,1556,-906,-75,-3488
9180,1954,-12360,-3913,3185,-672,-3456
-7086,242,19666,3925,-3461,214,-3424
4664,-8032,17980,-1173,2241,-455,-3456
2186,586,-7270,-1238,1497,166,-3456
-9336,1088,28992,1879,-2172,470,-3456
7124,1024,6886,-1474,1753,-298,-3456
-2494,-4848,2670,-549,1387,-286,-3456
870,-394,3548,694,-1232,47,-3456
3658,1632,7974,64,542,-480,-3456
-176,-4356,1508,-539,1855,-493,-3456
-852,1718,6110,705,-1206,-84,-3488
-1642,-430,14956,1784,-1157,-98,-3440
7778,-4790,-11012,-3092,3593,-550,-3424
-2596,4124,6288,2469,-2868,206,-3456
1384,-5202,24486,-231,1371,-295,-3472
2268,5002,-6452,-1644,1686,97,-3440
-6744,3230,17814,1446,-2492,401,-3504
5352,1854,12396,-1277,981,-474,-3472
-5778,-6250,6134,-533,716,-112,-3440
-1230,-308,9280,407,-1249,-73,-3440
2016,3162,12150,95,-132,-433,-3472
-366,-7036,3664,-427,1661,-401,-3440
1602,2468,304,321,-1233,8,-3440
-3436,12,20708,2197,-2046,-76,-3440
6974,-9834,-10138,-3427,3591,-595,-3456
1524,7454,-3412,2828,-3108,185,-3456
-1478,-3946,30926,248,747,-308,-3456
3888,5828,-10116,-2030,2207,16,-3456
-5330,2982,13410,1948,-2656,459,-3456
5050,-290,14994,-1213,1093,-406,-3488
20,-2652,414,-627,1214,-192,-3440
-2138,-368,11450,743,-1524,43,-3456
2686,3430,12086,-17,68,-467,-3456
-1008,-7036,5710,-392,1722,-429,-3456
-4460,970,14696,582,-1532,-5,-3472
-3028,2510,22602,2022,-1747,-149,-3472
5850,-13746,-6342,-3263,3966,-581,-3472
5402,8882,-9694,2429,-2856,163,-3440
6950,-8944,11686,549,770,-331,-3472
3460,3794,-11228,-2222,2793,122,-3472
-3062,2852,6150,2006,-2251,442,-3472
4538,-704,15426,-1054,1591,-407,-3472
-910,-3708,-106,-532,1592,-161,-3440
-1280,-826,8134,813,-1103,9,-3472
2852,4420,11792,-116,356,-521,-3440
-3138,-6976,10010,-30,1654,-453,-3472
-2004,2536,8872,-15,-806,-65,-3472
-4126,6642,24680,1883,-2015,-146,-3440
4052,-16174,800,-2388,3926,-471,-3440
6248,10498,-13474,1073,-2134,152,-3440
4350,-7510,19302,1498,-234,-206,-3440
1092,-202,-8582,-2063,2455,104,-3440
-946,3308,-2010,1175,-2048,356,-3440
3992,1490,14004,-1187,819,-484,-3456
-4120,-5564,1120,-419,601,-41,-3456
3474,-620,1962,505,-990,-144,-3488
1678,5194,13316,26,-287,-454,-3456
-2840,-6782,12732,-83,1406,-339,-3456
-408,2588,5928,-85,-948,-13,-3456
-4186,9188,25050,582,-2409,-137,-3472
2184,-18000,8052,-143,2205,-194,-3440
7884,10344,-17350,-2161,5,-159,-3472
-612,1950,19664,3305,-2023,-88,-3472
1836,-2074,-5386,-1552,2255,79,-3504
230,4982,-4832,337,-1016,327,-3472
3854,-164,14678,-435,382,-507,-3472
-5790,-4774,13952,-149,417,15,-3472
1572,-478,1940,296,-367,-77,-3472
4638,594,-834,-1086,398,-625,-3488
-5098,-5866,17370,1410,-766,-133,-3456
1968,-1376,842,-700,781,-31,-3456
9182,13220,-6534,-2176,-794,-343,-3424
-12594,-6532,32767,2762,-1052,14,-3456
8728,8176,-17588,-4064,2599,-422,-3456
1698,2718,12370,2646,-1306,60,-3488
-8502,-2544,30636,-102,362,278,-3456
2126,5640,-5504,-947,685,150,-3440
3150,282,12272,-433,864,-507,-3504
-6492,-3688,15578,625,-1106,106,-3440
3220,708,2732,24,835,-353,-3456
2602,-1466,-474,-1054,1568,-635,-3456
-5090,570,15684,1530,-1493,-113,-3424
974,-2068,5260,1001,85,-10,-3472
9630,6776,-11556,-4084,2124,-577,-3472
-10530,-2016,29074,4405,-3577,133,-3472
5660,-7834,12612,-2510,2789,-342,-3472
2934,5630,1760,-571,295,134,-3504
-10174,1054,31664,1747,-2412,425,-3472
6064,2864,6490,-1732,1298,-326,-3472
-2408,-4690,944,-564,787,-223,-3472
-4670,-2266,14884,676,-1746,-19,-3472
2956,624,6030,151,639,-378,-3424
1508,-4160,-778,-1069,1148,-512,-3456
-1424,1670,8800,1375,-1740,-10,-3424
-472,-2898,9954,1341,-440,14,-3488
8798,752,-13614,-3977,2410,-562,-3456
-6400,1338,17702,4510,-3794,108,-3456
3006,-7526,21186,-1978,2478,-364,-3456
4776,6670,-4418,-769,656,53,-3424
-9490,1298,29648,1994,-2503,436,-3488
6246,934,8938,-1826,1349,-265,-3456
1614,-1354,4714,-434,892,-295,-3472
-5150,-704,16250,623,-1505,78,-3456
3340,1338,7994,146,311,-359,-3488
660,-5386,1230,-928,1586,-532,-3456
-7076,-1256,20194,1215,-1695,-29,-3472
-1162,-616,15660,1563,-928,-74,-3440
8048,-5206,-11434,-3891,3092,-643,-3440
-1662,4206,6372,4016,-3543,168,-3472
8564,-5822,-1418,-1316,2415,-382,-3440
4242,6166,-7850,-1258,1409,118,-3440
-7022,2264,20560,1954,-2156,462,-3440
5726,-144,11360,-1617,1783,-289,-3472
406,-2288,2230,-519,1413,-243,-3472
-4150,-210,12976,664,-1197,48,-3472
3008,3262,10038,121,454,-462,-3472
-1594,-6412,4636,-662,1902,-536,-3472
-5174,746,15604,766,-1296,-94,-3440
-3066,1734,20640,1951,-1340,-74,-3440
6772,-9682,-8272,-3543,3705,-606,-3472
1314,6970,-2630,3260,-3180,230,-3472
7600,-6410,5596,-363,1292,-291,-3440
1580,3142,-8380,-1652,1724,127,-3440
-4282,2970,8488,950,-1857,325,-3424
4634,2292,13374,-1106,669,-499,-3456
-6304,-5914,8724,-254,330,-38,-3456
4142,-226,-914,215,-663,-154,-3456
2144,3972,12538,-155,-294,-476,-3456
-1398,-6342,7638,186,1009,-301,-3456
1948,798,516,-233,-511,-38,-3456
-3918,4256,21894,1496,-2151,-88,-3440
5068,-14354,-2918,-1194,2883,-330,-3488
4916,10010,-10350,-643,-1157,-6,-3456
-1778,-1646,28568,2143,-930,-203,-3504
2816,2550,-9100,-2112,2626,40,-3472
-3078,3658,4142,1293,-2056,410,-3440
4768,-100,15278,-745,803,-489,-3472
-4826,-5576,9310,-404,901,-70,-3472
40,-222,6530,424,-964,-44,-3440
2654,4404,12900,-162,-136,-494,-3472
-2370,-6988,10222,285,1223,-301,-3440
1818,640,-276,-361,-532,-28,-3472
-3154,6858,23844,1290,-2087,-197,-3456
3396,-15878,2878,-1640,3308,-368,-3488
7258,10650,-14044,-238,-1383,105,-3456
-800,-44,24894,2102,-496,-250,-3456
2014,38,-7766,-1845,2915,166,-3456
-1012,3216,-108,1164,-1520,433,-3488
4642,226,13638,-669,1152,-491,-3456
-2320,-5064,1332,-329,1334,-137,-3408
1306,-596,2484,471,-447,-51,-3456
2750,4786,11976,-147,179,-560,-3488
-4092,-6100,12664,97,1534,-353,-3440
-1056,2090,6818,-98,-494,-89,-3472
-3042,9862,23416,770,-2036,-179,-3456
1192,-17426,10030,-684,2669,-248,-3456
7302,10354,-15498,-1576,-587,-75,-3456
1572,-6288,26148,2349,-961,-96,-3472
-72,-3506,-5190,-1472,1993,75,-3456
1112,3968,-4852,791,-1452,318,-3440
3248,1120,12458,-948,506,-524,-3440
-4994,-5696,3524,-89,50,30,-3440
4384,-462,168,239,-381,-186,-3472
2452,5806,11310,-339,-259,-479,-3472
-4986,-5800,17572,426,775,-232,-3472
858,2766,1862,-695,-83,-41,-3440
-2578,11868,22024,880,-2483,-168,-3472
-1030,-18192,18084,-362,2372,-235,-3472
7692,9000,-17368,-1996,-225,-85,-3472
-1280,-5326,32767,2982,-1790,-136,-3488
1196,-3854,-1314,-2021,2721,60,-3456
1902,6126,-6358,835,-1574,367,-3456
3316,-192,12576,-574,524,-498,-3456
-3086,-4972,3590,-240,736,-15,-3456
2004,-336,1040,475,-741,-45,-3456
4148,5068,9084,-493,43,-508,-3456
-534,-6482,4484,299,885,-314,-3472
666,1866,1488,-585,-208,-56,-3456
1190,13528,16062,846,-2088,-204,-3472
-3962,-16592,24968,-634,2823,-283,-3472
3808,8260,-5992,-1626,-402,-48,-3440
-2100,-3104,32767,2921,-1427,-98,-3408
238,-5318,3886,-1916,2951,124,-3440
3598,6640,-7160,738,-1057,356,-3472
4622,-1276,15050,-390,977,-489,-3440
-3610,-5454,4704,-95,1040,-22,-3440
1856,-980,1360,710,-343,-93,-3472
3986,3732,5764,-515,431,-591,-3456
-2214,-6838,8204,717,631,-306,-3424
974,1056,862,-521,170,-82,-3456
3858,14814,8558,172,-1842,-219,-3456
-7648,-12772,32698,2,2154,-176,-3456
4904,9706,-10774,-2726,478,-189,-3472
-1300,-638,27720,2664,-1402,-4,-3472
-4834,-5054,14344,-834,1018,131,-3440
5794,4986,-3956,259,-614,247,-3456
3994,1000,13342,-918,533,-483,-3456
-5926,-5818,10010,274,-483,48,-3488
3572,-22,564,180,79,-197,-3456
3700,2614,3394,-470,-115,-472,-3456
-2038,-6570,10888,827,-63,-197,-3456
2258,-654,-74,-603,397,-21,-3456
4902,14162,3730,-717,-1802,-221,-3456
3216,-16442,4790,650,1384,-118,-3440
6970,10522,-14570,-2800,544,-235,-3440
-1384,710,23272,3224,-1877,4,-3440
-5120,-4778,21574,-1316,1641,72,-3440
-896,4492,-796,6,-687,263,-3440
3770,-436,14374,-470,604,-498,-3440
-4898,-3892,10616,-91,-16,71,-3440
2674,-30,2588,360,-289,-156,-3440
3600,4672,9612,-868,356,-564,-3440
-4314,-5342,14952,967,-259,-184,-3472
1436,-1092,2548,-468,335,-55,-3472
8044,12066,-2834,-768,-1389,-303,-3488
138,-16386,13446,1001,930,-99,-3456
8084,8612,-14326,-3049,922,-284,-3424
992,2240,16070,2773,-1163,4,-3456
-7052,-2368,25802,-895,1494,216,-3488
860,4232,-2448,-220,-2,271,-3456
3554,-144,11156,-555,1114,-530,-3488
-6130,-4008,14514,444,-127,64,-3456
1682,-92,1290,283,170,-144,-3472
3792,3724,7580,-652,743,-631,-3440
-6308,-3438,17940,1015,-165,-230,-3440
788,-1960,6154,-135,537,-46,-3440
2438,13724,12102,-1897,-557,-354,-3440
-5498,-13374,27420,2171,-501,30,-3472
7878,3876,-10002,-3455,1610,-336,-3440
1962,5126,4612,1736,-972,78,-3472
-3974,-5244,8786,213,-283,271,-3472
4204,4188,-3212,-818,355,11,-3440
2290,-52,4928,-972,728,-441,-3472
-5302,-2704,15768,900,-1567,99,-3472
4288,-400,-1400,-109,827,-275,-3440
3926,3350,4794,-848,261,-514,-3472
-7186,-2900,22812,1539,-1132,-85,-3440
434,-2798,7908,-314,818,-6,-3440
3518,13860,7506,-2525,-380,-350,-3472
-8150,-11930,32767,3305,-1885,66,-3440
7524,282,-8392,-3699,2107,-413,-3456
4374,6156,-2142,2348,-1299,40,-3456
-3704,-5022,16156,199,-348,202,-3456
5124,5720,-4058,-1257,588,132,-3456
2490,-648,4204,-596,635,-523,-3456
-6462,-1624,18654,568,-1090,151,-3456
2900,326,-122,-36,541,-191,-3456
4800,2812,3024,-1103,643,-594,-3424
-7986,-1824,22686,1478,-1208,-140,-3456
1812,-2,116,-388,627,-39,-3472
7252,14340,280,-2732,-165,-437,-3472
-10946,-9222,32767,3202,-1719,72,-3472
8958,-3916,-5614,-3020,3408,-480,-3472
4930,6678,-7470,94,201,160,-3472
-8766,1600,27104,1780,-1885,407,-3472
6316,5200,-3332,-1972,1885,-166,-3440
1236,-1386,2388,-593,1282,-424,-3424
-5924,-616,16506,886,-1389,119,-3456
3316,2606,9152,94,891,-393,-3424
4166,236,-366,-1169,1617,-652,-3488
-7182,-62,19656,1741,-1761,-87,-3456
-1742,-760,17892,2079,-1128,-75,-3424
7976,-6492,-13108,-4016,3796,-618,-3488
-1748,5000,3144,4260,-3777,232,-3440
8048,-5320,808,-1292,1985,-332,-3440
3102,5706,-9904,-1674,1440,99,-3440
-5956,3434,15274,1759,-2753,430,-3440
4418,1736,15070,-1465,1141,-383,-3472
-270,-3750,-1050,-700,1053,-159,-3472
-1150,-1104,10574,753,-1579,-56,-3456
1784,3406,12294,51,128,-403,-3440
72,-7442,3808,-631,1685,-496,-3440
-4632,442,15874,785,-1689,23,-3408
-3420,864,20838,2276,-1444,-40,-3472
6864,-12036,-9936,-3583,3687,-584,-3472
3044,8472,-7068,3183,-3299,152,-3440
5828,-9194,10330,256,563,-295,-3440
4494,5924,-12836,-2424,2485,23,-3440
-4926,3012,10570,2418,-2927,480,-3440
4244,-436,17358,-1332,1158,-392,-3472
518,-2758,-1172,-653,1362,-216,-3456
-2084,-312,11114,840,-1808,74,-3424
2542,3678,13318,107,130,-437,-3488
-1042,-7296,5928,-673,1918,-491,-3456
-4260,1206,14368,716,-1713,34,-3456
-3240,3912,23816,1920,-1600,-124,-3456
5716,-14092,-4548,-3464,4013,-658,-3456
-10030,-1578,27696,3364,-3304,240,-3472
6072,-8892,14994,383,844,-360,-3456
3376,2538,-10480,-1943,2429,126,-3472
-2948,2662,5552,2216,-2411,476,-3472
7322,1724,4872,-1297,1725,-342,-3472
-794,-3664,8,-662,1619,-241,-3440
-746,-540,6534,791,-1258,17,-3472
2554,3798,12088,91,452,-467,-3408
876,-3364,-748,-435,1887,-463,-3440
-2322,1092,10274,654,-1158,-91,-3472
-3358,7852,22850,1779,-1654,-90,-3440
3214,-16448,3900,-3279,3732,-568,-3424
-6308,1760,16270,2442,-2908,167,-3456
2802,-7086,21768,352,758,-216,-3456
960,-982,-7610,-2005,2115,62,-3424
-416,2594,-1116,1650,-2558,380,-3456
5798,2082,9408,-1380,1095,-472,-3424
-4504,-5520,3884,-206,356,-40,-3440
3424,-1034,1788,297,-663,-149,-3456
2272,5148,10686,-102,-226,-442,-3456
-3772,-5908,15492,114,1102,-310,-3456
458,2600,3470,-361,-478,-11,-3456
-2588,10458,21938,1389,-2406,-146,-3488
134,-17022,14196,-1394,3011,-316,-3456
-1672,4910,4568,225,-1634,51,-3440
4,-5868,28910,2106,-944,-171,-3472
1460,-2686,-2402,-2052,2672,0,-3440
1198,5144,-4186,1299,-2028,381,-3440
5450,80,12328,-879,859,-469,-3472
-3014,-4492,4068,-291,759,-54,-3408
1490,-690,2736,485,-923,-35,-3472
3922,4188,8278,-382,122,-497,-3440
-822,-5892,5234,344,777,-289,-3440
414,1130,2612,-360,-382,-92,-3472
2142,13200,13166,848,-2025,-210,-3456
-4376,-14798,25076,-961,2915,-337,-3456
3458,7836,-5030,-1004,-913,-31,-3456
-1240,-2934,29502,2365,-710,-170,-3456
-196,-4500,5294,-1743,2643,129,-3456
3304,5582,-4928,779,-1167,341,-3456
4878,-266,13110,-657,1189,-485,-3456
-4110,-5482,7132,7,870,6,-3424
2054,-896,1396,449,-253,-76,-3456
2868,3906,10930,-292,308,-583,-3472
-2800,-6414,9462,633,722,-327,-3440
1304,1320,706,-521,109,-129,-3440
4236,14172,7050,455,-1895,-190,-3472
4474,-14148,-136,-438,2445,-190,-3472
5022,9592,-10254,-1604,-516,-79,-3440
-810,-588,25686,2311,-872,-51,-3440
-5398,-4714,15432,-1001,1313,94,-3472
-1816,2928,626,270,-728,227,-3440
4172,1622,12516,-928,520,-483,-3472
-6306,-5646,11704,184,-392,50,-3472
3832,-272,298,125,-141,-195,-3456
2046,4718,12122,-468,-75,-451,-3440
-2950,-5594,12814,809,-25,-215,-3440
2198,-988,664,-619,381,-39,-3440
5384,13950,1558,-503,-1894,-210,-3472
2308,-16770,7444,949,1023,-38,-3440
7132,10698,-14572,-3036,719,-280,-3472
-628,960,21094,3101,-1695,-30,-3472
-6000,-4628,23746,-1357,1749,87,-3456
-656,5070,-2538,81,-830,326,-3456
4246,228,13764,-535,554,-518,-3456
-5708,-4552,13606,-16,124,40,-3456
3240,242,1156,-24,475,-172,-3456
4326,1116,-8,-1185,589,-634,-3456
-4884,-6398,16316,1488,-982,-149,-3440
2208,-962,396,-525,784,-43,-3440
8426,12674,-4252,-2359,-501,-376,-3440
-11702,-7218,32767,2898,-1340,56,-3440
8622,9028,-15886,-3927,2582,-445,-3440
1386,2398,14820,2224,-977,89,-3440
-7680,-2638,28428,294,-65,323,-3472
7100,4090,-1346,-1354,1148,89,-3440
3566,118,12046,-442,1039,-478,-3440
-6640,-4660,15906,679,-854,102,-3472
3406,420,1872,112,669,-220,-3456
3134,-1536,-738,-916,985,-651,-3456
-6364,-3984,18208,1390,-873,-143,-3456
1302,-1710,4298,11,764,-28,-3456
9282,8650,-9774,-3131,246,-467,-3456
-11634,-3058,32380,3693,-2221,112,-3456
7956,5204,-12946,-3738,2701,-410,-3456
2694,5316,4882,1184,-852,128,-3456
-10094,162,32160,995,-1374,359,-3456
4078,4264,-5472,-1303,874,-23,-3472
2346,270,5776,-875,715,-436,-3472
-5930,-3130,17194,999,-1824,117,-3440
2918,-92,5132,-75,968,-322,-3440
3842,4380,6190,-1114,467,-535,-3472
-7452,-3804,23318,1842,-1515,-80,-3440
1522,-3382,5184,-180,929,-34,-3472
9358,5042,-14518,-3219,81,-379,-3440
-7148,-13504,32767,4098,-2791,67,-3440
7116,1812,-11352,-3813,3035,-426,-3472
5026,6166,-2562,1494,-909,107,-3472
-11008,326,32767,1044,-1478,307,-3440
4670,6614,-6302,-1926,1247,-45,-3472
2682,-246,5686,-428,629,-431,-3472
-6828,-1772,19940,653,-1448,123,-3472
3926,740,5778,-69,763,-272,-3472
4700,4102,4574,-1292,855,-605,-3472
-8262,-2440,23142,1574,-1451,-102,-3456
644,-2566,10332,103,505,-8,-3424
9306,60,-14928,-3651,873,-520,-3424
-10362,-10472,32767,4274,-3174,71,-3456
8588,-2838,-7910,-3634,3505,-485,-3456
5580,7464,-7230,1010,-454,146,-3456
-4680,-5172,21202,877,-966,370,-3472
6228,5626,-4990,-2047,1796,-63,-3488
1256,-1382,3726,-452,1280,-272,-3440
-6104,-558,17040,790,-1318,65,-3440
3206,2174,8266,200,714,-411,-3440
8,-5896,598,-1053,1843,-621,-3472
-7566,-686,20660,1349,-1630,-84,-3440
-1440,-1618,16214,1715,-640,-34,-3440
8442,-4008,-13714,-4279,3210,-608,-3440
-2776,4090,7474,4417,-3752,187,-3472
7662,-4300,-1820,-2110,2585,-325,-3456
3318,6294,-9342,-1103,772,137,-3456
-7008,2556,18380,1701,-2610,436,-3456
4470,1278,12762,-1734,1360,-361,-3456
-604,-3738,1376,-464,675,-182,-3456
-1354,-854,10902,637,-1585,-59,-3488
2362,3562,10346,84,277,-400,-3456
3186,-1578,-144,-822,1305,-474,-3440
-4228,622,14824,782,-1530,5,-3424
-3148,564,18986,1978,-1027,9,-3456
