AcX,AcY,AcZ,GyX,GyY,GyZ,Tmp
5976,-22658,21822,2824,1189,-98,-2736
2032,10174,9454,-1992,-420,-127,-2768
-4482,10820,438,-1700,-1222,286,-2736
4876,-9124,3516,1687,1496,-339,-2736
1728,2722,8168,-303,928,-224,-2768
6062,-1182,13054,2575,2663,-758,-2752
-3048,-19090,23284,-2337,-984,881,-2752
-2578,32767,-6756,-2110,-238,-1407,-2752
3268,-32768,28118,5198,2206,-383,-2720
1880,-30160,23130,-2263,-1659,2109,-2720
3864,8072,2758,1111,538,-1084,-2752
5234,-23702,22594,2486,1086,-7,-2768
2928,14552,7144,-2457,-591,-140,-2752
-5102,13954,330,-1355,-650,185,-2720
7468,-20104,17376,1538,1516,-192,-2736
2160,4154,7644,-330,1159,-258,-2720
6052,-5080,13910,2887,2597,-708,-2752
-4972,-12404,20024,-3133,-1284,892,-2752
-1512,32767,-7814,-3419,-834,-1114,-2736
2728,-5858,224,5517,2195,-799,-2736
-8624,26636,5708,-3507,-2207,1946,-2736
4238,3518,3384,2120,679,-1188,-2736
4418,-24036,22578,1444,487,140,-2768
2918,19248,5116,-2327,-608,-274,-2768
1060,-2542,11268,93,676,6,-2736
7094,-18088,17016,307,993,-19,-2768
2148,5320,7528,120,1282,-349,-2768
2056,18844,3998,2582,2889,-1017,-2720
-7268,-2800,15086,-1011,-325,1040,-2768
-830,32767,-8354,-3885,-1058,-1022,-2736
4874,-16578,4184,5484,2130,-993,-2736
-1510,-19354,24306,-3083,-2069,2126,-2736
4588,-1656,3690,1769,714,-1216,-2704
3212,-24334,22092,1908,816,80,-2736
2994,22926,3456,-2599,-662,-215,-2736
-4028,13732,3176,-108,426,9,-2736
6446,-15476,15482,625,1127,-99,-2736
2382,5372,7294,81,1305,-353,-2736
4352,-10358,14790,2382,1601,-417,-2736
-8312,3944,10008,-4552,-1758,335,-2736
4996,-13232,2432,2073,1241,-1836,-2736
-2142,-32768,30954,928,190,1019,-2784
-8680,32767,-2804,-4661,-2998,-205,-2752
4636,-8156,4076,3540,433,-688,-2736
1064,-20270,19042,-1010,-1174,279,-2768
2618,24952,1586,-2156,-614,-319,-2736
-3328,13446,4272,157,775,-85,-2704
5394,-12980,14196,178,845,-18,-2768
2536,5678,6790,34,1344,-376,-2720
3382,-11384,14766,2748,2014,-464,-2736
-9048,10010,6524,-4471,-1733,531,-2736
352,26812,-7614,1427,1035,-1941,-2736
-3930,-29368,28612,2518,985,651,-2704
-8400,32767,-5764,-5044,-3064,322,-2736
5166,-13660,3864,3568,240,-450,-2768
-454,-16566,16132,-1502,-1463,277,-2736
-672,8406,2178,177,-280,-609,-2768
1402,-13812,15818,1216,1389,-186,-2736
4234,-8788,11774,-1877,-629,309,-2768
2180,5676,6324,578,1050,-415,-2768
-3836,-1512,8986,186,-4,-80,-2768
-3564,29256,-3448,-2666,-63,-607,-2736
5872,-28908,12096,3749,1708,-263,-2752
-6178,-17260,23358,-3942,-1761,1239,-2752
-1204,12334,-6848,905,-636,-1919,-2720
3372,-32768,20924,1015,-575,1544,-2752
-1348,23612,-1126,-1975,-925,-507,-2752
400,4190,4056,3002,1025,-319,-2720
1910,9016,10034,-1531,-228,-110,-2752
-4074,11348,404,-1900,-1370,283,-2720
4702,-9414,3836,1655,1424,-355,-2720
-3484,522,8214,-507,734,-155,-2752
6304,-1518,13398,2151,2818,-967,-2752
-3084,-18944,23848,-1108,-393,885,-2752
-2546,32767,-6620,-3650,-992,-991,-2752
3598,-32768,27864,5462,2279,-631,-2736
-7496,18860,10200,-3302,-2121,1982,-2752
3758,9168,2732,2041,696,-1212,-2752
5342,-23436,22540,1065,145,162,-2736
572,21774,-560,-2130,-523,-364,-2704
-24,2574,9392,125,699,-47,-2736
7480,-19484,16952,194,848,-35,-2736
2068,3378,8062,195,1303,-333,-2736
-1500,-7492,12152,1991,1192,-319,-2736
-9194,25116,-3756,-4752,-1739,191,-2736
2758,5852,-4598,2769,1442,-1719,-2768
2014,-32768,30226,1693,602,845,-2720
-8228,25166,6116,-5132,-3084,336,-2704
6606,-30080,7128,3594,166,-445,-2736
-4334,1128,6662,-1602,-1533,255,-2704
-538,18686,-420,161,-263,-627,-2736
890,-1576,10894,1226,1449,-196,-2768
-880,1816,3774,-1844,-675,338,-2736
2696,2724,2158,532,910,-408,-2736
-2532,-7372,11762,262,-34,-115,-2736
-8442,29344,-5852,-2780,-155,-637,-2736
3372,-32768,26158,4204,1925,-592,-2736
-7326,11848,8068,-3296,-1606,1476,-2768
-6706,32000,-9830,-331,-1310,-1774,-2768
6598,-32768,10088,1714,-468,1296,-2736
2934,24700,-2382,-2580,-1431,-324,-2736
3920,-7832,11582,2818,803,-464,-2736
-152,-10454,16516,-936,-7,-78,-2736
-1772,5704,1304,-2277,-1586,303,-2768
6436,-18896,11250,1706,1273,-346,-2768
-746,2128,7720,-647,676,-179,-2720
3428,14154,6656,2240,2846,-1039,-2752
1712,-32768,28678,-1064,-383,1006,-2752
-478,31120,-8216,-3809,-1026,-1014,-2752
5470,-24414,9350,5445,2081,-928,-2720
-2934,-11808,22764,-3157,-2056,2075,-2752
3660,22492,-1712,1926,767,-1254,-2752
1352,-21646,20088,1777,690,163,-2752
2732,24632,1854,-2506,-673,-256,-2720
-3580,13354,3970,-173,387,2,-2752
6878,-20138,13026,635,1125,-91,-2752
2346,5166,7052,97,1347,-337,-2752
3212,-10514,14396,2390,1632,-386,-2752
-8766,8714,6652,-4590,-1783,299,-2752
5224,-19276,5836,2801,1485,-1691,-2736
-3772,-29402,28300,1619,525,873,-2752
-8520,32767,-5766,-4884,-3073,-25,-2752
5262,-14188,4120,3619,143,-206,-2752
-776,-16172,15962,-2103,-1734,281,-2752
-682,8076,2170,698,-123,-636,-2720
1040,-13972,15934,1119,1348,-195,-2752
3888,-8816,11458,-2127,-955,352,-2720
2398,5580,5808,694,958,-427,-2752
-3670,-1804,8784,-73,-95,-76,-2752
-3714,29128,-3694,-2046,410,-751,-2752
6080,-29278,11838,3864,1782,-282,-2720
-3690,32767,-4906,-4366,-1775,1069,-2736
-1352,11960,-6458,976,-648,-1895,-2752
3110,-32768,21022,1029,-580,1549,-2720
-1208,22326,-1032,-1869,-935,-499,-2720
5808,-20886,20960,2965,1095,-226,-2704
2090,8614,9796,-1841,-421,-116,-2768
-4514,12186,-24,-1857,-1232,299,-2736
4870,-10028,3624,1834,1518,-326,-2768
1412,3058,7698,-423,898,-217,-2736
6526,-2850,13412,2684,2823,-890,-2736
-4072,-16458,22882,-2146,-879,1019,-2736
-1708,32767,-7598,-2561,-440,-1437,-2736
3106,-32768,29858,5443,2336,-505,-2768
-8480,22652,8554,-4109,-2506,1796,-2736
4044,6898,2748,2694,738,-1191,-2736
5188,-24894,22896,872,17,203,-2704
146,20574,-1042,-1966,-514,-401,-2736
78,-60,10150,375,761,-32,-2736
7642,-18560,16170,-102,747,-51,-2736
1946,3590,8028,268,1283,-330,-2736
-2102,-6636,11178,1381,620,-245,-2720
-8884,26678,-4688,-4533,-1584,-66,-2752
3266,1144,-3394,3652,1712,-1400,-2720
1112,-32768,30894,-631,-536,1280,-2720
-7052,32767,-9562,-3552,-2746,-788,-2752
6394,-31946,8510,3308,-82,388,-2752
-4358,4234,5558,-2843,-1900,108,-2720
-398,17084,-130,1885,282,-660,-2752
530,-11924,16798,556,945,-205,-2752
-1412,2838,3030,-1940,-780,335,-2736
2790,1988,1886,463,967,-416,-2720
-2922,-6530,11322,472,54,-106,-2720
-8050,29598,-5938,-3823,-984,-388,-2736
4660,-6724,-1522,4315,1895,-999,-2736
-7048,14086,6600,-2259,-1245,1544,-2736
-6068,30628,-9650,-2748,-2400,-1234,-2752
6684,-32768,10934,3268,-85,429,-2736
-4562,9426,3960,-2906,-1940,135,-2736
-976,14764,-64,1834,224,-654,-2736
476,-8906,16208,596,890,-139,-2736
-2274,5758,1296,-2477,-1456,371,-2736
3088,-842,1528,1121,983,-423,-2736
-3562,-3910,9996,-676,-98,-85,-2736
3944,12768,7532,-292,1593,-1066,-2736
1596,-32768,28932,2417,1243,288,-2768
-6230,22658,1956,-4989,-1762,248,-2720
-5078,26048,-9266,3988,973,-1676,-2752
-3500,-8648,22306,-1150,-1318,2136,-2720
4036,21912,-1442,-98,155,-1000,-2752
5508,-13774,15956,2840,1259,-91,-2752
478,-3974,14892,-2613,-611,-84,-2752
-2928,11824,5156,-1204,-623,162,-2752
6966,-20106,13840,1589,1552,-251,-2720
448,2266,7818,-179,1177,-282,-2720
4916,7180,10070,2820,2533,-688,-2752
-9238,12332,4550,-3287,-1334,846,-2752
152,24754,-7464,-811,232,-1712,-2752
5366,-32768,17642,4363,1888,23,-2752
-8264,32767,-6540,-5007,-2898,869,-2768
5694,-15986,3928,3235,583,-897,-2720
-1274,-15028,15324,-252,-739,253,-2720
1626,25102,-4,-1132,-493,-466,-2784
1204,-14748,16564,1117,1433,-217,-2736
3650,-8118,10910,-1308,-231,234,-2736
2338,5688,5622,305,1051,-429,-2736
1026,-10932,13908,785,267,-142,-2768
-3164,28166,-2490,-3615,-842,-389,-2736
5718,-28752,13380,4230,1939,-932,-2768
-5996,-15704,22184,-1598,-974,1496,-2752
-8300,32767,-8850,-2699,-2377,-1139,-2752
3320,-32768,21434,2483,-195,887,-2736
-720,22726,-942,-2891,-1811,17,-2752
614,3018,5100,2301,450,-603,-2720
890,-16010,17294,211,613,-160,-2752
-4832,13864,-266,-2567,-1630,362,-2736
4978,-11422,4048,1410,1114,-396,-2784
-3154,404,7834,-816,232,-110,-2736
-848,24854,164,1320,2489,-1104,-2736
-4980,-14252,21922,430,306,787,-2736
-2012,32767,-7802,-4843,-1611,-321,-2736
1918,-318,-3030,4751,1553,-1387,-2768
872,-28946,23908,-1970,-1625,2203,-2768
3920,7130,2788,787,495,-1114,-2736
5138,-24244,22672,2431,1126,20,-2736
2434,17122,6368,-2797,-748,-141,-2768
-4620,12894,1164,-846,-322,112,-2736
5426,-13326,6262,1677,1464,-309,-2704
-2574,1186,7918,-414,899,-190,-2768
5990,-6744,14742,2678,2807,-828,-2752
-5478,-9176,18116,-2261,-954,947,-2752
-1134,32767,-8062,-2339,-348,-1383,-2752
3122,-9166,1556,5320,2264,-455,-2752
-8928,28816,3920,-4150,-2555,1689,-2720
3924,1284,3436,2767,689,-1148,-2720
3776,-24414,22102,707,-108,209,-2720
3228,20916,4142,-1860,-561,-383,-2720
560,-3556,11196,347,803,-46,-2752
6920,-17018,16066,-80,665,-30,-2720
2202,4090,7798,226,1237,-322,-2720
-2884,-5792,10970,1444,684,-231,-2736
-7956,28156,-5330,-4734,-1740,67,-2752
4190,-5390,-1334,3229,1621,-1657,-2720
-478,-32768,31626,101,-154,1178,-2720
-6138,30410,-9274,-3528,-2696,-865,-2768
6106,-32768,11210,3456,-27,203,-2752
-4340,8992,3686,-2341,-1840,193,-2736
-856,14030,348,1043,-70,-637,-2768
1392,-7166,13036,1096,1322,-183,-2736
-2604,5648,1314,-2226,-1099,409,-2736
3324,92,1014,742,925,-389,-2736
-3632,-4816,10650,-216,-131,-74,-2768
-6604,30714,-6138,-1684,711,-811,-2768
1208,-32768,29282,3636,1696,-179,-2736
-6248,23436,1516,-4165,-1792,1190,-2736
-4720,25426,-9294,2449,130,-1958,-2784
5902,-32768,14876,-18,-918,1927,-2720
-4232,16096,1888,-2977,-1723,-186,-2752
-1028,11988,614,2625,610,-543,-2720
590,-3482,14650,-345,258,-95,-2752
-3148,9180,58,-2459,-1602,333,-2720
3546,-3992,1750,1474,1160,-400,-2752
536,2660,7934,-634,457,-154,-2736
5360,7096,10192,1191,2455,-1088,-2752
-134,-29574,28526,663,526,686,-2752
-4744,29120,-2454,-4837,-1596,-284,-2752
5656,-32768,18634,5159,1853,-1166,-2768
-4996,1404,18692,-1934,-1590,2170,-2752
4096,17590,314,1276,612,-1139,-2736
5970,-18422,19350,2143,984,37,-2768
2064,24934,32,-2646,-665,-190,-2736
-1986,9728,6500,-585,94,68,-2736
7554,-21218,16080,1008,1300,-178,-2736
1604,2186,7928,8,1322,-311,-2736
934,-10054,13514,2606,1940,-466,-2736
-9606,18112,604,-4383,-1730,519,-2768
1110,17958,-6602,1305,1019,-1912,-2768
4504,-32768,24366,2565,1035,633,-2736
-7846,32767,-8438,-5120,-3072,334,-2736
6364,-22888,4386,3621,251,-448,-2736
-3086,-8372,11192,-1622,-1535,277,-2768
474,23302,-470,186,-291,-601,-2736
1080,-16482,17776,1339,1494,-225,-2768
1344,-2792,7414,-2002,-724,342,-2736
2536,5096,3996,467,1025,-445,-2720
-954,-10374,13292,523,104,-129,-2752
-812,25000,358,-2535,-19,-678,-2768
4866,-32768,20922,4242,1895,-703,-2720
-7390,-188,14548,-2998,-1525,1502,-2752
-7656,32767,-9690,-888,-1591,-1605,-2720
1014,-27844,23714,1536,-399,1325,-2768
1416,24782,-2254,-2629,-1474,-232,-2752
2510,-2414,8638,2894,888,-415,-2768
90,-14108,17478,-1179,-119,-107,-2736
-4404,13566,1474,-2168,-1453,311,-2736
5656,-14644,7530,1630,1333,-371,-2736
-2120,1452,7736,-556,614,-158,-2736
2006,18568,4438,2125,2840,-1009,-2736
-6874,-3778,15164,-911,-310,941,-2736
-1020,32767,-8530,-4037,-1208,-889,-2736
4274,-14748,3396,5381,1991,-1004,-2704
-1352,-19442,23770,-3023,-2033,2081,-2736
4280,-1330,3440,1799,715,-1222,-2768
4082,-8434,12222,2860,1181,-90,-2736
2962,23296,3000,-2471,-592,-108,-2736
-4456,12956,2908,-1162,-630,178,-2752
6192,-17088,9856,1505,1505,-241,-2752
-972,1464,7830,-79,1271,-282,-2752
4662,-9286,14604,2781,2497,-651,-2720
-7480,1040,11486,-3284,-1346,811,-2752
-266,31576,-8218,-766,323,-1681,-2720
4796,-23006,9226,4337,1903,20,-2688
-2512,-12248,22202,-3054,-2012,1985,-2720
4340,-7402,3936,2282,676,-1129,-2768
1214,-21170,19204,1691,561,101,-2784
2820,24450,1432,-2477,-689,-261,-2720
-3580,13378,3932,-225,446,17,-2752
5414,-13582,14156,318,945,-23,-2736
2094,5678,6578,23,1234,-362,-2736
3576,-10722,14562,2210,1371,-325,-2736
-8966,8876,6984,-4711,-1852,398,-2752
400,27708,-7982,2048,1232,-1939,-2720
-3688,-30950,28960,1961,752,859,-2752
-9036,32767,-5594,-5053,-3144,70,-2720
5172,-12666,3336,3640,143,-269,-2752
200,-17828,16734,-1838,-1621,262,-2752
-678,9184,1612,540,-143,-654,-2720
1178,-13498,15590,1211,1324,-184,-2720
4500,-9678,12012,-2022,-861,339,-2752
1948,5316,6156,634,905,-407,-2720
-3816,-1626,8750,-46,-175,-94,-2752
-3996,29686,-4452,-2326,238,-729,-2752
6228,-26712,9450,4022,1871,-382,-2752
-4286,31778,-4030,-4106,-1794,1180,-2736
-2012,15822,-7724,377,-957,-1915,-2752
3924,-32768,20200,1334,-596,1488,-2720
-2198,22574,-586,-2328,-1220,-465,-2720
6160,-21064,20696,3077,1112,-298,-2736
1604,5564,11384,-1674,-305,-83,-2736
-4324,11382,-130,-1989,-1394,284,-2736
4502,-8164,2926,1746,1380,-336,-2736
1508,3096,8052,-508,783,-198,-2736
6148,582,12364,2321,2847,-947,-2736
-2234,-22114,25218,-1284,-426,905,-2768
-3392,32767,-5956,-3455,-897,-1066,-2736
4292,-32768,25974,5468,2148,-817,-2736
-6648,13442,12830,-3452,-2154,1885,-2736
4070,11732,2054,2164,712,-1140,-2768
5748,-22636,22094,1451,464,116,-2736
432,22736,-778,-2314,-698,-281,-2736
-118,4798,8384,60,683,-52,-2736
7668,-21802,18116,377,950,-43,-2736
2210,3758,7666,18,1248,-361,-2736
-1050,-9752,13100,2356,1476,-366,-2768
-9638,25220,-3400,-4842,-1834,286,-2736
2952,7348,-5042,3353,1641,-1651,-2752
2716,-32768,30146,27,-225,1229,-2752
-7470,32767,-9632,-4235,-2869,-587,-2784
3816,5914,3062,3494,393,-685,-2752
-4312,-634,7806,-376,-783,264,-2768
-456,19946,-794,-1873,-568,-373,-2768
896,-932,10616,591,1017,-98,-2736
7246,-18974,17370,-29,775,-17,-2752
2126,4826,7372,279,1265,-389,-2736
-2594,-7294,11732,1745,868,-245,-2736
-8448,29528,-5728,-4711,-1598,-39,-2736
4256,-5780,-1494,3737,1745,-1429,-2736
-166,-32768,32524,-749,-642,1371,-2736
-6604,31722,-9794,-3804,-2767,-821,-2736
6910,-32768,10124,3408,-6,339,-2736
-4856,8530,4548,-2926,-2010,172,-2768
-1084,15536,-356,1803,224,-683,-2736
192,-9774,16676,579,865,-144,-2736
-1374,5194,1654,-2340,-1338,338,-2736
2788,-1176,2200,1054,978,-419,-2768
-3586,-3982,9860,-506,-124,-81,-2736
3466,13210,7514,-402,1510,-934,-2736
1746,-32768,28388,2469,1232,144,-2736
-5798,20508,2578,-4631,-1771,608,-2768
-5338,26368,-8556,2883,386,-1736,-2704
-2970,-9884,21584,-384,-917,1884,-2736
3808,21498,-1414,-701,-162,-801,-2736
5258,-13858,16280,2710,1187,-76,-2720
922,-4140,14676,-2507,-634,-103,-2752
-3528,12086,4314,-1354,-755,193,-2720
6720,-19250,12754,1651,1532,-283,-2752
146,1546,8056,-175,1185,-234,-2720
4320,9870,9126,2695,2580,-701,-2720
-8698,8450,6502,-2897,-1239,849,-2720
312,26862,-7914,-1245,119,-1629,-2720
5104,-32740,16446,4686,2076,-86,-2752
-4588,-1584,19108,-4677,-2759,1265,-2784
4830,-14300,4014,3070,503,-868,-2688
-600,-16656,15580,-39,-620,208,-2720
1922,24678,146,-1295,-500,-471,-2720
-2142,10916,5858,672,1125,-116,-2736
7270,-22120,16014,401,993,-13,-2736
1994,6134,5508,49,1220,-355,-2736
1662,-11592,14158,2617,1781,-417,-2752
-10100,18098,1180,-4738,-1864,443,-2720
1510,19316,-7150,1176,958,-2029,-2736
5574,-32768,23200,2903,1303,556,-2736
-9050,32767,-8360,-5246,-3143,539,-2768
6894,-21792,3562,3699,343,-628,-2736
-2326,-11574,13374,-1294,-1315,292,-2736
1260,24624,-396,-140,-272,-637,-2736
418,-16458,17148,1201,1355,-131,-2736
2518,-4190,8156,-1729,-496,258,-2736
2042,4330,4872,575,999,-412,-2736
20,-9700,13068,308,-48,-114,-2736
-1558,26222,-1298,-3044,-448,-525,-2736
5582,-32440,17190,4064,1932,-492,-2720
-6634,-9470,19196,-3382,-1630,1337,-2752
-8426,32767,-9332,-99,-1212,-1734,-2720
2252,-32230,22972,1632,-464,1305,-2752
-44,25014,-1928,-2479,-1346,-346,-2720
1212,2116,5508,2906,862,-417,-2720
626,-16540,18044,-967,25,-110,-2752
-5176,14508,-108,-2427,-1646,304,-2752
5234,-12438,4972,1832,1299,-355,-2752
-2512,-554,8318,-705,522,-170,-2720
-560,24222,414,1738,2686,-1002,-2752
4762,-32768,20486,2665,1347,120,-2752
-2066,32767,-7700,-4864,-1812,355,-2736
1680,-1196,-1842,3469,720,-1622,-2736
1328,-28190,23402,-802,-1109,1887,-2704
1122,24548,-2118,-275,77,-841,-2736
4666,-23602,22722,2807,1256,-113,-2736
3070,16794,6240,-2394,-662,-115,-2736
-5130,15640,526,-1583,-773,205,-2736
5702,-15114,6742,1831,1514,-262,-2704
2454,4694,7384,-383,1126,-293,-2736
5956,-7498,14384,3055,2778,-760,-2736
-6712,-6526,17202,-3178,-1347,1015,-2736
-1226,32767,-8558,-2032,-244,-1615,-2720
792,-32768,32294,4632,2058,-85,-2768
-8928,30242,3138,-4314,-2615,1607,-2752
4208,780,3304,2786,692,-1139,-2752
3662,-24370,21988,192,-454,257,-2704
-762,17288,-492,-1405,-465,-459,-2768
1072,-5154,12080,772,1118,-76,-2736
6892,-16140,15992,-802,309,75,-2736
2192,4456,7522,364,1191,-385,-2736
-3244,-4872,10384,1214,464,-195,-2736
-7290,29850,-6000,-4326,-1393,-211,-2704
4620,-11590,1188,4082,1853,-1233,-2736
-1780,-32768,31496,-1515,-907,1435,-2768
-5480,27990,-9242,-2938,-2467,-1147,-2768
6368,-32768,12972,3065,-49,624,-2736
-4544,13416,2792,-3026,-1931,48,-2704
-1152,12682,518,2177,323,-652,-2736
1008,-5840,15574,319,726,-142,-2736
-2834,6926,862,-2391,-1546,352,-2736
3418,-2038,1424,1132,1022,-372,-2704
-3802,-3178,9572,-552,256,-91,-2752
4210,10046,9074,705,2218,-978,-2752
892,-31654,28304,1193,700,461,-2752
-5130,25186,-282,-4899,-1657,-31,-2752
-4208,21990,-7462,4287,1253,-1427,-2720
-4000,-3162,19094,-1553,-1351,2015,-2720
3838,19012,-496,434,343,-976,-2752
5442,-16830,18546,2471,1098,-44,-2720
1668,-2,12932,-2668,-707,-129,-2752
-2546,11456,5390,-1149,-395,149,-2752
7216,-21768,15224,1542,1478,-228,-2720
980,2524,7512,-226,1205,-291,-2752
2040,-11512,14306,2850,2204,-526,-2736
-9816,15610,2598,-3708,-1532,853,-2720
998,21642,-7264,-2774,-525,-1374,-2736
5402,-32768,21418,5534,2366,-614,-2768
-6264,5856,16866,-3378,-2230,2041,-2752
4166,16236,366,2016,665,-1187,-2752
6194,-20036,20462,1654,585,136,-2752
1558,24578,-516,-2432,-628,-243,-2752
-1322,7916,7128,-27,554,11,-2720
7654,-21468,16610,421,1089,-79,-2752
1810,5044,5022,153,1224,-355,-2768
6412,408,12602,2894,2378,-647,-2736
-10216,20868,-968,-3815,-1538,807,-2704
1626,15460,-6620,12,570,-1916,-2768
4692,-32768,26098,3910,1801,238,-2704
-7328,14402,13088,-5087,-2969,976,-2736
7104,-24744,4132,3482,466,-893,-2736
-3244,-8560,11726,-613,-962,291,-2736
926,23660,-870,-830,-358,-552,-2768
-300,4636,8448,990,1303,-104,-2736
2112,-3296,7126,-1163,-42,155,-2736
2102,4032,4226,314,1060,-379,-2736
-858,-8212,12458,855,251,-183,-2736
-9386,23320,-2822,-3910,-1076,-297,-2736
5036,-32768,18876,4168,1965,-1086,-2736
-6504,-5846,16690,-1835,-1095,1398,-2736
-7898,32767,-9620,-2374,-2306,-1248,-2736
6804,-27516,5580,2281,-242,999,-2720
828,24986,-2126,-2793,-1664,-175,-2720
1932,-566,7180,2636,662,-493,-2752
898,-15904,17920,-278,398,-138,-2720
-232,116,5166,-2659,-1773,409,-2752
5664,-14862,6424,1753,1212,-395,-2752
-1952,-166,8160,-811,305,-130,-2752
470,22532,1914,1208,2438,-1101,-2752
4086,-32768,23726,598,418,735,-2752
-1046,32767,-8400,-4845,-1559,-348,-2752
3440,-9572,1446,4839,1622,-1330,-2720
-110,-23274,23868,-2040,-1600,2076,-2752
3950,1548,3752,1399,646,-1096,-2768
3882,-23718,22010,2381,1097,2,-2752
2978,21052,4262,-2727,-762,-129,-2720
-4474,15502,2076,-731,-2,64,-2720
6106,-18634,9916,1165,1381,-168,-2752
2240,5426,7426,-69,1290,-342,-2720
5236,-11222,15058,2923,2144,-522,-2752
-8300,2690,11464,-4446,-1794,649,-2752
-444,31820,-8350,1134,896,-2003,-2752
-1674,-32768,32130,2924,1297,513,-2752
-9208,32767,-1728,-5210,-3104,537,-2752
5062,-6256,3412,3680,397,-628,-2752
-4554,12606,3122,-1762,-1580,319,-2736
-1094,13626,210,-184,-314,-589,-2720
1126,-10322,13960,1122,1279,-123,-2752
6064,-12616,13974,-1623,-410,189,-2720
3318,-2568,1624,663,999,-396,-2736
-3790,-2732,9476,53,-91,-57,-2736
-5620,29990,-4944,-4493,-1544,-115,-2736
5404,-18652,5474,3726,1777,-1329,-2736
-3384,-30690,28732,-821,-626,1276,-2768
-8724,32767,-5516,-3534,-2673,-850,-2768
4994,-32768,16826,3325,1,391,-2768
-3214,17826,1200,-2910,-1956,110,-2736
-550,8982,2018,1941,268,-651,-2736
1138,-13170,15748,555,925,-198,-2704
-4146,9288,252,-2403,-1440,394,-2736
2332,5222,6282,549,938,-389,-2720
-3620,-2512,9220,149,-19,-100,-2752
-4620,29274,-4044,-2550,31,-594,-2752
5840,-24448,8802,4100,1861,-506,-2752
-4820,-24050,25570,-3456,-1608,1335,-2720
-2808,16886,-6892,168,-1000,-1762,-2752
3942,-32768,19830,1517,-371,1396,-2720
-2042,20506,48,-2270,-1206,-370,-2752
5722,-19252,20092,2976,993,-318,-2736
1958,4318,11322,-1052,-73,-114,-2752
-4724,12780,-970,-2393,-1578,356,-2752
4432,-8386,2786,1951,1342,-340,-2752
1378,3406,7442,-684,725,-170,-2736
6406,294,12154,1650,2630,-1117,-2736
-2960,-22182,26160,773,534,712,-2720
-3070,32767,-6334,-4938,-1620,-206,-2720
-148,9078,-6156,4126,1146,-1625,-2736
2760,-32768,22500,-1178,-1342,2172,-2736
4326,12582,1234,-109,132,-1043,-2704
6088,-23350,22142,2851,1240,-36,-2768
1910,10732,9550,-2634,-665,-100,-2768
-4366,12630,24,-1192,-621,174,-2736
7684,-20372,16722,1620,1612,-267,-2704
1832,3848,7820,-226,1189,-226,-2736
6246,-2940,13662,2838,2583,-705,-2736
-3670,-17128,22616,-3164,-1311,869,-2768
1950,10182,-5478,-1036,169,-1683,-2768
3494,-32768,28416,4617,2106,-72,-2736
-7564,18636,10032,-4693,-2786,1260,-2768
4082,9172,2398,3124,560,-981,-2704
-3872,-4294,9420,95,-480,248,-2736
82,21720,-866,-1354,-471,-463,-2736
532,2278,9572,866,1262,-146,-2736
7656,-21036,17940,-1061,-40,199,-2720
2502,4208,2786,244,1051,-377,-2784
-1512,-8338,12302,1007,384,-182,-2752
-9206,26110,-4106,-4020,-1139,-281,-2720
3042,5664,-4518,4101,2011,-1154,-2720
-6950,-164,14184,-1605,-944,1450,-2752
-7522,32767,-9530,-2727,-2432,-1123,-2752
6680,-29534,6784,2937,-149,620,-2752
-4042,-318,7366,-2917,-1874,4,-2752
2326,-2360,8512,2245,410,-602,-2720
1056,-15224,18068,376,728,-155,-2720
-788,2204,4004,-2861,-1726,398,-2752
6050,-17172,7594,1754,1223,-403,-2736
-1600,710,7448,-886,38,-91,-2752
1416,20188,3288,592,2105,-1135,-2752
3290,-32768,26204,1503,858,573,-2752
-1052,32767,-8632,-4926,-1691,-226,-2736
4296,-13140,2800,4458,1416,-1415,-2736
-852,-21666,24100,-1134,-1340,2067,-2720
2684,25076,-2730,-68,134,-981,-2720
3458,-6650,11328,2849,1284,-55,-2752
2734,22130,4004,-2620,-732,-81,-2720
-4000,14074,2540,-1233,-617,152,-2720
6342,-17862,9874,1586,1542,-229,-2752
2494,5156,7228,-124,1275,-282,-2736
5154,-10524,15170,2960,2702,-705,-2720
-8118,1484,12030,-3327,-1387,956,-2752
-858,32300,-8446,-906,210,-1774,-2752
-1336,-32768,32060,3847,1701,197,-2736
-8970,32767,-1012,-5022,-2920,942,-2736
4640,-4868,3444,3425,509,-841,-2704
2108,-22716,20600,-537,-927,282,-2768
-1068,14230,68,-888,-446,-532,-2768
1404,-8576,13330,957,1279,-119,-2736
6250,-14448,15200,-1072,28,163,-2736
2338,4882,7086,310,1132,-375,-2736
-3506,-3974,10010,963,347,-187,-2704
-6384,29392,-5266,-3947,-1131,-234,-2704
4668,-15438,3732,4132,1889,-1083,-2736
-2758,-32768,29606,-1868,-1102,1417,-2768
-4662,24628,-8252,-2227,-2155,-1292,-2768
5546,-32768,15430,2733,-78,775,-2736
-3690,16176,1756,-2935,-1847,-44,-2736
-886,10126,1456,2416,455,-557,-2736
1630,-2478,14242,85,577,-183,-2768
-3728,9208,-2,-2546,-1662,407,-2736
3998,-3790,1402,1649,1256,-382,-2720
-3856,-2896,9848,-763,342,-112,-2752
5010,7502,10064,1179,2475,-1071,-2720
-524,-29522,28798,538,380,715,-2752
-4774,29952,-2494,-4810,-1554,-351,-2752
-3082,18468,-7510,4822,1662,-1323,-2720
-5502,2548,18236,-2029,-1614,2225,-2752
3980,17912,-152,745,401,-1107,-2752
5882,-18610,19514,2445,1070,-1,-2752
1164,3276,12086,-2770,-791,-124,-2720
-1762,8550,6746,-729,-137,119,-2720
7662,-20908,15496,1530,1585,-245,-2704
1050,3004,7884,-157,1214,-252,-2768
6094,1678,12124,2816,2433,-672,-2736
-9972,18774,232,-3531,-1456,811,-2704
904,17768,-6654,-404,399,-1853,-2768
4952,-32768,24388,4194,1905,126,-2736
-7082,11352,14368,-4989,-2925,1101,-2736
6662,-22682,3990,3363,499,-922,-2736
-2882,-10282,12382,-389,-841,267,-2736
1174,23912,-1002,-548,-357,-555,-2752
-982,5936,7784,1018,1309,-126,-2752
2540,-4856,8324,-1285,-209,178,-2752
2032,4210,4586,349,1024,-379,-2752
-294,-8828,12570,689,151,-179,-2720
-9726,21532,-1778,-3617,-848,-360,-2720
5068,-31578,17230,4208,1953,-957,-2752
-6386,-8992,18062,-2239,-1276,1437,-2752
-8140,32767,-9640,-1808,-2052,-1387,-2720
6740,-26546,5136,2497,-214,915,-2784
500,24394,-1982,-2824,-1738,-140,-2720
1314,308,6558,2527,588,-526,-2752
822,-16342,17906,-126,449,-134,-2752
336,-878,5762,-2728,-1809,407,-2752
5506,-13482,5646,1649,1180,-423,-2752
-2296,-594,8198,-744,234,-118,-2720
-52,23330,946,1003,2299,-1164,-2752
-5682,-11794,20212,131,202,852,-2768
-1738,32767,-8262,-4925,-1683,-208,-2720
2650,-5350,-630,4536,1427,-1396,-2752
262,-26268,24150,-1739,-1542,2160,-2752
3818,4274,3246,1098,574,-1125,-2768
4554,-24272,22180,2307,1062,30,-2736
2660,18732,5338,-2732,-822,-160,-2736
-4750,15118,1268,-586,42,41,-2736
7146,-18492,17306,1075,1380,-171,-2704
2302,4912,7396,-38,1302,-308,-2736
5674,-9660,14848,2772,2030,-483,-2704
-7520,-2022,14230,-4078,-1655,672,-2720
-672,32767,-8596,-372,424,-1858,-2736
-462,-32768,32276,4161,1877,77,-2704
-9090,32767,344,-4933,-2895,1110,-2768
4462,-2990,3738,3045,643,-1057,-2720
2572,-23538,21208,247,-394,243,-2720
-1264,15172,-234,-1057,-439,-521,-2768
1366,-8076,12922,974,1212,-114,-2768
6098,-14556,15246,-1073,60,113,-2704
2414,4686,7214,424,1129,-389,-2704
-3674,-3864,9802,923,330,-201,-2736
-8486,5540,9114,-4658,-1829,299,-2736
5368,-15168,3346,2267,1273,-1777,-2736
-2504,-32768,30312,1571,591,849,-2736
-8418,32767,-3854,-4875,-3069,-43,-2768
4898,-9584,3800,3656,157,-184,-2736
-3768,15148,1864,-2112,-1777,232,-2736
-950,10894,1380,728,-138,-646,-2736
1744,-11656,14910,1179,1453,-183,-2736
5052,-12310,13808,-2032,-888,352,-2768
2236,5656,6404,263,1073,-407,-2752
2822,-10968,14200,1012,340,-159,-2752
-5084,29946,-4758,-3982,-1161,-293,-2752
5726,-21792,7084,4178,1854,-1054,-2720
-4326,-27138,27266,-1971,-1117,1483,-2720
-8832,32767,-6910,-2228,-2177,-1328,-2720
5040,-32768,18284,2761,-66,827,-2720
-2704,19462,1016,-2950,-1800,-52,-2752
-596,8008,2518,2409,465,-623,-2752
1492,2190,12876,-391,279,-137,-2736
-4040,11546,-644,-2594,-1645,367,-2752
4136,-6814,2326,1465,1150,-396,-2720
-3872,-1738,9124,-766,250,-101,-2736
5850,2614,11990,1301,2535,-1109,-2736
-1978,-24830,27168,456,351,766,-2768
-3570,32767,-5408,-4851,-1563,-354,-2736
-1344,12716,-6792,4918,1753,-1393,-2736
-6844,10028,15424,-2062,-1697,2285,-2736
3952,14838,950,192,269,-1088,-2720
6356,-21604,20938,2714,1218,-33,-2720
1488,8162,10552,-2709,-714,-111,-2720
-4530,11648,-142,-1030,-488,169,-2752
7510,-20732,16734,1532,1572,-238,-2720
1706,3202,7930,-166,1182,-265,-2752
6206,-704,12950,2811,2441,-653,-2720
-9832,21470,-1554,-3880,-1583,679,-2704
1586,13676,-5988,-646,369,-1723,-2752
3964,-32768,26984,4334,1985,56,-2720
-7626,16400,11572,-4897,-2886,1163,-2752
6932,-25750,4906,3531,428,-768,-2736
-3666,-6482,10472,-253,-781,280,-2720
472,22454,-1226,-636,-422,-552,-2704
-310,3988,8600,1096,1403,-174,-2704
1396,-2884,6870,-1248,-169,218,-2736
2158,4680,3486,262,952,-390,-2704
-922,-8922,12436,885,294,-151,-2704
-9560,23936,-3022,-3860,-1057,-336,-2736
4946,-32768,19820,4230,1965,-1034,-2704
-6874,-3204,15536,-2097,-1177,1488,-2736
-7848,32767,-9742,-2065,-2162,-1366,-2736
6738,-28752,5970,2579,-180,865,-2768
1336,24456,-2050,-2813,-1746,-100,-2768
1970,-1688,8028,2449,518,-575,-2736
784,-15430,17726,47,465,-128,-2736
-728,1876,4022,-2794,-1791,400,-2736
5828,-16242,7466,1663,1161,-399,-2736
-2306,-7912,11954,-562,-118,-59,-2752
1524,20074,3500,-794,1280,-997,-2688
3438,-32768,26332,2970,1481,139,-2752
-7554,11548,8850,-4610,-1885,854,-2720
-6866,32490,-9690,2388,59,-1936,-2752
-1506,-20838,24306,3,-924,1864,-2720
2874,25080,-2934,-1218,-420,-810,-2752
3798,-7246,11576,3084,1257,-199,-2752
2714,22558,3580,-2442,-631,-66,-2704
-1282,5084,1832,-2485,-1670,307,-2784
2788,-62,1826,1353,1077,-395,-2736
-1068,1688,7764,-703,137,-93,-2736
3398,14086,6962,779,2226,-1007,-2736
2018,-32768,28000,1235,786,495,-2768
-5998,19518,3190,-4955,-1744,14,-2736
5212,-23842,9666,4184,1175,-1508,-2736
-2496,-12446,22280,-1355,-1344,2040,-2736
3670,22278,-1776,266,285,-991,-2768
5060,-12242,15660,2648,1217,-28,-2736
2788,24670,1508,-2650,-720,-150,-2736
-3666,12916,4346,-1191,-500,127,-2736
6984,-19476,12676,1510,1517,-216,-2736
180,1558,7968,-167,1295,-285,-2768
3174,-10000,14272,2780,2436,-597,-2736
-8796,8632,6858,-3508,-1479,803,-2736
208,27498,-8026,401,703,-1892,-2752
5028,-30986,15062,3408,1448,399,-2720
-8298,32767,-5546,-5082,-2978,605,-2752
4890,-12934,3888,3454,356,-597,-2752
-360,-16830,16158,-985,-1212,218,-2720
2320,25132,236,-426,-320,-553,-2720
1436,-13180,15726,1096,1406,-176,-2720
4328,-9702,12336,-1454,-239,211,-2752
2052,5388,6094,367,1010,-375,-2720
1816,-11300,13982,674,137,-138,-2720
-3840,29196,-3726,-3534,-723,-472,-2752
5782,-27124,10686,4288,1871,-842,-2720
-5666,-19808,24210,-2657,-1399,1516,-2752
-1594,13896,-6932,-236,-1234,-1783,-2768
4068,-32768,20870,2348,-212,1096,-2752
-1700,22614,-128,-2878,-1676,-199,-2752
244,5620,3774,2838,828,-458,-2736
1408,7354,11002,-921,27,-91,-2736
-3996,11914,-388,-2228,-1526,312,-2768
4586,-8940,3416,1638,1325,-351,-2736
-3626,-412,8636,-636,497,-117,-2736
6156,-688,13182,1717,2667,-1046,-2736
-2978,-20342,24512,548,428,668,-2752
-2734,32767,-6630,-4823,-1584,-344,-2752
216,5930,-4238,4886,1696,-1336,-2752
-7760,17318,11416,-2653,-1891,2151,-2768
4062,10730,2180,818,492,-1172,-2752
5734,-23676,22404,2099,921,73,-2704
2450,13492,7892,-2716,-738,-213,-2736
-80,3024,9070,-448,155,60,-2736
7698,-20288,17354,1003,1385,-158,-2704
2124,3610,8038,14,1308,-329,-2768
5972,-3836,13688,2486,1825,-479,-2736
-9128,24930,-3840,-4335,-1743,485,-2800
2434,6664,-4438,1210,935,-1855,-2736
2388,-32768,29928,2746,1186,598,-2736
-8048,23628,6970,-5221,-3155,389,-2768
6866,-29604,6568,3601,228,-470,-2736
-4354,-26,7400,-1479,-1468,277,-2736
-512,19520,-960,28,-278,-613,-2736
950,-710,10430,1306,1529,-186,-2736
-548,1378,4030,-1807,-615,331,-2736
2660,3326,2154,509,970,-454,-2736
-2310,-7952,12088,300,10,-127,-2768
-8644,28778,-5536,-2939,-313,-567,-2736
3624,-32768,25310,4004,1905,-409,-2752
-7150,8780,9622,-3573,-1703,1356,-2784
-7088,32767,-9958,184,-1047,-1695,-2752
6874,-32768,8722,1508,-463,1345,-2720
2710,24580,-2434,-2309,-1173,-405,-2752
3332,-5888,11184,2906,979,-384,-2752
372,-12366,17448,-1160,-106,-88,-2720
-1466,5176,1512,-2375,-1585,326,-2752
6364,-18818,10224,1917,1320,-370,-2720
-1088,1636,7464,-716,548,-121,-2752
3210,14632,6326,2320,2894,-1073,-2720
-8696,3312,11328,-1722,-701,1077,-2736
-632,31656,-8534,-3999,-1186,-997,-2720
5800,-22708,7776,5343,2058,-983,-2720
-2794,-14198,23258,-2982,-2058,2042,-2752
3700,23548,-2582,1769,748,-1225,-2752
1842,-22898,20554,1970,814,141,-2752
2654,24792,1916,-2667,-803,-206,-2752
-3632,13416,3648,-303,299,10,-2752
6718,-19644,12290,702,1208,-145,-2752
2336,5404,6974,44,1342,-314,-2720
3738,-10888,14698,2488,1728,-405,-2752
-8744,7430,7556,-4520,-1834,385,-2752
5264,-17272,4840,2542,1370,-1702,-2736
-2956,-32232,29376,2157,860,729,-2720
-8782,32767,-4616,-5076,-3135,189,-2752
4756,-10814,3864,3662,234,-329,-2752
-3472,16140,1568,-2200,-1804,265,-2736
-922,9880,1468,392,-282,-617,-2720
1284,-12346,15056,1093,1375,-177,-2736
4894,-11718,13140,-2089,-977,359,-2736
2268,5690,6068,263,1147,-398,-2768
2598,-11126,14264,1304,520,-207,-2704
-4860,29704,-4788,-4380,-1403,-175,-2736
6234,-23810,7828,4106,1880,-1275,-2736
-4570,-25750,26928,-1410,-870,1421,-2768
-8562,32767,-7208,-2876,-2478,-1075,-2736
4292,-32768,19282,3067,-13,612,-2768
-2282,19818,460,-2917,-1894,-10,-2736
-276,7042,3146,2211,385,-642,-2768
1222,-14844,16622,360,725,-163,-2768
-4266,10902,-482,-2465,-1627,377,-2720
4252,-6654,2168,1409,1144,-410,-2752
-3722,-826,8738,-694,179,-78,-2752
-2758,28254,-2694,807,2318,-1073,-2752
-2006,-23690,26458,1051,642,574,-2720
-3018,32767,-5814,-4943,-1666,-146,-2752
-418,9790,-6046,4725,1567,-1473,-2720
3022,-32768,22336,-1714,-1519,2261,-2752
4018,12756,1266,469,349,-1115,-2752
6250,-23124,21860,2612,1204,9,-2720
2008,10908,9594,-2763,-728,-129,-2752
-4528,12028,244,-922,-350,156,-2752
7676,-19820,16384,1599,1622,-241,-2736
1684,3404,8068,-82,1264,-247,-2752
5982,-1762,13512,2697,2307,-607,-2720
-3472,-17554,22650,-3681,-1532,702,-2752
2092,10394,-5522,-143,517,-1821,-2720
3360,-32768,28354,3901,1708,272,-2720
-7688,20496,8926,-5055,-2964,850,-2752
3644,7982,2808,3405,411,-756,-2720
-4112,-2902,8680,-655,-1037,240,-2720
200,20602,-790,-709,-343,-535,-2784
300,1646,9916,1069,1412,-133,-2752
218,-574,5336,-1544,-445,240,-2736
2218,4048,2776,216,977,-388,-2752
-1876,-7864,11706,927,286,-180,-2752
-9042,26760,-4782,-3935,-1080,-334,-2752
4526,-32768,23096,4326,1986,-796,-2768
-7020,4130,11874,-2066,-1180,1478,-2752
-6978,32767,-10080,-1099,-1672,-1584,-2736
7138,-32066,7876,2124,-280,1128,-2736
2568,24806,-2344,-2758,-1605,-216,-2768
3050,-4418,10308,2682,749,-483,-2736
702,-13496,17546,-452,259,-126,-2736
-1586,4336,2338,-2656,-1759,365,-2736
6190,-18366,9734,1816,1277,-399,-2768
-3122,-6608,11226,-546,-158,-57,-2768
2716,16768,5488,-854,1236,-961,-2736
2492,-32768,27842,2965,1551,84,-2736
-6842,17574,5090,-4567,-1848,877,-2736
-6120,29766,-9662,2256,39,-1853,-2736
6486,-32768,11696,764,-668,1643,-2752
3574,23606,-2322,-1792,-798,-614,-2720
4668,-10480,13852,3056,1111,-277,-2752
288,-8022,16322,-1743,-380,-64,-2720
-2300,7038,564,-2468,-1680,333,-2736
3188,-1796,1316,1517,1167,-399,-2736
-274,2038,7672,-713,276,-120,-2736
4272,10262,8642,739,2240,-1052,-2784
882,-32046,28708,1345,816,508,-2720
-5454,24358,268,-4961,-1796,97,-2720
-4798,23946,-8302,4094,1110,-1540,-2752
-4082,-6222,20834,-1309,-1366,2056,-2752
4052,20630,-1300,176,298,-1018,-2720
5614,-15594,17462,3071,1199,-244,-2736
1284,-2164,14358,-1790,-429,-122,-2736
-3934,9426,-24,-2048,-1363,259,-2736
7044,-21328,14446,1901,1427,-335,-2736
992,1900,7560,-487,861,-228,-2736
4958,7142,10074,2440,2826,-879,-2736
-88,-28484,27876,-1613,-634,931,-2736
582,23678,-7470,-3182,-715,-1206,-2736
4978,-32768,19120,5361,2153,-638,-2736
-4784,1930,17326,-3603,-2289,1725,-2768
3702,16916,386,2218,587,-1016,-2736
-1490,-14176,14150,1220,248,141,-2736
1730,24318,-326,-2200,-699,-309,-2736
-1790,9494,6470,142,710,-54,-2736
7584,-21698,16088,232,937,-37,-2736
2206,5330,5158,117,1280,-374,-2736
720,-10742,13678,2084,1212,-292,-2704
-10254,20246,-534,-4769,-1731,2,-2752
1502,16548,-7082,3513,1697,-1564,-2752
-6098,-14552,21820,-239,-346,1239,-2720
-8528,32767,-9018,-4058,-2863,-638,-2752
6900,-23668,4160,3603,93,167,-2752
-2852,-9506,12170,-2711,-1926,144,-2752
682,3510,4908,1567,156,-698,-2752
446,-16282,17512,747,972,-156,-2752
2446,-3140,7526,-2327,-1230,310,-2752
1932,3688,4790,992,1014,-369,-2752
-3332,254,8390,-496,-150,-36,-2784
-592,24770,-98,-815,1305,-915,-2752
5056,-32768,19074,2903,1467,49,-2752
-2214,32767,-7364,-4753,-1794,466,-2704
1104,1934,-2952,2331,124,-1831,-2720
1640,-30264,23902,116,-827,1809,-2784
844,25414,-2038,-1750,-797,-609,-2768
1892,122,7192,2980,1114,-270,-2768
2710,15450,7216,-2033,-472,-124,-2752
-4798,13584,554,-1804,-1156,288,-2720
5602,-12758,5904,1899,1594,-298,-2752
-2348,-250,8784,-436,965,-225,-2752
5810,-4560,13908,2511,2783,-854,-2784
-4844,-12180,19548,-1900,-777,903,-2752
-2010,32767,-7906,-2841,-599,-1293,-2752
1874,-3686,76,5342,2240,-559,-2720
-8134,24526,6176,-3850,-2424,1685,-2752
3788,4898,3132,2395,615,-1084,-2752
4300,-23552,22124,1042,176,160,-2720
2960,18658,5208,-2696,-790,-151,-2752
-5070,14964,886,-766,1,94,-2736
7068,-19416,17824,1275,1416,-171,-2768
2428,5272,7252,-175,1266,-310,-2768
6122,-8418,14418,2902,2218,-560,-2768
-6936,-5950,16766,-4226,-1660,693,-2736
4196,-2758,-2830,749,821,-2000,-2736
612,-32768,32444,3295,1500,430,-2768
-9324,30466,3134,-5287,-3195,721,-2736
4160,904,3098,2384,670,-1177,-2768
3826,-24826,21964,1325,292,148,-2768
2664,21492,4200,-2231,-711,-324,-2768
1356,-5496,12000,415,837,-36,-2736
6850,-16812,16420,-448,531,51,-2752
2312,5638,7320,215,1197,-340,-2752
5074,-10534,14872,1627,814,-255,-2752
-7298,30082,-6144,-4640,-1584,-69,-2752
4732,-11022,964,3696,1804,-1467,-2752
-1494,-32768,31938,-541,-510,1356,-2752
-9120,32767,-1490,-3941,-2861,-744,-2752
6268,-32768,12324,3497,-11,284,-2752
-4424,11648,3100,-2838,-1963,160,-2720
-1388,13766,56,1689,151,-637,-2752
1374,-9634,13740,816,1010,-181,-2720
-2556,6970,822,-2301,-1193,355,-2768
3358,-1530,1094,962,917,-394,-2752
-3728,-3626,9664,-461,-35,-52,-2752
-5818,29594,-5190,-560,1427,-897,-2752
910,-31946,28234,2759,1452,73,-2752
-5430,24314,124,-4601,-1843,697,-2752
-4784,23330,-7798,2570,185,-1757,-2752
5254,-32768,16170,-158,-872,1749,-2720
3918,19920,-984,-909,-263,-754,-2752
5482,-15858,17934,2924,1221,-149,-2720
1536,-1362,14000,-2196,-591,-86,-2752
-2734,12018,5048,-1510,-814,175,-2768
7148,-21784,14882,1915,1524,-323,-2784
856,2370,7256,-463,1017,-223,-2720
5240,6528,10154,2892,2879,-858,-2752
-9990,14330,3426,-3054,-1296,986,-2736
982,22268,-7272,-1219,123,-1739,-2736
5340,-32768,20638,4670,2086,-87,-2736
-5822,4932,17038,-4706,-2790,1289,-2768
5658,-18238,3838,3002,537,-927,-2768
-1750,-13614,13864,93,-552,232,-2768
1594,24588,-652,-1353,-506,-437,-2736
-1682,8162,6804,704,1054,-105,-2736
3608,-6836,9778,-679,357,77,-2768
1932,4060,5552,357,1226,-344,-2736
600,-9944,13126,1239,465,-201,-2768
-10054,20876,-1046,-4441,-1416,-196,-2768
5622,-31742,15524,4074,1842,-1309,-2768
-6534,-11710,20336,-1392,-897,1449,-2704
-8462,32767,-9476,-3013,-2543,-1141,-2736
7276,-25606,4538,3168,-19,615,-2736
-3624,-7442,11378,-2201,-1817,261,-2752
1168,23014,-1212,834,-20,-703,-2752
138,-15982,17542,999,1236,-99,-2752
2244,-2492,6700,-1965,-878,279,-2752
2092,3270,4494,674,942,-394,-2752
-1240,-7652,12150,-99,-129,-71,-2752
-338,23474,1248,-1912,546,-688,-2752
4712,-32768,20598,4081,1869,-549,-2768
-6660,-1430,14372,-3454,-1646,1303,-2768
-7372,32767,-9900,-3507,-2689,-949,-2768
7034,-30150,6966,3242,-36,478,-2736
-4506,602,7252,-3019,-1904,-33,-2752
2726,-2868,9052,2284,402,-612,-2784
790,-14390,17610,229,719,-151,-2752
-672,1418,4084,-2592,-1667,402,-2752
2484,3082,2144,1371,1081,-412,-2720
-1498,254,8410,-630,136,-92,-2752
1290,20402,3598,293,1988,-1046,-2752
3770,-32768,25352,1778,967,433,-2784
-7174,8964,9206,-4975,-1738,176,-2752
3768,-12618,3708,3929,1019,-1568,-2752
-578,-20918,24222,-1147,-1241,2078,-2752
2952,24140,-2196,-75,146,-918,-2752
3336,-23150,21142,2485,1137,7,-2736
2910,22082,3634,-2560,-717,-110,-2752
-4432,14476,2440,-1312,-551,169,-2752
6440,-18402,10400,1669,1546,-269,-2752
2138,5536,7410,-170,1245,-287,-2768
5064,-10432,14634,2947,2363,-613,-2736
-8294,2280,11352,-3997,-1614,763,-2736
-514,31712,-8592,311,622,-1991,-2736
-1826,-32768,32100,3635,1632,325,-2736
-9446,32767,-1932,-5222,-3078,875,-2704
4842,-6722,3456,3497,453,-778,-2736
1716,-22604,20012,-681,-1044,311,-2736
-1248,13710,196,-714,-366,-565,-2736
1186,-10416,14108,1130,1327,-129,-2736
5724,-12630,14010,-1373,-198,193,-2736
2198,5338,6750,403,1025,-382,-2768
-3666,-2970,9308,664,138,-161,-2736
-5520,29868,-5002,-3544,-799,-397,-2768
5354,-20272,6424,4290,1970,-883,-2736
-3788,-28886,28062,-2474,-1351,1492,-2736
-3714,20688,-7834,-1519,-1934,-1461,-2736
4762,-32768,17354,2853,-136,748,-2752
-3012,18872,598,-2965,-1841,-50,-2752
-838,8416,2326,2405,494,-605,-2752
1384,-14678,16220,130,606,-157,-2752
-4532,11342,-548,-2627,-1705,397,-2752
4308,-5862,1578,1418,1102,-433,-2752
-3776,-2046,9046,-674,197,-91,-2720
-3526,28334,-3046,673,2126,-1029,-2752
-1722,-25068,26992,1373,776,512,-2752
-3602,32752,-5006,-4965,-1752,29,-2720
-1726,12224,-5842,4150,1163,-1458,-2752
-6080,9340,14510,-1936,-1539,2024,-2736
3816,13954,1260,231,259,-928,-2752
5750,-20712,21082,2602,1204,-31,-2752
2120,8496,10038,-2645,-741,-109,-2752
-930,7208,7538,-960,-213,97,-2736
7496,-21494,16952,1572,1514,-235,-2720
1614,3190,7478,-85,1301,-290,-2736
6356,-1666,12960,2898,2204,-529,-2768
-9954,23294,-2536,-4196,-1719,621,-2736
2044,10466,-5458,681,769,-1936,-2736
3698,-32768,28528,3230,1443,437,-2768
-8310,19834,9870,-5232,-3117,662,-2768
7244,-27582,5370,3605,373,-678,-2736
-4088,-4340,9768,-1024,-1232,281,-2736
458,21442,-1202,-354,-312,-599,-2736
-142,1548,9506,977,1234,-94,-2736
1616,-1022,5704,-1370,-254,161,-2800
1844,2040,4196,528,1056,-363,-2768
-1512,-7004,11454,533,10,-119,-2736
-9080,25830,-4520,-3475,-714,-408,-2768
4564,-32768,22392,4294,1958,-907,-2736
-6752,1626,12870,-2451,-1321,1483,-2768
-7282,32767,-9914,-413,-1291,-1703,-2784
7142,-31506,7692,1885,-307,1300,-2752
2160,25184,-2530,-2572,-1409,-346,-2752
3138,-4246,9768,2838,852,-429,-2720
370,-13876,17576,-361,335,-133,-2736
-704,2418,3386,-2437,-1717,370,-2736
6060,-15758,8200,1554,1232,-379,-2736
-1434,338,8392,-619,336,-113,-2768
1698,18608,4586,1022,2364,-993,-2736
3664,-32768,25450,834,562,562,-2768
-780,32767,-8258,-4782,-1570,-242,-2768
3848,-15086,5154,4713,1612,-1353,-2736
-1088,-19186,23840,-2434,-1773,2062,-2752
3314,23766,-2116,1245,554,-1064,-2752
2838,-22992,20614,2107,924,29,-2752
2988,22470,2990,-2607,-794,-180,-2752
-4428,14228,2784,-650,65,90,-2752
6600,-17964,10606,1082,1391,-176,-2784
2104,5204,7312,-72,1290,-305,-2752
4894,-9832,14584,2719,2006,-492,-2752
-8262,2080,11254,-4408,-1732,537,-2752
-158,31638,-8514,1226,986,-1973,-2752
-2056,-32768,31202,2810,1211,626,-2752
-9436,32767,-2718,-5293,-3212,453,-2752
4948,-7318,3338,3599,289,-559,-2752
-4154,12978,2870,-1831,-1634,286,-2768
-1242,12744,406,-83,-287,-630,-2720
1416,-11286,14260,1267,1424,-150,-2752
5398,-11920,13596,-1860,-640,271,-2752
3360,-3324,1410,701,906,-410,-2736
-3770,-2786,9332,-93,-147,-95,-2768
-4880,30054,-5190,-2137,358,-713,-2736
5864,-21622,6880,3968,1928,-370,-2736
-5096,27734,-1586,-3666,-1699,1317,-2768
-3748,20660,-8104,401,-910,-1799,-2736
4980,-32768,17510,1393,-478,1436,-2768
-3066,19198,648,-2269,-1163,-450,-2768
5940,-17622,18832,3003,1032,-348,-2768
1562,844,13324,-1229,-81,-80,-2736
-4286,11514,-774,-2364,-1604,311,-2736
4164,-5830,1766,1840,1370,-353,-2704
1374,2574,7640,-595,703,-177,-2768
5594,3494,11344,2118,2790,-987,-2736
-1494,-24910,26762,-106,111,743,-2752
-3730,31972,-4712,-4461,-1432,-570,-2752
-1956,13402,-5984,4962,1759,-1130,-2720
-5750,7762,14942,-2397,-1747,1964,-2720
3956,14540,1088,1248,600,-1057,-2752
5764,-20662,21102,2090,932,49,-2720
2222,8210,10230,-2685,-820,-175,-2752
-826,7378,7312,-610,68,48,-2688
7418,-22150,17322,1013,1296,-148,-2784
1864,3564,7308,-51,1308,-343,-2720
-6,-10708,13506,2553,1739,-403,-2768
-9816,23096,-2028,-4559,-1801,542,-2752
2218,12136,-5872,1307,943,-1993,-2784
3936,-32768,27482,2687,1188,633,-2720
-8206,32767,-9292,-5047,-3157,77,-2736
7038,-25946,4806,3641,182,-309,-2736
-3664,-6014,10486,-1828,-1657,257,-2736
358,22002,-950,529,-159,-654,-2736
646,-16098,17970,1173,1361,-167,-2768
1536,-1386,6082,-2031,-763,299,-2736
2124,3560,4036,680,973,-409,-2736
-1506,-8434,12454,-22,-165,-45,-2768
204,22962,1846,-2240,272,-707,-2736
4450,-32768,22470,3938,1825,-373,-2736
-7050,2278,12970,-3681,-1733,1296,-2736
-7742,32767,-10110,413,-866,-1861,-2736
224,-26502,24522,1407,-426,1476,-2704
1828,25894,-2634,-2337,-1184,-463,-2736
2928,-3024,9204,2972,975,-361,-2736
98,-14170,17836,-1278,-125,-106,-2736
-4654,13172,1700,-2056,-1438,311,-2768
5838,-14578,7572,1736,1481,-338,-2752
-1954,1030,8182,-517,768,-160,-2720
1366,19258,3968,2193,2774,-907,-2752
-5878,-6910,16406,-1166,-441,850,-2752
-1322,32767,-8370,-3586,-974,-1015,-2752
3206,-11152,3188,5404,2157,-811,-2752
-566,-21324,23842,-3357,-2168,1870,-2752
3834,236,3524,1549,608,-1126,-2736
3366,-23264,21372,1864,739,53,-2768
3054,21718,3544,-2591,-751,-205,-2736
-4758,14810,1904,-429,271,18,-2768
6578,-17334,16880,952,1268,-86,-2736
2310,5646,7134,-91,1260,-346,-2736
5222,-9508,14494,2680,1908,-466,-2736
-7900,-800,13394,-4589,-1802,510,-2768
4786,-8942,-390,2318,1318,-1885,-2784
-1220,-32768,31906,1487,558,925,-2752
-9596,32767,-802,-5247,-3241,339,-2736
4600,-5094,3594,3681,261,-469,-2736
-4570,11122,3776,-1615,-1525,303,-2736
-1252,14614,-156,145,-279,-636,-2736
1414,-8926,13396,1283,1448,-147,-2768
5908,-14450,15098,-1920,-668,292,-2768
3024,-1430,1378,577,947,-398,-2736
-3586,-4304,10036,179,-43,-116,-2736
-6194,30754,-6212,-2771,-144,-608,-2736
5592,-17148,3300,4289,1986,-591,-2768
-6238,24108,1006,-3259,-1650,1519,-2768
-5080,25292,-9274,-500,-1429,-1701,-2736
5668,-32768,15074,1289,-576,1484,-2752
-4138,16080,1778,-2289,-1193,-488,-2720
5588,-14400,16240,3009,961,-374,-2752
580,-3876,15056,-1322,-152,-93,-2784
-3174,9144,-326,-2568,-1543,367,-2752
3524,-3622,1196,1172,953,-406,-2752
-3836,-2834,9382,-537,19,-88,-2784
4928,7420,9804,521,2136,-1013,-2736
-96,-29906,28334,2256,1245,260,-2752
-5040,27762,-1888,-4829,-1886,482,-2720
-3682,19916,-7622,3213,553,-1713,-2720
-4842,-584,18664,-1207,-1338,2023,-2768
4126,18198,-386,52,222,-964,-2736
5932,-18292,19102,2828,1278,-42,-2736
1844,1674,12864,-2414,-654,-102,-2720
-4712,11268,-474,-1626,-922,204,-2752
7382,-22110,15960,1838,1565,-279,-2720
1456,2200,7708,-377,1118,-246,-2752
5536,4592,10876,2855,2813,-782,-2720
-1314,-25830,27194,-2744,-1148,905,-2752
948,19628,-6718,-1619,-42,-1621,-2752
4878,-32768,23296,4839,2123,-170,-2752
-6206,9240,14712,-4505,-2699,1321,-2720
3872,13964,1288,2894,531,-941,-2752
-2578,-10700,12222,300,-407,211,-2720
1102,23604,-776,-1521,-536,-405,-2784
-838,6772,7814,777,1176,-142,-2752
2222,-4564,8478,-1080,75,157,-2736
2212,4948,4492,256,1231,-418,-2752
-550,-10006,13006,1383,545,-197,-2752
-9924,24646,-3150,-4009,-1121,-323,-2768
5200,-32768,19798,4344,1917,-1069,-2736
-7230,-3568,16652,-2083,-1191,1551,-2768
-7976,32767,-9758,-2237,-2182,-1357,-2768
7586,-29260,5930,2834,-93,807,-2736
932,25810,-2608,-3089,-1870,-80,-2736
1936,-642,7484,2448,503,-633,-2736
178,-15754,17824,-13,475,-127,-2736
1270,-38,5202,-2326,-1518,358,-2736
5590,-13168,6000,1303,1149,-415,-2704
-2670,866,8364,-589,158,-95,-2768
782,21472,2764,553,2188,-998,-2736
4342,-32768,23242,1393,824,451,-2736
-1264,32767,-8202,-4937,-1721,63,-2768
2876,-8114,1282,4253,1198,-1550,-2736
-52,-24114,24262,-1360,-1316,2136,-2736
2272,25546,-2458,185,232,-1023,-2768
3856,-24482,22214,2427,1076,33,-2720
3172,20750,4278,-2745,-751,-173,-2752
-4948,14216,1804,-907,-203,100,-2752
6188,-15986,8652,1911,1510,-318,-2752
-1356,530,8500,-478,913,-217,-2784
1810,18298,4810,2322,2756,-888,-2752
-6492,-4456,14912,-798,-217,811,-2768
-808,32767,-8270,-3226,-786,-1158,-2720
3828,-15314,5484,5431,2198,-650,-2720
-1108,-18254,23524,-3603,-2309,1772,-2752
3826,-2396,3694,2224,607,-1050,-2752
2604,-22418,20504,1230,295,86,-2752
2932,23118,2724,-2601,-713,-92,-2720
-4408,14358,2636,-1238,-522,166,-2720
6504,-18988,10944,1674,1584,-255,-2720
2132,5500,7192,-169,1225,-305,-2736
4730,-10562,14572,2953,2508,-650,-2752
-8440,3426,10546,-3558,-1465,874,-2784
-212,30944,-8354,520,743,-1932,-2768
-2396,-32768,31152,3449,1569,369,-2768
-9628,32767,-3032,-5275,-3141,762,-2768
4928,-8570,3444,2384,684,-1233,-2768
1366,-22034,19386,1357,334,191,-2768
2432,25248,1174,-2297,-633,-295,-2736
-3062,12162,4758,341,762,-36,-2736
5340,-11856,13460,19,848,-40,-2736
1994,5590,6522,198,1267,-333,-2736
3298,-11374,14488,1980,1185,-313,-2736
-9468,11176,5424,-4822,-1744,125,-2736
5692,-21368,6630,3064,1582,-1674,-2736
-4256,-28144,28310,550,57,1118,-2736
-9032,32767,-6492,-4575,-3080,-357,-2768
6012,-14794,3326,3519,17,241,-2720
-3152,19318,456,-2839,-2000,169,-2752
-986,8740,2068,1664,145,-670,-2752
1318,-14622,16002,861,1056,-156,-2720
4126,-9200,11732,-2448,-1410,385,-2720
4230,-5258,1320,914,860,-422,-2784
-3822,-2130,9160,-439,-37,-99,-2752
-3688,28352,-3302,-768,1293,-879,-2752
5748,-26510,11358,2917,1458,34,-2720
-3818,31624,-4614,-4553,-1819,720,-2752
-2204,13682,-6046,2461,118,-1763,-2752
3420,-32768,20706,586,-655,1593,-2736
-1276,22506,-1046,-996,-310,-753,-2752
5910,-21216,20996,3010,1288,-168,-2688
2192,7600,10390,-2193,-579,-93,-2720
-5194,13840,-746,-1849,-1103,226,-2752
4932,-9868,3186,1928,1527,-290,-2752
1820,3802,7120,-487,1008,-208,-2720
6310,-1384,12710,2923,2897,-830,-2784
-3634,-18920,24346,-2475,-1056,970,-2720
-2334,32767,-7098,-2110,-244,-1527,-2720
3858,-32768,28374,5188,2293,-357,-2752
-7682,18558,10412,-4292,-2592,1580,-2784
3594,9642,2322,2706,622,-1033,-2752
-3864,-4970,9950,152,-485,237,-2768
242,21696,-1212,-1874,-583,-378,-2784
244,1878,9430,582,975,-67,-2784
7548,-19958,17034,-370,622,-8,-2752
2026,2778,3622,365,1203,-368,-2704
-1684,-7986,11974,1248,503,-177,-2736
-9124,27334,-4842,-4412,-1430,-208,-2736
3402,1760,-3968,4055,1864,-1251,-2736
-6992,4330,11908,-1390,-872,1409,-2736
-7678,32767,-9918,-3049,-2540,-1051,-2768
7506,-32608,7736,3167,23,554,-2768
-4888,2736,7130,-1734,-1618,305,-2768
-296,18556,-752,343,-218,-679,-2736
700,-2500,11088,1108,1349,-162,-2768
-34,1876,3616,-1726,-624,277,-2736
2590,1664,2676,485,996,-390,-2736
-2772,-5434,10780,-10,-103,-89,-2752
-8010,27630,-5332,-2067,443,-617,-2688
3492,-32768,25460,3826,1810,-392,-2752
-6236,11092,7070,-3781,-1684,1137,-2752
-6348,30892,-9500,928,-586,-1808,-2720
6690,-32768,10960,1053,-466,1519,-2752
3334,23676,-2020,-1937,-881,-526,-2784
4496,-9426,13530,2971,1057,-302,-2752
1122,-9472,16434,-1462,-218,-138,-2720
-2656,6130,1290,-2388,-1650,342,-2736
6710,-19378,11512,1893,1403,-352,-2768
-356,1442,8076,-693,587,-159,-2736
3574,13958,7292,1859,2716,-998,-2736
1700,-32768,28742,-1197,-463,994,-2752
194,30780,-8402,-3629,-899,-1107,-2752
5652,-27056,11894,5536,2263,-790,-2752
-3664,-8130,21904,-3473,-2235,1987,-2720
3894,21842,-1406,2073,670,-1198,-2720
922,-20300,18522,1529,520,126,-2720
2414,25598,972,-2448,-715,-281,-2752
-3052,12332,4752,79,636,-41,-2752
7178,-21606,14298,394,1032,-61,-2752
2078,6068,6414,111,1260,-360,-2720
3092,-12062,14588,2301,1451,-372,-2720
-9704,12992,4570,-4868,-1869,280,-2752
6112,-23368,7194,3255,1651,-1614,-2736
-4948,-26142,27502,1140,383,1023,-2752
-9566,32767,-6818,-4931,-3165,-126,-2720
6448,-16474,3126,3732,134,-216,-2752
-2892,20930,212,-2686,-1941,269,-2736
-810,9154,2022,1214,3,-703,-2736
910,-15306,16330,999,1187,-148,-2704
3842,-7824,10618,-2332,-1250,369,-2736
4152,-6786,2366,878,870,-416,-2736
-3656,-1594,8886,-341,-154,-82,-2736
-3234,28096,-3052,-1239,998,-788,-2736
5804,-27340,12156,3370,1691,-113,-2704
-3936,32130,-4758,-4220,-1799,999,-2736
-2022,13440,-6092,1522,-294,-1759,-2736
3212,-32768,20992,554,-689,1590,-2768
-1364,22382,-1042,-1525,-637,-627,-2736
-8,4578,4172,2511,536,-579,-2704
1280,-16646,17584,68,562,-146,-2736
-5504,14112,-886,-2713,-1831,382,-2752
4850,-9296,2606,1716,1165,-386,-2720
-3098,-1454,8602,-724,209,-125,-2736
-2100,26806,-1368,768,2216,-1071,-2736
-3516,-19772,24678,1254,729,570,-2768
-2702,32767,-6814,-4990,-1749,-58,-2736
456,4706,-4108,4335,1284,-1449,-2768
1878,-31510,23320,963,-556,1523,-2736
400,24520,-1912,-1849,-866,-531,-2736
1500,750,6826,3042,1156,-299,-2768
2558,14030,7608,-1522,-333,-130,-2704
-5196,14672,26,-2218,-1458,302,-2768
5634,-13188,5210,1907,1470,-350,-2736
-2636,368,8150,-637,780,-168,-2736
6328,-5890,13866,2501,2884,-979,-2704
-5838,-10578,19570,-1530,-600,985,-2736
-1108,32767,-8614,-3309,-852,-1198,-2736
3552,-7970,20,5617,2304,-772,-2736
-9030,27872,5002,-3640,-2337,1920,-2768
4016,3136,3138,2236,710,-1220,-2768
4218,-24944,22454,967,85,214,-2752
2566,20916,4722,-2030,-608,-382,-2752
472,-3394,11276,323,702,2,-2720
7242,-16922,15882,-61,776,-36,-2752
2162,3614,7770,297,1297,-341,-2720
5112,-6962,14464,1689,891,-268,-2752
-7844,28156,-5622,-4740,-1730,76,-2752
3926,-5390,-1102,3233,1571,-1601,-2720
-416,-32768,31488,120,-161,1141,-2752
-8672,32767,-276,-4102,-2894,-610,-2752
6612,-32768,11756,3539,82,217,-2752
-4508,9692,4140,-2711,-1955,154,-2720
-552,14312,288,1569,165,-697,-2752
702,-8726,16030,513,954,-167,-2736
-2150,5336,1414,-2258,-1266,355,-2752
3192,-172,1626,809,932,-410,-2752
-3568,-4194,10258,-295,-62,-58,-2752
3520,13336,7796,-477,1543,-871,-2736
2022,-32768,27762,3110,1485,-64,-2752
-5562,21738,1554,-4752,-1759,447,-2736
-4566,24680,-8594,2490,198,-1803,-2720
5776,-32768,15452,638,-578,1676,-2736
4118,20534,-1306,-1595,-677,-605,-2704
5558,-14894,17264,2947,1194,-214,-2752
1404,-2528,14238,-2092,-547,-120,-2784
-3982,10344,-584,-1848,-1085,209,-2720
7364,-21930,14938,2016,1624,-289,-2752
772,2482,7760,-549,955,-224,-2720
5344,6948,10280,2812,2855,-879,-2752
-740,-29218,28918,-2442,-1053,1049,-2720
1022,23290,-7682,-2176,-273,-1601,-2752
6162,-32768,20106,5329,2405,-361,-2752
-6090,4592,18014,-4327,-2665,1679,-2752
4294,17430,230,2760,663,-1202,-2720
-1572,-14944,15240,809,26,213,-2752
1820,25698,-550,-1955,-536,-417,-2720
-1438,8072,7004,584,973,-25,-2720
3606,-6098,9600,-756,296,86,-2768
1784,4698,5546,289,1223,-357,-2720
744,-10208,13362,1589,792,-254,-2720
-9848,20312,-754,-4429,-1435,-167,-2768
5722,-30274,14624,3961,1907,-1277,-2736
-6224,-13702,21300,-1146,-814,1375,-2736
-8654,32767,-9054,-3355,-2668,-979,-2736
6964,-23918,4154,3259,-65,488,-2736
-602,24654,-1644,-3036,-1986,102,-2704
662,3578,5034,2008,343,-664,-2736
668,-16682,17862,513,888,-150,-2736
1766,-3442,7366,-2547,-1602,396,-2768
5114,-10714,4176,1141,971,-430,-2736
-2856,-752,8504,-525,23,-108,-2736
-1052,24650,162,-189,1697,-915,-2736
4978,-32768,19226,2315,1242,198,-2736
-2372,32767,-7304,-4785,-1836,464,-2736
872,1432,-2208,3130,557,-1639,-2736
1532,-29628,23468,-596,-1007,1816,-2736
1032,24364,-2082,-480,-15,-790,-2736
4824,-23258,22212,2698,1240,-43,-2720
2834,16222,6504,-2439,-706,-95,-2704
-5438,16150,136,-1634,-826,167,-2768
5598,-15150,6600,1863,1517,-277,-2736
2466,5208,7230,-431,1107,-269,-2736
6128,-7646,14328,3107,2797,-781,-2736
-6508,-7492,17982,-3149,-1330,1019,-2768
-1016,32767,-8502,-1185,107,-1776,-2736
922,-32768,32226,4687,2129,-95,-2704
-8956,30148,3382,-4710,-2772,1323,-2768
4144,1020,3100,3090,609,-1049,-2736
3640,-24696,21966,202,-452,254,-2736
-992,17560,-684,-994,-454,-508,-2752
1188,-5280,12034,1031,1261,-145,-2752
6810,-16282,15902,-1206,-11,143,-2752
2140,5118,7298,431,1148,-387,-2720
-3238,-5292,10556,873,221,-166,-2752
-7236,30124,-6122,-3914,-1047,-327,-2720
4666,-11844,1226,4262,1891,-992,-2752
-1708,-32768,31368,-2159,-1220,1473,-2720
-5708,28160,-9366,-2051,-2152,-1338,-2752
6412,-32768,13134,2694,-60,844,-2784
-4470,13168,2942,-2990,-1831,-106,-2720
-1016,12612,510,2533,564,-588,-2720
656,-5830,15738,-120,503,-141,-2752
-2360,6620,854,-2296,-1576,360,-2720
3188,-2054,1782,1199,1084,-390,-2752
-80,1646,8480,-512,424,-106,-2736
4174,10152,9284,604,2205,-968,-2752
1266,-31848,28050,1314,808,422,-2720
-5146,24532,-74,-4917,-1701,-23,-2720
5068,-30506,14966,4809,1635,-1224,-2736
-4098,-3416,19466,-2105,-1613,2003,-2736
3812,19296,-588,917,456,-1049,-2736
5462,-16476,18374,2230,952,12,-2736
2344,25410,4,-2747,-810,-158,-2736
-2778,11240,5420,-799,-121,73,-2736
7098,-21594,14970,1255,1413,-189,-2736
1034,2486,7404,-124,1283,-316,-2768
2016,-11682,14176,2847,2195,-505,-2736
-9844,15374,2552,-3705,-1544,755,-2752
1038,21196,-6922,-69,605,-1886,-2752
5350,-32768,22548,3908,1752,223,-2752
-8986,32767,-8272,-5331,-3183,629,-2768
6294,-20440,3766,3429,419,-834,-2752
-2122,-12768,13366,-625,-1009,260,-2784
1314,24550,-922,-263,-307,-613,-2736
810,-15826,16876,1194,1391,-155,-2736
2760,-5532,9090,-1607,-417,209,-2736
1774,4766,4844,489,960,-390,-2736
224,-10058,13080,430,-24,-117,-2736
-1854,26622,-1504,-3238,-507,-517,-2736
5608,-32470,16600,4347,2010,-769,-2768
-6678,-10124,19548,-2804,-1511,1528,-2736
-8738,32767,-9718,-1066,-1686,-1547,-2736
2064,-32478,23512,2186,-308,1157,-2736
58,25138,-2116,-2887,-1634,-262,-2704
1030,2210,5478,2729,750,-521,-2736
166,-16648,17942,-530,206,-94,-2736
-4804,13150,184,-2344,-1662,317,-2736
5112,-12270,5328,1588,1232,-370,-2768
-2690,238,8210,-668,356,-137,-2736
-222,23146,1248,1345,2513,-995,-2736
-4626,-13646,20590,-285,4,743,-2752
-2242,32767,-7874,-4342,-1402,-642,-2752
1724,-1690,-1394,5113,1889,-1092,-2752
950,-28178,24056,-2572,-1856,2010,-2752
3870,6134,3020,1387,633,-1147,-2752
4498,-24540,22792,2111,948,53,-2720
2930,17362,5812,-2685,-854,-190,-2752
-5256,16514,208,-408,299,-19,-2752
7288,-20558,18306,941,1245,-109,-2720
2554,5628,7086,-175,1290,-352,-2752
5818,-7792,14210,2847,1998,-467,-2752
-8882,28582,-5450,-4798,-1906,362,-2736
3942,-1768,-2598,1444,1043,-1910,-2752
846,-32768,31486,2545,1099,662,-2720
-8542,28908,3214,-5144,-3165,348,-2752
3996,1194,3266,3541,403,-689,-2736
-4434,4778,5596,-946,-1185,248,-2768
-994,17268,-574,-440,-374,-541,-2736
1404,-4656,11988,1209,1456,-179,-2736
6862,-17320,16808,-1566,-306,196,-2736
2754,816,1826,475,1058,-425,-2768
-3116,-5908,10882,590,117,-127,-2736
-7422,30438,-6352,-3431,-685,-483,-2768
5114,-10682,288,4340,1991,-832,-2736
-6534,18058,4708,-2665,-1452,1555,-2736
-6342,29690,-9478,-1440,-1860,-1501,-2768
6800,-32768,12212,2443,-159,986,-2768
-4670,11152,3900,-2972,-1744,-125,-2736
4848,-10314,13904,2662,676,-552,-2736
300,-8176,16570,-345,280,-107,-2736
-1608,6346,1110,-2301,-1581,344,-2768
3144,-1702,1902,1516,1302,-361,-2752
-388,1834,8030,-587,502,-131,-2752
-6060,29424,-5378,-801,1359,-824,-2720
1536,-32550,28018,2886,1434,23,-2720
-5372,23030,830,-4508,-1818,673,-2752
-4636,23880,-8068,2578,239,-1748,-2784
-4002,-6022,20426,-676,-1018,1944,-2768
3778,20390,-1086,-1002,-316,-752,-2752
5772,-15732,17672,2997,1224,-189,-2720
1362,-1416,13952,-2205,-553,-136,-2752
-3054,11280,5072,-1447,-882,197,-2768
7288,-20054,13936,1807,1583,-308,-2752
784,1862,8336,-261,1187,-241,-2736
4872,7770,10214,2675,2670,-702,-2736
-9170,11972,4280,-2747,-1181,882,-2768
544,24406,-7672,-1560,-42,-1573,-2736
5080,-32768,19392,4836,2143,-132,-2768
-5434,3628,17164,-4634,-2748,1320,-2736
5610,-17532,3552,2931,493,-954,-2736
-1478,-14284,14318,161,-463,185,-2704
1668,24966,-418,-1442,-509,-436,-2736
-1606,9150,6634,557,1053,-95,-2752
7448,-21828,16452,-287,589,5,-2752
1870,5844,5280,144,1219,-388,-2752
708,-11054,13682,1736,811,-247,-2752
-10112,20594,-990,-4809,-1681,-40,-2720
5720,-31128,14744,4085,1858,-1272,-2736
-6700,-12158,20576,-567,-521,1346,-2752
-8878,32767,-9342,-3936,-2885,-778,-2752
7238,-25640,4448,3491,3,305,-2720
-254,25396,-1768,-3133,-1989,81,-2736
992,2808,5366,2126,354,-685,-2736
300,-16520,17832,345,723,-97,-2736
1878,-2256,6682,-2464,-1526,342,-2736
4946,-11738,5268,1251,1057,-399,-2736
-2918,510,8176,-625,-47,-80,-2736
-406,24022,500,42,1827,-977,-2736
5042,-32768,20254,2108,1172,282,-2736
-2432,32767,-7454,-4861,-1826,423,-2736
1388,270,-2004,3335,709,-1653,-2736
1198,-29232,24268,-703,-1129,1973,-2768
1034,25508,-2340,-483,-5,-902,-2736
4916,-24264,22908,2945,1269,-88,-2736
2846,16884,6298,-2554,-666,-99,-2736
-5280,14724,636,-1482,-829,201,-2736
5684,-14354,6674,1789,1575,-285,-2768
2462,4630,7680,-368,1123,-285,-2736
5802,-5952,13920,2815,2722,-752,-2736
-5688,-9704,18314,-2768,-1213,896,-2800
-1744,32767,-8174,-1625,-62,-1540,-2736
1340,-32768,31340,4833,2160,-194,-2768
-8184,26882,4652,-4812,-2826,1098,-2752
3758,2686,3368,3197,517,-871,-2752
3754,-23814,21898,-229,-712,204,-2752
-1066,18084,-704,-1180,-542,-418,-2752
1312,-3152,11414,1042,1389,-189,-2752
6980,-18624,17532,-1064,41,166,-2720
2416,5552,7122,-220,1244,-300,-2752
5600,-9778,14494,3011,2342,-554,-2720
-7702,-1382,13770,-4156,-1725,660,-2784
-552,32767,-8810,644,749,-1907,-2720
-676,-32768,32072,3325,1511,389,-2752
-9302,32767,-96,-5224,-3131,694,-2752
4522,-3448,3274,3604,399,-694,-2752
-4494,9732,4140,-1493,-1458,313,-2768
-1122,14890,-272,-459,-372,-599,-2752
1210,-8620,13272,1153,1294,-153,-2752
6324,-13990,14780,-1843,-583,242,-2736
3114,-1622,1690,629,1011,-411,-2736
-3730,-3610,9760,485,11,-112,-2752
-5984,30268,-5814,-3299,-573,-486,-2752
5490,-17660,4100,4180,1941,-517,-2736
-5428,24322,476,-3281,-1658,1403,-2768
-4914,24360,-8468,-207,-1208,-1705,-2768
5496,-32768,16060,1804,-281,1307,-2736
-3578,16768,1642,-2574,-1358,-343,-2736
5732,-15408,17444,2935,900,-418,-2736
1090,-2048,14352,-972,47,-135,-2768
-3278,8260,428,-2173,-1628,342,-2736
3778,-3538,1520,1587,1299,-359,-2736
578,1728,8104,-514,605,-133,-2768
5052,7478,10178,1563,2614,-938,-2736
114,-29008,27792,-82,150,676,-2736
-4248,28682,-2650,-4417,-1403,-624,-2736
5012,-32768,19430,5187,1895,-1087,-2768
-5310,3222,16814,-2603,-1850,2003,-2736
3752,16628,426,1421,565,-1098,-2736
5808,-19174,20188,1926,776,53,-2736
1704,24590,-744,-2488,-762,-287,-2752
-1620,9084,6468,-77,532,-27,-2752
7442,-21892,16528,554,1079,-87,-2752
1526,3386,7516,22,1283,-337,-2752
706,-11106,13806,2453,1561,-369,-2784
-9990,20418,-580,-4863,-1911,296,-2720
1652,15998,-6598,2400,1342,-1857,-2752
4636,-32768,25780,1484,567,954,-2752
-8638,32767,-9374,-5208,-3233,265,-2736
6908,-24460,4172,3678,205,-429,-2768
-3136,-8296,11476,-1675,-1555,264,-2736
818,23274,-1068,241,-242,-659,-2736
740,-16576,17654,1246,1426,-149,-2736
1914,-2342,7112,-1936,-682,274,-2768
1854,4218,4170,622,978,-382,-2736
-824,-9282,12804,112,-145,-106,-2736
-538,24910,354,-2688,-41,-630,-2768
5104,-32768,20230,4188,1936,-488,-2768
-7302,-2422,15862,-3875,-1761,1277,-2752
-8258,32767,-10222,818,-658,-1873,-2752
1158,-29338,24580,1173,-512,1569,-2752
1202,26118,-2442,-2192,-1046,-546,-2720
2156,-474,7414,3017,1000,-344,-2720
192,-15888,18062,-1400,-180,-87,-2752
488,210,4906,-2448,-1599,382,-2752
5590,-13598,6900,1328,1112,-388,-2736
-2038,252,8398,-539,70,-115,-2752
796,21196,2714,7,1845,-918,-2784
4272,-32768,23514,2182,1186,240,-2720
-1786,32767,-8348,-4940,-1772,43,-2736
2588,-7560,1706,3364,717,-1567,-2752
134,-24024,24268,-1355,-1358,1983,-2768
2418,24756,-2202,168,245,-944,-2736
3708,-23724,21876,2633,1212,-46,-2768
2988,20768,4228,-2685,-743,-88,-2736
-4954,15478,1422,-1177,-431,136,-2768
6298,-17524,9284,1622,1546,-207,-2736
2532,5740,7214,-268,1205,-278,-2736
5254,-9156,14494,2993,2493,-638,-2736
-7580,-1476,13682,-3669,-1493,791,-2736
-906,32767,-8534,-250,479,-1841,-2736
-1066,-32768,31806,3964,1754,174,-2736
-8920,32767,-750,-5038,-3006,940,-2768
4120,-4316,3516,3320,445,-817,-2736
2092,-22472,19922,-487,-915,267,-2768
-1320,14260,24,-886,-468,-494,-2768
1774,-9204,13578,1015,1307,-155,-2752
5742,-14352,15336,-947,198,132,-2752
2254,5982,6568,301,1180,-400,-2720
-3876,-4072,10042,806,198,-133,-2736
-5704,30804,-5882,-3695,-902,-412,-2736
5692,-20302,5602,4361,1955,-919,-2736
-3818,-30142,29294,-2387,-1365,1557,-2736
-4276,22566,-8632,-1816,-2051,-1397,-2736
5326,-32768,16760,2626,-140,927,-2736
-3478,18190,1194,-2979,-1767,-106,-2736
-864,9852,1646,2606,649,-594,-2768
748,144,13946,-253,379,-113,-2736
-3192,9264,0,-2330,-1597,333,-2768
3844,-5182,2106,1283,1121,-384,-2736
-4066,-1368,8818,-569,299,-121,-2768
5422,4550,11286,968,2380,-965,-2736
-846,-26624,27058,908,634,483,-2736
-4126,30790,-3884,-4911,-1731,-153,-2736
-2514,15166,-6148,4458,1382,-1347,-2736
-5734,6262,15462,-1704,-1478,2052,-2736
3630,15446,716,583,353,-1037,-2768
5982,-20518,20506,2181,939,66,-2720
1922,7074,10550,-2750,-788,-180,-2752
-1530,7992,6878,-706,-92,87,-2752
4666,-7474,2574,1862,1575,-315,-2720
1654,2260,7958,-367,988,-218,-2752
5984,1254,12220,2530,2801,-831,-2752
-2156,-21904,25286,-1997,-852,880,-2752
1322,15146,-6336,-1796,-134,-1505,-2736
3836,-32768,26378,5370,2307,-447,-2752
-7450,15772,11424,-4126,-2526,1676,-2752
3526,11014,1840,2560,541,-1068,-2784
-3434,-6750,10438,321,-408,195,-2736
320,22174,-1092,-1982,-670,-372,-2784
50,3658,8880,794,1244,-124,-2736
7582,-21272,17502,-594,406,101,-2736
1906,4354,7578,86,1216,-379,-2736
6482,-4808,13844,2476,1581,-399,-2752
-9506,26506,-4600,-4833,-1907,332,-2784
3144,4986,-5128,1469,1008,-1991,-2736
2642,-32768,30542,2644,1192,653,-2768
-8804,24432,7208,-5269,-3247,383,-2768
7380,-31408,6842,3729,289,-543,-2768
-4438,-278,8222,-1482,-1452,335,-2768
-84,20408,-1146,70,-213,-680,-2736
518,-1158,10594,1092,1297,-134,-2704
580,1058,4248,-1681,-495,207,-2736
2150,1610,3116,576,1018,-404,-2704
-2244,-6184,11062,-4,-173,-76,-2752
-8448,27668,-5500,-2376,197,-616,-2720
4080,-32768,24638,4067,1953,-476,-2752
-6768,6850,10234,-3457,-1651,1300,-2752
-7040,32767,-10192,175,-993,-1771,-2752
7208,-32768,9038,1551,-425,1404,-2752
2602,25458,-2500,-2394,-1242,-418,-2720
3796,-5818,11048,3008,994,-380,-2720
378,-12382,17700,-1156,-17,-130,-2752
-1188,3166,2778,-2321,-1652,336,-2752
6324,-16250,9366,1730,1326,-382,-2752
-894,476,8414,-573,643,-167,-2752
2320,17178,5272,1719,2683,-969,-2720
-6896,-2840,13724,-974,-330,838,-2736
-888,32767,-8622,-4334,-1352,-683,-2720
4142,-17982,6846,5190,1941,-1004,-2720
-1480,-16436,23358,-2742,-1897,1993,-2752
4100,-3638,3514,1911,604,-1062,-2736
1966,-21930,19932,1975,849,43,-2752
2696,23658,2238,-2434,-805,-233,-2736
-4196,15094,3108,38,642,-49,-2736
5900,-15306,16048,470,1067,-56,-2736
2278,6570,6770,-65,1214,-357,-2736
4222,-11772,14590,2481,1560,-358,-2736
-9214,7772,8076,-4906,-1891,245,-2736
5888,-18426,4240,2712,1426,-1801,-2736
-3608,-31600,30166,1923,776,841,-2752
-9168,32767,-5176,-5164,-3234,118,-2752
5710,-12742,3270,3778,272,-393,-2752
-48,-19668,18026,-1939,-1644,372,-2752
-1122,10858,1292,402,-249,-684,-2720
1266,-14308,15836,1104,1289,-143,-2736
4518,-9144,11898,-817,309,74,-2720
1976,5528,5876,364,1216,-383,-2752
1880,-11856,14188,872,300,-172,-2704
-3756,29042,-3706,-3925,-1114,-301,-2736
5790,-26744,11274,4222,1934,-1009,-2736
-5246,-20520,24536,-1928,-1148,1436,-2768
-8840,32767,-8182,-2367,-2310,-1188,-2736
3622,-32768,20708,2911,-56,745,-2768
-1690,22246,-488,-3023,-1877,-32,-2736
112,5580,3946,2430,525,-601,-2736
758,-15880,17314,44,584,-169,-2768
-4642,11668,-76,-2471,-1589,323,-2704
4596,-7924,2786,1295,1101,-398,-2736
-3428,-790,8466,-595,145,-102,-2768
-2562,26656,-1562,465,2089,-968,-2736
-2498,-21700,25194,1564,872,415,-2768
-3140,32767,-5982,-4899,-1763,138,-2736
-766,8296,-4582,3933,1035,-1495,-2736
2472,-32636,22716,-1777,-1463,2020,-2720
3682,11482,1900,635,348,-1012,-2752
5420,-21962,21680,2416,1124,-5,-2784
2540,11544,8258,-2724,-787,-150,-2752
-5218,12952,-264,-1021,-322,109,-2720
7336,-20882,17082,1471,1493,-215,-2752
1894,3496,7442,-163,1262,-284,-2720
6256,-2782,13214,2909,2361,-604,-2752
-4106,-16218,22614,-3888,-1649,711,-2752
2284,8492,-5150,103,609,-1842,-2752
3034,-32768,29756,3773,1695,256,-2752
-8544,21960,8674,-5148,-3092,909,-2752
7170,-28856,6070,3629,297,-617,-2768
-3898,-2930,8738,-663,-1039,274,-2752
-122,20922,-1100,-772,-442,-556,-2752
444,252,9984,963,1241,-128,-2768
7352,-19446,17018,-974,152,142,-2768
2108,2968,3022,310,1092,-388,-2704
-2016,-8016,11804,1126,366,-162,-2736
-8814,28046,-5598,-3743,-917,-410,-2752
3790,-234,-3592,4335,1990,-979,-2720
-7410,6376,11204,-2192,-1280,1524,-2720
-7650,32767,-10320,-2045,-2203,-1360,-2752
7518,-32768,8350,2749,-138,924,-2752
-4760,3552,6680,-3069,-1870,-113,-2752
3222,-4798,9832,2491,531,-608,-2720
30,-13658,17880,-15,561,-113,-2752
-562,2596,3134,-2417,-1643,342,-2784
2524,1546,2308,1352,1066,-394,-2752
-1518,702,8180,-607,139,-124,-2720
1862,18460,4498,519,2122,-971,-2784
3524,-32768,25582,1547,914,401,-2752
-1168,32767,-8508,-4867,-1639,-216,-2736
4100,-14722,4586,4124,1166,-1513,-2752
-1066,-19850,24078,-1279,-1323,2085,-2752
2970,24478,-2248,652,391,-1078,-2736
2768,-24082,21556,2586,1185,35,-2736
2806,22380,3210,-2725,-790,-136,-2736
-4422,15212,2280,-958,-221,108,-2768
6520,-18774,10876,1427,1478,-195,-2736
2358,5934,6944,-282,1235,-298,-2768
4796,-9744,14598,2908,2384,-568,-2768
-8070,1434,11604,-3918,-1638,704,-2736
-428,32026,-8702,242,650,-1881,-2704
-1588,-32768,31328,3655,1609,326,-2736
-9068,32767,-2040,-5118,-3043,781,-2704
4636,-6540,3338,3425,387,-745,-2736
1566,-21508,19418,-703,-1016,242,-2768
-1254,13094,404,-660,-404,-519,-2736
1572,-10314,14180,1167,1399,-157,-2768
5578,-12946,14540,-1442,-243,224,-2736
2316,5692,6622,258,1184,-405,-2736
3320,-11456,14472,1753,919,-234,-2752
-5092,30166,-5324,-4461,-1490,-179,-2736
5886,-21734,6892,3653,1774,-1454,-2720
-4154,-27804,28440,-538,-492,1270,-2720
-9098,32767,-6264,-4001,-2833,-736,-2752
4946,-32768,17976,3249,-6,515,-2736
-2994,19998,524,-3074,-1994,58,-2736
-776,9012,2294,2095,363,-674,-2736
798,-14574,16208,387,784,-114,-2736
-3562,10052,-10,-2391,-1444,341,-2736
4292,-6290,2486,1134,1037,-432,-2736
-3876,-1054,8816,-569,38,-46,-2736
-3210,27742,-2576,57,1847,-919,-2736
-1510,-24428,26230,2002,1085,261,-2736
-3426,32542,-5160,-4877,-1849,304,-2736
-1494,11546,-5626,3580,809,-1610,-2768
3180,-32768,21582,-820,-1089,1936,-2768
3716,13408,1350,-220,70,-884,-2736
5686,-21340,21268,2756,1239,-101,-2736
2504,9486,9300,-2525,-710,-99,-2736
-5340,13064,-272,-1449,-804,175,-2736
5004,-9612,3462,1882,1473,-333,-2720
-3056,-734,8512,-584,814,-170,-2720
6074,-972,12840,2230,2831,-930,-2720
-3470,-18158,23496,-1223,-502,917,-2752
-2428,32767,-6854,-3523,-945,-1046,-2752
930,2294,-2862,5465,2207,-760,-2752
-7736,19940,9126,-3425,-2228,1845,-2752
3410,8358,2454,2036,589,-1097,-2752
5006,-23104,22004,1449,450,104,-2720
2692,15206,6788,-2708,-788,-121,-2736
-5024,14124,230,-983,-299,104,-2736
7302,-19836,17356,1447,1518,-194,-2768
1866,4412,7374,-173,1224,-286,-2736
6342,-6914,14098,2916,2319,-588,-2736
-5960,-9122,18384,-4031,-1663,659,-2768
3406,132,-3522,364,656,-1858,-2768
1250,-32768,32048,3650,1672,276,-2736
-9490,28612,4560,-4961,-2999,1210,-2752
4094,2582,2848,1809,649,-1246,-2720
4132,-25104,22396,1850,728,115,-2752
2670,20994,4490,-2376,-676,-305,-2736
848,-4132,11424,201,664,0,-2768
7018,-16898,15966,215,979,-74,-2736
2056,4940,7500,177,1225,-344,-2768
5362,-8668,14810,1994,1195,-345,-2736
-7906,28944,-5996,-4769,-1871,188,-2736
4260,-5850,-1204,2645,1478,-1722,-2768
-132,-32768,31692,1173,406,981,-2736
-9096,31908,716,-4819,-3174,-142,-2768
6642,-32768,10912,3760,141,-140,-2704
-4620,8486,4350,-2339,-1844,249,-2768
-968,15810,-410,935,-63,-683,-2736
1498,-6528,12740,1127,1400,-160,-2736
-1976,4834,1674,-2120,-1054,360,-2736
3046,652,1214,645,860,-416,-2768
-3190,-5428,10588,-13,-59,-96,-2736
-7400,29500,-5790,-2127,344,-682,-2736
2574,-32768,27406,3512,1713,-163,-2752
-6374,16916,4472,-4170,-1775,985,-2720
-5828,28658,-9494,1544,-313,-1831,-2720
6490,-32768,12498,617,-649,1619,-2784
3742,22836,-1864,-1606,-685,-609,-2720
4906,-11224,14932,3024,1216,-269,-2752
1204,-7216,16078,-1757,-381,-115,-2752
-3002,7778,410,-2133,-1362,256,-2752
6982,-20350,12846,1964,1494,-328,-2752
234,1696,7738,-613,842,-232,-2784
4442,10808,8466,2587,2930,-928,-2720
-9294,8712,6946,-2384,-1038,996,-2768
34,27692,-8312,-3113,-747,-1239,-2752
5920,-31976,15060,5508,2312,-629,-2752
-4388,-3644,20338,-3804,-2432,1867,-2752
5992,-13116,3120,2751,683,-1158,-2768
-240,-18486,17490,1323,353,166,-2752
1950,26150,182,-2597,-809,-237,-2736
-2120,10616,5592,57,521,12,-2768
7400,-21542,15244,797,1286,-125,-2752
2130,5556,5978,94,1323,-388,-2736
1718,-11316,14116,2549,1766,-426,-2752
-9826,17182,1402,-4755,-1834,251,-2768
318,20062,-6942,2461,1351,-1719,-2736
-5152,-19794,24258,1286,451,894,-2768
-8740,32767,-8194,-4887,-3140,-74,-2736
6714,-20384,3466,3773,222,-206,-2736
-2522,-12414,13942,-2255,-1825,307,-2768
132,5700,4078,815,-88,-710,-2736
924,-16386,17600,1118,1356,-161,-2736
3304,-6130,9446,-2006,-943,268,-2736
2132,4374,5142,640,961,-400,-2736
-3486,-996,8708,32,-103,-93,-2736
-2500,26598,-1402,-2140,347,-614,-2768
5316,-29862,15416,3887,1835,-387,-2736
-5634,-12926,19972,-3699,-1672,1185,-2736
-680,7806,-4094,559,-739,-1678,-2736
2620,-32354,22680,1289,-341,1380,-2704
12,23540,-1092,-1992,-967,-453,-2768
1258,1224,6698,3041,1165,-258,-2752
2596,12496,8158,-1796,-413,-117,-2720
-5262,14100,-296,-2125,-1399,263,-2720
5136,-11260,4482,1941,1487,-311,-2720
-2784,-206,8472,-560,869,-190,-2720
6350,-3072,13472,2457,2877,-918,-2720
-4572,-14932,22042,-1688,-715,1009,-2752
-1956,32767,-7816,-3126,-721,-1248,-2720
1934,-1856,-1694,5544,2346,-670,-2720
-8720,23820,7542,-3812,-2424,1881,-2752
3718,6638,2304,2261,611,-1205,-2784
4758,-24414,22326,1315,299,135,-2720
-114,20526,-1068,-1996,-610,-394,-2768
632,-794,10318,267,678,14,-2752
7436,-18532,16676,152,964,-68,-2752
1764,4334,7810,208,1247,-332,-2752
5964,-7252,14372,2020,1135,-309,-2720
-8596,27998,-5678,-4826,-1827,148,-2752
3430,-2140,-2466,2961,1498,-1661,-2720
646,-32768,32134,559,77,1055,-2720
-9578,31468,2404,-4625,-3126,-360,-2720
7374,-32768,9524,3676,118,33,-2752
-4930,6514,5444,-2572,-1953,234,-2720
-606,16804,-808,1182,15,-681,-2720
300,-11500,17120,744,1033,-127,-2704
-1076,3806,2298,-2116,-1141,341,-2752
2590,502,1996,692,875,-414,-2752
-3122,-4866,10180,-148,-122,-102,-2720
2716,15834,6254,-944,1232,-772,-2704
2884,-32768,27104,3616,1771,-260,-2752
-6442,15638,5160,-4459,-1858,773,-2736
-5988,28660,-9182,2338,130,-1760,-2768
-2256,-13922,22860,-22,-836,1769,-2736
3684,23168,-1948,-1106,-386,-760,-2736
4826,-11712,14730,3011,1223,-166,-2768
1052,-7538,15788,-2134,-550,-116,-2736
-3802,14176,3442,-1898,-1144,231,-2736
6864,-21354,13206,2047,1558,-310,-2768
346,2008,7458,-574,943,-224,-2704
4086,11264,8280,2842,2897,-887,-2736
-9194,8146,7612,-2339,-1004,1000,-2768
80,27956,-7980,-2336,-320,-1466,-2736
5916,-31318,14702,5314,2380,-433,-2736
-4278,-4976,21028,-4176,-2612,1664,-2768
5136,-12146,3418,2606,633,-1098,-2736
92,-18962,17232,925,51,189,-2768
1926,25222,504,-1982,-688,-353,-2736
-2258,11678,5328,625,1055,-93,-2736
4468,-10032,12350,-746,319,76,-2720
2100,6238,5768,220,1131,-392,-2720
2002,-11930,14278,1375,569,-231,-2720
-10054,16526,1876,-4430,-1460,-154,-2752
6068,-26982,10968,4055,1930,-1269,-2752
-5446,-20922,25252,-1236,-801,1412,-2752
-8982,32767,-7944,-4047,-2903,-662,-2736
6730,-19732,3328,3600,79,211,-2736
-1870,22304,-684,-2822,-1980,205,-2736
-92,6086,3484,1652,195,-700,-2736
510,-15938,17146,719,1007,-138,-2736
3684,-5900,9250,-2293,-1348,326,-2736
4480,-7912,2690,884,942,-404,-2768
-3554,-562,8398,-368,-51,-90,-2736
-2336,26376,-1222,-766,1338,-817,-2736
5392,-30272,15842,2326,1244,158,-2752
-3086,32767,-6102,-4799,-1864,423,-2752
-492,7182,-4338,3363,634,-1639,-2720
2486,-32382,22858,-644,-1000,1869,-2720
148,24196,-1620,-459,-44,-822,-2784
5248,-22568,21878,2845,1260,-105,-2720
2888,12540,7760,-2464,-655,-105,-2752
-5456,14482,-232,-1529,-837,165,-2752
5452,-12272,4886,1825,1577,-270,-2752
1984,3868,7428,-361,1139,-231,-2752
6146,-3834,13390,2899,2689,-690,-2752
-4784,-13556,21020,-3090,-1351,880,-2752
2838,4884,-4274,-259,449,-1819,-2736
2078,-32768,30588,4612,2061,-39,-2720
-8570,25708,5812,-4782,-2857,1202,-2752
3494,4650,2900,3101,519,-908,-2752
-4370,1104,7344,-574,-988,240,-2736
-474,18868,-928,-803,-419,-537,-2768
840,-1924,11024,1026,1344,-140,-2736
7236,-18388,16886,-1194,1,145,-2736
2306,1970,2562,372,1077,-413,-2768
-2796,-6460,11252,829,186,-146,-2736
-8022,29152,-6122,-3896,-1044,-355,-2736
4340,-5330,-1958,4303,1929,-1037,-2736
-6796,12098,7722,-2089,-1179,1494,-2736
-7000,31970,-9776,-2120,-2171,-1324,-2768
7112,-32768,10470,2825,-73,814,-2768
-4476,7392,5228,-3059,-1846,-77,-2736
4246,-7864,12310,2496,559,-600,-2736
-132,-10528,16944,-88,446,-118,-2704
-1164,4996,1650,-2319,-1561,324,-2768
2774,-608,2228,1344,1160,-373,-2736
-902,1836,8094,-615,160,-117,-2736
3482,14344,7154,654,2204,-990,-2736
2410,-32768,27958,1388,861,423,-2768
-5890,18368,3554,-4937,-1780,27,-2736
5144,-23472,10070,4277,1346,-1494,-2768
-2822,-12202,22716,-1379,-1355,2097,-2736
3848,22798,-1780,198,257,-1039,-2736
5312,-12568,15558,2689,1220,-3,-2768
2770,25030,1006,-2723,-724,-117,-2736
-3774,12832,4062,-1187,-493,167,-2736
6990,-19600,12992,1626,1571,-257,-2768
452,1700,8088,-257,1221,-257,-2768
3556,-10066,14238,2712,2249,-553,-2752
-8648,6998,7554,-3858,-1609,653,-2752
-138,28572,-8118,178,654,-1812,-2720
5236,-29218,14254,3705,1650,317,-2752
-9172,32767,-5016,-5118,-3088,774,-2784
5084,-11332,3178,3406,336,-748,-2752
190,-18638,17070,-746,-1074,241,-2752
2058,25234,476,-633,-391,-518,-2720
1714,-12984,15452,1191,1502,-188,-2752
4450,-10792,13214,-1415,-227,222,-2752
2128,6614,6080,343,1008,-396,-2752
-3758,-2940,9598,441,21,-137,-2736
-4370,30176,-4758,-3714,-881,-437,-2752
6246,-25504,9126,4425,2006,-865,-2720
-5370,-23098,26456,-2413,-1370,1556,-2720
-2414,16910,-8026,-742,-1532,-1699,-2768
4316,-32768,19700,2089,-312,1192,-2768
-2278,21746,-220,-2822,-1573,-277,-2736
-614,7518,2944,2824,828,-497,-2736
1592,4354,12122,-655,124,-118,-2736
-4072,12448,-640,-2416,-1667,356,-2704
4398,-8124,2966,1587,1254,-377,-2736
-3662,-770,8584,-673,277,-102,-2752
6202,196,12622,1632,2683,-1012,-2768
-2626,-21166,24998,754,578,603,-2752
-3076,32767,-6376,-4886,-1712,-236,-2720
-546,7618,-4610,5011,1835,-1162,-2736
-7040,14454,12058,-2452,-1815,2089,-2768
3846,11722,1668,1231,582,-1147,-2768
5580,-22882,22010,2246,983,44,-2736
2514,12368,8336,-2780,-850,-180,-2768
-290,4320,8324,-670,-30,56,-2736
7616,-20174,16998,1043,1367,-192,-2736
2164,3020,7828,62,1382,-307,-2736
5846,-2714,13352,2608,1954,-487,-2736
-9246,23750,-3238,-4206,-1742,476,-2704
2118,8004,-4426,1018,848,-1776,-2736
2472,-32768,29874,2824,1197,542,-2736
-7748,23036,7102,-5197,-3166,402,-2736
6762,-29220,6708,3617,290,-459,-2736
-4246,-742,7722,-1476,-1499,285,-2768
-370,19886,-1092,26,-320,-589,-2704
738,-6,10170,1205,1475,-189,-2752
-84,592,4598,-1995,-812,334,-2752
2636,3548,2522,564,996,-408,-2720
-2464,-7992,12078,114,-59,-82,-2752
-8712,28228,-5486,-2379,164,-639,-2720
3652,-2452,-2456,3955,1852,-1316,-2720
-6926,9460,9060,-1920,-1116,1515,-2736
-6730,32767,-10138,-3282,-2648,-1016,-2720
7140,-32768,9894,3311,56,487,-2752
-4726,6500,5528,-3038,-1955,101,-2784
3972,-7340,12028,2415,482,-633,-2736
380,-11416,17214,41,523,-125,-2736
-1214,5390,1694,-2507,-1604,334,-2736
2606,-446,2168,1404,1161,-389,-2736
-3382,-4942,10342,-157,-229,-88,-2736
-7040,30182,-6264,-1932,466,-713,-2736
2278,-32768,28410,3854,1885,-319,-2736
-6312,18528,3982,-3797,-1778,1261,-2736
-6060,28644,-9512,-267,-1265,-1675,-2752
6284,-32768,13430,1857,-340,1323,-2752
3590,23858,-2192,-2235,-1084,-533,-2736
4934,-11818,14760,2906,864,-448,-2752
492,-7232,15802,-946,42,-116,-2720
-2490,6508,846,-2225,-1609,319,-2720
6706,-18882,12174,1769,1402,-357,-2736
-20,1454,8212,-538,656,-135,-2704
3974,11932,8176,1897,2736,-958,-2736
1760,-32768,28168,-495,-84,728,-2768
-444,29524,-8224,-4134,-1259,-726,-2736
5122,-27252,12736,5311,2078,-1001,-2768
-3406,-8310,21298,-2884,-2012,2035,-2736
3894,21164,-1198,1642,581,-1165,-2704
286,-19788,18034,1925,728,87,-2768
2328,25108,540,-2600,-798,-202,-2768
-3190,13052,4366,-352,372,27,-2768
7140,-21174,14346,863,1264,-111,-2704
2166,6448,6114,-123,1222,-322,-2736
3186,-11402,14400,2682,1908,-466,-2736
-9398,10686,5566,-4585,-1870,477,-2768
244,26316,-8124,1638,1107,-1930,-2736
-3958,-28506,28308,1558,591,949,-2752
-9302,32767,-6252,-5039,-3221,-37,-2720
5994,-14448,2772,3731,161,-259,-2752
-382,-17852,16710,-2007,-1688,297,-2752
-906,9544,1722,608,-171,-688,-2784
1280,-14906,16150,1356,1403,-142,-2720
4018,-8796,11640,-2254,-1011,332,-2720
2036,6260,5470,717,918,-451,-2720
-3828,-1906,9170,-152,-128,-88,-2752
-3262,28776,-3358,-1930,518,-734,-2720
6148,-28424,12302,3903,1911,-263,-2720
-3924,32767,-5110,-4363,-1857,1009,-2736
-1450,12950,-6938,757,-744,-1866,-2720
3470,-32768,21390,1146,-567,1551,-2720
-1502,23798,-1192,-2151,-1046,-546,-2720
6056,-22026,21232,3142,1231,-246,-2736
2004,7886,10466,-1455,-260,-63,-2752
-4770,12978,-404,-2162,-1515,284,-2720
4582,-9306,3402,1789,1380,-339,-2720
-3266,-438,8234,-573,769,-172,-2752
6056,-1042,12894,2173,2803,-930,-2752
-3078,-19050,23598,-1008,-329,778,-2720
-2860,32767,-6646,-3772,-1110,-896,-2720
3788,-32768,27286,5358,2184,-611,-2768
-7094,16670,10418,-3163,-2137,1881,-2752
3658,10004,2126,1898,646,-1137,-2720
5094,-22918,21968,1215,256,149,-2736
72,21996,-1052,-2247,-742,-318,-2768
270,3352,9030,205,833,-93,-2704
7420,-21154,17904,160,862,-5,-2736
2146,4442,7236,88,1296,-374,-2736
-1530,-9560,12994,2224,1303,-311,-2736
-9446,26390,-4282,-4884,-1884,179,-2736
3164,4368,-4520,2945,1504,-1664,-2736
2132,-32768,30706,612,89,1064,-2736
-7760,32767,-9768,-4614,-3064,-335,-2736
7132,-30718,7160,3693,135,-5,-2736
-4310,226,7636,-2460,-1885,247,-2736
-486,19706,-1094,1084,-10,-710,-2736
810,-14646,18112,1080,1321,-169,-2736
66,1662,3866,-2302,-1118,354,-2736
2220,2570,2596,1004,1055,-424,-2752
-2594,-7218,11668,-482,-113,-51,-2720
1686,19508,4334,-790,1306,-891,-2720
3704,-32768,25826,2901,1442,81,-2720
-6822,10614,8470,-4539,-1867,773,-2752
-7124,32767,-9952,2349,178,-1818,-2720
-1106,-21094,24568,118,-792,1880,-2752
2832,25224,-2466,-1275,-466,-792,-2720
4038,-6702,11676,3042,1231,-208,-2720
-160,-10998,17166,-2150,-509,-96,-2720
-4080,12496,2900,-1611,-1116,263,-2752
6268,-15944,9704,1658,1558,-321,-2720
-1260,1406,8438,-412,813,-187,-2736
2846,15428,6346,2174,2798,-857,-2768
-7208,-1006,12368,-1180,-438,809,-2704
-928,32730,-8600,-3544,-1006,-985,-2736
4424,-19514,7634,5396,2280,-528,-2752
-2102,-14730,22956,-3960,-2498,1704,-2752
4338,-5140,3388,2440,614,-1116,-2752
1756,-22066,19894,981,86,164,-2720
2820,24526,1662,-2118,-639,-335,-2720
-4352,13070,3358,243,824,-30,-2720
6212,-14288,15282,129,829,-24,-2752
2202,5028,7186,94,1225,-365,-2720
3914,-9748,14226,2003,1151,-318,-2752
-8272,3900,9404,-4773,-1819,156,-2752
4716,-14748,2930,2947,1506,-1646,-2720
-2866,-32768,29764,471,11,1132,-2720
-9398,32767,-4596,-4568,-3073,-465,-2752
5926,-32768,15366,3417,-18,316,-2768
-3528,16032,1902,-2581,-1942,218,-2720
-1194,10922,1248,1260,43,-654,-2752
1562,-13122,15176,841,1046,-155,-2736
-3874,10700,-596,-2608,-1533,375,-2768
3866,-4598,1612,1168,1010,-386,-2768
-3662,-2812,9498,-627,-66,-87,-2736
-4408,29904,-4512,-403,1551,-1014,-2704
-1228,-28494,28602,2609,1347,242,-2736
-4546,31090,-3436,-4781,-1918,627,-2736
-2938,17276,-7554,2840,386,-1736,-2736
4026,-32768,19732,-340,-996,1898,-2736
4152,17598,176,-865,-220,-860,-2736
5998,-19428,20022,2993,1314,-135,-2736
1360,4766,11866,-2384,-657,-90,-2736
-4110,11570,-564,-1505,-939,193,-2736
7586,-21118,16224,1725,1601,-317,-2736
1374,3120,7874,-353,1045,-209,-2704
6204,498,12348,2900,2630,-707,-2752
-2536,-22190,25540,-3198,-1387,831,-2720
1102,15846,-6308,-1899,-214,-1470,-2736
4478,-32768,25730,5345,2319,-546,-2720
-7062,13668,12558,-3978,-2512,1726,-2752
3878,12008,1452,2566,694,-1190,-2720
5674,-22980,21918,1045,125,215,-2720
400,23448,-1368,-2172,-691,-341,-2752
-206,4520,8236,403,914,-87,-2752
7652,-20982,17264,-96,762,-2,-2720
2472,4438,3762,228,1223,-379,-2768
-1066,-9328,12690,1962,1118,-316,-2752
-9564,24082,-3140,-4706,-1776,75,-2752
2150,7884,-4434,3119,1627,-1530,-2752
-6328,-3382,15030,-563,-534,1237,-2736
-7776,32767,-9998,-3731,-2815,-751,-2736
6668,-28546,6204,3399,46,322,-2736
-4094,-1596,7930,-2811,-1946,91,-2768
2242,-2156,9126,1863,240,-615,-2736
928,-15122,18156,697,1016,-199,-2768
134,544,4746,-2574,-1460,374,-2768
2598,3370,2736,1144,1034,-399,-2736
-2012,576,7818,-580,-74,-78,-2768
978,20810,3296,-355,1602,-1024,-2736
3962,-32768,25352,2504,1276,273,-2736
-7086,8646,9982,-4802,-1861,590,-2768
4040,-11510,1760,3022,468,-1743,-2736
-840,-22400,24586,-383,-1000,1985,-2736
2576,25690,-2668,-855,-234,-898,-2768
3642,-5904,11294,2908,1294,-60,-2752
2602,21936,4006,-2659,-777,-87,-2752
-4490,13322,2356,-1252,-735,199,-2752
6174,-16302,9052,1611,1646,-309,-2752
-1428,1386,8146,-192,1114,-240,-2752
5150,-8758,14536,2790,2624,-690,-2752
-7292,-1646,13128,-3083,-1324,860,-2752
-424,32767,-8742,-1139,124,-1660,-2752
4974,-20416,7584,4684,2152,-61,-2720
-9724,32767,-982,-4836,-2908,1346,-2752
4482,-4950,3278,3169,568,-1050,-2752
1948,-23220,20536,604,-241,228,-2768
2952,24474,1858,-2169,-636,-362,-2752
868,-9000,13380,568,991,-66,-2736
6354,-14262,14746,146,885,-41,-2720
2284,4538,7172,153,1250,-349,-2720
3756,-8404,14132,1855,1110,-307,-2752
-6340,28830,-5522,-4657,-1711,12,-2704
4752,-14116,3092,2887,1529,-1659,-2752
-2420,-32768,29754,657,113,1102,-2784
-8936,32767,-4236,-4516,-3055,-404,-2752
5452,-32768,15620,3451,9,297,-2736
-3352,15374,1752,-2534,-1914,200,-2752
-840,10750,1422,1731,202,-685,-2768
1508,-11974,15232,869,1143,-189,-2768
-3984,9336,-322,-2506,-1445,406,-2768
4026,-3470,1248,1076,943,-393,-2736
-3668,-3220,9986,-542,-101,-81,-2736
-4898,30092,-4860,-709,1377,-926,-2704
-260,-29782,28772,2862,1468,124,-2736
-4704,30020,-2670,-4734,-1907,686,-2768
-2730,18348,-8160,2820,355,-1855,-2768
4880,-32768,19110,2196,-261,1129,-2736
-2464,20702,500,-2864,-1625,-225,-2768
-714,8160,2694,2898,919,-420,-2720
1366,3322,12698,-1029,-45,-82,-2720
-4064,12712,-1028,-2399,-1601,342,-2752
4268,-8010,2864,1825,1406,-377,-2784
-3622,-1596,8772,-736,547,-131,-2752
6188,1238,12196,1986,2826,-1020,-2720
-2478,-23100,26174,-544,-75,908,-2752
-3700,32767,-6022,-4847,-1923,561,-2720
-890,9922,-5804,3019,485,-1734,-2752
2716,-32768,22338,-486,-1058,1977,-2752
4090,13468,1258,-137,74,-1012,-2768
5924,-22788,21768,3041,1317,-109,-2720
2030,10500,9422,-2710,-750,-90,-2736
-5064,12824,-80,-1290,-733,159,-2704
7732,-20744,17054,1636,1563,-278,-2736
2002,3080,8014,-294,1113,-243,-2720
-1138,24776,252,963,2411,-979,-2768
-3740,-17142,22608,946,669,556,-2768
-2508,32767,-7370,-4890,-1718,-160,-2768
1106,872,-2532,4618,1489,-1365,-2736
1368,-29624,23692,651,-598,1584,-2736
1156,25086,-2176,-1596,-684,-636,-2736
2130,-1228,8400,3062,1238,-235,-2736
2896,16316,6302,-2144,-551,-134,-2720
-5524,15186,422,-1864,-1196,216,-2720
5746,-14562,6526,1949,1517,-313,-2752
-1976,336,8012,-473,1034,-253,-2752
5818,-6500,14034,2802,2881,-835,-2720
-6152,-8120,17764,-2445,-1054,956,-2752
-926,32767,-8556,-2175,-303,-1506,-2752
3524,-11500,2804,5139,2250,-333,-2752
-8732,29736,2902,-4262,-2662,1510,-2752
3704,1034,3290,2701,601,-1040,-2752
3272,-23202,21208,624,-144,182,-2784
-792,16696,-380,-1374,-506,-454,-2736
1060,-4874,12074,550,975,-61,-2720
6716,-16414,16124,-345,601,14,-2720
2096,4566,7266,294,1235,-380,-2688
-3360,-5174,10638,1230,434,-183,-2736
-7184,29782,-6210,-4373,-1447,-195,-2736
5018,-11584,864,4081,1867,-1239,-2768
-1660,-32768,31688,-1461,-912,1443,-2736
-5844,28386,-9332,-2979,-2505,-1126,-2768
6640,-32768,13834,3236,46,596,-2736
-4408,13110,3420,-3126,-1943,33,-2736
-916,13428,370,2167,376,-666,-2704
202,-6500,15810,301,691,-127,-2736
-2174,6656,808,-2325,-1485,328,-2736
3246,-2384,1948,1122,1074,-395,-2768
-3796,-2850,9596,-514,80,-77,-2736
4482,10456,9008,-9,1866,-932,-2736
1358,-31792,27916,2073,1159,233,-2768
-5020,24064,-72,-4813,-1827,308,-2736
-4408,22740,-8030,2786,438,-1729,-2752
-4380,-4218,19932,-805,-1090,2012,-2704
4000,19904,-966,-868,-264,-812,-2752
5828,-16376,18164,2952,1280,-132,-2720
1496,-420,13596,-2564,-699,-135,-2736
-2652,11380,5226,-1437,-742,183,-2768
7364,-21510,15228,1851,1632,-240,-2736
1092,2188,8070,-357,1138,-273,-2704
5112,6688,10468,2792,2638,-685,-2768
-9604,13768,3468,-2965,-1282,905,-2736
796,23260,-7574,-1359,86,-1669,-2768
5446,-32768,20138,4763,2225,-109,-2704
-5568,4290,17198,-4741,-2849,1296,-2736
6116,-18212,3130,2991,481,-999,-2736
-1694,-14134,14320,172,-463,188,-2736
1364,25066,-772,-1476,-542,-440,-2736
-1476,8870,6742,906,1271,-123,-2736
3200,-6512,10112,-780,260,122,-2768
1424,3342,7338,11,1240,-381,-2720
694,-11534,13814,2456,1525,-385,-2752
-10058,20940,-1022,-4814,-1867,308,-2752
1340,15200,-6374,2481,1384,-1824,-2752
5010,-32768,26446,1397,526,938,-2720
-9144,32767,-9368,-5089,-3266,-9,-2752
7394,-24446,3900,3711,195,-272,-2752
-3212,-9222,12090,-2086,-1746,309,-2752
574,4128,5048,1124,-36,-725,-2768
452,-16932,17844,1209,1341,-133,-2752
1924,-2638,7046,-2156,-992,283,-2752
1980,3858,3858,709,888,-380,-2720
-2942,-130,8328,-332,-162,-80,-2736
-572,23980,558,-1259,995,-805,-2768
5106,-32768,20272,3420,1721,-122,-2704
-6472,-4072,16138,-4201,-1812,945,-2768
1124,550,-2058,1480,-357,-1768,-2800
1090,-29420,24084,612,-631,1611,-2736
1166,25234,-2376,-1570,-658,-668,-2736
2208,-1532,8160,3078,1118,-327,-2720
2756,16978,5982,-1813,-434,-88,-2736
-5450,14814,470,-2262,-1584,300,-2720
5564,-14024,6360,1834,1345,-332,-2752
-2048,192,8106,-506,889,-202,-2736
5744,-6316,14178,2497,2861,-904,-2736
-5820,-8762,17992,-1635,-677,943,-2736
-1264,32767,-8292,-3114,-727,-1176,-2736
3264,-9640,2166,5418,2211,-617,-2736
-8468,28668,3618,-3717,-2410,1774,-2736
3620,1768,3328,2264,635,-1101,-2736
3352,-23610,21494,1256,287,119,-2736
2770,20870,3998,-2244,-771,-316,-2736
1246,-4114,11688,201,754,-53,-2736
6698,-17610,16884,138,889,-53,-2736
2186,5198,7108,108,1270,-366,-2736
5210,-9728,14388,2141,1226,-291,-2704
-7482,29968,-6294,-4899,-1842,144,-2736
4828,-10374,356,3105,1558,-1637,-2768
-1138,-32768,31590,448,20,1145,-2736
-9310,32767,-1336,-3927,-2898,-700,-2720
6650,-32768,12578,3559,118,268,-2752
-4390,11232,3836,-2830,-2005,170,-2752
-978,13828,174,1688,192,-696,-2752
1332,-9688,13900,721,973,-146,-2720
-2064,7078,830,-2387,-1333,324,-2784
3024,-2018,1918,1037,991,-397,-2752
-3662,-3348,9654,442,2,-126,-2752
-5994,29916,-5636,-3222,-573,-471,-2720
5564,-17914,4260,4265,1953,-768,-2752
-5386,24452,302,-3308,-1625,1377,-2768
-4728,23992,-8662,-167,-1176,-1718,-2736
5542,-32768,16732,1767,-295,1367,-2736
-3634,17444,1714,-2547,-1357,-406,-2736
5712,-15898,17524,2952,905,-399,-2768
1080,-2120,14170,-963,22,-128,-2768
-3554,8736,18,-2224,-1621,341,-2736
3832,-3912,1668,1683,1290,-364,-2736
654,2004,8044,-608,571,-146,-2704
5068,7506,9960,1100,2435,-989,-2720
282,-29278,27874,742,571,570,-2752
-4592,28278,-2296,-4814,-1598,-272,-2752
5272,-32768,19016,5168,1958,-1117,-2736
-5274,1820,18006,-1954,-1549,2081,-2752
4066,17442,14,1295,524,-1148,-2736
5920,-18728,19836,2098,905,50,-2736
1610,24990,-562,-2689,-809,-201,-2768
-1886,9998,6010,-585,164,88,-2736
7516,-21890,16230,1126,1389,-164,-2736
1472,2854,7758,-157,1231,-296,-2736
1466,-11062,13844,2746,2071,-497,-2736
-10026,17876,904,-4455,-1824,555,-2736
1228,19322,-7456,1155,995,-1992,-2704
5372,-32768,23464,2913,1325,594,-2736
-8960,32767,-8862,-5292,-3258,473,-2736
6922,-22350,3440,3729,298,-623,-2736
-2362,-11816,13308,-1313,-1340,258,-2736
1074,24722,-904,-154,-295,-635,-2736
620,-16806,17752,1262,1425,-110,-2768
2710,-3954,8226,-1812,-546,240,-2768
1920,4842,4528,676,977,-385,-2752
-190,-10032,13150,24,-131,-75,-2752
-1490,26202,-890,-2362,177,-679,-2720
5446,-32708,17840,4076,1938,-427,-2752
-6728,-7276,18282,-3585,-1741,1358,-2784
-8776,32767,-9716,186,-1035,-1813,-2720
1944,-31782,23808,1546,-453,1413,-2752
342,25484,-1958,-2431,-1227,-435,-2752
1390,1574,6294,2987,1003,-378,-2752
590,-16958,18406,-1128,-65,-107,-2720
-5256,14810,208,-2335,-1662,309,-2752
5402,-12678,5730,1792,1354,-359,-2752
-2230,-186,8190,-615,646,-175,-2752
5918,-4784,13696,2313,2855,-904,-2736
-5106,-11696,19318,-613,-138,798,-2752
-1892,32767,-8082,-4105,-1277,-769,-2752
2430,-5680,680,4913,1767,-1137,-2736
268,-25346,24126,-2406,-1787,1989,-2736
3892,3688,3174,1709,670,-1135,-2720
3880,-23778,22000,1794,717,100,-2752
2790,20268,4382,-2605,-782,-230,-2752
-5146,14616,1282,-284,322,10,-2720
7178,-18140,17074,710,1197,-111,-2752
2298,4718,7420,42,1316,-341,-2720
5344,-8268,14310,2500,1716,-409,-2720
-7094,-3384,14664,-4716,-1939,386,-2752
4346,-6210,-954,1987,1184,-1828,-2752
-546,-32768,31928,1813,721,828,-2752
-8960,32767,-78,-5053,-3170,66,-2784
6900,-32768,11194,3626,147,-46,-2736
-4364,8954,4378,-1899,-1685,249,-2752
-1082,14666,-32,535,-197,-658,-2752
1434,-8136,13220,1234,1396,-144,-2720
-1958,6636,1004,-2289,-1127,339,-2768
3028,-850,1690,815,981,-430,-2736
-3758,-4048,10124,-314,-176,-71,-2736
-5912,30244,-5832,-1352,966,-807,-2704
1086,-32526,28880,3394,1630,-75,-2736
-5404,25046,320,-4317,-1824,1007,-2768
-4446,23648,-8638,1781,-169,-1857,-2768
5506,-32768,16520,537,-655,1739,-2768
3912,21050,-1474,-1583,-662,-721,-2736
5798,-16052,17628,3087,1204,-245,-2736
812,-1068,13940,-1992,-465,-106,-2736
-3150,8514,304,-1777,-1262,254,-2736
7296,-19392,13612,1709,1533,-333,-2736
370,2324,8372,-385,893,-163,-2736
5356,6340,10770,2358,2767,-856,-2768
-136,-28344,27636,-1651,-649,887,-2736
284,23422,-7614,-3078,-762,-1124,-2736
5196,-32768,19404,5420,2285,-626,-2736
-5362,3288,16972,-4221,-2620,1552,-2752
3762,17096,252,1363,550,-1129,-2736
5830,-19378,19974,1975,773,61,-2768
1582,25106,-698,-2694,-828,-209,-2736
-1818,8902,6302,-520,130,71,-2736
7390,-21312,15966,1052,1339,-145,-2704
1420,2532,8038,-53,1280,-332,-2704
652,-10540,13458,2579,1879,-466,-2768
-1584,-24388,26556,-2330,-1001,895,-2768
1080,17746,-6660,-1278,94,-1637,-2752
4578,-32768,25018,4761,2182,-80,-2752
-7232,12754,13662,-4792,-2859,1303,-2720
3790,13032,1378,3063,507,-953,-2752
-2900,-9206,11628,37,-572,206,-2752
798,23392,-1250,-1378,-518,-447,-2752
-634,5126,8312,858,1245,-133,-2752
7696,-21198,17368,-745,271,94,-2720
1948,3754,7810,-15,1263,-338,-2720
-658,-9492,12540,2272,1437,-357,-2704
-9770,24334,-3378,-4635,-1869,448,-2720
2308,9080,-5576,1753,1136,-1937,-2720
3696,-32768,29214,2309,1049,758,-2720
-8424,32767,-10206,-4959,-3235,-79,-2736
7684,-29138,5300,3764,184,-253,-2736
-4100,-3584,9604,-2134,-1741,264,-2768
-82,21720,-1330,727,-111,-695,-2736
236,-16338,18354,1232,1354,-137,-2736
776,678,4840,-2205,-1002,300,-2736
2172,2858,3228,740,908,-425,-2736
-2086,-7274,11614,-186,-190,-100,-2768
984,20722,3044,-1829,596,-705,-2736
4102,-32768,23970,3752,1850,-269,-2736
-6716,5678,10764,-3904,-1778,1142,-2704
-7292,32767,-10128,840,-662,-1789,-2704
-328,-23976,24422,1084,-502,1507,-2768
2630,25216,-2702,-2013,-950,-534,-2736
3564,-5530,11022,3088,1183,-310,-2736
652,-13058,17968,-1549,-334,-110,-2736
-5142,14804,1804,-2026,-1328,260,-2752
6314,-16484,8914,1853,1412,-336,-2736
-1134,646,8152,-571,764,-183,-2736
1908,17222,5394,2205,2832,-930,-2736
-7140,-2598,14102,-1028,-350,854,-2768
-894,32767,-8606,-3734,-1067,-917,-2736
4150,-17594,6632,5291,2070,-814,-2736
-1432,-16916,23152,-3261,-2164,1843,-2704
3928,-3210,3484,1885,626,-1096,-2736
1994,-21890,19860,1577,510,100,-2736
2676,23752,2144,-2453,-790,-240,-2736
-4114,14386,3134,-78,528,-24,-2736
6066,-14856,15658,430,1069,-93,-2736
2354,5784,6882,59,1310,-348,-2736
4046,-11560,14782,2416,1530,-340,-2736
-9268,7504,8100,-4868,-1918,266,-2736
5686,-18084,4138,2613,1346,-1786,-2736
-3212,-32378,29954,174,-132,1174,-2752
-9280,32767,-4888,-4406,-3022,-495,-2720
5240,-11422,3162,3658,147,93,-2752
-3480,16556,2074,-2624,-1929,216,-2752
-1006,10720,1544,1334,89,-693,-2720
1220,-13082,15200,898,1126,-108,-2720
5004,-10112,12336,-2253,-1192,314,-2752
3608,-4596,2194,890,974,-414,-2752
-4022,-1742,8956,351,-53,-101,-2736
-4034,28982,-3988,-3600,-861,-403,-2752
5538,-25078,9976,4271,1923,-866,-2784
-4810,-22956,25330,-2380,-1289,1440,-2752
-2760,16240,-6876,-662,-1451,-1582,-2736
4268,-32768,20494,2075,-166,1205,-2768
-1902,21942,56,-2678,-1484,-298,-2768
-54,6224,3826,2850,821,-474,-2736
1530,5780,11408,-777,195,-135,-2768
3592,-7016,10020,-2202,-1227,333,-2704
4392,-7060,2820,855,926,-358,-2768
-3522,-882,8678,-326,-71,-89,-2800
-2658,26642,-1758,-1026,1118,-781,-2704
5424,-29396,14380,3106,1548,-45,-2768
-3376,32767,-5540,-4425,-1807,787,-2736
-1052,9220,-4612,1326,-419,-1788,-2752
2782,-32768,22778,782,-497,1628,-2752
-80,23608,-1278,-1693,-764,-599,-2752
1032,2066,5938,2695,738,-518,-2768
972,-16196,17924,-304,404,-165,-2736
-5250,13680,-580,-2545,-1759,374,-2736
