AcX,AcY,AcZ,GyX,GyY,GyZ,Tmp
446,-180,7930,-79,57,-141,-2160
428,-190,7828,-51,68,-138,-2160
456,-182,7966,-68,57,-162,-2144
480,-194,7902,-46,60,-163,-2112
452,-218,7896,-63,46,-136,-2160
420,-150,7920,-77,91,-147,-2160
438,-216,7890,-66,46,-135,-2128
464,-188,7914,-66,68,-137,-2144
496,-254,7838,-70,40,-139,-2144
442,-148,7926,-50,44,-148,-2160
414,-254,7926,-48,67,-147,-2160
470,-216,7922,-53,73,-151,-2128
462,-176,7992,-60,78,-110,-2176
512,-182,7942,-38,62,-136,-2160
470,-178,7968,-70,55,-179,-2160
414,-202,7886,-60,48,-123,-2160
478,-234,7892,-57,68,-150,-2144
448,-196,7942,-78,56,-129,-2144
426,-240,7906,-47,63,-152,-2144
490,-190,7908,-63,65,-150,-2128
496,-184,7896,-82,57,-142,-2160
456,-178,7828,-57,54,-147,-2144
464,-222,7932,-56,58,-149,-2144
468,-204,7864,-62,56,-164,-2160
464,-244,7980,-61,62,-125,-2160
468,-216,7900,-61,41,-151,-2160
456,-258,7858,-38,53,-121,-2144
452,-244,7874,-75,58,-156,-2176
450,-184,7912,-51,59,-167,-2144
470,-184,7924,-36,44,-157,-2128
460,-180,7812,-71,75,-139,-2128
458,-218,7898,-89,65,-150,-2160
478,-192,7910,-61,50,-140,-2128
486,-222,7962,-45,53,-158,-2160
484,-182,7970,-69,51,-144,-2160
468,-166,7924,-69,68,-153,-2144
496,-206,7964,-53,41,-145,-2144
492,-200,7914,-59,52,-139,-2128
448,-210,7890,-59,59,-149,-2128
426,-172,7866,-69,54,-118,-2176
444,-144,7926,-71,65,-142,-2176
434,-182,7918,-58,52,-151,-2160
490,-190,7918,-74,65,-140,-2160
452,-204,7846,-61,4,-124,-2160
476,-186,7912,-64,75,-146,-2144
454,-210,7888,-58,75,-147,-2144
488,-200,7912,-58,77,-148,-2144
448,-218,7942,-53,47,-155,-2160
464,-222,7914,-71,72,-159,-2128
490,-192,7926,-70,58,-149,-2144
480,-194,7896,-65,49,-135,-2144
480,-166,7894,-49,78,-152,-2160
492,-236,7962,-36,65,-141,-2144
474,-180,7942,-55,55,-147,-2144
460,-202,7914,-71,52,-150,-2144
470,-234,7948,-46,62,-163,-2192
434,-206,7896,-55,71,-145,-2128
468,-242,7922,-58,60,-131,-2144
470,-204,7950,-71,58,-155,-2144
474,-238,7906,-59,59,-152,-2176
448,-230,7880,-63,61,-134,-2128
458,-214,7978,-64,49,-143,-2160
418,-230,7904,-73,61,-153,-2144
448,-238,7864,-63,67,-163,-2144
486,-238,7944,-54,21,-151,-2128
448,-194,7946,-75,75,-140,-2160
456,-200,7910,-51,65,-166,-2128
474,-186,7880,-56,93,-138,-2144
500,-248,7930,-55,67,-146,-2112
480,-192,7988,-59,54,-139,-2128
442,-200,7946,-52,78,-147,-2160
422,-232,7830,-61,52,-124,-2144
436,-184,7890,-57,59,-169,-2144
458,-204,7852,-48,57,-139,-2160
496,-196,7964,-58,58,-144,-2128
438,-190,7946,-72,39,-161,-2144
430,-192,7898,-51,71,-152,-2144
412,-202,7946,-71,42,-152,-2128
444,-186,7880,-47,54,-148,-2160
470,-206,7976,-73,49,-126,-2160
454,-214,7934,-40,41,-156,-2144
468,-210,7880,-55,82,-141,-2144
480,-208,7950,-66,77,-156,-2160
430,-236,7890,-68,54,-163,-2128
410,-200,7894,-60,73,-139,-2128
488,-190,7936,-56,51,-137,-2112
486,-182,7990,-63,74,-165,-2144
460,-192,7882,-53,48,-136,-2128
482,-216,7916,-53,57,-150,-2160
442,-198,7936,-47,60,-129,-2160
460,-160,7908,-57,25,-155,-2144
472,-196,7926,-61,51,-124,-2112
436,-230,7992,-65,63,-143,-2160
484,-204,7944,-45,45,-166,-2128
476,-178,7926,-67,67,-148,-2144
460,-212,7880,-62,65,-158,-2144
430,-184,7950,-52,43,-142,-2176
440,-190,7882,-50,76,-155,-2160
438,-168,7948,-67,73,-144,-2128
448,-216,7936,-72,65,-156,-2144
474,-214,7904,-66,41,-149,-2144
426,-148,7898,-59,75,-146,-2096
510,-178,7902,-65,57,-139,-2128
424,-196,7880,-65,76,-130,-2176
456,-170,7910,-63,77,-150,-2144
458,-198,7930,-73,58,-151,-2128
400,-230,7928,-56,56,-163,-2160
430,-194,7932,-53,28,-121,-2128
458,-198,7806,-72,66,-165,-2128
452,-224,7936,-47,65,-151,-2160
452,-146,7954,-65,52,-143,-2144
470,-180,7888,-51,69,-161,-2176
474,-194,7954,-75,60,-133,-2160
454,-198,7892,-67,41,-160,-2160
478,-200,7892,-58,78,-152,-2144
476,-214,7932,-75,43,-159,-2112
468,-190,7934,-65,73,-139,-2144
434,-196,7910,-65,76,-171,-2160
476,-208,7948,-59,54,-142,-2160
452,-202,7964,-62,61,-137,-2144
486,-186,7950,-63,72,-135,-2176
490,-196,7970,-66,40,-147,-2144
452,-204,7962,-55,70,-146,-2160
500,-234,7884,-64,43,-160,-2160
488,-184,7900,-52,70,-134,-2144
448,-174,7940,-71,58,-160,-2160
422,-208,7880,-50,47,-150,-2160
484,-216,7928,-78,47,-144,-2128
456,-214,7880,-59,50,-136,-2144
416,-174,7908,-51,56,-136,-2144
478,-236,7958,-54,61,-148,-2128
466,-178,7880,-60,48,-137,-2160
496,-202,7916,-48,79,-173,-2192
490,-118,7874,-72,62,-136,-2112
472,-252,7944,-53,54,-125,-2144
440,-148,7930,-48,56,-137,-2160
476,-186,7914,-64,60,-135,-2160
490,-186,7892,-61,56,-138,-2160
448,-138,7942,-60,48,-132,-2176
420,-220,7912,-53,51,-181,-2144
470,-194,7896,-56,77,-135,-2160
452,-202,7860,-61,38,-150,-2128
472,-222,7926,-67,46,-133,-2176
498,-200,7926,-61,76,-154,-2144
454,-196,7878,-62,58,-137,-2144
430,-184,7896,-51,48,-152,-2128
412,-216,7910,-59,61,-154,-2176
454,-192,7982,-58,28,-165,-2160
470,-226,7992,-57,67,-165,-2160
454,-200,7968,-59,40,-138,-2128
386,-208,7864,-55,53,-167,-2128
474,-180,7932,-61,74,-136,-2144
502,-226,7884,-73,58,-131,-2176
502,-196,7900,-67,74,-137,-2160
456,-216,7920,-73,54,-142,-2160
468,-184,7946,-71,48,-166,-2144
480,-216,7958,-41,43,-149,-2144
488,-228,7862,-75,59,-133,-2128
482,-214,7870,-58,51,-147,-2128
454,-236,7942,-66,59,-126,-2128
434,-170,7954,-68,58,-123,-2144
428,-166,7912,-68,43,-152,-2144
440,-258,7930,-64,51,-143,-2128
440,-216,7862,-43,53,-165,-2128
438,-200,7884,-57,62,-167,-2160
476,-240,7976,-58,56,-150,-2144
446,-186,7908,-55,64,-144,-2176
498,-228,7918,-57,64,-142,-2128
428,-186,7942,-69,69,-172,-2160
468,-186,7886,-36,59,-130,-2144
444,-176,7950,-53,37,-151,-2144
410,-174,7910,-70,70,-169,-2176
454,-180,7926,-62,39,-144,-2160
446,-162,7930,-46,85,-140,-2160
436,-190,7912,-65,71,-151,-2144
454,-180,7932,-71,45,-148,-2176
484,-232,7926,-70,61,-133,-2176
430,-102,7888,-86,58,-152,-2128
504,-178,7888,-61,42,-141,-2128
448,-160,7862,-67,66,-147,-2144
500,-212,7948,-72,61,-141,-2128
486,-124,7966,-34,49,-135,-2128
488,-170,7950,-69,62,-145,-2128
408,-166,7880,-63,52,-151,-2128
474,-190,7912,-35,46,-133,-2160
484,-154,7868,-56,63,-132,-2128
456,-168,7890,-62,56,-145,-2176
448,-190,7914,-40,54,-157,-2144
482,-254,7920,-78,32,-143,-2144
438,-186,7878,-55,70,-121,-2160
466,-194,7924,-61,49,-140,-2160
444,-154,7926,-59,83,-136,-2144
424,-206,7904,-85,36,-148,-2176
512,-218,7922,-59,81,-137,-2176
460,-208,7878,-62,42,-147,-2128
454,-258,7880,-57,64,-130,-2160
476,-196,7884,-71,52,-163,-2112
480,-198,7890,-46,43,-144,-2128
450,-162,7878,-59,66,-129,-2160
486,-214,7914,-65,65,-138,-2160
454,-204,7922,-59,49,-152,-2128
460,-228,7962,-59,54,-148,-2144
460,-200,7970,-74,57,-152,-2144
526,-200,7890,-55,78,-137,-2160
448,-178,7930,-60,62,-165,-2128
456,-188,7940,-41,62,-135,-2144
434,-162,7922,-56,66,-165,-2144
482,-222,7976,-58,56,-152,-2160
458,-234,7908,-56,86,-151,-2160
488,-260,7938,-75,64,-131,-2128
444,-188,7878,-54,82,-143,-2176
422,-206,7930,-77,51,-132,-2176
458,-244,7886,-61,61,-135,-2144
480,-250,7958,-55,43,-162,-2128
462,-206,7912,-58,77,-150,-2160
478,-220,7926,-43,70,-116,-2176
480,-218,7926,-48,63,-147,-2144
486,-250,7930,-48,53,-150,-2160
472,-220,7962,-33,44,-117,-2160
400,-218,7898,-79,53,-144,-2160
482,-226,7942,-42,49,-136,-2176
510,-190,7840,-56,70,-163,-2144
492,-192,7912,-63,45,-129,-2144
444,-204,7936,-45,100,-167,-2144
504,-214,7872,-70,22,-149,-2160
506,-208,7878,-74,64,-143,-2128
448,-186,7916,-41,47,-139,-2176
502,-278,7924,-79,37,-151,-2144
474,-192,7966,-59,73,-145,-2128
504,-182,7966,-76,68,-147,-2128
424,-198,7982,-55,63,-146,-2128
488,-210,7860,-63,64,-147,-2144
468,-242,7946,-61,45,-152,-2176
438,-170,7930,-61,49,-139,-2160
474,-226,7926,-49,36,-147,-2128
496,-206,7948,-42,60,-147,-2176
472,-222,7916,-55,54,-142,-2144
478,-194,7886,-53,55,-156,-2160
428,-198,7944,-49,76,-124,-2128
468,-192,7958,-64,34,-142,-2128
412,-170,7874,-69,46,-140,-2144
468,-208,7904,-55,52,-141,-2144
438,-224,7904,-88,56,-149,-2128
430,-200,7910,-59,80,-118,-2128
444,-154,7894,-79,44,-127,-2128
478,-204,7936,-76,53,-162,-2144
438,-142,7894,-39,57,-147,-2160
482,-212,7936,-60,26,-121,-2128
492,-212,7900,-48,41,-165,-2128
478,-192,7932,-68,69,-129,-2144
514,-198,7922,-43,88,-157,-2112
454,-208,7868,-49,65,-133,-2160
478,-232,7904,-70,50,-156,-2128
474,-168,7940,-50,48,-141,-2144
470,-204,7918,-60,65,-145,-2144
476,-128,7940,-44,47,-139,-2144
486,-226,7914,-66,62,-153,-2160
428,-202,7922,-61,62,-145,-2160
450,-118,7908,-65,66,-130,-2144
484,-248,7942,-61,62,-151,-2144
482,-232,7880,-59,71,-136,-2128
518,-222,7866,-63,70,-128,-2128
446,-204,7932,-52,48,-136,-2160
422,-168,7914,-61,85,-148,-2176
410,-218,7884,-45,66,-150,-2144
502,-224,7906,-60,43,-127,-2160
460,-182,7916,-59,55,-146,-2160
496,-188,7942,-64,61,-141,-2160
466,-206,7944,-51,68,-149,-2144
466,-178,7900,-46,53,-136,-2144
468,-172,7876,-56,62,-132,-2160
498,-198,7868,-54,70,-154,-2160
424,-170,7882,-65,60,-128,-2128
416,-190,7942,-63,54,-142,-2176
454,-210,7946,-65,65,-152,-2144
430,-248,7942,-70,43,-136,-2160
438,-228,7956,-51,36,-139,-2160
486,-198,7906,-73,71,-129,-2176
494,-190,7908,-58,52,-150,-2144
428,-176,7892,-68,49,-144,-2144
538,-218,7940,-62,48,-145,-2128
436,-202,7900,-44,49,-131,-2192
436,-162,7836,-55,55,-149,-2144
456,-178,7906,-65,70,-132,-2176
434,-212,7890,-61,58,-151,-2160
486,-226,7952,-53,51,-141,-2160
486,-210,7920,-52,67,-154,-2160
466,-218,7908,-56,64,-140,-2144
508,-196,7950,-59,63,-149,-2160
464,-270,7912,-56,51,-145,-2160
428,-180,7930,-67,55,-148,-2160
496,-208,7830,-44,59,-150,-2160
456,-202,7880,-54,72,-144,-2176
446,-204,7962,-58,53,-135,-2144
422,-206,7990,-67,67,-152,-2160
476,-204,7896,-45,47,-144,-2128
464,-228,7918,-42,47,-135,-2112
448,-180,7898,-69,46,-152,-2176
460,-148,7916,-61,57,-144,-2160
456,-216,7928,-60,39,-159,-2144
472,-162,7902,-69,76,-146,-2128
468,-260,7958,-73,48,-161,-2160
464,-258,7912,-60,56,-133,-2160
478,-146,7914,-77,27,-156,-2176
432,-216,7846,-60,70,-146,-2176
458,-204,7922,-64,60,-158,-2128
452,-168,7906,-55,68,-139,-2160
458,-246,7904,-71,81,-155,-2128
504,-182,7920,-41,66,-138,-2176
464,-156,7890,-58,67,-166,-2144
426,-226,7994,-64,19,-144,-2160
486,-216,7886,-60,52,-142,-2160
472,-200,7940,-56,63,-136,-2144
468,-174,7898,-67,59,-139,-2144
438,-178,7828,-52,62,-146,-2176
448,-224,7914,-57,62,-143,-2128
478,-232,7892,-51,36,-139,-2160
424,-212,7966,-58,39,-168,-2144
434,-200,7856,-60,58,-155,-2160
444,-174,7896,-52,54,-147,-2128
450,-182,7872,-56,85,-148,-2160
484,-190,8004,-54,47,-147,-2160
476,-210,7872,-81,70,-161,-2144
432,-174,7890,-76,45,-161,-2144
432,-184,7930,-55,29,-134,-2128
410,-182,7910,-67,32,-154,-2160
456,-216,7920,-56,63,-134,-2128
460,-200,7932,-49,62,-150,-2112
516,-236,7932,-84,41,-144,-2160
508,-174,7934,-59,39,-161,-2160
426,-196,7838,-55,64,-149,-2160
464,-216,7888,-66,41,-152,-2144
512,-222,7964,-58,69,-135,-2176
492,-152,7924,-48,38,-147,-2144
480,-168,7872,-69,44,-146,-2160
464,-148,7852,-55,69,-128,-2160
416,-224,7998,-45,65,-185,-2144
430,-178,7854,-60,42,-134,-2176
464,-172,7850,-65,53,-143,-2144
474,-196,7894,-51,54,-144,-2144
456,-134,7920,-68,85,-181,-2160
468,-178,7914,-71,50,-149,-2128
450,-230,7934,-69,79,-153,-2144
452,-194,7900,-54,60,-160,-2112
472,-236,7918,-62,71,-140,-2144
512,-192,7902,-57,72,-147,-2128
416,-210,7840,-57,52,-161,-2160
434,-196,7874,-70,70,-127,-2144
490,-216,7998,-73,77,-123,-2160
444,-208,7954,-55,74,-148,-2160
444,-248,7890,-62,60,-140,-2160
434,-212,7946,-49,55,-132,-2160
426,-146,7896,-68,59,-131,-2144
504,-176,7954,-52,64,-136,-2144
430,-222,7976,-55,56,-157,-2160
460,-182,7900,-61,50,-133,-2128
494,-166,7934,-72,61,-156,-2144
442,-220,7964,-67,66,-143,-2144
408,-216,7950,-64,39,-165,-2128
486,-202,7956,-51,30,-134,-2192
436,-216,7852,-48,67,-149,-2160
456,-166,7872,-68,39,-133,-2112
462,-188,7884,-56,70,-157,-2144
504,-210,7854,-43,49,-128,-2176
486,-166,7998,-52,65,-167,-2192
484,-228,7848,-65,43,-160,-2160
520,-222,7886,-67,62,-134,-2144
430,-224,7890,-65,49,-154,-2144
426,-238,7910,-61,66,-135,-2128
452,-208,7872,-70,60,-133,-2160
470,-226,7922,-56,51,-132,-2160
510,-194,7884,-56,69,-144,-2176
444,-224,7890,-77,66,-166,-2176
484,-202,7902,-52,55,-100,-2128
412,-180,7902,-48,55,-147,-2128
446,-228,7940,-58,69,-152,-2128
464,-186,7942,-62,67,-150,-2160
432,-194,7922,-73,66,-135,-2160
430,-180,7950,-54,53,-152,-2176
458,-210,7886,-48,65,-153,-2144
450,-216,7878,-45,43,-131,-2160
484,-220,7910,-59,32,-146,-2160
460,-180,7930,-47,49,-150,-2176
458,-250,7904,-55,38,-156,-2112
442,-190,7878,-89,65,-147,-2176
482,-196,7892,-39,56,-133,-2160
440,-238,7892,-39,70,-154,-2128
422,-192,7922,-54,36,-137,-2144
490,-208,7944,-54,54,-150,-2176
486,-196,7974,-84,47,-148,-2144
490,-196,7856,-61,67,-128,-2128
462,-188,7930,-56,45,-129,-2128
454,-208,7942,-67,64,-139,-2144
498,-192,7906,-68,32,-169,-2144
446,-214,7836,-83,69,-147,-2128
426,-188,7874,-56,50,-151,-2128
470,-186,7924,-67,48,-156,-2160
452,-186,7906,-57,64,-139,-2176
444,-148,7834,-53,65,-132,-2128
452,-216,7938,-57,60,-138,-2160
474,-192,7880,-78,54,-167,-2160
400,-216,7908,-65,65,-151,-2144
440,-182,7882,-42,36,-127,-2144
456,-186,8000,-65,71,-145,-2176
480,-186,7898,-49,61,-156,-2160
456,-210,7910,-41,50,-161,-2160
490,-188,7924,-48,65,-131,-2112
432,-164,7932,-71,83,-158,-2144
476,-186,7982,-56,51,-133,-2160
508,-170,7902,-63,52,-130,-2160
460,-188,7918,-56,41,-125,-2144
444,-200,7930,-59,64,-148,-2176
422,-210,7900,-47,66,-136,-2160
464,-200,7882,-79,41,-154,-2160
470,-240,7944,-63,61,-159,-2128
440,-210,7970,-56,48,-124,-2128
434,-186,7932,-56,44,-151,-2192
474,-198,7886,-73,53,-142,-2144
460,-208,7938,-58,55,-148,-2144
518,-188,7844,-55,69,-125,-2160
458,-186,7974,-85,59,-126,-2160
464,-160,7956,-59,64,-151,-2144
490,-184,7928,-48,33,-133,-2144
434,-202,7896,-63,62,-128,-2160
476,-200,7946,-51,54,-147,-2192
526,-236,7922,-61,66,-147,-2128
410,-128,7902,-64,56,-130,-2144
430,-214,7906,-66,72,-134,-2144
474,-226,7900,-57,52,-154,-2160
508,-200,7908,-52,46,-141,-2128
432,-228,7870,-49,64,-129,-2128
446,-184,7960,-67,50,-181,-2144
422,-168,7908,-57,43,-133,-2144
426,-188,7928,-74,84,-126,-2160
460,-180,7972,-44,49,-141,-2160
444,-192,7924,-71,47,-141,-2144
448,-182,7936,-68,57,-156,-2144
452,-198,7904,-49,57,-131,-2160
482,-162,7884,-52,60,-134,-2160
478,-216,7922,-77,63,-158,-2160
426,-208,7954,-59,64,-138,-2176
442,-210,7918,-58,77,-146,-2160
418,-226,7902,-58,38,-147,-2160
422,-196,7916,-60,63,-162,-2128
406,-200,7840,-59,59,-133,-2144
436,-198,7898,-56,72,-143,-2112
460,-210,7918,-81,39,-142,-2144
454,-170,7924,-63,54,-149,-2128
438,-212,7898,-72,70,-149,-2128
464,-192,7894,-51,49,-135,-2176
422,-204,7966,-69,48,-150,-2144
430,-226,7930,-51,52,-116,-2128
474,-212,7968,-78,47,-148,-2128
420,-210,7848,-59,51,-137,-2128
492,-218,7900,-53,32,-138,-2160
528,-140,7918,-72,69,-151,-2160
480,-176,7874,-58,33,-150,-2144
466,-214,7954,-73,61,-143,-2144
426,-216,7946,-58,54,-135,-2128
496,-196,7910,-55,32,-151,-2160
460,-242,7958,-63,31,-131,-2160
506,-168,7906,-83,65,-138,-2176
450,-210,7888,-69,79,-123,-2144
442,-222,7818,-65,65,-146,-2160
478,-200,7912,-56,52,-159,-2160
460,-156,7900,-66,50,-126,-2144
460,-220,7906,-64,63,-143,-2192
444,-190,7898,-55,70,-140,-2128
414,-170,7886,-59,71,-117,-2160
496,-204,7880,-37,45,-158,-2160
482,-218,7884,-49,67,-136,-2176
498,-222,7944,-78,28,-159,-2176
450,-216,7914,-41,58,-139,-2160
458,-216,7938,-61,59,-145,-2160
484,-228,7866,-69,50,-147,-2144
468,-186,7876,-51,73,-138,-2176
460,-222,7940,-66,68,-134,-2160
396,-236,7922,-52,71,-172,-2160
518,-162,7934,-69,44,-131,-2160
446,-234,7942,-78,41,-125,-2144
480,-192,7936,-67,49,-152,-2144
478,-186,7908,-42,66,-165,-2176
466,-218,7926,-66,71,-133,-2160
434,-232,7914,-59,53,-141,-2192
444,-186,7928,-63,38,-129,-2144
464,-218,7938,-66,56,-156,-2144
514,-228,7942,-63,46,-142,-2160
462,-232,7806,-79,55,-167,-2160
420,-204,7922,-79,75,-146,-2128
436,-190,7990,-60,24,-133,-2144
468,-212,7906,-61,61,-159,-2112
424,-202,7848,-50,59,-150,-2176
474,-164,7906,-89,48,-161,-2144
466,-196,7868,-63,51,-142,-2160
480,-182,7966,-55,53,-156,-2128
478,-240,7870,-49,54,-136,-2160
454,-234,7938,-66,67,-131,-2176
448,-222,7878,-62,59,-154,-2144
484,-184,7942,-57,82,-144,-2144
426,-194,7942,-59,43,-153,-2160
448,-204,7942,-51,73,-148,-2128
482,-222,7896,-79,27,-148,-2176
430,-166,7910,-62,81,-148,-2176
464,-160,7930,-49,49,-140,-2128
502,-204,7920,-51,77,-145,-2160
390,-188,7906,-60,49,-153,-2160
466,-168,7900,-52,53,-132,-2144
444,-242,7906,-71,47,-153,-2144
462,-198,7878,-26,59,-135,-2160
466,-186,7946,-68,59,-157,-2160
466,-190,7964,-68,65,-156,-2176
394,-222,7970,-55,74,-128,-2176
464,-138,7870,-62,70,-133,-2144
448,-208,7910,-56,64,-138,-2160
438,-248,7858,-60,49,-117,-2128
476,-190,7852,-69,61,-155,-2176
508,-132,7924,-50,45,-145,-2144
490,-220,7918,-63,52,-151,-2128
490,-198,7928,-69,43,-164,-2160
434,-196,7878,-73,72,-151,-2128
438,-222,7922,-66,55,-137,-2176
476,-182,7996,-67,64,-122,-2112
428,-178,7904,-52,52,-160,-2160
456,-216,7872,-64,61,-141,-2160
512,-192,7842,-63,81,-150,-2144
468,-224,7838,-47,53,-140,-2176
386,-184,7908,-64,52,-153,-2192
502,-210,7858,-58,62,-148,-2128
452,-160,7924,-66,56,-147,-2128
496,-206,7930,-58,52,-130,-2160
470,-230,7966,-63,62,-149,-2160
430,-190,7940,-73,81,-143,-2144
474,-186,7914,-61,63,-143,-2176
490,-186,7902,-56,77,-172,-2128
470,-216,7830,-56,37,-135,-2128
426,-204,7912,-63,46,-149,-2160
498,-214,7918,-78,40,-133,-2176
482,-160,7912,-54,61,-154,-2144
466,-198,7910,-65,71,-132,-2128
462,-198,7864,-46,57,-132,-2160
436,-156,7944,-55,56,-148,-2112
418,-188,7966,-62,77,-144,-2144
452,-216,7934,-65,36,-122,-2112
434,-206,7844,-43,54,-160,-2160
456,-228,7938,-75,63,-168,-2160
440,-180,7930,-58,52,-133,-2176
442,-226,7918,-60,71,-160,-2160
500,-216,7902,-48,54,-145,-2128
464,-222,7910,-64,48,-160,-2160
470,-226,7890,-59,71,-133,-2128
460,-188,7888,-66,39,-154,-2112
460,-232,7900,-53,65,-152,-2176
488,-210,7906,-59,60,-158,-2128
438,-222,7900,-51,52,-155,-2128
434,-218,7972,-69,72,-147,-2128
448,-210,7956,-71,40,-152,-2144
456,-226,7920,-46,52,-157,-2160
440,-204,7908,-67,54,-151,-2160
474,-186,7858,-59,62,-180,-2160
476,-208,7950,-60,87,-152,-2144
470,-172,7992,-62,62,-142,-2144
472,-210,7968,-68,57,-138,-2144
428,-192,7888,-60,72,-168,-2160
476,-222,7892,-55,70,-138,-2192
498,-216,7900,-55,64,-140,-2144
470,-182,7910,-62,56,-145,-2144
462,-242,7938,-72,43,-133,-2128
472,-172,7944,-46,74,-135,-2160
420,-180,7920,-66,88,-157,-2160
434,-200,7898,-48,52,-155,-2160
440,-212,7948,-68,49,-143,-2160
460,-200,7950,-47,35,-134,-2144
456,-192,7956,-69,72,-159,-2112
496,-222,7896,-60,63,-157,-2128
504,-224,7948,-71,43,-145,-2160
446,-196,7934,-59,66,-132,-2160
464,-144,7890,-70,50,-160,-2176
438,-230,7880,-58,32,-145,-2144
430,-204,7924,-63,36,-150,-2128
422,-192,7858,-54,82,-151,-2160
482,-180,7908,-75,54,-172,-2144
462,-178,7914,-71,74,-152,-2176
442,-188,7888,-40,89,-145,-2144
438,-180,7932,-64,57,-158,-2128
458,-188,7850,-57,61,-148,-2160
472,-226,7964,-64,45,-175,-2144
436,-180,7900,-69,61,-126,-2144
484,-202,7856,-66,58,-141,-2128
478,-208,7914,-62,62,-136,-2160
472,-190,7960,-59,55,-148,-2160
454,-144,7950,-54,42,-139,-2144
412,-186,7934,-63,89,-156,-2144
460,-192,7898,-62,54,-129,-2160
464,-274,7900,-59,93,-179,-2160
454,-226,7958,-55,64,-165,-2128
422,-198,7990,-78,66,-140,-2144
446,-198,7902,-64,70,-172,-2128
442,-216,7874,-69,46,-147,-2160
464,-142,7922,-75,58,-141,-2160
426,-204,7958,-46,39,-139,-2144
410,-204,7942,-76,59,-157,-2144
500,-254,7934,-56,53,-156,-2144
448,-224,7894,-58,45,-154,-2128
458,-252,7936,-57,64,-156,-2160
510,-230,7924,-65,58,-129,-2176
442,-198,7920,-49,42,-135,-2112
456,-148,7906,-58,62,-149,-2128
448,-202,7988,-82,40,-153,-2176
428,-194,7940,-74,67,-145,-2128
400,-218,7900,-38,71,-150,-2128
420,-172,7910,-76,49,-148,-2144
466,-172,7928,-64,45,-150,-2144
424,-174,7886,-47,69,-113,-2160
470,-186,7858,-56,46,-136,-2160
452,-158,7976,-66,70,-174,-2160
444,-190,7936,-61,54,-141,-2144
448,-184,7908,-49,76,-152,-2160
518,-160,7888,-73,74,-150,-2128
438,-154,7842,-54,28,-132,-2128
424,-258,7910,-51,43,-136,-2112
456,-176,7816,-59,57,-133,-2144
490,-244,7916,-50,75,-161,-2160
452,-182,7920,-59,63,-129,-2128
466,-206,7874,-59,81,-161,-2176
458,-198,7924,-60,56,-130,-2144
488,-240,7850,-65,22,-135,-2144
434,-222,7902,-55,91,-156,-2160
456,-150,7918,-63,10,-142,-2160
436,-200,7916,-77,61,-141,-2176
470,-210,7896,-76,56,-149,-2144
456,-202,7910,-42,54,-156,-2144
492,-176,8014,-66,46,-135,-2128
478,-194,7888,-46,60,-132,-2128
448,-172,7922,-73,48,-142,-2112
448,-186,7940,-39,67,-139,-2144
470,-222,7886,-57,49,-136,-2144
434,-206,7918,-65,61,-134,-2160
522,-220,7912,-60,69,-125,-2160
460,-184,7932,-66,71,-156,-2144
448,-162,7948,-62,41,-145,-2144
484,-216,7852,-74,35,-145,-2128
422,-126,7890,-62,32,-127,-2160
438,-182,7896,-77,71,-157,-2160
412,-242,7902,-82,69,-164,-2112
452,-190,7916,-39,54,-134,-2144
488,-216,7920,-28,75,-140,-2176
538,-192,7910,-71,84,-153,-2128
424,-198,7918,-59,35,-154,-2160
452,-236,7912,-73,53,-142,-2160
480,-188,7932,-72,61,-160,-2144
430,-224,7862,-51,70,-159,-2176
448,-212,7926,-69,67,-140,-2160
496,-180,7900,-52,66,-147,-2160
452,-198,7878,-60,46,-140,-2176
436,-262,7850,-59,65,-180,-2144
474,-184,7848,-82,51,-146,-2144
460,-204,7942,-43,56,-164,-2128
456,-184,7960,-88,67,-160,-2128
450,-200,7944,-65,44,-129,-2144
506,-204,7986,-68,82,-146,-2144
448,-168,7898,-58,54,-148,-2112
440,-230,7844,-43,70,-162,-2160
440,-168,7876,-52,56,-134,-2128
468,-222,7896,-70,46,-146,-2144
486,-188,7900,-61,54,-164,-2176
460,-174,7880,-70,51,-126,-2144
480,-204,7910,-66,63,-141,-2128
468,-162,7902,-43,76,-153,-2128
460,-208,7852,-59,82,-147,-2112
462,-210,7880,-55,29,-153,-2160
418,-174,7964,-74,79,-159,-2160
494,-228,7844,-54,44,-174,-2160
464,-192,7954,-54,74,-140,-2144
460,-182,7894,-65,63,-139,-2144
380,-178,7904,-47,47,-150,-2128
486,-184,7938,-68,42,-139,-2128
452,-228,7930,-71,72,-135,-2160
446,-168,7888,-54,14,-163,-2144
476,-204,7938,-60,82,-167,-2144
448,-214,7920,-57,74,-147,-2160
484,-192,7928,-59,48,-133,-2160
462,-208,7978,-49,63,-163,-2128
448,-180,7910,-60,41,-151,-2160
492,-180,7926,-83,36,-116,-2144
442,-216,7894,-59,60,-151,-2160
496,-182,7930,-59,57,-168,-2160
456,-184,7904,-50,61,-158,-2144
468,-194,7928,-77,62,-131,-2144
448,-182,7908,-49,48,-144,-2144
424,-182,7890,-63,68,-144,-2160
446,-228,7930,-63,37,-156,-2160
446,-174,7932,-39,67,-133,-2144
436,-268,7876,-53,46,-129,-2176
492,-190,7958,-63,68,-146,-2176
456,-222,7840,-55,47,-159,-2128
496,-174,7934,-54,60,-143,-2160
478,-172,7952,-52,15,-124,-2176
484,-188,7922,-53,55,-147,-2144
436,-200,7888,-56,41,-127,-2192
440,-192,7922,-62,73,-156,-2144
502,-272,7908,-82,50,-131,-2176
488,-200,7898,-51,76,-141,-2160
476,-166,7846,-52,51,-151,-2128
486,-212,7922,-78,48,-150,-2160
440,-222,7896,-64,76,-147,-2144
462,-154,7906,-67,48,-161,-2144
490,-172,7870,-65,59,-153,-2160
426,-176,7880,-57,52,-158,-2160
446,-196,7934,-62,70,-134,-2144
482,-270,7916,-57,51,-171,-2176
440,-182,7926,-61,40,-152,-2144
498,-204,7912,-42,69,-122,-2128
468,-210,7864,-62,73,-160,-2128
422,-194,7860,-41,55,-145,-2144
460,-224,7922,-65,64,-118,-2144
430,-220,7872,-63,64,-159,-2176
470,-182,7932,-54,52,-169,-2128
444,-232,7836,-33,60,-147,-2160
444,-184,7900,-39,53,-151,-2176
506,-182,7950,-56,46,-140,-2144
474,-196,7872,-56,52,-165,-2128
530,-242,7902,-66,67,-149,-2128
474,-168,7922,-74,68,-151,-2128
484,-232,7934,-86,69,-157,-2128
446,-214,7886,-62,70,-135,-2160
502,-216,7906,-43,43,-130,-2112
482,-144,7908,-50,59,-131,-2160
450,-194,7948,-67,47,-166,-2192
444,-184,7970,-61,79,-124,-2192
456,-230,7910,-47,53,-153,-2144
408,-196,7894,-55,50,-162,-2112
492,-216,7968,-86,65,-151,-2160
452,-174,7880,-63,43,-136,-2160
472,-216,7896,-61,56,-152,-2160
464,-160,7990,-87,60,-165,-2144
500,-214,7916,-65,49,-133,-2144
460,-244,7890,-54,50,-138,-2160
438,-198,7888,-62,52,-153,-2128
464,-196,7936,-78,57,-164,-2112
496,-188,7966,-31,45,-177,-2176
460,-136,7900,-56,71,-139,-2112
430,-144,7928,-65,54,-156,-2160
442,-162,7874,-66,81,-148,-2160
508,-204,7904,-63,62,-158,-2144
468,-216,7904,-63,56,-138,-2144
452,-156,7912,-53,48,-148,-2144
506,-216,7830,-52,50,-145,-2160
412,-214,7922,-58,57,-152,-2160
484,-238,7912,-43,58,-151,-2144
454,-154,7926,-72,52,-139,-2144
484,-210,7830,-68,58,-150,-2128
418,-156,7906,-64,25,-163,-2160
428,-226,7890,-52,65,-146,-2160
508,-162,7916,-74,62,-125,-2144
448,-196,7926,-52,76,-150,-2160
502,-198,7920,-73,44,-150,-2160
486,-234,7902,-67,68,-144,-2128
406,-242,7986,-64,72,-155,-2144
434,-190,7942,-69,61,-142,-2144
442,-204,7938,-53,67,-137,-2112
460,-208,7930,-54,39,-151,-2144
436,-198,7958,-63,65,-160,-2144
458,-192,7918,-65,55,-145,-2128
476,-196,7976,-63,57,-135,-2160
460,-198,7940,-54,50,-151,-2144
460,-196,7902,-50,47,-158,-2112
460,-204,7934,-50,53,-134,-2128
508,-230,7910,-78,49,-158,-2160
440,-134,7892,-51,71,-136,-2128
472,-206,7876,-59,45,-161,-2144
406,-210,8004,-51,87,-142,-2144
488,-196,7916,-53,68,-170,-2144
444,-168,7876,-38,60,-136,-2128
436,-196,7930,-55,69,-131,-2160
438,-214,7882,-59,76,-154,-2144
452,-208,7940,-75,41,-147,-2144
440,-194,7942,-72,50,-183,-2160
470,-216,7842,-54,66,-124,-2128
412,-198,7966,-74,27,-174,-2128
466,-194,7832,-57,65,-165,-2144
468,-246,7912,-72,44,-141,-2176
446,-192,7956,-63,46,-146,-2160
438,-182,7840,-58,61,-127,-2128
432,-126,7960,-63,58,-160,-2176
488,-186,7868,-56,56,-141,-2160
484,-172,8050,-74,51,-153,-2160
466,-192,7870,-64,44,-151,-2128
470,-172,7954,-57,80,-150,-2192
416,-202,7900,-64,58,-149,-2144
434,-254,7946,-68,51,-169,-2176
462,-172,7870,-54,43,-149,-2160
444,-246,7912,-55,47,-138,-2128
486,-210,7912,-71,76,-148,-2144
478,-214,7940,-57,50,-157,-2144
452,-220,7964,-63,46,-144,-2128
454,-186,7874,-67,63,-120,-2160
468,-232,7874,-64,55,-152,-2192
474,-202,7892,-57,48,-142,-2160
426,-196,7930,-61,53,-135,-2160
436,-242,7874,-62,76,-130,-2144
452,-226,7924,-55,80,-154,-2144
464,-170,7884,-76,40,-148,-2160
424,-210,7922,-66,46,-127,-2128
462,-194,7926,-62,71,-156,-2160
422,-232,7950,-52,46,-165,-2112
422,-190,7846,-59,68,-123,-2144
424,-184,7934,-63,61,-152,-2128
484,-190,7922,-58,62,-158,-2160
476,-222,7926,-46,60,-107,-2112
454,-186,7880,-67,36,-137,-2176
452,-164,7930,-67,53,-132,-2176
466,-210,7952,-69,50,-179,-2160
454,-268,7862,-66,73,-131,-2128
412,-278,7924,-48,69,-146,-2144
444,-188,8044,-53,58,-165,-2144
462,-218,7900,-67,34,-150,-2160
484,-164,7934,-76,42,-144,-2160
452,-228,7928,-51,51,-130,-2144
434,-188,7964,-61,87,-153,-2144
460,-176,7912,-34,50,-160,-2128
486,-190,7942,-70,62,-143,-2128
456,-180,7962,-50,58,-159,-2160
470,-238,7912,-70,58,-153,-2112
442,-204,7914,-43,69,-164,-2176
500,-164,7892,-49,43,-141,-2160
488,-170,7892,-66,58,-134,-2128
426,-190,7904,-57,59,-160,-2160
472,-158,7962,-52,76,-149,-2144
434,-180,7882,-48,62,-146,-2144
442,-208,7924,-54,45,-146,-2192
456,-196,7900,-80,59,-156,-2128
484,-226,7914,-57,53,-130,-2128
452,-204,7892,-67,64,-152,-2144
490,-270,7886,-72,76,-155,-2176
440,-164,7848,-59,48,-153,-2160
464,-178,7954,-45,66,-172,-2160
470,-222,7906,-45,57,-144,-2160
442,-204,7900,-60,50,-127,-2128
450,-172,7930,-72,47,-136,-2160
486,-206,7932,-57,64,-173,-2144
502,-194,7882,-53,68,-134,-2144
464,-126,7932,-69,67,-137,-2160
470,-170,7878,-45,56,-126,-2160
412,-184,7898,-66,44,-168,-2144
460,-216,7902,-59,51,-144,-2144
478,-202,7866,-59,69,-157,-2144
490,-248,7882,-65,39,-149,-2160
488,-198,7880,-51,89,-167,-2160
468,-192,7886,-55,64,-126,-2144
486,-210,7862,-57,59,-134,-2144
510,-198,7934,-56,59,-148,-2160
484,-232,7920,-65,82,-139,-2160
422,-190,7884,-54,36,-143,-2144
500,-202,7866,-45,59,-149,-2144
438,-198,7916,-73,56,-124,-2160
438,-216,7906,-49,69,-132,-2096
492,-194,7986,-73,29,-140,-2160
464,-196,7842,-72,46,-140,-2144
510,-216,7940,-44,52,-144,-2144
454,-178,7930,-59,64,-136,-2112
462,-220,7882,-74,52,-150,-2128
464,-168,7890,-43,40,-156,-2160
428,-186,7934,-59,72,-161,-2176
482,-172,7884,-56,52,-148,-2176
456,-212,7900,-68,52,-162,-2128
490,-194,7976,-68,48,-134,-2160
454,-198,7936,-77,42,-139,-2128
486,-176,7932,-47,53,-150,-2144
492,-236,7892,-58,62,-129,-2128
470,-206,7890,-71,42,-150,-2128
442,-222,7850,-71,68,-149,-2128
430,-254,7930,-56,41,-141,-2144
478,-190,7950,-47,53,-147,-2160
430,-216,7940,-61,83,-150,-2160
496,-180,7960,-61,38,-144,-2144
496,-222,7900,-67,58,-141,-2144
404,-160,7930,-64,65,-142,-2128
502,-162,7968,-73,57,-172,-2128
422,-218,7908,-49,49,-170,-2144
486,-232,7872,-70,51,-141,-2144
436,-148,7948,-44,37,-131,-2144
438,-154,7980,-72,66,-166,-2160
468,-208,7896,-59,84,-132,-2128
434,-216,7938,-62,46,-130,-2144
428,-180,7910,-69,75,-137,-2112
468,-230,7904,-51,53,-160,-2160
456,-174,7912,-59,68,-122,-2128
454,-256,7910,-73,49,-139,-2128
470,-182,7966,-57,40,-145,-2144
494,-188,7862,-60,57,-147,-2160
486,-200,7886,-60,54,-143,-2128
470,-252,7908,-65,70,-148,-2160
436,-178,7872,-57,48,-152,-2128
474,-158,7844,-58,50,-151,-2144
432,-210,7904,-53,34,-137,-2176
448,-226,7882,-54,35,-173,-2128
454,-186,7908,-63,79,-160,-2160
458,-240,7926,-47,52,-152,-2144
452,-174,7964,-48,78,-149,-2176
428,-270,7940,-61,42,-165,-2160
508,-206,7846,-57,62,-156,-2128
488,-212,7918,-65,44,-119,-2160
462,-180,7864,-51,65,-174,-2112
474,-150,7972,-51,56,-121,-2144
456,-216,7896,-58,46,-153,-2144
448,-228,7890,-50,39,-167,-2128
488,-242,7912,-60,53,-166,-2160
502,-212,7890,-46,35,-156,-2144
504,-222,7864,-60,56,-138,-2144
458,-202,7954,-56,41,-137,-2128
494,-198,7930,-58,38,-144,-2160
448,-236,7952,-56,84,-127,-2160
462,-206,7900,-52,24,-122,-2128
490,-174,7904,-60,46,-162,-2160
440,-198,7896,-48,52,-121,-2112
464,-162,7908,-73,34,-156,-2112
444,-168,7866,-50,56,-157,-2128
484,-230,7954,-82,58,-135,-2160
462,-164,7906,-67,82,-141,-2144
458,-222,7922,-34,21,-138,-2144
520,-228,7898,-44,42,-154,-2144
484,-214,7868,-53,53,-120,-2160
464,-204,7948,-67,25,-150,-2160
516,-234,7918,-63,57,-159,-2176
470,-180,7890,-54,53,-157,-2176
440,-210,7882,-64,69,-135,-2144
422,-196,7890,-72,42,-163,-2160
488,-200,7954,-52,51,-131,-2128
432,-208,7924,-50,62,-166,-2144
510,-182,7910,-69,63,-155,-2176
424,-168,7920,-70,61,-154,-2144
468,-186,7876,-70,36,-138,-2128
486,-196,7898,-48,59,-144,-2160
458,-214,7962,-55,81,-131,-2144
492,-216,7940,-66,44,-162,-2144
490,-280,7814,-66,76,-143,-2160
436,-224,7954,-39,42,-140,-2112
430,-218,7902,-73,46,-172,-2144
478,-204,7898,-50,67,-131,-2160
498,-216,7910,-66,64,-155,-2160
452,-222,7892,-43,74,-140,-2128
408,-214,7870,-55,55,-151,-2144
472,-208,7874,-68,32,-144,-2144
474,-224,7968,-46,33,-150,-2128
472,-222,7894,-72,49,-162,-2160
472,-202,7822,-70,63,-145,-2160
442,-268,7916,-53,76,-172,-2112
450,-156,7918,-64,53,-135,-2144
460,-198,7924,-51,53,-168,-2160
500,-148,7928,-64,51,-140,-2128
490,-174,7950,-76,46,-143,-2176
492,-242,7886,-71,53,-151,-2128
462,-228,7920,-43,57,-141,-2160
478,-206,7924,-68,82,-129,-2160
504,-230,7928,-56,67,-163,-2144
512,-160,7954,-53,44,-143,-2144
436,-242,7914,-58,50,-142,-2144
482,-174,7904,-68,48,-156,-2128
472,-248,7902,-67,54,-157,-2160
424,-168,7954,-61,39,-150,-2144
418,-162,7866,-44,68,-157,-2144
530,-202,7940,-62,56,-139,-2160
444,-190,7926,-50,55,-164,-2160
474,-228,7918,-70,43,-141,-2160
460,-232,7906,-59,53,-123,-2144
446,-184,7938,-75,45,-150,-2112
444,-208,7874,-56,59,-152,-2160
432,-198,7930,-59,61,-131,-2128
458,-166,7932,-66,28,-154,-2160
404,-216,7854,-82,39,-154,-2144
474,-176,7884,-64,44,-151,-2176
508,-198,7954,-58,58,-136,-2160
470,-222,7924,-59,38,-132,-2128
448,-204,7910,-73,46,-160,-2128
464,-180,7852,-50,57,-131,-2144
500,-194,7892,-66,46,-149,-2144
446,-194,7898,-55,84,-136,-2128
434,-154,7846,-60,45,-149,-2160
460,-162,7904,-66,39,-138,-2144
448,-258,7850,-50,71,-154,-2176
546,-150,7898,-69,50,-171,-2144
456,-220,7914,-47,47,-142,-2160
454,-162,7896,-66,80,-148,-2128
482,-206,7950,-75,58,-138,-2144
474,-254,7892,-48,45,-146,-2144
464,-194,7958,-64,54,-143,-2160
458,-162,7904,-53,36,-157,-2128
454,-182,7906,-49,80,-137,-2160
456,-178,7922,-78,66,-136,-2144
504,-194,7892,-49,63,-143,-2144
454,-214,7902,-55,62,-150,-2144
484,-174,7896,-49,45,-147,-2160
402,-184,7866,-59,34,-144,-2160
502,-174,7892,-67,65,-160,-2160
448,-208,7902,-67,67,-142,-2144
500,-216,7908,-57,72,-126,-2144
478,-206,7850,-62,61,-146,-2160
458,-216,7938,-60,41,-143,-2128
464,-236,7934,-81,50,-138,-2160
490,-198,7910,-58,54,-150,-2144
430,-216,7866,-37,54,-145,-2144
482,-222,7954,-73,49,-179,-2128
454,-232,7858,-47,90,-122,-2160
442,-244,7976,-74,47,-158,-2160
464,-208,7888,-54,70,-161,-2144
466,-216,7986,-70,72,-135,-2176
436,-192,7892,-57,65,-137,-2160
494,-242,7890,-60,76,-166,-2128
432,-210,7982,-48,38,-165,-2128
496,-168,7886,-77,52,-143,-2112
436,-198,7856,-49,45,-138,-2144
470,-236,7822,-45,70,-126,-2160
404,-188,7916,-73,50,-141,-2160
422,-240,7942,-46,36,-163,-2144
478,-192,7930,-76,71,-151,-2144
448,-172,7932,-60,57,-144,-2144
470,-182,7910,-72,44,-150,-2128
488,-182,7854,-59,64,-158,-2160
456,-186,7870,-61,68,-163,-2176
450,-220,7878,-60,57,-130,-2112
462,-252,7932,-47,68,-159,-2144
478,-154,7906,-68,60,-138,-2128
462,-192,7924,-50,71,-148,-2128
440,-210,7906,-56,47,-149,-2144
406,-216,7952,-57,73,-136,-2160
490,-158,7926,-58,61,-155,-2192
456,-148,7892,-93,39,-154,-2160
484,-192,7950,-31,56,-137,-2160
448,-258,7962,-65,78,-155,-2128
426,-228,7940,-64,56,-162,-2144
496,-178,7912,-54,59,-156,-2144
456,-234,7912,-70,62,-143,-2128
430,-188,7940,-62,64,-156,-2128
486,-162,7962,-59,55,-151,-2128
418,-222,7902,-64,58,-162,-2144
434,-186,7936,-61,60,-148,-2144
470,-180,7934,-44,44,-158,-2128
412,-208,7892,-54,69,-142,-2160
508,-212,7912,-56,69,-143,-2160
440,-190,7932,-52,68,-134,-2144
504,-234,7922,-66,48,-154,-2144
432,-186,7874,-59,45,-128,-2160
500,-214,7938,-49,66,-149,-2160
464,-200,7914,-72,45,-144,-2160
450,-164,7928,-42,66,-145,-2144
492,-190,7880,-61,58,-143,-2160
466,-220,7888,-61,59,-143,-2160
460,-180,7956,-77,62,-126,-2160
480,-218,7978,-57,43,-134,-2176
452,-184,7888,-63,59,-155,-2160
398,-180,7892,-66,57,-162,-2160
458,-210,7936,-60,58,-127,-2128
420,-178,7914,-53,66,-125,-2160
452,-212,7908,-52,44,-149,-2144
486,-160,7964,-58,37,-140,-2176
540,-170,7966,-63,59,-141,-2160
458,-196,7914,-50,35,-166,-2160
470,-164,7858,-47,60,-154,-2144
480,-200,7886,-41,55,-126,-2144
434,-198,7904,-65,54,-135,-2160
490,-162,7924,-84,55,-145,-2160
438,-238,7940,-70,58,-151,-2192
434,-202,7908,-64,44,-151,-2144
456,-216,7954,-81,50,-151,-2144
488,-220,7908,-54,66,-154,-2128
458,-174,7944,-59,73,-137,-2128
438,-228,7884,-50,71,-137,-2160
500,-166,7928,-70,48,-143,-2128
428,-176,7966,-55,63,-143,-2144
458,-204,7922,-55,60,-157,-2144
484,-196,7918,-75,66,-141,-2128
462,-210,7880,-63,57,-159,-2128
460,-180,7908,-58,57,-167,-2144
438,-250,7916,-49,58,-136,-2144
446,-222,7902,-42,64,-131,-2144
420,-190,7960,-62,67,-140,-2160
462,-258,7908,-51,61,-147,-2128
448,-208,7978,-70,39,-133,-2112
468,-204,7878,-68,50,-144,-2160
496,-260,7956,-50,40,-158,-2160
448,-198,7792,-68,82,-113,-2160
476,-146,7932,-60,56,-160,-2144
432,-166,7914,-74,59,-149,-2176
504,-218,7882,-46,53,-159,-2144
442,-214,7852,-61,35,-137,-2128
498,-196,7914,-55,73,-164,-2160
462,-184,7920,-57,65,-122,-2144
412,-200,7992,-66,65,-148,-2176
470,-190,7922,-72,59,-148,-2128
464,-222,7900,-73,55,-157,-2128
478,-194,7838,-68,58,-136,-2128
434,-230,7902,-43,59,-138,-2176
512,-148,7914,-75,71,-166,-2176
500,-154,7892,-54,44,-137,-2160
466,-186,7948,-63,55,-136,-2128
444,-202,7930,-57,52,-152,-2160
416,-218,7988,-64,58,-155,-2144
534,-228,7966,-64,48,-146,-2176
470,-188,7942,-65,76,-147,-2128
466,-240,7918,-75,33,-150,-2160
474,-192,7944,-59,67,-152,-2144
508,-228,7980,-74,68,-140,-2144
488,-228,7922,-38,57,-129,-2144
478,-192,7840,-62,53,-148,-2160
446,-212,7886,-55,66,-141,-2192
484,-210,7936,-70,57,-146,-2160
478,-186,7812,-63,61,-144,-2128
450,-198,7884,-67,46,-135,-2128
466,-204,7930,-53,86,-134,-2144
510,-224,7852,-83,44,-149,-2144
470,-216,7932,-59,38,-148,-2128
468,-200,7840,-48,40,-141,-2128
470,-240,7952,-55,38,-135,-2160
490,-206,7914,-63,47,-135,-2176
470,-218,7980,-61,47,-142,-2144
460,-188,7850,-64,75,-150,-2096
452,-192,7944,-71,61,-135,-2160
408,-212,7914,-58,66,-152,-2160
436,-178,7830,-45,63,-142,-2144
458,-180,7930,-64,76,-142,-2112
470,-228,7870,-59,66,-155,-2160
438,-192,7928,-72,74,-139,-2160
452,-174,7930,-71,54,-143,-2144
478,-206,7862,-54,67,-140,-2176
468,-250,7928,-53,60,-133,-2144
454,-202,7954,-48,60,-147,-2128
500,-198,7886,-64,66,-123,-2128
494,-228,7874,-71,52,-160,-2176
406,-212,7936,-56,52,-152,-2144
464,-202,7886,-59,41,-146,-2144
476,-194,7858,-64,69,-132,-2128
518,-214,7890,-60,26,-166,-2160
492,-226,7872,-56,83,-121,-2112
478,-238,7896,-60,28,-176,-2144
470,-212,7966,-63,73,-155,-2160
490,-194,7926,-58,43,-140,-2128
486,-188,7878,-62,87,-131,-2128
456,-184,7904,-66,55,-135,-2144
460,-174,7990,-61,35,-156,-2128
436,-252,7962,-56,43,-149,-2160
396,-234,7932,-63,40,-120,-2128
494,-230,7904,-71,68,-151,-2128
470,-192,7924,-77,83,-116,-2144
446,-208,7890,-41,67,-162,-2176
464,-200,7946,-60,53,-124,-2112
452,-204,7862,-68,74,-139,-2160
504,-228,7866,-63,40,-125,-2160
434,-186,7960,-64,58,-137,-2160
464,-220,7858,-47,63,-122,-2144
516,-168,7972,-68,75,-146,-2144
408,-220,7932,-60,47,-155,-2128
482,-174,7836,-50,48,-141,-2128
494,-174,7844,-60,81,-151,-2160
400,-204,7892,-57,35,-151,-2176
444,-168,7946,-77,53,-148,-2144
470,-192,7930,-66,44,-131,-2160
496,-210,7880,-54,84,-147,-2128
478,-222,7906,-57,69,-114,-2144
430,-198,7884,-62,58,-138,-2144
436,-232,7980,-68,72,-141,-2144
508,-252,7888,-59,47,-140,-2128
462,-218,7878,-72,55,-138,-2160
472,-170,7950,-54,58,-154,-2144
466,-226,7924,-67,44,-128,-2112
496,-214,7896,-64,41,-134,-2144
444,-222,7904,-52,63,-138,-2192
458,-210,7888,-68,52,-153,-2128
480,-220,7870,-69,73,-148,-2144
458,-216,7872,-53,47,-140,-2144
464,-210,7886,-50,63,-156,-2128
424,-220,7862,-48,73,-143,-2160
470,-158,7928,-64,65,-127,-2128
468,-238,7938,-83,69,-145,-2112
502,-194,7954,-51,55,-151,-2112
480,-174,7960,-68,88,-161,-2160
514,-232,7908,-67,38,-155,-2160
474,-218,7902,-73,68,-145,-2144
444,-184,7926,-53,45,-156,-2144
464,-210,7886,-56,54,-162,-2128
454,-216,7864,-61,52,-154,-2160
428,-254,7906,-73,77,-166,-2128
448,-190,7908,-62,56,-143,-2144
462,-218,7942,-55,77,-126,-2128
430,-180,7956,-59,59,-145,-2160
420,-212,7956,-63,66,-170,-2144
428,-202,7954,-49,47,-127,-2144
476,-210,7924,-70,63,-141,-2144
432,-212,7916,-64,45,-162,-2160
478,-194,7924,-68,57,-133,-2128
456,-206,7976,-63,66,-137,-2144
454,-174,7912,-77,58,-158,-2144
506,-238,7870,-51,69,-164,-2144
464,-174,7868,-71,60,-147,-2128
458,-256,7894,-58,57,-134,-2160
490,-220,7914,-74,79,-166,-2112
468,-168,7880,-61,33,-156,-2144
478,-220,7918,-37,71,-135,-2128
426,-194,7908,-66,57,-138,-2160
520,-216,7926,-69,87,-121,-2192
486,-192,7922,-60,82,-170,-2144
426,-188,7898,-57,70,-142,-2160
468,-210,7918,-66,41,-149,-2128
438,-204,7896,-56,46,-161,-2128
474,-142,7934,-58,55,-144,-2144
448,-198,7900,-59,51,-164,-2144
446,-220,7944,-60,52,-149,-2128
492,-176,7890,-70,90,-137,-2160
482,-218,7906,-47,51,-140,-2128
430,-172,7986,-61,58,-149,-2144
440,-214,7930,-61,74,-135,-2144
458,-210,7930,-81,56,-134,-2128
424,-180,7916,-80,56,-162,-2160
428,-192,7942,-49,62,-141,-2144
468,-178,7866,-68,62,-153,-2112
488,-152,7950,-56,56,-147,-2144
470,-188,7906,-49,59,-143,-2160
500,-188,7908,-63,48,-138,-2128
474,-152,7904,-72,46,-130,-2144
496,-246,7964,-38,54,-134,-2144
454,-210,7966,-48,66,-145,-2144
468,-202,7902,-60,56,-139,-2144
464,-184,7928,-68,63,-146,-2144
446,-232,7900,-50,60,-140,-2160
450,-152,7930,-58,49,-154,-2160
490,-206,7870,-72,48,-138,-2160
502,-202,7878,-50,41,-148,-2144
440,-172,7908,-55,44,-152,-2144
416,-178,7884,-66,46,-151,-2160
438,-186,7914,-56,46,-145,-2128
464,-182,7902,-66,50,-129,-2144
458,-208,7884,-69,64,-148,-2144
530,-226,7906,-57,35,-139,-2144
500,-198,7888,-69,57,-143,-2128
494,-186,7928,-65,60,-147,-2160
508,-194,7846,-61,95,-159,-2144
518,-240,7932,-53,65,-148,-2144
452,-180,7970,-59,56,-171,-2160
466,-254,7866,-39,54,-148,-2128
458,-198,7896,-69,52,-136,-2160
474,-216,7898,-65,47,-144,-2112
490,-192,7996,-55,82,-164,-2144
492,-172,7878,-57,62,-128,-2160
488,-184,7964,-43,66,-129,-2160
412,-142,7924,-68,70,-150,-2128
452,-254,7894,-50,10,-127,-2144
426,-184,7904,-71,63,-142,-2128
440,-166,7882,-81,47,-160,-2160
446,-202,7924,-58,64,-159,-2128
432,-218,7956,-55,54,-126,-2112
480,-182,7944,-79,90,-148,-2144
472,-178,7914,-61,70,-152,-2144
506,-214,7840,-57,65,-141,-2160
518,-210,7932,-56,58,-137,-2128
476,-222,7908,-57,42,-133,-2144
466,-222,7878,-62,59,-155,-2176
456,-182,7912,-56,48,-147,-2128
450,-204,7924,-62,78,-140,-2160
442,-198,7916,-39,38,-152,-2160
492,-202,7926,-50,28,-143,-2160
476,-200,7892,-65,59,-126,-2112
458,-214,7954,-70,62,-147,-2144
420,-192,7940,-65,46,-154,-2144
474,-172,7920,-53,69,-150,-2160
452,-258,7878,-65,45,-142,-2160
470,-164,7904,-40,72,-152,-2144
470,-254,7910,-59,51,-136,-2176
478,-254,7896,-63,81,-152,-2144
454,-218,7878,-53,45,-134,-2128
438,-240,7944,-52,38,-158,-2160
422,-232,7866,-53,73,-151,-2144
474,-202,7982,-48,62,-137,-2176
492,-202,7828,-79,70,-148,-2144
484,-178,7916,-58,51,-155,-2128
460,-168,7896,-63,71,-135,-2160
444,-248,7884,-69,62,-158,-2112
432,-220,7904,-41,70,-158,-2128
474,-196,7980,-82,72,-149,-2128
460,-200,7944,-71,75,-127,-2160
452,-184,7882,-58,88,-156,-2192
434,-198,7908,-74,60,-160,-2144
448,-208,7964,-57,54,-126,-2112
442,-198,7848,-55,63,-134,-2160
436,-192,7920,-62,58,-135,-2160
450,-208,7924,-66,63,-153,-2144
480,-196,7950,-63,50,-137,-2144
428,-186,7960,-75,74,-148,-2160
430,-174,7918,-59,62,-149,-2160
442,-228,7874,-67,71,-162,-2160
440,-210,7902,-57,65,-138,-2144
486,-222,7930,-60,55,-151,-2144
422,-210,7876,-55,40,-138,-2160
448,-138,7910,-56,75,-169,-2128
428,-204,7874,-65,64,-147,-2160
500,-180,7904,-45,46,-160,-2144
438,-218,7870,-67,60,-158,-2144
458,-172,7934,-52,64,-127,-2160
490,-194,7902,-47,57,-140,-2160
402,-214,7958,-70,63,-138,-2160
446,-168,7930,-54,61,-133,-2128
458,-198,7884,-70,67,-158,-2144
442,-208,7850,-61,61,-141,-2144
494,-182,7894,-66,66,-120,-2144
484,-210,7920,-46,36,-133,-2160
428,-226,7872,-51,79,-132,-2128
492,-194,7936,-59,54,-158,-2144
460,-258,7932,-79,35,-150,-2144
456,-214,7866,-65,64,-128,-2112
468,-186,7906,-65,46,-164,-2160
444,-194,7876,-61,56,-155,-2160
384,-182,7928,-51,61,-125,-2176
400,-204,7880,-62,67,-139,-2144
470,-216,7940,-69,66,-155,-2160
484,-214,7802,-66,63,-138,-2160
452,-168,7946,-51,38,-165,-2160
478,-206,7890,-65,55,-151,-2144
486,-150,7896,-62,57,-165,-2128
448,-192,7894,-62,78,-146,-2128
468,-200,7962,-52,58,-145,-2160
424,-218,7914,-66,70,-146,-2144
404,-180,7850,-60,76,-123,-2144
430,-190,7966,-72,42,-141,-2144
430,-200,7920,-66,48,-142,-2160
448,-200,7858,-49,54,-140,-2128
458,-192,7880,-53,42,-155,-2144
450,-212,7926,-68,37,-147,-2144
516,-180,7956,-61,63,-143,-2128
418,-182,7924,-53,65,-152,-2160
500,-226,7882,-75,44,-157,-2160
492,-258,7962,-72,53,-145,-2176
502,-184,7938,-56,58,-145,-2176
506,-184,7936,-67,56,-170,-2160
460,-174,7934,-54,57,-132,-2160
470,-148,7910,-72,85,-139,-2144
470,-202,7892,-53,54,-157,-2176
510,-146,7928,-44,66,-146,-2144
448,-154,7938,-55,54,-142,-2144
490,-196,7874,-68,37,-140,-2144
484,-262,7928,-57,48,-158,-2160
470,-202,7888,-50,56,-127,-2128
514,-198,7946,-75,72,-150,-2112
468,-210,7844,-58,54,-142,-2144
478,-162,7928,-71,49,-136,-2160
486,-206,7912,-51,66,-148,-2128
482,-180,7910,-71,65,-143,-2160
430,-234,7920,-41,28,-161,-2144
486,-224,7848,-75,47,-158,-2128
474,-188,7832,-50,85,-153,-2128
408,-174,7930,-52,56,-122,-2128
516,-208,7852,-55,56,-154,-2160
466,-172,7912,-65,71,-135,-2144
446,-202,7982,-34,58,-132,-2176
412,-154,7934,-46,63,-127,-2128
494,-200,7906,-75,79,-149,-2160
444,-212,7952,-60,40,-145,-2160
444,-174,7864,-62,90,-140,-2144
452,-180,7904,-54,62,-149,-2128
454,-200,7954,-78,67,-161,-2128
432,-166,7906,-42,67,-147,-2128
450,-152,7956,-49,45,-127,-2112
458,-154,7964,-66,67,-176,-2144
414,-192,7922,-60,50,-140,-2160
456,-186,7922,-50,61,-144,-2128
462,-194,7940,-55,99,-132,-2144
444,-192,7900,-63,60,-158,-2112
476,-184,7908,-70,31,-157,-2144
430,-216,7886,-59,61,-131,-2160
464,-240,7930,-71,30,-148,-2160
502,-214,7884,-64,56,-133,-2144
438,-198,7918,-56,35,-149,-2112
502,-204,7898,-61,54,-155,-2160
426,-240,7956,-52,65,-158,-2160
440,-216,7936,-38,49,-123,-2128
460,-170,7888,-37,62,-147,-2160
426,-184,7918,-70,22,-154,-2176
524,-124,7866,-48,58,-157,-2112
448,-182,7922,-64,40,-162,-2144
532,-190,7930,-66,68,-116,-2128
460,-200,7912,-49,71,-151,-2128
444,-164,7904,-54,56,-126,-2144
454,-214,7856,-76,75,-148,-2144
530,-210,7880,-56,40,-137,-2128
466,-248,7936,-64,72,-149,-2160
502,-204,7902,-66,65,-132,-2128
424,-248,7884,-42,76,-134,-2176
460,-210,7946,-46,81,-149,-2176
494,-188,7870,-59,66,-122,-2160
482,-172,7894,-56,37,-163,-2128
460,-228,7894,-54,33,-148,-2176
472,-156,7908,-54,82,-138,-2144
476,-184,7868,-52,55,-138,-2144
440,-198,7902,-88,75,-149,-2128
508,-220,7948,-68,44,-134,-2160
450,-206,7940,-34,62,-135,-2144
452,-238,7994,-92,45,-128,-2112
486,-186,7844,-58,63,-158,-2160
514,-212,7962,-78,58,-139,-2160
458,-172,7938,-64,55,-157,-2128
474,-210,7928,-38,80,-160,-2112
490,-186,7916,-73,66,-156,-2160
440,-180,7940,-53,71,-132,-2160
484,-200,7936,-62,61,-140,-2160
436,-184,7962,-59,74,-154,-2128
460,-188,7884,-59,57,-144,-2112
456,-254,7896,-61,43,-131,-2144
426,-198,7918,-48,65,-131,-2160
462,-186,7890,-59,47,-138,-2128
448,-240,7916,-52,55,-145,-2144
464,-234,7930,-62,49,-168,-2144
448,-218,7850,-57,65,-139,-2160
460,-176,7880,-53,40,-169,-2160
466,-198,7916,-55,65,-122,-2144
500,-222,7930,-76,73,-142,-2144
480,-194,7924,-39,54,-149,-2176
464,-230,7812,-62,51,-137,-2128
438,-220,7932,-62,44,-151,-2160
462,-228,7932,-53,62,-148,-2144
438,-196,7994,-73,91,-163,-2112
490,-180,7944,-58,89,-128,-2128
460,-230,7924,-54,64,-121,-2160
432,-216,7876,-64,46,-169,-2192
510,-194,7916,-54,43,-154,-2176
448,-110,7890,-64,59,-116,-2144
478,-146,7922,-57,41,-164,-2160
430,-180,7924,-59,66,-148,-2128
440,-228,7948,-79,77,-156,-2160
438,-184,7950,-53,52,-140,-2176
444,-164,7962,-59,83,-157,-2144
454,-178,7908,-59,53,-147,-2128
444,-194,7906,-60,56,-154,-2128
522,-170,7876,-65,34,-134,-2128
408,-210,7912,-53,72,-172,-2144
452,-182,7856,-41,68,-119,-2144
430,-246,7936,-55,68,-137,-2160
452,-246,7874,-71,68,-143,-2128
500,-206,7944,-64,29,-128,-2144
430,-236,7918,-49,38,-117,-2176
476,-190,7966,-49,54,-151,-2144
520,-176,7932,-53,74,-161,-2128
442,-210,7980,-65,60,-153,-2128
462,-170,7888,-61,48,-121,-2176
448,-206,7938,-49,46,-152,-2176
432,-228,7944,-39,38,-169,-2128
450,-260,7884,-68,49,-152,-2160
486,-180,7900,-70,76,-141,-2144
448,-208,7892,-77,33,-148,-2176
486,-244,7948,-76,58,-145,-2128
484,-250,8000,-48,63,-147,-2128
462,-230,7886,-68,42,-137,-2128
462,-166,7914,-58,52,-162,-2144
500,-194,7960,-78,61,-118,-2128
472,-150,7970,-49,41,-155,-2128
456,-252,7998,-62,53,-143,-2144
478,-248,7866,-71,38,-151,-2160
512,-198,7882,-60,60,-148,-2128
498,-198,7840,-55,64,-131,-2160
494,-202,7862,-58,44,-155,-2128
458,-186,8002,-64,45,-140,-2144
482,-174,7950,-59,85,-151,-2144
460,-200,7864,-49,61,-170,-2160
514,-220,7896,-60,80,-117,-2128
468,-206,7874,-52,100,-140,-2160
470,-194,7902,-54,66,-143,-2144
486,-174,7938,-65,99,-140,-2128
428,-132,7888,-61,40,-130,-2128
402,-230,7972,-65,49,-123,-2160
456,-204,7930,-50,99,-156,-2144
434,-174,7920,-75,79,-121,-2144
468,-208,7862,-65,57,-136,-2112
470,-206,7844,-56,71,-142,-2128
458,-224,7900,-53,36,-163,-2160
474,-194,7910,-61,52,-135,-2144
434,-256,7960,-77,77,-132,-2144
436,-206,7870,-75,60,-126,-2128
446,-252,7912,-69,95,-140,-2128
444,-226,7916,-69,62,-151,-2128
448,-204,7906,-49,66,-145,-2112
370,-206,7910,-52,61,-164,-2112
500,-186,7946,-89,40,-145,-2160
388,-190,7896,-62,55,-145,-2128
464,-198,7952,-80,62,-153,-2176
436,-244,7908,-67,93,-147,-2176
430,-200,8024,-70,68,-149,-2144
424,-202,7982,-56,42,-174,-2128
450,-184,7900,-55,51,-135,-2128
438,-246,7948,-63,41,-165,-2144
438,-234,7932,-50,58,-128,-2144
406,-182,7954,-80,54,-168,-2112
466,-156,7956,-52,53,-150,-2176
476,-188,7930,-63,37,-131,-2144
474,-234,7894,-65,46,-133,-2160
488,-192,7868,-58,40,-149,-2128
490,-206,7886,-51,20,-131,-2176
476,-180,7906,-64,47,-145,-2176
490,-236,7868,-62,38,-154,-2112
506,-154,7902,-52,63,-134,-2160
438,-218,7942,-57,53,-154,-2128
490,-170,7918,-50,47,-150,-2144
452,-188,7908,-68,50,-169,-2144
486,-164,7904,-64,73,-138,-2144
448,-166,7970,-55,43,-151,-2160
474,-208,7924,-71,53,-160,-2128
434,-262,7930,-74,65,-153,-2176
526,-192,7926,-68,79,-163,-2160
468,-242,7888,-49,38,-178,-2160
478,-206,7934,-62,63,-130,-2160
484,-192,7928,-58,57,-143,-2160
512,-212,7906,-75,70,-146,-2112
476,-186,7866,-53,61,-148,-2144
408,-228,7940,-59,40,-141,-2128
404,-222,7948,-51,83,-141,-2128
464,-180,7932,-47,88,-141,-2112
508,-216,8020,-60,45,-150,-2144
434,-220,7892,-57,66,-148,-2128
422,-186,7874,-50,83,-151,-2160
522,-232,7980,-59,47,-158,-2160
470,-234,7914,-48,83,-162,-2112
448,-190,7898,-60,89,-135,-2144
434,-202,7880,-57,62,-131,-2128
498,-168,7936,-60,62,-156,-2128
506,-220,7958,-64,53,-137,-2160
488,-182,7878,-80,33,-164,-2144
404,-136,7984,-65,74,-136,-2112
432,-162,7906,-66,47,-148,-2128
382,-244,8006,-48,50,-135,-2160
450,-238,7950,-64,70,-130,-2160
492,-170,7852,-84,65,-143,-2144
426,-226,8000,-55,58,-163,-2176
378,-256,7982,-51,69,-132,-2144
410,-240,7928,-72,65,-154,-2144
496,-192,7874,-54,55,-142,-2160
448,-280,7978,-68,59,-135,-2096
436,-186,7904,-66,45,-138,-2192
410,-170,7872,-54,76,-154,-2144
376,-212,7906,-62,34,-151,-2112
494,-176,7902,-71,63,-142,-2144
468,-216,7932,-62,61,-157,-2160
486,-142,7918,-74,80,-126,-2128
448,-168,7946,-44,42,-132,-2144
424,-254,8024,-89,66,-131,-2144
470,-106,7758,-86,63,-166,-2160
476,-166,7910,-57,53,-125,-2128
458,-250,7982,-47,42,-168,-2112
478,-248,8042,-55,38,-144,-2176
504,-182,7976,-56,61,-160,-2128
510,-186,7876,-61,69,-133,-2160
478,-214,7862,-64,46,-154,-2160
442,-148,7974,-50,55,-154,-2144
440,-164,7942,-49,69,-146,-2128
460,-222,7924,-58,60,-152,-2128
474,-188,7906,-66,74,-149,-2128
410,-194,7902,-43,99,-164,-2112
482,-218,7990,-61,68,-140,-2144
436,-160,7934,-52,57,-143,-2144
504,-166,7950,-47,60,-165,-2128
478,-186,7910,-55,63,-135,-2160
430,-214,7962,-54,41,-133,-2144
478,-174,7904,-37,72,-130,-2144
462,-246,7924,-63,55,-147,-2128
450,-176,7942,-68,58,-142,-2128
430,-182,7866,-55,64,-161,-2128
494,-222,7884,-57,50,-161,-2144
486,-168,7896,-57,43,-128,-2176
490,-150,7934,-50,64,-163,-2160
500,-176,7868,-68,53,-156,-2128
466,-170,7908,-48,75,-149,-2192
400,-252,7932,-44,81,-164,-2160
464,-216,7876,-81,56,-142,-2144
460,-196,7866,-65,43,-147,-2144
448,-228,7972,-46,68,-144,-2144
480,-226,7942,-50,40,-143,-2128
492,-178,7972,-66,45,-136,-2144
474,-170,7938,-63,75,-148,-2176
482,-174,7932,-70,57,-134,-2160
494,-212,7964,-38,54,-151,-2160
462,-244,7992,-88,58,-156,-2160
430,-192,7936,-84,59,-148,-2176
444,-210,7946,-60,47,-111,-2144
428,-196,7892,-50,38,-136,-2160
450,-228,7874,-51,50,-157,-2096
468,-204,7944,-57,80,-139,-2160
466,-190,7908,-49,58,-129,-2176
512,-236,7896,-67,75,-153,-2144
464,-188,7970,-66,67,-126,-2128
446,-164,7870,-68,42,-141,-2160
438,-148,7962,-66,60,-160,-2160
338,-250,7896,-59,64,-135,-2112
420,-170,7892,-66,78,-156,-2144
440,-154,7932,-66,56,-150,-2128
504,-220,7982,-70,52,-155,-2160
490,-224,7952,-51,44,-139,-2144
524,-146,7884,-62,14,-148,-2144
486,-136,7880,-64,64,-159,-2176
448,-208,7890,-58,84,-143,-2160
458,-228,7922,-60,80,-145,-2160
506,-194,7890,-56,80,-153,-2144
462,-220,7880,-70,73,-167,-2144
438,-216,7932,-51,65,-138,-2144
438,-200,7850,-83,66,-136,-2160
434,-142,7956,-53,77,-145,-2160
474,-216,7888,-59,87,-169,-2144
474,-216,7954,-68,45,-125,-2176
476,-228,7872,-54,97,-149,-2144
474,-184,7914,-61,91,-155,-2128
456,-208,7930,-42,39,-156,-2160
478,-194,7964,-57,40,-148,-2160
474,-198,7910,-65,60,-164,-2128
422,-206,7898,-72,52,-147,-2144
458,-212,7886,-42,50,-136,-2176
430,-220,7920,-61,75,-136,-2128
462,-182,7878,-71,65,-128,-2128
448,-176,7880,-65,28,-162,-2128
472,-216,7908,-60,31,-128,-2144
464,-214,7920,-65,52,-152,-2128
430,-214,7966,-42,65,-152,-2128
470,-234,7914,-68,47,-149,-2128
508,-168,7896,-50,56,-149,-2144
444,-200,7998,-60,64,-152,-2144
440,-222,7936,-53,43,-151,-2144
408,-188,7954,-67,69,-142,-2160
448,-204,7904,-54,55,-136,-2128
412,-236,7924,-64,57,-159,-2112
444,-224,7956,-72,70,-150,-2144
418,-222,7924,-64,44,-139,-2192
452,-166,7970,-62,62,-141,-2128
470,-226,7954,-74,46,-152,-2128
462,-182,7886,-67,65,-150,-2144
468,-218,7890,-68,41,-150,-2144
490,-202,7916,-85,66,-163,-2160
430,-204,7954,-66,46,-152,-2160
468,-232,7842,-65,85,-131,-2112
456,-276,7972,-47,61,-166,-2112
438,-236,7840,-49,70,-114,-2144
440,-216,7884,-58,44,-135,-2128
426,-188,7930,-57,54,-153,-2128
448,-184,7900,-56,78,-155,-2144
494,-210,7930,-65,45,-147,-2176
462,-154,7978,-64,98,-146,-2176
504,-166,7866,-62,40,-144,-2160
478,-174,7978,-59,36,-148,-2160
484,-208,7946,-78,70,-158,-2144
444,-216,7954,-66,48,-131,-2144
440,-194,7904,-63,33,-141,-2176
452,-218,7912,-62,61,-159,-2128
500,-196,7864,-56,79,-131,-2128
464,-164,7856,-60,52,-146,-2128
496,-214,7924,-56,50,-159,-2144
526,-162,7980,-62,76,-147,-2144
476,-176,7866,-82,82,-147,-2128
482,-272,8002,-78,71,-169,-2160
504,-240,7850,-62,58,-125,-2128
440,-148,7840,-50,70,-145,-2144
388,-276,8020,-38,41,-127,-2144
500,-168,7874,-78,75,-153,-2128
518,-142,7876,-54,46,-147,-2160
438,-252,7982,-34,63,-134,-2160
476,-232,7906,-66,54,-143,-2144
504,-188,7896,-62,54,-147,-2144
446,-208,7998,-48,60,-117,-2160
446,-226,8040,-46,53,-133,-2128
454,-236,7972,-54,62,-157,-2144
446,-196,8030,-69,66,-132,-2176
498,-174,7934,-65,53,-144,-2176
446,-232,7904,-52,87,-152,-2128
408,-214,7988,-61,80,-141,-2128
446,-198,7954,-54,75,-164,-2176
472,-228,7926,-64,64,-117,-2144
416,-250,7852,-57,58,-153,-2128
428,-240,7914,-68,66,-153,-2128
478,-184,7914,-61,39,-152,-2160
474,-158,7936,-56,68,-142,-2112
506,-166,7920,-72,69,-154,-2160
512,-190,7888,-69,73,-141,-2128
444,-210,7904,-68,47,-142,-2160
402,-200,7938,-48,52,-152,-2144
384,-156,7930,-84,35,-126,-2176
458,-186,7952,-56,66,-160,-2160
464,-214,7890,-65,44,-151,-2160
460,-274,7962,-46,52,-141,-2112
526,-192,7854,-76,41,-132,-2144
488,-206,7866,-73,73,-152,-2112
496,-194,7900,-57,42,-125,-2144
450,-220,7988,-56,54,-149,-2128
476,-210,7832,-62,72,-130,-2160
502,-170,7906,-71,49,-162,-2160
416,-184,7892,-56,51,-155,-2144
480,-210,7912,-69,38,-164,-2160
460,-250,7898,-76,50,-159,-2128
482,-208,7894,-59,48,-140,-2128
504,-244,7862,-57,52,-142,-2160
536,-224,7938,-63,61,-139,-2176
504,-186,7886,-48,59,-139,-2144
490,-170,7870,-59,76,-142,-2160
472,-152,7914,-61,75,-147,-2128
530,-130,7820,-69,54,-146,-2144
468,-168,7948,-61,42,-159,-2144
494,-250,8002,-56,75,-153,-2128
382,-220,8048,-51,43,-134,-2160
470,-146,7882,-55,66,-139,-2160
448,-228,7954,-65,70,-148,-2144
434,-268,7892,-45,67,-135,-2144
494,-206,7838,-50,80,-140,-2160
504,-250,7972,-38,70,-150,-2160
478,-198,7908,-64,75,-133,-2112
458,-168,7896,-46,63,-162,-2176
418,-242,7964,-73,69,-126,-2144
442,-244,7956,-47,49,-119,-2160
410,-238,7992,-48,92,-143,-2160
424,-156,7924,-69,45,-135,-2176
474,-146,7902,-65,66,-162,-2112
494,-200,7884,-32,57,-148,-2160
468,-132,7896,-64,78,-151,-2160
524,-140,7890,-58,41,-147,-2160
470,-256,7900,-70,74,-147,-2176
430,-258,7904,-63,67,-142,-2128
452,-224,7890,-56,37,-168,-2160
446,-160,7868,-68,56,-141,-2128
450,-160,7952,-66,48,-143,-2128
472,-174,7942,-58,65,-127,-2128
402,-168,7932,-80,56,-161,-2176
420,-118,7912,-53,66,-153,-2144
426,-216,7986,-66,43,-141,-2128
430,-214,7862,-48,58,-167,-2128
468,-200,7934,-63,29,-158,-2160
492,-206,7850,-52,39,-149,-2112
478,-238,7842,-82,74,-141,-2144
508,-240,7918,-59,34,-146,-2144
498,-136,7892,-70,76,-121,-2128
486,-102,7914,-62,45,-139,-2128
458,-176,7918,-78,75,-137,-2176
478,-204,7896,-37,56,-173,-2144
428,-210,7934,-52,53,-149,-2160
392,-236,7876,-62,49,-135,-2160
442,-216,7900,-47,60,-164,-2160
462,-242,7936,-53,47,-147,-2176
528,-228,7852,-46,58,-137,-2176
558,-104,8022,-56,82,-122,-2128
526,-192,7928,-80,70,-141,-2160
484,-138,7942,-70,74,-141,-2176
478,-192,7946,-82,51,-140,-2144
388,-222,7938,-78,65,-160,-2112
374,-262,7934,-49,59,-164,-2128
406,-256,7984,-39,45,-135,-2128
466,-238,7912,-61,71,-158,-2144
492,-236,7878,-51,64,-183,-2112
498,-188,7936,-59,51,-135,-2176
530,-100,7924,-57,65,-147,-2128
444,-172,7924,-57,67,-159,-2128
486,-172,7940,-78,81,-147,-2176
436,-238,7910,-57,70,-143,-2144
446,-224,7922,-78,77,-139,-2160
360,-226,7878,-42,74,-138,-2160
406,-184,7910,-46,26,-153,-2128
466,-198,7912,-52,57,-132,-2144
404,-138,7940,-71,38,-147,-2160
488,-160,7888,-71,60,-167,-2128
510,-248,7934,-55,70,-120,-2128
424,-160,7894,-56,74,-148,-2160
462,-236,7910,-63,43,-166,-2160
468,-236,7968,-66,48,-126,-2144
390,-200,7990,-50,51,-159,-2112
426,-208,7940,-68,21,-143,-2160
428,-180,7818,-40,43,-159,-2160
454,-262,7898,-62,46,-130,-2128
466,-208,7904,-57,47,-143,-2112
408,-178,7902,-56,61,-162,-2144
500,-164,7870,-59,52,-152,-2144
456,-194,7954,-66,44,-156,-2160
440,-196,7842,-57,40,-152,-2160
450,-198,7878,-60,53,-138,-2144
426,-250,7904,-50,42,-157,-2144
498,-198,7892,-46,66,-155,-2160
468,-170,7874,-55,16,-156,-2128
424,-160,7896,-59,63,-147,-2128
466,-188,7900,-64,51,-127,-2176
462,-198,7836,-42,67,-155,-2144
426,-174,7908,-66,70,-140,-2128
478,-242,7944,-52,38,-140,-2128
492,-228,7988,-43,58,-151,-2144
450,-172,7864,-68,60,-160,-2144
478,-202,7856,-65,50,-140,-2112
506,-184,7946,-57,54,-145,-2160
534,-164,7930,-58,90,-147,-2128
496,-258,7942,-54,85,-129,-2176
438,-174,7914,-71,70,-146,-2128
438,-216,7954,-54,63,-146,-2160
442,-234,7956,-55,51,-169,-2160
386,-224,7928,-54,40,-150,-2160
460,-208,7938,-54,51,-141,-2144
522,-210,7878,-57,55,-142,-2176
486,-170,7876,-45,88,-160,-2128
508,-130,7910,-51,60,-124,-2160
562,-102,7932,-74,89,-114,-2144
474,-134,7838,-68,66,-157,-2144
438,-230,7938,-65,84,-140,-2128
364,-216,7916,-56,58,-125,-2160
402,-250,7958,-62,49,-166,-2128
440,-214,7940,-94,64,-142,-2160
438,-200,7818,-68,80,-164,-2160
466,-160,7866,-53,66,-147,-2144
468,-192,7818,-54,63,-163,-2144
452,-132,7894,-66,59,-161,-2160
442,-230,7878,-67,74,-152,-2160
378,-248,7904,-80,44,-134,-2144
454,-218,7866,-65,45,-146,-2144
420,-198,7956,-62,82,-134,-2144
428,-204,7848,-58,47,-129,-2128
464,-164,7926,-61,57,-151,-2160
522,-160,7850,-45,49,-138,-2144
482,-220,7898,-59,65,-148,-2144
488,-234,7908,-72,43,-149,-2144
462,-208,7922,-65,59,-141,-2160
462,-234,7980,-59,53,-148,-2160
464,-296,7902,-58,48,-143,-2176
456,-216,7956,-75,63,-130,-2160
496,-232,7914,-53,37,-148,-2160
510,-156,7914,-48,68,-122,-2128
480,-174,7934,-60,61,-146,-2192
454,-184,7890,-65,69,-150,-2144
450,-194,7930,-63,75,-152,-2176
484,-198,7884,-73,51,-132,-2160
458,-244,7902,-52,27,-153,-2128
448,-210,7922,-67,61,-152,-2144
552,-214,7872,-53,54,-129,-2176
522,-184,7890,-47,50,-170,-2160
528,-186,7940,-47,58,-150,-2160
464,-186,7944,-45,72,-120,-2128
432,-202,7964,-68,77,-147,-2176
478,-172,7914,-61,82,-148,-2144
422,-218,7922,-54,62,-164,-2160
422,-236,7908,-58,65,-131,-2160
454,-244,7936,-54,96,-169,-2096
470,-210,7924,-45,82,-147,-2144
492,-172,7914,-68,67,-146,-2128
534,-222,7862,-47,70,-112,-2096
498,-102,7888,-66,93,-165,-2144
434,-204,7930,-46,75,-123,-2144
464,-232,7890,-48,64,-156,-2144
392,-204,7928,-49,63,-129,-2128
430,-184,7890,-46,58,-146,-2128
418,-242,7866,-52,68,-164,-2144
396,-210,7922,-60,58,-154,-2160
438,-240,7938,-65,56,-134,-2160
438,-162,7856,-58,50,-174,-2160
468,-184,7988,-47,81,-142,-2128
452,-176,7956,-59,46,-159,-2144
432,-208,7910,-62,54,-130,-2144
460,-200,7910,-68,53,-144,-2160
388,-170,7968,-55,61,-163,-2128
410,-214,7892,-36,54,-126,-2144
430,-236,7870,-72,58,-167,-2144
488,-188,7912,-70,43,-134,-2160
404,-190,7982,-67,36,-154,-2160
470,-192,7854,-60,38,-157,-2128
476,-224,7932,-58,50,-148,-2112
476,-214,7922,-74,64,-161,-2176
502,-208,7962,-60,70,-166,-2128
504,-202,7924,-58,44,-143,-2128
492,-210,7932,-70,55,-128,-2176
504,-160,7878,-71,42,-135,-2144
472,-192,7910,-50,15,-159,-2144
512,-192,7936,-51,42,-147,-2128
520,-202,7938,-77,62,-160,-2192
476,-226,7920,-63,65,-136,-2144
464,-270,7926,-45,29,-159,-2112
460,-220,7902,-53,62,-128,-2128
540,-196,7830,-57,50,-162,-2160
496,-154,7908,-65,75,-155,-2160
468,-202,7938,-48,64,-135,-2144
500,-216,7910,-51,73,-122,-2128
520,-216,7928,-66,73,-119,-2128
486,-166,7950,-65,56,-140,-2128
510,-222,7852,-74,71,-144,-2160
480,-172,7966,-68,62,-145,-2128
450,-206,7932,-54,74,-160,-2128
444,-216,7922,-62,57,-144,-2144
438,-208,7932,-52,78,-133,-2160
424,-210,7854,-49,73,-167,-2160
518,-216,7902,-57,65,-119,-2128
452,-178,7936,-44,40,-121,-2144
496,-222,7932,-64,77,-156,-2144
504,-192,7918,-65,88,-156,-2128
448,-234,7976,-57,75,-134,-2160
476,-196,7926,-82,85,-140,-2144
436,-200,7962,-57,69,-145,-2144
420,-232,7978,-45,61,-156,-2144
452,-210,7890,-68,59,-152,-2160
484,-228,7928,-46,49,-140,-2128
424,-188,7912,-41,62,-165,-2144
430,-182,7858,-70,84,-154,-2176
466,-184,7918,-44,57,-156,-2176
418,-204,7864,-54,69,-145,-2160
490,-192,7954,-79,62,-128,-2160
408,-158,7956,-77,65,-169,-2112
406,-198,7938,-68,34,-142,-2112
374,-228,7916,-65,62,-129,-2128
404,-268,7936,-44,78,-148,-2160
374,-168,7914,-85,61,-137,-2128
422,-216,7906,-46,66,-128,-2144
434,-202,7914,-56,46,-140,-2144
436,-224,7960,-58,59,-130,-2128
424,-218,7914,-65,56,-142,-2128
438,-194,7930,-59,53,-160,-2160
462,-188,7942,-56,70,-145,-2144
438,-226,7850,-66,55,-131,-2160
442,-210,7898,-63,53,-149,-2160
468,-248,8012,-47,42,-145,-2128
452,-174,7888,-71,55,-152,-2144
444,-208,7930,-58,28,-135,-2144
434,-216,7984,-59,69,-145,-2128
492,-228,7804,-54,60,-142,-2096
486,-198,7922,-42,52,-121,-2128
456,-216,7964,-57,43,-156,-2160
426,-246,7914,-81,48,-144,-2176
496,-210,7892,-48,50,-170,-2112
504,-200,7966,-64,60,-132,-2112
520,-136,7914,-69,58,-154,-2160
456,-226,7986,-50,81,-152,-2128
444,-204,7964,-54,54,-127,-2176
472,-186,7916,-48,54,-145,-2144
474,-196,7932,-45,46,-164,-2176
484,-204,7892,-57,58,-150,-2160
504,-216,7934,-54,43,-169,-2128
542,-158,7956,-53,61,-151,-2144
448,-214,7922,-70,74,-137,-2144
460,-180,7882,-65,69,-141,-2128
498,-204,7878,-69,53,-147,-2160
424,-192,7942,-51,42,-129,-2128
426,-234,7900,-70,52,-132,-2144
490,-212,7876,-42,44,-155,-2128
482,-180,7934,-69,55,-153,-2160
468,-216,7900,-55,62,-149,-2128
426,-198,7948,-51,71,-137,-2160
468,-190,7884,-69,47,-143,-2144
500,-190,7914,-49,51,-157,-2112
486,-204,7936,-56,58,-147,-2160
460,-182,7888,-63,65,-129,-2128
448,-214,7968,-45,61,-157,-2176
476,-172,7934,-62,57,-158,-2144
474,-194,7936,-73,59,-136,-2160
444,-220,7940,-50,89,-159,-2128
408,-226,7902,-65,41,-141,-2160
426,-196,7880,-47,56,-149,-2144
480,-236,7882,-47,55,-127,-2144
462,-196,7842,-51,67,-143,-2160
498,-164,7990,-72,78,-137,-2160
460,-218,7936,-45,68,-139,-2144
480,-242,7924,-55,79,-158,-2144
468,-188,7926,-55,57,-156,-2096
470,-188,7898,-58,59,-141,-2128
496,-228,7938,-58,76,-140,-2144
464,-228,7872,-53,58,-157,-2160
440,-210,7888,-56,76,-138,-2128
484,-196,7842,-46,62,-153,-2128
438,-190,7942,-60,75,-173,-2160
506,-192,7880,-74,71,-150,-2144
476,-172,7926,-72,43,-160,-2112
474,-168,7958,-60,75,-138,-2128
464,-262,7914,-58,47,-147,-2160
488,-196,7930,-52,74,-160,-2096
464,-242,7888,-66,60,-156,-2144
454,-180,7868,-63,84,-148,-2128
424,-210,7954,-61,71,-156,-2160
410,-204,7908,-61,49,-137,-2128
412,-162,7900,-58,69,-157,-2144
444,-178,7880,-57,60,-161,-2144
466,-248,7934,-56,55,-139,-2160
460,-198,7956,-38,64,-159,-2160
436,-166,7934,-72,61,-142,-2128
420,-146,7964,-78,51,-156,-2144
498,-200,7918,-47,51,-135,-2144
480,-164,7910,-71,62,-141,-2128
482,-174,7962,-63,55,-142,-2128
462,-194,7894,-49,51,-139,-2144
464,-216,7868,-51,84,-136,-2144
434,-190,7942,-59,63,-128,-2112
422,-220,7926,-58,55,-144,-2128
458,-166,7928,-50,44,-158,-2128
486,-180,7894,-60,35,-111,-2176
462,-196,7908,-73,75,-170,-2144
518,-230,7922,-45,34,-136,-2144
454,-216,7922,-71,74,-150,-2160
412,-218,7880,-85,57,-139,-2128
460,-186,7968,-60,60,-157,-2112
404,-198,7930,-65,67,-125,-2144
468,-216,7928,-62,89,-143,-2160
454,-162,7880,-54,45,-152,-2128
478,-166,7936,-60,62,-145,-2160
432,-216,7978,-47,49,-135,-2160
460,-144,7854,-55,50,-133,-2128
406,-200,7936,-60,74,-155,-2144
462,-206,7868,-62,35,-134,-2144
466,-222,7958,-72,65,-141,-2160
458,-210,7962,-60,66,-155,-2160
490,-200,7850,-64,49,-141,-2112
474,-184,8006,-55,62,-126,-2176
446,-170,7868,-41,62,-127,-2128
486,-206,7900,-68,85,-154,-2128
462,-256,7886,-63,41,-130,-2128
430,-230,7878,-62,65,-153,-2176
482,-148,7898,-67,45,-139,-2112
520,-206,7918,-64,69,-150,-2128
472,-166,7932,-51,52,-133,-2160
448,-200,7920,-62,75,-153,-2160
462,-182,7900,-52,49,-152,-2144
512,-180,7956,-66,51,-153,-2144
438,-220,7962,-68,79,-153,-2128
434,-180,7908,-51,61,-150,-2160
454,-194,7838,-67,65,-172,-2160
466,-226,7926,-59,73,-134,-2144
496,-196,7880,-62,56,-138,-2144
436,-264,7860,-68,55,-171,-2128
510,-180,7904,-74,95,-144,-2160
470,-190,7916,-48,44,-126,-2144
456,-208,7960,-67,57,-130,-2128
404,-250,7916,-66,94,-153,-2160
454,-236,7926,-65,57,-130,-2128
426,-172,7912,-80,75,-144,-2144
472,-190,7876,-37,48,-150,-2112
488,-184,7920,-60,65,-150,-2128
542,-204,8008,-80,26,-143,-2160
442,-242,7944,-30,77,-146,-2160
490,-224,7970,-58,68,-162,-2144
436,-188,7920,-76,66,-122,-2128
454,-124,7870,-56,66,-135,-2176
492,-192,7878,-60,48,-160,-2144
438,-310,7866,-47,50,-116,-2144
438,-134,7846,-62,62,-151,-2144
470,-244,7918,-57,58,-128,-2160
464,-256,7962,-72,47,-174,-2160
402,-218,7886,-56,89,-129,-2160
446,-242,7886,-71,48,-153,-2144
436,-278,7938,-71,61,-168,-2176
498,-130,7854,-74,57,-149,-2128
496,-216,7950,-38,54,-165,-2160
390,-192,8018,-47,51,-152,-2112
430,-192,7950,-77,73,-131,-2144
396,-102,7882,-51,77,-135,-2144
404,-162,7930,-57,60,-153,-2128
388,-212,7938,-64,62,-156,-2160
418,-166,7806,-74,27,-148,-2144
408,-176,7838,-80,56,-171,-2112
420,-188,7840,-67,42,-176,-2128
430,-276,8022,-47,47,-151,-2160
422,-248,7926,-35,44,-148,-2128
466,-222,7858,-77,61,-137,-2144
476,-232,7870,-71,69,-162,-2160
418,-172,7960,-48,40,-127,-2128
452,-214,8026,-49,16,-150,-2128
356,-222,7926,-65,19,-141,-2128
444,-196,7918,-62,41,-159,-2144
396,-172,7874,-66,32,-128,-2144
442,-174,7896,-70,39,-154,-2128
460,-226,7950,-56,38,-150,-2128
482,-178,7912,-59,36,-145,-2144
526,-182,7850,-77,61,-143,-2144
506,-194,7878,-72,44,-158,-2128
476,-136,7894,-80,68,-151,-2160
442,-226,7994,-50,44,-126,-2160
428,-250,7992,-64,84,-142,-2176
502,-134,7830,-64,32,-145,-2128
482,-244,7954,-58,30,-123,-2176
518,-194,7970,-57,55,-165,-2160
518,-214,7912,-53,48,-125,-2128
568,-238,7860,-31,62,-130,-2160
518,-172,7902,-70,90,-157,-2096
530,-172,7964,-79,73,-148,-2144
504,-192,7872,-53,49,-137,-2144
420,-202,8004,-69,41,-142,-2128
470,-190,7924,-61,71,-147,-2128
488,-208,7918,-49,67,-153,-2144
448,-192,7936,-49,68,-156,-2112
452,-212,7986,-50,64,-131,-2160
524,-182,7946,-54,57,-134,-2128
432,-180,7874,-56,51,-147,-2128
442,-224,7840,-69,95,-161,-2144
486,-226,7814,-76,87,-157,-2144
494,-212,7942,-66,84,-151,-2128
444,-210,7904,-57,72,-146,-2160
442,-178,7920,-60,62,-153,-2128
438,-176,7838,-67,69,-139,-2144
470,-174,7844,-60,68,-123,-2112
412,-230,7906,-72,72,-151,-2160
446,-214,7872,-39,69,-140,-2160
430,-254,7930,-73,85,-151,-2128
450,-198,7874,-54,70,-150,-2144
432,-252,7934,-49,67,-150,-2144
466,-168,7922,-47,70,-159,-2128
446,-226,7888,-70,59,-137,-2128
472,-150,7908,-71,71,-121,-2144
430,-132,7898,-45,74,-153,-2144
426,-150,7854,-70,68,-153,-2144
428,-184,7920,-60,65,-120,-2128
402,-216,7898,-75,48,-152,-2128
412,-244,7878,-50,32,-159,-2144
406,-218,7882,-68,61,-145,-2128
414,-208,7856,-50,41,-158,-2160
466,-230,7952,-53,37,-149,-2160
450,-228,7920,-42,60,-151,-2128
466,-150,7928,-59,36,-123,-2112
492,-168,7860,-47,46,-168,-2144
502,-164,7934,-76,44,-151,-2176
424,-230,7908,-76,59,-135,-2128
462,-184,7924,-67,21,-157,-2128
422,-192,7896,-64,66,-176,-2160
430,-254,7934,-53,60,-137,-2144
448,-242,7884,-37,40,-129,-2144
472,-148,7924,-50,45,-125,-2176
494,-192,7874,-69,36,-158,-2128
544,-168,7888,-47,57,-146,-2128
526,-198,7962,-63,51,-141,-2144
522,-130,7786,-65,54,-143,-2144
444,-158,7920,-60,54,-138,-2160
464,-202,7866,-75,90,-145,-2128
442,-230,7954,-67,60,-141,-2160
456,-208,7892,-62,70,-145,-2144
444,-196,7896,-54,50,-151,-2144
498,-220,7928,-76,74,-147,-2160
506,-172,7936,-52,53,-151,-2160
502,-164,7838,-58,74,-173,-2144
536,-210,7924,-54,63,-133,-2144
462,-202,7882,-65,85,-152,-2144
456,-210,7976,-49,51,-146,-2160
416,-174,7912,-66,48,-152,-2160
472,-278,7924,-65,64,-129,-2112
470,-184,7938,-66,49,-159,-2144
442,-176,7832,-49,57,-146,-2112
360,-196,7886,-71,57,-124,-2128
496,-150,7898,-51,76,-165,-2160
510,-194,7958,-58,65,-152,-2144
492,-172,7876,-63,80,-148,-2144
472,-180,7828,-73,46,-147,-2128
468,-204,7924,-54,72,-135,-2128
454,-304,7902,-36,68,-153,-2128
406,-224,7878,-62,77,-161,-2144
518,-168,7920,-71,75,-153,-2128
500,-142,7904,-66,49,-165,-2160
494,-202,7932,-73,45,-133,-2128
470,-192,7896,-56,48,-166,-2160
446,-216,7848,-54,66,-147,-2128
478,-240,7936,-72,56,-164,-2144
504,-204,7936,-40,63,-143,-2144
502,-130,7872,-70,67,-135,-2128
436,-224,7934,-46,56,-125,-2096
466,-174,7924,-48,71,-136,-2112
472,-236,7918,-56,39,-142,-2144
506,-190,7934,-64,34,-133,-2144
436,-246,7962,-83,76,-136,-2128
484,-172,7928,-36,71,-154,-2128
436,-250,7934,-64,69,-128,-2112
494,-168,7956,-52,57,-144,-2112
480,-220,7882,-60,60,-151,-2128
486,-196,7850,-48,46,-138,-2128
546,-130,7904,-59,65,-141,-2128
504,-186,7886,-62,60,-149,-2144
524,-190,7944,-48,79,-144,-2144
452,-178,7876,-57,86,-155,-2160
440,-186,7874,-67,62,-142,-2128
456,-226,7878,-61,68,-122,-2112
426,-180,7920,-63,70,-160,-2144
416,-214,7934,-80,73,-131,-2160
428,-222,7926,-40,73,-153,-2128
418,-162,7942,-54,97,-143,-2160
466,-196,7898,-52,62,-130,-2144
432,-178,7836,-60,76,-163,-2144
470,-162,7940,-75,49,-135,-2144
470,-182,7902,-65,70,-146,-2192
428,-206,7922,-61,51,-153,-2128
426,-218,7950,-73,78,-143,-2144
442,-196,7924,-47,70,-145,-2144
430,-194,7906,-51,55,-138,-2160
412,-200,7878,-53,29,-153,-2128
432,-176,8004,-50,54,-160,-2144
428,-194,7924,-65,33,-117,-2144
480,-188,7856,-87,53,-140,-2144
462,-218,7866,-51,80,-151,-2128
460,-140,7900,-73,67,-142,-2176
430,-194,7924,-65,50,-129,-2160
410,-246,7966,-74,51,-156,-2112
474,-224,7954,-53,34,-158,-2144
432,-178,7942,-53,49,-145,-2128
448,-218,7972,-58,53,-146,-2128
452,-252,7930,-62,26,-134,-2144
400,-220,7918,-45,59,-175,-2112
486,-162,7954,-57,52,-156,-2128
456,-196,7892,-40,51,-153,-2160
484,-208,7880,-71,26,-147,-2160
508,-106,7956,-66,47,-153,-2144
478,-254,7890,-51,56,-121,-2144
534,-202,7712,-110,75,-162,-2160
650,74,7440,-94,63,-173,-2160
324,-398,8380,-3,9,-155,-2128
404,-518,8446,7,3,-150,-2144
342,-418,8302,-54,79,-125,-2144
656,-96,7490,-77,95,-122,-2160
566,-86,7562,-90,61,-149,-2128
562,-164,7784,-66,54,-176,-2144
578,-222,7904,-46,80,-137,-2112
562,-130,7800,-63,114,-141,-2144
486,-86,7842,-56,69,-128,-2160
418,-174,7954,-35,59,-157,-2128
404,-338,8142,-49,42,-151,-2144
558,-210,7870,-100,71,-142,-2144
494,-204,7692,-86,113,-143,-2160
446,-182,7922,-67,87,-160,-2128
372,-270,8070,-53,54,-129,-2128
364,-278,8212,-3,63,-165,-2144
470,-252,7790,-44,40,-147,-2160
604,-80,7624,-82,108,-139,-2128
618,2,7626,-86,113,-141,-2128
538,-50,7754,-64,90,-158,-2128
398,-194,8082,-70,71,-133,-2112
374,-242,7928,-71,74,-130,-2144
384,-364,8000,-64,67,-151,-2128
428,-304,7906,-60,58,-127,-2128
356,-284,7940,-12,32,-95,-2160
330,-300,8078,-33,56,-156,-2128
420,-210,7986,-62,67,-156,-2144
608,2,7634,-82,76,-138,-2144
632,52,7628,-91,78,-144,-2112
648,-12,7712,-39,81,-159,-2128
406,-208,8158,-70,81,-162,-2160
374,-322,8164,-85,62,-138,-2144
334,-400,8056,-77,49,-157,-2144
388,-302,7710,-74,57,-158,-2160
454,-248,7826,-50,34,-159,-2160
486,-156,7822,-40,50,-140,-2128
578,-76,7828,-52,30,-142,-2176
478,-138,7952,-66,31,-149,-2144
478,-218,7958,-80,67,-142,-2160
502,-250,7946,-67,91,-159,-2096
454,-228,7912,-62,74,-165,-2144
374,-248,7892,-66,73,-124,-2112
376,-236,7928,-61,48,-135,-2144
378,-234,7926,-59,24,-127,-2160
454,-194,7910,-52,39,-158,-2160
512,-122,7924,-40,44,-152,-2112
508,-154,7894,-62,59,-155,-2144
454,-184,7998,-55,59,-141,-2144
468,-186,7808,-65,81,-147,-2128
444,-254,7858,-93,60,-149,-2128
448,-280,7798,-44,65,-157,-2160
456,-222,7954,-39,20,-145,-2144
512,-190,7994,-50,42,-138,-2176
542,-124,7910,-59,40,-140,-2160
532,-132,7870,-49,47,-125,-2128
536,-104,7846,-73,69,-184,-2128
446,-176,7888,-76,68,-139,-2144
452,-180,7894,-80,70,-181,-2112
432,-346,7974,-41,55,-149,-2160
408,-378,8012,-48,55,-140,-2128
360,-238,8002,-19,26,-146,-2128
440,-202,8068,-22,22,-163,-2144
506,-236,8156,-36,75,-142,-2144
442,-216,8078,-69,84,-142,-2112
484,-142,7784,-88,60,-147,-2144
386,-196,7868,-80,78,-130,-2128
374,-318,7952,-77,59,-141,-2160
466,-242,7786,-66,74,-155,-2128
498,-144,7802,-63,64,-150,-2144
618,-146,7896,-53,82,-130,-2144
500,-222,7964,-48,64,-154,-2128
508,-244,8030,-57,63,-128,-2128
438,-234,7956,-74,77,-142,-2144
446,-282,7880,-86,101,-158,-2144
396,-116,7734,-87,84,-141,-2144
360,-228,7902,-40,61,-142,-2128
328,-210,8060,-42,41,-140,-2128
364,-226,8010,-42,30,-151,-2176
420,-126,7842,-56,28,-184,-2144
540,-168,7928,-48,29,-129,-2144
568,-82,7856,-39,42,-137,-2096
574,-90,7790,-110,88,-138,-2128
462,-120,7736,-95,101,-155,-2112
472,-336,7806,-64,28,-144,-2144
382,-352,7970,-51,46,-146,-2128
472,-244,7966,-49,51,-143,-2128
478,-244,8006,-25,43,-151,-2128
554,-96,7876,-60,63,-144,-2112
508,-80,7862,-79,72,-149,-2144
512,-172,7906,-72,63,-140,-2128
486,-196,7960,-68,84,-158,-2128
414,-186,7868,-83,86,-145,-2160
498,-246,7998,-76,36,-145,-2144
426,-226,7962,-60,72,-135,-2128
458,-198,7912,-63,45,-144,-2128
562,-232,7910,-49,63,-159,-2160
564,-136,7890,-53,72,-144,-2112
548,-114,7906,-93,105,-142,-2144
424,-148,7892,-90,91,-121,-2128
460,-228,7820,-51,82,-152,-2160
356,-248,7948,-42,75,-168,-2128
440,-280,7930,-27,65,-141,-2128
496,-90,7880,-59,77,-140,-2144
406,-156,7980,-38,72,-138,-2144
476,-90,7858,-63,65,-144,-2144
490,-184,7888,-97,68,-170,-2160
426,-258,7844,-62,56,-139,-2160
400,-260,7834,-54,36,-156,-2144
426,-216,7806,-75,35,-146,-2144
394,-212,7952,-67,74,-133,-2096
448,-196,7886,-40,52,-136,-2128
422,-272,7934,-65,53,-151,-2128
514,-156,7884,-43,49,-143,-2144
526,-150,7928,-47,55,-146,-2144
500,-82,8000,-63,55,-140,-2160
486,-200,7900,-79,60,-135,-2128
438,-242,7962,-69,50,-162,-2160
352,-250,7960,-61,64,-144,-2128
454,-240,7908,-64,63,-165,-2176
452,-226,7936,-57,29,-144,-2160
474,-202,7894,-54,58,-163,-2160
492,-192,7892,-67,59,-140,-2096
498,-206,7902,-80,37,-129,-2160
446,-248,7878,-41,45,-153,-2144
464,-210,7958,-52,63,-149,-2144
508,-164,7926,-61,56,-139,-2128
464,-182,7944,-69,17,-122,-2128
402,-210,7948,-61,78,-141,-2176
460,-174,7896,-84,33,-142,-2176
494,-206,7932,-72,57,-159,-2128
458,-154,7836,-41,64,-151,-2160
498,-180,7806,-53,37,-142,-2160
500,-180,7868,-56,56,-141,-2176
496,-192,7908,-72,77,-179,-2144
416,-284,7926,-44,41,-155,-2144
502,-216,7924,-72,59,-134,-2128
482,-202,7942,-67,24,-138,-2112
514,-190,7956,-61,75,-136,-2112
474,-156,7958,-62,63,-148,-2176
472,-160,7968,-50,61,-146,-2144
438,-204,7940,-58,60,-153,-2144
474,-180,7894,-79,73,-155,-2160
462,-202,7840,-64,66,-148,-2128
516,-234,7900,-58,65,-143,-2144
484,-202,7906,-56,71,-160,-2144
546,-214,7874,-55,84,-160,-2128
438,-232,7910,-79,89,-109,-2160
470,-216,7940,-28,91,-145,-2128
456,-202,7846,-66,65,-149,-2112
456,-212,7868,-49,65,-128,-2176
432,-180,7896,-52,74,-125,-2160
460,-172,7896,-71,72,-162,-2128
456,-186,7942,-73,75,-120,-2176
442,-198,7920,-51,81,-171,-2144
424,-232,7892,-67,69,-146,-2144
474,-198,7858,-48,27,-145,-2128
430,-174,7906,-49,68,-146,-2128
484,-186,7982,-39,39,-142,-2112
478,-180,7906,-55,71,-141,-2112
446,-180,7914,-84,56,-149,-2176
490,-162,7956,-63,69,-139,-2160
396,-252,7930,-72,56,-155,-2128
388,-154,7848,-74,41,-141,-2144
450,-264,7976,-74,70,-150,-2144
452,-204,7892,-55,48,-138,-2144
444,-246,7876,-67,66,-164,-2160
478,-208,7850,-65,55,-145,-2128
490,-158,7926,-49,22,-152,-2112
482,-236,7944,-38,53,-150,-2144
424,-158,7864,-65,48,-161,-2160
470,-168,7906,-41,71,-146,-2160
464,-228,7906,-66,66,-159,-2128
434,-222,7946,-44,53,-168,-2144
396,-202,7940,-60,55,-127,-2128
460,-174,7870,-62,33,-159,-2160
470,-142,7922,-83,57,-114,-2160
466,-208,7956,-61,26,-154,-2160
458,-282,7898,-69,83,-145,-2176
444,-240,7886,-43,56,-154,-2176
468,-218,7876,-101,68,-130,-2160
428,-224,7912,-43,37,-151,-2128
524,-230,7842,-62,70,-150,-2160
496,-176,7920,-67,65,-148,-2112
434,-234,7964,-42,28,-146,-2096
466,-174,7912,-51,69,-136,-2160
482,-236,7878,-52,48,-156,-2128
482,-180,7902,-48,62,-140,-2176
490,-168,7892,-72,30,-133,-2144
446,-198,7922,-52,52,-153,-2144
426,-220,7842,-43,62,-155,-2128
530,-226,7886,-68,31,-137,-2128
466,-210,7948,-48,33,-158,-2112
484,-208,8008,-60,71,-157,-2144
434,-168,7878,-52,39,-151,-2128
446,-196,7874,-60,71,-124,-2128
458,-188,7904,-54,45,-154,-2128
500,-252,7970,-43,66,-155,-2144
454,-202,7918,-62,49,-150,-2144
488,-242,7984,-47,32,-158,-2112
510,-220,7918,-67,66,-147,-2128
478,-230,7904,-64,54,-134,-2128
438,-210,7866,-52,80,-143,-2144
482,-234,7978,-58,76,-140,-2144
482,-186,7942,-83,63,-128,-2128
460,-150,7956,-54,73,-127,-2128
454,-230,7846,-59,58,-147,-2128
412,-160,7902,-66,85,-152,-2144
428,-224,7938,-62,55,-131,-2112
456,-176,7916,-60,87,-126,-2128
450,-136,7876,-77,57,-154,-2128
454,-192,7930,-61,44,-152,-2144
454,-190,7968,-43,52,-129,-2160
454,-240,7884,-64,72,-161,-2160
442,-182,7868,-71,79,-146,-2128
466,-204,7902,-61,27,-116,-2128
480,-130,7910,-58,75,-131,-2160
382,-184,7908,-65,67,-159,-2160
486,-288,7930,-64,44,-150,-2144
444,-148,7870,-51,64,-141,-2160
460,-174,7882,-47,49,-142,-2160
428,-236,7900,-60,75,-164,-2160
474,-212,7942,-40,54,-171,-2112
422,-156,7886,-61,34,-143,-2112
448,-226,7870,-56,60,-165,-2144
434,-182,7888,-66,75,-151,-2128
456,-208,7950,-45,58,-154,-2128
434,-208,7936,-77,65,-149,-2112
440,-278,7926,-68,50,-119,-2144
458,-166,7922,-56,79,-150,-2128
404,-212,7874,-59,74,-151,-2128
404,-244,7986,-69,42,-147,-2160
452,-188,7966,-53,38,-136,-2112
526,-198,7938,-64,27,-140,-2144
516,-156,7922,-57,83,-152,-2144
470,-204,7876,-77,63,-151,-2160
440,-220,7952,-74,46,-161,-2128
436,-242,7940,-73,62,-132,-2144
394,-198,7930,-69,43,-138,-2112
472,-178,7950,-62,76,-172,-2128
442,-172,7900,-47,53,-128,-2128
416,-128,7920,-59,50,-144,-2096
510,-254,7914,-56,61,-145,-2176
436,-230,8004,-60,76,-141,-2144
426,-162,7854,-61,55,-147,-2128
480,-206,7912,-62,68,-141,-2128
432,-164,7906,-62,40,-147,-2128
458,-170,7908,-63,58,-120,-2144
524,-186,7960,-50,61,-126,-2144
478,-180,7896,-49,77,-149,-2144
486,-160,7856,-68,70,-150,-2128
444,-184,7924,-52,65,-146,-2128
448,-182,7878,-53,57,-155,-2160
444,-198,7912,-63,49,-126,-2128
404,-202,7862,-42,77,-143,-2176
516,-150,7932,-52,46,-155,-2144
464,-172,7934,-62,80,-127,-2128
460,-162,7914,-85,54,-141,-2096
480,-186,7940,-61,85,-148,-2160
500,-140,7858,-50,34,-173,-2112
474,-228,7944,-58,57,-122,-2128
474,-172,7902,-63,59,-168,-2128
430,-150,7918,-54,79,-138,-2128
486,-144,7878,-50,70,-152,-2096
462,-204,7914,-87,76,-125,-2144
482,-192,7910,-45,24,-125,-2144
452,-204,7904,-65,65,-142,-2160
492,-232,7942,-52,47,-157,-2160
494,-192,7914,-74,68,-132,-2160
422,-202,7978,-45,64,-170,-2144
448,-192,7964,-58,38,-136,-2128
512,-196,7926,-74,65,-147,-2128
454,-240,7922,-60,62,-163,-2128
444,-148,7866,-61,49,-134,-2144
468,-206,7964,-54,41,-152,-2112
428,-236,7914,-67,71,-149,-2160
450,-208,7952,-40,57,-143,-2128
460,-182,7934,-69,62,-127,-2144
468,-192,7892,-66,62,-144,-2144
462,-160,7944,-60,55,-138,-2176
478,-182,7918,-74,44,-148,-2160
444,-182,7936,-70,43,-141,-2128
496,-222,7920,-69,64,-161,-2112
476,-200,7860,-42,53,-126,-2144
468,-178,7842,-66,78,-153,-2176
498,-230,7896,-57,68,-164,-2160
464,-144,7924,-59,71,-129,-2144
468,-192,7910,-61,83,-153,-2128
522,-172,7856,-69,56,-162,-2144
420,-202,7970,-61,53,-137,-2144
496,-162,7914,-64,62,-153,-2128
476,-182,7924,-44,56,-135,-2160
442,-198,7980,-56,67,-170,-2128
436,-232,7912,-53,48,-130,-2144
460,-238,7874,-60,64,-136,-2112
464,-202,7844,-52,57,-143,-2128
462,-212,7952,-64,55,-131,-2128
452,-208,7854,-48,80,-163,-2128
466,-212,7916,-57,64,-162,-2112
416,-226,7900,-58,56,-153,-2144
454,-226,7900,-56,44,-158,-2128
460,-210,7916,-48,64,-132,-2128
476,-216,7924,-76,60,-148,-2160
408,-192,7900,-52,60,-156,-2144
446,-248,7878,-58,58,-131,-2144
518,-186,7948,-48,67,-149,-2128
478,-210,7878,-74,62,-147,-2160
462,-180,7928,-61,68,-145,-2176
446,-248,7914,-64,41,-168,-2144
466,-172,7838,-61,51,-141,-2144
462,-180,7942,-45,44,-159,-2128
