AcX,AcY,AcZ,GyX,GyY,GyZ,Tmp
480,-228,7874,-67,26,-127,-2192
468,-218,7900,-70,57,-148,-2176
474,-192,7884,-53,61,-172,-2192
442,-198,7822,-56,79,-136,-2192
438,-228,7922,-54,68,-146,-2192
482,-220,7914,-64,27,-164,-2208
422,-262,7942,-66,59,-146,-2192
422,-198,7964,-71,68,-129,-2192
424,-228,7944,-58,55,-152,-2192
446,-202,7916,-50,54,-158,-2176
438,-250,7910,-56,68,-137,-2192
496,-182,7886,-54,61,-158,-2192
450,-188,7904,-64,48,-144,-2192
458,-214,7914,-54,37,-135,-2224
500,-216,7942,-33,73,-134,-2208
466,-162,7894,-77,71,-159,-2208
474,-180,7880,-59,68,-132,-2192
452,-202,7864,-60,69,-147,-2160
460,-182,7960,-61,58,-156,-2208
442,-182,7884,-66,61,-149,-2176
458,-212,7966,-56,56,-157,-2192
482,-224,7850,-54,44,-146,-2208
430,-174,7876,-60,61,-154,-2176
482,-192,7934,-66,51,-157,-2208
464,-214,7930,-57,64,-131,-2192
450,-226,7892,-54,48,-134,-2224
466,-222,7936,-42,30,-149,-2176
450,-208,7870,-74,45,-133,-2176
434,-172,7912,-63,47,-142,-2192
456,-230,7852,-67,59,-147,-2224
434,-200,7882,-65,66,-150,-2160
472,-194,7944,-52,67,-144,-2176
428,-182,7912,-57,67,-150,-2192
472,-256,7930,-63,40,-140,-2192
514,-210,7902,-55,63,-158,-2192
472,-156,7954,-58,56,-137,-2224
428,-174,7898,-59,44,-146,-2192
434,-238,7972,-50,68,-148,-2224
500,-198,7900,-51,71,-149,-2208
456,-254,7936,-67,42,-148,-2208
496,-218,7912,-73,31,-151,-2192
498,-158,7892,-71,55,-153,-2192
464,-220,8002,-69,56,-140,-2208
422,-226,7968,-39,70,-141,-2208
460,-228,7936,-44,61,-158,-2176
464,-186,7872,-68,35,-141,-2176
480,-156,7906,-56,69,-147,-2192
420,-244,7882,-52,69,-147,-2192
438,-184,7916,-66,30,-148,-2224
482,-148,7952,-75,60,-143,-2176
482,-192,7920,-55,45,-138,-2208
438,-188,7934,-55,64,-144,-2192
458,-202,7908,-63,77,-147,-2192
492,-198,8010,-64,53,-153,-2192
494,-212,7932,-74,48,-130,-2144
428,-214,7918,-44,68,-148,-2176
524,-162,7910,-77,36,-149,-2192
462,-152,7880,-57,69,-118,-2192
450,-132,7902,-82,90,-139,-2208
474,-218,7904,-38,63,-151,-2176
432,-206,7938,-67,58,-142,-2208
470,-184,7910,-66,58,-154,-2192
458,-226,7874,-62,49,-150,-2192
468,-236,7928,-60,40,-139,-2144
466,-182,7918,-46,73,-143,-2208
456,-200,7910,-56,70,-145,-2208
424,-160,7882,-50,34,-136,-2192
484,-248,7836,-93,76,-171,-2192
458,-182,7930,-54,51,-126,-2208
470,-246,7890,-50,60,-156,-2208
456,-180,7924,-72,48,-130,-2224
416,-224,7912,-58,54,-152,-2192
426,-204,7902,-63,67,-149,-2160
448,-162,7890,-50,82,-129,-2208
490,-180,7882,-79,62,-147,-2192
444,-204,7956,-61,68,-150,-2192
466,-244,7848,-70,60,-151,-2192
412,-184,7874,-55,41,-140,-2192
446,-182,7886,-43,46,-143,-2208
500,-210,7864,-56,69,-152,-2208
438,-190,7880,-46,72,-136,-2192
508,-178,7914,-56,65,-148,-2224
418,-188,7946,-53,52,-163,-2192
466,-224,7868,-42,49,-141,-2192
444,-204,7934,-59,74,-125,-2192
484,-184,7896,-46,62,-151,-2160
480,-192,7900,-50,76,-143,-2240
480,-224,7896,-67,66,-143,-2208
438,-206,7870,-55,57,-143,-2160
440,-182,7894,-70,61,-136,-2224
460,-232,7982,-78,64,-150,-2208
466,-198,7942,-63,52,-143,-2208
454,-210,7888,-58,56,-146,-2176
452,-200,7944,-54,71,-156,-2160
478,-202,7886,-56,47,-152,-2192
456,-212,7886,-72,69,-144,-2208
450,-198,7972,-54,50,-174,-2208
474,-224,7918,-72,55,-149,-2192
430,-208,7892,-61,56,-119,-2224
426,-210,7936,-72,50,-130,-2192
460,-186,7942,-87,52,-111,-2208
430,-190,7898,-49,73,-130,-2192
466,-222,7908,-71,69,-150,-2192
494,-194,7942,-68,38,-146,-2192
474,-178,7902,-55,55,-129,-2176
440,-166,7886,-49,71,-143,-2176
496,-176,7932,-70,68,-144,-2208
444,-208,7894,-76,38,-159,-2160
460,-172,7936,-49,78,-122,-2192
470,-170,7966,-43,47,-151,-2176
478,-230,7914,-69,60,-179,-2176
478,-212,7910,-54,54,-157,-2192
478,-154,7882,-58,42,-139,-2224
484,-186,7868,-45,50,-153,-2160
436,-186,7924,-57,58,-124,-2208
476,-174,7892,-36,66,-159,-2176
476,-162,7924,-89,55,-140,-2176
486,-238,7924,-51,34,-136,-2224
508,-190,7944,-63,52,-155,-2192
468,-238,7908,-67,75,-151,-2208
484,-228,7956,-69,66,-160,-2208
470,-182,7902,-70,46,-148,-2192
474,-188,7966,-56,90,-131,-2176
508,-214,7810,-73,64,-163,-2192
484,-182,7910,-54,69,-145,-2192
440,-212,7930,-67,37,-135,-2144
432,-222,7890,-66,34,-144,-2176
494,-212,7902,-67,62,-152,-2176
452,-198,7986,-66,71,-138,-2192
482,-220,7884,-32,66,-151,-2192
456,-174,7936,-47,73,-143,-2176
454,-206,7936,-46,56,-161,-2224
466,-174,7948,-61,61,-148,-2192
454,-210,7848,-86,53,-129,-2192
476,-176,7890,-37,66,-167,-2160
474,-190,7936,-83,42,-146,-2240
450,-240,7960,-68,67,-151,-2208
434,-198,7934,-68,48,-132,-2224
448,-212,7908,-46,40,-152,-2192
478,-180,7818,-82,65,-148,-2176
472,-192,7924,-60,70,-154,-2208
484,-198,7858,-47,59,-151,-2192
454,-208,7912,-61,70,-153,-2224
450,-188,7976,-60,95,-142,-2208
474,-192,7954,-63,64,-156,-2208
460,-178,7938,-61,84,-155,-2192
476,-194,7962,-68,30,-133,-2192
462,-196,7904,-60,53,-140,-2176
486,-170,7912,-62,44,-139,-2208
438,-160,7894,-54,74,-164,-2192
476,-192,7922,-71,69,-160,-2192
460,-202,7988,-57,49,-141,-2160
450,-220,7958,-43,44,-157,-2240
462,-186,7916,-61,65,-148,-2208
446,-218,7970,-51,39,-137,-2224
430,-204,7962,-67,75,-145,-2192
470,-192,7916,-50,48,-163,-2192
460,-238,7950,-51,57,-151,-2192
448,-248,7926,-47,74,-155,-2176
474,-186,7954,-64,43,-162,-2192
474,-246,7960,-61,56,-131,-2176
420,-142,7874,-58,58,-146,-2208
452,-176,7970,-58,71,-134,-2208
466,-212,7884,-60,53,-142,-2192
434,-196,7912,-74,69,-140,-2192
512,-240,7944,-44,69,-136,-2208
498,-204,7868,-71,32,-145,-2176
450,-228,7944,-79,60,-156,-2192
448,-216,7910,-53,62,-151,-2192
484,-200,7914,-56,55,-155,-2192
482,-216,7918,-69,67,-115,-2176
450,-188,7902,-71,81,-148,-2192
452,-236,7904,-57,53,-175,-2192
476,-174,7950,-66,13,-131,-2192
440,-184,7930,-63,69,-134,-2208
450,-176,7892,-70,65,-156,-2176
436,-182,7914,-68,39,-144,-2208
498,-176,7970,-61,71,-173,-2192
466,-186,7900,-58,57,-153,-2192
494,-154,7934,-62,57,-144,-2208
450,-204,7918,-61,29,-156,-2208
476,-162,7916,-60,69,-109,-2192
474,-208,7852,-52,60,-143,-2192
484,-202,7884,-69,74,-144,-2176
510,-244,7912,-61,53,-140,-2208
438,-158,7932,-54,79,-149,-2208
510,-162,7916,-78,47,-152,-2192
530,-158,7918,-59,69,-141,-2192
462,-252,7972,-56,56,-140,-2208
504,-216,7932,-60,72,-144,-2208
442,-166,7906,-53,57,-152,-2176
428,-248,7900,-54,64,-138,-2224
460,-182,7930,-74,34,-148,-2192
494,-220,7880,-46,57,-149,-2208
502,-214,7890,-53,62,-138,-2224
422,-212,7948,-75,37,-141,-2176
464,-200,7934,-60,73,-152,-2192
448,-198,7900,-67,82,-154,-2176
444,-204,7936,-72,52,-125,-2176
446,-162,7892,-65,62,-169,-2176
432,-148,7868,-45,48,-136,-2208
454,-234,7900,-67,63,-144,-2192
466,-178,7948,-43,66,-149,-2192
398,-190,7910,-58,46,-146,-2176
504,-278,7906,-63,46,-164,-2208
486,-182,7920,-74,80,-154,-2192
506,-180,7890,-55,48,-151,-2192
488,-234,7884,-61,39,-151,-2208
422,-202,7920,-60,58,-142,-2208
458,-222,7928,-65,62,-134,-2176
488,-204,7918,-68,61,-167,-2160
428,-194,7942,-60,81,-145,-2192
416,-180,7886,-61,54,-146,-2176
446,-170,7862,-42,45,-156,-2176
496,-208,7902,-49,51,-129,-2192
444,-182,7956,-75,27,-136,-2224
430,-250,7862,-58,72,-152,-2192
442,-160,7948,-59,42,-144,-2208
430,-188,7874,-81,62,-157,-2176
480,-226,7904,-59,57,-127,-2192
484,-210,7970,-55,38,-160,-2192
476,-184,7918,-79,45,-159,-2208
496,-126,7914,-50,48,-153,-2176
452,-168,7958,-52,55,-127,-2208
472,-238,7906,-49,52,-161,-2192
464,-234,7944,-59,68,-139,-2176
456,-204,7890,-57,71,-148,-2176
498,-202,7922,-53,65,-167,-2208
464,-242,8040,-36,69,-128,-2192
442,-194,7914,-50,42,-151,-2224
460,-192,7914,-58,55,-129,-2208
478,-202,7928,-65,78,-172,-2176
438,-226,7910,-74,69,-140,-2192
470,-238,7914,-59,22,-140,-2192
466,-216,7938,-59,60,-163,-2192
438,-190,7930,-56,56,-140,-2192
480,-220,7958,-55,53,-140,-2208
464,-220,7994,-55,43,-140,-2208
476,-184,7824,-55,37,-142,-2192
440,-212,7842,-41,55,-149,-2224
450,-170,7842,-64,65,-132,-2192
496,-194,7866,-44,58,-157,-2176
478,-226,7908,-72,43,-135,-2176
444,-184,7890,-63,49,-148,-2192
522,-176,7924,-51,33,-159,-2192
468,-176,7912,-61,59,-124,-2192
446,-192,7960,-47,33,-118,-2176
470,-196,7990,-70,60,-146,-2176
446,-196,7926,-63,53,-184,-2160
458,-192,7922,-61,69,-142,-2192
452,-204,7966,-57,50,-144,-2176
448,-152,7914,-68,68,-151,-2208
452,-244,7890,-65,84,-158,-2208
514,-230,7948,-58,54,-149,-2160
444,-176,7890,-59,78,-170,-2192
470,-248,7938,-61,47,-151,-2176
470,-194,7948,-65,34,-140,-2176
538,-170,7930,-51,49,-157,-2176
456,-208,7902,-60,55,-138,-2192
460,-208,7892,-54,59,-155,-2160
474,-176,7988,-50,60,-126,-2208
428,-140,7950,-80,59,-157,-2224
458,-188,7898,-60,57,-117,-2224
412,-196,7946,-61,46,-152,-2192
460,-202,7926,-83,65,-141,-2176
442,-244,7916,-50,80,-130,-2176
454,-188,7892,-66,74,-163,-2192
502,-154,7910,-63,55,-138,-2192
450,-190,7952,-84,74,-138,-2224
482,-202,7922,-65,52,-150,-2208
442,-226,7906,-72,81,-143,-2208
422,-174,7946,-65,61,-162,-2192
444,-204,7926,-74,67,-138,-2208
428,-144,7898,-65,53,-148,-2208
436,-228,7918,-68,64,-151,-2192
448,-182,7892,-67,70,-158,-2192
442,-240,7944,-52,62,-128,-2192
464,-196,7858,-70,45,-141,-2176
474,-200,7924,-64,88,-152,-2176
446,-204,7952,-50,64,-148,-2160
440,-198,7932,-48,88,-119,-2192
412,-174,7820,-42,31,-164,-2176
450,-204,7968,-79,44,-132,-2176
462,-186,7906,-63,48,-130,-2176
512,-254,7896,-54,54,-142,-2192
456,-206,7960,-69,78,-156,-2160
412,-194,7922,-60,73,-131,-2208
476,-222,7828,-55,76,-156,-2208
450,-284,7934,-58,21,-163,-2176
502,-174,7796,-46,36,-162,-2192
472,-188,7922,-72,47,-163,-2192
384,-206,7864,-66,47,-151,-2208
462,-264,7928,-71,75,-136,-2192
470,-248,8006,-41,86,-148,-2160
444,-168,7902,-58,60,-131,-2192
440,-218,7908,-62,55,-160,-2192
458,-230,7898,-50,58,-147,-2176
426,-152,7936,-60,60,-137,-2176
456,-224,7862,-41,42,-140,-2192
484,-184,7948,-66,66,-180,-2192
446,-208,7890,-67,88,-146,-2176
486,-214,7896,-52,73,-123,-2176
470,-160,7970,-42,48,-145,-2192
456,-182,7886,-62,58,-149,-2192
490,-202,7878,-63,37,-130,-2192
492,-232,7948,-55,77,-138,-2208
434,-244,7902,-70,47,-143,-2176
478,-216,7968,-64,65,-143,-2192
494,-232,7944,-45,57,-157,-2192
516,-176,7918,-58,53,-161,-2192
500,-222,7870,-55,74,-165,-2192
444,-204,7930,-52,43,-147,-2208
448,-212,7944,-81,53,-160,-2208
478,-176,7936,-65,59,-158,-2176
472,-164,7918,-60,56,-134,-2192
462,-200,7924,-68,65,-149,-2224
498,-188,7880,-70,71,-148,-2176
434,-200,7920,-75,68,-132,-2192
448,-214,7928,-62,32,-147,-2192
454,-188,7928,-60,65,-160,-2224
456,-152,7892,-74,68,-156,-2192
430,-204,7900,-65,63,-155,-2176
474,-190,7872,-57,65,-135,-2208
534,-178,7914,-53,58,-164,-2160
454,-242,7882,-83,62,-150,-2192
438,-228,7934,-60,45,-136,-2176
480,-238,7876,-59,51,-167,-2208
476,-176,7900,-68,57,-145,-2192
502,-124,7918,-70,78,-141,-2160
502,-186,7928,-59,65,-144,-2192
444,-192,7942,-78,58,-143,-2176
480,-174,7904,-58,80,-122,-2208
496,-202,7926,-52,43,-129,-2176
402,-146,7920,-52,62,-169,-2192
436,-178,7916,-83,73,-146,-2160
458,-190,7926,-57,55,-130,-2192
400,-194,7940,-81,61,-152,-2208
444,-254,7972,-73,67,-145,-2208
452,-212,7940,-54,47,-166,-2224
436,-222,7936,-69,65,-158,-2224
452,-254,7930,-61,49,-148,-2192
470,-238,7882,-58,82,-162,-2176
438,-192,7918,-49,73,-136,-2224
526,-212,7944,-42,38,-148,-2192
480,-180,7962,-43,61,-138,-2208
454,-186,7928,-59,51,-136,-2192
504,-200,7914,-58,61,-145,-2160
440,-178,7928,-43,63,-171,-2192
446,-198,8006,-62,73,-160,-2208
452,-202,7922,-68,68,-156,-2160
460,-164,7874,-58,51,-136,-2192
460,-188,7880,-50,58,-153,-2160
496,-238,7930,-57,49,-148,-2176
522,-198,7914,-70,62,-145,-2176
472,-188,7872,-69,66,-146,-2208
442,-178,7894,-61,81,-147,-2192
472,-268,7904,-29,56,-154,-2160
460,-210,7910,-61,48,-147,-2208
502,-194,7858,-80,65,-135,-2176
502,-180,7936,-56,49,-138,-2192
482,-166,8020,-78,55,-131,-2192
460,-168,7922,-68,72,-147,-2192
464,-168,7976,-65,56,-159,-2208
500,-206,7898,-57,59,-145,-2208
462,-200,7974,-45,52,-152,-2160
418,-230,7936,-79,79,-133,-2192
506,-204,7932,-50,47,-146,-2192
480,-214,7954,-75,66,-124,-2176
482,-180,7880,-62,50,-140,-2176
488,-194,7926,-56,76,-158,-2160
506,-210,7902,-72,58,-134,-2192
456,-228,7966,-50,64,-165,-2176
474,-214,7926,-57,75,-141,-2192
444,-132,7814,-58,38,-166,-2192
470,-224,7896,-61,58,-136,-2160
448,-188,7908,-59,33,-153,-2208
476,-204,7938,-69,79,-143,-2208
460,-218,7884,-75,52,-160,-2176
486,-212,7966,-54,55,-157,-2224
468,-204,7908,-50,49,-185,-2192
468,-166,7954,-65,55,-121,-2176
480,-214,7976,-56,69,-142,-2192
442,-210,7888,-59,55,-135,-2192
470,-196,7886,-77,55,-153,-2176
436,-242,7932,-70,50,-151,-2160
440,-186,7868,-51,44,-140,-2192
448,-258,7898,-61,66,-162,-2176
470,-208,7864,-58,66,-141,-2176
464,-236,7924,-51,78,-142,-2192
464,-192,7968,-70,67,-143,-2192
482,-204,7888,-58,66,-152,-2192
404,-192,7932,-56,73,-161,-2208
454,-170,7952,-63,24,-116,-2224
434,-232,7908,-69,64,-151,-2160
454,-186,7918,-59,60,-142,-2224
442,-168,7854,-61,51,-134,-2208
458,-172,7904,-50,96,-118,-2208
410,-204,7938,-65,43,-155,-2176
504,-202,7902,-71,81,-144,-2192
416,-196,7926,-68,45,-142,-2192
474,-186,7912,-49,63,-167,-2176
488,-222,7880,-68,74,-128,-2176
460,-212,7848,-77,56,-147,-2192
484,-182,7938,-53,71,-148,-2192
462,-190,7864,-55,83,-141,-2192
460,-204,7858,-47,29,-153,-2176
482,-184,7898,-58,66,-144,-2176
434,-188,7878,-67,70,-149,-2192
432,-186,7946,-70,35,-159,-2192
458,-170,7986,-73,41,-143,-2192
494,-156,7942,-29,71,-148,-2208
464,-162,7886,-80,72,-140,-2208
434,-194,7882,-74,45,-160,-2192
436,-226,7898,-62,43,-146,-2192
496,-220,7922,-55,52,-130,-2176
436,-192,7952,-55,51,-170,-2176
436,-254,7954,-50,79,-145,-2208
406,-164,7910,-77,47,-152,-2224
426,-220,7982,-64,59,-156,-2224
462,-220,7930,-60,58,-151,-2208
448,-164,7942,-78,51,-145,-2208
428,-174,7986,-59,26,-129,-2208
430,-196,7936,-67,68,-136,-2192
462,-206,7966,-65,77,-159,-2192
464,-152,7914,-70,66,-135,-2224
502,-190,7936,-58,82,-144,-2208
474,-170,7918,-59,57,-146,-2176
500,-184,7938,-43,59,-131,-2208
482,-206,7942,-73,65,-160,-2192
428,-210,7866,-54,48,-139,-2192
438,-196,7910,-68,58,-155,-2208
474,-194,7908,-45,86,-155,-2208
478,-184,7912,-72,62,-157,-2192
454,-212,7896,-75,47,-153,-2224
460,-168,7892,-56,57,-135,-2192
462,-228,7956,-76,64,-140,-2176
456,-158,7898,-51,49,-148,-2208
444,-228,7900,-65,88,-173,-2192
450,-186,7962,-60,85,-137,-2192
452,-196,7870,-65,45,-119,-2176
416,-156,7942,-70,66,-150,-2176
456,-268,7858,-60,58,-138,-2208
486,-178,7920,-52,55,-127,-2192
432,-182,7858,-57,65,-158,-2192
442,-240,7946,-57,78,-137,-2176
506,-222,7862,-52,58,-159,-2208
456,-172,7888,-76,48,-144,-2176
398,-190,7902,-47,61,-155,-2192
464,-256,7966,-92,56,-141,-2224
498,-152,7914,-53,52,-151,-2208
454,-226,7946,-57,54,-165,-2176
456,-220,7912,-76,75,-167,-2176
426,-192,7908,-51,51,-148,-2192
446,-162,7910,-54,81,-132,-2192
492,-172,7912,-53,74,-158,-2208
448,-176,7902,-72,58,-151,-2176
442,-276,7940,-50,56,-142,-2208
424,-174,7882,-58,40,-156,-2192
460,-202,7912,-70,60,-117,-2224
430,-188,7856,-49,57,-153,-2192
442,-190,7882,-60,36,-168,-2208
438,-188,7890,-56,71,-146,-2208
426,-178,7904,-70,50,-147,-2224
502,-204,7942,-56,34,-142,-2160
518,-166,7850,-60,60,-171,-2192
480,-198,7904,-43,60,-122,-2208
480,-202,7908,-63,65,-153,-2192
438,-216,7874,-53,60,-148,-2192
454,-140,7916,-51,67,-127,-2192
462,-164,7900,-44,34,-145,-2176
458,-220,7904,-63,54,-147,-2208
462,-204,7914,-54,57,-149,-2208
484,-206,7918,-61,56,-145,-2192
470,-142,7894,-64,42,-163,-2192
496,-162,7940,-55,68,-170,-2176
456,-182,7894,-59,57,-147,-2176
458,-192,7862,-64,43,-178,-2192
462,-178,7890,-70,63,-145,-2192
470,-246,7884,-67,47,-133,-2192
408,-170,7896,-67,68,-139,-2208
452,-192,7868,-57,69,-152,-2208
454,-184,7942,-48,31,-137,-2192
446,-156,7836,-57,58,-157,-2192
450,-180,7890,-68,85,-131,-2224
464,-200,7890,-64,32,-151,-2208
496,-182,7830,-53,65,-139,-2208
486,-178,7894,-44,75,-143,-2224
410,-204,7870,-56,63,-145,-2192
484,-184,7870,-52,33,-140,-2176
508,-254,7968,-67,66,-148,-2208
494,-186,7870,-49,65,-159,-2192
452,-202,7924,-47,47,-157,-2192
442,-150,7912,-54,37,-152,-2224
474,-220,7898,-63,68,-149,-2176
438,-242,7912,-75,70,-136,-2192
508,-198,7962,-40,25,-137,-2192
438,-206,7950,-53,60,-156,-2192
408,-204,7926,-57,52,-130,-2192
454,-170,7910,-53,59,-167,-2192
500,-192,7900,-53,85,-125,-2176
426,-176,7970,-55,61,-157,-2192
458,-220,7896,-69,84,-152,-2160
500,-204,7910,-48,52,-116,-2192
436,-160,7910,-48,58,-152,-2208
442,-168,7872,-44,45,-172,-2176
498,-210,7920,-68,44,-155,-2176
500,-152,7922,-60,60,-133,-2192
444,-164,7870,-54,66,-119,-2192
456,-216,7944,-51,56,-158,-2208
426,-184,7920,-66,36,-142,-2176
512,-188,7944,-42,68,-138,-2224
460,-228,7934,-66,64,-135,-2224
404,-216,7862,-65,50,-159,-2224
512,-166,7920,-78,80,-132,-2208
400,-236,7906,-74,64,-143,-2176
478,-228,7964,-56,75,-165,-2192
486,-182,7940,-54,72,-149,-2160
418,-184,7924,-61,58,-148,-2208
498,-226,7956,-62,52,-139,-2208
432,-204,7960,-73,37,-157,-2192
496,-170,7906,-66,66,-172,-2192
468,-194,7924,-57,68,-136,-2192
440,-190,7954,-52,52,-164,-2208
490,-202,7900,-51,48,-111,-2208
412,-174,7948,-70,53,-131,-2192
478,-144,7906,-51,52,-138,-2224
460,-212,7936,-53,61,-159,-2192
492,-186,7880,-68,63,-150,-2176
488,-196,7912,-57,79,-123,-2192
482,-164,7938,-54,44,-151,-2224
444,-204,7918,-65,56,-146,-2192
524,-214,7914,-61,44,-153,-2176
462,-212,7904,-41,72,-133,-2176
450,-194,7904,-61,48,-154,-2208
464,-152,7876,-62,54,-126,-2192
440,-220,7814,-55,38,-146,-2160
510,-248,7874,-65,54,-149,-2160
434,-162,7920,-61,47,-158,-2176
468,-184,7930,-57,73,-161,-2208
438,-180,7940,-60,57,-152,-2224
478,-208,7894,-58,58,-160,-2192
456,-206,7938,-64,72,-137,-2208
518,-206,7904,-45,62,-140,-2176
438,-174,7922,-63,74,-145,-2192
442,-192,7986,-62,39,-162,-2160
432,-206,7946,-65,32,-142,-2192
472,-200,7828,-60,62,-161,-2208
462,-196,7906,-66,46,-152,-2208
476,-172,7902,-58,56,-135,-2192
472,-224,7996,-66,66,-151,-2192
442,-230,7972,-56,64,-141,-2224
426,-186,7904,-60,49,-151,-2176
452,-192,7880,-63,61,-116,-2176
478,-240,7956,-70,46,-141,-2192
478,-188,7974,-58,62,-148,-2192
480,-200,7914,-57,75,-157,-2176
454,-240,7818,-83,79,-159,-2176
430,-174,7988,-55,50,-150,-2208
460,-212,7896,-58,53,-138,-2224
464,-218,7878,-65,62,-144,-2192
432,-218,7886,-67,45,-144,-2176
476,-212,7914,-59,56,-151,-2176
474,-216,7912,-61,63,-136,-2208
438,-192,7876,-46,69,-154,-2192
426,-186,7906,-42,73,-143,-2224
468,-220,7888,-70,58,-158,-2176
456,-202,7920,-61,59,-132,-2208
438,-208,7908,-52,39,-152,-2208
456,-214,7982,-84,48,-170,-2192
430,-184,7936,-68,75,-159,-2192
472,-170,7880,-59,56,-133,-2176
436,-188,7948,-63,64,-152,-2208
476,-204,7922,-44,55,-142,-2176
438,-192,7924,-57,59,-154,-2192
428,-226,7926,-52,54,-151,-2192
518,-182,7940,-49,47,-132,-2224
470,-160,7916,-59,77,-155,-2240
454,-204,7900,-66,50,-131,-2208
488,-186,7896,-60,68,-149,-2192
420,-232,7946,-65,50,-153,-2192
448,-162,7894,-49,47,-105,-2208
482,-214,7936,-50,53,-134,-2208
494,-222,7874,-54,51,-171,-2208
456,-176,7958,-60,43,-138,-2192
472,-212,7954,-60,79,-159,-2224
460,-178,7900,-77,53,-151,-2208
496,-204,7934,-37,70,-157,-2208
506,-182,7928,-65,31,-141,-2176
434,-200,7868,-59,56,-154,-2192
484,-206,7926,-61,64,-150,-2192
488,-160,7908,-34,61,-170,-2208
480,-204,7890,-63,59,-142,-2192
492,-158,7898,-73,48,-149,-2192
478,-202,7934,-58,38,-163,-2192
492,-212,7954,-56,68,-157,-2224
432,-214,7866,-56,66,-161,-2176
464,-200,7900,-44,57,-135,-2208
470,-180,7920,-65,77,-141,-2176
478,-172,7914,-63,82,-129,-2160
472,-222,7922,-50,40,-138,-2192
426,-164,7930,-53,66,-161,-2176
474,-184,7910,-51,45,-144,-2208
500,-186,7882,-64,85,-137,-2176
444,-178,7934,-42,36,-155,-2192
494,-230,7934,-59,60,-123,-2192
450,-156,7880,-65,87,-151,-2208
464,-148,7952,-63,53,-150,-2176
436,-252,7918,-53,41,-153,-2176
522,-212,7920,-67,86,-133,-2144
432,-192,7930,-62,51,-131,-2208
500,-226,7886,-52,68,-161,-2176
456,-172,7876,-60,67,-150,-2208
484,-190,7872,-55,81,-149,-2192
484,-160,7920,-54,77,-148,-2192
474,-196,7884,-70,46,-167,-2160
474,-230,7892,-65,50,-136,-2224
438,-224,7920,-48,69,-142,-2176
420,-190,7922,-72,96,-138,-2176
464,-200,7904,-62,54,-151,-2160
442,-204,7926,-58,77,-139,-2160
428,-188,7874,-67,31,-141,-2240
410,-198,7850,-63,54,-130,-2176
456,-226,7936,-63,39,-163,-2192
458,-218,7944,-59,66,-173,-2192
468,-248,7924,-64,59,-121,-2192
454,-258,7934,-52,48,-162,-2208
474,-174,7956,-59,72,-143,-2208
456,-186,7934,-59,29,-152,-2192
486,-188,7924,-53,60,-148,-2192
516,-166,8014,-68,58,-128,-2192
404,-202,7884,-58,67,-155,-2176
450,-182,7890,-57,47,-149,-2208
474,-208,7948,-68,77,-114,-2160
508,-230,7864,-53,58,-158,-2192
474,-190,7898,-46,75,-134,-2192
486,-172,7916,-78,25,-146,-2176
488,-192,7872,-57,48,-135,-2176
454,-162,7948,-75,79,-152,-2192
494,-206,7944,-74,69,-138,-2192
478,-170,7940,-57,64,-153,-2176
458,-188,7936,-52,44,-143,-2208
436,-224,7892,-64,62,-149,-2176
410,-230,7912,-48,64,-136,-2224
474,-188,7942,-51,65,-134,-2160
364,-224,7890,-82,46,-137,-2208
460,-170,7868,-48,62,-155,-2176
500,-170,7920,-59,51,-143,-2192
460,-198,7934,-58,57,-142,-2160
472,-194,7948,-60,50,-146,-2192
490,-206,7936,-55,64,-144,-2160
428,-236,7892,-50,67,-162,-2192
486,-238,7960,-50,41,-157,-2208
418,-252,7902,-76,46,-149,-2176
442,-162,7896,-49,75,-130,-2224
492,-202,7882,-70,72,-156,-2192
472,-204,7942,-58,62,-162,-2176
458,-190,7896,-60,42,-117,-2208
484,-236,7936,-63,59,-137,-2176
424,-210,7842,-67,57,-157,-2192
464,-182,7948,-45,56,-134,-2224
426,-202,7936,-77,54,-137,-2176
486,-226,7914,-48,58,-155,-2208
428,-178,7912,-82,38,-166,-2160
532,-240,7890,-52,44,-143,-2224
442,-216,7974,-63,49,-142,-2224
456,-208,7846,-53,61,-171,-2176
456,-130,7874,-81,71,-161,-2208
442,-178,7844,-68,42,-137,-2192
470,-242,7946,-60,69,-153,-2192
422,-230,7868,-52,54,-125,-2160
430,-170,7918,-61,73,-109,-2176
400,-180,7908,-64,52,-148,-2192
432,-180,7960,-49,64,-151,-2160
436,-180,7854,-77,65,-160,-2192
460,-190,7876,-46,48,-143,-2192
446,-182,7854,-44,75,-160,-2208
460,-144,7944,-52,43,-144,-2208
406,-188,7938,-57,65,-130,-2192
482,-226,7906,-53,47,-147,-2192
442,-242,7914,-61,64,-154,-2176
462,-184,7964,-73,58,-163,-2208
472,-208,7932,-59,83,-149,-2192
492,-228,7864,-59,71,-148,-2192
494,-172,7976,-58,58,-151,-2192
452,-178,7906,-50,66,-155,-2176
496,-210,7966,-60,52,-150,-2240
476,-134,7914,-73,89,-152,-2176
470,-192,7866,-52,32,-133,-2192
450,-236,7914,-58,77,-138,-2224
412,-204,7888,-54,53,-130,-2208
480,-248,7916,-57,57,-140,-2176
462,-172,7940,-66,50,-153,-2208
472,-230,7842,-60,59,-132,-2192
454,-154,7900,-64,50,-142,-2192
430,-186,7912,-50,68,-152,-2208
424,-156,7920,-52,81,-141,-2176
436,-168,7886,-57,38,-175,-2208
470,-228,7948,-65,68,-126,-2192
418,-226,7842,-64,55,-183,-2160
472,-158,7922,-41,59,-136,-2176
422,-174,7930,-40,49,-165,-2224
396,-160,7896,-65,64,-129,-2192
500,-192,7854,-70,59,-168,-2192
472,-170,7902,-65,54,-157,-2160
490,-186,7876,-48,62,-137,-2208
496,-232,7880,-61,59,-143,-2208
456,-140,7866,-60,61,-150,-2192
436,-210,8002,-71,48,-164,-2224
458,-214,7980,-55,90,-133,-2192
454,-174,7852,-55,87,-156,-2208
482,-182,7900,-73,50,-159,-2192
430,-216,7940,-62,32,-167,-2192
468,-192,7972,-41,54,-124,-2192
474,-210,7880,-51,58,-146,-2176
458,-246,7956,-80,66,-149,-2208
454,-182,7964,-67,64,-126,-2208
480,-190,7972,-69,52,-155,-2192
478,-204,8014,-47,49,-142,-2192
466,-178,7956,-59,62,-149,-2176
452,-200,7936,-59,59,-128,-2176
438,-210,7914,-67,43,-153,-2192
512,-206,7842,-54,57,-138,-2160
454,-218,7940,-57,62,-153,-2192
488,-220,7892,-56,66,-156,-2160
428,-190,7904,-77,32,-152,-2192
434,-188,7862,-63,70,-138,-2176
468,-222,7962,-57,51,-127,-2160
466,-210,7974,-64,77,-146,-2160
448,-194,7926,-70,72,-166,-2192
456,-174,7944,-54,55,-139,-2208
482,-208,7964,-51,69,-151,-2176
492,-204,7870,-64,68,-166,-2176
500,-206,7890,-84,51,-140,-2192
466,-188,7974,-55,53,-156,-2192
484,-202,7906,-74,51,-160,-2240
480,-188,7882,-45,78,-166,-2176
458,-206,7922,-73,67,-133,-2224
446,-196,7886,-64,44,-138,-2192
458,-220,7946,-47,47,-163,-2192
468,-192,7884,-54,46,-155,-2224
468,-202,7912,-49,56,-153,-2176
500,-202,7900,-49,68,-154,-2176
414,-200,7902,-65,55,-140,-2224
460,-210,7816,-67,68,-134,-2192
496,-234,7846,-60,56,-127,-2192
464,-172,7926,-53,53,-149,-2208
408,-252,7956,-66,71,-148,-2224
456,-222,7890,-61,21,-149,-2192
468,-228,7926,-57,51,-146,-2192
432,-212,7888,-59,72,-144,-2176
456,-206,7840,-53,70,-142,-2208
430,-168,7924,-55,84,-170,-2208
468,-172,7950,-52,42,-139,-2224
458,-214,7974,-39,68,-137,-2192
460,-142,7942,-58,39,-124,-2208
438,-214,7952,-56,66,-176,-2208
488,-184,7956,-62,58,-138,-2192
478,-172,7946,-51,52,-155,-2192
430,-198,7984,-59,72,-166,-2160
446,-222,7886,-92,55,-165,-2144
484,-178,7910,-52,49,-153,-2208
466,-200,7872,-49,52,-157,-2208
488,-174,7932,-61,55,-133,-2192
482,-174,7910,-54,77,-164,-2192
438,-176,7940,-67,92,-108,-2224
502,-220,7882,-71,69,-159,-2176
478,-206,7932,-47,59,-128,-2176
432,-168,7936,-72,48,-148,-2208
412,-220,7886,-53,49,-145,-2160
486,-158,7854,-62,49,-146,-2192
488,-150,7904,-48,76,-148,-2208
474,-246,7958,-87,99,-136,-2176
470,-224,7970,-59,52,-136,-2192
468,-168,7944,-59,83,-128,-2160
470,-230,7938,-52,60,-145,-2192
462,-222,7914,-56,56,-157,-2208
426,-184,7974,-56,80,-147,-2176
452,-188,7920,-53,73,-122,-2192
450,-182,7918,-60,66,-149,-2192
468,-178,7906,-55,44,-148,-2192
428,-158,7908,-76,70,-164,-2176
422,-212,7926,-61,63,-144,-2208
442,-184,7924,-48,58,-134,-2192
408,-180,7932,-80,38,-152,-2192
434,-220,7928,-47,87,-128,-2176
478,-206,7876,-52,51,-164,-2208
486,-186,7868,-74,61,-170,-2160
466,-232,7906,-62,49,-159,-2192
502,-224,7922,-75,63,-141,-2176
438,-218,7940,-66,61,-153,-2208
468,-192,7954,-66,57,-142,-2192
470,-228,7916,-47,67,-159,-2192
454,-154,7940,-45,66,-128,-2192
518,-206,7902,-72,47,-155,-2176
486,-226,7918,-48,53,-143,-2176
416,-200,7902,-54,63,-145,-2208
460,-172,7946,-72,34,-167,-2176
502,-216,7956,-69,51,-127,-2176
482,-146,7934,-69,58,-155,-2208
438,-204,7858,-53,49,-130,-2176
478,-194,7926,-57,39,-155,-2224
470,-184,7952,-48,44,-141,-2224
444,-228,7896,-66,69,-152,-2208
504,-178,7864,-49,32,-158,-2176
450,-230,7960,-65,50,-140,-2176
436,-212,7978,-76,61,-165,-2224
470,-210,7970,-53,59,-158,-2160
502,-210,7928,-70,39,-160,-2176
462,-204,8002,-49,90,-141,-2176
446,-202,7952,-44,39,-156,-2208
446,-258,7892,-65,38,-147,-2192
444,-244,7826,-51,75,-136,-2192
468,-170,7900,-55,50,-135,-2208
430,-190,7966,-63,62,-173,-2176
484,-174,7894,-89,50,-126,-2224
468,-192,7956,-65,70,-134,-2224
474,-164,7966,-74,33,-158,-2224
522,-218,7906,-49,58,-161,-2176
454,-214,7950,-46,52,-136,-2192
460,-238,7954,-74,37,-139,-2192
418,-196,7908,-44,52,-160,-2192
470,-214,7940,-65,48,-167,-2192
482,-174,7948,-45,29,-142,-2208
472,-166,7946,-61,47,-133,-2208
448,-206,7962,-71,49,-149,-2192
428,-234,7938,-81,66,-169,-2192
468,-220,7934,-65,60,-167,-2192
446,-226,7962,-57,44,-169,-2240
466,-172,7854,-63,68,-139,-2160
464,-222,7892,-71,40,-159,-2192
438,-186,7936,-59,77,-142,-2192
458,-188,7962,-59,76,-150,-2208
444,-188,7942,-43,76,-132,-2176
480,-190,7968,-45,52,-147,-2176
476,-170,7930,-68,51,-140,-2192
484,-206,7938,-73,72,-139,-2192
462,-194,7906,-60,41,-149,-2192
454,-196,7896,-50,51,-134,-2192
478,-228,7964,-63,41,-162,-2176
480,-188,7906,-49,68,-153,-2208
456,-196,7968,-60,46,-138,-2208
472,-218,7884,-74,74,-154,-2224
452,-196,7908,-61,49,-164,-2192
456,-256,7914,-60,61,-143,-2176
454,-234,7898,-59,66,-141,-2176
440,-226,7848,-56,63,-145,-2192
404,-162,7920,-67,41,-153,-2224
498,-198,7910,-63,84,-162,-2224
444,-260,7976,-51,56,-129,-2208
528,-210,7936,-57,61,-168,-2176
438,-186,7930,-52,43,-145,-2160
478,-222,7916,-65,76,-126,-2160
452,-198,7924,-59,52,-154,-2192
484,-256,7978,-77,82,-137,-2208
472,-200,7926,-46,69,-132,-2176
452,-194,7908,-58,84,-128,-2192
476,-178,7886,-60,34,-138,-2192
482,-242,7930,-43,59,-137,-2176
482,-216,7882,-80,78,-130,-2176
428,-236,7904,-60,73,-155,-2176
422,-202,7946,-56,87,-126,-2160
462,-188,7878,-57,65,-142,-2192
478,-216,7954,-69,68,-188,-2176
500,-208,7876,-72,50,-147,-2176
466,-232,7906,-45,88,-139,-2176
490,-188,7934,-57,28,-145,-2192
420,-214,7948,-59,65,-128,-2192
470,-226,7966,-69,58,-168,-2176
428,-192,7940,-64,46,-159,-2208
474,-222,7976,-51,60,-141,-2192
424,-216,7880,-68,65,-158,-2192
456,-182,7938,-59,85,-140,-2192
400,-252,7884,-53,44,-161,-2176
434,-214,7924,-60,32,-134,-2176
516,-198,7966,-71,59,-129,-2176
518,-210,7894,-57,76,-153,-2224
416,-216,7898,-67,64,-145,-2192
466,-218,7962,-71,65,-171,-2192
468,-176,7864,-45,49,-135,-2192
446,-190,7954,-62,59,-144,-2208
470,-208,7888,-91,50,-174,-2208
476,-198,7862,-65,70,-145,-2192
452,-192,7904,-48,76,-126,-2192
474,-196,7920,-72,67,-146,-2208
452,-198,7882,-63,60,-154,-2176
450,-168,7882,-72,43,-141,-2224
466,-160,7832,-62,62,-148,-2192
468,-194,7884,-73,55,-166,-2192
406,-236,7924,-60,74,-140,-2176
450,-212,7942,-51,53,-155,-2144
480,-190,7980,-61,57,-141,-2192
492,-186,7888,-50,68,-148,-2192
448,-184,7834,-63,34,-148,-2192
466,-224,7902,-54,47,-136,-2176
452,-214,7898,-47,55,-158,-2176
392,-216,7958,-56,43,-174,-2192
476,-202,7918,-69,62,-143,-2160
482,-168,7882,-50,64,-146,-2192
492,-218,7912,-56,44,-148,-2192
484,-196,7866,-50,67,-142,-2192
546,-200,7964,-44,36,-123,-2176
470,-216,7936,-69,43,-178,-2208
448,-192,7908,-54,59,-139,-2192
460,-180,7940,-65,58,-151,-2160
468,-176,7858,-49,54,-148,-2176
500,-216,7940,-68,53,-155,-2176
436,-190,7914,-66,30,-126,-2176
462,-208,7954,-58,56,-166,-2192
458,-252,7888,-52,78,-136,-2160
482,-194,7904,-57,71,-156,-2208
394,-168,7904,-76,60,-147,-2160
416,-208,7914,-67,71,-148,-2192
482,-186,7990,-71,67,-151,-2192
470,-216,7898,-75,58,-138,-2192
398,-226,7842,-48,53,-145,-2208
444,-206,7874,-67,66,-134,-2208
506,-208,7958,-60,71,-152,-2192
438,-158,7846,-54,43,-157,-2192
492,-212,7858,-51,40,-155,-2192
420,-180,7870,-72,29,-136,-2208
482,-188,7868,-49,67,-154,-2208
458,-178,7912,-67,39,-135,-2224
430,-168,7874,-55,72,-171,-2192
476,-208,7890,-48,69,-162,-2240
478,-222,7902,-59,67,-130,-2208
442,-194,7876,-67,51,-165,-2208
500,-204,7950,-62,42,-149,-2192
452,-190,7906,-60,39,-141,-2192
512,-248,7914,-62,44,-153,-2176
452,-198,7938,-38,68,-139,-2208
410,-218,7930,-75,65,-144,-2176
490,-198,7868,-57,72,-143,-2160
482,-196,7926,-74,48,-135,-2192
450,-216,7922,-57,78,-143,-2208
400,-182,7864,-71,56,-136,-2176
462,-178,7906,-58,56,-167,-2192
482,-220,7942,-44,74,-132,-2192
456,-204,7898,-48,65,-155,-2192
470,-178,7902,-57,80,-130,-2144
482,-172,7916,-58,25,-153,-2176
464,-228,7914,-60,38,-143,-2192
430,-156,7920,-54,71,-150,-2192
486,-224,7888,-73,37,-147,-2192
448,-176,7920,-63,81,-151,-2176
458,-180,7880,-69,57,-159,-2192
480,-198,7834,-73,61,-142,-2192
462,-212,7888,-65,42,-158,-2192
506,-168,7922,-73,73,-153,-2176
520,-174,7930,-58,51,-142,-2160
424,-244,7918,-73,73,-140,-2208
438,-186,7936,-57,71,-154,-2160
470,-194,7918,-58,91,-121,-2208
458,-200,7916,-60,62,-122,-2192
488,-218,7886,-65,67,-146,-2192
404,-254,7908,-53,43,-146,-2176
472,-186,7868,-56,69,-147,-2208
478,-214,7934,-57,52,-148,-2192
434,-226,7994,-44,72,-126,-2160
482,-192,7926,-57,59,-149,-2224
468,-168,7910,-68,47,-134,-2176
470,-212,7892,-62,50,-151,-2192
448,-198,7992,-60,49,-126,-2192
448,-232,7934,-63,42,-141,-2192
446,-182,7876,-53,64,-149,-2192
486,-146,7920,-73,51,-128,-2208
476,-204,7946,-45,73,-157,-2208
486,-210,7900,-66,66,-155,-2192
508,-198,7934,-49,53,-151,-2192
490,-216,7902,-62,62,-141,-2224
440,-208,7898,-62,58,-136,-2240
406,-194,7942,-67,82,-153,-2224
446,-266,7884,-73,74,-130,-2160
454,-148,7992,-59,62,-156,-2192
456,-198,7878,-61,60,-152,-2208
494,-186,7908,-65,43,-125,-2208
430,-218,7958,-72,58,-154,-2208
478,-210,7964,-59,63,-125,-2192
432,-226,7904,-74,57,-156,-2160
486,-170,7952,-46,52,-144,-2208
426,-184,7966,-59,48,-132,-2176
438,-236,7856,-48,76,-164,-2192
438,-202,7868,-69,56,-146,-2192
432,-186,7824,-77,55,-167,-2208
434,-224,7918,-48,42,-163,-2208
446,-242,7894,-59,51,-153,-2176
482,-196,7990,-53,53,-164,-2192
472,-178,7930,-66,72,-150,-2176
472,-170,7886,-68,50,-158,-2144
452,-204,7874,-55,49,-137,-2208
458,-208,7936,-51,53,-122,-2176
442,-234,7876,-53,76,-125,-2176
416,-204,7930,-60,59,-145,-2160
472,-214,7906,-76,65,-145,-2192
474,-230,7916,-59,56,-160,-2144
450,-178,7950,-61,58,-151,-2208
484,-210,7934,-52,41,-135,-2192
470,-106,7886,-54,35,-145,-2224
460,-204,7926,-51,64,-147,-2192
480,-208,7932,-51,59,-169,-2176
484,-218,7868,-66,63,-136,-2208
424,-160,7922,-57,55,-120,-2192
430,-206,7948,-52,54,-149,-2192
392,-248,7928,-49,42,-130,-2208
434,-220,7910,-53,61,-144,-2176
486,-206,7906,-69,56,-156,-2192
492,-216,7886,-53,74,-148,-2192
438,-236,7966,-58,83,-142,-2160
504,-194,7910,-48,49,-121,-2208
474,-248,7924,-80,65,-163,-2208
492,-182,7936,-85,66,-153,-2192
492,-192,7872,-54,59,-147,-2192
444,-212,7922,-63,73,-151,-2176
448,-198,7844,-63,81,-146,-2208
398,-272,7834,-61,70,-144,-2160
454,-218,7900,-62,64,-157,-2192
524,-228,7848,-54,37,-144,-2192
452,-252,7912,-48,83,-141,-2208
492,-206,7938,-64,58,-138,-2208
432,-248,7926,-55,56,-134,-2160
482,-242,7926,-53,54,-140,-2192
482,-184,7890,-65,80,-139,-2192
480,-262,7926,-57,51,-136,-2176
452,-216,7930,-65,54,-154,-2224
474,-210,7964,-59,32,-152,-2176
506,-216,7882,-52,59,-140,-2208
470,-228,7914,-36,75,-156,-2176
428,-190,7946,-58,61,-126,-2176
496,-220,7954,-63,47,-168,-2208
472,-162,7858,-61,64,-162,-2224
464,-180,7976,-57,65,-136,-2192
478,-216,7914,-56,54,-148,-2208
478,-194,7954,-54,52,-135,-2208
464,-168,7934,-60,65,-124,-2160
426,-234,7932,-59,58,-158,-2192
428,-204,7872,-62,66,-156,-2160
462,-184,7890,-68,43,-140,-2176
456,-256,7932,-53,65,-140,-2176
424,-180,7864,-62,48,-120,-2192
436,-214,7920,-48,41,-155,-2192
448,-154,7898,-48,55,-130,-2192
482,-166,7938,-57,58,-169,-2208
442,-176,7940,-84,76,-140,-2224
424,-212,7938,-63,55,-131,-2192
460,-200,7966,-74,65,-148,-2192
474,-216,7970,-64,26,-164,-2224
438,-252,7918,-48,69,-141,-2176
506,-226,7940,-63,71,-153,-2176
472,-176,7892,-56,62,-158,-2192
458,-218,7942,-65,61,-141,-2192
466,-182,7904,-59,64,-168,-2208
444,-220,7910,-56,52,-151,-2176
410,-240,7892,-66,88,-163,-2192
456,-186,7876,-53,71,-171,-2192
448,-236,7952,-62,58,-148,-2192
444,-188,7932,-52,56,-156,-2176
482,-180,7936,-55,52,-137,-2176
474,-184,7864,-70,36,-143,-2192
430,-206,7862,-44,50,-142,-2192
446,-208,7986,-60,38,-152,-2224
472,-162,7894,-50,79,-141,-2208
488,-168,7916,-66,67,-161,-2208
480,-172,7924,-73,61,-147,-2192
466,-170,7900,-51,45,-163,-2192
500,-186,7920,-61,61,-149,-2192
454,-232,7998,-61,66,-143,-2192
408,-260,7874,-52,38,-149,-2176
456,-170,7916,-65,56,-151,-2208
464,-208,7812,-67,51,-140,-2176
450,-186,7894,-65,67,-152,-2192
452,-184,7900,-47,62,-148,-2192
448,-200,7904,-53,86,-148,-2176
464,-198,7964,-68,23,-133,-2160
446,-252,7900,-58,39,-134,-2192
438,-220,7922,-58,60,-137,-2192
440,-250,7946,-66,67,-138,-2160
450,-212,7906,-63,62,-143,-2208
468,-164,7896,-50,43,-131,-2176
462,-188,7916,-66,58,-144,-2128
484,-208,7920,-63,60,-124,-2160
464,-212,7942,-69,49,-149,-2192
456,-180,7966,-70,78,-151,-2176
456,-208,7864,-67,67,-149,-2192
456,-196,7882,-54,63,-157,-2192
502,-214,7936,-40,67,-146,-2192
490,-180,7938,-72,61,-161,-2208
426,-162,7936,-70,9,-146,-2176
472,-192,7818,-76,69,-137,-2208
470,-196,7940,-59,43,-156,-2208
474,-188,7882,-64,69,-137,-2192
478,-218,7852,-52,51,-130,-2160
426,-216,7890,-59,77,-149,-2176
454,-222,7860,-79,49,-149,-2208
530,-222,7906,-46,71,-141,-2176
476,-216,7914,-47,46,-150,-2160
456,-184,7912,-60,71,-138,-2192
490,-222,7916,-61,74,-134,-2176
428,-198,7876,-63,61,-144,-2192
420,-228,7874,-73,31,-135,-2160
460,-222,7958,-34,54,-142,-2208
486,-172,7872,-79,66,-125,-2192
468,-182,7968,-50,65,-158,-2160
402,-202,7888,-77,41,-128,-2224
434,-220,7952,-62,89,-151,-2208
454,-166,7976,-81,65,-150,-2208
468,-192,7956,-70,46,-149,-2176
428,-188,7976,-63,85,-143,-2160
462,-164,7988,-50,32,-131,-2160
452,-210,7924,-69,49,-158,-2192
410,-192,7892,-61,55,-166,-2208
518,-246,7862,-65,65,-136,-2176
426,-232,8002,-66,57,-156,-2192
434,-192,7898,-41,48,-148,-2160
438,-198,7932,-57,47,-127,-2208
444,-236,7882,-59,50,-152,-2208
472,-192,7834,-47,61,-162,-2144
476,-184,7934,-59,71,-154,-2160
486,-262,7952,-71,49,-141,-2192
438,-172,7906,-61,73,-166,-2176
480,-208,7930,-65,68,-124,-2176
462,-212,7876,-47,54,-164,-2176
438,-178,7996,-60,41,-137,-2192
476,-194,7910,-76,52,-142,-2160
432,-178,7924,-64,58,-148,-2176
486,-192,7954,-55,72,-141,-2160
502,-226,7914,-65,47,-119,-2192
444,-186,7900,-58,63,-183,-2192
434,-192,7848,-64,23,-159,-2192
428,-196,7888,-55,64,-119,-2208
450,-220,7936,-72,52,-152,-2176
466,-210,7934,-51,66,-155,-2192
418,-210,7902,-67,73,-149,-2192
512,-206,7918,-46,76,-145,-2192
454,-240,7940,-60,66,-148,-2176
476,-230,7948,-37,58,-153,-2192
512,-182,7892,-63,87,-169,-2160
470,-162,7890,-52,80,-177,-2176
418,-246,7976,-63,56,-163,-2192
508,-208,7918,-58,51,-152,-2208
452,-160,7860,-59,51,-134,-2224
412,-214,7940,-68,27,-158,-2192
428,-180,7928,-53,70,-152,-2176
456,-214,7944,-50,45,-156,-2176
494,-208,7802,-56,62,-133,-2192
504,-188,7854,-47,63,-149,-2160
518,-188,7900,-91,61,-130,-2160
448,-184,7936,-51,52,-170,-2208
464,-192,7930,-71,48,-150,-2192
446,-210,7816,-61,44,-138,-2224
472,-178,7886,-66,61,-151,-2160
472,-178,7854,-46,76,-156,-2224
480,-210,7940,-49,71,-127,-2208
474,-210,7854,-60,83,-130,-2176
448,-222,7866,-55,47,-162,-2192
452,-282,7890,-49,39,-141,-2192
434,-196,7912,-45,61,-134,-2208
440,-186,7870,-86,58,-158,-2176
450,-186,7906,-60,54,-168,-2192
508,-216,7952,-58,71,-148,-2192
452,-210,7840,-54,78,-145,-2160
516,-238,7928,-58,62,-162,-2176
440,-242,8000,-53,41,-138,-2176
400,-242,7940,-70,51,-148,-2192
442,-194,7876,-56,42,-119,-2192
412,-210,7888,-53,56,-168,-2208
434,-198,7824,-55,88,-131,-2176
464,-224,7972,-44,58,-166,-2176
452,-216,7884,-67,47,-151,-2192
508,-230,7868,-66,69,-165,-2192
434,-258,7908,-48,62,-129,-2176
504,-168,7930,-51,53,-157,-2208
448,-222,7854,-63,55,-145,-2224
448,-190,7926,-54,63,-144,-2192
438,-186,7946,-83,56,-157,-2192
448,-192,7886,-66,54,-152,-2176
500,-212,7912,-64,42,-153,-2176
460,-222,7890,-52,84,-136,-2208
454,-200,7950,-63,49,-163,-2176
452,-226,7858,-52,91,-147,-2160
518,-182,7910,-56,89,-155,-2192
474,-198,7904,-56,58,-164,-2208
438,-216,7974,-93,86,-131,-2176
486,-162,7922,-64,39,-151,-2192
474,-220,7928,-53,75,-135,-2160
432,-248,7908,-67,65,-147,-2176
452,-150,7946,-59,74,-153,-2176
518,-152,7896,-63,58,-157,-2176
408,-240,7924,-55,78,-154,-2224
418,-208,7948,-75,79,-132,-2208
422,-222,7870,-46,27,-148,-2176
452,-154,7908,-77,55,-145,-2224
458,-180,7854,-65,67,-155,-2192
416,-200,7870,-67,70,-123,-2192
488,-164,7912,-60,57,-145,-2208
468,-192,7922,-62,58,-144,-2176
468,-204,7906,-67,46,-142,-2192
444,-158,7866,-52,50,-157,-2192
464,-202,7934,-53,55,-134,-2192
454,-212,7922,-55,49,-162,-2208
526,-198,7924,-70,71,-130,-2208
438,-236,7890,-75,41,-146,-2192
504,-160,7846,-57,46,-171,-2192
482,-208,8018,-59,56,-143,-2176
454,-198,7966,-64,41,-139,-2208
470,-186,7856,-61,61,-151,-2176
432,-204,7964,-60,69,-150,-2160
436,-250,7970,-57,70,-137,-2224
470,-212,7894,-71,92,-129,-2208
500,-182,7880,-77,65,-160,-2176
494,-226,7924,-77,40,-147,-2192
482,-194,7928,-65,53,-144,-2192
420,-170,7924,-78,59,-161,-2160
440,-184,7878,-45,69,-129,-2192
490,-182,7968,-72,89,-158,-2176
434,-192,7936,-34,37,-143,-2176
508,-182,7900,-46,46,-171,-2192
488,-196,7890,-77,53,-156,-2192
460,-222,7854,-41,50,-167,-2176
442,-224,7918,-52,38,-163,-2144
436,-226,7914,-68,73,-143,-2192
462,-186,7914,-64,50,-143,-2192
460,-186,7954,-81,74,-129,-2192
444,-198,7946,-69,46,-152,-2176
456,-178,7918,-67,47,-147,-2208
464,-192,7888,-74,66,-155,-2192
504,-212,7920,-59,46,-148,-2192
462,-252,7958,-72,72,-135,-2176
476,-188,7934,-61,72,-138,-2192
452,-222,7926,-45,51,-159,-2192
484,-222,7938,-60,69,-140,-2224
456,-214,7932,-58,39,-133,-2176
494,-222,7854,-77,59,-142,-2176
434,-202,7858,-53,57,-157,-2160
462,-144,7934,-73,74,-165,-2192
388,-226,7876,-76,45,-154,-2160
490,-182,7898,-64,71,-169,-2208
436,-184,7874,-68,43,-140,-2208
486,-224,7884,-68,41,-141,-2192
498,-230,7906,-52,70,-160,-2192
460,-186,7906,-68,46,-129,-2176
420,-202,7900,-50,52,-151,-2208
456,-212,7862,-69,57,-154,-2240
428,-164,7922,-48,66,-133,-2192
462,-220,7946,-59,63,-140,-2192
420,-196,7848,-56,48,-126,-2208
484,-234,7858,-77,50,-145,-2208
486,-254,7900,-55,50,-161,-2176
482,-172,7834,-52,40,-163,-2160
414,-238,7902,-62,68,-147,-2176
482,-200,7898,-64,63,-157,-2208
460,-166,7946,-49,29,-132,-2176
462,-220,7940,-62,71,-144,-2192
452,-132,7964,-58,36,-136,-2192
476,-136,7890,-53,55,-158,-2160
482,-196,7946,-39,73,-142,-2176
480,-224,7970,-68,56,-137,-2176
468,-204,7912,-63,70,-145,-2160
430,-186,7960,-58,42,-137,-2192
444,-202,7936,-82,88,-145,-2192
474,-156,7892,-59,67,-144,-2208
452,-196,7906,-65,94,-140,-2176
472,-254,7902,-72,64,-136,-2192
466,-194,7852,-61,55,-149,-2192
452,-232,7896,-55,66,-163,-2192
416,-192,7926,-65,60,-143,-2176
446,-148,7868,-58,67,-158,-2176
470,-228,7968,-64,51,-155,-2192
424,-236,7902,-51,74,-134,-2192
534,-240,7940,-55,69,-134,-2144
444,-186,7906,-67,68,-136,-2176
428,-206,7824,-48,51,-141,-2208
482,-198,7936,-64,56,-123,-2192
444,-242,7962,-77,82,-163,-2192
480,-196,7924,-77,51,-151,-2176
462,-172,7928,-73,45,-122,-2176
404,-214,7958,-58,51,-136,-2192
488,-174,7976,-59,51,-147,-2192
520,-190,7946,-62,57,-159,-2192
438,-206,7932,-48,56,-146,-2176
468,-168,7976,-52,51,-150,-2176
466,-206,7938,-71,44,-152,-2192
448,-196,7910,-56,62,-161,-2192
522,-210,7908,-56,63,-153,-2176
456,-192,7938,-74,33,-143,-2176
460,-236,7884,-52,66,-132,-2192
500,-182,7948,-74,64,-160,-2192
466,-212,7942,-63,51,-156,-2192
434,-228,7908,-76,59,-142,-2208
460,-216,7932,-53,69,-147,-2208
450,-160,7856,-85,66,-139,-2176
494,-226,7922,-71,84,-166,-2176
460,-176,7952,-75,45,-145,-2192
476,-216,7866,-63,54,-139,-2192
438,-172,7888,-51,62,-168,-2176
460,-146,7866,-71,70,-111,-2176
476,-210,7912,-50,71,-150,-2176
444,-154,7904,-65,61,-136,-2192
532,-140,7898,-63,78,-153,-2192
448,-250,7926,-48,43,-163,-2176
464,-208,7918,-60,55,-149,-2192
408,-186,7942,-76,59,-159,-2192
444,-190,7984,-55,39,-126,-2160
466,-176,7960,-60,57,-160,-2192
474,-200,7936,-68,75,-137,-2208
472,-210,7942,-54,38,-164,-2176
454,-206,7944,-64,49,-158,-2192
490,-284,8016,-54,57,-131,-2192
458,-212,7914,-64,50,-147,-2176
502,-186,7886,-46,55,-140,-2208
438,-182,7890,-78,61,-158,-2208
554,-192,7922,-48,77,-157,-2176
502,-180,7922,-71,65,-137,-2176
452,-186,7922,-54,71,-148,-2160
482,-196,7972,-61,52,-114,-2192
492,-212,7934,-65,51,-150,-2224
468,-172,7912,-75,78,-158,-2176
444,-136,7892,-71,65,-136,-2176
438,-176,7918,-69,58,-118,-2192
424,-236,7912,-67,65,-154,-2192
448,-230,7884,-66,55,-139,-2192
516,-164,7898,-69,31,-154,-2176
508,-206,7926,-58,75,-141,-2208
412,-216,7928,-49,55,-146,-2192
458,-240,7932,-65,71,-138,-2176
436,-226,7918,-44,64,-151,-2192
500,-218,7966,-75,48,-128,-2224
500,-232,7870,-61,59,-138,-2160
390,-216,7902,-68,81,-161,-2176
470,-264,7874,-50,76,-172,-2208
444,-194,7902,-64,54,-138,-2192
458,-192,7976,-67,73,-174,-2160
470,-196,7898,-44,47,-167,-2176
468,-236,7860,-71,47,-118,-2208
452,-184,7930,-76,63,-145,-2208
438,-226,7868,-63,57,-139,-2192
438,-190,7882,-63,69,-146,-2224
470,-226,7880,-69,71,-124,-2208
448,-174,7956,-57,56,-161,-2208
456,-178,7926,-62,51,-151,-2176
502,-208,7890,-78,59,-146,-2192
480,-182,7936,-47,34,-165,-2192
412,-180,7908,-57,70,-130,-2208
470,-204,7934,-75,65,-147,-2208
482,-190,7910,-67,53,-163,-2160
464,-262,7868,-84,44,-134,-2160
466,-206,7940,-57,41,-148,-2192
484,-172,7954,-49,60,-144,-2176
476,-164,7936,-66,34,-145,-2192
478,-266,7962,-51,81,-153,-2192
452,-212,7892,-67,46,-141,-2160
522,-196,7924,-87,61,-165,-2192
436,-222,7906,-66,80,-140,-2208
470,-220,7938,-58,86,-136,-2208
458,-224,7924,-71,55,-139,-2192
486,-180,7870,-59,45,-153,-2192
516,-208,7890,-81,69,-138,-2176
482,-194,7914,-58,73,-148,-2176
474,-196,7904,-69,72,-123,-2160
474,-254,7972,-53,77,-159,-2192
456,-266,7934,-63,72,-133,-2176
492,-226,7892,-55,51,-146,-2176
430,-220,7942,-77,47,-148,-2176
468,-248,7920,-62,63,-157,-2160
514,-226,7874,-68,53,-124,-2176
460,-228,7876,-56,44,-161,-2192
462,-198,7894,-65,81,-137,-2160
438,-188,7870,-44,63,-146,-2144
464,-238,7928,-65,76,-146,-2176
434,-216,7856,-74,57,-133,-2192
430,-186,7914,-45,63,-154,-2192
442,-192,7936,-70,50,-134,-2224
488,-200,7904,-58,66,-174,-2176
492,-184,7896,-62,60,-140,-2192
460,-130,7992,-57,67,-155,-2160
466,-210,7908,-48,64,-157,-2224
450,-162,7942,-82,49,-137,-2192
448,-194,7874,-64,38,-156,-2176
490,-236,7886,-58,51,-157,-2176
450,-214,7956,-47,69,-143,-2160
462,-196,7876,-79,56,-125,-2192
436,-186,7910,-70,71,-156,-2208
418,-192,7938,-52,47,-151,-2176
486,-176,7938,-74,44,-166,-2160
438,-192,7954,-51,56,-147,-2192
420,-178,7924,-82,64,-145,-2160
430,-214,7906,-70,50,-140,-2208
414,-194,7862,-59,49,-159,-2176
470,-192,7926,-51,59,-154,-2176
440,-192,7862,-61,78,-156,-2192
440,-208,7868,-54,46,-154,-2192
496,-192,7902,-72,66,-161,-2176
456,-200,7952,-55,38,-119,-2208
474,-176,7936,-75,65,-160,-2224
402,-228,7842,-51,79,-140,-2192
438,-166,7920,-60,63,-134,-2176
500,-236,7866,-58,71,-154,-2176
456,-216,7912,-52,25,-153,-2176
500,-182,7940,-62,87,-163,-2224
478,-190,7932,-55,55,-111,-2176
474,-212,7814,-58,59,-165,-2192
456,-222,7878,-59,50,-160,-2160
480,-212,7922,-66,65,-111,-2192
488,-192,7890,-56,66,-141,-2160
414,-216,7882,-68,69,-169,-2176
484,-198,7890,-68,71,-127,-2208
512,-192,7956,-72,69,-137,-2192
500,-200,7858,-62,73,-143,-2192
468,-232,7920,-59,64,-154,-2192
454,-218,7908,-56,68,-134,-2176
424,-242,7878,-54,12,-143,-2192
430,-182,7854,-86,69,-162,-2192
466,-186,7922,-35,42,-131,-2192
448,-184,7904,-67,71,-143,-2176
432,-216,7826,-42,48,-130,-2176
502,-202,7934,-51,52,-161,-2224
478,-174,7920,-68,66,-123,-2160
462,-202,7966,-68,32,-155,-2160
440,-250,7948,-63,51,-140,-2176
462,-236,7890,-71,77,-158,-2176
430,-152,7874,-57,61,-148,-2192
432,-226,7866,-52,69,-129,-2160
526,-166,7918,-55,51,-134,-2176
492,-192,8002,-73,62,-143,-2176
428,-192,7870,-63,61,-134,-2176
466,-170,7930,-57,63,-144,-2192
448,-214,7876,-73,62,-141,-2224
426,-190,7952,-56,75,-138,-2176
482,-214,7924,-62,69,-167,-2208
448,-198,7910,-65,75,-139,-2176
410,-184,7880,-61,25,-130,-2224
468,-190,7966,-60,67,-156,-2192
474,-212,7896,-54,40,-168,-2208
454,-182,7880,-59,38,-145,-2176
500,-222,7962,-56,43,-154,-2224
390,-194,7934,-62,58,-160,-2192
412,-196,7880,-70,57,-140,-2192
484,-244,7904,-63,52,-131,-2176
404,-204,7858,-64,41,-131,-2176
512,-228,7888,-53,64,-151,-2176
466,-194,7898,-51,67,-146,-2176
422,-214,7882,-58,36,-135,-2224
458,-176,7890,-61,60,-143,-2192
488,-204,7940,-67,62,-160,-2208
478,-142,7862,-52,21,-140,-2176
420,-188,7914,-55,46,-141,-2224
470,-162,7828,-70,67,-150,-2192
480,-224,7884,-50,64,-154,-2208
512,-196,7958,-62,57,-131,-2208
468,-206,7884,-42,44,-131,-2176
470,-226,7936,-70,50,-146,-2192
424,-138,7910,-48,46,-134,-2224
460,-182,7958,-61,34,-131,-2176
422,-202,7926,-64,73,-138,-2208
464,-234,7918,-24,62,-157,-2176
456,-204,7980,-64,45,-154,-2160
512,-224,7924,-57,64,-155,-2192
448,-200,7890,-76,44,-145,-2176
458,-226,8000,-48,36,-149,-2176
440,-226,7930,-50,47,-125,-2192
458,-182,7958,-56,68,-160,-2160
450,-226,7856,-59,55,-131,-2224
458,-176,7964,-53,40,-151,-2176
440,-182,7924,-66,54,-132,-2176
510,-212,7898,-45,60,-137,-2208
410,-182,7996,-64,52,-135,-2192
444,-248,7856,-64,36,-130,-2192
488,-274,7958,-67,82,-158,-2208
430,-206,7870,-54,65,-140,-2208
440,-178,7922,-84,49,-154,-2208
508,-176,7904,-64,72,-151,-2192
488,-214,7912,-80,75,-138,-2192
408,-190,7820,-51,45,-133,-2176
452,-220,7916,-61,50,-159,-2176
436,-230,7914,-84,47,-121,-2192
456,-218,7934,-69,50,-150,-2208
408,-224,7946,-70,65,-154,-2208
472,-210,7944,-67,67,-141,-2192
460,-200,7940,-64,40,-143,-2224
482,-182,7946,-62,37,-155,-2160
444,-174,7910,-72,76,-142,-2176
454,-226,7940,-50,52,-144,-2176
408,-226,7920,-72,50,-137,-2192
438,-250,7926,-49,64,-150,-2160
470,-158,7816,-52,59,-139,-2160
450,-168,7906,-86,58,-146,-2208
474,-204,7854,-54,46,-155,-2208
460,-204,7894,-54,65,-161,-2192
500,-218,7920,-42,52,-145,-2160
466,-130,7878,-54,62,-143,-2224
400,-236,7972,-60,48,-138,-2176
480,-162,7876,-56,54,-142,-2176
436,-182,7904,-51,48,-137,-2192
480,-194,7878,-67,40,-135,-2192
516,-186,7898,-48,80,-155,-2192
470,-200,7880,-75,64,-142,-2176
454,-192,7912,-65,53,-149,-2176
474,-192,7932,-68,78,-134,-2160
474,-164,7912,-48,63,-140,-2192
474,-186,7948,-46,49,-141,-2176
516,-178,7926,-61,56,-142,-2176
472,-166,7890,-66,71,-144,-2176
474,-202,7932,-77,59,-152,-2224
484,-238,7934,-48,39,-152,-2192
428,-226,7964,-58,81,-133,-2176
456,-216,7976,-79,38,-152,-2176
446,-202,7876,-75,59,-134,-2192
484,-204,7816,-64,61,-141,-2192
494,-228,7918,-63,55,-161,-2192
452,-208,7908,-44,60,-130,-2176
472,-202,7912,-61,76,-141,-2192
438,-156,7886,-64,52,-154,-2192
488,-232,7908,-57,54,-168,-2192
526,-190,7880,-68,43,-143,-2192
510,-202,7896,-69,49,-149,-2192
476,-172,7900,-51,59,-126,-2176
470,-148,7916,-88,60,-152,-2208
436,-196,7854,-56,56,-158,-2192
446,-170,7928,-68,59,-142,-2192
470,-190,7890,-60,43,-145,-2160
456,-204,7928,-85,55,-110,-2176
430,-144,7882,-55,40,-156,-2176
474,-232,7932,-71,72,-163,-2192
490,-214,7874,-63,65,-145,-2192
466,-196,7954,-53,65,-118,-2160
510,-168,7924,-63,73,-146,-2192
452,-174,7906,-60,71,-148,-2160
512,-198,7946,-68,35,-136,-2192
442,-252,7924,-50,54,-158,-2176
474,-248,7904,-45,66,-140,-2224
456,-222,7890,-53,45,-132,-2192
478,-198,7930,-68,85,-152,-2192
446,-166,7934,-78,62,-169,-2176
452,-182,7874,-66,30,-143,-2176
514,-272,7842,-74,63,-139,-2208
504,-188,7856,-54,48,-156,-2192
470,-176,7884,-50,53,-146,-2192
490,-188,7944,-51,75,-158,-2208
440,-238,7986,-45,30,-137,-2176
424,-216,7830,-79,63,-153,-2160
474,-224,7890,-41,54,-147,-2160
450,-172,7900,-75,31,-131,-2176
424,-194,7904,-40,64,-158,-2176
460,-188,7956,-78,56,-143,-2176
448,-228,7942,-59,57,-142,-2192
456,-208,7868,-58,57,-149,-2192
470,-186,7884,-49,55,-168,-2144
528,-238,7928,-69,70,-122,-2160
506,-142,7946,-51,70,-156,-2192
462,-206,7940,-81,37,-145,-2192
490,-202,7918,-72,79,-128,-2192
486,-210,7962,-53,51,-146,-2144
456,-234,7978,-51,55,-153,-2176
520,-230,7892,-73,42,-148,-2208
440,-180,7906,-59,71,-143,-2160
496,-166,7876,-61,35,-151,-2160
482,-192,7952,-57,51,-137,-2192
456,-156,7878,-40,59,-123,-2208
484,-198,7902,-56,45,-150,-2176
444,-188,7858,-50,60,-141,-2208
508,-154,7940,-84,31,-138,-2160
496,-224,7898,-47,56,-138,-2192
454,-176,7908,-45,77,-130,-2208
514,-218,7962,-70,54,-168,-2176
462,-168,7940,-85,92,-147,-2192
412,-146,7902,-65,40,-150,-2192
466,-220,7920,-62,70,-149,-2192
420,-210,7908,-55,40,-157,-2192
400,-206,7922,-47,24,-159,-2176
456,-222,7908,-68,45,-138,-2176
496,-136,7950,-57,61,-141,-2192
440,-184,7924,-39,66,-170,-2160
448,-198,7992,-72,76,-150,-2192
450,-252,7918,-72,81,-154,-2208
458,-180,7884,-69,75,-146,-2160
462,-256,7912,-37,46,-133,-2192
478,-182,7890,-80,37,-159,-2192
538,-200,7906,-68,59,-139,-2208
462,-178,7928,-57,68,-144,-2176
464,-206,7962,-74,82,-137,-2208
464,-200,7916,-41,68,-141,-2192
452,-198,7878,-50,35,-149,-2192
434,-142,7908,-58,77,-139,-2176
472,-180,7904,-38,42,-133,-2176
458,-158,7886,-66,63,-184,-2176
426,-160,7918,-56,53,-142,-2176
434,-228,7942,-46,52,-151,-2192
458,-212,7894,-82,74,-144,-2192
450,-230,7910,-50,44,-137,-2176
430,-156,7898,-57,67,-157,-2176
506,-212,7936,-61,48,-134,-2176
446,-202,7928,-48,74,-154,-2176
454,-146,7892,-44,62,-140,-2160
470,-204,7906,-63,59,-152,-2160
458,-156,7934,-74,67,-129,-2144
460,-218,7882,-48,57,-153,-2176
462,-170,7910,-61,42,-145,-2176
458,-172,7936,-57,60,-143,-2192
504,-174,7866,-42,47,-154,-2192
438,-182,7964,-48,72,-153,-2176
500,-206,7922,-50,79,-146,-2176
454,-188,7932,-47,70,-140,-2192
504,-198,7902,-71,52,-130,-2192
490,-158,7986,-56,50,-163,-2192
466,-188,7918,-45,64,-134,-2176
474,-208,7958,-66,64,-145,-2192
440,-144,7938,-70,71,-138,-2192
462,-234,7962,-59,52,-140,-2160
440,-196,7846,-79,70,-156,-2192
420,-202,7964,-43,58,-128,-2176
456,-180,7844,-73,53,-162,-2176
510,-228,7956,-52,66,-156,-2192
478,-170,7954,-41,45,-142,-2192
482,-172,7886,-57,59,-160,-2208
474,-148,7954,-52,48,-125,-2208
454,-242,7932,-64,60,-142,-2192
444,-172,7884,-68,54,-156,-2192
436,-192,7922,-67,53,-158,-2192
458,-222,7936,-70,43,-127,-2144
452,-144,7948,-49,62,-154,-2176
462,-190,7914,-56,51,-151,-2192
420,-170,7910,-68,81,-123,-2192
448,-136,7950,-56,60,-136,-2192
474,-190,7892,-53,64,-172,-2208
412,-234,7842,-42,68,-135,-2176
428,-204,7934,-68,59,-154,-2192
450,-266,7898,-63,62,-123,-2176
468,-172,7916,-62,48,-146,-2176
436,-188,8048,-62,86,-148,-2192
426,-248,7924,-61,76,-150,-2208
442,-212,7948,-50,48,-159,-2176
460,-202,7974,-67,66,-144,-2160
436,-192,7912,-61,56,-154,-2192
462,-170,7898,-64,59,-175,-2160
466,-214,7864,-46,69,-162,-2208
462,-206,7958,-60,54,-146,-2176
490,-182,7874,-63,74,-122,-2160
482,-202,7916,-47,70,-152,-2160
456,-180,7888,-68,64,-134,-2192
464,-216,7854,-72,62,-125,-2176
492,-232,7932,-75,56,-150,-2208
476,-228,7896,-63,49,-146,-2160
522,-174,7950,-72,54,-115,-2192
456,-220,7908,-52,55,-159,-2160
418,-186,7878,-44,74,-163,-2208
430,-246,7946,-63,50,-144,-2176
434,-228,7912,-33,62,-144,-2192
444,-204,7898,-55,78,-148,-2192
454,-220,7854,-42,62,-153,-2176
504,-206,7836,-71,50,-137,-2208
490,-190,7898,-63,71,-139,-2192
458,-174,7912,-69,49,-171,-2192
460,-202,7846,-41,37,-143,-2176
478,-210,7966,-68,43,-129,-2176
408,-216,7912,-69,56,-156,-2208
484,-194,7896,-69,69,-157,-2192
500,-202,7872,-60,54,-149,-2192
438,-212,7940,-62,63,-126,-2176
480,-172,7920,-71,49,-147,-2208
446,-208,7862,-67,29,-134,-2192
468,-222,7880,-56,68,-147,-2160
422,-176,7914,-51,59,-140,-2192
490,-226,7958,-66,77,-157,-2208
462,-176,7872,-54,78,-137,-2160
448,-240,7884,-55,58,-147,-2192
452,-152,7944,-53,18,-131,-2192
478,-182,7942,-78,42,-144,-2176
432,-192,7934,-56,62,-159,-2208
468,-178,7950,-68,50,-136,-2208
450,-232,7854,-55,49,-146,-2192
472,-226,7906,-70,76,-157,-2224
502,-228,7964,-55,63,-156,-2208
426,-232,7962,-52,64,-143,-2176
444,-226,7872,-59,45,-160,-2208
478,-188,7960,-66,92,-164,-2160
416,-218,7902,-73,75,-165,-2160
470,-186,7920,-45,39,-149,-2208
488,-198,7888,-59,56,-147,-2240
464,-198,7896,-51,37,-156,-2192
474,-220,8002,-61,73,-141,-2224
438,-220,7906,-44,67,-159,-2192
436,-188,7872,-76,62,-160,-2176
462,-192,7928,-57,62,-146,-2192
438,-164,7972,-51,88,-132,-2192
440,-176,7888,-59,60,-147,-2192
480,-186,7880,-74,23,-136,-2192
508,-226,7918,-50,38,-148,-2176
450,-182,7928,-62,73,-143,-2208
460,-150,7862,-69,64,-124,-2192
454,-232,7892,-60,66,-137,-2224
444,-204,7912,-56,48,-142,-2176
458,-180,7874,-60,70,-157,-2176
452,-192,7874,-59,57,-159,-2160
524,-196,7892,-39,24,-121,-2192
458,-212,7916,-80,74,-160,-2192
480,-218,7930,-67,38,-168,-2176
460,-236,7920,-63,64,-128,-2176
444,-172,7930,-50,66,-149,-2224
456,-164,7866,-54,57,-133,-2224
496,-190,7960,-62,61,-146,-2224
434,-202,7934,-50,34,-136,-2208
434,-224,7952,-33,37,-142,-2208
512,-212,7916,-55,49,-156,-2192
460,-196,7940,-69,43,-118,-2208
496,-256,7888,-39,87,-146,-2192
508,-220,7990,-80,57,-147,-2160
460,-166,7964,-61,72,-163,-2208
496,-192,7908,-46,47,-142,-2176
470,-200,7882,-90,65,-137,-2208
496,-190,7874,-60,47,-157,-2192
448,-188,7888,-59,63,-156,-2192
480,-230,7978,-49,45,-142,-2176
434,-192,7976,-64,54,-137,-2192
464,-152,7944,-46,25,-125,-2192
498,-168,7946,-62,72,-129,-2192
480,-206,7946,-63,58,-142,-2224
438,-186,7844,-51,42,-129,-2208
466,-224,7922,-63,62,-141,-2176
494,-222,7840,-53,64,-130,-2192
450,-174,7872,-63,34,-170,-2224
464,-156,7934,-69,76,-147,-2208
424,-220,8010,-60,66,-136,-2208
496,-236,7920,-59,51,-149,-2192
482,-216,7886,-52,34,-152,-2192
470,-192,7942,-66,85,-154,-2192
444,-216,7962,-71,55,-133,-2176
424,-240,7934,-54,68,-147,-2176
470,-262,7880,-68,48,-130,-2192
454,-192,7920,-64,38,-133,-2224
454,-232,7892,-63,46,-134,-2192
480,-216,7922,-65,71,-182,-2160
478,-194,7914,-58,57,-128,-2144
508,-180,7888,-55,75,-137,-2176
476,-158,7836,-51,64,-155,-2192
426,-180,7934,-62,54,-152,-2192
432,-148,7856,-59,39,-142,-2192
528,-162,7930,-54,38,-151,-2176
444,-198,7892,-49,61,-156,-2160
434,-214,7924,-58,74,-122,-2192
462,-176,7902,-59,65,-160,-2176
514,-192,7874,-48,29,-131,-2176
480,-214,7938,-75,62,-151,-2208
460,-198,7880,-50,27,-151,-2176
476,-246,7896,-40,39,-150,-2176
442,-204,7926,-56,74,-152,-2192
434,-192,7954,-62,60,-152,-2192
470,-180,7966,-67,52,-142,-2192
442,-228,7902,-60,60,-124,-2176
420,-208,7962,-79,56,-146,-2192
462,-192,7916,-68,44,-154,-2192
454,-182,7916,-58,41,-173,-2192
414,-238,7924,-68,79,-154,-2208
460,-254,7902,-61,40,-132,-2208
442,-170,7946,-63,49,-151,-2176
448,-174,7962,-36,48,-146,-2192
490,-208,7910,-68,34,-145,-2192
482,-192,7912,-73,68,-148,-2208
474,-256,7896,-47,46,-163,-2176
444,-260,7868,-71,72,-139,-2192
420,-198,7988,-51,50,-135,-2160
456,-174,7982,-68,67,-154,-2176
434,-200,7958,-55,57,-147,-2208
458,-182,7906,-75,50,-139,-2192
478,-204,7912,-71,58,-136,-2160
438,-202,7904,-50,45,-140,-2160
494,-190,7936,-68,83,-149,-2176
446,-152,7962,-43,62,-154,-2208
460,-208,7966,-73,43,-167,-2176
500,-176,7934,-46,58,-150,-2192
444,-212,7962,-54,60,-131,-2160
496,-192,7960,-66,59,-140,-2176
506,-200,7844,-55,60,-125,-2176
432,-174,7956,-57,76,-149,-2192
422,-158,7922,-50,54,-144,-2160
442,-204,7896,-60,81,-140,-2192
472,-214,7888,-57,48,-145,-2176
460,-242,7900,-60,58,-139,-2224
460,-258,7946,-66,54,-132,-2192
412,-184,7864,-53,63,-176,-2208
490,-194,7872,-53,47,-134,-2208
460,-228,7882,-88,84,-144,-2160
500,-254,7832,-61,41,-137,-2192
444,-198,7916,-69,64,-143,-2192
490,-244,7850,-65,30,-135,-2144
428,-204,7888,-55,70,-153,-2176
498,-226,7884,-68,57,-125,-2176
432,-194,7928,-64,84,-159,-2192
456,-206,7996,-65,40,-135,-2192
446,-154,7910,-74,69,-153,-2208
436,-230,7842,-71,30,-142,-2176
468,-194,7888,-68,74,-133,-2192
468,-198,7870,-76,56,-145,-2192
466,-240,7904,-55,48,-160,-2192
450,-214,7856,-76,72,-137,-2208
426,-178,7866,-50,51,-151,-2176
474,-160,7938,-55,67,-154,-2192
430,-184,7964,-56,68,-152,-2160
476,-200,7900,-93,60,-153,-2192
450,-242,7902,-56,69,-151,-2176
512,-202,7886,-33,52,-141,-2176
456,-174,7908,-74,78,-142,-2192
474,-220,7904,-47,54,-128,-2160
440,-182,7892,-60,83,-137,-2208
448,-142,7868,-67,82,-138,-2208
456,-216,7894,-64,45,-145,-2176
466,-216,7898,-54,56,-117,-2192
440,-206,7892,-78,92,-173,-2208
526,-204,7904,-41,64,-145,-2192
484,-212,7908,-60,57,-124,-2192
458,-166,7924,-47,67,-133,-2144
396,-186,7846,-57,61,-157,-2208
432,-156,7890,-65,53,-144,-2208
424,-212,7886,-47,49,-145,-2160
506,-222,7890,-53,62,-152,-2192
464,-214,7952,-65,39,-147,-2192
366,-192,7912,-70,73,-167,-2192
486,-176,7864,-74,48,-133,-2160
462,-202,7886,-58,61,-141,-2192
472,-208,7890,-64,44,-144,-2160
480,-186,7954,-66,59,-142,-2208
476,-158,7902,-60,75,-133,-2176
460,-168,7902,-65,54,-169,-2192
486,-204,7876,-57,60,-144,-2192
444,-176,7964,-51,52,-150,-2208
438,-192,7864,-84,50,-168,-2176
430,-168,7890,-56,45,-129,-2176
492,-182,7902,-73,37,-139,-2160
468,-210,7944,-44,68,-142,-2192
490,-192,7904,-64,60,-167,-2176
484,-204,7868,-51,70,-149,-2176
484,-186,7920,-65,46,-167,-2160
460,-212,7946,-57,73,-156,-2160
468,-176,7930,-48,47,-141,-2160
484,-218,7956,-82,59,-161,-2208
454,-202,7902,-57,47,-147,-2176
512,-218,7946,-73,41,-121,-2160
468,-204,7898,-72,54,-138,-2224
500,-252,7962,-51,42,-148,-2192
468,-216,7920,-50,47,-136,-2176
478,-208,7948,-47,52,-150,-2192
448,-180,7986,-68,55,-145,-2192
470,-158,7916,-48,53,-150,-2224
450,-158,7932,-65,44,-133,-2192
426,-186,7942,-56,94,-158,-2208
464,-216,7914,-62,69,-139,-2176
462,-242,7942,-50,46,-142,-2192
466,-238,7908,-64,66,-147,-2192
464,-222,7908,-61,62,-161,-2192
488,-204,7910,-50,59,-152,-2176
468,-220,7942,-64,66,-122,-2192
476,-202,7902,-38,52,-153,-2192
448,-132,7970,-59,54,-128,-2192
490,-162,7922,-65,33,-152,-2176
484,-200,7906,-68,54,-131,-2144
460,-222,7922,-62,60,-156,-2208
440,-190,7956,-36,74,-167,-2176
462,-222,7946,-56,61,-156,-2192
426,-200,7938,-84,45,-161,-2192
464,-226,7958,-55,56,-151,-2176
478,-174,7902,-72,60,-144,-2176
504,-212,7894,-67,61,-139,-2160
472,-172,7958,-47,58,-158,-2192
458,-222,7972,-63,65,-148,-2160
440,-148,7840,-39,57,-121,-2176
466,-200,7906,-56,47,-159,-2176
434,-184,7918,-74,61,-162,-2208
466,-218,7926,-66,54,-136,-2192
482,-230,7924,-70,59,-156,-2192
482,-190,7904,-57,70,-171,-2176
434,-196,7900,-50,63,-135,-2176
494,-220,7934,-65,60,-126,-2192
428,-208,7918,-88,54,-153,-2160
478,-218,7870,-59,51,-139,-2192
472,-224,7860,-63,47,-126,-2208
490,-176,7954,-80,59,-169,-2176
472,-148,7900,-61,67,-145,-2160
440,-208,7906,-69,66,-122,-2192
494,-186,7880,-60,54,-160,-2176
496,-170,7904,-67,46,-148,-2144
466,-244,7954,-41,38,-146,-2176
444,-170,7958,-52,48,-136,-2192
452,-160,7924,-55,51,-151,-2160
480,-200,7920,-64,53,-156,-2176
482,-204,7856,-35,38,-157,-2208
490,-176,7920,-56,49,-132,-2208
420,-180,7922,-65,44,-153,-2192
466,-262,7854,-30,62,-150,-2192
512,-174,7886,-74,53,-152,-2176
446,-198,7932,-59,53,-155,-2176
436,-194,7890,-62,64,-156,-2160
510,-214,7902,-65,60,-159,-2192
438,-220,7998,-49,60,-159,-2192
452,-194,7880,-74,26,-138,-2176
474,-194,7904,-70,34,-134,-2208
480,-170,7880,-51,80,-132,-2176
428,-166,7932,-58,57,-161,-2192
478,-188,7966,-52,70,-138,-2160
464,-242,7952,-48,42,-135,-2176
484,-236,7932,-75,60,-137,-2176
438,-182,7952,-58,47,-145,-2160
454,-200,7944,-55,53,-154,-2192
490,-180,7894,-50,61,-121,-2192
458,-236,7946,-69,42,-143,-2176
460,-186,7954,-64,53,-150,-2176
474,-172,7958,-61,81,-142,-2192
504,-200,7954,-70,58,-153,-2192
504,-204,7968,-56,52,-137,-2208
496,-152,7920,-69,61,-133,-2144
474,-192,7862,-57,51,-141,-2208
458,-230,7892,-43,57,-159,-2192
468,-226,7904,-65,54,-154,-2160
466,-156,7942,-53,69,-155,-2176
468,-140,7840,-76,53,-133,-2208
486,-214,7962,-54,58,-154,-2208
462,-200,7886,-73,49,-152,-2192
446,-186,7920,-57,62,-153,-2192
460,-210,7864,-77,49,-153,-2176
482,-172,7872,-76,41,-130,-2208
512,-196,7858,-49,96,-139,-2192
452,-206,7954,-59,66,-155,-2160
452,-190,7918,-74,38,-144,-2192
502,-178,7918,-46,28,-160,-2176
470,-220,7970,-59,57,-144,-2192
412,-180,7878,-68,68,-150,-2192
456,-236,7904,-44,68,-126,-2192
500,-224,7922,-58,67,-140,-2176
478,-162,7880,-69,65,-145,-2176
478,-164,7922,-54,74,-153,-2176
466,-222,7938,-46,40,-139,-2176
480,-164,7886,-69,49,-159,-2192
474,-192,7934,-64,58,-152,-2192
448,-182,7924,-74,74,-166,-2160
498,-188,7912,-54,43,-127,-2176
488,-164,7892,-72,60,-155,-2176
500,-216,7866,-86,34,-142,-2160
504,-154,7874,-49,75,-126,-2160
422,-198,7902,-68,66,-155,-2160
448,-182,7932,-62,48,-136,-2176
472,-196,7854,-53,69,-151,-2176
496,-234,7902,-65,57,-141,-2192
430,-174,7890,-68,50,-138,-2192
490,-242,7886,-51,55,-165,-2160
530,-198,7912,-56,38,-150,-2176
432,-176,7890,-42,62,-161,-2208
478,-228,7900,-53,65,-152,-2192
464,-184,7926,-58,51,-135,-2192
464,-244,7954,-62,37,-135,-2176
462,-230,7942,-64,64,-156,-2160
440,-198,7916,-64,83,-148,-2192
450,-206,7976,-79,55,-133,-2192
464,-216,7950,-44,42,-144,-2176
460,-174,7922,-70,80,-158,-2208
466,-170,7910,-61,53,-150,-2176
452,-248,7872,-69,76,-138,-2176
454,-234,7910,-46,53,-152,-2176
448,-234,7910,-55,72,-148,-2192
478,-166,7938,-61,55,-147,-2192
416,-208,7912,-54,45,-151,-2144
456,-186,7904,-68,71,-157,-2176
450,-180,7904,-61,54,-151,-2192
458,-156,7878,-69,59,-134,-2192
458,-236,7914,-64,65,-157,-2192
482,-162,7926,-64,73,-126,-2176
492,-216,7914,-70,34,-143,-2160
482,-210,7874,-54,49,-147,-2224
412,-208,7880,-94,26,-142,-2176
456,-200,7976,-46,74,-129,-2208
438,-216,7918,-74,58,-155,-2208
462,-242,7894,-54,47,-150,-2160
452,-204,7922,-72,66,-141,-2160
438,-178,8014,-59,61,-137,-2192
460,-176,7982,-63,40,-156,-2176
496,-214,7930,-55,67,-132,-2208
456,-182,7952,-48,44,-147,-2176
454,-238,7914,-47,48,-151,-2160
488,-200,7836,-41,46,-125,-2192
490,-200,7924,-49,61,-138,-2176
454,-188,7924,-50,43,-153,-2176
468,-186,7958,-59,48,-150,-2192
478,-164,7902,-54,77,-157,-2192
432,-228,7964,-56,83,-150,-2192
452,-204,7890,-49,51,-137,-2144
500,-158,7888,-65,51,-155,-2176
470,-172,7944,-62,62,-149,-2160
458,-174,7866,-64,70,-147,-2192
462,-232,7930,-61,57,-158,-2176
452,-132,7922,-69,81,-144,-2144
480,-254,7906,-52,89,-144,-2208
470,-174,7948,-66,56,-171,-2160
486,-202,7838,-50,51,-159,-2192
424,-212,7920,-80,61,-162,-2208
468,-272,7978,-79,50,-151,-2176
484,-178,7898,-52,70,-152,-2208
460,-146,7920,-52,61,-151,-2160
500,-204,7918,-61,73,-132,-2192
456,-228,7974,-48,68,-151,-2208
450,-124,7878,-43,35,-161,-2176
476,-216,7872,-43,76,-127,-2192
466,-194,7908,-49,57,-151,-2192
496,-222,7926,-55,69,-153,-2224
452,-238,7902,-54,71,-144,-2176
480,-202,7932,-63,66,-139,-2160
422,-144,7870,-66,53,-142,-2192
482,-196,7834,-49,45,-135,-2192
448,-198,7882,-61,52,-143,-2224
456,-198,7856,-65,43,-158,-2192
474,-192,7822,-57,57,-141,-2192
436,-192,7892,-54,82,-141,-2192
428,-242,7816,-76,48,-143,-2176
438,-196,7872,-43,65,-175,-2160
434,-200,7948,-64,71,-152,-2160
486,-176,7896,-53,26,-131,-2192
436,-164,7870,-53,49,-147,-2208
442,-210,7912,-54,72,-139,-2192
462,-196,7950,-89,48,-130,-2192
472,-208,7908,-46,64,-138,-2192
492,-184,7896,-81,55,-152,-2192
488,-196,7944,-62,46,-148,-2208
498,-180,7926,-52,48,-149,-2176
462,-216,7914,-77,40,-153,-2160
440,-194,7902,-71,64,-145,-2160
476,-168,7894,-83,66,-137,-2208
456,-146,7976,-56,55,-139,-2176
428,-138,7944,-66,59,-152,-2192
484,-238,7890,-73,53,-144,-2192
468,-184,7980,-77,51,-153,-2192
448,-216,7906,-57,71,-141,-2176
460,-222,7838,-67,70,-171,-2176
464,-158,7848,-58,76,-143,-2208
442,-184,7894,-67,47,-132,-2192
464,-196,7892,-76,59,-150,-2160
456,-162,7896,-62,37,-171,-2176
442,-180,7958,-69,64,-141,-2176
436,-244,7930,-66,44,-141,-2160
476,-222,7914,-81,51,-142,-2192
458,-260,7986,-63,77,-150,-2192
484,-146,7938,-67,70,-151,-2208
434,-162,7862,-65,46,-160,-2160
452,-212,7922,-66,49,-152,-2192
500,-218,7896,-57,20,-146,-2192
478,-192,7928,-67,71,-137,-2208
464,-198,7844,-75,36,-160,-2176
470,-210,7956,-60,55,-139,-2176
484,-210,7854,-64,78,-145,-2208
464,-216,7912,-71,47,-136,-2208
488,-204,7876,-58,59,-138,-2208
490,-178,7918,-81,65,-150,-2192
506,-230,7920,-73,65,-153,-2192
464,-266,7910,-62,67,-135,-2176
482,-204,7964,-66,78,-151,-2176
478,-174,7878,-54,65,-137,-2224
458,-214,7952,-66,73,-164,-2160
512,-268,7878,-67,77,-140,-2160
464,-246,7926,-59,50,-151,-2176
464,-222,7922,-66,73,-172,-2176
468,-166,7854,-60,68,-146,-2224
478,-228,7924,-50,58,-139,-2224
518,-194,7882,-68,53,-150,-2192
480,-186,7882,-71,71,-154,-2208
430,-154,7946,-66,57,-150,-2176
492,-242,7864,-50,37,-136,-2192
496,-200,7930,-71,47,-127,-2192
442,-220,7916,-67,37,-133,-2176
434,-222,7874,-53,70,-148,-2176
390,-200,7896,-53,70,-139,-2176
448,-224,7904,-55,45,-156,-2192
480,-232,7850,-34,57,-142,-2160
490,-172,7930,-68,50,-132,-2144
482,-192,7970,-57,47,-142,-2176
476,-240,7850,-72,32,-173,-2224
474,-220,7908,-54,54,-137,-2192
466,-204,7926,-78,38,-138,-2192
466,-176,7912,-81,95,-178,-2208
424,-204,7844,-65,61,-151,-2192
478,-192,7860,-59,44,-141,-2192
464,-192,7936,-70,40,-172,-2192
478,-232,7864,-50,59,-164,-2192
460,-194,7900,-70,56,-151,-2176
418,-244,7982,-54,72,-130,-2176
464,-206,7934,-44,76,-142,-2224
396,-260,7854,-80,72,-158,-2160
482,-238,7942,-61,59,-137,-2160
442,-142,7872,-47,75,-162,-2192
424,-220,7942,-75,45,-135,-2208
510,-200,7900,-78,56,-141,-2176
474,-236,7900,-70,58,-130,-2176
482,-234,7888,-52,37,-142,-2192
482,-198,7886,-85,54,-166,-2224
478,-192,7892,-56,44,-129,-2144
484,-228,7900,-52,61,-130,-2176
472,-186,7872,-48,46,-153,-2192
464,-202,7918,-60,96,-139,-2192
446,-158,7928,-56,32,-140,-2208
448,-212,7866,-78,70,-173,-2208
460,-250,7966,-66,47,-127,-2160
442,-220,7946,-69,39,-135,-2192
392,-182,7876,-56,74,-152,-2192
456,-154,7932,-80,61,-146,-2208
472,-208,7944,-58,73,-142,-2192
450,-218,7914,-61,82,-124,-2160
470,-222,7918,-53,59,-143,-2192
442,-214,7930,-62,40,-158,-2160
476,-212,7938,-78,45,-130,-2160
518,-186,7926,-59,65,-143,-2208
420,-196,7902,-57,59,-165,-2176
472,-212,7882,-63,89,-175,-2192
518,-202,7886,-65,52,-159,-2160
486,-178,7952,-42,57,-141,-2160
466,-200,7940,-79,48,-151,-2160
478,-156,7962,-57,68,-128,-2176
486,-176,7890,-59,42,-148,-2176
472,-194,7908,-46,38,-130,-2224
442,-192,7938,-69,61,-140,-2160
484,-198,7884,-64,71,-139,-2176
448,-196,7920,-67,62,-153,-2144
504,-168,7858,-62,62,-157,-2160
466,-164,7866,-66,37,-161,-2192
460,-246,7840,-77,60,-149,-2192
508,-194,7932,-60,56,-130,-2160
442,-140,7910,-75,82,-144,-2192
440,-174,7862,-63,68,-133,-2176
490,-176,7906,-56,80,-171,-2176
488,-202,7902,-68,36,-125,-2160
432,-240,7866,-37,46,-144,-2192
450,-202,7878,-73,56,-151,-2192
500,-186,7880,-62,74,-153,-2208
460,-204,7934,-76,83,-139,-2176
486,-242,7916,-41,75,-152,-2160
486,-210,7878,-45,54,-163,-2192
438,-222,7936,-61,35,-126,-2224
448,-210,7908,-52,43,-145,-2176
440,-266,7896,-61,68,-177,-2208
470,-194,7962,-75,55,-127,-2224
470,-180,7880,-65,63,-139,-2192
488,-162,7942,-56,28,-130,-2192
490,-184,7864,-75,59,-150,-2176
470,-168,7936,-55,57,-141,-2208
468,-190,7976,-64,31,-154,-2192
408,-178,7928,-38,76,-160,-2160
406,-184,7864,-50,83,-148,-2192
424,-260,7952,-59,89,-127,-2208
450,-206,7900,-61,44,-144,-2176
484,-174,7910,-64,54,-141,-2192
458,-222,7884,-41,63,-149,-2160
440,-186,7916,-51,70,-127,-2160
440,-220,7942,-53,59,-139,-2240
466,-220,7940,-63,23,-161,-2176
438,-218,7874,-65,67,-132,-2192
426,-222,7926,-55,52,-165,-2192
506,-194,7934,-74,59,-145,-2208
496,-208,7948,-50,47,-151,-2160
440,-208,7902,-71,43,-144,-2192
430,-142,7948,-51,59,-153,-2224
420,-206,7932,-68,63,-164,-2176
474,-182,7914,-70,67,-144,-2208
472,-236,7998,-69,48,-151,-2176
462,-240,7968,-51,44,-133,-2144
462,-110,7926,-67,82,-132,-2192
476,-158,7908,-78,52,-152,-2192
444,-164,7902,-58,66,-134,-2192
476,-198,7950,-51,64,-157,-2176
452,-218,7974,-75,64,-148,-2176
456,-210,7910,-50,88,-143,-2192
456,-228,7880,-71,68,-146,-2192
538,-226,7910,-57,27,-137,-2192
442,-178,7964,-62,56,-141,-2176
460,-186,7934,-52,76,-125,-2176
456,-214,7904,-64,44,-142,-2160
452,-212,7894,-66,74,-144,-2160
462,-158,7930,-81,62,-124,-2208
496,-208,7954,-52,38,-155,-2144
440,-186,7866,-63,56,-121,-2176
484,-240,7886,-60,64,-129,-2192
470,-196,7928,-69,52,-160,-2192
452,-210,7926,-51,65,-155,-2144
386,-200,7988,-64,92,-138,-2192
436,-226,7920,-41,38,-160,-2160
460,-192,7930,-71,66,-149,-2192
434,-192,7868,-46,44,-156,-2192
466,-160,7884,-37,54,-143,-2192
476,-224,7914,-52,55,-166,-2176
444,-212,7942,-59,72,-146,-2208
438,-166,7884,-65,65,-135,-2192
494,-184,7924,-79,55,-142,-2192
504,-226,7868,-79,72,-151,-2208
446,-188,7944,-66,51,-141,-2176
474,-220,7870,-59,53,-163,-2192
466,-204,7892,-60,66,-137,-2192
438,-206,7910,-83,59,-157,-2160
492,-178,7946,-54,69,-146,-2176
434,-244,7880,-77,78,-132,-2176
460,-218,7964,-51,51,-144,-2144
500,-182,7924,-63,87,-160,-2176
474,-216,7940,-78,70,-154,-2176
412,-220,7924,-33,72,-144,-2176
464,-236,7892,-78,90,-149,-2176
442,-196,7918,-52,55,-153,-2192
460,-166,7900,-48,65,-145,-2192
454,-216,7936,-70,41,-161,-2160
456,-232,7858,-65,68,-143,-2176
504,-194,7902,-68,37,-163,-2176
434,-206,7878,-44,55,-133,-2192
456,-186,7876,-83,58,-134,-2192
492,-206,7862,-74,69,-146,-2176
494,-208,7964,-55,52,-165,-2176
508,-224,7956,-52,28,-137,-2176
494,-216,7858,-46,49,-160,-2192
484,-226,7914,-55,40,-149,-2192
452,-238,7938,-58,49,-141,-2176
438,-186,7928,-61,49,-145,-2176
494,-168,7910,-63,61,-155,-2192
486,-210,7918,-63,82,-126,-2192
462,-214,7888,-60,65,-144,-2176
430,-248,7916,-43,65,-149,-2176
456,-236,7968,-77,53,-162,-2160
532,-204,7926,-48,89,-124,-2160
448,-220,7960,-58,56,-159,-2192
466,-226,7932,-42,73,-129,-2176
406,-188,7932,-56,53,-152,-2176
482,-208,7954,-48,34,-163,-2224
482,-182,7938,-61,81,-125,-2160
484,-184,7878,-53,56,-139,-2160
460,-174,7892,-67,76,-154,-2176
498,-208,7954,-52,58,-130,-2208
452,-198,7910,-69,63,-120,-2160
488,-194,7892,-69,89,-158,-2160
496,-210,7918,-81,50,-136,-2144
426,-168,7944,-45,59,-149,-2176
470,-216,7938,-68,69,-155,-2192
496,-254,7934,-61,71,-122,-2192
480,-200,7872,-47,72,-169,-2192
480,-180,7878,-59,50,-138,-2192
460,-222,7936,-62,58,-154,-2192
484,-246,7918,-68,71,-141,-2176
424,-208,7896,-70,51,-143,-2144
464,-182,7894,-52,40,-142,-2192
446,-170,7888,-69,54,-127,-2160
444,-184,7902,-82,60,-167,-2144
438,-190,7924,-58,51,-159,-2176
464,-190,7894,-66,60,-132,-2192
478,-218,7916,-44,46,-171,-2192
400,-218,7886,-69,57,-141,-2192
452,-226,7944,-50,59,-134,-2208
474,-162,7912,-49,46,-149,-2176
478,-208,7930,-77,68,-138,-2176
456,-206,7940,-65,58,-160,-2192
474,-230,7960,-56,39,-126,-2192
488,-154,7914,-82,70,-155,-2176
444,-222,7866,-49,49,-144,-2176
456,-196,7874,-65,72,-139,-2192
434,-236,7954,-52,77,-140,-2160
460,-168,7946,-74,61,-137,-2192
422,-192,7960,-53,60,-154,-2176
462,-224,7920,-59,47,-141,-2208
466,-206,7920,-62,42,-136,-2160
498,-194,7920,-44,57,-156,-2160
482,-194,7892,-67,68,-140,-2192
500,-200,7998,-48,89,-150,-2176
454,-196,7968,-80,47,-160,-2208
530,-192,7934,-41,52,-131,-2192
422,-188,7970,-50,76,-163,-2160
438,-192,7886,-60,44,-152,-2192
450,-200,7950,-55,50,-129,-2208
448,-192,7944,-41,43,-154,-2208
438,-212,7860,-71,68,-136,-2192
460,-196,7898,-66,60,-128,-2160
448,-186,7946,-83,58,-144,-2176
468,-254,7944,-65,50,-152,-2176
438,-228,7924,-65,49,-148,-2176
430,-170,7946,-65,78,-154,-2176
458,-232,7912,-74,72,-153,-2176
480,-192,7970,-44,62,-164,-2160
410,-192,7904,-69,45,-150,-2192
494,-206,7880,-68,45,-158,-2176
430,-176,7880,-64,56,-135,-2176
478,-244,7918,-45,66,-140,-2192
466,-202,7952,-71,81,-149,-2192
494,-182,7884,-59,71,-132,-2192
516,-238,7900,-65,65,-140,-2176
444,-198,7888,-69,52,-145,-2208
456,-208,7860,-66,39,-154,-2192
480,-208,7912,-62,55,-141,-2160
490,-182,7892,-61,62,-137,-2176
446,-144,7872,-57,72,-146,-2176
450,-186,7866,-72,59,-138,-2144
464,-202,7886,-57,61,-157,-2192
470,-224,7920,-95,60,-142,-2160
468,-210,7922,-53,58,-138,-2192
456,-204,7848,-37,26,-139,-2176
426,-220,7984,-69,64,-138,-2176
498,-184,7920,-62,50,-158,-2192
520,-162,7886,-62,75,-142,-2160
458,-174,7964,-51,85,-128,-2176
428,-204,7928,-67,46,-153,-2176
490,-168,7864,-65,43,-149,-2176
420,-222,7922,-57,86,-146,-2160
478,-182,7934,-71,51,-131,-2160
470,-210,7934,-77,41,-169,-2176
474,-246,7872,-56,71,-151,-2176
474,-222,7960,-51,71,-138,-2176
478,-202,7856,-81,74,-142,-2192
456,-200,7874,-62,59,-142,-2192
416,-228,7888,-66,58,-152,-2208
470,-198,7864,-70,66,-157,-2192
448,-192,7942,-51,51,-124,-2192
424,-194,7972,-58,61,-131,-2192
464,-242,7898,-57,51,-145,-2160
504,-162,7952,-53,42,-159,-2224
454,-174,7934,-53,44,-155,-2144
456,-212,7974,-58,77,-150,-2208
438,-146,7914,-63,50,-144,-2176
482,-168,7924,-42,72,-141,-2160
428,-204,7926,-56,59,-159,-2160
436,-218,7988,-55,65,-145,-2208
472,-216,7908,-74,58,-129,-2176
512,-190,7914,-59,78,-149,-2192
456,-188,7944,-59,52,-158,-2160
464,-204,7890,-60,65,-159,-2160
420,-202,7896,-54,68,-136,-2208
442,-132,7958,-63,70,-163,-2176
450,-188,7916,-70,50,-146,-2192
480,-162,7914,-46,40,-143,-2160
496,-222,7862,-57,63,-131,-2160
464,-186,7940,-59,42,-119,-2208
448,-206,7964,-46,62,-149,-2176
452,-174,7886,-63,77,-176,-2192
406,-194,7930,-68,85,-152,-2192
462,-184,7904,-62,60,-143,-2192
456,-216,7952,-63,45,-152,-2208
478,-166,7856,-64,55,-145,-2176
470,-240,7856,-65,65,-135,-2160
420,-180,7880,-67,72,-158,-2192
436,-204,7898,-74,63,-136,-2160
448,-224,7940,-85,63,-141,-2176
444,-232,7920,-45,63,-170,-2176
448,-248,7940,-70,61,-149,-2192
486,-244,7934,-70,27,-156,-2160
434,-192,7918,-56,76,-156,-2176
462,-216,7908,-64,53,-162,-2176
452,-228,7914,-66,76,-149,-2192
434,-222,7884,-46,70,-161,-2208
424,-216,7882,-77,54,-137,-2176
510,-174,7930,-64,36,-147,-2176
466,-198,7948,-67,54,-133,-2208
466,-170,7964,-61,58,-138,-2176
478,-168,7932,-68,54,-135,-2160
404,-192,7910,-57,62,-150,-2160
500,-202,7934,-45,51,-159,-2176
428,-162,7990,-50,78,-150,-2176
506,-168,7960,-72,50,-145,-2176
436,-244,7952,-70,40,-133,-2192
416,-178,7908,-58,68,-169,-2192
462,-184,7870,-54,72,-151,-2176
466,-224,7858,-67,80,-124,-2176
458,-210,7944,-57,62,-156,-2176
450,-220,7964,-65,73,-143,-2160
408,-166,7956,-61,53,-146,-2192
504,-176,7920,-67,58,-155,-2176
452,-204,7962,-79,34,-142,-2176
480,-170,7944,-53,61,-149,-2176
430,-216,7934,-68,39,-143,-2192
490,-208,7934,-47,76,-148,-2192
464,-196,7916,-55,55,-158,-2176
486,-206,7888,-62,78,-159,-2208
456,-208,7920,-50,48,-137,-2192
444,-210,7932,-69,62,-163,-2192
482,-220,7940,-56,60,-138,-2160
468,-254,7978,-68,61,-143,-2208
434,-168,7930,-42,45,-167,-2176
456,-220,7900,-61,61,-146,-2192
494,-136,7876,-48,54,-162,-2160
446,-202,7936,-75,55,-143,-2208
470,-198,7910,-58,55,-165,-2176
478,-216,7880,-55,78,-120,-2160
458,-218,7914,-38,64,-154,-2160
494,-210,7928,-48,64,-169,-2192
484,-154,7926,-64,36,-124,-2176
496,-132,7944,-64,73,-159,-2176
438,-180,7966,-65,61,-171,-2192
456,-200,7908,-56,90,-125,-2192
434,-264,7912,-70,53,-149,-2160
460,-150,7926,-61,64,-143,-2192
448,-224,7908,-53,49,-165,-2176
458,-204,7960,-44,76,-140,-2176
438,-218,7900,-62,49,-162,-2208
438,-182,7890,-61,74,-142,-2192
424,-190,7870,-71,94,-154,-2160
434,-176,7920,-78,42,-115,-2208
484,-260,7994,-49,66,-148,-2208
430,-170,7904,-68,52,-161,-2160
466,-194,7936,-37,59,-139,-2160
476,-228,7902,-53,46,-141,-2192
448,-180,7888,-61,86,-153,-2208
480,-162,7894,-66,88,-169,-2176
466,-184,7860,-70,39,-158,-2192
476,-138,7958,-67,82,-157,-2192
434,-180,7878,-52,71,-138,-2160
462,-224,7870,-55,39,-141,-2176
506,-198,7894,-45,52,-164,-2176
488,-166,7910,-77,61,-166,-2192
470,-186,7854,-67,61,-145,-2160
506,-222,7906,-59,74,-148,-2192
418,-194,7924,-66,50,-166,-2176
464,-220,7880,-52,80,-145,-2176
498,-246,7884,-52,32,-137,-2192
454,-160,7888,-55,90,-162,-2192
484,-158,7952,-73,34,-138,-2144
468,-200,7844,-55,60,-154,-2176
404,-200,7890,-71,79,-152,-2176
478,-216,7926,-76,40,-122,-2224
426,-164,7918,-71,64,-148,-2192
474,-196,7918,-47,52,-164,-2208
448,-186,7912,-71,53,-150,-2176
484,-238,7926,-57,69,-149,-2176
452,-230,7912,-73,54,-153,-2160
470,-228,7918,-45,72,-145,-2160
494,-196,7950,-61,72,-163,-2208
450,-190,7948,-57,30,-127,-2192
482,-174,7950,-58,40,-144,-2160
464,-166,7912,-58,87,-159,-2192
478,-186,7920,-68,68,-148,-2176
476,-184,7868,-58,65,-114,-2208
466,-190,7906,-62,55,-146,-2160
458,-186,7914,-49,64,-128,-2192
462,-190,7986,-48,52,-148,-2160
444,-218,7912,-71,37,-160,-2208
460,-190,7908,-35,53,-146,-2208
452,-228,7952,-60,57,-144,-2160
452,-152,7944,-66,72,-155,-2160
492,-226,7902,-69,59,-128,-2144
450,-234,7918,-48,48,-161,-2192
432,-200,7906,-59,67,-149,-2160
456,-194,7944,-55,59,-135,-2160
456,-230,7952,-38,58,-134,-2176
508,-202,7886,-48,58,-159,-2176
454,-184,7906,-48,104,-143,-2176
474,-216,7910,-50,65,-160,-2192
454,-204,7880,-54,75,-162,-2192
460,-182,7880,-45,48,-122,-2176
482,-196,7888,-51,68,-156,-2176
476,-222,7902,-63,41,-130,-2192
432,-180,7848,-56,74,-159,-2192
462,-196,7922,-66,85,-122,-2160
450,-188,7872,-44,40,-155,-2176
502,-194,7816,-60,55,-164,-2176
452,-170,7896,-49,42,-133,-2192
460,-186,7942,-77,66,-145,-2160
456,-186,7892,-56,67,-140,-2160
462,-198,7932,-67,48,-145,-2160
416,-212,7956,-55,71,-136,-2208
458,-180,7888,-69,67,-165,-2144
436,-202,7962,-63,70,-142,-2240
506,-206,7884,-55,43,-145,-2160
470,-188,7974,-76,65,-159,-2128
460,-200,7948,-48,59,-145,-2176
430,-198,7920,-57,64,-163,-2176
478,-188,7876,-54,77,-128,-2208
448,-238,7936,-64,68,-138,-2160
440,-212,7936,-40,74,-169,-2192
444,-250,7904,-76,34,-122,-2192
460,-198,7878,-65,92,-135,-2160
484,-240,7958,-69,55,-157,-2176
474,-190,7896,-48,62,-129,-2208
428,-226,7902,-70,30,-162,-2160
472,-208,7940,-63,78,-147,-2160
436,-192,7920,-56,37,-163,-2176
490,-206,7846,-55,66,-125,-2208
468,-180,7828,-63,50,-140,-2160
392,-216,7940,-68,46,-145,-2160
430,-216,7896,-51,66,-161,-2160
440,-212,7966,-59,52,-139,-2208
482,-226,7944,-63,54,-153,-2176
480,-194,7898,-70,54,-152,-2176
494,-174,7874,-56,53,-156,-2160
452,-230,7874,-55,51,-155,-2160
444,-184,7932,-57,57,-148,-2176
480,-204,7886,-61,64,-154,-2176
544,-220,7850,-76,52,-127,-2176
448,-244,7938,-64,44,-154,-2176
448,-156,7940,-51,70,-154,-2192
496,-170,7872,-62,51,-159,-2192
444,-200,7920,-64,56,-157,-2160
472,-220,7898,-75,49,-161,-2208
498,-210,7864,-57,61,-149,-2208
448,-210,7938,-42,69,-128,-2160
488,-200,7896,-54,31,-154,-2160
450,-230,7880,-62,52,-143,-2192
436,-200,7924,-62,45,-132,-2176
448,-196,7972,-52,42,-139,-2176
410,-190,7898,-61,37,-146,-2192
432,-196,7890,-76,64,-136,-2160
452,-204,7908,-57,57,-139,-2144
500,-202,7908,-61,53,-156,-2144
416,-218,7900,-50,49,-137,-2192
416,-200,7896,-61,68,-160,-2176
454,-214,7932,-65,60,-165,-2176
470,-180,7910,-50,67,-155,-2160
462,-182,7914,-68,73,-151,-2160
470,-134,7930,-69,73,-127,-2176
496,-186,7912,-62,55,-147,-2176
452,-222,7928,-61,52,-151,-2176
500,-250,7864,-76,44,-122,-2192
