AcX,AcY,AcZ,GyX,GyY,GyZ,Tmp
90,-8,7918,-2,94,-163,-2304
106,36,7974,-32,70,-146,-2320
140,-12,7910,-50,82,-159,-2304
76,-44,7974,-30,68,-162,-2304
60,-12,8026,-46,101,-123,-2336
120,12,7998,-41,90,-155,-2352
108,6,7964,-66,49,-155,-2320
84,-46,7996,-43,96,-144,-2304
106,-32,8000,-37,124,-130,-2304
70,-26,7964,-28,74,-167,-2288
124,6,7934,-42,63,-150,-2320
36,-20,8020,-24,107,-152,-2304
92,-20,8022,-7,81,-145,-2336
98,-34,7920,-41,94,-160,-2320
138,18,7878,-41,97,-155,-2320
120,22,8026,-27,96,-138,-2336
76,-54,7972,-27,80,-155,-2272
96,20,7892,-33,72,-159,-2288
82,-8,7890,-33,63,-142,-2304
108,2,8036,-17,75,-142,-2336
58,0,7996,-25,86,-118,-2320
108,-38,7988,-38,92,-168,-2320
86,-26,7900,-26,90,-139,-2304
86,-6,7970,-46,93,-149,-2336
68,-36,7990,-28,100,-136,-2320
128,32,7940,-41,87,-165,-2320
114,-50,7958,-36,73,-138,-2320
56,-12,7920,-52,107,-167,-2304
78,-50,8034,-12,105,-172,-2336
68,44,7958,-33,111,-184,-2288
96,-34,7908,-10,89,-116,-2304
56,10,7912,-35,64,-142,-2336
38,-30,7958,-46,68,-155,-2304
74,-42,7998,-28,68,-154,-2304
100,-22,7968,-40,60,-124,-2288
148,8,7934,-40,95,-163,-2320
106,-34,7996,-25,112,-146,-2304
120,-18,7990,-35,89,-150,-2304
136,6,7884,-44,71,-160,-2288
108,-12,7902,-55,72,-142,-2320
80,10,8022,-20,74,-163,-2304
66,24,8016,-29,75,-141,-2304
112,-56,7930,-62,78,-173,-2288
128,42,7912,-35,81,-154,-2288
116,-28,8058,-37,111,-171,-2336
80,2,7998,-23,111,-156,-2304
70,0,7948,-17,53,-159,-2288
128,-20,7928,-57,88,-155,-2336
86,22,7974,-53,92,-157,-2336
138,-28,7998,-31,69,-159,-2304
102,30,7970,-11,72,-172,-2288
90,-58,7956,-39,88,-142,-2320
94,24,7958,-46,85,-145,-2304
104,-32,8028,-39,92,-141,-2336
94,-2,7982,-30,101,-167,-2288
116,8,7966,-63,64,-146,-2320
152,-30,8030,-68,111,-155,-2304
132,-48,7970,2,106,-171,-2336
98,-52,7980,-52,100,-159,-2320
174,-42,7986,-31,109,-136,-2288
114,0,7952,-50,56,-124,-2304
120,-44,7982,-34,67,-154,-2336
78,-24,7946,-40,61,-146,-2336
134,-2,7830,-48,114,-160,-2336
122,-20,8016,-21,115,-147,-2304
78,10,7972,-41,87,-135,-2304
112,10,7960,-26,75,-169,-2336
128,6,7924,-41,77,-143,-2304
74,6,8050,-4,107,-147,-2288
108,-48,7954,-15,68,-158,-2288
116,6,7926,-49,93,-147,-2304
130,-6,7942,-53,66,-155,-2304
106,-14,7978,-53,111,-162,-2320
132,-12,8028,-43,86,-166,-2320
132,-24,7942,-25,78,-146,-2336
98,-8,7926,-52,64,-148,-2304
78,-46,8000,-67,117,-170,-2320
104,-42,7952,-32,72,-127,-2352
72,-8,7996,-45,96,-157,-2304
170,-12,7938,-66,93,-141,-2304
100,-68,7972,-31,123,-155,-2320
78,6,7928,-31,96,-152,-2336
64,-6,7956,-31,78,-150,-2320
94,42,7932,-48,73,-156,-2336
144,0,7906,-16,85,-135,-2304
98,-42,8006,-49,95,-146,-2288
54,8,8026,-21,66,-145,-2352
56,-28,7866,-42,77,-135,-2336
140,-12,7932,-52,80,-150,-2304
136,-46,8028,-43,60,-157,-2320
118,-6,7940,-42,86,-150,-2320
124,-52,7884,-46,71,-160,-2336
78,-16,7916,-63,111,-153,-2336
104,-18,7904,-18,88,-140,-2320
92,-28,7956,-28,68,-173,-2320
72,-32,8062,-34,99,-132,-2320
112,-4,7972,-50,74,-143,-2304
148,12,7980,-36,113,-143,-2272
74,-54,8046,-45,78,-152,-2320
94,-26,7936,-41,77,-148,-2320
94,8,7950,-66,112,-141,-2304
150,-34,7954,-57,58,-147,-2304
116,-12,7988,-9,82,-157,-2336
60,-54,7984,-50,103,-138,-2304
96,36,8020,-54,87,-135,-2272
116,4,7946,-51,75,-157,-2320
60,-54,7984,-45,82,-147,-2320
56,-26,7974,-53,85,-158,-2304
102,-16,7990,-38,91,-166,-2336
142,38,7950,-40,87,-144,-2320
122,0,8012,-44,89,-142,-2320
146,-34,8012,-61,60,-126,-2304
120,-36,7914,-45,74,-176,-2336
112,-16,7962,-34,89,-142,-2352
126,48,8022,-23,92,-161,-2304
44,-44,8054,-49,89,-149,-2304
126,24,7908,-18,80,-163,-2304
104,-18,7940,-30,73,-133,-2352
82,-12,7966,-50,70,-130,-2320
88,-20,8000,-34,62,-127,-2336
80,-24,7930,-34,86,-136,-2304
82,0,7894,-31,111,-159,-2320
152,32,7970,-37,61,-169,-2336
130,-68,7968,-46,76,-143,-2304
62,-22,8040,-48,86,-141,-2288
84,-2,7926,-48,95,-166,-2320
38,-40,7956,-33,86,-146,-2272
98,4,8002,-28,68,-172,-2336
102,0,7934,-37,97,-158,-2320
120,-22,7964,-35,80,-151,-2320
118,54,7938,-46,85,-161,-2336
90,-20,7994,-20,69,-166,-2304
80,-10,7962,-46,77,-165,-2336
74,-6,7920,-29,64,-155,-2336
88,-22,7940,-48,88,-144,-2288
82,-28,8020,-35,91,-147,-2320
90,-40,7982,-17,99,-148,-2336
124,-28,7902,-54,81,-155,-2336
108,-22,8024,-54,93,-148,-2320
94,-42,8004,-17,75,-148,-2320
108,-52,7942,-49,84,-141,-2320
90,22,7920,-22,94,-143,-2320
78,-36,8024,-47,85,-138,-2304
100,-10,8028,-50,60,-150,-2288
102,24,7932,-35,82,-148,-2288
50,26,7968,-34,73,-160,-2336
112,-46,7960,-34,108,-160,-2336
106,2,7994,-26,92,-154,-2320
116,-16,7968,-21,99,-140,-2320
108,-24,7926,-60,86,-154,-2304
150,-8,8032,-16,111,-166,-2336
102,-50,7946,-32,70,-137,-2320
84,-18,7966,-25,72,-168,-2320
132,16,7930,-44,94,-139,-2336
100,-78,7990,-26,103,-171,-2336
94,24,7982,-25,102,-158,-2320
58,-46,7950,-62,106,-145,-2320
86,-6,7882,-50,52,-143,-2304
46,52,7906,-53,81,-162,-2336
80,-14,7948,-29,79,-156,-2352
62,-20,7974,-41,75,-152,-2288
110,-22,7976,-29,126,-148,-2304
86,2,7920,-44,91,-140,-2304
126,-18,8076,-29,113,-145,-2320
122,-14,7968,-49,93,-175,-2304
112,-18,7970,-44,64,-144,-2304
134,-68,8030,-63,72,-180,-2304
86,-14,7972,-42,114,-141,-2352
116,-56,7996,-25,98,-174,-2320
130,-24,7978,-26,80,-139,-2304
124,-32,7922,-46,80,-142,-2336
158,-10,7996,-53,69,-163,-2320
88,-8,7916,-12,116,-161,-2288
110,-16,7930,-34,47,-163,-2304
120,6,7886,-50,98,-153,-2272
174,-22,7984,-35,82,-156,-2336
80,6,7984,-36,104,-158,-2304
94,-38,7896,-44,106,-147,-2304
80,-24,7988,-37,69,-178,-2336
100,-60,7988,-36,106,-166,-2336
148,-2,7958,-42,58,-146,-2288
102,-42,7948,-43,75,-168,-2304
182,-24,7936,-62,95,-159,-2336
106,10,7984,-31,119,-145,-2320
86,-32,8012,-28,63,-156,-2320
58,-44,7968,-45,88,-196,-2304
134,0,7882,-37,47,-148,-2304
106,14,7932,-33,87,-147,-2320
128,-44,8022,-50,84,-156,-2320
68,-22,7890,-59,85,-150,-2304
122,-8,7944,-70,121,-146,-2336
130,-4,7956,-47,105,-167,-2320
118,-8,8002,-31,93,-142,-2320
86,6,7952,-30,80,-154,-2336
104,14,7918,-30,102,-172,-2304
94,-14,7936,-51,93,-160,-2320
98,-30,8024,-9,116,-148,-2320
82,18,8002,-59,93,-152,-2304
102,-6,7936,-34,99,-150,-2304
90,4,7940,-26,91,-154,-2320
94,-26,7994,-5,66,-145,-2272
94,2,8018,-29,72,-155,-2336
46,-16,7942,-59,57,-182,-2272
86,-10,7948,-43,93,-152,-2320
80,-30,8032,-43,90,-162,-2320
66,-38,8010,-28,93,-138,-2304
88,-28,7906,-54,75,-153,-2336
98,14,7888,-33,78,-172,-2288
100,14,7962,-58,77,-157,-2320
102,-38,8026,-42,83,-168,-2304
104,-12,8012,-21,91,-158,-2304
118,-28,7878,-51,96,-130,-2320
86,-14,7930,-46,113,-151,-2352
104,-20,7920,-28,58,-160,-2304
124,-48,7888,-64,84,-167,-2336
108,-44,7890,-55,97,-153,-2336
60,4,7972,-12,102,-156,-2320
88,-46,7936,-25,81,-138,-2320
94,20,7986,-55,93,-151,-2304
132,-22,7844,-38,96,-169,-2336
134,-62,8008,-25,78,-179,-2320
138,-70,8070,-26,70,-159,-2288
130,0,7954,-31,74,-149,-2304
110,-8,7948,-60,79,-168,-2304
118,22,7976,-30,102,-162,-2320
108,-42,8054,-31,84,-157,-2304
108,26,8010,-34,95,-133,-2304
154,-44,7952,-49,88,-175,-2336
146,-4,7988,-58,87,-161,-2320
154,-32,8002,-5,85,-155,-2320
94,-66,7998,-55,58,-157,-2336
126,16,7914,-18,93,-126,-2336
116,-14,7868,-37,104,-155,-2320
106,-40,8006,-42,74,-139,-2288
48,4,7918,-25,56,-154,-2304
120,-8,7932,-60,72,-149,-2304
140,-54,7948,-32,107,-144,-2320
116,-24,8008,-35,88,-136,-2320
108,-50,8032,-21,96,-157,-2304
82,-24,7950,-30,87,-157,-2304
128,2,7972,-47,65,-145,-2320
112,-10,7982,-34,118,-184,-2336
98,-32,7938,-47,88,-140,-2336
100,-42,7948,-47,78,-151,-2304
78,-46,7916,-29,89,-156,-2320
114,-6,7936,-59,85,-146,-2320
56,12,7994,-30,81,-158,-2336
104,-30,7966,-16,90,-162,-2304
126,36,7904,-42,64,-130,-2320
86,16,7944,-30,108,-155,-2352
118,12,8006,-46,93,-152,-2304
114,-8,7934,-41,79,-162,-2320
104,-2,7982,-31,111,-160,-2304
100,2,7980,-41,98,-128,-2336
102,12,7946,-19,95,-167,-2304
162,-58,7908,-36,82,-123,-2288
122,-14,7928,-41,78,-142,-2304
164,-30,8018,-36,108,-170,-2336
148,-66,8016,-49,88,-145,-2304
124,30,7910,-25,83,-161,-2320
138,18,7912,-31,100,-157,-2352
66,-2,7996,-50,103,-138,-2336
46,-42,7978,-35,87,-143,-2336
90,6,7928,-29,88,-172,-2320
108,-28,7930,-22,79,-147,-2336
94,-6,8022,-38,91,-140,-2336
114,-48,7968,-15,101,-148,-2288
96,24,7976,-40,96,-149,-2288
94,46,7958,-64,93,-151,-2304
150,-22,7898,-6,86,-164,-2336
76,-8,7992,-50,80,-153,-2288
78,-40,7932,-53,77,-145,-2320
134,-26,7924,-43,89,-141,-2336
82,-36,7924,-54,84,-147,-2336
94,-40,8012,-43,71,-147,-2320
114,-40,7948,-38,83,-155,-2320
116,0,7848,-36,103,-138,-2304
156,-38,7942,-33,74,-142,-2304
110,-28,7948,-28,78,-146,-2288
104,-34,8066,-14,96,-141,-2320
72,24,7972,-69,90,-160,-2336
122,-40,7962,-20,109,-140,-2304
142,-38,7968,-61,98,-157,-2320
90,-26,7974,-44,69,-146,-2304
72,-16,8032,-17,64,-148,-2304
142,-70,7940,-53,85,-123,-2336
98,-46,7954,-59,91,-169,-2288
90,-12,7944,-41,106,-147,-2320
98,-32,7900,-42,64,-164,-2304
110,-18,7988,-40,105,-133,-2304
118,18,7946,-19,88,-174,-2304
114,22,8000,-31,63,-138,-2352
116,-50,7984,-40,102,-149,-2304
124,-52,7918,-33,77,-119,-2320
94,-46,7894,-22,130,-181,-2320
96,-36,8004,-26,67,-159,-2304
128,-32,7982,-38,118,-146,-2304
78,42,7946,-37,77,-152,-2320
160,6,7908,-23,69,-153,-2352
128,-46,7992,-28,102,-167,-2336
58,-8,8000,-37,81,-145,-2336
84,-16,7894,-42,66,-149,-2320
92,2,8020,-54,102,-141,-2288
134,6,8038,-43,96,-139,-2336
96,2,8006,5,93,-131,-2336
138,0,7986,-38,78,-181,-2288
116,28,7970,-52,71,-169,-2368
64,-14,7926,-27,101,-129,-2304
118,-24,7948,-39,76,-161,-2336
88,14,7986,-66,83,-159,-2320
94,-14,7890,-25,84,-150,-2320
88,-26,7996,-52,92,-160,-2336
70,-4,8004,-17,76,-166,-2336
92,-16,7946,-53,89,-127,-2320
88,10,7986,-56,81,-145,-2320
92,-58,7982,-29,79,-147,-2304
134,-38,7960,-50,93,-158,-2336
88,-20,7970,-51,94,-138,-2288
82,-40,7964,-56,85,-163,-2320
138,-14,7892,-31,88,-151,-2304
86,-30,8024,-37,91,-165,-2304
114,18,7912,-29,58,-142,-2320
102,-6,7904,-53,76,-133,-2336
134,-24,7928,-22,87,-132,-2304
44,-6,8056,-46,94,-144,-2336
96,20,7940,-24,99,-142,-2352
100,8,7912,-45,63,-170,-2320
104,6,7978,-46,81,-155,-2336
128,6,7956,-49,66,-139,-2304
112,-26,8002,-45,97,-157,-2288
84,-6,7964,-35,77,-151,-2320
124,30,7964,-56,102,-145,-2336
94,-38,8000,-34,87,-153,-2336
70,-10,8008,-33,93,-164,-2320
134,-14,7892,-44,65,-156,-2288
110,12,7926,-67,103,-153,-2336
58,-62,8004,-32,82,-153,-2336
100,16,7974,-31,88,-142,-2320
126,-26,7954,-7,87,-145,-2288
136,-8,7964,-64,81,-170,-2304
64,-50,7962,-58,110,-157,-2336
154,-52,7958,-20,69,-144,-2288
94,-56,7928,-23,71,-155,-2304
130,38,7912,-37,82,-162,-2304
100,0,8056,-43,107,-148,-2304
156,18,8012,-58,108,-150,-2288
80,-34,7952,-17,85,-128,-2320
138,-8,7934,-58,93,-167,-2304
102,-52,7994,-55,111,-129,-2304
66,36,8012,-28,54,-142,-2320
52,-42,7926,-22,109,-170,-2320
106,-6,7892,-35,73,-162,-2336
112,-42,7972,-56,108,-156,-2304
138,-4,7954,-33,111,-132,-2288
48,30,7984,-35,79,-164,-2288
100,6,7898,-17,57,-167,-2304
106,-36,7970,-30,62,-121,-2304
156,-38,7940,-52,110,-155,-2320
94,-24,8080,-36,95,-168,-2304
100,-16,8000,-43,60,-175,-2304
96,18,7880,-53,73,-163,-2352
132,-18,7992,-29,87,-123,-2320
90,-16,8008,-21,104,-151,-2336
116,6,7988,-50,62,-135,-2336
124,-54,7912,-42,81,-131,-2320
126,8,8002,-35,88,-185,-2320
106,-4,8086,-18,80,-152,-2336
92,-46,8012,-45,111,-158,-2304
144,-20,8008,-40,58,-169,-2304
142,34,7974,-62,92,-138,-2304
86,-14,7904,-47,74,-147,-2320
116,12,7970,-33,93,-120,-2320
70,-14,7960,-26,83,-160,-2336
96,-34,7878,-39,117,-130,-2352
82,-8,8002,-34,87,-165,-2320
78,-44,8020,-21,90,-157,-2304
142,2,7912,-29,62,-148,-2304
110,-38,7902,-21,82,-182,-2288
58,-52,7998,-36,91,-153,-2288
104,-50,7964,-50,98,-154,-2336
94,4,8008,-38,102,-168,-2304
114,-22,8002,-58,105,-150,-2320
86,-50,7968,-30,74,-151,-2352
84,-4,8024,-40,69,-158,-2272
80,-64,8006,-27,89,-138,-2336
108,-26,7928,-39,88,-153,-2320
116,-36,7998,-68,68,-129,-2320
66,10,7956,-41,89,-157,-2304
90,-14,7888,-34,94,-173,-2336
108,-52,7910,-49,67,-156,-2320
94,14,8024,-37,103,-161,-2320
82,-28,8058,-24,76,-145,-2304
72,-4,7992,-51,83,-154,-2336
108,-28,7900,-41,76,-137,-2320
94,4,7964,-57,93,-170,-2320
120,-50,8008,-28,78,-145,-2304
56,-26,7940,-47,70,-154,-2304
124,-48,7922,-52,93,-164,-2320
96,0,7892,-64,61,-160,-2304
108,-46,7974,-10,100,-187,-2336
114,-56,7952,-33,66,-143,-2304
88,32,7952,-23,110,-144,-2320
124,4,7968,-43,86,-131,-2320
142,-66,7996,-57,86,-156,-2336
98,-28,7952,-33,74,-148,-2304
126,-2,7908,-27,79,-157,-2288
126,-6,7904,-52,39,-157,-2320
78,-34,7958,-42,113,-160,-2352
146,-22,7986,-22,71,-144,-2336
90,8,7944,-17,104,-136,-2320
90,-58,7892,-60,65,-132,-2320
162,-58,7942,-26,85,-167,-2304
52,-66,7926,-18,79,-151,-2304
78,-42,8004,-47,65,-142,-2288
112,-22,7890,-56,91,-162,-2320
96,-18,7952,-34,92,-138,-2336
130,18,8024,-40,81,-154,-2304
84,-22,8022,-30,94,-141,-2320
126,-10,7886,-33,76,-135,-2320
66,26,7878,-37,93,-155,-2304
152,-44,7996,-38,74,-131,-2336
100,16,8078,-12,73,-156,-2352
106,0,7926,-31,108,-165,-2320
134,18,7870,-48,77,-144,-2304
122,-2,8002,-23,85,-142,-2304
70,-44,8072,-60,108,-174,-2288
86,8,8000,-39,83,-148,-2320
112,-2,7944,-64,59,-154,-2336
134,12,7960,-37,91,-136,-2304
122,-26,8030,-19,83,-166,-2320
46,26,8004,-38,96,-154,-2320
92,38,7956,-65,55,-169,-2304
134,12,8008,-39,100,-146,-2304
92,-60,7998,-48,84,-146,-2320
118,-36,8070,-28,80,-136,-2336
150,-14,7960,-51,52,-142,-2304
106,-30,7918,-40,91,-167,-2336
108,-50,8086,-41,122,-151,-2288
46,10,7984,-20,74,-142,-2320
164,-22,7968,-43,81,-123,-2304
106,-30,8018,-36,92,-155,-2304
120,16,8014,-26,82,-138,-2320
46,-36,7964,-29,67,-142,-2320
130,-10,7976,-39,98,-147,-2336
106,24,7946,-43,98,-159,-2336
142,-50,7978,-39,75,-146,-2336
86,8,8024,-20,96,-144,-2320
146,30,7930,-43,73,-147,-2320
128,-2,7896,-50,104,-171,-2336
116,-32,7980,-12,83,-151,-2304
60,-44,7924,-35,91,-164,-2320
98,-10,7960,-48,60,-179,-2288
150,-34,8010,-55,102,-143,-2304
94,42,8010,-20,100,-145,-2336
108,14,7944,-66,83,-143,-2320
76,-16,7906,-30,114,-144,-2304
114,-24,7964,-37,78,-146,-2336
82,-66,8024,-46,89,-150,-2304
146,-16,8008,-19,89,-131,-2320
92,-36,7990,-31,78,-163,-2304
102,-8,7842,-84,78,-147,-2272
80,-56,7932,-44,96,-144,-2320
136,42,8008,-4,98,-163,-2288
22,-14,7982,-16,48,-158,-2336
98,4,7954,-27,77,-119,-2304
116,-24,7972,-38,81,-176,-2352
98,-54,7966,-53,88,-141,-2304
116,-4,7992,-36,106,-133,-2336
86,34,7976,-32,69,-163,-2304
68,40,7892,-46,80,-145,-2288
128,-36,7974,-71,114,-150,-2320
140,-26,7988,-49,80,-149,-2304
124,-18,7920,-29,84,-135,-2336
136,-36,7958,-40,104,-154,-2320
94,-2,7976,-38,76,-162,-2320
64,44,7982,-23,86,-154,-2304
46,-28,7954,-43,101,-157,-2304
154,6,7922,-57,76,-157,-2320
160,-18,7968,-51,90,-141,-2288
122,-48,7982,-45,77,-167,-2272
78,-16,7988,-35,102,-155,-2304
104,46,7932,-24,84,-155,-2352
198,-28,7920,-55,100,-166,-2320
144,-20,8034,-22,102,-128,-2320
126,42,8106,9,98,-136,-2304
108,42,7942,-29,90,-162,-2304
102,36,7946,-110,97,-138,-2320
78,6,8126,-31,140,-163,-2320
82,0,7858,-21,95,-176,-2304
98,60,7728,-70,72,-165,-2304
122,-68,7870,-42,59,-136,-2288
148,-88,7932,-20,60,-164,-2288
114,-88,8036,-43,55,-148,-2304
134,-74,8148,-44,70,-139,-2336
112,-60,8032,-47,93,-136,-2288
138,-46,7890,-56,101,-143,-2336
104,-90,7926,-71,100,-170,-2304
150,-94,7996,30,72,-157,-2288
148,-92,7948,-35,106,-164,-2288
108,-62,8028,-58,76,-139,-2304
118,-74,8100,-52,65,-156,-2304
84,-56,7920,-32,112,-150,-2320
118,-2,7916,4,103,-143,-2320
74,-26,7934,7,82,-166,-2304
38,42,7918,-36,100,-143,-2304
32,-32,7958,-57,63,-141,-2320
122,10,8000,-61,70,-129,-2320
140,-20,7916,7,94,-125,-2304
56,-22,7988,-18,101,-162,-2304
46,66,7972,5,90,-144,-2320
54,72,7876,-57,82,-154,-2320
90,38,7880,-52,71,-152,-2336
86,-12,7966,-58,72,-142,-2304
120,74,7924,-32,73,-147,-2320
70,-48,7948,-45,99,-179,-2304
108,52,8046,-79,87,-161,-2304
120,-44,7994,-17,64,-163,-2304
124,-28,7982,-23,70,-148,-2320
128,-42,7904,-48,81,-177,-2288
158,-20,7922,-62,66,-145,-2336
164,-72,8034,-25,143,-157,-2336
102,-72,8074,-11,90,-171,-2304
90,-14,7976,-18,75,-153,-2320
106,-36,7840,-36,87,-169,-2320
80,-100,7946,-51,98,-133,-2336
156,-36,7984,-45,99,-151,-2304
142,-64,7934,-26,71,-141,-2320
164,-52,7946,-26,98,-139,-2320
134,-26,7932,-12,94,-148,-2336
94,-14,7986,8,66,-155,-2336
136,-28,7948,-35,90,-158,-2320
94,52,7902,-25,82,-136,-2320
126,4,7900,-50,99,-154,-2304
166,-32,8024,-40,75,-141,-2304
112,-26,7916,-14,81,-153,-2384
144,22,7960,-55,56,-128,-2304
132,58,7956,-51,110,-151,-2336
76,80,7974,-29,96,-165,-2304
72,26,7972,-38,88,-144,-2288
182,16,7932,-49,75,-150,-2352
90,-4,7976,-58,85,-133,-2304
58,-42,8042,-42,90,-154,-2304
100,-16,7928,-39,82,-158,-2288
116,-8,7954,-42,81,-163,-2336
142,-12,7904,-40,77,-155,-2304
86,-28,7930,-66,88,-131,-2320
98,-76,8002,-29,90,-159,-2320
76,-24,7966,-44,76,-186,-2304
78,-30,7918,-40,37,-128,-2304
132,-44,8048,-24,88,-148,-2320
146,-26,7994,-42,85,-154,-2320
28,-46,7878,-37,89,-129,-2304
112,-36,7928,-38,87,-170,-2304
148,-32,7922,-18,104,-145,-2320
96,-42,7984,-31,78,-154,-2288
100,-30,8006,-32,70,-173,-2304
86,-42,7938,-25,92,-152,-2304
80,-12,7924,-44,119,-159,-2320
134,-24,7956,-15,93,-161,-2352
44,-6,8014,-28,87,-162,-2288
58,16,7944,-59,77,-164,-2336
134,-20,7950,-37,99,-161,-2336
102,-16,7980,-50,110,-149,-2320
60,-58,8010,-25,58,-167,-2288
106,18,7954,-57,72,-179,-2336
64,-20,7870,-24,97,-165,-2336
98,40,7964,-47,96,-110,-2320
76,-4,7992,-22,98,-157,-2320
128,-34,7960,-40,93,-162,-2336
78,-14,7956,-48,97,-142,-2304
108,-2,7982,-75,121,-143,-2288
140,8,8008,-24,89,-154,-2320
136,-26,7980,-51,63,-143,-2304
68,-96,7980,-57,69,-160,-2336
108,-56,8038,-55,76,-171,-2320
140,-56,8020,-23,81,-123,-2336
74,0,7988,-45,79,-153,-2304
100,-36,7910,-64,85,-160,-2336
94,-40,7886,-44,94,-176,-2320
56,-18,7976,-26,105,-136,-2320
100,-4,7958,-37,91,-161,-2304
106,-20,7912,-41,87,-133,-2304
114,-4,7914,-30,62,-173,-2320
116,52,8010,-26,116,-131,-2320
142,-6,8032,-36,79,-161,-2304
110,12,7878,-39,81,-150,-2336
70,-38,7920,-46,78,-157,-2352
96,30,7990,-32,99,-132,-2320
132,0,7946,-14,38,-169,-2336
88,28,7970,-49,81,-172,-2304
88,22,7958,-62,98,-140,-2320
90,22,8000,-41,105,-144,-2304
120,8,7996,-49,61,-140,-2304
114,-18,7994,-47,115,-152,-2336
128,-20,7910,-52,115,-157,-2320
100,-26,7908,-49,93,-163,-2320
44,-12,7976,-40,86,-164,-2304
90,10,7990,-23,70,-129,-2304
106,-16,7878,-49,78,-140,-2304
120,-44,8008,-53,117,-135,-2336
98,-54,8022,-11,72,-164,-2288
156,-52,7944,-22,116,-138,-2304
106,-2,7938,-53,86,-144,-2304
86,-24,8016,-26,86,-169,-2336
114,32,8010,-31,93,-152,-2320
46,-6,8018,-28,100,-148,-2320
148,14,7946,-40,66,-173,-2304
122,22,7976,-47,116,-141,-2304
92,-52,7982,-29,117,-160,-2320
82,-32,8000,-30,71,-133,-2320
94,58,7936,-41,85,-151,-2304
102,26,7940,-46,104,-162,-2304
86,4,7974,-68,99,-150,-2352
60,28,8004,-29,106,-141,-2320
124,26,8014,-43,80,-146,-2336
116,26,7948,-40,103,-159,-2304
142,22,7996,-37,107,-142,-2320
116,34,7966,-32,108,-138,-2304
68,-100,7856,-46,59,-164,-2304
130,-48,7962,-18,58,-128,-2304
156,-40,8204,-52,152,-146,-2320
72,0,7842,16,62,-165,-2304
24,118,7776,-114,71,-129,-2336
152,-82,7964,-62,118,-177,-2288
114,-62,8208,54,139,-179,-2320
102,42,7854,-51,68,-161,-2304
78,-56,7866,-121,19,-166,-2304
134,-70,8090,10,92,-168,-2288
134,-84,8132,-1,125,-145,-2336
112,-14,7772,-21,88,-150,-2336
138,16,7934,-65,84,-159,-2304
140,-32,7990,-34,124,-151,-2320
96,-52,7956,16,100,-135,-2320
62,36,7934,-67,71,-170,-2304
118,-60,8072,-34,121,-157,-2304
78,2,7980,2,102,-144,-2352
90,20,7908,-66,133,-148,-2320
100,-14,8110,-27,79,-130,-2320
78,4,8022,29,106,-153,-2304
102,78,7880,-69,113,-147,-2304
114,-58,8134,-26,68,-133,-2304
124,38,7916,3,70,-191,-2320
80,72,7874,-59,109,-144,-2288
102,-20,8080,-52,68,-168,-2304
132,-10,7908,-26,117,-148,-2336
90,56,7868,-29,115,-156,-2320
68,-26,8048,-91,75,-162,-2320
114,18,7956,-24,68,-146,-2304
118,2,7856,-66,111,-152,-2336
64,-10,7984,-33,104,-163,-2304
92,-22,8052,-26,102,-143,-2272
118,-16,7968,-35,96,-157,-2304
120,32,7998,-52,87,-158,-2320
110,-34,8044,-50,74,-150,-2320
74,-56,7964,-25,77,-154,-2336
124,-70,7912,-38,91,-163,-2304
108,-28,7926,-39,85,-157,-2320
96,-68,7986,-35,112,-147,-2320
84,-2,7982,-28,98,-156,-2304
60,-14,7974,-33,71,-126,-2304
98,-2,7858,-28,100,-154,-2320
152,-26,7914,-37,88,-133,-2288
118,4,8024,-20,100,-164,-2304
74,-36,8052,14,120,-134,-2336
104,28,7954,-47,100,-178,-2320
120,24,7888,-54,112,-142,-2304
88,-40,8094,-29,101,-149,-2336
96,-50,7978,-47,89,-145,-2304
142,2,7944,-21,55,-147,-2320
80,44,7948,-26,53,-134,-2288
92,-66,8044,-43,111,-136,-2304
70,36,8004,-35,67,-108,-2336
124,42,7968,-44,106,-172,-2288
64,8,7898,-24,77,-158,-2320
46,-36,7996,-45,81,-177,-2336
136,-24,7940,-22,97,-164,-2304
160,-16,7990,-17,61,-150,-2304
98,-4,7934,-21,94,-139,-2304
56,-14,7962,-47,85,-145,-2288
100,-46,7992,-31,93,-150,-2288
110,-12,8028,-30,59,-172,-2304
96,26,7918,-54,108,-127,-2304
106,6,7996,-43,80,-163,-2320
72,-26,8016,-52,85,-142,-2320
128,-32,7942,-36,71,-152,-2336
132,-16,7902,-36,61,-152,-2304
110,-24,7944,-45,79,-143,-2352
70,4,7960,-59,91,-127,-2352
80,22,7916,-12,82,-157,-2304
108,-10,7960,-41,82,-147,-2368
118,16,7944,-27,80,-181,-2320
96,-20,8004,-24,103,-151,-2336
134,-26,7952,-32,71,-161,-2304
64,40,7910,-61,84,-131,-2304
154,16,7862,-20,90,-141,-2320
70,-2,7946,-54,69,-153,-2320
122,-22,8044,-35,91,-147,-2304
130,30,8000,-30,64,-127,-2288
120,6,7902,-10,89,-142,-2320
168,62,8012,-54,93,-160,-2304
110,-14,7996,-46,84,-164,-2336
64,20,7964,-41,93,-144,-2320
118,-30,7918,-70,78,-144,-2304
98,-10,8020,-47,118,-151,-2336
90,-70,7998,-36,111,-130,-2304
60,-8,7960,-36,72,-137,-2288
72,-10,7940,-47,100,-172,-2320
170,-12,7940,-57,91,-139,-2304
126,-10,7994,-24,99,-142,-2304
116,-20,7980,-24,103,-142,-2320
104,0,7898,-41,58,-157,-2320
102,-64,7918,-48,81,-147,-2304
100,-14,8044,-24,87,-149,-2304
104,0,7992,-29,73,-134,-2336
72,-28,8028,-56,70,-169,-2320
106,-20,7990,-56,94,-136,-2320
112,-66,7952,-36,108,-137,-2336
68,-74,7978,-29,92,-171,-2304
102,12,7948,-33,91,-130,-2320
112,12,7966,-30,66,-154,-2320
150,-40,7946,-49,84,-142,-2336
74,-8,8038,-35,91,-144,-2304
94,8,7888,-18,114,-144,-2288
126,-14,7952,-46,44,-183,-2320
64,-18,7962,-47,96,-152,-2336
146,-20,8018,-26,69,-161,-2336
104,36,7952,-25,92,-162,-2320
132,-26,7892,-40,75,-151,-2320
104,-54,7920,-32,94,-168,-2304
124,-54,8036,-12,100,-162,-2336
74,-18,7954,-29,82,-158,-2320
114,-10,7922,-50,112,-193,-2320
154,-14,7986,-53,76,-139,-2336
112,2,8000,-59,74,-157,-2272
66,14,7940,-23,107,-143,-2320
46,-18,7926,-19,65,-166,-2288
88,-12,7940,-47,123,-157,-2304
140,-36,8030,-38,84,-139,-2336
70,-68,8008,-21,100,-138,-2320
70,-26,7904,-32,87,-178,-2352
92,26,7986,-50,88,-143,-2304
100,-66,7932,-33,90,-153,-2336
52,-32,7954,-35,88,-145,-2320
42,34,7980,-29,98,-154,-2320
84,-44,7928,-35,82,-131,-2304
108,12,7972,-20,109,-155,-2304
64,-26,8030,-37,66,-137,-2320
50,10,7926,-29,92,-140,-2288
106,16,7958,-40,82,-158,-2336
170,36,7930,-39,78,-169,-2304
116,-2,7962,-15,87,-164,-2288
86,0,7926,-31,106,-164,-2288
76,8,8008,-43,70,-136,-2304
124,-4,7930,-35,93,-186,-2288
76,16,7990,-27,95,-143,-2304
112,-44,7942,-47,79,-119,-2304
96,38,8018,-24,87,-160,-2320
140,16,7988,-27,100,-145,-2320
96,-28,8018,-19,106,-148,-2336
112,-4,8020,1,83,-164,-2336
92,-46,7928,-37,92,-160,-2320
124,8,7880,-44,82,-127,-2320
102,-60,8058,-26,93,-149,-2304
96,-48,7990,-41,63,-144,-2336
108,28,7936,-33,106,-160,-2320
96,-38,7924,-44,116,-150,-2288
94,-30,7980,-9,85,-152,-2304
108,-42,7996,-16,80,-133,-2304
118,4,7916,-21,82,-170,-2320
108,22,7928,-58,77,-159,-2288
118,-8,7974,-34,67,-139,-2304
104,-36,8014,-27,88,-157,-2304
94,-42,7948,-27,77,-150,-2288
176,-14,7970,-52,65,-135,-2304
128,26,7948,-40,89,-145,-2336
74,-18,7958,-38,91,-145,-2320
56,-10,7986,-33,96,-153,-2320
172,44,7940,-59,89,-141,-2336
142,16,7976,-47,107,-157,-2304
96,-58,8026,-12,98,-157,-2320
108,16,7972,-43,81,-141,-2320
110,62,7918,-37,98,-180,-2304
82,6,7990,-59,90,-134,-2272
126,-50,7964,-37,128,-136,-2320
106,-2,8020,-22,55,-143,-2336
138,0,7952,-53,103,-154,-2304
100,-2,7980,-33,104,-152,-2304
74,-34,8014,-42,88,-132,-2320
82,-30,7912,-13,114,-167,-2320
54,14,7926,-43,96,-165,-2336
88,22,7972,-32,87,-147,-2336
88,-8,8052,-56,76,-167,-2304
118,-34,8002,-35,83,-154,-2288
140,10,7986,-32,114,-133,-2320
120,-2,7960,-24,112,-134,-2304
86,-44,7952,-58,75,-153,-2304
118,20,8038,-27,82,-166,-2320
86,4,7914,-48,72,-144,-2336
112,4,7880,-18,88,-143,-2304
112,-46,8048,-25,108,-144,-2288
36,12,7972,-13,90,-145,-2288
80,6,7978,-27,92,-166,-2304
118,-16,8002,-62,97,-165,-2304
54,-12,7998,-56,86,-165,-2320
70,-30,7984,-26,79,-149,-2320
120,-50,7976,-41,95,-158,-2336
86,-72,7840,-59,96,-148,-2304
120,22,7992,-48,88,-162,-2320
128,10,7980,-50,100,-140,-2304
122,-44,8054,-23,77,-174,-2272
96,22,7946,-25,65,-153,-2304
94,14,8014,-55,97,-129,-2320
104,-54,7954,-27,85,-146,-2320
74,-70,7918,-39,73,-179,-2368
116,-20,7946,-52,107,-132,-2272
102,-24,7932,-38,103,-159,-2320
128,16,7932,-37,108,-162,-2320
76,-70,7972,-53,91,-162,-2304
90,-20,7890,-24,85,-146,-2304
62,18,7920,-40,89,-144,-2320
14,12,7966,-37,94,-180,-2320
74,-58,8014,-34,81,-158,-2304
118,30,7936,-49,63,-156,-2304
158,-30,7878,-23,114,-136,-2320
112,-52,7964,-30,92,-156,-2336
100,24,8002,-38,87,-150,-2336
88,-50,7930,-33,78,-168,-2304
100,16,7876,-56,83,-190,-2320
106,-26,7940,-52,83,-171,-2320
60,2,8002,-15,74,-142,-2320
44,-52,8004,-30,91,-154,-2336
92,12,7928,-28,76,-165,-2304
108,12,7948,-23,86,-135,-2352
72,-8,7984,-51,69,-144,-2320
78,4,8004,-41,111,-167,-2336
94,-22,7846,-34,83,-160,-2336
120,-6,7962,-38,92,-177,-2320
118,-32,8014,-45,105,-147,-2320
86,-60,7960,-28,105,-163,-2336
64,-8,7960,-39,81,-150,-2336
92,26,7932,-63,71,-142,-2288
142,0,7956,-9,97,-164,-2320
116,-22,7960,-39,73,-156,-2336
106,-28,7890,-28,108,-145,-2304
94,68,7942,-18,87,-159,-2352
114,-20,7994,-39,81,-153,-2320
118,16,8004,-38,66,-156,-2304
110,-12,7988,-42,85,-145,-2336
68,-24,7930,-21,73,-158,-2352
114,-16,7992,-37,74,-177,-2288
102,-12,7966,-31,92,-148,-2272
98,-46,7994,-26,77,-171,-2304
82,34,7960,-45,71,-148,-2320
52,0,7940,-39,99,-167,-2336
72,-12,8040,-28,75,-151,-2304
116,4,7924,-62,79,-154,-2304
130,-2,7914,-31,79,-189,-2320
108,28,7962,-36,97,-149,-2320
132,16,8002,-56,85,-143,-2304
74,-38,7952,-21,97,-138,-2304
116,54,7888,-45,95,-165,-2288
118,60,7896,-54,67,-153,-2288
158,-20,8036,-32,103,-127,-2304
118,-12,8006,7,81,-180,-2272
64,0,7950,-25,82,-140,-2256
108,-10,7982,-44,91,-145,-2256
84,6,7946,-34,83,-145,-2304
84,-100,7998,-10,90,-113,-2304
148,-40,7972,-17,65,-142,-2304
124,-8,7920,-59,78,-133,-2320
84,-4,7956,-46,81,-156,-2288
114,24,8014,-22,99,-146,-2336
112,18,7982,-29,62,-137,-2272
86,-12,7896,-51,73,-146,-2320
108,36,7974,-33,102,-177,-2320
42,-8,8004,-45,67,-154,-2304
110,-56,8008,-31,81,-142,-2336
110,24,7884,-55,78,-143,-2320
80,16,7876,-51,91,-147,-2320
68,4,8086,-40,76,-159,-2304
144,-26,8030,-31,62,-160,-2336
112,14,7874,-38,84,-207,-2320
102,-4,7966,-18,92,-137,-2336
112,0,7980,-42,82,-151,-2304
74,-40,7970,-34,83,-158,-2336
110,8,7962,-29,81,-147,-2352
146,10,7970,-48,99,-139,-2320
68,-36,8002,-34,103,-128,-2304
106,-26,7996,-7,68,-160,-2304
76,12,7952,-51,68,-158,-2288
100,-4,7970,-33,93,-144,-2320
120,-12,7956,-34,71,-152,-2304
60,-50,8026,-25,88,-165,-2304
98,26,7946,-20,96,-149,-2320
122,10,7962,-37,72,-161,-2288
96,-10,7968,-54,111,-147,-2336
38,-98,7974,-25,20,-158,-2304
228,-82,7988,-58,85,-152,-2320
172,6,8154,1,111,-148,-2304
104,92,7938,-21,82,-137,-2304
-32,-8,7860,-17,84,-157,-2304
76,-20,7966,-74,91,-155,-2320
140,-90,8144,-54,52,-127,-2320
170,-24,7874,-6,99,-131,-2304
12,-118,7928,-56,75,-139,-2304
154,-84,8144,-49,68,-168,-2288
176,6,8104,2,112,-169,-2288
118,84,8028,23,149,-136,-2352
26,134,7910,33,80,-157,-2272
30,220,8052,-26,76,-171,-2336
10,172,7864,22,91,-134,-2320
112,124,7732,-57,93,-163,-2336
40,66,7892,-82,31,-185,-2336
108,34,8016,-115,53,-174,-2304
102,-88,8106,-31,80,-150,-2352
124,-62,7888,-44,57,-170,-2320
124,-94,7892,-118,70,-152,-2336
106,-78,8020,-35,61,-183,-2304
184,-88,7988,-59,100,-124,-2320
156,-184,7938,-48,70,-150,-2352
228,-194,7972,-75,83,-181,-2336
120,-242,8064,12,117,-131,-2336
174,-184,8002,28,82,-157,-2320
84,-44,7808,-17,111,-148,-2320
48,-56,8010,-53,69,-170,-2304
160,-116,7896,-50,54,-150,-2336
164,-134,7964,-6,125,-140,-2320
146,-114,8056,28,93,-153,-2272
126,12,7840,-18,115,-143,-2336
84,-36,8034,-51,61,-129,-2304
66,78,7994,-15,109,-145,-2320
52,26,8064,-30,72,-122,-2288
122,122,7800,-32,86,-121,-2336
92,104,8060,-31,131,-125,-2304
10,110,8110,-17,74,-151,-2320
88,152,7822,-42,119,-166,-2320
30,128,8064,-42,82,-165,-2336
82,116,7942,-42,77,-126,-2320
56,104,8008,-22,105,-160,-2320
30,124,7940,-30,50,-157,-2336
102,138,7906,-92,99,-145,-2304
68,54,7918,-70,34,-172,-2320
88,18,8002,-75,102,-157,-2288
68,-60,7918,-63,93,-159,-2304
124,-38,7886,-62,71,-164,-2304
146,-50,7916,-92,71,-164,-2304
110,-136,8060,-40,66,-131,-2336
154,-144,7938,-39,78,-179,-2320
92,-202,7964,-53,60,-164,-2320
186,-144,7958,-38,124,-161,-2304
152,-204,7958,-26,87,-143,-2336
152,-198,7934,-22,76,-127,-2320
168,-186,7854,-34,86,-160,-2320
150,-160,8018,-59,78,-130,-2304
132,-124,7982,-1,90,-138,-2336
124,-150,7982,-15,126,-148,-2320
84,-84,7922,-13,86,-146,-2336
116,-52,7902,-10,122,-126,-2304
172,2,7962,-8,98,-136,-2288
116,-20,7992,-5,114,-131,-2336
54,38,7976,-20,83,-151,-2352
70,30,7964,-3,96,-144,-2288
94,118,8020,-23,106,-132,-2336
102,154,7986,-2,100,-149,-2304
48,148,7976,-64,97,-155,-2320
28,132,7980,-28,81,-147,-2288
54,150,7912,-17,96,-164,-2304
70,178,8028,-81,97,-110,-2336
52,102,8010,-30,60,-177,-2320
96,122,7982,-63,85,-164,-2336
124,84,7890,-62,78,-161,-2336
102,24,7970,-78,91,-170,-2304
66,4,7998,-55,42,-140,-2320
100,-28,7968,-59,72,-155,-2320
102,-36,7962,-62,45,-140,-2304
110,-80,7952,-61,94,-170,-2304
136,-130,8042,-39,79,-143,-2320
114,-138,7948,-39,66,-170,-2320
128,-106,7962,-26,113,-160,-2336
142,-122,7982,-36,97,-146,-2336
134,-174,8058,-20,108,-145,-2320
140,-154,7970,2,88,-155,-2320
208,-144,7878,-39,75,-150,-2336
160,-146,7980,-17,94,-158,-2304
94,-138,8028,-4,71,-153,-2304
112,-86,8012,-20,98,-172,-2320
102,-104,7936,2,100,-139,-2288
110,-50,8000,-15,97,-136,-2304
64,-8,8032,-2,115,-137,-2336
38,50,8034,-7,76,-139,-2288
80,72,7886,-22,93,-146,-2320
108,80,7992,-18,102,-126,-2304
70,114,7982,-25,76,-166,-2336
46,128,7974,-27,69,-157,-2352
52,120,7872,-20,125,-163,-2288
98,164,7930,-48,77,-139,-2304
54,156,8010,-61,93,-168,-2336
64,146,7998,-83,69,-158,-2320
34,76,7942,-62,76,-137,-2304
108,122,7904,-69,81,-172,-2304
98,18,8038,-66,65,-145,-2304
56,-2,8018,-64,86,-143,-2320
80,-44,8020,-77,79,-165,-2320
84,46,7994,-92,57,-163,-2304
142,-76,7896,-67,95,-163,-2304
128,-94,8020,-66,95,-175,-2320
104,-122,7996,-60,86,-166,-2336
148,-102,7932,-62,86,-163,-2304
116,-136,7976,-39,108,-103,-2320
130,-160,8028,-8,73,-156,-2320
138,-130,7960,-13,66,-126,-2304
158,-182,8008,-25,64,-141,-2304
154,-76,7906,4,84,-143,-2320
118,-134,7996,-18,72,-166,-2320
74,-146,8058,19,85,-132,-2304
140,-16,7908,-45,87,-156,-2336
122,-26,7966,-14,83,-138,-2320
84,-38,7994,13,89,-125,-2320
122,12,8010,0,86,-160,-2336
54,42,7988,1,111,-134,-2304
110,90,7958,-30,99,-134,-2288
68,104,7970,-25,100,-159,-2320
138,94,8034,-39,107,-154,-2288
72,92,7936,-40,61,-153,-2304
72,100,7926,-39,81,-163,-2304
72,72,7994,-65,86,-152,-2288
30,54,8006,-31,39,-141,-2320
18,54,7994,-81,85,-163,-2304
64,102,8002,-84,59,-186,-2336
124,38,7982,-69,96,-140,-2320
92,6,7950,-63,58,-163,-2320
102,-22,7972,-63,44,-178,-2304
96,2,7944,-73,63,-153,-2304
88,-98,7936,-61,82,-165,-2320
110,-72,7960,-38,93,-158,-2320
140,-50,8026,-51,89,-140,-2304
162,-100,7982,-75,86,-174,-2304
126,-124,7952,-9,72,-136,-2320
116,-162,7992,-44,110,-150,-2304
126,-148,7946,-26,97,-155,-2304
60,-88,7944,-19,76,-155,-2336
142,-114,7954,-23,124,-159,-2320
192,-92,7978,-7,111,-154,-2320
104,-66,8030,-44,126,-156,-2304
86,0,7896,0,47,-138,-2304
116,6,7922,-15,124,-152,-2320
96,-30,8028,0,102,-137,-2336
112,-30,8012,5,74,-120,-2304
134,42,7954,2,80,-147,-2288
80,84,7964,-13,93,-125,-2320
110,24,8014,-28,100,-134,-2336
50,102,7964,-25,111,-129,-2304
72,84,7960,-37,77,-168,-2288
82,74,7982,-61,78,-136,-2320
68,86,7984,-34,101,-167,-2304
42,68,8008,-51,75,-143,-2272
34,90,7992,-61,91,-154,-2288
88,34,8030,-65,95,-130,-2288
108,26,8010,-58,84,-165,-2336
56,-40,7998,-52,73,-148,-2336
88,-6,7966,-48,79,-145,-2304
122,-16,7918,-44,73,-145,-2320
112,-38,7998,-65,71,-160,-2352
134,-96,8040,-61,80,-141,-2304
66,-90,8044,-40,92,-159,-2336
150,-98,7908,-50,84,-169,-2288
88,-86,7964,-38,84,-134,-2320
142,-178,7972,-38,94,-160,-2304
102,-126,7996,-39,94,-135,-2304
116,-22,7974,-28,78,-141,-2288
134,-102,7902,-31,99,-163,-2288
110,-58,7970,-26,111,-136,-2272
98,-68,8040,-16,78,-144,-2304
108,-22,7938,-23,84,-158,-2288
94,-30,7890,-27,86,-126,-2320
110,22,8016,-11,101,-165,-2272
114,10,8002,-1,106,-135,-2304
84,-28,7932,-35,83,-158,-2320
92,34,7976,-15,86,-157,-2304
84,34,8004,-23,99,-159,-2272
108,54,7962,-32,113,-157,-2304
120,84,7938,-31,77,-140,-2320
108,44,8028,-76,54,-146,-2320
76,-20,7948,-44,90,-148,-2336
96,78,7942,-64,93,-174,-2304
118,-6,7968,-35,89,-169,-2320
110,62,7926,-50,73,-145,-2320
122,60,7996,-69,99,-152,-2304
82,-20,7940,-49,82,-145,-2304
114,-32,8076,-30,78,-168,-2320
76,-38,7932,-81,43,-138,-2320
102,-12,7886,-55,104,-155,-2304
106,-80,7954,-41,93,-151,-2320
122,-76,7898,-43,76,-138,-2320
142,-36,7952,-20,68,-179,-2336
108,-62,7992,-27,76,-157,-2304
122,-108,7980,-52,108,-160,-2352
138,-98,8032,-48,82,-145,-2352
158,-40,7948,-11,65,-144,-2288
154,-76,7956,-1,100,-160,-2352
118,-28,7962,-32,90,-162,-2336
102,-56,8002,-14,63,-142,-2304
104,-118,8010,-38,79,-163,-2288
116,-6,8004,-39,98,-136,-2288
128,30,7962,-27,50,-133,-2304
88,2,8004,-20,90,-161,-2304
86,0,7946,1,100,-141,-2320
94,16,7958,-16,110,-135,-2336
74,-10,7942,-31,140,-132,-2304
72,60,7950,-51,108,-141,-2320
94,-4,7984,-35,81,-150,-2320
92,78,7912,-50,52,-136,-2336
122,34,7898,-17,97,-145,-2304
80,14,8042,-35,81,-132,-2288
22,28,8014,-19,83,-136,-2320
74,40,7966,-62,90,-139,-2304
114,6,7976,-48,97,-153,-2336
154,22,8024,-52,94,-160,-2320
56,-12,7992,-43,100,-165,-2288
152,-66,7992,-67,59,-164,-2304
104,-22,7964,-31,78,-149,-2304
72,-12,7998,-60,85,-163,-2320
76,-62,8016,-34,122,-156,-2288
178,4,7990,-14,61,-141,-2304
124,-64,7830,-41,71,-165,-2336
116,-16,7966,-55,98,-142,-2320
162,-50,7946,-43,66,-164,-2304
46,-46,7944,-51,98,-162,-2336
86,-32,7926,-40,99,-144,-2336
140,-32,7992,-58,76,-157,-2320
112,-30,7950,-27,106,-143,-2320
142,-60,8044,-32,68,-169,-2336
84,12,7964,-21,73,-170,-2272
96,12,7898,-17,88,-130,-2320
86,-4,7958,-14,100,-157,-2288
74,8,7968,-13,108,-137,-2304
86,8,7910,-48,97,-162,-2336
114,18,7868,-27,86,-154,-2304
76,26,7990,-58,71,-144,-2320
78,-20,7976,-18,81,-142,-2320
124,-32,7996,-48,76,-141,-2304
116,36,7926,-34,61,-155,-2304
94,28,7950,-40,106,-160,-2320
16,-18,7978,-55,96,-139,-2320
100,-6,7866,-26,74,-168,-2304
104,24,7882,-51,109,-156,-2336
90,44,7916,-65,80,-156,-2320
86,10,7988,-34,79,-149,-2320
94,4,8030,-35,83,-178,-2304
122,-24,7938,-63,92,-155,-2336
116,-18,7940,-46,73,-146,-2320
64,-32,8034,-63,93,-151,-2352
80,-22,7968,-25,87,-151,-2304
142,-44,7948,-47,72,-140,-2304
102,-12,7952,-37,101,-158,-2320
64,-72,7980,-50,80,-164,-2304
94,-32,7990,-39,93,-148,-2304
108,-70,7906,-45,104,-131,-2304
106,-14,7888,-42,81,-166,-2320
110,-34,7988,-58,89,-154,-2320
104,-32,8044,-26,81,-141,-2304
110,-84,7948,-24,74,-133,-2336
104,14,7896,-42,90,-146,-2352
148,-54,7976,-39,103,-157,-2320
108,-48,7972,-66,104,-142,-2304
86,16,8018,-27,89,-166,-2304
74,18,7964,-50,74,-161,-2320
102,14,7978,-29,66,-122,-2320
130,-44,7988,-32,77,-129,-2304
94,-22,8062,-42,82,-159,-2304
90,-14,7930,-37,93,-155,-2288
116,22,7902,-47,97,-176,-2304
90,-44,7970,-39,87,-116,-2304
60,14,7996,-15,87,-176,-2336
116,-12,7942,-43,72,-183,-2320
134,2,7998,-39,93,-173,-2288
112,-4,8048,-35,87,-145,-2304
110,-2,7948,-45,98,-145,-2288
58,-24,7936,-49,91,-140,-2304
132,-62,7954,-32,101,-146,-2336
92,0,7954,-43,104,-157,-2320
112,34,7904,-23,68,-148,-2320
108,24,7944,-30,92,-160,-2304
130,0,7908,-50,105,-160,-2336
132,-38,7978,-37,96,-168,-2320
132,-30,7978,-17,78,-152,-2320
106,-14,7988,-53,72,-137,-2304
136,-46,7926,-53,79,-159,-2304
92,-20,8064,-44,80,-144,-2320
38,-74,7936,-18,95,-155,-2304
110,18,7934,-36,98,-172,-2304
106,-22,7922,-45,80,-161,-2304
92,-32,7988,-21,89,-146,-2320
56,-66,7990,-39,122,-137,-2320
104,-8,7994,-35,87,-189,-2304
116,-66,7920,-47,69,-128,-2304
120,-88,7920,-24,96,-130,-2320
90,-60,7996,-28,66,-122,-2288
100,-96,8004,-40,95,-152,-2336
152,-16,7950,-50,71,-127,-2336
116,-10,7948,-39,112,-139,-2288
112,-52,7994,-28,84,-171,-2320
100,4,8046,-28,95,-154,-2272
96,-32,7948,-34,68,-144,-2304
126,-20,7920,-50,59,-140,-2320
76,54,7954,-52,107,-169,-2336
60,-6,8030,-12,70,-160,-2336
68,-2,7968,-30,92,-149,-2336
144,56,7930,-68,67,-168,-2320
94,38,8010,-35,101,-149,-2320
120,0,7992,-21,71,-158,-2304
114,16,7930,-54,87,-132,-2304
94,56,7976,-34,91,-163,-2320
62,-4,8050,-23,79,-150,-2336
108,30,7902,-48,108,-162,-2272
84,18,7888,-32,59,-165,-2304
134,44,7936,-37,91,-174,-2288
76,16,7900,-25,64,-150,-2320
80,-34,8008,-22,65,-143,-2304
108,-16,7968,-39,99,-154,-2304
130,-32,7926,-40,90,-150,-2288
98,-26,7938,-27,87,-141,-2320
88,-58,8018,-23,87,-152,-2304
80,-24,7990,-38,67,-160,-2304
102,-60,7836,-37,68,-149,-2288
126,-34,7984,-28,70,-172,-2352
116,-30,7992,-24,84,-140,-2304
82,-56,7928,-20,112,-155,-2336
104,-34,7898,-42,67,-148,-2320
104,6,8010,-18,78,-151,-2336
116,-12,8024,-23,92,-172,-2304
90,-14,8018,-33,105,-135,-2272
130,16,7940,-48,70,-142,-2320
84,26,7950,-29,99,-141,-2320
52,10,7986,-33,110,-163,-2304
98,-8,7886,-33,90,-149,-2304
116,-12,7968,-33,86,-142,-2320
56,24,7866,-46,81,-147,-2320
66,26,8030,-38,47,-143,-2304
88,38,8050,-32,79,-156,-2304
108,20,7972,-15,90,-169,-2288
94,2,7914,-50,94,-156,-2288
152,12,7976,-62,99,-161,-2304
44,24,8044,-44,96,-145,-2304
82,-28,7994,-22,70,-186,-2320
108,4,7930,-73,70,-166,-2304
120,14,7954,-51,90,-135,-2304
142,-18,7970,-40,90,-153,-2304
104,-34,7960,-2,78,-166,-2320
42,0,7954,-50,75,-177,-2320
102,-86,7950,-59,116,-159,-2304
68,-40,8008,-33,65,-154,-2336
104,-52,8008,-38,85,-168,-2320
122,-18,7894,-36,109,-147,-2320
62,-10,7978,-40,83,-175,-2320
134,-8,7966,-28,92,-155,-2304
102,-70,7980,-15,86,-171,-2304
68,-38,7976,-28,94,-127,-2288
166,-30,7930,-22,101,-160,-2304
130,-32,7936,-37,103,-141,-2304
98,-34,8044,-30,76,-142,-2320
66,-52,7970,-16,67,-149,-2320
86,12,7962,-40,96,-132,-2336
78,0,7968,-65,77,-151,-2304
72,-4,8014,-28,97,-147,-2288
84,-38,7930,-51,89,-153,-2288
102,-2,7896,-63,87,-140,-2304
88,44,7992,-15,98,-141,-2304
-8,-20,7968,-41,75,-146,-2288
60,-10,8040,-39,75,-148,-2304
134,-22,7970,-40,98,-134,-2304
68,48,7918,-52,102,-130,-2336
114,-38,8006,-39,91,-151,-2320
18,-32,7896,-37,69,-144,-2320
104,42,7974,-55,72,-162,-2336
126,-8,8016,-40,107,-156,-2304
94,-12,8008,-44,67,-135,-2320
112,-48,7972,-34,92,-161,-2320
118,-8,7920,-34,76,-141,-2304
88,-22,7896,-41,106,-168,-2304
44,-46,7996,-31,102,-167,-2320
78,0,7952,-23,80,-152,-2320
142,-8,7974,-42,75,-160,-2304
114,-16,7958,-57,104,-161,-2304
134,-36,7916,-42,91,-140,-2320
134,-94,8014,-41,106,-159,-2304
130,-12,7922,-16,71,-156,-2304
124,-26,7928,-47,112,-150,-2304
162,-24,7968,-20,71,-153,-2288
138,-26,8034,-24,87,-153,-2288
68,28,7960,-43,68,-166,-2304
104,-14,7902,-29,88,-151,-2272
118,-28,7980,-34,102,-149,-2288
108,-38,7988,-27,122,-160,-2320
76,4,7918,-10,88,-149,-2320
164,-70,7922,-81,73,-176,-2304
80,40,7916,-24,103,-152,-2336
94,-28,7936,-39,90,-143,-2288
102,-40,7982,-42,83,-171,-2336
126,-16,7928,-22,101,-139,-2304
140,-54,7952,-35,54,-146,-2336
80,-42,8026,-53,123,-159,-2288
26,-20,7960,-24,66,-163,-2320
120,-8,7934,-34,70,-144,-2304
136,38,8010,-47,95,-143,-2336
40,-6,7944,-34,78,-152,-2352
80,-52,7990,-21,90,-137,-2288
98,14,7888,-53,76,-125,-2336
84,36,7878,-38,97,-164,-2336
84,-16,7924,-44,79,-137,-2320
116,-48,8094,-21,97,-165,-2320
78,-80,7942,-37,61,-148,-2304
114,6,7936,-41,101,-156,-2304
98,-12,7970,-46,91,-143,-2288
116,-54,8026,-23,116,-166,-2304
44,-20,8004,-9,69,-151,-2304
140,-50,7914,-70,75,-146,-2288
128,28,7936,-36,94,-167,-2320
92,-6,7988,-40,97,-148,-2336
88,14,8024,-23,87,-159,-2304
84,46,7918,-42,90,-169,-2288
116,40,7902,-30,88,-154,-2288
84,-22,7972,-32,88,-154,-2368
66,-70,7956,-7,85,-149,-2304
142,-22,7924,-60,86,-154,-2320
86,-8,7904,-55,56,-154,-2352
94,36,8034,-27,75,-159,-2304
64,-40,8046,-39,135,-147,-2304
94,-48,7924,-61,76,-135,-2320
76,-10,7954,-38,90,-159,-2320
88,8,7944,-41,76,-131,-2320
120,-22,8020,-50,80,-149,-2272
108,-4,7938,-27,65,-126,-2336
74,14,7956,-57,73,-151,-2320
118,-14,7966,-70,80,-119,-2288
100,-8,8054,-43,81,-160,-2304
100,-26,7956,-1,105,-164,-2304
106,-36,7896,4,100,-170,-2320
126,-8,8000,-18,106,-149,-2320
38,48,8016,-63,71,-137,-2304
50,76,8054,-176,-4,-142,-2336
122,-46,7834,-127,41,-133,-2320
222,-54,7894,2,140,-123,-2352
96,-42,7982,59,166,-143,-2304
16,-10,8052,-7,79,-174,-2336
120,66,7974,-89,-8,-150,-2320
104,-12,7982,-102,48,-169,-2288
138,8,7950,-63,52,-143,-2304
130,-14,7960,-38,107,-162,-2304
82,-16,7992,-11,118,-163,-2320
98,-2,7982,-2,144,-131,-2320
82,0,7936,24,136,-158,-2304
158,-58,8002,71,159,-120,-2304
64,-16,7950,58,119,-150,-2320
40,-2,7938,12,122,-180,-2320
136,34,7988,8,125,-146,-2304
82,-20,7964,-46,56,-149,-2304
104,-76,7984,-18,141,-158,-2320
112,-6,7926,10,73,-159,-2288
92,4,7942,-23,100,-159,-2304
86,12,8086,-10,69,-141,-2336
80,-20,7996,-27,131,-147,-2320
92,-30,7970,-19,61,-148,-2336
106,8,7888,-27,129,-132,-2304
92,-50,8046,-42,92,-150,-2304
104,-14,8018,-57,116,-162,-2320
94,-24,7968,-67,89,-152,-2288
150,-38,7902,-59,92,-161,-2304
82,-34,7996,-36,114,-145,-2304
118,-22,7966,-19,93,-154,-2320
86,-32,7912,-28,106,-149,-2320
110,4,7968,-42,117,-136,-2320
96,0,7984,-38,113,-145,-2336
102,-16,8028,-31,80,-154,-2336
68,-14,7904,-48,62,-175,-2320
92,10,7950,-33,93,-129,-2336
82,-88,7958,-41,100,-193,-2304
158,-18,7928,-41,103,-142,-2304
90,-50,7924,-45,103,-137,-2320
108,0,7954,-15,100,-168,-2320
72,-44,8020,-49,83,-156,-2304
104,-30,8034,-42,72,-153,-2336
86,-28,8012,-29,73,-162,-2320
112,-28,7984,-22,72,-167,-2352
102,8,7878,-26,86,-148,-2304
82,-56,7962,-58,93,-131,-2304
134,16,7988,-50,90,-165,-2352
86,8,7946,-19,83,-156,-2320
118,24,7952,-46,99,-155,-2304
118,24,8012,-48,98,-153,-2336
118,-6,7972,-17,105,-158,-2320
36,-12,8000,-14,98,-173,-2336
84,-20,7954,-36,84,-110,-2304
70,-60,7970,-42,83,-131,-2304
118,-14,7974,-35,108,-160,-2320
144,-32,7896,-36,66,-160,-2288
110,-32,7948,-16,107,-160,-2304
102,2,8012,-56,93,-173,-2304
38,6,8002,-29,90,-143,-2288
70,-24,7966,-42,142,-149,-2320
110,-14,7924,-32,109,-154,-2336
50,-8,7940,-52,90,-154,-2304
102,-10,7968,-38,74,-149,-2320
126,-20,7974,-59,74,-155,-2304
142,36,7972,-70,95,-148,-2304
126,-26,7988,-40,66,-146,-2288
116,-36,8000,-50,107,-146,-2288
150,28,7990,-66,52,-161,-2304
106,24,7918,-52,81,-151,-2304
160,-12,7914,-51,85,-131,-2304
88,-24,8010,-50,60,-148,-2304
88,-40,7976,-52,79,-155,-2320
62,-26,7928,-41,96,-143,-2320
112,-8,7978,-34,99,-170,-2304
98,-14,8010,-64,85,-154,-2336
56,-50,7946,-41,91,-161,-2288
24,4,7954,-15,61,-147,-2336
64,16,7982,-51,97,-158,-2336
112,0,7990,-35,93,-144,-2352
116,-34,7980,-21,96,-131,-2320
108,-54,7924,-13,85,-157,-2304
134,-36,7920,-44,87,-158,-2304
142,-8,7998,-40,71,-145,-2336
94,-36,7932,-60,101,-140,-2320
100,8,8018,-22,76,-150,-2320
152,-4,7930,-34,69,-143,-2336
112,-32,7974,-68,92,-165,-2304
62,-56,7950,-40,95,-144,-2288
78,-48,7954,-40,99,-154,-2320
90,-4,7956,-43,89,-175,-2304
112,-14,7886,-22,54,-141,-2304
70,2,7974,-18,98,-158,-2288
76,-48,7986,-48,78,-141,-2320
98,-32,7948,-50,68,-140,-2336
130,-4,7990,-38,102,-162,-2304
64,16,7946,-57,72,-135,-2320
104,36,8040,-13,91,-172,-2304
92,-20,7960,-51,93,-140,-2304
166,-32,7920,-41,58,-133,-2320
124,-24,7940,-27,96,-143,-2320
116,-60,8006,-58,72,-149,-2336
86,-6,7916,-34,54,-166,-2304
136,26,7934,-63,103,-161,-2320
54,-4,7990,-42,76,-126,-2320
102,-42,7970,-55,110,-152,-2272
80,-16,7944,-32,64,-152,-2336
116,78,7962,-51,74,-171,-2336
114,-14,7998,-51,100,-146,-2304
106,-4,8020,-55,66,-177,-2320
110,2,8050,-68,83,-143,-2304
156,-16,7878,-44,81,-161,-2336
90,-16,7928,-38,102,-155,-2336
88,38,7960,-27,75,-134,-2320
108,14,7960,-52,80,-154,-2336
52,-8,7936,-61,88,-151,-2272
92,14,8004,-61,87,-156,-2320
66,10,8018,-60,93,-163,-2288
110,18,7980,-37,67,-158,-2336
92,-30,7950,-54,86,-149,-2336
90,0,7940,-41,99,-151,-2320
106,-6,7932,-41,83,-165,-2352
86,16,7978,-23,76,-166,-2304
120,-22,7942,-33,95,-152,-2336
124,-40,7948,-54,98,-144,-2320
78,-94,7938,-23,109,-154,-2320
82,-14,8028,-32,78,-146,-2304
80,-38,7942,-70,70,-141,-2304
82,6,7970,-35,78,-132,-2288
86,8,7896,-42,88,-149,-2304
126,-64,7952,-64,75,-158,-2304
170,-10,7974,-45,98,-146,-2336
136,-14,7978,-50,72,-142,-2320
116,50,7956,-65,107,-167,-2320
118,4,7998,-26,73,-150,-2336
78,-8,7980,-55,62,-148,-2336
78,24,7930,-49,80,-145,-2288
108,-28,7920,-51,72,-141,-2320
70,-22,8052,-36,73,-149,-2304
66,-44,8030,-46,67,-153,-2336
96,-10,7884,-26,102,-158,-2288
78,28,7936,-58,44,-137,-2288
88,-2,7920,-39,86,-146,-2304
58,26,7992,-31,64,-158,-2304
90,10,7922,-32,64,-175,-2320
96,24,8010,-47,94,-148,-2320
78,-30,7892,-52,86,-142,-2320
38,-30,7964,-50,81,-167,-2336
112,6,7950,-36,97,-150,-2304
106,24,7888,-35,88,-152,-2288
116,-26,7974,-40,87,-137,-2304
106,-36,8018,-54,65,-172,-2304
102,-30,7924,-49,96,-144,-2320
136,-8,7946,-71,104,-150,-2320
70,16,7878,-40,103,-142,-2304
48,-48,7936,-33,106,-167,-2304
106,-68,8048,-39,77,-136,-2320
150,-16,7988,-48,43,-151,-2320
144,42,7900,-52,80,-155,-2304
110,-28,8034,-64,104,-182,-2304
136,-44,8026,-59,42,-148,-2320
76,-18,7940,-71,104,-154,-2320
92,-64,7930,-65,75,-159,-2304
134,-48,8022,-29,80,-155,-2336
110,-12,7908,-15,100,-143,-2320
102,-24,7958,-64,68,-162,-2288
96,-52,8054,-43,71,-179,-2304
94,-54,7978,-14,88,-152,-2304
96,-12,8020,-23,100,-136,-2320
82,24,8004,-45,61,-153,-2304
108,-10,7974,-50,83,-168,-2336
126,16,7956,-43,105,-130,-2272
82,26,7974,-62,101,-144,-2320
88,-38,7970,-22,87,-171,-2320
120,72,7944,-55,99,-135,-2272
90,-44,8020,-52,88,-169,-2304
68,-24,8016,-47,100,-200,-2320
78,-24,7926,-37,50,-136,-2320
100,16,7894,-44,62,-139,-2304
84,-24,8008,-42,75,-157,-2304
78,-14,7986,-52,92,-172,-2288
80,-42,8062,-60,56,-147,-2288
126,-8,7968,-58,98,-152,-2304
124,8,7870,-34,73,-159,-2304
104,-92,7974,-39,100,-154,-2272
90,-60,7992,-37,82,-171,-2320
66,-14,7942,-54,68,-159,-2320
120,34,7880,-52,91,-145,-2336
108,-14,8014,-21,91,-108,-2336
94,-8,8026,-21,78,-164,-2288
72,8,7964,-71,74,-142,-2320
136,-12,7934,-37,87,-149,-2304
130,-94,7902,-24,89,-172,-2336
58,-44,7958,-44,82,-147,-2320
82,16,8014,-34,108,-160,-2320
92,12,7886,-40,57,-159,-2304
118,-22,7988,-47,88,-140,-2336
86,-78,8030,-45,86,-165,-2352
158,26,7974,-32,94,-133,-2320
118,28,7952,-45,67,-129,-2336
124,8,7986,-39,109,-156,-2304
64,-34,8072,-18,86,-162,-2320
62,-34,7994,-33,85,-143,-2304
64,-4,7958,-51,96,-147,-2304
118,2,7992,-37,79,-144,-2320
128,26,8008,-35,101,-159,-2320
128,-8,8010,-40,72,-147,-2336
162,-22,7942,-44,59,-136,-2304
130,16,7900,-21,77,-151,-2288
110,-80,8034,-52,104,-160,-2320
88,-38,8002,-24,79,-147,-2304
104,10,7922,-29,75,-161,-2304
84,-6,7906,-36,116,-165,-2288
104,12,7980,-38,83,-129,-2352
94,16,7964,-29,77,-157,-2304
138,-54,7984,-33,52,-165,-2304
136,-14,7962,-19,111,-150,-2320
122,-4,7926,-34,101,-157,-2320
104,-30,8008,-41,101,-163,-2304
84,-18,8024,-36,56,-159,-2336
54,-28,7964,-31,57,-151,-2320
118,0,7914,-37,109,-151,-2320
96,-20,8040,-45,98,-130,-2320
128,-2,7980,-14,75,-154,-2288
92,-20,7934,-55,116,-169,-2288
116,-10,8000,-41,111,-163,-2272
70,-24,7920,-19,103,-151,-2304
94,-34,7922,-27,61,-125,-2320
102,-44,7952,-26,78,-179,-2320
68,-8,7952,-47,77,-159,-2336
64,-58,7940,-21,83,-159,-2304
100,-42,7966,-17,98,-138,-2320
102,-18,7948,-22,68,-171,-2304
96,28,7924,-52,105,-162,-2304
54,-20,8030,-9,94,-146,-2304
74,-64,7998,-38,84,-136,-2320
90,-2,7864,-30,46,-145,-2320
128,-12,7918,-39,111,-160,-2304
160,10,8080,-33,107,-120,-2304
104,-44,7962,-29,84,-151,-2320
94,4,7924,-58,104,-142,-2320
98,-30,7934,-34,83,-136,-2304
102,-32,7940,-13,93,-163,-2336
88,-34,8034,-26,72,-140,-2352
62,-16,7950,-22,111,-156,-2320
112,8,7956,-39,102,-168,-2304
114,-56,7912,-30,89,-127,-2304
122,-126,8022,-26,100,-175,-2320
104,-50,8024,-40,76,-172,-2336
108,-16,7944,-45,80,-160,-2336
100,-56,7992,-35,103,-149,-2272
86,-30,8004,-9,99,-151,-2320
136,-8,7936,-23,118,-167,-2304
68,20,7908,-17,103,-144,-2304
154,-4,7944,-56,72,-161,-2288
126,-4,7964,-56,99,-157,-2288
126,-66,7974,-22,59,-162,-2304
116,-4,7974,-59,94,-151,-2336
116,-2,7906,-21,60,-162,-2320
110,-66,7980,-24,92,-165,-2336
54,-78,7996,-12,107,-146,-2320
98,-32,7950,-40,81,-156,-2320
132,40,7958,-51,86,-159,-2304
104,18,7994,-14,87,-142,-2304
118,-24,8030,-13,107,-161,-2352
96,-26,7994,-29,71,-154,-2320
126,10,7992,-17,70,-153,-2272
130,-48,7938,-33,114,-151,-2336
120,2,7998,-41,79,-172,-2288
106,4,7990,-38,74,-159,-2320
132,-20,7958,-15,62,-144,-2304
126,6,7952,-44,84,-150,-2336
74,-38,7976,-40,85,-137,-2320
156,-10,7904,-8,62,-162,-2304
90,34,7976,-51,87,-159,-2304
84,-12,7996,-9,75,-167,-2320
100,-16,8052,-24,108,-155,-2320
164,-18,7944,-24,95,-139,-2336
110,0,7952,-24,84,-153,-2304
96,-66,7952,-36,89,-173,-2288
74,-36,7968,-26,60,-147,-2352
80,14,7990,-36,122,-151,-2304
86,0,7904,-17,99,-152,-2304
104,-4,7982,-40,76,-174,-2320
98,18,7918,-33,104,-150,-2288
78,-64,8040,-24,108,-150,-2336
82,-12,7934,-26,88,-161,-2336
120,8,7906,-41,110,-157,-2320
78,-14,8042,-36,112,-149,-2288
100,-4,8000,-24,78,-154,-2304
72,-2,7940,-60,38,-159,-2336
102,12,7894,-8,80,-167,-2288
140,-24,7994,-53,44,-122,-2320
120,-16,7974,-20,112,-156,-2336
64,14,8016,-47,104,-166,-2304
108,-2,7920,-42,86,-167,-2320
124,30,8068,-9,70,-154,-2320
130,-4,8008,-44,96,-161,-2336
90,-16,7958,-16,77,-157,-2304
78,22,7926,-25,72,-128,-2288
92,76,8060,-32,84,-179,-2320
118,-6,8046,-21,78,-149,-2336
46,22,7990,-24,100,-140,-2304
158,-10,7940,-23,86,-136,-2288
80,-24,7862,-20,91,-150,-2288
94,-38,8014,-28,81,-146,-2304
72,-48,7970,-14,83,-146,-2304
100,-28,7902,-39,72,-144,-2288
152,30,7948,-34,58,-147,-2320
108,-38,7976,-28,113,-156,-2304
104,20,7972,-45,94,-153,-2304
82,-28,7920,-17,73,-167,-2288
86,28,7932,-39,115,-167,-2320
126,18,8030,-60,80,-172,-2336
66,-20,8012,-4,103,-145,-2336
42,-12,7924,-31,80,-154,-2320
64,44,7912,-43,76,-155,-2288
118,-20,7978,-41,100,-137,-2304
100,-38,7988,-18,100,-139,-2304
70,-50,7986,-35,87,-184,-2320
106,4,7876,-47,93,-131,-2320
100,12,7992,-55,64,-147,-2272
76,-6,8066,-39,109,-137,-2336
108,6,8016,-44,86,-147,-2320
120,8,7868,-23,76,-129,-2320
78,-26,7992,-43,92,-154,-2304
94,20,7942,-34,70,-161,-2336
94,-44,8030,-53,81,-148,-2320
76,-10,7904,-53,87,-156,-2320
96,-12,7896,-62,94,-143,-2304
40,42,7942,-25,71,-158,-2304
134,20,7986,-36,124,-122,-2320
126,0,7936,-52,83,-146,-2272
112,-8,7922,-50,68,-171,-2304
112,-34,8002,-5,105,-128,-2336
106,-60,8024,-51,49,-145,-2320
120,-52,7954,-39,100,-139,-2320
162,-34,7898,-49,92,-141,-2288
70,18,7998,-42,98,-163,-2320
70,-50,8032,-35,105,-130,-2272
94,42,8014,-30,89,-159,-2304
116,-52,7936,-42,93,-150,-2320
110,-18,7924,-13,79,-157,-2304
84,-12,7948,-33,89,-145,-2272
146,-40,8026,-26,79,-170,-2304
100,6,7910,-43,82,-156,-2320
64,10,7988,-42,106,-134,-2320
108,-28,8004,-22,88,-153,-2304
82,-6,7988,-42,76,-165,-2304
96,-62,7928,-38,88,-120,-2352
106,6,7950,-40,67,-166,-2320
46,-8,8006,-20,75,-168,-2336
114,-38,7932,-33,107,-154,-2304
98,36,7934,-49,74,-123,-2320
120,6,7888,-45,103,-155,-2320
86,-2,8022,-25,60,-149,-2304
98,-2,7980,-40,72,-147,-2336
68,6,7904,-48,86,-176,-2320
134,8,7974,-54,94,-185,-2304
84,-30,8000,-26,112,-157,-2336
100,-26,7968,-9,88,-142,-2272
110,16,7914,-38,82,-124,-2288
126,16,7946,-34,113,-173,-2352
62,4,8032,-24,70,-116,-2304
82,-14,8016,-36,83,-150,-2288
144,-2,8000,-25,84,-142,-2320
92,-36,7932,-52,89,-150,-2304
130,4,7956,-40,96,-123,-2304
140,-20,7978,-51,82,-164,-2320
92,-34,7964,-43,97,-157,-2320
86,-16,7914,-57,87,-143,-2304
76,-32,7894,-18,96,-141,-2304
72,-62,8000,-43,74,-168,-2288
86,20,7954,-37,97,-150,-2288
102,22,7902,-33,86,-139,-2304
52,-20,7934,-44,124,-140,-2320
116,48,7970,-52,87,-133,-2304
110,-30,8002,-44,75,-139,-2272
80,-36,7946,-45,62,-174,-2304
112,-32,7956,-30,98,-126,-2288
144,-24,8034,-20,90,-160,-2320
78,-72,8040,-35,104,-144,-2304
138,-32,7920,-37,68,-146,-2336
72,-4,7902,-53,66,-157,-2288
156,-38,7996,-33,90,-132,-2320
148,-14,8006,-29,51,-165,-2304
90,-10,7956,-42,86,-138,-2304
124,32,7968,-32,83,-130,-2320
98,-22,8016,-38,96,-146,-2320
76,10,8018,-35,103,-149,-2304
42,16,7956,-50,55,-158,-2320
120,20,7968,-32,50,-143,-2320
104,48,7946,-48,96,-156,-2304
112,-38,7974,-41,71,-136,-2304
42,14,7954,-25,97,-157,-2320
78,0,7888,-46,87,-127,-2320
84,-22,8014,-48,66,-130,-2304
124,-6,7978,-46,58,-179,-2336
112,-62,8032,-68,87,-141,-2320
68,2,7998,-48,98,-165,-2320
148,-46,8028,-53,72,-154,-2304
98,22,8044,-35,81,-156,-2304
92,-32,8038,-16,76,-136,-2288
76,-26,7952,-44,107,-141,-2288
88,-10,7996,-65,89,-118,-2304
106,10,7988,-48,90,-148,-2272
88,-44,8000,-20,67,-149,-2288
108,-12,8042,-49,67,-155,-2320
172,14,7944,-52,98,-168,-2304
164,-20,8004,-55,103,-121,-2272
86,-8,7942,-39,99,-156,-2288
102,32,7962,-41,68,-156,-2320
146,-40,7926,-51,95,-171,-2304
88,42,8002,-23,74,-165,-2288
78,-28,8066,-18,64,-159,-2320
90,16,7920,-50,80,-145,-2288
56,26,7966,-30,75,-159,-2304
84,-2,7972,-40,108,-149,-2304
78,-22,8024,-30,91,-153,-2336
148,-10,7940,-37,67,-143,-2320
98,14,7896,-72,60,-158,-2288
130,-6,7898,-42,105,-157,-2336
98,-52,8046,-43,94,-180,-2336
84,-32,8032,-20,82,-143,-2288
92,-28,7936,-58,81,-122,-2320
158,-64,7980,-61,76,-153,-2304
78,34,8022,-43,68,-144,-2304
78,-24,8012,-24,77,-151,-2288
96,26,7978,-58,65,-153,-2288
100,-32,7962,-44,100,-135,-2304
82,6,8014,-44,84,-137,-2288
136,-28,7986,-38,83,-165,-2320
118,-32,8006,-53,68,-146,-2336
134,12,7862,-33,100,-157,-2272
160,12,7946,-24,76,-160,-2320
134,-12,8008,-53,68,-168,-2320
132,-12,7968,-28,80,-140,-2304
142,4,7924,-41,93,-144,-2304
106,-8,7954,-65,89,-153,-2320
58,-18,8000,-46,70,-159,-2288
16,-36,8010,-36,88,-143,-2272
122,6,7992,-32,74,-144,-2336
94,-18,7910,-50,74,-175,-2288
68,-24,8054,-27,119,-169,-2320
100,-86,7952,-34,80,-142,-2336
86,-28,7880,-34,111,-158,-2304
112,-12,7930,-42,99,-157,-2288
106,20,7998,-41,86,-160,-2320
90,0,8020,-12,84,-153,-2336
80,10,7994,-46,85,-121,-2304
64,12,7954,-41,106,-185,-2288
54,-4,7998,-25,99,-161,-2336
120,-64,8024,-23,77,-141,-2288
96,-38,7934,-48,101,-153,-2288
138,-60,7930,-60,72,-166,-2304
98,-40,8010,-40,76,-141,-2336
94,-8,7976,-35,58,-146,-2256
72,12,7946,-54,78,-162,-2320
126,-38,7900,-51,89,-137,-2336
56,-4,7930,-30,110,-173,-2304
112,0,8050,-32,84,-147,-2288
70,-38,7932,-47,60,-154,-2320
82,-22,7896,-64,92,-132,-2336
76,2,7998,-31,79,-146,-2336
82,22,7990,-62,65,-162,-2320
86,6,7942,-32,74,-156,-2320
124,-14,7982,-37,102,-125,-2304
122,12,7932,-22,69,-148,-2336
78,6,7982,-48,66,-175,-2288
100,18,8026,-37,78,-152,-2320
112,0,7964,-33,85,-149,-2336
148,-20,7974,-52,82,-157,-2304
64,-60,7992,-45,73,-160,-2320
96,-6,7958,-49,94,-136,-2320
86,-2,7902,-45,96,-180,-2304
112,-40,7988,-47,58,-157,-2336
86,2,8030,-43,95,-150,-2288
116,-36,8112,-43,95,-157,-2304
102,0,7952,-50,69,-135,-2272
122,-18,7924,-23,87,-151,-2304
138,-32,7946,-53,101,-154,-2320
110,32,7930,-49,89,-134,-2320
104,12,7946,-25,76,-172,-2304
118,18,7912,-41,65,-158,-2336
140,-2,8002,-32,109,-130,-2320
64,-6,7986,-29,64,-145,-2320
148,30,7986,-23,107,-173,-2304
94,12,7942,-27,50,-152,-2304
128,-34,7932,-51,98,-168,-2320
92,-38,8008,-18,95,-162,-2288
140,-4,7970,-29,79,-158,-2336
122,-28,7978,-63,95,-159,-2304
158,-32,7956,-43,48,-135,-2304
118,8,8012,-42,91,-164,-2320
134,-38,7974,-32,101,-142,-2320
116,-14,7978,-23,46,-141,-2304
108,-6,7964,-43,95,-158,-2272
112,0,7978,-53,78,-144,-2288
74,14,8030,-45,100,-135,-2288
112,-2,7940,-41,62,-175,-2304
144,-10,7898,-64,70,-157,-2304
136,26,8022,-33,84,-163,-2320
116,-38,8044,-1,74,-133,-2320
54,20,8014,-41,91,-165,-2304
124,-4,7930,-48,86,-147,-2288
82,16,7988,-26,93,-158,-2320
78,-30,7934,-35,86,-138,-2304
78,-16,7942,-20,97,-171,-2304
130,2,7948,-74,69,-145,-2288
94,-62,8028,-26,101,-178,-2320
118,-14,8014,-32,85,-149,-2336
78,-18,7972,-54,83,-150,-2304
128,-14,8006,-30,97,-138,-2352
98,4,7992,-25,94,-128,-2288
100,38,7974,-46,68,-147,-2304
60,12,7986,-52,87,-143,-2304
120,4,7964,-38,98,-144,-2288
100,0,7962,-43,103,-148,-2336
80,2,7974,-69,83,-150,-2304
90,-8,8018,-24,51,-152,-2304
88,-26,7914,-68,51,-154,-2320
130,-20,7954,-26,113,-152,-2288
130,-16,8010,-34,109,-167,-2304
144,-50,7980,-31,93,-166,-2304
114,-36,7954,-50,62,-141,-2288
106,-4,7856,-58,83,-163,-2320
90,8,8018,-30,56,-169,-2336
110,-10,7984,-47,88,-137,-2288
92,-2,8048,-35,79,-144,-2320
20,14,7936,-44,101,-154,-2320
124,-24,8038,-28,76,-150,-2272
76,-28,8018,-28,101,-142,-2304
130,-30,7986,-3,74,-156,-2288
98,28,7922,-42,92,-172,-2304
72,-6,7964,-59,78,-124,-2304
76,-16,8008,-53,95,-176,-2336
94,24,7964,-17,95,-154,-2288
52,0,7910,-46,93,-124,-2288
62,10,7990,-44,81,-153,-2304
58,18,7950,-31,87,-167,-2304
38,-8,7952,-30,77,-141,-2288
108,14,7964,-43,95,-144,-2336
120,2,7960,-54,109,-142,-2304
150,-38,8008,-28,113,-168,-2288
102,-30,7956,-45,74,-132,-2320
124,-18,7936,-55,106,-158,-2304
132,-30,7894,-58,92,-157,-2304
98,-36,7988,-44,103,-137,-2320
134,-26,7948,-21,59,-144,-2320
110,-8,8004,-40,59,-148,-2336
84,42,7948,-13,113,-133,-2304
114,22,8052,-38,93,-147,-2288
148,-42,7974,-45,75,-160,-2320
130,-62,7966,-48,77,-154,-2304
94,-34,8000,-49,83,-148,-2304
86,8,7924,-37,111,-156,-2320
144,-42,8010,-16,123,-135,-2320
90,-4,7974,-34,78,-178,-2304
108,-20,7922,-27,66,-128,-2336
126,16,7922,-40,85,-146,-2288
82,8,7992,-31,80,-163,-2320
102,6,7986,-26,63,-141,-2304
136,-26,7900,-21,66,-143,-2336
128,38,7988,-45,76,-137,-2320
62,-42,8032,-72,77,-143,-2320
48,-48,7998,-28,94,-143,-2304
94,8,7908,-31,74,-152,-2336
120,42,7958,-29,87,-157,-2320
102,-20,7940,-19,78,-160,-2304
132,20,7992,-47,98,-145,-2304
116,0,7912,-53,102,-131,-2304
90,-4,7934,-48,76,-172,-2320
120,4,7960,-43,84,-140,-2304
66,20,8044,-25,83,-109,-2304
134,-2,7968,-48,83,-165,-2336
116,-26,7966,-28,72,-154,-2320
128,22,7986,-28,53,-149,-2320
86,0,7964,-12,89,-166,-2304
106,-48,7966,-33,66,-158,-2304
126,48,7990,-45,80,-140,-2320
114,-6,7928,-34,109,-153,-2352
104,36,7978,-17,79,-166,-2304
66,42,7992,-33,115,-137,-2304
124,-4,7880,-33,53,-146,-2288
80,18,7992,-34,74,-128,-2288
66,-12,7974,-19,102,-152,-2304
88,-50,7978,-32,85,-152,-2336
106,20,7902,-56,96,-132,-2320
124,-14,8024,-41,80,-169,-2304
36,-42,8018,-13,90,-144,-2304
88,44,7972,-19,88,-147,-2320
100,-34,7946,-39,80,-158,-2320
96,-26,7922,-37,80,-160,-2272
86,-24,7960,-55,100,-140,-2304
94,-12,8026,-30,74,-159,-2288
42,-34,7964,-32,83,-159,-2320
78,-8,7896,-40,76,-176,-2304
90,-58,7982,-40,79,-135,-2368
126,-58,8012,-51,99,-162,-2288
78,-6,7924,-47,75,-170,-2320
134,-32,7970,-44,90,-164,-2336
102,14,7980,-68,86,-163,-2336
50,8,8012,1,89,-135,-2320
60,-30,7978,-33,66,-156,-2288
170,10,7982,-47,76,-130,-2304
134,16,7970,-34,104,-146,-2336
134,-28,7982,-30,69,-165,-2304
98,-66,7980,-10,86,-147,-2320
120,22,7952,-28,82,-145,-2288
70,28,7944,-44,99,-161,-2304
120,-42,7994,-48,79,-157,-2336
82,-20,7954,-41,83,-168,-2320
106,4,7944,-38,84,-140,-2320
92,0,7896,-50,88,-158,-2336
104,-12,7936,-34,78,-152,-2304
90,-18,7920,-32,100,-149,-2320
92,-12,7970,-13,89,-161,-2288
92,36,7914,-62,63,-156,-2304
74,4,7990,-66,91,-143,-2304
72,-32,7970,-40,67,-121,-2288
136,26,8014,-25,81,-143,-2272
128,-34,7908,-60,84,-166,-2336
110,-44,8016,-54,113,-163,-2304
142,-20,8008,-28,81,-150,-2288
122,-70,7986,-35,69,-128,-2288
106,-18,7916,-39,64,-153,-2304
142,0,8008,-38,100,-131,-2320
86,-22,8006,1,90,-147,-2320
110,-16,7948,-26,90,-157,-2304
110,16,7928,-59,99,-141,-2336
108,-32,7994,-44,98,-160,-2288
124,-38,8038,-33,92,-134,-2336
100,34,7980,-54,96,-157,-2304
128,16,7922,-30,69,-143,-2272
132,-18,7912,-62,70,-153,-2320
60,24,8004,-22,85,-160,-2320
148,-4,7968,-45,89,-137,-2304
126,0,7898,-56,90,-168,-2304
104,-68,7948,-53,68,-146,-2320
104,-30,7986,7,99,-156,-2288
58,-32,7998,-25,79,-142,-2304
98,-6,7952,-27,52,-160,-2336
108,8,7944,-78,75,-131,-2320
102,-12,8004,-43,112,-142,-2352
104,-44,8040,-17,87,-148,-2272
90,-10,8000,-42,83,-152,-2272
148,12,7920,-53,89,-165,-2304
80,-72,7964,-45,86,-142,-2320
56,-48,7984,-52,101,-149,-2320
72,24,7962,-45,79,-147,-2304
150,-6,7936,-38,80,-172,-2336
88,-14,8028,-34,100,-131,-2320
66,-88,8058,-28,86,-149,-2320
94,-38,7914,-28,74,-176,-2304
136,-34,7906,-53,67,-150,-2336
134,-18,7952,-57,96,-139,-2320
98,-2,8020,-2,77,-136,-2320
100,-12,7990,-38,115,-171,-2336
110,-48,7898,-37,85,-140,-2304
112,2,7988,-40,69,-153,-2288
58,-4,7998,-22,109,-141,-2304
16,12,8042,-7,81,-148,-2304
90,14,8004,-35,82,-117,-2304
66,34,7948,-22,86,-172,-2288
106,-16,8038,-54,96,-151,-2320
106,2,7970,-50,53,-141,-2304
88,-36,8040,-27,81,-169,-2320
100,22,7944,-34,58,-146,-2320
114,-4,8002,-39,78,-177,-2272
132,-20,8010,-14,63,-146,-2304
108,-8,8042,-49,63,-178,-2288
146,-18,7884,-59,59,-132,-2320
140,20,7938,-43,100,-157,-2336
90,14,7932,-31,53,-135,-2304
74,-12,7952,-56,75,-161,-2320
192,-38,7980,-75,105,-151,-2320
84,6,8004,-51,58,-139,-2304
108,-34,7994,-34,108,-148,-2336
118,2,8028,-11,78,-150,-2320
104,-12,7946,-42,98,-163,-2320
132,-18,8020,-46,95,-170,-2336
142,-46,7986,-46,79,-158,-2336
130,-62,8048,-19,58,-178,-2320
88,-64,7976,-53,81,-135,-2320
120,-20,7920,-40,127,-148,-2336
72,-8,7980,-33,107,-174,-2336
104,-16,7948,-34,81,-140,-2304
116,-44,7894,-62,106,-163,-2320
130,-36,7926,-31,82,-158,-2320
118,12,7992,-10,56,-154,-2304
96,-4,8020,-23,75,-171,-2304
50,0,8082,-32,73,-142,-2288
94,26,7844,-59,78,-160,-2288
88,20,7974,-39,105,-185,-2336
74,-2,7954,-27,94,-141,-2304
108,16,8014,-25,100,-137,-2320
126,20,7944,-45,81,-149,-2304
100,2,7966,-54,70,-138,-2304
48,-44,8052,-39,98,-149,-2320
106,-2,7928,-21,93,-154,-2320
104,-20,7926,-53,94,-173,-2304
78,26,8030,-64,113,-139,-2304
152,-80,8014,-32,55,-177,-2320
112,-4,7878,-20,68,-172,-2320
78,-34,7950,-50,97,-157,-2304
116,-20,7974,-21,72,-133,-2336
88,-74,7942,-39,123,-141,-2320
110,-40,7988,-38,90,-157,-2288
90,-32,7966,-13,84,-134,-2304
152,-36,7934,-35,87,-151,-2304
134,-44,8000,-22,93,-174,-2320
108,-52,7980,-44,87,-121,-2320
80,-20,7914,-53,62,-145,-2304
114,26,7950,-45,97,-183,-2272
82,18,7986,-25,81,-156,-2320
58,-20,7988,-18,120,-122,-2288
96,16,7946,-25,75,-159,-2304
116,34,8010,-28,103,-165,-2304
94,-26,7996,-49,94,-152,-2320
120,16,7970,-9,97,-123,-2304
78,0,7962,-38,70,-161,-2304
156,12,7926,-63,98,-156,-2304
130,-24,7994,-17,98,-140,-2272
78,20,7954,-62,76,-153,-2320
46,18,7912,-22,91,-146,-2288
118,-12,7870,-66,87,-142,-2336
82,-10,7940,-50,90,-159,-2304
78,-16,8030,-25,107,-165,-2288
90,-2,7970,-5,75,-148,-2288
110,-20,7954,-60,92,-162,-2304
104,4,7976,-30,93,-163,-2272
38,6,8014,-55,98,-153,-2288
110,-20,8056,-24,84,-141,-2304
96,6,7930,-39,59,-159,-2336
150,-14,7918,-47,122,-165,-2304
116,-14,8078,-26,100,-140,-2320
96,-40,8066,-17,72,-157,-2288
78,-40,7898,-29,112,-168,-2272
118,-22,7978,-38,118,-149,-2304
134,-70,8014,-54,97,-173,-2320
128,-6,8014,-16,76,-138,-2288
92,-20,7914,-41,85,-152,-2336
96,-30,7960,-55,111,-157,-2336
138,-14,7920,-64,91,-171,-2288
86,6,7946,-26,121,-159,-2320
118,-16,7904,-33,59,-143,-2272
134,26,7990,-39,78,-150,-2304
100,-14,7936,-40,108,-145,-2288
124,-12,8002,-36,84,-130,-2304
126,6,8032,-53,81,-147,-2304
152,16,7908,-26,101,-145,-2336
104,-40,8020,-47,97,-157,-2288
106,40,7988,-60,117,-155,-2352
110,-38,7982,-39,78,-170,-2304
148,-44,7902,-34,75,-138,-2336
134,46,7916,-41,72,-180,-2288
134,-8,8000,-37,88,-148,-2288
52,-24,7984,-29,106,-174,-2304
134,-16,8002,-60,66,-145,-2304
94,-2,7944,-51,109,-130,-2288
118,-4,7994,-43,80,-156,-2304
70,-70,8000,-37,96,-168,-2320
98,-28,7968,-24,71,-152,-2288
100,-70,7926,-57,83,-156,-2304
92,-52,8020,-17,108,-162,-2304
100,-20,7988,-47,72,-130,-2288
100,-36,7994,-47,94,-142,-2320
134,-20,7890,-57,87,-150,-2304
112,20,7992,-39,96,-142,-2304
110,26,8046,-38,83,-135,-2320
92,10,8014,-27,94,-156,-2320
88,-4,7900,-38,101,-165,-2336
98,-4,7970,-69,113,-137,-2304
116,18,8026,-26,78,-148,-2320
140,18,7964,-27,108,-144,-2320
128,-38,7974,-56,96,-159,-2304
146,-6,8014,-45,80,-148,-2304
146,-20,8056,-44,88,-174,-2288
56,4,8010,-46,128,-158,-2320
94,-36,7996,-48,99,-154,-2272
92,-22,7908,-71,114,-129,-2304
112,-64,7758,-41,74,-166,-2256
154,30,7954,-36,78,-138,-2336
150,-14,8414,1,198,-147,-2304
44,-98,7712,81,-7,-177,-2304
188,288,7536,-248,150,-130,-2288
54,-254,8424,-85,102,-171,-2320
88,-88,7990,204,-13,-144,-2336
128,264,7592,-183,182,-158,-2304
26,-158,8386,-99,68,-162,-2320
110,-10,7904,100,2,-172,-2320
126,88,7890,-226,206,-91,-2304
14,-238,8320,30,0,-205,-2272
188,118,7770,87,85,-158,-2288
148,16,7996,-168,210,-133,-2320
4,-210,8420,-1,6,-189,-2336
166,96,7838,-6,47,-158,-2304
74,-76,7946,-125,186,-137,-2320
56,-96,8098,0,21,-181,-2336
252,68,7912,-26,140,-148,-2320
68,-40,7964,-42,93,-154,-2320
80,6,7988,-49,57,-164,-2304
120,34,7984,-76,91,-150,-2304
120,-64,7960,-11,76,-148,-2320
160,36,7970,-29,100,-155,-2320
102,-18,7974,-45,84,-168,-2304
30,-28,8000,-31,93,-167,-2272
88,6,8004,-42,111,-144,-2288
80,-66,7952,-40,75,-162,-2304
136,-6,7896,-25,76,-158,-2304
130,-42,7934,-93,77,-131,-2304
112,-44,8048,-21,86,-142,-2320
140,0,7964,-44,88,-152,-2320
78,-60,7940,-34,88,-168,-2272
86,18,7958,-26,57,-141,-2288
40,-58,7936,-41,103,-157,-2320
130,-46,8020,-51,88,-149,-2304
126,34,7974,-20,96,-131,-2272
80,-10,8028,-55,90,-132,-2320
66,2,7976,-14,54,-159,-2336
112,-28,7910,-47,74,-159,-2304
120,-26,7938,-63,110,-108,-2304
70,-24,7980,-43,84,-134,-2320
92,-28,7942,-44,88,-167,-2288
106,-38,7936,-46,91,-147,-2272
96,-6,7946,-45,62,-146,-2304
112,-44,7904,-47,88,-133,-2320
98,-28,7932,-24,98,-181,-2288
138,-18,7954,-45,99,-154,-2304
148,-28,7960,-39,93,-144,-2304
118,2,7936,-48,112,-139,-2288
78,10,7998,-53,137,-152,-2288
110,-42,8008,-23,36,-151,-2304
100,-6,8020,-34,65,-137,-2304
84,-32,7904,-34,119,-157,-2320
90,74,8040,-60,81,-151,-2336
108,-44,8014,-28,96,-147,-2336
92,-44,7948,-48,77,-132,-2304
116,-52,8010,-46,65,-143,-2304
90,-48,8010,-49,95,-146,-2320
110,-26,7998,-47,77,-150,-2320
96,30,7944,-39,89,-133,-2336
134,4,7902,-58,87,-151,-2336
50,32,7996,-54,104,-145,-2288
130,24,8034,-26,69,-167,-2320
78,-6,8050,-50,90,-148,-2304
78,-42,7916,-65,103,-153,-2304
136,62,7972,-37,55,-139,-2320
138,-46,8028,-31,64,-168,-2256
26,32,7924,-38,81,-173,-2304
116,-36,7896,-31,111,-134,-2304
124,0,7960,-52,87,-148,-2320
126,-56,8008,-18,86,-170,-2288
102,-34,7964,-45,83,-175,-2304
88,-32,7962,-25,84,-107,-2336
68,-24,7922,-55,61,-169,-2320
90,8,7946,-32,117,-155,-2304
82,-38,8020,-32,100,-140,-2304
138,-6,8004,-36,94,-145,-2304
108,-34,7986,-36,87,-146,-2288
126,-50,7988,-56,102,-145,-2304
104,-14,8018,-38,105,-143,-2272
112,-4,7910,-28,56,-153,-2320
94,-36,7960,-67,120,-140,-2320
78,-26,7984,-41,92,-144,-2336
58,6,7960,-24,117,-143,-2304
82,8,7958,-29,77,-145,-2320
138,34,7932,-41,115,-167,-2288
140,-102,8026,-66,77,-125,-2304
26,-16,7986,-17,85,-142,-2304
120,-14,8032,-18,69,-164,-2288
96,8,7946,-46,104,-152,-2320
102,-14,7990,-57,94,-143,-2304
118,-100,7978,-48,93,-159,-2304
98,-28,8014,-24,112,-146,-2288
128,10,7854,-44,63,-146,-2320
100,-2,7894,-54,96,-138,-2288
118,-16,8038,-53,115,-159,-2336
102,-62,8000,-49,104,-123,-2304
160,-32,7990,-27,90,-151,-2288
96,8,7932,-28,63,-148,-2320
116,-18,8044,-34,105,-130,-2272
62,-64,8020,-45,92,-153,-2304
74,-18,7966,-31,75,-149,-2288
110,6,7928,-36,113,-155,-2320
136,8,8028,-35,97,-148,-2304
72,-46,8034,-35,89,-153,-2304
96,-6,7986,-25,93,-133,-2288
134,-22,7910,-67,90,-152,-2288
68,-40,8004,-26,98,-168,-2272
102,10,8056,-46,81,-157,-2304
150,-8,7870,-32,80,-148,-2288
126,32,7938,-36,96,-148,-2320
112,-2,7974,-33,77,-164,-2304
76,-36,7954,-25,87,-154,-2336
80,16,7970,-22,91,-172,-2320
112,-36,7962,-58,85,-166,-2272
72,-16,7934,-37,82,-140,-2304
38,-74,8014,-38,102,-158,-2304
120,-18,7992,-23,61,-141,-2288
76,-24,7928,-34,84,-153,-2320
100,32,7910,-39,109,-148,-2304
108,-74,7966,-32,106,-139,-2304
92,-14,7988,-39,112,-159,-2288
102,-66,7960,-25,52,-159,-2288
104,-38,8036,-49,92,-151,-2304
136,-14,7952,-22,78,-152,-2304
100,-98,7940,-22,85,-181,-2320
66,6,7924,-40,109,-147,-2320
152,-12,8000,-20,103,-139,-2304
128,-52,7964,-32,101,-156,-2304
122,-24,8002,-20,119,-153,-2320
104,-14,8002,-33,71,-159,-2304
86,-12,7980,-31,80,-142,-2304
82,12,7924,-55,90,-157,-2304
78,-30,7986,-46,104,-135,-2288
160,-12,7938,-42,94,-147,-2320
116,16,7924,-17,71,-142,-2288
138,24,7990,-44,74,-162,-2336
126,18,8032,-35,109,-141,-2304
56,16,7982,-30,74,-156,-2288
126,6,7938,-36,101,-153,-2320
118,24,8014,-43,98,-140,-2304
102,4,8020,-37,93,-160,-2304
116,-14,8036,-25,101,-174,-2320
114,-26,7994,-31,83,-127,-2272
92,-24,7934,-66,73,-151,-2304
142,-20,8002,-46,86,-169,-2304
42,2,7936,-57,86,-149,-2320
138,14,7902,-36,72,-143,-2288
102,2,7934,-41,104,-132,-2304
56,-20,7964,-47,127,-134,-2304
78,-46,8010,-52,95,-147,-2288
114,14,7956,-41,98,-142,-2320
148,-8,7942,-24,72,-158,-2304
92,-24,7970,-44,99,-142,-2304
82,-40,7928,-36,96,-175,-2288
100,-48,7978,-39,97,-145,-2304
174,30,7946,-44,87,-160,-2336
82,18,7978,-13,98,-144,-2304
124,14,8018,-21,108,-150,-2288
58,-20,7926,-51,79,-136,-2288
78,10,7956,-43,121,-145,-2272
126,-6,7924,-40,87,-162,-2304
90,-26,7968,-16,78,-123,-2352
92,-6,8014,-27,96,-156,-2288
76,24,7976,-30,65,-155,-2304
124,22,7964,-41,87,-161,-2304
112,-24,8042,-38,97,-153,-2288
112,-8,7958,-21,79,-166,-2304
66,6,7950,-40,88,-136,-2304
128,-44,7944,-41,114,-135,-2304
48,-16,7980,-25,96,-160,-2288
80,-52,7978,-26,100,-137,-2320
106,6,7924,-62,87,-149,-2288
98,-28,7966,-43,79,-159,-2304
114,-62,7960,-55,76,-153,-2304
72,-44,8026,-23,87,-162,-2288
142,-2,7926,-16,91,-156,-2320
92,12,7932,-53,89,-171,-2304
80,-24,7956,-53,95,-117,-2304
98,-6,7990,-38,85,-149,-2288
66,-6,8030,-53,99,-176,-2304
146,0,7918,-30,79,-154,-2304
106,16,7938,-33,88,-123,-2304
112,-22,7998,-10,114,-164,-2320
82,8,7974,-21,92,-162,-2288
98,-40,7998,-48,41,-181,-2304
106,0,8000,-54,89,-138,-2304
110,-8,7942,-32,82,-152,-2320
82,-40,7964,-36,88,-168,-2320
74,24,7866,-39,88,-150,-2304
126,-30,8030,-47,93,-163,-2304
94,-38,7976,-29,71,-156,-2288
64,-6,7962,-44,105,-149,-2288
112,4,7928,-42,79,-137,-2336
104,12,7912,-48,92,-150,-2304
122,8,7986,-2,74,-159,-2320
118,6,8056,-28,56,-158,-2304
126,-38,7906,-36,74,-148,-2304
112,2,8010,-57,68,-152,-2304
102,-40,8018,-43,81,-146,-2320
102,2,8034,-21,78,-165,-2320
70,-14,7978,-55,83,-159,-2304
146,-34,7912,-40,83,-160,-2336
80,22,7942,-46,69,-157,-2320
74,-8,7980,-41,82,-132,-2288
120,12,8006,-23,89,-134,-2304
112,-56,8000,-56,101,-166,-2336
102,0,7954,-35,72,-176,-2320
74,-30,7930,-41,84,-150,-2288
56,16,7982,-30,68,-171,-2304
122,-28,7910,-24,113,-148,-2320
82,4,7962,-63,88,-149,-2336
100,-42,7992,-6,109,-156,-2304
174,-56,8024,-46,78,-162,-2288
120,24,7890,-31,70,-146,-2288
134,0,7980,-51,83,-140,-2304
116,-26,7940,-39,66,-174,-2272
58,-2,7974,-40,90,-156,-2320
86,-20,7966,-48,91,-164,-2320
116,-2,7948,-25,68,-184,-2304
112,2,8018,-37,99,-146,-2304
138,-24,8018,-43,94,-121,-2320
68,20,7934,-69,75,-177,-2304
138,0,7918,-22,81,-156,-2304
106,-8,7966,-41,120,-143,-2272
98,2,7998,-24,102,-147,-2288
78,-16,7970,-38,107,-154,-2320
80,-32,7914,-32,76,-136,-2304
94,-50,7996,-37,70,-164,-2304
126,10,8002,-46,81,-129,-2320
78,-14,8002,-45,95,-124,-2320
104,-10,7912,-43,86,-162,-2304
118,-52,7986,-36,110,-137,-2304
142,-16,8016,-42,58,-138,-2288
94,0,7936,-50,91,-159,-2288
118,-36,7882,-46,81,-157,-2304
96,6,7966,-39,86,-174,-2272
108,0,7942,-38,61,-129,-2288
44,-26,8038,-34,86,-165,-2304
74,30,7888,-62,62,-153,-2304
96,24,7912,-69,100,-143,-2336
122,-42,7990,-34,62,-177,-2288
62,-26,8024,-28,88,-126,-2320
68,-8,7906,-42,98,-135,-2304
112,22,7878,-35,83,-144,-2304
184,0,8006,-56,94,-175,-2288
94,-40,8008,-28,100,-148,-2288
106,-54,7964,-44,105,-144,-2272
136,-20,7954,-33,74,-151,-2304
100,-18,7978,-38,75,-138,-2304
90,-24,8020,-44,94,-139,-2320
42,-18,8020,-39,81,-170,-2304
92,24,7918,-40,102,-156,-2304
84,-14,7912,-32,95,-146,-2304
78,20,7998,-47,106,-156,-2320
70,-32,8024,-26,70,-145,-2320
122,-4,7968,-37,89,-151,-2304
166,10,7922,-47,90,-133,-2304
100,-14,7966,-41,42,-115,-2288
104,-24,8030,-51,69,-150,-2320
132,-18,7982,-45,93,-148,-2304
108,-48,7922,-30,75,-152,-2336
48,-26,7952,-48,89,-137,-2320
70,-44,7944,-21,89,-144,-2320
88,-10,8000,-9,95,-157,-2304
138,-16,7954,-37,74,-147,-2304
120,-40,7942,-44,94,-155,-2320
74,-36,8038,-40,93,-121,-2304
60,-12,8004,-55,71,-161,-2336
182,-26,7912,-54,92,-141,-2304
98,6,8010,-36,80,-159,-2320
142,-62,8114,-30,90,-152,-2320
86,-28,7986,-36,82,-132,-2304
96,-10,7956,-47,57,-154,-2304
92,6,7890,-47,94,-157,-2320
108,24,8026,-29,102,-137,-2320
82,-38,7968,-46,78,-155,-2336
112,-14,7862,-45,93,-145,-2272
120,34,7942,-31,64,-151,-2352
88,-2,8044,-48,97,-130,-2288
122,-54,8014,-47,80,-160,-2304
94,24,8002,-36,92,-149,-2304
94,-40,7972,-58,109,-156,-2320
126,6,8018,-29,76,-153,-2304
84,16,8078,-71,89,-149,-2272
108,-62,7958,-24,94,-173,-2304
100,18,7904,-61,85,-126,-2272
122,-16,7922,-28,84,-171,-2288
98,16,8030,-12,92,-141,-2320
76,-4,7954,-49,83,-129,-2304
78,-18,7898,-55,103,-174,-2304
136,-38,7980,-38,69,-139,-2320
106,22,7966,-46,71,-156,-2288
132,-32,7986,-46,74,-147,-2304
134,-14,7944,-18,85,-151,-2304
104,-34,7972,-28,57,-151,-2320
134,-32,7996,-47,105,-123,-2288
70,-40,7938,-32,83,-147,-2304
152,-36,7990,-62,95,-162,-2336
118,-54,7982,-60,51,-158,-2320
156,-44,7990,-42,85,-140,-2320
102,-16,8032,-45,62,-147,-2336
94,20,7932,-45,54,-139,-2304
82,-46,7966,-51,83,-132,-2320
102,-58,8000,-44,86,-147,-2288
62,-28,7970,-47,71,-146,-2336
68,0,7932,-45,70,-135,-2304
126,-38,8016,-56,79,-165,-2320
30,10,7932,-57,58,-150,-2320
90,-48,8024,-44,81,-138,-2304
100,0,8048,-29,90,-156,-2272
112,-12,7980,-64,104,-156,-2288
108,-26,7924,-21,86,-155,-2320
50,-40,8006,-39,87,-155,-2304
104,8,7914,-40,59,-129,-2304
136,64,7910,-57,95,-161,-2320
82,-28,8016,-47,83,-171,-2320
48,-12,8004,-39,90,-169,-2304
120,-8,7940,-27,96,-154,-2336
108,48,7926,-64,118,-155,-2288
80,-50,8034,-41,60,-168,-2320
92,-20,7982,-53,81,-156,-2336
150,-30,8022,-25,50,-138,-2304
112,-2,7892,-32,69,-160,-2288
130,40,7908,-40,88,-146,-2320
74,-18,8022,-32,77,-152,-2336
86,-50,7970,-37,80,-152,-2352
90,-12,7954,-40,71,-156,-2304
100,24,7968,-45,94,-137,-2304
116,32,8060,-35,91,-143,-2288
122,-92,8010,-41,75,-160,-2320
92,-14,7980,-36,84,-140,-2272
124,-32,7954,-46,81,-151,-2320
100,0,8036,-27,91,-148,-2320
92,0,7988,-53,112,-154,-2304
126,24,7956,-36,72,-146,-2304
152,-56,7944,-39,57,-130,-2320
100,-20,7958,-36,106,-167,-2320
96,-80,8026,-41,98,-194,-2304
80,12,7960,-17,82,-137,-2336
116,48,7958,-44,105,-143,-2320
120,-32,7950,-41,90,-159,-2320
88,14,8060,-46,84,-173,-2304
108,14,7992,-34,92,-117,-2272
116,-16,7926,-60,83,-139,-2288
94,16,7912,-42,81,-162,-2320
88,-18,8002,-24,92,-151,-2304
38,-10,7936,-30,91,-116,-2304
100,-12,7954,-38,98,-154,-2288
110,-34,7974,-25,63,-164,-2288
88,-24,7910,-41,81,-142,-2304
120,2,7940,-22,98,-136,-2304
122,-22,7976,-43,77,-150,-2320
144,6,7912,-29,132,-152,-2352
60,-2,7982,-71,72,-145,-2304
80,-44,7982,-24,94,-151,-2304
90,-38,7948,-12,79,-184,-2288
132,-36,7954,-78,79,-171,-2320
126,-24,7972,-26,88,-173,-2336
110,14,8004,-19,109,-162,-2272
56,-34,8002,0,111,-171,-2320
114,16,7986,-57,91,-153,-2320
124,-12,7940,-26,80,-143,-2304
68,-20,7988,-35,93,-164,-2336
120,-38,8018,-57,84,-169,-2304
96,-14,7978,-41,61,-148,-2304
126,-8,7958,-38,96,-141,-2288
88,8,7912,-39,77,-169,-2304
82,-28,7992,-30,87,-137,-2304
98,-44,7898,-37,93,-146,-2336
94,-42,7956,-30,88,-144,-2320
154,-26,8016,-49,49,-161,-2320
76,22,7916,-19,80,-152,-2304
134,-56,7950,-16,84,-168,-2272
114,10,7970,-34,96,-160,-2320
108,46,7982,-23,99,-150,-2320
106,-30,7970,-41,106,-170,-2336
122,-12,7976,-28,73,-139,-2336
88,24,7968,-48,74,-184,-2320
