AcX,AcY,AcZ,GyX,GyY,GyZ,Tmp
-2620,456,-5042,2232,-1355,-106,-3584
11390,11482,-9802,-3404,-227,-664,-3616
-11448,-3458,32767,5870,-3534,-648,-3584
-938,-13564,32728,-3497,1812,-176,-3584
7872,8528,-15862,-242,1554,286,-3552
3692,-2578,20146,3084,-1958,-20,-3552
-6798,-16358,32767,-1252,1970,53,-3552
2950,5828,-13936,-873,1092,290,-3600
2980,5256,6720,-223,-583,-162,-3568
-8320,-10998,32767,2057,-1065,-288,-3568
-8402,4686,29186,952,-2345,-78,-3600
12170,-1264,-22096,-3906,4175,-987,-3600
1244,9610,-4994,1184,-881,-378,-3600
-3144,-10474,32767,3122,-2341,35,-3600
-6060,-2768,24220,-2736,1264,364,-3600
8908,11446,-10028,-2424,2416,-298,-3600
-10286,-13438,32767,3732,-2450,206,-3600
-6116,-422,22790,806,-1246,21,-3568
4780,-294,-6054,-1841,2040,-370,-3600
-2956,3486,-7500,170,-359,59,-3568
11286,4450,-16692,-3884,921,-804,-3568
-4422,4076,13564,5256,-3284,-663,-3616
-836,-1492,3894,-2299,1207,-154,-3584
10202,10934,-16484,-1247,1586,376,-3552
7590,7904,30,2117,-1283,-47,-3584
-10330,-14694,32767,-434,1348,72,-3584
3340,7764,-13098,-1404,935,295,-3584
6066,10208,-6484,-2754,1666,-342,-3600
-8578,-10682,26146,2951,-1662,-264,-3600
-4628,5532,26852,1187,-3013,-212,-3600
958,-18128,23868,-851,2982,-850,-3568
7142,11912,-17206,-2914,1266,-272,-3600
-4106,-5628,27866,4330,-2966,98,-3568
-3432,-6932,31876,-44,-348,278,-3600
5970,-1268,-9150,-4522,4483,-300,-3600
2900,5388,-14410,2669,-867,295,-3568
3932,7040,4618,614,-1178,-156,-3568
-8988,-12718,32767,1141,-47,-302,-3600
-3396,5740,-5574,-32,-1427,13,-3568
11970,996,-20440,-4458,3202,-1031,-3600
352,7174,-554,3424,-2018,-481,-3600
-3672,-11298,32767,1552,-1163,67,-3568
9686,12368,-16256,-3066,1760,390,-3600
9072,10434,-8804,-1064,1390,-296,-3632
-11116,-12738,32767,3197,-2171,229,-3568
-5630,-770,25268,32,-712,64,-3584
4682,-3802,-5266,-3741,3394,-418,-3616
-1482,4714,-10942,1667,-784,3,-3584
1452,7836,22180,-680,-2139,-416,-3584
-5726,-15908,32767,3648,-927,-799,-3616
-1288,242,-1744,-4821,2384,-195,-3584
-2412,-398,14102,3217,-1071,146,-3600
374,-8334,32767,2339,-1637,48,-3584
-446,-7366,6234,-3516,3822,-47,-3600
4042,9178,-13562,248,520,336,-3584
-448,-80,24086,532,-1195,-149,-3568
-4510,-12594,25150,1557,-419,-263,-3584
-7132,3344,8784,-3,-1339,43,-3584
12360,-7134,-21740,-5389,3119,-1033,-3600
-12756,-2912,32767,4856,-3240,-539,-3600
-1492,-13464,32767,474,-478,72,-3600
4826,10742,-10210,-3080,2291,400,-3600
10592,11478,-19094,213,613,-268,-3600
-9166,-15794,32767,2515,-1615,214,-3600
-1110,8716,1972,-1722,609,120,-3600
6884,4694,-14592,-3165,2398,-368,-3568
-3732,210,-1774,2765,-1742,-173,-3584
-7404,3548,31346,1741,-3357,-287,-3584
5328,-21842,10978,-176,3011,-798,-3584
5834,13346,-25322,-3619,1568,-161,-3584
4202,5588,-8124,4558,-3126,24,-3584
-5568,-2816,25664,209,-413,231,-3584
9146,6318,-17646,-4682,4503,-189,-3552
544,2344,-8276,3300,-1390,260,-3584
-5150,-296,25282,781,-1282,-26,-3600
2606,-4938,1252,-1172,1669,-329,-3584
-2410,4254,-7296,-490,-17,64,-3552
12980,5622,-22852,-4385,968,-786,-3552
-9838,-13800,32767,6090,-4080,-612,-3600
-648,-3076,5420,-2274,1307,-113,-3584
12082,11962,-21764,-981,1946,308,-3600
6650,7300,-1060,3022,-1940,-24,-3568
464,-9586,7560,-929,1758,61,-3568
4604,9714,-15900,-1634,1296,264,-3600
5374,8958,-8328,-772,-23,-248,-3632
-8510,-8728,23926,2400,-1430,-261,-3568
-7934,4946,10776,942,-2579,-157,-3600
10380,-11778,-12292,-2717,3735,-918,-3600
9104,14690,-22538,-724,134,-344,-3568
-3426,-2534,20542,3592,-2605,51,-3584
572,7128,230,-2362,998,354,-3616
11868,13782,-19248,-2943,2804,-280,-3584
-7934,-6758,20118,3884,-2552,205,-3584
-3612,-3730,29268,-342,-497,32,-3584
7486,7588,-15496,-3571,2902,-371,-3584
-5188,-1968,876,1694,-729,-13,-3584
9682,9764,-2080,-1215,-1760,-439,-3552
3550,-18950,17418,3166,-479,-778,-3568
3668,10470,-17468,-4827,2255,-278,-3600
5066,6592,-9868,2757,-742,137,-3600
3216,-4080,24614,2519,-1719,152,-3600
8848,4120,-14666,-3948,4115,-186,-3600
630,3532,-9964,1145,163,343,-3600
1112,2968,15300,1576,-1822,-44,-3568
-6362,-13964,32767,-481,1174,-332,-3600
-2414,4518,-9494,-63,-848,41,-3600
11404,3110,-16610,-3898,1565,-943,-3616
-3570,4042,11452,4711,-2768,-631,-3616
-2356,-12594,32767,-500,233,15,-3584
10534,10904,-15934,-2217,1735,446,-3584
7952,8100,-1606,639,-44,-216,-3552
-10692,-14638,32767,1573,-552,166,-3552
-5292,984,18130,-1848,794,238,-3584
6744,12184,-9444,-2960,1597,-307,-3616
-9824,-9848,27140,3428,-2074,-279,-3584
-3696,5384,29222,1116,-3000,-212,-3584
28,-17726,25664,-1483,3631,-904,-3584
6962,11734,-18822,-2281,982,-220,-3584
-4112,-5378,28032,4381,-3272,95,-3584
-2902,-6816,32767,-623,-35,238,-3584
11046,12178,-18228,-4062,4069,-312,-3568
-8616,-7256,22170,3618,-1968,325,-3584
-3454,-2304,29220,892,-1282,12,-3568
-102,-11122,11586,-3078,3145,-413,-3568
-5256,-376,-810,392,-152,97,-3600
7510,9960,7312,-1460,-1589,-539,-3568
-11458,-10292,32767,4598,-2227,-695,-3568
-1408,-6322,13688,-4421,2332,-193,-3632
2300,3426,-1862,1482,489,278,-3600
3280,-7594,31474,2602,-1676,-71,-3568
-5012,-12220,20804,-2129,2651,62,-3568
2476,9782,-8572,188,637,286,-3584
2280,3082,15008,-278,-721,-219,-3584
-8110,-12408,32726,1965,-829,-247,-3584
-9184,1734,22526,281,-1526,-45,-3584
10488,-16222,-11964,-5520,4002,-1040,-3616
-7858,2580,22778,3721,-2329,-497,-3616
-2484,-15198,32767,1702,-1480,97,-3552
-1458,7036,4086,-3563,2207,360,-3584
5472,2858,6450,124,697,-275,-3600
-10392,-16420,32767,2638,-1852,219,-3600
-4390,5492,12350,-1745,551,106,-3568
6364,144,-11874,-3074,2485,-390,-3568
-9418,-7742,24608,2321,-1451,-153,-3600
-3858,6818,29166,1214,-3160,-346,-3600
-964,-21554,30388,1274,1713,-776,-3568
1898,7930,-15268,-4797,2045,-225,-3568
-3654,-4668,30002,4244,-2424,22,-3600
-4630,-7944,32767,1151,-1033,202,-3568
6264,760,-10822,-4755,4630,-222,-3600
3742,6618,-16032,3129,-1264,249,-3584
-4386,-3176,30348,1336,-1725,-15,-3600
376,-6914,8362,-1124,1627,-321,-3600
-4016,4536,-2560,-53,-364,70,-3568
11760,-2082,-20874,-4587,1654,-899,-3600
-11252,-8014,32767,5515,-3542,-605,-3600
-930,-9948,20664,-1107,660,-78,-3600
8904,10982,-15120,-2255,2173,425,-3568
9386,12038,-11570,1708,-866,-125,-3600
-3622,-14378,23156,857,108,110,-3568
1694,9376,-8344,-1900,1195,275,-3584
7354,10010,-14414,-1562,603,-265,-3584
-7396,-6070,14266,2711,-1666,-278,-3584
-9538,4366,21164,1298,-2933,-151,-3616
9326,-16966,-4476,-2119,3787,-906,-3616
9184,14900,-25866,-1601,557,-287,-3584
-2236,-13534,32767,3909,-2989,82,-3600
-3426,2856,11360,-1235,285,348,-3584
11996,11776,-20658,-4034,3807,-337,-3584
-5362,-2860,7206,3952,-2553,225,-3600
-5250,3206,14764,-5,-676,77,-3600
6988,4506,-13042,-3594,2969,-385,-3600
-3132,1336,-5938,1325,-520,-27,-3600
10344,8994,-8604,-1370,-1624,-459,-3568
-102,-17088,25524,3942,-1492,-717,-3600
1770,6836,-11470,-4412,2165,-269,-3600
7824,8408,-14422,1578,162,229,-3600
4980,606,14988,2852,-1859,30,-3600
5876,-1622,-8054,-3503,3954,-99,-3584
3026,5456,-14292,863,367,311,-3584
3384,6638,5156,1225,-1557,-95,-3584
-8314,-13504,32767,382,510,-327,-3584
-4110,5780,-5012,-75,-1080,30,-3616
11734,-200,-19454,-4339,2710,-999,-3584
1322,7696,-2000,3805,-2307,-544,-3584
-1498,-8004,17584,174,-276,9,-3600
8796,11696,-13966,-2853,1744,466,-3584
9566,11160,-10058,70,479,-247,-3568
-11272,-11866,32767,3081,-2160,258,-3600
-5292,-912,25450,-1107,51,93,-3600
7934,11036,-15074,-3982,2886,-433,-3568
-8986,-5746,15258,2855,-1654,-132,-3600
1380,6806,22132,981,-2986,-296,-3600
-5186,-16324,32767,102,2480,-867,-3584
8682,14564,-25742,-3870,1651,-210,-3584
-2464,-1008,15554,4477,-2880,98,-3584
4,-8056,32767,335,-472,182,-3616
366,-7138,4094,-4379,4529,-213,-3552
-5078,-4266,8850,2736,-1032,317,-3584
-1006,-418,25506,1223,-1684,-77,-3616
-3866,-12684,23174,-1189,1944,-308,-3584
-2498,2248,-7950,-216,-35,129,-3600
11826,11406,-9526,-3645,176,-777,-3600
-11680,-3520,32767,5893,-3692,-701,-3568
-1532,-13516,32767,-2761,1559,-37,-3600
8338,8242,-16536,-720,1848,377,-3600
5310,-2788,19084,2351,-1337,-189,-3600
-9318,-15830,32767,-108,767,169,-3600
-1398,7742,2866,-1669,1126,262,-3600
4524,7546,2448,-2239,953,-299,-3600
-10398,-10222,32767,3265,-2127,-249,-3600
-7916,3548,32090,1382,-2875,-175,-3584
5714,-22078,10100,-3665,4777,-1049,-3616
1030,9660,-6514,147,-377,-263,-3584
-3744,-10408,32767,3873,-3248,115,-3584
-5446,-1862,25474,-2586,1173,256,-3616
8220,10092,-11732,-2470,2780,-256,-3600
-10060,-13232,32767,4165,-2736,232,-3584
-5262,-122,24474,-247,-493,2,-3584
3122,-4618,-824,-2913,2861,-393,-3584
-2312,4506,-7900,-148,-117,96,-3600
12428,4418,-21204,-3684,321,-717,-3600
-9010,-12854,32767,5685,-3686,-638,-3600
-1154,-2934,7120,-2805,1466,-117,-3600
11578,11960,-19666,-1012,1829,344,-3600
7218,7922,-2658,2527,-1478,-65,-3600
-942,-10194,11102,-516,1297,104,-3568
3694,9046,-12808,-1481,1138,251,-3600
6224,9208,-10348,-1478,470,-270,-3600
-8186,-7008,19294,2826,-1684,-285,-3568
-8594,2718,14792,1505,-2957,-147,-3600
10986,-11970,-15538,-3190,4373,-940,-3600
9318,14462,-25088,-314,-61,-301,-3568
-3156,-3260,22892,4046,-3144,56,-3568
1308,8030,-1992,-2660,1256,365,-3584
11322,13640,-20312,-2831,2816,-267,-3616
-7828,-7380,21148,3977,-2646,228,-3584
-3588,-2976,29138,-559,-358,40,-3584
7182,6020,-14892,-3275,2824,-382,-3552
-4104,-844,-1550,1228,-527,-28,-3584
9914,10144,-4080,-1262,-1672,-470,-3584
2536,-19430,19528,3348,-729,-720,-3568
3954,10390,-17404,-4688,2218,-295,-3616
5670,7342,-11236,2456,-494,114,-3568
2838,-3206,23914,2664,-1939,158,-3600
8866,3310,-14120,-3772,4134,-140,-3568
1170,3574,-10976,969,303,306,-3568
1856,3474,11940,1336,-1675,-110,-3600
-6678,-12918,32364,-94,795,-320,-3600
-3050,4304,-7110,192,-1069,46,-3568
11596,2482,-18710,-4443,2562,-1000,-3600
-1350,6338,4868,3949,-2300,-582,-3568
-3226,-12392,32767,15,-116,9,-3584
10060,11572,-16512,-2615,1919,456,-3584
8688,9168,-4092,558,34,-224,-3584
-10892,-14598,32767,1729,-741,209,-3584
-5692,828,19992,-1784,755,231,-3584
7016,11800,-10396,-2998,1784,-340,-3616
-9614,-9598,25320,3286,-2009,-257,-3616
-2178,6354,25622,866,-2899,-165,-3584
11438,-9682,-13864,-1613,3396,-925,-3568
7392,12874,-20000,-2192,894,-264,-3568
-3570,-3544,22318,4240,-3156,54,-3600
-1900,-7068,32767,-710,-38,286,-3600
11538,11696,-18300,-4158,4204,-342,-3600
-7494,-6056,16472,3533,-1886,311,-3568
-2600,-1964,27376,1350,-1677,-77,-3568
-804,-11666,14746,-541,1324,-337,-3568
-4522,5834,-1928,-546,-368,92,-3600
12412,-334,-22332,-4475,1557,-900,-3600
-11310,-7284,32767,5340,-3439,-608,-3568
-1656,-9426,20906,-1053,520,25,-3600
8688,12182,-15572,-2161,1973,439,-3600
9454,10180,-13110,1500,-568,-270,-3552
-7512,-14052,28644,779,-63,230,-3616
-4142,-498,26328,-1057,122,82,-3616
7784,8094,-16298,-3805,2968,-422,-3584
-7026,-2138,5950,2319,-1405,-118,-3552
4064,9306,16376,1485,-3285,-352,-3584
9758,-17556,-7944,72,2781,-835,-3600
9288,15066,-30358,-3898,1754,-187,-3600
-1050,1058,8866,4690,-3149,114,-3600
622,-9732,32767,311,-446,161,-3600
11264,10600,-22544,-4701,4795,-176,-3568
-3672,-2612,4140,3228,-1281,256,-3600
-98,-530,24326,1040,-1541,-59,-3600
-5812,-11890,27490,-954,1654,-332,-3600
-1570,3754,-9538,-601,-45,92,-3600
12494,10400,-15772,-4407,1162,-834,-3600
-10054,-248,32278,5921,-3937,-654,-3616
-1656,-14818,32767,-2518,1374,-72,-3616
10774,10564,-20696,-1321,2005,361,-3552
5496,964,12138,2416,-1430,-123,-3616
-10012,-16130,32767,-57,782,152,-3552
4640,8042,-16636,-1537,1166,253,-3600
4940,7784,-2400,-2012,864,-333,-3552
-10172,-9302,30030,3067,-2018,-234,-3616
-6438,5028,31822,1576,-3108,-193,-3584
12526,-4312,-23134,-3556,4567,-1020,-3600
4454,12042,-14522,-85,-274,-267,-3600
-4098,-7818,32767,3955,-3240,77,-3600
-5386,-4698,30330,-2534,1223,303,-3600
9772,11736,-15762,-3109,3216,-279,-3600
-9574,-11472,32767,4143,-2483,226,-3584
-4984,-1990,27470,184,-863,33,-3584
1940,-5624,2722,-3016,2944,-326,-3600
-5812,-3756,6920,965,-432,32,-3600
6832,10952,6938,-2020,-1275,-547,-3568
-10368,-10854,32767,4833,-2192,-736,-3600
-1146,-6488,13568,-4555,2184,-252,-3568
1444,3856,-816,1380,534,168,-3600
530,-8526,32767,3136,-2062,84,-3600
-1158,-11854,14736,-2855,3294,-49,-3600
2582,9680,-11418,484,527,324,-3616
-582,-264,22430,1004,-1486,-79,-3584
-4462,-11654,27230,547,276,-328,-3584
-9282,4848,16380,408,-1503,2,-3584
10170,-14900,-8468,-4441,3255,-985,-3584
-7092,3118,19710,3263,-2054,-502,-3584
-1554,-14284,32767,1598,-1059,15,-3616
-1434,4714,6368,-2976,1730,446,-3552
11982,13518,-19858,-3006,2818,-300,-3568
-6894,-4524,13924,3753,-2483,223,-3600
-4362,4356,9922,-420,-423,102,-3600
7876,7010,-15854,-3800,2983,-414,-3632
-4340,-736,-2492,1848,-821,-63,-3600
9446,8930,-3034,-664,-2071,-368,-3600
2816,-17670,17750,3033,-554,-749,-3600
3498,9676,-15996,-4608,2173,-271,-3568
5756,6922,-10562,3015,-1116,124,-3584
4294,-1862,20594,2246,-1542,155,-3616
7712,1442,-12134,-3938,4327,-166,-3616
1648,3708,-11774,1503,-17,302,-3584
2640,5320,10118,1464,-1802,-71,-3616
2742,-6238,1670,-956,1586,-358,-3600
-2324,5890,-9362,-513,-398,107,-3584
12468,5856,-20298,-4549,1829,-935,-3584
-4014,3984,13356,5192,-3268,-607,-3552
-1238,-2708,4838,-1420,704,34,-3568
11432,12088,-19664,-2523,2049,431,-3584
7660,7536,-2098,669,-18,-262,-3584
-12034,-14128,32767,1753,-1025,250,-3584
-4902,1680,19822,-1771,818,153,-3584
7508,10446,-12254,-3262,2044,-363,-3584
-9854,-7046,21822,3391,-2168,-218,-3584
-2380,5840,29204,1614,-3263,-278,-3616
12104,-9212,-18740,-2170,4136,-914,-3600
8244,13826,-23556,-2847,1121,-181,-3584
-4330,-4256,27756,4542,-3654,86,-3632
-2590,-7400,32767,-1483,512,220,-3600
11238,12080,-20254,-4116,4148,-303,-3568
-8182,-7662,21306,4028,-2311,294,-3600
-2570,-1642,28686,637,-1181,-11,-3568
-1496,-10150,14762,-2440,2822,-379,-3568
-4024,320,-2762,61,-56,121,-3568
9796,12384,-964,-2670,-783,-624,-3568
-12464,-8220,32767,5673,-3258,-704,-3568
-1412,-10604,22652,-4539,2449,-182,-3584
4716,5986,-9510,1385,681,230,-3616
3626,-6376,29434,2855,-1951,-35,-3584
-6608,-14360,28852,-2167,2656,66,-3584
1100,9758,-4988,-571,981,271,-3584
2980,4102,11064,-627,-375,-228,-3616
-9012,-11390,32767,2331,-1243,-260,-3616
-9294,2508,27600,897,-2192,-78,-3616
13706,5924,-24554,-5220,4142,-1085,-3600
-4728,5892,9998,3355,-2222,-413,-3568
-2820,-13780,32767,4336,-3546,41,-3600
-3998,2812,13176,-1944,815,278,-3600
11418,10392,-22378,-3764,3779,-250,-3568
-2960,-1280,1452,4176,-2594,266,-3600
-5166,2396,17846,234,-845,19,-3568
5454,-694,-9270,-2727,2871,-364,-3568
-1382,3560,-9898,633,-317,11,-3584
12202,9198,-16942,-1594,-1534,-511,-3584
-4190,-17956,32767,4489,-1953,-686,-3616
-1004,-14686,32767,-2311,1277,-111,-3584
10602,10504,-20002,-1562,1968,380,-3584
4894,2088,10132,2366,-1393,-93,-3584
-8986,-16174,32767,-141,929,120,-3616
-3628,6050,7898,-1743,1187,244,-3584
4304,7164,-1272,-1603,643,-285,-3584
-8602,-9978,28398,2828,-1664,-276,-3616
-5896,5494,29370,1529,-2993,-208,-3552
11562,-5532,-20242,-3049,4171,-904,-3568
5730,12240,-15172,-1411,477,-282,-3584
-3876,-7726,32767,3965,-3084,18,-3632
-5170,-6242,30708,-2142,932,331,-3600
10268,13162,-15382,-3391,3266,-267,-3568
-10174,-10688,32767,3952,-2595,259,-3568
-5568,-2002,28148,-134,-682,47,-3568
2436,-4658,2068,-3370,2884,-376,-3568
-6266,-4416,8054,1164,-387,25,-3632
6076,9708,8048,-1809,-1371,-478,-3568
-9142,-10634,32767,4621,-2010,-731,-3632
-1154,-7290,13302,-4731,2268,-301,-3584
1016,3818,-588,2079,-120,158,-3584
1158,-7670,32242,2959,-1980,109,-3584
-1606,-12556,14632,-3456,3926,-76,-3584
3186,9334,-12374,584,506,320,-3584
-118,-538,22384,1232,-1618,-105,-3584
-4566,-12990,26970,243,570,-326,-3584
-8248,6148,11894,83,-1238,81,-3584
11602,7022,-13600,-4365,2361,-986,-3600
-7018,1028,23678,4238,-2538,-573,-3600
-2100,-13628,32767,438,-399,44,-3600
-240,6356,3438,-2674,1838,466,-3600
7102,3892,7080,-67,598,-282,-3568
-10304,-16326,32767,2392,-1385,216,-3568
-4034,3964,10326,-1782,689,198,-3568
8028,5782,-16832,-3435,2181,-351,-3568
-10008,-11864,32767,3402,-2109,-222,-3632
-6614,5154,29794,853,-2960,-235,-3600
3824,-18634,15374,-222,2786,-853,-3568
3540,10240,-18914,-3492,1445,-235,-3568
-4240,-7832,32767,4343,-2927,79,-3600
-4178,-4370,29136,415,-515,171,-3600
7636,1612,-12634,-4495,4582,-260,-3568
2054,4594,-12172,2953,-1241,313,-3568
-4576,-1984,28418,1434,-1734,-39,-3600
2228,-7740,3706,-1762,2287,-368,-3600
-2410,5820,-8548,-335,-51,127,-3568
12752,4874,-22210,-3628,321,-772,-3600
-9176,-12150,32767,5503,-3390,-671,-3584
-1418,-3980,7690,-3292,1820,-114,-3584
11508,12290,-20564,-310,1512,356,-3552
7792,8134,-4988,2493,-1495,-129,-3584
-3552,-11470,15568,-738,1403,154,-3584
3700,9582,-11742,-1371,1130,273,-3584
7342,9558,-13328,-1738,446,-287,-3584
-7078,-13132,32120,2923,-1680,-265,-3568
-8882,2668,16710,1222,-2682,-134,-3584
11768,-12602,-17084,-4478,4595,-1033,-3600
8844,14382,-26796,1604,-1165,-329,-3600
-2094,-14898,32767,3275,-2745,92,-3568
756,8628,-1708,-3212,1628,293,-3600
11290,12318,-21894,-2359,2769,-301,-3600
-6866,-6634,16822,4039,-2932,273,-3600
-3044,7886,8240,-839,-204,14,-3568
6452,1340,-12562,-3006,2940,-362,-3568
-2562,1980,-6358,1301,-810,1,-3584
11496,12612,-9184,-96,-2447,-383,-3552
1160,-21436,24028,3141,-185,-745,-3584
2848,9836,-18702,-5169,2416,-203,-3584
7726,8902,-15900,3091,-975,76,-3584
3596,-3868,23798,2474,-1753,109,-3584
6890,1728,-13386,-3993,4215,-36,-3552
3168,5408,-14614,1222,179,279,-3552
3468,4496,6676,686,-1371,-106,-3584
172,-7610,8796,197,641,-299,-3600
-3672,4482,-3562,-188,-702,60,-3568
12750,-36,-23640,-5192,2782,-1005,-3568
852,9854,-5136,4337,-2884,-500,-3552
-3402,-11108,32767,972,-762,0,-3552
10100,12228,-18814,-3297,2350,411,-3584
8516,10102,-9812,160,462,-219,-3584
-10260,-13696,32767,2426,-1499,187,-3584
2284,10202,-9994,-1988,855,173,-3568
6598,8666,-12520,-2834,2125,-370,-3584
-7188,-6270,14090,2447,-1476,-186,-3568
4148,10096,12596,651,-2814,-237,-3600
8312,-17468,-54,833,1767,-810,-3600
8344,14868,-24070,-4288,1766,-260,-3600
-418,2122,4938,4040,-2283,33,-3600
-318,-8678,32767,1129,-1079,243,-3600
11552,10984,-19388,-4563,4452,-264,-3600
-4098,-1818,3662,2721,-908,282,-3568
-1106,-1138,23802,1442,-1754,23,-3600
-3382,-11608,23834,-2160,2317,-358,-3584
-2812,1852,-7028,280,-199,90,-3584
11582,9084,-13244,-3810,368,-768,-3584
-8838,222,28600,5584,-3440,-647,-3584
-1484,-13968,32767,-2556,1401,-129,-3584
9188,9310,-17064,-1042,1655,394,-3552
5766,1284,11908,2424,-1326,-129,-3584
-8748,-16452,32767,-495,1344,111,-3616
3350,6512,-14686,-1160,1048,315,-3568
3846,7300,2644,-525,-176,-212,-3568
-8764,-12766,32767,2412,-1260,-289,-3568
-7322,4646,27604,541,-2247,-132,-3568
11222,-1990,-18778,-3349,3794,-891,-3568
3116,9100,-6508,552,-489,-355,-3568
-4094,-8910,32767,3408,-2614,80,-3568
-4620,-3744,26130,-2087,867,351,-3568
10106,12150,-12836,-3155,3146,-314,-3600
-10690,-11066,32767,3719,-2569,274,-3584
-5326,-1914,26676,-518,-309,84,-3584
3480,-4744,-1286,-3970,3030,-408,-3584
-7854,-5186,12246,2071,-1026,-78,-3584
2960,7930,18026,-24,-2448,-339,-3584
-7074,-13550,32767,2426,193,-798,-3552
-986,-2118,2958,-4686,2253,-275,-3584
-1294,556,8470,3185,-1154,158,-3584
1166,-8066,32767,2129,-1514,67,-3616
-1242,-10146,10028,-3623,4129,-37,-3552
3924,9330,-13270,1050,112,330,-3552
-112,392,23300,912,-1516,-161,-3552
-5002,-14034,27944,586,512,-268,-3584
-7188,3978,8644,-780,-481,86,-3584
12202,11244,-11184,-4600,1761,-944,-3600
-11796,-2848,32767,5620,-3794,-604,-3600
-1750,-13698,32767,-935,493,44,-3536
4092,10984,-9114,-2420,2318,433,-3600
5036,-1840,18798,1237,-342,-271,-3568
-9698,-16000,32767,1417,-736,197,-3568
-2064,8056,4234,-913,-5,65,-3600
7172,3658,-15090,-3484,2879,-387,-3584
-4092,366,-2678,2152,-1321,-86,-3584
9632,12642,-794,930,-3026,-366,-3552
5026,-21974,12520,1819,1139,-795,-3616
5374,13046,-25154,-4977,2341,-195,-3584
4430,6540,-9138,4119,-2110,98,-3552
-5000,-2830,26632,925,-892,170,-3568
8700,5180,-17636,-4371,4447,-85,-3584
1466,3442,-10790,-54,799,296,-3600
2424,3708,13102,80,-940,-207,-3600
-8902,-11340,32767,1788,-770,-268,-3568
-9156,3246,26870,460,-1674,-59,-3568
13356,5172,-24356,-5141,4176,-1057,-3600
-4492,6166,9672,3286,-2178,-415,-3600
-2738,-13614,32767,1959,-1566,38,-3600
-4144,2986,13316,-3488,2077,366,-3632
6724,6402,-2174,-974,1510,-282,-3568
-10444,-15516,32767,2760,-1800,186,-3616
-5160,2748,17066,-1765,662,124,-3584
5270,-418,-8818,-2998,2331,-338,-3616
-8154,-7194,19974,2135,-1262,-143,-3616
160,8738,21830,313,-2675,-326,-3584
-5164,-16454,32767,2643,197,-722,-3568
-94,2640,-3462,-4891,2125,-282,-3600
-2252,-1066,15692,3084,-1044,71,-3568
-2566,-10162,32767,2427,-1675,161,-3600
3460,-5668,-920,-4168,4362,-136,-3568
3986,7632,-15530,1605,-11,278,-3600
-2576,-2522,28670,1253,-1710,-44,-3600
-1994,-10024,18842,-599,1230,-351,-3584
-6334,4050,3670,-479,-245,81,-3552
11638,-4946,-20726,-4704,1744,-874,-3616
-12204,-4262,32767,5431,-3702,-620,-3584
-1026,-12148,28508,-990,554,-64,-3616
6292,11128,-11102,-2468,2176,443,-3584
2922,-4040,24444,2233,-1228,-135,-3600
-5590,-15962,29534,849,23,122,-3584
276,9446,-4894,-2033,1030,201,-3584
7436,8700,-15168,-1462,700,-276,-3568
-7206,-12282,31858,2631,-1600,-289,-3568
-8692,5778,23848,970,-2770,-188,-3568
6668,-17506,5630,-1469,3153,-873,-3568
7012,13308,-21818,-2204,825,-284,-3632
-2602,-11354,32767,4124,-2815,40,-3600
-4846,-1430,19404,-737,-16,294,-3600
11072,8600,-17262,-4077,3875,-315,-3600
-2460,-358,-1054,3807,-1996,270,-3600
-5884,-10,21310,745,-1273,43,-3600
5296,718,-8216,-3155,2906,-395,-3600
-2966,2338,-7332,1386,-462,7,-3584
11606,7224,-14458,-1833,-1348,-464,-3584
-3502,-16058,32767,4555,-1940,-760,-3616
-696,1460,-3178,-4214,2085,-252,-3584
10064,9934,-16990,1188,461,253,-3584
6664,4326,6836,2818,-1888,40,-3584
2974,-6068,136,-2480,3068,-51,-3584
3614,7682,-14550,-292,738,345,-3584
5560,10368,-2750,431,-1073,-173,-3616
-800,-11590,15222,703,319,-308,-3568
-5010,6156,-1136,-248,-1194,67,-3568
12400,-2068,-20714,-4548,3381,-1092,-3584
3020,10202,-8448,3212,-2009,-472,-3616
-1514,-10550,22624,914,-760,81,-3568
7886,11604,-13746,-2935,1722,391,-3552
9922,10784,-14014,-470,1128,-364,-3568
-10284,-11208,32398,2659,-1804,276,-3568
654,9142,-3018,-1421,408,148,-3600
7858,9198,-15736,-3697,2608,-377,-3600
-7150,-3338,7950,2928,-1761,-188,-3568
4124,9548,15850,1407,-3287,-286,-3568
9902,-17270,-6526,168,2582,-854,-3600
8246,14436,-27908,-3809,1689,-168,-3600
-594,1000,7898,4517,-2858,98,-3600
1726,-9168,32767,-89,-246,147,-3584
10502,9294,-20486,-4387,4497,-210,-3584
-2898,-1482,1518,3236,-1425,297,-3584
848,1086,21270,968,-1445,-46,-3584
-6708,-12482,30600,-1029,1702,-338,-3584
-1252,4754,-10710,-970,156,101,-3584
13350,12250,-18322,-4158,598,-756,-3584
-11384,92,32767,6201,-4271,-588,-3584
684,5474,-12378,-3548,2017,-117,-3568
11024,10734,-22316,-419,1762,292,-3568
4800,-410,14188,2979,-1889,-81,-3568
-9888,-16610,32767,-1129,1758,158,-3600
4802,7866,-17108,-1428,1193,219,-3600
4474,6422,24,-1166,237,-303,-3568
-9826,-9528,30230,2787,-1766,-237,-3600
-6154,5184,30838,1276,-2722,-133,-3568
11910,-4254,-21794,-3309,4322,-946,-3600
4862,11370,-14304,1008,-751,-365,-3584
-4022,-8124,32767,3458,-2765,53,-3584
-4950,-5158,30012,-2808,1400,300,-3584
9802,12302,-15574,-2723,2849,-269,-3584
-9908,-10718,32767,3949,-2697,229,-3584
-4458,-1622,27956,-450,-409,50,-3616
7424,6968,-15524,-3280,2884,-370,-3568
-5714,-2310,4388,975,-499,13,-3584
7216,11050,6706,-1067,-1850,-476,-3584
-11008,-11074,32767,4268,-1488,-721,-3616
-1048,-6772,13572,-2815,1582,-110,-3584
10608,12068,-18872,-872,1856,360,-3552
7970,9226,-6646,1855,-926,-148,-3584
-10248,-14560,32767,1560,-545,172,-3568
2980,10350,-11758,-2084,961,185,-3568
6416,9768,-11690,-2503,1512,-307,-3600
-8182,-7240,19256,2805,-1747,-235,-3632
1782,9038,18958,816,-2877,-249,-3600
9966,-15446,-6816,-150,2532,-824,-3600
8870,15090,-24474,-3721,1504,-269,-3600
-1904,114,11738,4330,-2802,81,-3600
-2018,-9208,32767,-346,-252,305,-3584
11922,12512,-19824,-4405,4124,-318,-3584
-5750,-4000,10354,3559,-1774,256,-3552
-2488,-2700,27128,1070,-1426,6,-3616
-1628,-10312,17784,-2725,2634,-386,-3584
-3566,130,-4074,563,-254,41,-3584
10504,9280,-7970,-3071,-282,-668,-3584
-9616,-2224,32767,5305,-3107,-692,-3584
2324,7406,-12856,-3751,1996,-225,-3568
7254,8392,-13948,362,965,307,-3600
4766,-702,17380,3000,-1872,18,-3568
-7254,-16872,32767,-1994,2740,13,-3568
2294,5238,-13750,-757,1001,306,-3600
2598,5926,8902,286,-945,-144,-3600
-8068,-14376,32767,1738,-603,-345,-3568
-9056,5020,24494,-4,-1687,-53,-3568
11642,2108,-18836,-3810,3498,-1012,-3536
-1384,5810,5490,2097,-1289,-407,-3568
-3502,-11778,32767,1826,-1399,43,-3584
-4248,-188,18478,-2788,1465,409,-3616
8640,9800,-7054,-1539,1831,-316,-3616
-11454,-12886,32767,3238,-2280,228,-3584
-5384,164,22936,-998,57,107,-3584
5058,-2600,-6978,-4017,2925,-400,-3584
-9380,-6908,18722,2692,-1514,-164,-3584
-872,6226,26184,1009,-3016,-325,-3584
-2974,-17534,32767,978,1751,-832,-3552
-74,3948,-8464,-4418,2019,-203,-3584
-3898,-2788,21766,4194,-2426,123,-3584
-926,-8174,32767,1210,-927,100,-3584
1860,-5962,-774,-4269,4606,-130,-3584
-6504,-5324,13530,2658,-1020,338,-3600
-1178,-918,27628,1200,-1681,-68,-3600
-3760,-12042,22142,-756,1593,-327,-3568
-5804,3888,3868,-707,-64,129,-3600
11582,12396,-6926,-4558,1234,-856,-3600
-13274,-5852,32767,6215,-4132,-621,-3568
-1302,-12960,29358,-1925,1124,-24,-3600
7282,12666,-15354,-1853,2286,400,-3600
3712,-5076,27024,2209,-1203,-194,-3536
-7582,-15606,32767,463,252,217,-3600
352,9992,-3660,-1761,1237,242,-3616
7542,6660,-16266,-1755,682,-319,-3584
-9548,-11270,32767,3082,-1996,-247,-3584
-8444,4328,28316,1271,-3087,-250,-3568
7340,-20324,4442,887,1987,-850,-3584
6840,14298,-26748,-4563,1981,-199,-3616
1920,4712,-2880,4384,-2704,82,-3616
-5160,-420,20912,296,-564,170,-3568
10378,7338,-20072,-4604,4642,-236,-3600
-724,1034,-6044,3137,-1302,272,-3568
1812,1992,17138,1050,-1513,-34,-3632
3724,-4232,-2742,-1089,1798,-316,-3600
-1806,4300,-9128,-417,-216,139,-3568
13300,6926,-21790,-4509,1214,-872,-3568
-6514,4468,16382,5939,-3942,-639,-3568
-916,-818,1236,-1936,1067,-57,-3600
12254,11786,-22138,-1101,2021,354,-3584
6272,4892,1970,2667,-1556,-88,-3584
-10422,-16002,32767,-525,1189,106,-3552
4328,9506,-14778,-1602,1201,269,-3584
5306,7934,-6346,-1403,539,-277,-3584
-8616,-8028,23280,2885,-1786,-248,-3568
-2254,7138,25938,1468,-3071,-198,-3568
10888,-11328,-15284,-2500,4038,-899,-3584
8422,13472,-22588,-1022,327,-265,-3616
-3128,-3710,23334,4110,-3141,35,-3616
-3658,-8680,32767,-1524,418,297,-3616
11100,13640,-18748,-3793,3609,-243,-3584
-7868,-7316,21318,3919,-2312,256,-3584
-3566,-2930,28340,299,-926,27,-3584
7014,6384,-14434,-3145,2732,-362,-3568
-4056,-324,-1492,702,-321,7,-3568
9438,10906,-2618,-1595,-1456,-486,-3568
-11416,-5682,32767,4545,-2061,-697,-3600
4886,11540,-20136,-4547,2319,-301,-3600
4850,6592,-10142,1435,386,179,-3536
2420,-5018,26480,3108,-2095,105,-3568
-4218,-15244,25104,-3149,3715,-4,-3600
116,2374,-9064,316,658,258,-3600
1420,1806,15284,923,-1355,-91,-3600
-6566,-13144,31610,215,557,-331,-3584
-9122,5644,20354,134,-1234,5,-3616
11576,2762,-17336,-4205,2751,-1003,-3616
-2366,5602,8196,3333,-1970,-543,-3616
-2964,-12256,32767,1417,-1031,27,-3616
-4044,1032,15270,-2734,1612,451,-3552
8446,8768,-3394,-809,1171,-234,-3584
-10538,-14438,32767,2732,-1693,189,-3584
-5776,498,19846,-1334,260,163,-3584
6504,1792,-11116,-4005,3189,-388,-3568
-2974,2398,-7928,2074,-958,-40,-3600
-2874,6124,26752,-440,-2268,-368,-3600
-832,-17722,28854,2955,-269,-821,-3600
428,5270,-10384,-4807,2275,-231,-3568
8928,8844,-16478,2915,-879,157,-3568
-2766,-7278,32767,2409,-1627,48,-3600
4472,-3588,-5024,-3967,4300,-161,-3584
3900,7532,-15524,1296,-62,357,-3616
4748,9322,836,1103,-1628,-137,-3568
-180,-11078,11556,376,588,-292,-3568
-3476,6570,-5152,-463,-855,74,-3568
12562,-712,-21822,-4475,2664,-1046,-3568
1308,8586,-4398,4967,-3199,-573,-3552
-1252,-8944,18940,-417,178,-9,-3584
9190,11984,-16050,-2570,2037,448,-3584
9138,10478,-11720,637,123,-280,-3584
-10416,-11902,32767,1883,-1039,222,-3616
1494,9426,-6018,-1834,877,164,-3584
7806,9366,-15884,-3203,2023,-367,-3552
-7678,-4376,10870,3213,-2015,-218,-3552
-9282,3194,23338,1527,-3133,-182,-3568
9992,-16132,-7694,-894,3358,-890,-3584
8594,14442,-27738,-2172,943,-173,-3536
-1332,1246,9592,4684,-3577,87,-3600
-2904,3842,10050,-828,119,230,-3568
11068,10188,-21980,-4403,4427,-269,-3600
-3588,-2208,3242,3796,-2091,276,-3568
60,658,23992,920,-1415,-28,-3600
5966,-1970,-10054,-2038,2584,-396,-3568
-1136,4630,-11266,-554,151,122,-3600
12744,12266,-15010,-2891,-582,-648,-3568
-12346,-1162,32767,5417,-2990,-694,-3584
1362,6824,-14998,-4394,2428,-177,-3584
10242,9964,-20980,775,1015,276,-3584
4444,-1352,16948,3078,-2048,-64,-3584
-9486,-15994,32767,-2167,2634,87,-3584
4238,6692,-16272,-535,987,263,-3584
4516,5464,942,-680,-250,-232,-3584
-9560,-9388,28964,2403,-1350,-258,-3584
-5556,3462,2780,862,-2073,-87,-3568
12224,-3688,-22448,-4793,4203,-1053,-3600
4258,11696,-13476,2283,-1487,-368,-3600
-3750,-8620,32767,2707,-2159,6,-3568
7464,12060,-14462,-3292,1831,353,-3568
9510,12018,-14708,-1603,1907,-279,-3632
-9928,-11820,32767,4030,-2290,278,-3568
-5132,-1240,26874,715,-1289,-7,-3584
1994,-5124,2906,-1995,2331,-346,-3552
-3090,3958,-5498,28,-56,122,-3616
12556,2456,-22326,-3758,194,-741,-3584
-10472,-12078,32767,6005,-3775,-633,-3584
-1096,-6170,11378,-3128,1693,-167,-3584
10952,12054,-19492,-690,1760,343,-3584
-164,-9184,32767,3275,-2145,48,-3568
-756,-11210,12726,-1097,1878,24,-3584
3538,9976,-13562,-1479,1254,280,-3584
6036,9546,-10248,-77,-634,-192,-3600
-4436,-11232,26022,1801,-877,-286,-3568
-8342,5250,13888,765,-2323,-92,-3600
10016,-13526,-8962,-3388,3717,-970,-3600
8818,14912,-23484,416,-450,-384,-3568
-1454,-14158,32767,3353,-2501,74,-3568
-970,5256,4724,-2295,1002,384,-3600
12270,12986,-19674,-2677,2733,-331,-3600
-7070,-5212,14656,3720,-2366,232,-3600
-4220,4966,9802,-870,-125,123,-3584
7394,6320,-14358,-3601,2724,-378,-3584
-4134,-886,-2258,2028,-942,-97,-3584
9788,10026,-4406,-150,-2380,-325,-3584
2982,-18526,18880,2506,167,-766,-3552
2986,9508,-16552,-4688,2220,-257,-3552
5902,6794,-11188,3074,-1130,98,-3584
-4628,-5816,29676,1749,-1347,191,-3568
7532,2200,-12204,-3996,4275,-158,-3584
1074,3700,-10976,1616,-86,341,-3584
2664,4828,10978,1640,-1779,-62,-3600
2962,-6002,806,-993,1586,-350,-3600
-2862,6274,-9072,-439,-331,89,-3568
12124,4694,-19274,-4093,1230,-843,-3600
-3884,4498,12168,5250,-3365,-615,-3600
-1164,-2972,5726,-1223,626,-39,-3600
11082,11994,-18810,-2091,1931,443,-3568
7558,8130,-2474,1329,-547,-209,-3568
-11432,-14360,32767,249,557,160,-3552
4108,9312,-13306,-1924,1013,235,-3568
6794,11106,-10610,-2596,1310,-348,-3600
-9732,-8440,23876,3332,-2061,-267,-3568
-2454,5724,28414,1248,-2894,-205,-3568
11848,-8788,-17524,-2074,3855,-892,-3568
8026,12954,-21398,-1747,674,-252,-3568
-4430,-4726,26786,4153,-3364,91,-3584
-2090,-7708,32767,-1930,678,292,-3616
11340,12598,-19414,-3888,3914,-281,-3584
-8656,-7200,21698,4223,-2720,296,-3584
-2680,-2206,29872,512,-1061,9,-3584
8136,4732,-17472,-3514,3442,-409,-3600
-4736,396,-2586,622,-289,105,-3584
8968,11274,2868,-1458,-1662,-561,-3584
-12386,-8490,32767,4095,-1308,-815,-3568
5270,13266,-25790,-4891,2512,-163,-3568
4206,5198,-7600,2509,-219,177,-3600
3534,-7012,30602,2475,-1710,40,-3600
-6362,-13668,26338,-3001,3327,-9,-3600
762,2804,-9178,154,593,311,-3600
2602,3640,12606,-67,-830,-181,-3600
-8754,-11626,32767,1697,-647,-234,-3568
-8922,2908,25766,431,-1612,13,-3600
13438,6164,-23746,-5138,3974,-1085,-3600
-4784,5434,10822,4283,-2762,-450,-3584
-2742,-13772,32767,1100,-931,40,-3584
-3762,3454,12228,-3349,2308,382,-3584
6560,6486,-1334,-175,834,-252,-3584
-10500,-15826,32767,2989,-1939,228,-3584
-5018,2032,17480,-1748,681,110,-3616
6018,8778,-9954,-2974,2156,-363,-3568
-8906,-7298,22268,2514,-1536,-106,-3584
-836,7816,25514,786,-2916,-340,-3584
-4206,-18132,32767,435,2413,-788,-3568
8686,14582,-24858,-4082,1678,-206,-3568
-2830,-2820,21608,4396,-2757,8,-3600
-3388,-9666,32767,2472,-1751,173,-3584
4112,-3216,-4212,-3610,3870,-56,-3600
4008,7746,-15802,710,487,268,-3568
4184,6652,514,859,-1399,-113,-3600
-1268,-8686,15032,186,531,-324,-3584
-6092,4318,2582,126,-1025,59,-3616
11566,-5464,-19084,-4753,2819,-1000,-3552
4940,11590,-13264,4405,-2767,-525,-3584
-694,-11546,27006,648,-418,-28,-3584
5976,10258,-9704,-2950,2013,453,-3584
10018,13472,-14614,121,349,-217,-3584
-5168,-15504,28242,1330,-427,119,-3568
296,8610,-3976,-1807,648,166,-3584
7330,9566,-14784,-2518,1460,-334,-3600
-6330,-4336,8668,2841,-1594,-269,-3568
-9552,3900,24136,1302,-3027,-218,-3600
8270,-17404,-514,-785,3005,-798,-3600
8822,14974,-25476,-3132,1275,-280,-3600
-228,2220,3976,4541,-3054,41,-3568
-4052,1206,14126,-275,-258,277,-3600
11644,11216,-20730,-4664,4382,-270,-3600
-4386,-2170,4248,4141,-2391,273,-3584
-816,-2102,25560,553,-1190,34,-3616
6516,2222,-12184,-3110,2987,-406,-3584
-3156,2460,-7742,774,-300,71,-3552
11602,8030,-11432,-2292,-884,-597,-3552
-8802,-604,29380,5010,-2687,-694,-3584
638,4378,-8166,-3589,1849,-195,-3584
9344,9802,-16612,175,1055,322,-3584
5484,2422,12078,2892,-1896,-34,-3584
5022,-4156,-5112,-2393,3063,3,-3600
3830,7134,-15992,-486,891,280,-3600
4482,8812,642,343,-1101,-153,-3568
-9416,-12148,32767,1353,-328,-325,-3568
-4172,5460,-3532,179,-1590,10,-3600
12248,-708,-21280,-4400,3438,-1059,-3600
2348,8858,-5950,2772,-1647,-478,-3600
-4366,-9796,32767,2054,-1578,102,-3600
9014,11738,-15354,-3025,1617,404,-3600
9802,11344,-12162,-1527,1896,-352,-3600
-11122,-12210,32767,3588,-2480,229,-3568
-5340,-1654,26620,-1056,123,126,-3600
8184,11244,-16484,-4069,3039,-394,-3568
-9102,-5662,15464,2941,-1736,-115,-3600
2056,7582,22176,838,-3002,-327,-3600
-6284,-15352,32767,334,2482,-846,-3552
8520,14098,-26692,-3953,1741,-180,-3584
-2266,-494,14340,4383,-2861,142,-3616
670,-8268,32767,537,-599,141,-3616
-976,-7824,7228,-4330,4518,-199,-3584
-4416,-3340,6140,2532,-827,352,-3584
-200,230,23778,1085,-1540,-43,-3584
-4830,-12962,26094,-632,1485,-339,-3584
-1602,3396,-9812,-668,54,109,-3600
12134,12982,-12478,-4066,485,-751,-3600
-12372,-3246,32767,6122,-4037,-629,-3600
-1556,-13658,32767,-2778,1578,-81,-3600
9040,9072,-18460,-1141,1996,373,-3600
4782,-2846,19264,2531,-1449,-169,-3568
-9380,-15768,32767,-255,859,194,-3600
-1404,8676,2060,-1619,1150,256,-3568
4412,6464,2738,-2083,937,-334,-3600
-9980,-10194,31750,3312,-2062,-257,-3600
-7952,2876,32532,1905,-3517,-301,-3584
5780,-22502,9212,674,2451,-767,-3600
6686,13816,-27668,-3641,1558,-158,-3584
3882,5246,-7734,4786,-3334,18,-3616
-5506,-1826,24572,-148,-262,197,-3616
9658,7482,-19578,-4760,4603,-189,-3584
6,1572,-7270,3634,-1679,260,-3552
1796,1338,16286,801,-1384,-32,-3584
3058,-4306,-584,-1373,1895,-322,-3584
-2578,4238,-7640,-107,-743,65,-3600
12926,5276,-22188,-5129,3247,-1017,-3584
-4394,5882,10338,4103,-2650,-498,-3616
-2394,-14184,32767,1269,-900,-6,-3584
-4296,2246,12878,-3350,2211,454,-3584
7102,7070,-1368,-104,686,-226,-3552
-10700,-15502,32767,2669,-1718,186,-3552
-5526,2676,17684,-1701,517,126,-3584
5908,528,-9794,-3105,2366,-357,-3584
-2368,2328,-7834,911,-436,16,-3584
-1186,8364,24140,-948,-1986,-427,-3600
-3700,-18332,32767,4703,-1947,-721,-3552
478,3866,-7892,-4791,2458,-234,-3552
10340,10392,-19478,2467,-392,131,-3568
-3290,-9210,32767,2795,-1942,110,-3568
4570,-2948,-5240,-3777,3999,-113,-3568
3936,7594,-16042,777,377,314,-3600
3808,7096,1728,1061,-1556,-91,-3568
-334,-8548,11798,322,500,-336,-3600
-5146,5594,-64,299,-1386,8,-3600
11102,-6396,-17222,-4276,3022,-1007,-3600
5034,11998,-13290,3258,-1944,-476,-3568
-968,-12512,27062,1638,-1038,-4,-3600
5838,10032,-8880,-2999,1669,450,-3568
10824,13800,-15336,-896,1154,-267,-3568
-10166,-9922,31748,3838,-2486,255,-3584
-5392,-3024,28468,-344,-425,82,-3584
3186,-4322,-252,-3818,3077,-402,-3552
-7446,-5716,10984,2082,-927,-44,-3584
5890,8690,10262,-1160,-1866,-401,-3584
-8220,-9844,32767,3414,-875,-798,-3584
6818,13366,-21758,-4646,2168,-277,-3600
694,3088,1090,2762,-838,170,-3600
2112,-7114,30526,2452,-1636,95,-3568
-2364,-12924,15816,-3824,4182,-129,-3568
-2834,-232,-1496,1267,81,311,-3568
28,262,22066,1475,-1740,-85,-3568
-4794,-14484,28548,-78,986,-319,-3600
-8092,5402,10718,-489,-657,76,-3568
11376,8190,-12088,-4276,2084,-968,-3568
-8754,-656,30824,4619,-2859,-596,-3568
-2090,-13264,32767,-31,-174,53,-3568
662,8164,638,-2588,1766,448,-3600
6650,2730,8752,-17,582,-267,-3600
-10546,-15002,32767,2107,-1352,219,-3568
-3550,5104,10690,-1437,480,202,-3568
7466,3326,-14422,-3598,2397,-341,-3568
-10344,-10546,30146,3446,-2117,-242,-3616
-6586,3092,32090,1797,-3308,-261,-3552
4704,-20766,13406,-1615,3891,-891,-3616
4338,11922,-23470,-2426,1033,-159,-3584
-4906,-9328,32767,4657,-3643,88,-3584
-4308,-3604,27964,-900,212,203,-3584
7688,3030,-15766,-4346,4456,-230,-3584
-10774,-11040,32767,4045,-2452,299,-3568
-4054,-636,28042,879,-1424,-56,-3616
1204,-8370,5316,-2385,2813,-368,-3600
-1820,4934,-8650,-263,20,119,-3568
5284,10348,13598,-2314,-946,-595,-3600
-10560,-13954,32767,5763,-3357,-694,-3568
-1210,-4468,6820,-4212,2408,-156,-3600
12706,12972,-24374,619,1192,262,-3568
1044,-9238,32767,2931,-2059,-40,-3600
-2796,-9878,13470,-1817,2281,104,-3600
4184,10500,-13356,-1867,1155,210,-3584
6340,7642,-10958,-2192,1271,-327,-3552
-8320,-5796,17048,2944,-1909,-214,-3552
1298,9578,20564,1554,-3119,-244,-3616
10552,-15790,-10482,-1457,3627,-877,-3552
9004,15830,-27720,-2780,1075,-232,-3584
-2214,-154,14698,4616,-3487,30,-3584
-1636,5830,4190,-1526,479,302,-3568
11660,12588,-22280,-3996,3921,-328,-3568
-5840,-4460,11160,4067,-2381,259,-3568
-1532,-2256,27450,554,-1024,30,-3568
6794,2238,-13724,-2683,2879,-361,-3600
-2460,2026,-7062,298,-148,107,-3568
11578,11272,-10190,-2575,-877,-620,-3568
-12220,-3052,32767,5448,-3029,-656,-3568
2544,8916,-16570,-4190,2251,-155,-3600
7904,8432,-15998,-172,1526,300,-3584
3944,-3194,20816,3181,-2035,-11,-3600
-7282,-15970,32767,-2156,2610,40,-3600
2732,5602,-13464,-669,1045,290,-3600
3080,4470,7560,-173,-543,-180,-3568
-8346,-11194,32142,1996,-1034,-296,-3600
-7812,4594,27934,848,-2277,-89,-3600
11652,-1276,-20728,-3777,4018,-936,-3600
1538,8942,-4862,1164,-829,-377,-3568
-2970,-10544,32767,3059,-2243,13,-3568
-5752,-3012,24096,-2797,1355,388,-3552
8656,11370,-9768,-1755,1910,-246,-3584
-9674,-12910,32767,3329,-2116,185,-3552
-6100,-668,23646,-1086,12,110,-3616
4550,-1330,-4468,-3463,2582,-385,-3584
-7226,-6590,15016,1906,-921,-148,-3584
1918,8344,17704,18,-2433,-312,-3616
-6256,-14144,32767,2397,227,-741,-3584
9092,15110,-24748,-4587,2139,-316,-3600
-1724,-256,10676,3757,-1837,67,-3568
-1596,-9022,32767,1651,-1337,211,-3568
2206,-8082,2526,-4546,4721,-214,-3600
-6160,-3948,10514,2506,-706,292,-3600
-2366,-2960,27988,1721,-1959,-24,-3568
-1588,-11772,17980,-1476,1953,-346,-3600
-6212,6048,2394,35,-384,71,-3568
10040,8614,-4988,-3912,1091,-878,-3568
-9280,-3818,32767,5253,-3089,-683,-3616
-1626,-12404,29978,-1903,961,-55,-3584
4488,10024,-6594,-1430,1687,427,-3584
10946,12286,-16180,-688,1125,-297,-3584
-7896,-15760,32767,2134,-1287,196,-3568
-1506,7176,1952,-1289,294,164,-3552
7988,8904,-16568,-3745,2559,-365,-3584
-6576,-2778,4926,3323,-1970,-211,-3600
-9232,4048,27088,1152,-3069,-261,-3600
8318,-18096,1378,-353,2847,-916,-3568
6710,13836,-25418,-4073,1775,-191,-3584
1384,3260,124,4287,-2712,72,-3584
2584,-7092,32686,2207,-1575,68,-3568
-4090,-12356,19236,-3527,3832,-88,-3568
-1434,716,-4410,694,325,352,-3568
1414,2772,18072,645,-1413,-118,-3568
-7026,-13368,32560,823,256,-324,-3568
-8994,2456,17718,-371,-756,37,-3568
13524,10628,-19340,-5144,2249,-959,-3616
-10260,518,30854,5621,-3809,-563,-3584
-1842,-14254,32767,-729,392,39,-3584
574,8948,-540,-2522,2286,406,-3584
5858,956,9786,1142,-191,-266,-3584
-10352,-16150,32767,1592,-855,206,-3584
-3392,5802,9114,-1808,899,177,-3584
5292,8030,-3266,-2602,1541,-335,-3600
-9658,-9002,28408,2908,-1863,-199,-3584
-6472,4736,32767,1986,-3449,-220,-3600
2672,-22168,20220,-1851,4184,-890,-3568
5188,11496,-16108,-2200,960,-189,-3600
-4556,-7752,32767,4615,-3716,24,-3568
-4938,-5524,32130,-1062,305,272,-3568
7286,3226,-14036,-4291,4232,-255,-3600
-9826,-10530,32472,3972,-2201,285,-3568
-4468,-1392,28172,668,-1222,11,-3568
1228,-7424,6308,-2188,2495,-355,-3600
-2962,4678,-6120,21,-39,51,-3584
6022,11388,9602,-2131,-1183,-581,-3552
-10964,-12330,32767,5264,-2776,-678,-3584
-1214,-4916,10152,-4552,2364,-185,-3584
11998,12762,-22074,861,937,233,-3584
290,-9896,32767,3293,-2166,16,-3584
-1610,-11164,12938,-2569,3061,20,-3584
4104,10124,-14442,-385,1007,244,-3584
124,-822,22992,353,-1106,-148,-3600
-6120,-11166,29044,1535,-577,-296,-3568
-8860,3338,17006,489,-1655,-49,-3600
10406,-14814,-11484,-4294,4087,-1040,-3584
9640,15680,-26840,1758,-1312,-369,-3616
-1270,-14958,32767,2941,-2213,25,-3552
-886,5882,2590,-3103,1714,378,-3552
11814,13808,-21136,-1796,1937,-259,-3584
-8848,-16610,32767,3127,-2100,177,-3568
-4112,5624,8498,-1466,279,113,-3600
6942,5610,-14168,-3181,2413,-398,-3568
-3578,-688,-2880,1999,-1040,-148,-3536
-5252,7070,27024,-141,-2372,-324,-3568
714,-19372,24968,2460,281,-703,-3568
3198,8944,-14800,-4630,2260,-338,-3584
6482,7896,-13078,1439,392,189,-3584
2910,-2446,22128,3209,-2211,134,-3616
-4968,-16618,30512,-3176,3673,-117,-3584
1340,4442,-12330,142,725,326,-3616
1500,3572,12658,1322,-1657,-73,-3584
-6426,-13640,32767,317,469,-334,-3584
-3018,4598,-8332,109,-1060,65,-3568
11300,1162,-17560,-3973,2845,-991,-3584
-1326,6752,4466,-43,-187,-379,-3568
-3404,-11582,32767,3399,-2549,97,-3600
-4176,90,17164,-1928,722,370,-3600
10976,8654,-17694,-3089,3045,-339,-3600
-10826,-14030,32767,3792,-2402,242,-3600
-5366,528,19966,-155,-566,85,-3568
5960,1492,-10278,-3956,2982,-382,-3584
-2696,2974,-8550,2290,-1120,-113,-3616
-2054,5878,25982,2,-2486,-331,-3584
-1518,-16694,29156,2104,498,-786,-3616
474,5446,-9546,-4557,2118,-197,-3584
9232,9224,-16088,3394,-1341,119,-3584
-2014,-7790,32767,1991,-1343,89,-3584
3660,-4140,-3934,-3890,4218,-97,-3552
4062,7006,-15334,1407,-60,331,-3584
-3070,-2766,29494,1569,-1860,-57,-3568
-718,-11784,13748,-578,1405,-381,-3568
-3432,6264,-5222,-952,1,99,-3568
12510,2002,-23962,-4608,1775,-907,-3584
540,7544,-968,5377,-3655,-578,-3584
-810,-8082,15594,-915,503,2,-3584
9978,12998,-19112,-2468,2119,417,-3584
8768,9530,-10150,1025,-129,-253,-3584
-5920,-13214,23640,854,-178,196,-3568
2138,9956,-7870,-1817,786,183,-3584
7710,7916,-15274,-2733,1593,-376,-3600
-7516,-3506,9660,3237,-2074,-211,-3536
-9312,2090,23866,1762,-3290,-234,-3600
10148,-16846,-8752,-1859,4056,-891,-3600
9216,15060,-29572,-2240,874,-203,-3568
-1480,886,9836,4598,-3701,52,-3568
-2982,5226,8680,-1174,329,266,-3568
11402,10688,-22124,-4322,4326,-252,-3568
-4106,-2656,4806,4082,-2519,276,-3584
68,270,23826,519,-1066,-3,-3584
5702,-1692,-9494,-2430,2795,-345,-3584
-1414,3764,-9998,-171,29,96,-3584
13190,12194,-15898,-2324,-1055,-597,-3584
-11736,-1242,32767,5573,-3099,-722,-3584
1138,6384,-13994,-4375,2410,-163,-3584
10406,9660,-20654,861,1074,235,-3584
4700,-1510,17040,3179,-2118,-12,-3616
4530,-1470,-7594,-2722,3134,13,-3568
4396,7880,-16814,-349,875,280,-3568
4108,6122,1540,-105,-756,-188,-3568
-9520,-9726,31238,1761,-834,-251,-3536
-6156,6332,29796,1360,-3048,-230,-3568
2350,-20786,20156,-1609,3676,-889,-3568
4290,11938,-13998,-2262,847,-200,-3600
-3372,-7560,32767,4266,-3238,23,-3584
-5438,-5842,30360,-1581,568,302,-3584
8066,3704,-13822,-3793,3608,-248,-3584
-9346,-10660,32140,3885,-2246,225,-3616
-5042,-2324,27810,396,-946,26,-3584
2022,-5634,3566,-2765,2800,-363,-3552
-3226,4440,-5698,-123,-327,80,-3584
12204,1190,-21790,-4550,1627,-872,-3584
-10818,-10350,32767,5767,-3872,-606,-3568
-924,-6324,12798,-1321,803,-111,-3584
10664,11546,-17944,-2166,2120,427,-3584
8160,9850,-6440,2366,-1370,-65,-3568
-1460,-11692,14610,-181,1062,85,-3600
2994,9444,-11654,-1727,1161,249,-3600
6344,9756,-10366,-1232,395,-255,-3600
-7728,-8244,19710,2547,-1419,-325,-3568
-9074,4956,15770,1094,-2817,-167,-3600
9892,-14344,-7412,-1800,3416,-927,-3568
9092,14040,-22916,-1637,657,-336,-3568
-2108,-832,12668,4046,-2824,64,-3600
-2064,4198,8308,-1422,392,396,-3584
11864,12168,-18314,-3590,3406,-322,-3584
-6558,-4668,12388,3633,-2245,228,-3584
-2032,-2414,25664,139,-900,92,-3584
7174,5544,-12702,-3432,2803,-426,-3584
-4170,278,-3126,1106,-425,-7,-3584
10196,10346,-5622,-1400,-1568,-471,-3584
2278,-18410,20546,3425,-832,-777,-3568
2912,8832,-15572,-4370,2138,-257,-3584
6350,7552,-12366,2199,-359,188,-3568
4608,-1964,20214,2649,-1780,60,-3568
-6880,-16394,31994,-2946,3533,-13,-3584
1752,4316,-12782,-405,806,328,-3600
3026,5248,9240,155,-881,-170,-3600
-8364,-13806,32767,1745,-552,-314,-3600
-9136,4220,24302,-252,-1223,-1,-3584
12330,4366,-20110,-4516,3099,-1025,-3584
-2456,5190,8390,3435,-2082,-476,-3584
-3534,-12372,32767,1378,-1157,71,-3584
-3992,2294,15270,-2979,1760,431,-3616
8192,8158,-4304,-1016,1481,-333,-3584
-11352,-14324,32767,3144,-2133,252,-3584
-5168,968,21186,-1173,172,99,-3584
5302,-1780,-8060,-3781,3245,-419,-3584
-2082,3628,-9728,1516,-768,15,-3600
-572,6856,25008,-727,-2019,-447,-3600
-3246,-17274,32767,4481,-1850,-811,-3552
-948,2466,-6230,-4340,2271,-161,-3552
11050,10210,-19718,2251,-240,212,-3536
-844,-7398,32767,2399,-1709,44,-3568
1382,-5932,1546,-2905,3319,-13,-3536
4328,8176,-14390,147,613,340,-3568
6224,10376,-5514,45,-946,-181,-3568
-3076,-12466,20860,1546,-395,-270,-3568
-5738,4446,3382,-40,-1349,49,-3568
12718,-4138,-22936,-5163,3654,-1085,-3600
4722,10976,-14750,3833,-2418,-454,-3600
-1664,-12102,28726,696,-655,70,-3552
6868,11928,-13354,-3118,2125,349,-3584
9750,10706,-16476,-42,918,-317,-3584
-9002,-9924,27948,2625,-1805,261,-3584
-3238,-558,26792,-79,-584,25,-3584
7170,4774,-14698,-3124,2998,-399,-3600
-4432,-128,-528,779,-533,33,-3568
8016,12880,3708,-462,-2273,-454,-3600
-12262,-10392,32767,3667,-778,-674,-3600
7260,14332,-28160,-5153,2552,-206,-3568
2742,5020,-4756,2650,-518,128,-3600
1988,-8600,32767,3101,-2034,-65,-3584
-4502,-12726,21508,-947,1560,126,-3568
3054,10476,-10162,-1001,1172,275,-3584
6698,7454,-13920,-836,-84,-267,-3584
-6542,-3740,10150,2866,-1826,-245,-3568
-9150,1802,23952,1977,-3419,-220,-3600
9600,-17600,-7826,-1890,4081,-854,-3600
10016,16074,-29814,-2024,773,-218,-3600
-1472,426,11520,4731,-3563,6,-3568
-2708,4632,7028,-1271,376,313,-3568
11680,12866,-23154,-4413,4132,-236,-3568
-5314,-3732,9650,4148,-2418,257,-3600
-1912,-2580,28478,524,-1165,4,-3568
6774,2290,-13068,-2581,2681,-355,-3568
-2558,1896,-7436,230,-98,69,-3600
11560,9492,-12380,-3008,-457,-653,-3568
-10364,-598,32767,5655,-3427,-663,-3568
1738,6090,-11384,-3568,1922,-212,-3600
9198,9358,-17672,-185,1461,332,-3568
4302,280,15582,3238,-2180,53,-3552
-7792,-16632,32767,-2226,2898,13,-3584
3446,6376,-15644,-660,1032,293,-3552
3480,6370,3366,99,-797,-134,-3584
-8320,-11294,31940,1617,-684,-307,-3584
-4958,4284,-1308,618,-1889,-49,-3568
11480,-3344,-19574,-3910,3783,-1027,-3552
3754,11210,-9928,1225,-863,-445,-3584
-3994,-9094,32767,3116,-2280,61,-3584
8218,11552,-13622,-3158,1698,445,-3600
10266,12920,-12500,-1471,1659,-290,-3600
-10946,-12404,32767,3500,-2320,215,-3600
-6038,-2228,26430,-1366,302,147,-3600
7640,11500,-15396,-3688,2722,-370,-3568
-8674,-7536,17984,2857,-1577,-128,-3568
3168,8236,16750,-252,-2390,-313,-3600
-6684,-11894,32767,1974,667,-778,-3568
7544,13660,-22304,-4500,2010,-258,-3600
-832,1182,6694,3791,-1969,74,-3616
960,-7788,31790,1422,-1043,204,-3584
-682,-10212,10052,-4290,4355,-229,-3584
-4178,-1890,3768,2179,-548,320,-3584
-1182,-710,24044,1561,-1785,-68,-3552
-3112,-13198,23044,-1341,1834,-366,-3584
-3118,1758,-7420,57,-308,113,-3568
10862,8482,-9288,-3813,1137,-853,-3584
-8790,-1898,32192,5054,-3092,-675,-3616
-1856,-12664,32767,-1916,1021,-57,-3600
8722,8816,-15070,-1298,1635,439,-3600
6030,1166,12368,1640,-776,-180,-3568
-9130,-15944,32767,293,591,143,-3568
-2484,5900,6180,-1686,1020,278,-3568
4576,9280,1454,-2200,807,-267,-3568
-9870,-12706,32767,3524,-2169,-290,-3584
-8314,2442,29954,1320,-2943,-191,-3584
7560,-18654,2748,-2609,4313,-939,-3584
-70,6586,1180,-37,-157,-253,-3568
-4536,-11288,32767,3801,-3265,110,-3600
-4456,182,21242,244,-415,183,-3568
9310,5028,-17290,-4211,4508,-217,-3536
-68,1056,-6782,2739,-1036,302,-3600
2828,4424,12284,996,-1515,-60,-3568
2790,-6826,1366,-700,1473,-323,-3600
-1740,5246,-9178,-907,21,88,-3600
13770,10438,-22414,-3663,119,-742,-3584
-7374,2938,22184,6149,-4019,-602,-3616
-906,106,-2248,-3014,1709,-65,-3584
12580,12080,-24110,-867,1932,384,-3616
6102,3620,4108,2546,-1629,-161,-3584
-180,-7288,5010,-1251,1827,149,-3568
4930,9376,-15786,-1572,1116,247,-3584
6108,8100,-8870,-2049,859,-313,-3584
-9548,-6522,21762,3148,-2048,-239,-3584
-7610,1690,12318,1580,-2775,-165,-3568
12152,-9374,-21070,-4073,4742,-1009,-3600
7936,14742,-24320,561,-637,-322,-3600
-4226,-5104,31612,3812,-3189,66,-3568
4178,10988,-10206,-3157,1618,305,-3568
11216,13282,-20674,-2736,2889,-233,-3568
-8896,-8972,27862,4226,-2926,235,-3536
-4014,-2260,30626,-556,-313,22,-3568
7438,5466,-16760,-3233,3053,-376,-3552
-4294,-1164,50,1384,-800,0,-3584
8970,11622,758,-533,-2250,-430,-3616
-12226,-7910,32767,3552,-716,-740,-3584
5944,12978,-23700,-5146,2467,-243,-3584
4120,6022,-8292,2743,-605,106,-3584
1758,-6686,31004,2727,-1970,150,-3584
10114,6242,-17784,-4212,4362,-168,-3568
174,2380,-8478,862,438,293,-3584
1366,2116,15764,620,-1298,-88,-3600
-6738,-11346,31704,537,290,-288,-3584
-9802,3542,24054,272,-1237,13,-3584
12572,4754,-21388,-4847,3183,-1008,-3584
-4592,5978,10536,3987,-2649,-472,-3552
-2286,-13804,32767,1023,-717,-5,-3552
11278,11486,-20084,-2972,2188,437,-3568
7058,7524,-788,-115,590,-255,-3584
-9936,-15890,32767,2487,-1369,190,-3584
-5508,2922,15288,-1894,704,149,-3552
5428,9318,-6594,-2564,1603,-329,-3600
-8520,-9998,26384,2806,-1672,-271,-3600
-3294,6734,26236,1000,-2913,-209,-3568
-932,-17042,28446,-166,2590,-809,-3568
1334,5650,-9808,-4614,2208,-300,-3600
8662,8722,-15652,2630,-652,134,-3568
5302,1298,12774,2730,-1867,90,-3552
5136,-2300,-6234,-3240,3734,-94,-3584
3028,5488,-13758,725,438,321,-3584
3742,6704,3518,1008,-1341,-102,-3552
544,-8096,9470,-16,749,-354,-3600
-4758,5370,-2848,-10,-1235,34,-3584
11696,474,-19506,-4532,2244,-934,-3568
1838,8334,-2338,1168,-820,-372,-3600
-4016,-10524,32767,2950,-2308,86,-3600
-4848,-1936,22580,-2485,1122,403,-3600
9750,11238,-9996,-2661,2749,-319,-3600
-11570,-12448,32767,3921,-2712,261,-3632
-5738,-1362,25312,-883,-91,115,-3552
4820,-3042,-6460,-4109,3050,-405,-3584
-9446,-6970,18130,2715,-1538,-135,-3616
366,6314,24310,584,-2784,-355,-3584
-4118,-15942,32767,4434,-2030,-759,-3584
-458,1904,-4572,-4190,2222,-188,-3616
10834,10208,-18860,1437,452,278,-3584
-136,-7466,32767,2390,-1608,17,-3568
768,-6838,3164,-1292,1988,78,-3568
4008,8644,-14256,-1414,972,310,-3552
6420,10360,-6974,-2246,942,-302,-3568
-10506,-9324,28486,3264,-2054,-267,-3600
-5508,4384,31982,1594,-3168,-185,-3552
12792,-4826,-22812,-3274,4478,-986,-3568
5300,11836,-16720,-422,-28,-224,-3568
-4806,-6846,32767,4130,-3534,92,-3600
-3688,-4774,31974,-2204,1020,241,-3568
10228,10990,-17704,-3425,3697,-298,-3600
-9230,-9680,27772,3976,-2541,317,-3568
-3662,-1396,28382,412,-912,-9,-3536
206,-9508,9206,-2831,3117,-389,-3600
-4958,-784,622,273,-194,75,-3568
7500,11686,6418,-1041,-1965,-509,-3584
-12166,-11010,32767,6012,-4037,-612,-3616
-1412,-6816,13712,-2926,1669,-109,-3584
11532,12646,-21618,-987,1950,377,-3552
2006,-9116,32767,2944,-1842,-79,-3568
-4414,-12162,19770,-320,962,134,-3584
3012,10246,-10806,-1674,1271,236,-3584
6960,7726,-13640,-1235,187,-256,-3568
-7450,-11382,32160,2729,-1726,-256,-3600
-9094,2358,22360,1576,-2819,-156,-3568
9994,-17138,-9262,-3537,4569,-980,-3568
9930,15048,-29260,167,-288,-315,-3600
-2146,-14286,32767,3857,-3181,75,-3568
-2844,4992,7878,-2419,1053,327,-3568
11566,12114,-21848,-3322,3308,-294,-3568
-5042,-3540,8598,4006,-2667,227,-3600
-4844,4176,13652,-584,-334,91,-3584
6342,1530,-11846,-3266,2946,-398,-3584
-2184,2610,-8198,1042,-525,3,-3584
11722,11100,-12312,-770,-2145,-403,-3584
-906,-20010,29204,3731,-933,-722,-3552
2104,7892,-14576,-5122,2394,-255,-3584
8894,9662,-17514,2551,-402,73,-3584
-4634,-8716,32767,2440,-1767,174,-3600
6494,498,-11554,-3917,4208,-66,-3552
3204,5450,-15268,1148,319,262,-3584
3036,4464,6600,1003,-1521,-95,-3584
576,-6818,8198,0,726,-345,-3632
-4204,4956,-3176,163,-1189,11,-3552
11794,-1874,-20498,-4679,3103,-1048,-3584
2140,10168,-6502,3710,-2397,-471,-3616
-688,-9792,20162,448,-300,-40,-3600
8694,11696,-14736,-3057,2122,448,-3568
9232,11938,-10408,562,46,-184,-3536
-10622,-12908,32767,1995,-946,158,-3568
1962,9708,-9828,-1951,804,167,-3600
7120,10012,-13978,-2753,1846,-323,-3568
-7696,-6824,15628,2673,-1588,-243,-3632
2912,8762,16172,840,-2860,-199,-3568
9156,-16200,-3408,384,2034,-831,-3568
8656,14898,-24698,-3515,1451,-279,-3584
-1244,1510,7400,4354,-2935,48,-3552
-838,-8902,32767,118,-531,307,-3552
12396,11966,-21028,-4683,4470,-327,-3584
-5566,-2560,6838,3604,-1737,270,-3584
-1634,-2596,27200,1349,-1564,0,-3584
7270,4562,-14508,-3281,3087,-390,-3568
-3686,874,-5318,715,-303,86,-3584
10750,8036,-7842,-2468,-774,-645,-3568
-9050,-1742,31890,4841,-2610,-706,-3600
978,6114,-10720,-3398,1818,-148,-3568
7972,7814,-13890,342,1035,381,-3568
6132,948,13266,2336,-1477,-99,-3600
-8786,-15938,32767,-1231,2005,53,-3568
2704,5978,-12962,-1031,832,336,-3600
4322,8442,2314,-818,-165,-213,-3568
-8870,-13018,32767,2367,-1123,-327,-3568
-8450,3468,28482,355,-1901,-26,-3584
12456,1308,-21378,-4418,3762,-1039,-3552
508,7786,-1018,2406,-1489,-418,-3584
-4202,-10548,32767,2382,-1942,88,-3584
-4518,-1054,23160,-2776,1363,340,-3584
9418,9642,-11250,-1994,2489,-355,-3584
-10958,-11722,32767,3663,-2623,312,-3568
-4808,-46,25206,-44,-545,23,-3600
2796,-6690,950,-3631,3148,-434,-3600
-7684,-3542,9416,1159,-682,-7,-3568
2244,8084,20214,755,-2944,-355,-3584
-6900,-16374,32767,2046,805,-776,-3584
-628,802,-2970,-4819,2346,-222,-3584
-2414,-566,14890,3906,-1788,157,-3584
598,-9284,32767,1665,-1225,95,-3584
-610,-7612,5258,-4014,4357,-26,-3584
-4646,-3658,7586,2232,-546,282,-3568
-58,-284,24424,651,-1350,-131,-3552
-5536,-12194,26282,9,879,-304,-3600
-7236,2922,10910,-554,-308,84,-3568
12468,11890,-13738,-5092,2170,-949,-3568
-11298,-1696,32767,5532,-3646,-596,-3568
-1586,-14336,32767,-627,196,-6,-3568
2578,10190,-5866,-2762,2293,403,-3568
5066,-1094,15984,1146,-211,-214,-3568
-9440,-15822,32767,1574,-858,180,-3568
-2328,7910,5602,-1242,182,52,-3552
6838,3074,-13682,-3208,2791,-372,-3584
-3384,874,-4060,1560,-996,-72,-3584
10640,12850,-4792,573,-2819,-395,-3584
3406,-22268,17500,2377,598,-769,-3584
4640,12106,-23188,-5108,2381,-202,-3552
5672,7334,-12094,3713,-1657,80,-3584
-5466,-4502,29166,1332,-1143,170,-3568
8740,4330,-16706,-4561,4621,-164,-3600
1744,4002,-11902,-242,876,267,-3568
2398,3214,11428,58,-840,-187,-3568
-8468,-10720,32767,1626,-741,-298,-3568
-8828,4658,27346,867,-2081,-44,-3568
12746,1108,-22724,-4359,4060,-1015,-3568
-1390,8444,146,2941,-1940,-432,-3616
-2414,-11720,32767,2010,-1451,16,-3584
-5728,-706,20304,-2978,1546,393,-3568
7992,9694,-7196,-1805,1992,-268,-3600
-9796,-14298,32767,3548,-2257,211,-3600
-5842,-146,21210,-984,16,86,-3600
5054,-266,-6968,-3189,2493,-363,-3584
-7566,-6816,17984,1965,-1066,-131,-3584
1556,9174,19006,17,-2519,-318,-3584
-6558,-15272,32767,2403,439,-734,-3552
-48,8,-1002,-5034,2307,-299,-3552
-2382,-106,12988,3472,-1467,48,-3584
-2426,-10090,32767,2230,-1701,244,-3552
3214,-6706,372,-4666,4618,-178,-3552
-6774,-4322,13168,2632,-817,267,-3568
-3336,-3744,29838,1743,-1937,33,-3536
-842,-9818,15544,-1690,2040,-364,-3600
-6458,5848,2404,229,-436,79,-3600
9914,8262,-5794,-3968,1213,-879,-3568
-9178,-2534,32767,4924,-3003,-659,-3600
-1348,-12338,30238,-1007,481,-68,-3568
3640,9036,-3834,-2087,1696,479,-3568
4846,-74,16390,1210,-482,-199,-3600
-6900,-16102,32702,730,215,135,-3568
-1280,7516,1010,-1559,934,314,-3616
8206,9956,-15748,-1632,614,-290,-3616
-7652,-13758,32767,2868,-1554,-284,-3584
-9152,4186,24918,986,-2728,-153,-3584
7958,-17320,2412,-2528,3728,-929,-3616
6746,13134,-23436,-1027,383,-303,-3552
-3936,-11368,32767,4057,-3158,67,-3584
-4298,-794,19388,-1371,451,303,-3584
10546,7114,-18630,-3896,3857,-302,-3552
-11514,-13250,32767,4046,-2656,296,-3568
-5440,8,23446,191,-834,33,-3600
5034,-2600,-7000,-3633,3323,-404,-3600
-1756,4558,-10512,1274,-603,16,-3568
-606,6306,25594,-501,-2109,-438,-3568
-3410,-17372,32767,3564,-1000,-747,-3600
-208,3602,-7444,-4790,2387,-244,-3600
10692,10582,-19396,2467,-373,208,-3600
-1280,-7906,32767,2432,-1675,51,-3568
2444,-5318,-1190,-2502,3018,46,-3584
4228,8094,-15424,-228,740,284,-3552
5656,8770,-3966,-186,-760,-181,-3584
-2642,-11304,18766,1240,-194,-287,-3568
-5760,4570,3242,171,-1454,14,-3600
12270,-4676,-21156,-4945,3458,-1087,-3600
5122,11684,-15378,3587,-2175,-475,-3568
-1612,-12624,29492,1601,-1335,96,-3568
6192,11364,-11888,-3198,1939,400,-3600
10438,11162,-17112,-921,1557,-360,-3600
-9506,-9754,28124,3096,-2232,264,-3600
-652,8488,534,-1074,165,95,-3600
7602,6302,-15844,-3581,2890,-378,-3600
-5282,-1374,1650,2707,-1595,-145,-3584
7226,11910,6872,1416,-3272,-291,-3552
7716,-20594,2516,550,2363,-836,-3584
7766,14846,-28570,-4288,1926,-152,-3552
1416,4226,-428,4554,-2883,107,-3616
-4748,880,18958,-52,-359,163,-3568
10332,8022,-20594,-4552,4652,-206,-3584
-1110,294,-4180,2828,-957,301,-3584
1774,1390,17858,832,-1339,-27,-3600
3670,-3942,-2716,-1047,1698,-344,-3536
-1884,4310,-9056,-581,-29,126,-3600
13482,9104,-22202,-4543,971,-784,-3568
-8152,3140,21032,6072,-4149,-592,-3600
-900,990,-1598,-2388,1242,-102,-3568
12292,11322,-22518,-1538,2195,339,-3568
5852,3904,4328,2507,-1406,-120,-3568
-9944,-15672,32767,-40,802,155,-3568
4808,8908,-15450,-1439,1196,272,-3584
5086,7574,-5520,-1254,374,-275,-3584
-8386,-7798,23248,2732,-1623,-241,-3584
-3768,6588,28414,1648,-2917,-188,-3616
11380,-9440,-18546,-3088,4368,-900,-3552
8202,13798,-22126,-412,-13,-317,-3616
-3658,-5470,29268,4351,-3323,15,-3568
-5090,-8262,32767,-1579,520,326,-3600
11130,13958,-18616,-4001,3721,-258,-3600
-9016,-9280,28456,4112,-2604,227,-3584
-4678,-3088,29180,-253,-634,44,-3584
1118,-6182,7276,-3112,2790,-369,-3584
-5142,-2564,3162,918,-377,22,-3584
8170,10272,1672,-1884,-1284,-500,-3584
-10616,-7714,32767,4761,-2256,-706,-3616
-776,-10184,20408,-4331,2184,-267,-3584
3414,5628,-6828,1140,487,222,-3584
1780,-5808,28794,3100,-2070,89,-3584
-3116,-14150,21568,-2747,3399,-73,-3616
-842,1536,-6514,526,550,333,-3568
1000,1252,17044,1073,-1503,-95,-3568
-5622,-12978,30078,376,417,-354,-3600
-9244,5240,18160,887,-2589,-108,-3600
9858,-15204,-5788,-2333,3602,-924,-3584
8646,15306,-24572,-427,-30,-300,-3568
-2548,-13702,32767,3764,-2912,63,-3568
-2256,4166,8544,-2078,844,337,-3536
11966,11938,-20350,-3288,3243,-307,-3568
-5760,-3692,8880,3952,-2492,267,-3568
-4952,3270,13550,-61,-663,50,-3568
7260,4736,-14600,-3741,3207,-414,-3568
-3902,274,-4838,1817,-773,-41,-3568
10498,8924,-6596,-1230,-1810,-430,-3600
1170,-17668,22896,2957,-321,-791,-3584
1872,7962,-13350,-4690,2130,-239,-3584
7164,7714,-12750,2779,-767,143,-3584
5476,-840,17176,2339,-1585,97,-3616
6274,-638,-8754,-3446,3812,-139,-3584
2456,5568,-12964,761,314,335,-3616
3470,7292,5854,1115,-1578,-108,-3552
1448,-8472,6392,-274,1055,-338,-3600
-3152,5944,-6938,-358,-762,70,-3584
12774,3706,-22080,-4553,1896,-935,-3568
-2016,6192,5790,4754,-3055,-568,-3584
-3758,-12198,32767,131,-189,1,-3552
11212,11942,-19516,-2811,2029,464,-3584
8050,8644,-6634,203,497,-279,-3584
-11242,-13726,32767,2144,-1340,233,-3584
3388,9690,-10812,-1837,866,219,-3536
7542,10108,-13228,-3425,2277,-380,-3552
-9006,-6574,17866,3177,-1958,-188,-3552
-1242,6506,27180,1803,-3463,-258,-3584
11586,-11064,-17302,-1706,4051,-894,-3568
8710,13470,-25508,-2103,887,-147,-3600
-3472,-3522,23880,4704,-3628,71,-3568
-1400,-9008,32767,-1084,350,205,-3568
2586,-3942,-3858,-4492,4644,-158,-3584
4862,7814,-16740,1898,-342,313,-3600
-2010,-976,28754,761,-1502,-86,-3568
-3078,-10986,19494,283,664,-322,-3600
-5212,3074,2118,-617,-245,43,-3568
12810,-2430,-25320,-5309,2262,-950,-3568
-13270,-6684,32767,6103,-4164,-598,-3584
-1290,-11458,26814,-1555,860,-51,-3616
8252,12646,-16860,-2301,2411,374,-3552
9094,11192,-15012,1966,-975,-194,-3584
-6662,-14478,29952,745,-83,172,-3584
978,10176,-4960,-1975,1059,200,-3584
6968,5836,-14704,-2284,1451,-351,-3584
-8836,-10118,31976,2829,-1763,-195,-3568
6682,12054,7436,1009,-3034,-320,-3568
-11354,-12752,32767,2611,490,-745,-3584
8442,15758,-28568,-5333,2530,-266,-3600
1502,3952,-606,2372,-223,117,-3584
-502,-9206,32767,2445,-1907,171,-3568
-1402,-11034,13652,-4206,4291,-128,-3568
-2610,-576,-568,1289,190,275,-3600
-358,-1070,23122,1168,-1623,-72,-3600
-5180,-10562,27146,1,658,-278,-3600
-8954,4348,16538,1099,-2490,-117,-3568
9932,-15122,-8290,-3455,3885,-971,-3568
9084,15330,-24842,-711,100,-298,-3616
-1258,-14496,32767,3473,-2570,71,-3568
-1664,5406,5434,-1915,641,344,-3616
12180,13382,-20226,-3489,3269,-331,-3584
-6746,-4634,14064,3924,-2438,223,-3616
-4408,4336,9880,-420,-442,115,-3568
7550,5726,-15064,-3524,2993,-362,-3600
-3708,-474,-3430,329,-191,92,-3568
10384,9948,-6154,-3351,-20,-683,-3600
-10822,-3694,32767,5481,-3348,-668,-3600
-990,-12346,28546,-2995,1642,-140,-3568
6398,7428,-12542,-635,1513,357,-3568
3622,-2638,21484,2989,-1880,-23,-3584
-5874,-16422,30944,-1798,2511,22,-3584
-30,8676,-3514,-922,1073,327,-3584
1918,3670,12356,190,-789,-176,-3552
-7202,-13688,32767,2861,-1699,-314,-3568
-8968,5294,22770,873,-2738,-162,-3552
8048,-16324,918,-1254,3165,-859,-3552
7410,13548,-22680,-1488,522,-300,-3600
-2902,-12260,32767,4078,-2929,58,-3568
-4524,192,17234,-959,112,314,-3568
11076,8576,-18336,-4003,3908,-288,-3600
-3392,-858,504,3870,-2284,294,-3568
-5726,1138,20172,649,-1102,47,-3568
6040,866,-9728,-3401,3022,-392,-3568
-2952,3788,-8408,899,-372,35,-3600
11464,8784,-12206,-1746,-1391,-523,-3600
-1834,-16906,30614,3997,-1405,-753,-3584
280,3786,-8624,-4403,2256,-252,-3584
9608,9984,-17688,1716,64,261,-3552
6530,2732,10254,2750,-1802,27,-3584
3440,-5028,-3148,-2795,3388,-10,-3584
4238,7336,-15996,13,649,314,-3584
5562,9708,-2196,348,-1068,-169,-3552
-1288,-11820,15628,880,237,-285,-3600
-4394,5782,-2486,-204,-1256,-11,-3552
12468,-548,-22604,-4577,3782,-1063,-3568
2524,8980,-6778,3638,-2292,-464,-3584
-4642,-9992,32767,1354,-1107,108,-3584
8762,12710,-16254,-3240,1900,399,-3584
9458,10646,-12312,-833,1444,-333,-3584
-10910,-11626,32767,3250,-2375,281,-3584
-4414,-954,27096,-1199,284,89,-3584
8036,8120,-16710,-3676,2956,-397,-3584
-7564,-3314,8714,2584,-1618,-97,-3552
4814,9808,15134,910,-3052,-345,-3616
9564,-18478,-4644,655,2233,-843,-3568
8052,14832,-28828,-4281,1917,-151,-3600
-130,2230,4802,4430,-2843,81,-3568
2100,-8788,32767,617,-678,137,-3600
10854,8716,-20728,-4291,4460,-175,-3600
-2280,-1250,-664,2387,-773,307,-3568
1134,1854,19156,786,-1421,-99,-3568
-6906,-11928,30498,-243,1159,-298,-3568
-1312,4210,-9886,-626,-267,94,-3568
13864,11120,-20332,-5083,1842,-878,-3600
-10178,1218,28824,6218,-4188,-609,-3584
-1792,-15094,32767,-2241,1231,-53,-3552
11610,11120,-23124,-1672,2284,347,-3584
5524,1144,9632,2420,-1334,-150,-3584
-9936,-16584,32767,131,557,156,-3552
-3460,6690,8424,-1783,637,123,-3584
6814,2552,-13390,-3024,2405,-367,-3616
-9170,-9054,27748,2475,-1562,-135,-3568
-4632,6246,29590,1202,-3089,-295,-3600
534,-20446,25488,741,2134,-793,-3568
2664,9200,-16554,-4192,1844,-233,-3568
-3634,-6428,31572,4299,-2511,54,-3600
-4536,-7338,32767,866,-859,207,-3536
6446,1106,-10510,-4548,4494,-213,-3600
2558,4914,-12852,1208,243,296,-3584
3630,5064,5642,618,-1244,-116,-3584
-8340,-10540,30392,876,-5,-319,-3584
-5150,3754,-494,298,-1304,-11,-3584
12230,-90,-22432,-5019,3741,-1041,-3568
1390,9658,-5270,3386,-2132,-449,-3600
-3326,-10886,32767,1907,-1390,24,-3600
9604,12324,-17238,-3322,2208,420,-3584
8710,11028,-10212,-47,584,-186,-3584
-10434,-13220,32767,2345,-1404,180,-3584
-6014,238,23830,-1751,549,149,-3584
6644,8926,-12718,-2927,2122,-377,-3584
-6996,-6014,13410,2271,-1244,-175,-3584
3226,9578,14458,647,-2753,-250,-3616
-7276,-14006,32767,1256,1398,-786,-3584
8940,15336,-24988,-4526,1915,-297,-3584
-1066,1414,7078,3918,-2078,44,-3584
-982,-9386,32767,1355,-1182,259,-3584
12106,12048,-20384,-4709,4534,-278,-3536
-5466,-3252,7980,3213,-1309,293,-3600
-1642,-2342,26416,1347,-1725,1,-3568
-2590,-10682,20368,-2084,2333,-361,-3568
-3746,492,-5172,409,-333,89,-3568
11476,8280,-10960,-3844,679,-800,-3600
-8384,-608,28368,5389,-3248,-697,-3568
-1570,-13978,32767,-1748,940,-113,-3600
8744,9474,-15952,-1652,1812,423,-3568
5572,1654,13500,2034,-1154,-134,-3568
-8350,-17066,32767,-672,1590,23,-3584
-2634,6526,4294,-1631,1111,349,-3584
3740,7692,4260,-824,-82,-208,-3552
-8852,-13886,32767,2507,-1335,-258,-3584
-8390,5706,26244,297,-2283,-139,-3584
6900,-16936,6626,-3048,3695,-1002,-3616
838,7648,-1296,205,-283,-339,-3584
-3868,-10182,32767,3492,-2727,92,-3584
-4366,-2040,22468,-1997,698,313,-3584
9654,10994,-10654,-2761,2934,-379,-3600
-11190,-11612,32767,3754,-2609,325,-3568
-4920,-688,25484,-169,-497,80,-3600
3702,-4882,-2344,-3846,3285,-403,-3568
-8416,-5534,13368,1768,-894,-40,-3600
2326,8084,19832,-882,-2071,-467,-3584
-6342,-14950,32767,3779,-1075,-758,-3584
-1124,-60,-804,-4599,2428,-202,-3584
-1826,-484,12534,2943,-878,183,-3568
816,-8362,32767,2392,-1629,-26,-3584
-1036,-8132,7780,-2853,3335,6,-3584
4196,8614,-12762,901,292,358,-3600
64,570,22774,308,-1029,-155,-3568
-5082,-13278,27156,1396,-161,-292,-3568
-7392,2166,9600,-480,-799,57,-3536
12458,-6274,-22678,-5455,3113,-1042,-3568
-12848,-3764,32767,5064,-3337,-553,-3568
-1398,-13024,32767,170,-388,36,-3600
5122,11908,-10970,-3147,2301,404,-3568
10388,11722,-18244,321,509,-303,-3600
-8760,-15456,32767,2291,-1597,228,-3568
-1098,8784,1402,-1763,752,134,-3552
7240,4298,-14892,-2978,2081,-383,-3584
-3922,146,-1740,2778,-1753,-163,-3584
-7650,3116,31148,1896,-3380,-269,-3616
5600,-21484,9350,-367,3026,-838,-3584
6136,13614,-26412,-3577,1542,-197,-3584
-4166,-10556,32767,4637,-3508,49,-3568
-5016,-1968,24226,-63,-284,214,-3584
9750,6210,-18652,-4564,4588,-229,-3616
282,2004,-8246,3260,-1429,268,-3552
-5110,-164,25698,823,-1395,-53,-3600
2834,-5386,492,-1749,2284,-328,-3568
-2226,4118,-8140,-395,52,93,-3600
13710,7024,-23568,-3663,64,-720,-3600
-8968,-15776,32767,6243,-4013,-636,-3600
-1022,-2490,2946,-3309,1855,-179,-3600
12456,12150,-23554,-656,1862,304,-3600
6338,5714,1336,3229,-2118,-45,-3568
410,-8188,6114,-1212,1806,86,-3568
4736,10388,-16578,-1137,1223,266,-3584
5412,8196,-7026,-259,-530,-207,-3584
-8970,-8378,25366,1989,-1143,-268,-3616
-7732,4772,10870,993,-2420,-128,-3584
10756,-12604,-12960,-2769,3839,-976,-3568
8268,14822,-22568,-1616,531,-249,-3584
-2800,-2958,21016,3910,-2841,19,-3568
910,7528,-310,-1969,666,373,-3600
11404,13994,-18594,-3363,3161,-291,-3568
-7578,-6950,20486,3840,-2284,219,-3568
-3944,-3676,29160,-46,-653,55,-3600
7308,7382,-15218,-3219,2817,-363,-3568
-4552,-2106,226,1164,-412,18,-3568
9664,10058,-3668,-2103,-1189,-497,-3600
-10284,-4880,32767,4737,-2105,-720,-3600
-1046,-12116,25700,-2632,1442,-175,-3552
6398,10826,-9872,-1037,1565,362,-3584
2602,-4306,24540,2850,-1655,-68,-3584
-4084,-15888,25610,-1016,1912,40,-3584
1048,9358,-7020,-1390,1182,302,-3552
846,1646,17094,344,-800,-108,-3568
-5604,-14186,31806,2114,-1032,-319,-3552
-9136,6236,18504,470,-2242,-78,-3584
9338,-14348,-3400,-3295,3446,-1000,-3600
-3244,4034,12052,1155,-673,-426,-3568
-2548,-12892,32767,2909,-2111,96,-3568
-3336,1878,13036,-2200,881,390,-3568
11084,9744,-17980,-2676,2619,-329,-3568
-10732,-14344,32767,3570,-2408,255,-3568
-5434,1884,17552,-397,-450,86,-3600
6778,2382,-12372,-4026,3102,-405,-3600
-3054,2746,-7962,2154,-1056,-106,-3568
-4702,4768,29562,781,-2926,-270,-3584
1194,-18722,23456,1493,1255,-814,-3584
1798,7690,-15102,-4492,2102,-241,-3584
8170,8642,-15672,3851,-2002,105,-3584
-3056,-6642,32767,1551,-1199,138,-3584
5632,-1404,-9426,-4245,4562,-135,-3584
3668,5794,-15520,1978,-415,304,-3616
4132,7518,3320,1298,-1784,-78,-3552
142,-9938,10056,236,719,-298,-3568
-2870,5610,-6060,-583,-439,74,-3600
12876,3128,-23702,-4550,1602,-936,-3584
-910,7160,1544,5644,-3707,-603,-3552
-1346,-7016,13634,-1265,664,7,-3584
10688,13108,-20056,-2265,2222,430,-3584
8274,8648,-7632,1426,-544,-213,-3584
-11224,-13552,32767,1202,-451,209,-3552
2434,10244,-9872,-1861,937,192,-3552
7548,8416,-14364,-2829,1730,-358,-3584
-8238,-4826,14018,3239,-2089,-236,-3552
-9212,2278,20890,1782,-3185,-178,-3568
10916,-15844,-12330,-2497,4286,-982,-3600
9258,15920,-29676,-1758,618,-215,-3600
-2658,-160,15730,4544,-3816,90,-3568
-1366,7094,3488,-1749,674,212,-3600
12210,11244,-23168,-3940,4107,-281,-3568
-5596,-4060,9352,3955,-2389,319,-3568
-486,-722,25970,578,-1083,-10,-3600
6464,42,-12052,-2377,2839,-358,-3536
-1738,3056,-8806,257,-189,86,-3584
12320,13080,-12198,-4718,1187,-836,-3584
-13076,-3074,32767,6264,-4280,-581,-3584
-1190,-14062,32767,-2099,1268,-33,-3584
8812,8632,-18624,-975,2047,335,-3600
3612,-3322,21652,2361,-1352,-188,-3552
-8270,-16424,32767,-480,1174,148,-3600
-938,9110,-322,-1739,1300,250,-3600
3454,4932,6142,-1460,497,-274,-3568
-9224,-10440,32532,2858,-1789,-257,-3600
-7826,4058,30358,1247,-3182,-257,-3568
5238,-20660,10278,569,2181,-767,-3600
6792,13442,-24696,-3454,1478,-225,-3552
3528,5622,-6392,4512,-2974,7,-3584
-5730,-3070,24684,307,-539,227,-3552
9748,6676,-18072,-4599,4506,-237,-3584
-174,1788,-6986,2863,-1017,286,-3568
1356,1414,16532,1237,-1622,-34,-3568
3458,-3290,-1254,-1050,1521,-326,-3568
-2816,4330,-7794,-402,-154,82,-3568
12832,5988,-21486,-4560,1328,-860,-3568
-5272,5214,13810,5904,-3984,-613,-3568
-452,-2026,2834,-1779,1006,-106,-3568
11594,11914,-21242,-1396,1974,361,-3552
6410,6266,1550,2819,-1748,-31,-3584
-9938,-16228,32767,-657,1492,69,-3552
4700,9126,-16320,-1749,1250,264,-3552
5110,8854,-5820,-946,113,-227,-3552
-8792,-9832,26840,2416,-1412,-283,-3584
-7520,5248,8034,900,-2419,-149,-3568
10774,-10220,-13384,-2292,3441,-895,-3552
8270,14402,-20256,-1331,407,-319,-3584
-3622,-3884,23326,3794,-2775,59,-3568
1826,7844,-2020,-2031,796,379,-3568
11992,13740,-18744,-3304,3186,-358,-3536
-8856,-7684,23396,3963,-2521,252,-3600
-4088,-3666,29656,-93,-689,89,-3600
8034,8956,-16508,-3803,3129,-436,-3568
-6276,-2914,3506,1833,-752,-31,-3568
8452,9650,2912,-1324,-1810,-424,-3568
-9802,-7680,32767,3235,-514,-779,-3584
4612,11700,-20282,-4716,2207,-228,-3584
3434,5272,-6508,2712,-724,146,-3552
3230,-5168,27418,2534,-1719,61,-3552
-4932,-14924,25008,-3570,3923,-81,-3584
86,2546,-8642,731,298,311,-3584
1238,3616,16044,1196,-1653,-122,-3584
-6814,-14006,32767,296,696,-332,-3584
-1854,4916,-10944,-279,-614,111,-3600
12298,5742,-18266,-4362,2050,-951,-3568
-5746,3296,17228,4810,-3068,-587,-3568
-2652,-13458,32767,-324,128,34,-3600
11194,10896,-18790,-2504,1934,471,-3600
7564,6062,740,480,189,-290,-3568
-11126,-15192,32767,1900,-955,209,-3568
-4990,2626,16150,-1714,747,191,-3568
6638,10506,-8492,-3150,1981,-368,-3568
-9682,-9768,26430,3238,-1960,-223,-3536
-3668,5688,29034,1345,-3197,-238,-3600
-54,-18434,26610,-638,3202,-878,-3568
7142,11900,-19768,-3091,1338,-212,-3600
-3978,-4990,27650,4403,-3137,107,-3568
-2534,-6986,32767,56,-349,192,-3600
3968,-2738,-5638,-4391,4556,-258,-3600
-8268,-7078,20686,3553,-1851,301,-3584
-2592,-1362,28176,1049,-1454,-22,-3616
-1332,-11380,15308,-2077,2529,-371,-3584
-4170,4804,-2536,-574,135,107,-3552
8382,12006,3382,-2695,-667,-637,-3616
-12436,-9254,32767,5626,-3462,-673,-3584
-1482,-8390,17914,-3857,2152,-135,-3584
10338,13158,-20250,160,1376,334,-3584
3148,-7604,32316,2765,-1816,-118,-3616
-6096,-13368,24264,-1326,1836,163,-3616
2448,10364,-8568,-1189,1106,253,-3584
2470,2830,13820,-892,-172,-265,-3568
-8950,-11432,32767,2582,-1484,-260,-3568
-8834,2420,25600,1152,-2394,-124,-3568
9038,-18812,-4488,-4423,4529,-1017,-3568
-4846,5422,11866,1401,-1016,-315,-3568
-2804,-14554,32767,3487,-2831,65,-3600
-3664,2724,11532,-3199,1710,310,-3600
11636,10578,-23718,-2525,2686,-260,-3568
-11436,-15100,32767,3996,-2911,223,-3536
-5196,3482,18416,-1087,47,34,-3584
5182,-1608,-8056,-3119,2946,-380,-3584
-1714,3230,-9332,1353,-762,0,-3584
-340,8700,24078,-385,-2363,-383,-3584
-5086,-18906,32767,3560,-554,-728,-3584
108,2744,-7184,-5294,2535,-237,-3552
-2844,-1554,19552,3565,-1503,64,-3568
-3368,-9704,32767,2621,-2021,163,-3584
3846,-3842,-3602,-3608,3853,-52,-3568
4432,8538,-17052,512,591,278,-3568
4298,6708,-758,828,-1352,-91,-3600
-1790,-8456,15790,772,-2,-261,-3600
-6210,4534,4602,653,-1670,-30,-3568
11216,-8420,-16692,-4452,3458,-1027,-3568
6342,13658,-17646,2695,-1711,-465,-3600
-828,-13574,31394,2073,-1400,23,-3568
4366,9484,-6996,-3089,1772,415,-3600
11320,13882,-17242,-356,773,-250,-3552
-9512,-9338,29038,3841,-2401,198,-3584
-5094,-2956,28780,-157,-583,105,-3584
2040,-5626,4440,-3469,2943,-409,-3584
-5970,-3946,6020,1279,-540,-32,-3584
7054,10092,5268,-1528,-1610,-445,-3584
-9678,-8504,32767,4300,-1657,-727,-3584
6438,12710,-22598,-4720,2354,-251,-3568
2364,4550,-4000,1630,160,178,-3616
1872,-7062,30624,3058,-2003,58,-3584
-2704,-13548,18492,-3154,3672,-53,-3552
-2026,336,-3742,1133,240,340,-3568
524,-14,20422,1323,-1561,-114,-3568
-5252,-13622,28948,156,637,-337,-3568
-8764,5572,14818,-97,-1052,49,-3568
11316,6454,-14560,-4268,2624,-973,-3568
-6346,2072,21170,3913,-2337,-541,-3568
-1992,-13696,32767,719,-603,-16,-3568
-1472,5030,6140,-2824,1727,470,-3568
6688,5116,4660,-385,833,-270,-3568
-10190,-15770,32767,2416,-1466,194,-3600
-4340,4214,12060,-1837,747,212,-3552
7136,4618,-14266,-3063,1844,-333,-3552
-9580,-11118,29578,3145,-1876,-242,-3584
-5934,5050,29652,1257,-3079,-197,-3584
2574,-19044,19362,-515,2935,-863,-3552
2524,8958,-17238,-3182,1371,-243,-3584
-4706,-6864,32767,4375,-3085,75,-3584
-3696,-5316,30688,5,-380,231,-3552
6550,190,-11040,-4456,4589,-250,-3552
2574,4700,-13458,3232,-1513,325,-3584
-3942,-1684,28622,1292,-1659,-15,-3552
914,-9540,7976,-1785,2382,-359,-3584
-2804,5184,-7072,-557,68,103,-3584
13708,5956,-24828,-3376,-224,-707,-3552
-10238,-13372,32767,6002,-3699,-691,-3584
-1436,-5588,8402,-3279,1935,-68,-3584
12104,12662,-22924,-245,1647,362,-3584
2078,-8432,32767,2747,-1816,-100,-3568
-4026,-10878,16444,-1448,1955,148,-3600
3760,10502,-11746,-1162,1054,266,-3600
6996,8884,-12726,-1242,77,-276,-3600
-7216,-12450,31014,2797,-1648,-237,-3600
-8374,2530,17596,1105,-2445,-121,-3568
11296,-14052,-14872,-4278,4609,-1062,-3568
8936,15050,-27984,1138,-854,-306,-3568
-1830,-14696,32767,3371,-2903,87,-3568
-36,7642,1076,-2944,1467,275,-3600
11568,11370,-22140,-2572,3016,-301,-3568
-5606,-4786,11504,3816,-2626,291,-3584
-3736,5148,11286,-654,-133,43,-3552
6238,418,-12036,-3124,2995,-377,-3584
-1826,2278,-8062,981,-624,22,-3584
12204,12744,-12284,-355,-2398,-413,-3584
-224,-21790,27872,3598,-591,-756,-3584
2420,8746,-17934,-5197,2583,-225,-3552
8756,8950,-18004,2899,-729,63,-3584
-4818,-7534,32767,2151,-1621,187,-3536
6310,1526,-11524,-3917,4024,-59,-3552
3150,5986,-14438,985,364,278,-3584
3086,4568,7250,845,-1411,-112,-3584
590,-7206,8434,189,566,-309,-3568
-4352,4050,-2852,-38,-727,48,-3568
12296,-172,-22776,-5010,2708,-976,-3600
722,9026,-3792,5034,-3306,-505,-3568
-896,-8118,17624,49,-74,-47,-3536
9866,12042,-17400,-3040,2196,446,-3568
8424,11386,-9934,-193,574,-234,-3584
-10650,-12828,32767,2455,-1465,203,-3584
2412,9638,-10378,-1976,881,168,-3536
7010,8804,-13812,-2690,1849,-341,-3568
-6944,-5650,13402,2602,-1519,-230,-3568
1992,9138,18062,1367,-3200,-251,-3600
9654,-16052,-7202,-64,2673,-777,-3568
9948,15138,-26776,-3601,1500,-241,-3568
-1734,-296,11442,4388,-2830,39,-3568
-1668,-9560,32767,315,-558,266,-3568
11922,12584,-20278,-4566,4400,-273,-3568
-5722,-4250,11376,3404,-1493,258,-3600
-2024,-2580,26852,807,-1337,29,-3584
-2242,-9950,19130,-2514,2465,-390,-3552
-3372,634,-4626,335,-85,80,-3584
10856,10308,-8716,-3136,-289,-648,-3584
-10144,-3476,32767,5473,-3210,-694,-3584
2542,8056,-14074,-3940,2009,-229,-3568
7290,8154,-13888,-258,1342,323,-3584
3622,-1720,20144,2974,-1891,-1,-3584
-6244,-16614,32346,-1631,2336,3,-3552
1948,4766,-13112,-553,915,342,-3568
2332,4704,9616,382,-964,-146,-3568
-7420,-13324,32767,1422,-394,-276,-3568
-9218,4996,24538,381,-1871,-8,-3568
11736,2130,-19472,-3987,3480,-1015,-3568
-902,6838,3392,1968,-1223,-456,-3536
-3498,-12004,32767,2406,-1898,106,-3600
-4228,640,17062,-2875,1489,411,-3600
8624,9444,-5228,-1828,2067,-322,-3568
-11076,-14374,32767,3180,-2056,230,-3552
-5402,228,20620,-1361,344,176,-3584
6028,370,-10946,-3791,2691,-352,-3584
-9826,-8888,24600,3077,-1790,-171,-3552
-1690,5800,26682,752,-2857,-281,-3584
-1844,-17288,30122,666,1959,-829,-3584
7338,12784,-21160,-3547,1527,-199,-3600
-3644,-3710,23588,4118,-2437,91,-3584
-1790,-7020,32767,894,-768,143,-3584
2820,-4136,-2148,-4314,4399,-171,-3584
3958,7378,-14532,2300,-704,327,-3584
-2530,-1492,27888,1330,-1696,-41,-3584
-1360,-11886,16540,-845,1597,-334,-3616
-4830,4952,-918,-678,-124,124,-3584
9128,11936,98,-3784,349,-763,-3568
-12246,-7594,32767,5781,-3857,-614,-3552
-1276,-9594,21438,-1919,1047,-19,-3552
8876,12424,-17102,-1027,1879,350,-3568
4040,-5954,28274,2170,-1239,-185,-3600
-6978,-13762,28190,-76,740,157,-3600
1238,9536,-4878,-1622,1098,273,-3568
7724,7348,-15952,-2258,1006,-325,-3600
-9002,-12222,32767,3394,-2022,-246,-3568
-9406,880,27054,1759,-3101,-183,-3568
9904,-18838,-7654,-3343,4851,-962,-3600
9630,15760,-31404,-401,-99,-253,-3568
-3040,-14576,32767,4240,-3558,80,-3600
-3190,4462,9428,-2980,1511,293,-3584
11706,11534,-23510,-2909,3065,-272,-3584
-4070,-2878,5662,4306,-3026,255,-3584
-4852,4616,15420,-553,-360,60,-3584
5904,44,-10400,-3045,2936,-371,-3584
-1716,3122,-8876,762,-424,10,-3584
12038,11218,-14404,-3102,-375,-687,-3568
-10522,-1618,32767,5744,-3540,-654,-3568
1038,6504,-12258,-3702,1986,-148,-3568
9740,9634,-18824,-64,1495,322,-3568
4810,-640,15892,3004,-1918,-54,-3568
-8804,-16424,32767,-1381,2019,91,-3568
3782,7088,-15726,-1172,1094,302,-3600
4320,6172,1174,-976,14,-253,-3600
-9280,-9536,30332,2454,-1438,-287,-3568
-7056,4580,30684,1781,-3274,-208,-3584
3662,-21506,16344,-1349,3539,-865,-3616
5336,12002,-22642,-2696,1052,-226,-3616
-3618,-9020,32767,4530,-3322,17,-3584
-5808,-4132,27708,-98,-346,261,-3600
9458,5526,-16764,-4601,4405,-237,-3568
752,3158,-9932,3379,-1543,265,-3600
-5614,-1978,26714,1137,-1574,16,-3600
3460,-3650,-1260,-2124,2422,-332,-3600
-2578,3702,-7946,8,-598,55,-3552
11996,3060,-20258,-4537,2125,-964,-3584
-3244,6078,7708,4952,-3185,-587,-3584
-2090,-13278,32767,-359,212,-69,-3584
10934,11426,-18108,-2611,2080,463,-3584
7244,8400,-1508,1187,-418,-160,-3584
-9808,-16000,32767,1389,-251,120,-3584
3752,9534,-14370,-2082,1169,241,-3600
5538,9990,-7134,-1636,705,-250,-3568
-8582,-10354,26868,2714,-1624,-303,-3600
-2716,7796,25076,957,-2845,-163,-3568
10902,-11542,-13012,-1327,3253,-889,-3568
8344,13828,-20642,-2382,943,-268,-3568
-3266,-3376,21668,4290,-3015,66,-3568
-3374,-8782,32767,-611,-122,338,-3568
11900,13918,-18696,-4397,4097,-330,-3568
-8642,-6630,21328,3870,-2332,261,-3584
-4114,-3628,29734,452,-1024,77,-3584
990,-8720,8500,-3663,3177,-386,-3552
-5774,-2310,2348,1323,-505,12,-3584
7472,8658,5502,-1357,-1662,-442,-3584
-9790,-8124,32767,4013,-1567,-780,-3616
5400,12046,-21380,-4441,2106,-239,-3568
3088,4310,-4442,1425,268,261,-3584
3470,-5248,27074,2661,-1709,-3,-3584
-4668,-14216,22544,-2628,3201,33,-3584
-668,1518,-6640,584,425,335,-3568
1884,3100,15602,236,-1004,-175,-3584
-6894,-14436,32767,1067,74,-348,-3568
-9046,3198,18196,-412,-933,46,-3568
12544,9024,-18014,-4835,2885,-988,-3568
-7630,1256,25366,4415,-2754,-488,-3600
-2576,-14502,32767,1421,-1228,93,-3552
-976,7206,3426,-3235,1931,406,-3552
6432,3806,6074,-290,917,-295,-3568
-11444,-15426,32767,2680,-1907,228,-3600
-4152,4504,13484,-1450,426,158,-3568
6734,192,-12644,-3495,2734,-400,-3568
-10268,-8162,26218,2614,-1681,-146,-3568
-4966,4886,31878,1669,-3381,-313,-3568
1200,-21702,24464,465,2401,-812,-3600
2248,9286,-19114,-4287,1915,-195,-3568
-4870,-6416,32767,4570,-2963,87,-3600
-3610,-5624,32767,500,-551,217,-3600
6310,898,-12034,-4462,4584,-223,-3552
3232,5784,-14832,3215,-1488,283,-3616
3748,6226,4872,550,-1320,-131,-3584
58,-8670,9566,237,641,-270,-3600
-3208,4356,-4114,-22,-1037,12,-3584
12892,1430,-24160,-5260,3215,-1068,-3584
380,8802,-3164,4501,-2853,-483,-3552
-1420,-8890,16910,0,-89,52,-3600
10926,12554,-20350,-3030,2401,414,-3600
8346,9848,-10098,742,81,-288,-3600
-11102,-13562,32767,2150,-1290,215,-3568
-5386,182,24562,-698,-183,65,-3600
4020,-4864,-3438,-3395,3244,-384,-3568
-7780,-4638,13282,1856,-1125,-61,-3552
2632,9720,19714,244,-2746,-363,-3616
-7928,-15906,32767,2603,494,-732,-3584
-736,-186,-706,-5074,2360,-206,-3584
-1400,198,12206,3650,-1482,52,-3616
-856,-10062,32767,1995,-1517,125,-3584
380,-6950,4994,-4207,4267,-94,-3584
-4820,-3382,8224,2228,-520,275,-3600
-1082,-1774,25706,940,-1400,-74,-3584
-4298,-10252,23812,339,407,-286,-3552
-8102,2676,12496,-98,-617,44,-3600
11954,11100,-14890,-5136,2381,-954,-3600
-10994,-1020,32767,4904,-3239,-529,-3584
-620,-14750,32767,265,-208,-60,-3552
2308,8494,-4062,-3133,2239,443,-3584
4152,-520,15738,1391,-547,-174,-3568
-7360,-16510,32767,1841,-895,151,-3552
-2160,7714,2284,-2025,1014,207,-3600
7544,7034,-15604,-2236,1347,-324,-3600
-7894,-11518,31270,2711,-1534,-221,-3568
-7652,4490,28502,1394,-3135,-217,-3568
4598,-20010,12580,-642,3034,-808,-3568
6168,12516,-22444,-3143,1278,-301,-3568
-3548,-9996,32767,4449,-2998,22,-3600
-5732,-3818,25502,-185,-328,299,-3600
10126,6736,-17578,-4649,4367,-322,-3536
-802,1726,-6748,4032,-2273,239,-3584
-5862,-1106,25230,616,-1193,57,-3584
4418,-1576,-4850,-3099,2904,-394,-3584
-2832,3796,-8438,766,-286,47,-3584
11518,4704,-17004,-2423,-805,-606,-3552
-6472,-13488,32767,5007,-2736,-735,-3552
-532,-2468,3386,-3559,1883,-196,-3584
10318,11186,-17158,269,981,321,-3552
-796,-8162,32767,2922,-1914,32,-3568
1214,-9604,6132,-2397,3104,-17,-3600
3916,8868,-14716,-395,821,303,-3568
6060,10910,-7252,371,-1061,-150,-3568
-2706,-12066,21122,1266,-288,-333,-3568
-6690,5660,5070,263,-1695,9,-3536
11726,-7302,-16828,-4211,3374,-1029,-3568
7224,12174,-17928,2393,-1387,-448,-3568
-1834,-13156,32767,2196,-1736,102,-3600
3522,9474,-5258,-2809,1432,370,-3600
11210,12210,-18068,-3618,3689,-328,-3584
-8802,-7798,22184,3899,-2428,279,-3584
-3578,-2566,29226,610,-1042,16,-3552
8368,7588,-17742,-3869,3457,-408,-3568
-6148,-1384,1180,1279,-552,57,-3584
8004,9450,6538,-1730,-1406,-542,-3600
-10922,-9688,32767,4762,-2282,-756,-3568
-1278,-7720,14828,-4211,2302,-156,-3600
2452,4076,-2832,1261,586,288,-3568
8534,9052,-9668,1512,-692,-225,-3600
-5626,-13024,23044,754,22,166,-3536
2236,9610,-7424,-1767,987,222,-3568
7494,9684,-14392,-2113,880,-331,-3584
-8206,-5100,13378,3265,-1993,-268,-3584
-9140,3238,21132,1353,-2900,-160,-3584
10760,-15310,-9768,-2795,4308,-947,-3552
8588,14280,-26956,-762,275,-233,-3584
-1896,26,12356,4210,-3440,132,-3584
-2436,5624,8174,-1797,664,242,-3584
11062,10224,-20880,-3821,3903,-281,-3584
-4424,-3114,5960,3910,-2440,309,-3584
-4646,3766,15928,217,-796,21,-3568
6142,-1332,-10802,-3045,3092,-415,-3600
-1648,4322,-10570,349,-262,41,-3568
12444,12980,-12912,-930,-2037,-466,-3568
24,-21592,27836,4357,-1633,-743,-3568
1988,8616,-18220,-5036,2661,-178,-3600
9338,9536,-19288,2177,-5,184,-3568
4192,-2996,20708,2805,-1923,18,-3600
5066,-74,-10768,-3069,3494,53,-3568
3946,6246,-15864,920,375,283,-3584
3838,5212,3718,330,-1119,-162,-3584
-9908,-9874,31482,1288,-315,-263,-3616
-4356,4052,-868,173,-1239,-28,-3584
12562,-920,-23638,-5211,3554,-1029,-3584
2526,10050,-8538,4035,-2566,-464,-3584
-996,-10354,22308,620,-525,-5,-3568
9188,12418,-17590,-3432,2273,411,-3584
8912,11154,-12696,-502,981,-219,-3552
-10388,-12256,32767,2428,-1527,175,-3568
1466,9928,-7576,-1830,658,103,-3568
6938,7414,-14800,-2923,2256,-376,-3568
-6120,-3566,8232,2285,-1390,-137,-3536
4844,11210,11752,1184,-3094,-300,-3600
8032,-19834,-440,1122,1783,-777,-3568
9096,15666,-28474,-4988,2302,-259,-3552
256,2712,2932,3883,-1893,29,-3584
-762,-9324,32767,949,-1044,266,-3600
12092,11044,-21540,-4680,4612,-237,-3632
-3786,-1776,2682,2725,-907,251,-3600
-898,-1486,24362,1360,-1728,-8,-3568
-3996,-10900,24630,-1441,1863,-307,-3600
-2696,1774,-7204,183,-413,88,-3536
11922,8122,-14956,-4317,1364,-884,-3536
-7942,1180,24098,5429,-3417,-591,-3568
-1548,-14200,32767,-1282,758,-96,-3568
9688,9686,-17474,-1358,1801,382,-3552
6042,2940,9060,2280,-1272,-107,-3584
-8780,-16930,32767,-175,1082,69,-3584
-3670,5522,7218,-1784,1109,307,-3552
4168,8098,1032,-1225,325,-233,-3616
-8510,-12070,32496,2575,-1475,-289,-3552
-7318,5392,28510,1043,-2742,-147,-3584
11728,-3764,-19484,-3189,3887,-938,-3536
4078,10356,-9952,-932,292,-303,-3552
-4404,-8354,32767,3630,-2834,64,-3568
-4906,-5114,28140,-2082,805,347,-3568
10542,12660,-14542,-3343,3298,-341,-3568
-10858,-10670,32767,3975,-2688,284,-3568
-5030,-2286,27308,-44,-595,49,-3568
3458,-4916,-820,-3748,3187,-430,-3568
-7654,-4814,11194,1430,-717,-14,-3536
3362,7658,17384,-509,-2171,-412,-3568
-7346,-12976,32767,3188,-705,-773,-3600
-812,-1754,2990,-4573,2288,-245,-3552
-848,318,8428,3038,-1072,145,-3552
768,-8034,32767,2101,-1449,117,-3552
-810,-9642,9046,-3784,4124,-116,-3584
3900,9370,-13416,1267,82,318,-3520
-642,-770,24368,1125,-1565,-104,-3584
-4094,-13600,25512,315,679,-317,-3616
-7254,4212,8176,-495,-576,73,-3584
11970,-7582,-18936,-4729,2910,-1006,-3600
-10650,-2720,32767,4926,-3114,-561,-3584
-1664,-13726,32767,-49,-141,61,-3584
3348,10286,-6604,-2891,2109,445,-3552
11220,12030,-19336,313,365,-274,-3584
-9910,-15900,32767,2305,-1454,224,-3584
-2086,7026,4642,-1695,641,152,-3552
7694,4534,-16768,-3527,2420,-384,-3584
-10790,-10354,32767,3285,-2161,-247,-3600
-8242,2900,32767,1911,-3538,-294,-3584
6558,-21856,7248,-1526,3984,-917,-3568
6636,13910,-28438,-2755,1110,-198,-3568
-4818,-10840,32767,4822,-3791,55,-3600
-4812,-502,22974,-1111,307,195,-3568
9450,6280,-19428,-4302,4371,-269,-3568
536,2172,-8662,3684,-1930,281,-3600
-4792,78,25140,811,-1314,-34,-3600
2880,-5598,-630,-1888,2430,-347,-3568
-1656,4030,-9320,-237,23,125,-3600
13356,6962,-23258,-2907,-690,-647,-3552
-8686,-15440,32767,5785,-3347,-663,-3552
-1232,-1626,2498,-4026,2145,-171,-3552
12306,12088,-22752,407,1303,279,-3584
6564,5334,1000,3088,-1962,-29,-3552
-550,-8612,7856,-1662,2175,70,-3552
4452,10120,-15106,-1167,1180,276,-3584
5902,8618,-8398,-687,-286,-245,-3584
-4864,-11238,25982,2124,-1085,-240,-3568
-7760,3238,12140,865,-2140,-90,-3600
11582,-12608,-17054,-4433,4367,-1043,-3568
8706,14488,-24958,1888,-1369,-370,-3568
-922,-14330,32767,2854,-2178,72,-3568
1568,8570,-2952,-3145,1617,374,-3568
11334,13696,-20536,-2028,2209,-289,-3568
-7586,-7028,20854,3675,-2492,214,-3600
-2702,6840,4458,-1018,1,96,-3600
7316,5654,-15100,-3153,2734,-370,-3568
-3582,-840,-1760,1441,-746,-74,-3568
9498,11014,-3288,-487,-2210,-395,-3568
2916,-19620,17452,3087,-368,-713,-3568
4720,11142,-19062,-4775,2213,-294,-3568
5556,6458,-10408,2585,-580,76,-3600
2994,-4280,23546,2037,-1526,182,-3552
8650,4304,-13462,-4180,4251,-157,-3584
408,3060,-8732,1819,-167,301,-3584
1816,3270,12390,1301,-1677,1,-3584
-6676,-12466,31440,-344,985,-370,-3584
-3272,4454,-6668,-250,-503,71,-3584
12382,5578,-20784,-4741,2009,-889,-3552
-3738,5248,10992,5238,-3440,-589,-3584
-694,-2884,5092,-1474,833,-107,-3600
10992,11968,-19360,-2108,2064,439,-3536
7184,7442,-104,1954,-1029,-148,-3568
-10490,-15874,32767,431,484,168,-3600
4314,9504,-15746,-2038,1116,233,-3568
5688,9374,-6956,-1662,728,-288,-3568
-9182,-9706,27216,2640,-1500,-177,-3568
-3262,6694,26692,418,-2649,-258,-3600
-836,-17398,27842,464,1983,-803,-3584
1122,5830,-10370,-4042,1694,-280,-3616
-3692,-4538,24268,4052,-2399,61,-3552
-3558,-7294,32767,842,-839,262,-3552
5592,-1788,-7094,-4532,4506,-258,-3584
2950,6544,-14554,2789,-1043,290,-3552
-4314,-3666,29486,1644,-1841,-12,-3584
996,-8506,7966,-210,947,-335,-3600
-4072,5406,-4358,20,-870,24,-3600
11856,-122,-19808,-4427,2270,-1012,-3568
1604,8530,-3246,4448,-2624,-573,-3600
-1484,-8956,17970,296,-315,82,-3600
8940,11692,-14822,-2690,1864,497,-3600
9888,10830,-10996,19,547,-310,-3568
-11100,-11842,32767,2273,-1322,231,-3600
1400,9026,-6506,-1556,542,196,-3568
8124,10704,-15860,-3567,2373,-383,-3600
-8358,-5612,14060,3378,-2054,-226,-3568
1030,7734,22990,1597,-3360,-245,-3600
11196,-14258,-13108,-839,3433,-893,-3600
8952,14360,-27560,-3251,1390,-180,-3568
-2604,-1024,16666,4612,-3430,100,-3568
-6,-8360,32767,-355,-170,159,-3600
11832,10370,-21256,-4359,4476,-279,-3568
-5404,-4252,8896,3330,-1555,336,-3536
-482,-282,24436,921,-1276,-36,-3584
-4280,-12486,24440,-1917,2434,-378,-3584
-1968,3430,-8866,-562,49,110,-3584
11722,13114,-10552,-3032,-478,-662,-3584
-12488,-3780,32767,5599,-3508,-660,-3584
-1504,-12918,32746,-3799,2138,-100,-3584
7944,8408,-16512,54,1435,311,-3584
4936,-3768,21154,2842,-1705,-137,-3584
-8992,-15296,32767,-1191,1792,149,-3616
3210,5676,-14206,-742,1004,294,-3600
4372,5862,3942,-1028,-43,-281,-3568
-9828,-10126,31750,2758,-1546,-239,-3568
-8272,2144,32294,1176,-2392,-72,-3600
13426,2014,-26258,-4687,4758,-1052,-3600
310,8860,-3374,1797,-1267,-358,-3568
-4176,-11494,32767,3061,-2704,33,-3600
-5168,-1422,22792,-3243,1745,340,-3568
8254,9632,-10216,-2208,2519,-298,-3568
-10890,-13286,32767,3559,-2610,223,-3552
-5120,1142,23942,-1206,106,36,-3584
3026,-3942,-350,-3031,2698,-382,-3584
-6572,-3686,10062,1171,-699,-56,-3584
3484,10714,15114,-30,-2432,-396,-3584
-8520,-15010,32767,3158,-226,-732,-3584
9586,15596,-29010,-5054,2388,-271,-3568
-868,1856,6578,3052,-975,95,-3584
-1132,-9974,32767,2443,-1829,168,-3552
376,-9112,6968,-4608,4584,-152,-3600
4442,9640,-15914,-596,996,275,-3568
5534,8716,-8492,-498,-416,-208,-3584
-4460,-10580,24768,1789,-856,-295,-3568
-8044,3818,11790,885,-2176,-81,-3568
11156,-12406,-14670,-4175,3989,-1029,-3568
8870,15178,-24234,1511,-1167,-401,-3568
-1222,-14696,32767,2979,-2271,-6,-3568
1422,7928,-2088,-3067,1613,365,-3568
12014,14148,-20776,-2072,2221,-258,-3568
-8068,-6992,21162,4052,-2395,242,-3552
-3822,-3642,30278,306,-938,47,-3584
-158,-7596,10730,-3069,2956,-345,-3584
-4736,-2110,474,1027,-389,42,-3584
9818,9436,-3164,-2619,-756,-586,-3584
-10468,-4708,32767,5145,-2713,-716,-3584
3806,9936,-16292,-4219,2098,-264,-3568
5630,7126,-10764,270,1102,265,-3552
3302,-3128,22526,3025,-1961,46,-3584
-5160,-15882,28942,-2586,3137,-95,-3568
854,4046,-10570,-312,885,309,-3568
1560,3672,12814,744,-1239,-110,-3568
-6374,-13276,32252,948,-81,-306,-3536
-9370,5240,22702,428,-1729,-38,-3600
11462,2246,-18188,-3891,3267,-995,-3600
-1606,6232,5854,2237,-1278,-488,-3568
-3064,-12268,32767,2320,-1652,62,-3568
-4414,-154,17166,-2695,1336,427,-3600
8974,9904,-5410,-1147,1412,-317,-3584
-11212,-14128,32767,2829,-1844,231,-3584
-5612,1016,19956,-1436,351,181,-3552
6212,1240,-11028,-3751,2544,-366,-3552
-9754,-9524,24574,3040,-1755,-203,-3552
-2404,5122,26852,860,-2868,-246,-3584
-1092,-16296,27268,416,2069,-860,-3584
7186,11812,-19280,-3171,1348,-234,-3600
-3538,-4438,23546,4244,-2749,68,-3568
-1508,-7020,32767,363,-476,213,-3568
3106,-4026,-2932,-4237,4434,-249,-3568
-7486,-6362,17542,2914,-1203,335,-3600
-2250,-1448,26820,1265,-1637,-72,-3584
-1568,-11730,16480,-842,1546,-352,-3584
-4874,4784,-630,-693,-46,135,-3552
8732,11462,1398,-3484,146,-704,-3568
-11442,-8850,32767,5707,-3641,-671,-3568
-1586,-9246,20268,-2853,1516,-59,-3568
9188,13002,-17418,-825,1756,407,-3600
4372,-6244,29240,2193,-1336,-166,-3568
-6742,-13830,26604,-166,819,175,-3600
1374,9788,-5762,-1516,1007,264,-3536
7772,7098,-15850,-2232,989,-360,-3600
-9370,-11778,32767,3276,-2092,-251,-3568
-9232,1422,26524,1438,-2770,-116,-3616
9798,-18406,-7916,-4237,4792,-1026,-3552
9194,15988,-31454,564,-601,-267,-3584
-3380,-14142,32767,3669,-3268,86,-3616
-2950,5234,8934,-1299,415,268,-3568
11580,10072,-22936,-4426,4523,-226,-3552
-3740,-2754,3380,3401,-1583,270,-3552
420,84,22354,617,-1238,-28,-3536
5212,-1806,-7710,-1771,2317,-335,-3568
-1708,2868,-8870,-211,-89,125,-3600
13338,10412,-18654,-3886,295,-774,-3568
-9690,1116,27548,6104,-3891,-613,-3568
-260,3076,-7232,-2947,1630,-107,-3568
11470,10686,-21396,-813,1926,360,-3568
5456,1622,9844,2717,-1737,-89,-3536
-9380,-16356,32767,-671,1341,117,-3600
4228,8184,-15472,-1512,1191,254,-3568
4814,7790,-2662,-949,-18,-224,-3616
-9014,-9190,28304,2531,-1442,-263,-3584
-5830,5450,30626,1406,-2647,-125,-3552
12244,-6128,-21638,-3883,4461,-1006,-3584
5500,12310,-16502,612,-593,-298,-3584
-3942,-7150,32767,3579,-2895,36,-3584
6390,11062,-12238,-3068,1520,334,-3568
10198,12872,-17106,-2891,2990,-286,-3584
-9490,-10142,31438,3999,-2664,245,-3584
-4478,-1960,27972,-41,-642,30,-3568
1122,-6106,6224,-2970,2793,-378,-3552
-4784,-2238,3330,716,-381,4,-3584
6902,11050,5750,-1130,-1771,-445,-3584
-11030,-10078,32767,4057,-1524,-707,-3584
-864,-6536,14134,-4756,2373,-271,-3584
2000,3850,-2136,1897,108,121,-3584
1010,-8068,32478,2856,-1972,135,-3584
-1936,-12094,15782,-3356,3712,-72,-3584
-2274,-126,-1528,1207,253,304,-3568
288,-396,20020,1059,-1450,-86,-3568
-4964,-11854,27422,330,402,-320,-3568
-9220,3614,18094,281,-1220,32,-3536
11586,7086,-17092,-4624,2887,-973,-3600
-5856,3256,18306,3915,-2421,-540,-3600
-1974,-14678,32767,1030,-724,5,-3568
-2068,4242,6848,-3117,1896,464,-3600
6632,5574,5002,-202,577,-238,-3568
-9956,-16290,32767,1804,-801,129,-3584
-4532,4614,11296,-2028,834,243,-3584
7702,6094,-15900,-2807,1700,-328,-3552
-9472,-11490,31620,3060,-1901,-278,-3584
-5842,5818,28294,828,-2855,-222,-3584
2502,-17630,19278,-506,2668,-857,-3584
5786,11382,-13518,-2538,961,-260,-3568
-4330,-6658,31122,4277,-2809,44,-3584
-4022,-5876,29334,120,-416,292,-3552
7466,870,-11746,-4409,4241,-334,-3600
-10064,-9592,29950,3680,-1928,315,-3568
-4906,-2990,28924,1162,-1552,-4,-3536
2574,-7250,2444,-3006,3054,-362,-3568
-2618,5316,-8532,680,-207,91,-3568
5208,8862,12874,-2381,-947,-586,-3568
-8576,-11994,32767,5068,-2739,-734,-3600
-1632,-5300,9286,-3612,1948,-131,-3568
11164,11856,-18440,-2246,1948,431,-3568
8422,8482,-4946,394,345,-278,-3584
-11346,-14008,32767,2774,-1803,233,-3568
-5124,438,21488,-1127,229,129,-3552
7478,11100,-13168,-3689,2610,-387,-3568
-9616,-7150,20994,2827,-1676,-115,-3584
-1408,6260,28252,1159,-3174,-332,-3584
-2982,-18290,32767,3390,-620,-774,-3568
516,5060,-11082,-4900,2550,-216,-3568
10150,9370,-19614,2949,-701,175,-3568
-2024,-7566,32767,2225,-1549,43,-3600
2730,-3802,-2326,-3270,3646,-43,-3568
3950,7988,-14718,453,443,326,-3536
5336,8388,-2262,644,-1341,-130,-3552
-2284,-11254,18096,734,279,-293,-3584
-5616,3316,2166,-277,-798,46,-3584
12560,-2952,-23874,-5164,2882,-1003,-3584
3928,10630,-12520,4987,-3288,-537,-3616
-1602,-11136,26460,272,-294,50,-3584
7968,12498,-15316,-3150,2243,391,-3584
9704,11708,-15400,386,385,-270,-3584
-7098,-15040,30540,1595,-830,217,-3568
674,9574,-4450,-1855,902,200,-3568
7820,6530,-16570,-3005,2017,-390,-3600
-5772,-1676,4210,3115,-1989,-253,-3600
-9306,1506,28202,2108,-3588,-233,-3600
9174,-19516,-4968,-1243,3881,-859,-3600
9338,15386,-31252,-2870,1214,-174,-3536
138,1894,4740,4770,-3604,51,-3600
-4092,3478,13202,-829,134,214,-3568
11118,10318,-22176,-4456,4418,-209,-3568
-3044,-1782,2034,4031,-2305,279,-3584
434,-404,22370,367,-1073,-10,-3584
4814,-1742,-6882,-2044,2415,-362,-3584
-1910,3508,-8796,-213,-34,87,-3584
12756,9944,-18474,-3264,-268,-616,-3584
-9214,1620,26486,6026,-3681,-665,-3552
152,2630,-6090,-3562,1932,-192,-3552
11326,11216,-21542,-393,1615,307,-3552
4834,2280,10016,3143,-2097,32,-3552
-9078,-16716,32767,-1492,2165,21,-3584
4596,8070,-16722,-1175,1196,254,-3584
4264,7304,-1888,-602,-239,-230,-3552
-8838,-9304,28452,2223,-1307,-252,-3552
-6358,3602,4858,1060,-2299,-92,-3536
11364,-7248,-19032,-3416,4047,-971,-3552
6620,13578,-17614,60,-329,-341,-3552
-3932,-6754,32767,3149,-2324,66,-3568
5520,10540,-10042,-2960,1458,413,-3600
11044,13840,-16392,-2214,2191,-309,-3568
-9880,-10760,32767,3769,-2442,174,-3568
-5630,-3002,28662,-999,-81,114,-3600
7730,9742,-15848,-3455,2827,-348,-3536
-3618,4406,-6632,1105,-363,30,-3584
5962,9248,8446,-2398,-890,-563,-3584
-8946,-9818,32767,4926,-2540,-697,-3584
-1196,-7338,13662,-3745,1936,-227,-3584
