AcX,AcY,AcZ,GyX,GyY,GyZ,Tmp
-4248,-12216,31002,2815,-1780,146,-2256
4688,7622,684,-4550,2952,117,-2272
7434,4366,-7902,754,224,-468,-2272
-6590,-8978,19960,1109,-535,230,-2256
2674,9088,2282,-1086,344,34,-2256
1122,-5932,8120,-1543,1404,-462,-2304
-7350,-3104,8748,1164,-917,177,-2272
2182,14440,5832,-216,-1677,-489,-2304
-5406,-19858,32668,2641,-286,-561,-2304
3076,7742,-6650,-4223,1958,-49,-2288
-4394,-5778,29224,5244,-3413,76,-2288
1084,-3774,13074,-1895,1402,76,-2256
7648,3480,-7390,-2580,2619,-241,-2304
-9472,-12052,27242,3800,-2548,141,-2288
3500,8702,1090,-2734,1379,-58,-2304
-404,-7306,8284,-288,811,-346,-2256
-8458,-754,13396,1597,-1585,219,-2288
10534,11240,-9774,-3664,1457,-759,-2272
-9862,-9388,26934,6176,-3587,-467,-2272
1916,-6094,5338,-4633,2761,-44,-2272
2012,4682,2796,2146,-1172,39,-2288
-876,-6818,24412,1742,-1029,-97,-2288
3816,-2252,148,-4523,4019,36,-2304
-606,3650,4204,3670,-2598,136,-2240
3558,6276,3172,-2254,1180,-173,-2272
-1700,-6840,8838,-107,753,-246,-2288
-7578,7410,15958,2494,-3359,22,-2272
4718,-15226,10718,-2851,3193,-695,-2272
6754,14506,-7594,913,-929,-413,-2288
-2796,-12372,29898,3423,-1979,-19,-2256
3636,8118,1730,-4003,2447,359,-2272
9132,5624,-5606,1824,-734,-454,-2272
-3136,-8182,15920,-299,799,175,-2256
864,6584,4102,-612,113,209,-2288
3328,-798,3942,-1426,1014,-435,-2288
-9378,-5860,13278,1284,-574,82,-2272
-212,13774,5674,-157,-1699,-476,-2272
-2922,-18656,27080,871,898,-422,-2288
4298,9402,-7118,-3291,1694,-378,-2288
-6142,-8498,31528,4779,-3221,-312,-2272
1946,776,6550,-3155,1873,191,-2272
9380,3362,-9500,-1696,2070,-402,-2240
-9960,-10458,26400,2760,-1741,210,-2288
1932,6904,2630,-1572,577,105,-2256
2868,-4792,4268,-1641,1709,-454,-2304
-9482,-1828,12086,2610,-2244,193,-2288
10598,-566,-7086,-4403,2015,-657,-2288
-7204,-12242,26800,5476,-3076,-789,-2304
2080,-726,-640,-4282,2603,27,-2272
7332,10338,-4262,2666,-1721,119,-2256
1654,-3118,16752,884,-442,-173,-2288
4566,-1318,-1574,-4007,3807,92,-2288
-2142,824,7534,3449,-2495,289,-2304
3146,7670,4718,-1752,731,-182,-2288
-582,-8670,10184,-436,1141,-201,-2256
-8206,4084,12760,2252,-2760,96,-2256
8300,-9550,2202,-5021,3173,-722,-2304
-5948,-1520,15714,5153,-3164,-796,-2272
-866,-9586,16166,1345,-688,74,-2256
6454,11482,-2514,-3542,2170,293,-2288
6452,3224,1724,1820,-596,-438,-2288
-9432,-10374,23728,-690,895,236,-2240
878,5536,3964,21,-323,146,-2304
3886,-30,2880,-2312,1563,-452,-2256
-9418,-5152,12222,1682,-963,39,-2256
-4412,10772,12540,932,-2549,-347,-2272
2872,-17374,16748,-927,2105,-509,-2240
3604,13026,-6524,-1505,492,-340,-2272
-5376,-11692,32767,4497,-3024,106,-2288
4504,5960,2118,-4184,2701,146,-2288
7628,3360,-8020,259,635,-510,-2240
-7396,-8060,18246,2074,-1320,245,-2304
2768,9004,1836,-1205,421,55,-2256
938,-6264,8342,-1582,1555,-431,-2288
-7778,-3098,9632,1595,-1224,208,-2288
4654,14684,1694,-1041,-981,-558,-2272
-6742,-18106,32767,3575,-1012,-570,-2304
2396,4072,-5264,-4891,2474,-186,-2288
-3602,-2818,23372,4821,-3150,-3,-2256
1102,-4778,16140,-1735,1243,-10,-2272
6386,1546,-5982,-3183,3110,-110,-2272
-9284,-10824,24796,3787,-2674,260,-2288
3790,8512,1446,-2533,1317,-94,-2256
-1028,-8466,9442,-44,730,-255,-2272
-8400,1170,14244,2088,-2263,210,-2272
11796,9596,-11656,-5061,2861,-776,-2256
3042,11700,-5234,5108,-3290,-594,-2304
356,-8596,11878,-139,339,40,-2272
7964,12048,-5118,-3082,2013,278,-2304
4484,3178,4972,3329,-1997,-336,-2288
886,-3760,4386,-2694,2421,121,-2256
458,5074,3644,1452,-1140,217,-2304
2650,-698,7566,-1792,1133,-369,-2272
-3478,-7250,10494,800,-157,-50,-2288
-5532,10304,14856,1952,-3189,-170,-2288
2260,-17312,17382,-2515,3113,-425,-2288
5562,13994,-6774,457,-762,-439,-2304
-3886,-12144,32767,3857,-2334,132,-2272
2632,5524,2234,-4362,2662,237,-2288
9210,5888,-8608,1441,-475,-426,-2288
-6040,-9444,21280,1023,-264,73,-2288
1630,7648,3582,-918,258,212,-2272
2844,-3246,4836,-1367,1080,-482,-2272
-6494,-7610,12922,1328,-727,106,-2288
2670,13820,2886,-346,-1528,-478,-2256
-5278,-18098,29774,1302,599,-573,-2272
3582,6550,-6562,-3482,1726,-334,-2272
-4774,-5982,26542,4878,-3267,-49,-2304
1502,-1554,9648,-3174,1957,192,-2288
7826,2518,-7676,-1747,2076,-261,-2288
-9646,-10896,25216,3000,-1928,178,-2272
3024,7958,1632,-1884,828,25,-2304
1004,-6252,6918,-1238,1357,-413,-2288
-8758,-5890,12442,1967,-1490,229,-2256
10218,-4730,-4808,-4812,2582,-731,-2272
-8358,-7800,24010,6079,-3765,-746,-2304
1388,-6238,6100,-3922,2502,-103,-2288
7522,11936,-3534,769,-375,227,-2288
292,-5420,23030,2366,-1397,-178,-2256
3200,-2896,1504,-4338,3969,15,-2272
-726,3374,4942,3104,-2265,311,-2304
3590,7208,4520,-1960,927,-208,-2256
-1720,-8608,10424,-86,850,-189,-2288
-7514,7196,14088,2407,-3141,-145,-2256
5906,-13664,9206,-4577,3602,-745,-2288
-3246,3460,8602,4001,-2523,-794,-2272
-3340,-11842,27072,624,-101,154,-2272
4668,9208,592,-3134,1923,253,-2272
1848,-1996,21638,2750,-1462,-482,-2288
-4184,-7972,16284,-1640,1667,299,-2288
1296,6854,3402,878,-823,263,-2272
3864,-1226,2662,-2017,1245,-425,-2272
-6260,-9842,13900,1210,-351,-54,-2288
-1076,13150,7714,1234,-2785,-152,-2288
-446,-18292,22996,-1708,2569,-574,-2288
2618,9624,-2272,246,-414,-486,-2304
-5964,-9086,32484,3763,-2575,92,-2240
3386,2240,6030,-3898,2416,183,-2256
5400,2038,7340,514,440,-409,-2256
-9136,-9636,23486,1506,-846,305,-2256
2246,8160,2824,-898,289,90,-2272
4228,1730,3596,-2098,1645,-495,-2256
-8280,-2134,10232,2209,-1732,221,-2288
7088,13496,-3006,-2867,650,-615,-2288
-7664,-14536,30168,4419,-1882,-604,-2240
2216,956,-2420,-4932,2769,-149,-2272
-2386,-244,18302,4200,-2725,-112,-2256
1474,-5934,19092,-141,372,-86,-2256
4214,-94,-2594,-3791,3580,-82,-2304
-1724,1206,6350,3988,-2816,182,-2272
3828,8146,2554,-2327,1179,-161,-2272
-1662,-9354,10324,-244,939,-302,-2256
-7798,2750,13408,1817,-2056,220,-2288
11322,8492,-10918,-4638,2501,-783,-2240
-7810,-3690,18492,6077,-3593,-873,-2272
174,-9382,13968,-3974,2301,-95,-2288
5314,8026,-2926,429,-166,54,-2288
154,-6320,25546,2482,-1294,-153,-2288
-1206,-4468,8634,-4100,3531,225,-2240
-5128,-3938,13138,3331,-2402,245,-2288
4510,5516,3376,-2482,1502,-338,-2272
-4920,-7050,11242,812,-89,-106,-2240
-4954,10308,15284,2287,-2972,107,-2288
11774,-2074,-9948,-5142,4166,-648,-2288
-266,8250,-284,4072,-2771,-629,-2272
-4452,-12542,32767,1420,-517,-55,-2272
8964,12552,-7458,-3624,2300,260,-2288
2220,570,14084,3178,-1774,-445,-2256
-6758,-9836,22374,-1460,1504,341,-2288
1922,8666,2776,660,-688,236,-2272
1702,-5072,6854,-1344,1196,-413,-2272
-6678,-5998,11770,1235,-767,121,-2288
3786,13940,1740,-453,-1418,-487,-2320
-6326,-18160,31100,1784,302,-561,-2272
3464,5286,-6618,-4148,2046,-199,-2272
-4138,-4140,23984,4889,-3214,-187,-2304
780,-3230,12798,-2764,1767,97,-2288
8000,2280,-7530,-2234,2404,-336,-2256
-9670,-10664,25986,3284,-2214,278,-2272
2436,7638,2372,-2132,993,22,-2272
596,-6472,7286,-1025,1191,-383,-2288
-8546,-5530,12274,2038,-1649,229,-2288
11310,9136,-10780,-3754,1486,-772,-2256
-8866,-5512,21940,5546,-3084,-601,-2304
4992,11162,-7978,-5212,3070,-267,-2256
2696,4918,396,3176,-1967,29,-2288
-514,-5154,24066,815,-546,31,-2288
3208,-3496,1666,-4333,4034,-167,-2272
-7232,-6844,15170,3769,-2668,159,-2272
2692,6500,5662,-1812,740,-130,-2272
-1390,-8162,9972,-858,1328,-299,-2288
-9634,-3104,12908,2703,-2815,97,-2288
11144,772,-9398,-5278,3117,-731,-2272
-1974,5752,4978,5640,-3504,-773,-2304
2974,948,-3670,-3095,2108,-128,-2288
7216,9702,-4862,-88,87,231,-2256
2096,-720,19728,2645,-1648,-151,-2256
-4968,-8390,18138,-4169,3832,201,-2304
1072,6636,3762,551,-593,293,-2272
4152,-1184,2276,-1730,1003,-427,-2272
-6354,-9726,14120,1128,-316,-73,-2288
-58,13284,5766,901,-2480,-251,-2256
-1722,-17740,24078,-992,2046,-438,-2288
3402,9850,-2378,-225,-120,-461,-2272
-5398,-8542,29818,3824,-2588,151,-2272
3168,2082,5206,-3795,2372,171,-2256
5502,2536,5934,244,607,-396,-2256
-9268,-9598,23352,1707,-964,245,-2288
2276,7356,3070,-833,220,89,-2304
4534,2068,1952,-2274,1745,-463,-2256
-9372,-6154,13482,2098,-1391,129,-2288
6662,12630,-1892,-802,-1219,-537,-2288
-6614,-13478,27120,1452,469,-371,-2304
3882,12310,-5298,-3235,1577,-252,-2272
-2710,-818,18506,4985,-3431,-120,-2272
2498,-3830,15366,-3196,2091,83,-2288
7730,3368,-5884,-1910,2339,-240,-2256
-8464,-9306,20148,3197,-2236,180,-2272
4434,8774,2422,-1905,808,-31,-2304
2504,-4778,5838,-1255,1517,-386,-2256
-7988,-2822,9444,1665,-1445,260,-2256
11518,8838,-10704,-2734,589,-649,-2288
-7796,-4276,19652,4676,-2082,-642,-2272
3012,9614,-6898,-4993,2771,-105,-2240
4888,7874,-2936,3790,-2418,-95,-2288
686,-6044,24544,-18,300,-117,-2288
-1318,-4574,9136,-3949,3399,149,-2304
-5418,-4040,13508,3340,-2390,219,-2288
5058,5802,2538,-2783,1695,-274,-2256
-5322,-7152,11634,953,-89,-132,-2288
-5072,9930,16248,2429,-3112,-54,-2320
12552,-1420,-11500,-5767,4311,-849,-2272
-754,8328,-734,4148,-2772,-693,-2272
-5176,-13054,32767,584,-36,49,-2256
9510,12776,-8976,-3934,2431,274,-2288
2558,550,13442,3590,-2044,-351,-2272
-7226,-10882,24534,-2055,1941,245,-2272
2274,9212,3176,372,-502,224,-2272
3066,1430,7896,-1602,1107,-458,-2272
-6748,-5840,11626,953,-393,-16,-2288
3948,14660,1508,1645,-3130,-308,-2256
7206,-12806,4098,-1500,2572,-565,-2256
5350,13944,-6836,-793,-13,-272,-2272
-3800,-4208,24578,4661,-2993,-95,-2304
5384,10046,-1260,-4302,2733,224,-2224
7250,5260,-3070,526,351,-426,-2288
-9640,-11142,26768,1954,-1029,209,-2256
3170,7928,1712,-1478,637,96,-2304
2070,-2830,7808,-942,989,-438,-2304
-8038,-4928,11160,1175,-787,212,-2288
11490,9362,-11468,-1200,-820,-527,-2256
-2286,-19706,27222,2926,-527,-618,-2272
4516,11290,-6714,-4803,2445,-182,-2272
3194,5406,150,4643,-3001,-202,-2304
-800,-5862,25350,1025,-563,-16,-2288
2428,-3476,2556,-4462,4057,-65,-2272
-6804,-6358,14612,3844,-2700,127,-2304
3068,5906,5424,-1850,855,-120,-2304
-2028,-7352,9712,-593,1103,-294,-2288
-9298,-2818,12762,2484,-2705,65,-2256
11004,88,-9584,-5373,3292,-700,-2272
-1264,6768,3160,5704,-3651,-758,-2272
3094,-822,-2798,-2597,1852,53,-2288
7700,10736,-5056,-744,500,218,-2320
2066,-642,18990,2949,-1812,-398,-2288
-5032,-8910,18902,-4062,3686,133,-2272
-2716,216,6556,2392,-1791,237,-2304
3626,4794,7046,-1712,815,-285,-2224
-6338,-8484,13350,83,657,-145,-2288
-9178,3968,14410,2350,-3237,167,-2272
7686,-10190,3750,-4001,3403,-463,-2272
5174,12320,-4756,2255,-1596,-528,-2272
-1068,-9598,18104,1435,-650,-17,-2288
6148,10380,-712,-3374,2059,428,-2288
6720,3752,1960,1953,-840,-337,-2288
-9912,-10368,24748,-183,574,340,-2256
628,4940,3928,31,-311,251,-2272
4318,1352,2614,-2096,1425,-445,-2272
-9516,-6812,13530,1655,-848,68,-2272
-4308,11236,10852,504,-2257,-306,-2288
2278,-17140,18196,245,1286,-666,-2288
4246,12174,-6700,-1725,742,-395,-2272
-736,2446,10038,4744,-3273,103,-2272
3702,5600,3202,-3587,2189,118,-2304
8976,3130,-8818,-710,1383,-464,-2256
-8140,-7856,17366,2675,-1807,300,-2288
1960,7696,2542,-1447,581,48,-2272
2820,-4528,4346,-1939,1826,-499,-2272
-9138,-2896,11076,2318,-1707,207,-2320
4452,13816,1346,-1992,-281,-572,-2256
-5042,-16692,28470,3831,-1389,-637,-2288
2344,4908,-4594,-4507,2401,-125,-2304
-4462,-4314,25632,4903,-3277,-44,-2256
2962,-2018,11894,-1693,1232,59,-2288
5844,506,-5282,-3050,3109,-64,-2256
-3640,-1768,10072,3560,-2595,324,-2272
3690,8880,2370,-2128,1018,-105,-2272
-814,-8998,10282,-418,1034,-274,-2272
-7976,878,12112,1954,-1984,226,-2288
11170,10300,-9862,-4574,2487,-775,-2256
-9064,-6078,23168,5892,-3421,-707,-2272
486,-7570,9256,-4001,2387,79,-2304
3744,6590,302,1324,-775,204,-2320
352,-6904,25824,2230,-1200,-205,-2256
170,-3528,5268,-4402,3796,196,-2256
840,5178,3618,3349,-2372,211,-2272
4638,6560,3170,-2277,1272,-246,-2272
-4198,-8462,12012,463,366,-135,-2288
-5868,8448,15352,2091,-2721,-15,-2288
12228,838,-11334,-5506,3895,-654,-2304
-2712,4952,4196,4866,-3163,-697,-2304
-3596,-12610,30654,20,229,219,-2272
8798,11396,-8884,-2669,1630,285,-2256
1200,-1528,18502,3047,-1639,-256,-2288
-5702,-8584,18554,-2152,1948,239,-2288
2342,8844,2552,882,-864,154,-2288
3874,2506,5914,-2097,1439,-415,-2272
-6764,-5744,11542,1002,-482,-5,-2272
2244,14240,4938,1926,-3120,-193,-2288
8488,-10642,1024,-2306,3010,-566,-2288
4948,13516,-6280,-934,-9,-270,-2288
-4276,-5766,27480,4199,-2612,-50,-2272
6214,10926,-2708,-4565,2887,354,-2288
6230,4594,-1070,1156,-183,-428,-2288
-9314,-11306,26326,1464,-695,191,-2288
2870,8104,2004,-1416,540,68,-2288
2284,-1820,6946,-1227,1130,-453,-2272
-7942,-4552,11410,1220,-837,214,-2272
10340,10718,-9106,-472,-1389,-569,-2288
-104,-19280,22386,2875,-572,-405,-2320
5322,13226,-8450,-4334,2163,-286,-2272
1234,4202,3716,4924,-3233,-223,-2272
1718,3254,4472,-2649,1633,191,-2288
10048,5284,-10338,-2429,2565,-257,-2256
-8096,-7978,17640,3684,-2493,202,-2288
3096,6216,3806,-2122,1011,38,-2272
2266,-3758,5306,-939,1213,-367,-2304
-9276,-4024,12876,2064,-1633,233,-2320
11726,2092,-11062,-3837,1489,-733,-2256
-7850,-15970,31394,5869,-3449,-1006,-2256
3122,2044,-5058,-5047,3098,-182,-2304
6902,9388,-4542,2603,-1637,90,-2272
524,-3514,14296,731,-476,-28,-2288
7716,978,-6898,-4564,4235,-44,-2288
-3410,-1214,7010,3767,-2665,175,-2272
3198,5814,7556,-1626,614,-79,-2240
1566,-6692,7012,-881,1403,-255,-2272
-9238,1912,13336,2830,-2931,131,-2288
8750,-7536,-856,-5289,3334,-735,-2288
-6986,-3538,18532,5503,-3367,-838,-2304
0,-7790,11400,-2203,1598,-8,-2272
7144,11304,-3018,-2339,1432,405,-2272
6158,3570,5176,2585,-1346,-335,-2272
196,-4602,6826,-2359,2253,140,-2288
272,4442,4672,879,-783,309,-2288
4282,2584,3800,-1835,1093,-413,-2256
-9516,-7408,14018,1172,-305,-6,-2304
7280,12402,-3914,-662,-1376,-302,-2272
4150,-15530,13740,909,843,-565,-2288
3908,12104,-5206,-2818,1354,-238,-2288
-2254,-804,16992,4756,-3312,-145,-2304
4670,7878,544,-3683,2347,110,-2288
7802,3496,-5844,-1001,1583,-375,-2256
-8360,-8800,19390,2791,-1863,259,-2288
3254,8038,4400,-1475,610,7,-2288
3050,-3000,3588,-1770,1684,-453,-2272
-8862,-3574,11052,2114,-1628,214,-2272
10806,7124,-9590,-2248,12,-586,-2256
-3282,-18020,26764,4319,-1896,-592,-2288
2946,7874,-6096,-4684,2588,-155,-2272
4720,7262,-1886,4151,-2736,102,-2272
2876,-116,8022,-1315,1035,17,-2288
7182,1820,-7236,-3312,3320,-47,-2256
-4938,-3792,12250,3809,-2749,293,-2288
4824,6936,4272,-2142,964,-105,-2272
316,-8218,8820,-554,1179,-241,-2304
-8060,-870,10568,1944,-1983,252,-2288
11712,-2064,-8464,-4404,2296,-725,-2288
-8372,-11276,28316,5940,-3526,-590,-2288
1644,-3138,1656,-3945,2330,138,-2304
8716,11666,-7228,564,-308,268,-2272
1364,-6154,20692,1863,-933,-143,-2320
2514,-1406,1624,-3882,3376,140,-2288
-936,2424,6030,3268,-2351,95,-2272
3662,2030,5266,-2696,1559,-295,-2304
-7428,-5600,11538,1189,-472,-14,-2256
-7700,5222,16170,2165,-3304,-292,-2288
7504,-13042,4284,-3265,3574,-515,-2288
5392,14328,-7498,1090,-1101,-471,-2304
-3720,-2728,23104,4924,-3237,130,-2304
5270,10020,-998,-4448,2864,216,-2288
7666,5278,-4804,253,534,-382,-2288
-9446,-11010,25972,2262,-1346,315,-2288
2796,7910,2324,-1655,761,35,-2240
2102,-2930,6820,-1110,1152,-455,-2272
-8016,-4438,11138,1414,-1002,188,-2256
11376,9504,-10712,-1208,-813,-597,-2288
-1756,-19664,26214,3626,-1091,-574,-2288
4236,11414,-6682,-4661,2379,-155,-2304
3220,5372,890,4692,-2996,-133,-2272
1452,1366,6290,-1971,1308,98,-2288
9232,4494,-9652,-2876,2905,-234,-2256
-6820,-6406,15088,3456,-2337,134,-2272
3270,6342,4634,-2054,908,-8,-2304
1654,-5188,6234,-701,1075,-329,-2304
-8736,-2404,11944,1966,-1734,196,-2256
11240,-18,-9704,-4213,1987,-755,-2288
-8708,-13974,30244,5847,-3459,-950,-2304
3224,138,-2724,-4692,2874,-59,-2240
7744,10388,-5288,1818,-1025,136,-2272
-368,-5318,18186,1402,-878,-43,-2256
7058,276,-5508,-4812,4366,-15,-2224
-2606,202,5538,3677,-2624,247,-2272
2162,6548,3938,-1682,594,-88,-2288
874,-6908,7452,-767,1303,-229,-2288
-8994,3096,13744,2516,-2811,124,-2288
7834,-9294,2172,-5148,3192,-705,-2304
-6530,-1652,16170,5378,-3429,-782,-2240
226,-9152,15028,-1657,1275,133,-2272
6166,11086,-1304,-572,423,233,-2288
220,-3828,24472,2646,-1606,-112,-2256
560,-5274,7172,-3728,3457,28,-2272
-170,5226,4668,2177,-1721,295,-2272
3490,6424,6584,-1691,772,-297,-2256
-2926,-9144,11720,186,596,-132,-2288
-5748,10604,12450,2090,-3151,-251,-2288
3098,-16810,16494,-4063,3459,-663,-2304
-56,6858,3166,2521,-1671,-509,-2272
-4606,-11396,31722,1960,-1083,-24,-2272
3698,6592,1568,-3709,2276,314,-2272
2516,170,17584,2087,-1004,-455,-2288
-6158,-9354,20336,-335,675,294,-2256
1766,7070,2352,-47,-225,238,-2304
3404,-2474,2774,-1879,1248,-425,-2272
-7200,-8856,13228,1484,-715,101,-2240
1822,13750,4094,783,-2472,-234,-2256
-3484,-18658,27248,-244,1615,-743,-2288
4556,12136,-5110,-1427,459,-374,-2272
-5866,-6784,30164,4706,-3171,79,-2272
2148,-912,9152,-4074,2566,182,-2288
6990,3830,1198,-244,978,-465,-2288
-10152,-10720,26190,2466,-1587,164,-2288
2094,8138,2962,-1440,584,55,-2272
4186,542,3104,-2023,1699,-445,-2320
-9352,-5788,13012,2245,-1522,171,-2256
8396,12378,-5164,-1334,-843,-585,-2256
-7688,-11228,27042,2383,-98,-440,-2304
3626,12418,-6032,-4201,2176,-253,-2272
-588,1940,11832,4948,-3278,-60,-2304
1766,-5328,19718,-2259,1582,21,-2288
8134,3934,-8014,-2758,2913,-184,-2256
-7852,-8222,18560,3563,-2516,260,-2272
4132,8128,3068,-2180,1040,-6,-2304
1820,-5530,6356,-860,1260,-383,-2256
-8054,-3082,9736,1855,-1722,251,-2320
12294,5802,-12040,-3791,1593,-674,-2256
-6648,-8,13300,5527,-2887,-509,-2272
2716,6470,-5356,-4772,2727,-221,-2240
7274,9810,-6902,2812,-1652,7,-2288
364,-4638,24558,1345,-571,-93,-2256
6888,2250,-6804,-4453,3935,-8,-2272
-3828,-1876,9032,3770,-2631,174,-2272
4134,4930,4948,-2380,1214,-235,-2272
-288,-8138,8832,254,569,-231,-2256
-8054,-90,12028,2002,-2437,138,-2288
11154,-4350,-7766,-5492,3481,-740,-2272
1172,9186,-2392,5822,-3711,-752,-2272
2076,-5864,4228,-1673,1205,22,-2272
8500,12478,-6924,-2058,1317,250,-2272
3034,1248,10252,3098,-1797,-172,-2256
2788,-2256,1718,-3353,2849,322,-2288
-412,3838,4770,2206,-1656,144,-2272
2726,304,7452,-2038,1225,-317,-2304
-2710,-7300,9632,577,68,-125,-2288
-7158,7926,16140,2238,-3271,-42,-2256
4390,-15296,11784,-3545,3549,-605,-2320
6306,14910,-7416,1735,-1455,-478,-2272
-2708,-12390,30814,3042,-1678,224,-2272
3456,7756,1308,-4156,2553,369,-2288
8602,5422,-6308,2189,-1061,-364,-2256
-3522,-8244,16254,56,457,340,-2256
1394,7250,3256,-309,-100,136,-2304
2562,-2760,5482,-1547,1146,-425,-2272
-5470,-7414,11748,1022,-431,96,-2288
344,13764,6122,465,-2191,-379,-2288
-3784,-19500,28540,1225,633,-440,-2288
4464,9332,-8354,-2993,1362,-349,-2272
-5664,-7678,30892,4902,-3193,-167,-2272
1208,-394,7534,-1197,746,106,-2320
9622,3660,-9712,-3573,3482,-214,-2320
-6300,-5532,12572,3836,-2657,221,-2304
2014,7742,2242,-2070,896,6,-2256
2104,-5212,5642,-1097,1396,-362,-2256
-9976,-1548,13684,2637,-2338,205,-2288
10848,-2972,-7152,-4498,2165,-719,-2272
-8434,-9910,25930,5893,-3579,-926,-2304
2102,-3218,1754,-3937,2549,-57,-2304
7322,10646,-2992,1781,-1066,148,-2288
482,-4118,19222,1756,-1117,-117,-2256
4828,-1768,-1872,-4468,4141,-103,-2272
-1660,1748,5454,3198,-2328,262,-2272
2564,6786,5384,-1528,571,-179,-2256
-376,-8276,9386,-610,1224,-241,-2288
-7778,6142,12404,2608,-3147,-50,-2288
6162,-12336,7564,-5024,3486,-685,-2272
-3982,2420,10252,4324,-2721,-674,-2272
-2224,-10322,21960,-165,376,114,-2272
5332,9792,-234,-2285,1393,265,-2304
1944,-2378,21950,2502,-1385,-313,-2256
-3104,-6988,13550,-2189,2139,311,-2288
774,5744,4054,1279,-1079,219,-2272
4540,178,2152,-1846,1046,-452,-2272
-5494,-10332,13818,1239,-358,-54,-2272
-2534,12556,9078,1349,-2709,-23,-2256
984,-17556,20596,-2249,2748,-525,-2288
1896,7944,-66,1078,-899,-532,-2304
-5546,-10014,31210,4516,-3134,-114,-2288
3954,4482,3296,-3608,2308,144,-2288
7502,2254,-7362,-1209,1755,-271,-2288
-6718,-6606,15462,2457,-1649,204,-2240
2220,7888,2558,-1302,444,-2,-2304
1922,-6288,6732,-1878,1799,-441,-2320
-7896,-2282,9480,1929,-1511,213,-2256
4818,13982,1276,-2010,-223,-537,-2288
-6026,-16942,30292,3642,-1164,-602,-2304
2618,3200,-5066,-4862,2616,-115,-2272
-3544,-2732,23174,4758,-3105,-205,-2256
2002,-4268,15316,-1077,980,68,-2288
5156,732,-3790,-3604,3409,-72,-2288
-3012,-556,8964,3990,-2910,295,-2272
4316,9076,1498,-2565,1319,-164,-2272
-1584,-9416,10894,-228,965,-292,-2320
-7854,930,12916,1587,-1763,243,-2256
11048,10646,-10186,-3987,1807,-817,-2272
-9246,-6834,24288,6201,-3566,-1074,-2272
852,-8968,9582,-4142,2464,111,-2272
4052,6982,-1476,1206,-651,-7,-2256
-350,-7378,26462,2322,-1213,-296,-2256
274,-3294,5532,-4319,3703,129,-2272
-6238,-5788,15462,3711,-2656,160,-2288
5072,5916,1778,-2847,1716,-247,-2288
-4100,-6798,10346,682,93,-129,-2288
-6092,9322,17002,2624,-3152,91,-2256
12870,-296,-12672,-5977,4303,-907,-2304
5658,15144,-8000,580,-801,-444,-2272
-4328,-13080,32767,4258,-2615,363,-2304
2722,6110,2372,-4776,2975,210,-2288
9636,6084,-9440,1589,-444,-362,-2288
-6232,-10016,22230,434,149,166,-2272
1770,8104,3728,-1056,420,187,-2272
2130,-4114,5866,-1285,1069,-421,-2304
-6394,-6748,12206,1248,-735,123,-2288
2968,14098,2760,-177,-1651,-442,-2256
-5786,-18860,31066,1138,806,-571,-2272
5346,13090,-6056,-2876,1279,-192,-2288
-4494,-5988,27196,4957,-3266,60,-2288
870,-2196,11154,-3034,1861,266,-2256
8690,2828,-8654,-1801,2149,-222,-2256
-9650,-10646,26448,2890,-1829,162,-2240
2242,7650,2680,-1840,791,118,-2272
1248,-6226,6570,-1170,1243,-445,-2256
-8460,-5926,12406,1997,-1553,226,-2320
10204,9836,-9468,-2808,593,-656,-2272
-8728,-7044,23586,5132,-2664,-726,-2304
5070,11830,-6992,-5064,2957,-229,-2288
1474,3416,3992,3597,-2282,-171,-2256
-160,-5036,22956,193,-70,30,-2288
3552,-2620,820,-4037,3853,-158,-2304
-7756,-7618,17160,3909,-2756,151,-2240
2818,6704,5624,-1789,709,-74,-2256
-1104,-8218,9654,-1072,1446,-311,-2256
-9558,-3382,12342,2489,-2584,189,-2288
10702,2318,-9356,-4929,2718,-754,-2304
-2552,4012,7468,5799,-3594,-762,-2272
3394,2352,-5244,-3623,2398,-194,-2256
6388,9366,-4040,620,-382,277,-2256
1702,-1608,22210,1949,-1146,-162,-2272
-3766,-7832,15742,-4211,3873,148,-2304
-3840,-1540,8524,2840,-2121,290,-2272
3968,6142,6686,-1774,805,-244,-2288
-6060,-9388,13620,-28,829,-151,-2224
-9070,2014,12710,2186,-3052,-86,-2288
9048,-6942,-256,-3998,3331,-644,-2288
3590,10046,-2556,3415,-2177,-533,-2304
-6238,-8788,31438,958,-424,27,-2240
6866,11214,-1924,-2994,1836,293,-2272
5574,1964,7518,2105,-938,-479,-2288
-9084,-9582,23004,-982,1120,251,-2288
-226,3916,5346,653,-729,217,-2272
4460,2430,2532,-2300,1526,-443,-2304
-9398,-6928,13738,1415,-609,27,-2288
-6134,9122,12886,1079,-2687,-164,-2256
5030,-15470,12312,-1223,2285,-644,-2288
4146,12936,-6026,-380,-185,-437,-2240
-4440,-11942,29754,3800,-2512,156,-2256
4772,8038,850,-4290,2704,252,-2256
8370,4002,-6974,386,545,-419,-2256
-9072,-9394,21040,1460,-795,314,-2272
2040,7686,2658,-1241,498,122,-2304
2802,-3678,4506,-1916,1676,-417,-2272
-8896,-3262,11074,2118,-1490,155,-2288
1484,14178,6070,-1038,-1045,-523,-2256
-3126,-18934,27700,2000,200,-644,-2272
2642,8428,-5692,-3964,1987,-99,-2240
-5078,-7272,30668,5145,-3434,-125,-2288
2898,22,8602,-2614,1767,105,-2256
6848,2326,-7160,-2270,2561,-117,-2256
-5160,-4158,12988,3217,-2212,334,-2272
3360,9350,1598,-2206,1074,-42,-2272
-222,-8098,9344,-675,1088,-367,-2288
-8120,-1104,11538,1709,-1587,233,-2288
9690,12134,-7830,-3273,1058,-657,-2272
-9428,-10596,28656,5638,-3049,-831,-2240
1816,-4690,2918,-4788,2781,-72,-2272
1076,3878,6592,2645,-1578,-1,-2256
-92,-7356,24920,1499,-733,30,-2288
2738,-1670,606,-4552,4065,-45,-2272
-218,3206,4316,3753,-2657,142,-2272
4150,7324,2720,-2326,1125,-195,-2256
-7446,-5564,12080,1138,-530,-13,-2240
4334,13920,1452,1286,-2738,-204,-2288
6930,-12954,5614,-2048,2863,-564,-2304
4778,13648,-5968,-755,-25,-366,-2272
-3720,-3504,24298,4137,-2652,-158,-2288
5288,10154,-2014,-4402,2837,221,-2256
6908,4864,-3856,1022,-16,-364,-2272
-9212,-11166,25072,1558,-792,293,-2272
1822,7458,2946,-1095,357,108,-2288
-438,-7490,8728,-572,1002,-355,-2288
-7712,-4144,10512,1425,-1186,240,-2272
11136,9448,-10746,-3026,901,-716,-2304
-9028,-5738,22408,5668,-3183,-434,-2304
4566,11368,-7884,-5123,2997,-237,-2288
3402,5424,-572,2892,-1700,15,-2288
-906,-5932,25378,276,-104,-47,-2304
9304,4702,-9176,-3949,3659,-71,-2256
-6626,-6356,14728,3961,-2749,164,-2288
3360,6270,4670,-2184,1039,-53,-2256
-2164,-7424,9738,-401,985,-253,-2256
-8984,-2940,12320,2351,-2422,107,-2304
11360,362,-9818,-5233,3208,-695,-2272
-1810,6376,4222,6084,-3889,-723,-2256
3118,-288,-3608,-2824,2044,-21,-2256
7522,10626,-5324,186,-16,216,-2272
1878,-784,19864,2902,-1829,27,-2240
6794,340,-5548,-4496,4083,3,-2288
-2790,272,5980,2716,-1981,261,-2256
3408,4626,7530,-1630,770,-275,-2288
-5832,-8822,13076,-157,870,-151,-2272
-9246,3512,14358,2565,-3375,6,-2304
8196,-9520,2100,-4777,3677,-798,-2288
4868,11612,-4614,3380,-2231,-651,-2288
-446,-8772,15810,1087,-449,172,-2256
6000,10566,8,-2417,1503,321,-2304
6816,3650,3486,2370,-1236,-354,-2272
154,-5822,8052,-1932,1965,228,-2288
1838,7050,2904,-951,295,201,-2320
4330,2062,3044,-1919,1480,-443,-2288
-9338,-7246,14322,2341,-1546,166,-2304
7948,12090,-4938,-1395,-779,-522,-2288
-7158,-11330,26316,2991,-725,-681,-2288
4290,12218,-5476,-3968,2124,-294,-2304
-1804,662,14086,4926,-3362,-89,-2272
1974,-4098,17852,-2428,1583,-23,-2256
8786,3866,-8018,-2770,3004,-322,-2288
-8650,-8306,18590,3670,-2669,239,-2256
3370,7954,4502,-1716,711,-24,-2272
3226,-3892,3406,-1554,1748,-420,-2288
-8972,-2838,10494,2147,-1910,242,-2288
10974,6498,-9310,-3360,1143,-646,-2288
-5938,-1098,15120,4793,-2328,-680,-2272
2558,7310,-4778,-4518,2591,-3,-2272
5294,7526,-2166,2812,-1809,143,-2272
1372,-4394,22484,32,346,-31,-2288
6198,1354,-6180,-3653,3427,74,-2288
-4480,-3236,12500,3709,-2666,208,-2304
4790,6616,4082,-2359,1202,-194,-2272
-92,-8206,9250,-32,783,-260,-2256
-7970,-860,10862,1912,-2276,172,-2256
11474,-2698,-8694,-5263,3394,-761,-2288
456,8160,-226,6007,-3679,-896,-2272
1910,-4486,2382,-2102,1499,81,-2272
9208,12584,-8046,-981,656,185,-2288
3120,998,11624,2981,-1708,-325,-2288
-7898,-10616,22996,-1460,1438,245,-2272
-212,3152,4636,917,-814,274,-2288
3700,1724,5698,-2194,1462,-369,-2288
-7784,-5470,11950,1272,-700,14,-2288
4032,14216,2064,1756,-3059,-185,-2272
7530,-13098,4740,-2215,2911,-655,-2272
4586,14132,-6546,-815,-76,-206,-2272
-3518,-3474,23814,4242,-2693,-155,-2288
5688,10194,-1460,-4455,2871,288,-2288
6896,4562,-3384,1092,-116,-410,-2272
-8930,-10750,24264,1423,-708,307,-2304
1622,7320,2834,-1008,322,94,-2256
1884,-3592,7790,-1334,1276,-424,-2288
-7554,-4226,10146,1208,-864,189,-2288
11874,9582,-11750,-1025,-912,-587,-2288
-2250,-19908,27578,3837,-1287,-730,-2288
4370,11252,-7306,-5030,2587,-137,-2272
3902,6366,-1462,4541,-2909,-100,-2304
960,682,7352,-1667,1100,134,-2288
9722,4714,-9646,-3163,3070,-225,-2288
-6616,-5962,14356,3669,-2528,162,-2304
3272,6038,4562,-2207,1009,8,-2272
1606,-5428,6398,-610,1039,-329,-2272
-8812,-2508,11984,1988,-1734,269,-2288
11630,158,-10406,-4240,2010,-731,-2288
-9028,-14648,31172,5853,-3404,-883,-2272
3096,456,-3154,-4746,2919,-126,-2272
7934,10560,-5910,2648,-1552,67,-2256
1316,-908,19724,3044,-1993,-132,-2256
-4318,-8400,17870,-4329,3896,110,-2304
-2850,-112,5874,2394,-1709,250,-2272
3278,4304,7406,-1670,786,-292,-2288
-5572,-8158,12788,178,577,-146,-2256
-9114,3502,14416,2216,-3161,-317,-2288
7660,-9902,2496,-4273,3594,-529,-2272
5148,12240,-4754,2484,-1711,-556,-2304
-452,-9518,16746,1379,-574,-13,-2288
6458,10876,-1552,-3383,2105,330,-2288
6516,4332,2028,2564,-1379,-367,-2240
-10122,-10814,26986,-1310,1519,381,-2304
294,4960,4556,144,-346,273,-2304
4250,1814,3656,-1732,990,-461,-2256
-9024,-6898,13720,1241,-430,15,-2288
-5240,10392,11726,1030,-2544,-221,-2272
2930,-16516,16532,-994,2026,-543,-2304
4902,12484,-6468,-314,-113,-411,-2256
-4618,-11478,31016,3983,-2664,-8,-2256
3544,6624,1560,-3989,2476,216,-2288
9148,3996,-8222,379,517,-393,-2272
-7016,-9456,21424,1304,-596,314,-2288
1722,7486,2518,-1273,455,62,-2272
3576,-3642,3004,-2025,1813,-473,-2304
-9364,-3308,11406,2171,-1534,187,-2272
2158,13456,4102,-1409,-726,-597,-2256
-3444,-17520,26030,3217,-962,-522,-2256
2908,7222,-6126,-4094,2151,-308,-2240
4682,7182,-1668,4742,-3205,-58,-2272
2988,284,8108,-2474,1672,7,-2256
7000,1052,-6490,-2378,2698,-244,-2288
-4920,-3266,12232,3501,-2551,205,-2288
2990,8840,2542,-1916,846,-78,-2304
450,-7918,8964,-998,1462,-361,-2272
-8138,-774,10802,1959,-1774,220,-2288
8940,12242,-6196,-3538,1358,-702,-2288
-8424,-11054,28048,5362,-2749,-1034,-2304
1586,-3748,1694,-4915,2913,64,-2272
348,3714,7672,2926,-1820,17,-2256
1028,-6596,22798,1219,-520,-100,-2288
2290,-2184,1334,-4410,3908,59,-2320
-304,3186,4614,3776,-2704,230,-2272
4576,7944,2376,-2469,1303,-227,-2240
-3042,-9538,11744,343,555,-220,-2272
-7320,5506,14736,2090,-2506,173,-2256
12326,4970,-11930,-5432,3621,-732,-2288
-5708,588,11668,5766,-3442,-824,-2240
-2030,-11512,22736,-1815,1289,-33,-2304
7584,10520,-7520,-1168,707,230,-2256
916,-4674,23184,2979,-1585,-282,-2288
-3780,-6930,14166,-3213,2666,279,-2256
2130,8020,2920,2192,-1659,188,-2272
4500,4456,4378,-2403,1538,-357,-2272
-6148,-6452,11956,1101,-330,-80,-2288
-1460,13066,11266,2294,-3256,-193,-2288
11004,-6514,-7050,-4918,4348,-761,-2272
2352,11348,-5038,2217,-1727,-459,-2272
-5242,-10068,32767,3334,-1998,87,-2304
8774,13008,-7344,-4762,2961,223,-2256
4158,3400,4280,2243,-1010,-452,-2288
-8824,-11646,26862,1030,-312,169,-2272
2670,8692,2412,-1342,567,121,-2304
2322,-860,8174,-1091,1000,-440,-2256
-7330,-5128,11350,1081,-722,141,-2256
8178,12904,-5630,-678,-1207,-453,-2256
-9396,-14016,31028,2165,51,-488,-2272
5702,14532,-6634,-4321,2081,-276,-2304
-940,466,12514,5039,-3239,-288,-2256
-390,-6032,20120,-2556,1681,93,-2288
8748,5538,-7844,-1692,2036,-287,-2304
-8854,-9942,22518,3362,-2214,234,-2272
3252,7336,2272,-2094,902,-41,-2272
2058,-3894,6794,-798,1087,-373,-2288
-8626,-4072,11458,1702,-1483,232,-2288
11808,4848,-11830,-3316,1069,-690,-2272
-5910,-18760,30990,5388,-2928,-541,-2288
3890,6034,-7362,-5234,3092,-215,-2288
5688,8178,-4358,2861,-1756,11,-2288
-254,-3592,25350,1157,-711,77,-2320
9364,3196,-8784,-4480,4151,-118,-2304
-4976,-3766,9820,3857,-2724,124,-2240
3364,5982,6450,-1897,810,-103,-2288
1832,-5620,6088,-752,1247,-268,-2288
-9882,-374,14008,2647,-2722,76,-2272
9998,-4692,-4736,-5250,3225,-739,-2272
-8292,-7824,23964,5879,-3687,-733,-2288
1536,-5798,5472,-2574,1906,-175,-2288
7552,11408,-2788,-675,449,300,-2256
4364,2346,11634,2730,-1713,-130,-2304
3756,-2940,422,-3977,3623,127,-2272
-1076,3140,4806,2560,-1902,268,-2320
3848,3744,5966,-1628,810,-336,-2288
-1264,-8976,10290,168,655,-135,-2288
-7412,8246,13080,2416,-3401,-57,-2336
5668,-13942,10522,-4060,3538,-513,-2304
-2916,3878,7632,3106,-1994,-698,-2256
-3192,-10978,25698,1381,-679,49,-2288
4768,8978,980,-3152,1914,317,-2288
8066,4046,-3236,2191,-1017,-350,-2272
-4016,-7678,15808,-989,1119,280,-2304
1184,6254,3364,-20,-271,240,-2272
3918,-684,2664,-1953,1352,-436,-2272
-6088,-9820,13484,1538,-749,59,-2288
10742,8710,-9200,-1267,-848,-464,-2240
-1520,-18276,25104,2948,-668,-402,-2304
3382,9738,-6138,-4463,2464,-257,-2304
3232,5696,1348,5084,-3430,31,-2320
2754,1440,6092,-1842,1277,48,-2288
8630,2722,-9698,-2792,2979,-224,-2272
-6572,-5536,13238,3794,-2744,224,-2272
2208,8160,2942,-1777,709,-3,-2288
2126,-6846,5686,-1394,1652,-375,-2288
-8280,-980,9362,2128,-2006,220,-2288
11320,1138,-8664,-3203,1007,-624,-2304
-6490,-13854,27948,5078,-2538,-701,-2272
2258,1198,-2398,-4587,2634,-58,-2256
7804,10570,-6566,3028,-1940,-12,-2256
2598,-3950,15414,-135,446,-168,-2272
3498,-474,-1172,-3647,3416,93,-2272
-2458,150,9204,3617,-2618,217,-2304
4778,9096,1506,-2614,1356,-239,-2288
-2724,-9792,11930,524,401,-220,-2320
-7742,2240,13710,1722,-2092,202,-2272
10208,-8708,-3034,-5295,3384,-713,-2272
-8286,-3822,19408,6144,-3726,-818,-2256
-158,-10602,15380,-2271,1527,95,-2288
7360,12306,-5000,-1784,1127,185,-2256
-210,-6014,26206,3021,-1702,-385,-2272
-1560,-5122,9586,-3431,2904,185,-2272
1440,6662,3092,2456,-1814,105,-2288
4682,5476,3390,-2447,1509,-358,-2288
-5030,-6958,11210,990,-277,-77,-2256
-4936,10348,15806,2427,-3234,-142,-2272
12396,-1826,-10846,-5305,4266,-534,-2288
-670,8054,-252,3282,-2230,-592,-2288
-4516,-12392,32767,2312,-1155,114,-2288
2618,5168,3256,-4675,2885,242,-2288
1928,214,14256,2935,-1554,-393,-2272
-6634,-10164,22520,-706,925,248,-2304
2284,9054,2752,-394,-10,137,-2304
2732,1506,7858,-1474,1080,-419,-2288
-6446,-5676,11054,876,-472,102,-2256
4756,14048,-202,636,-2303,-331,-2288
-7518,-18034,32767,157,1459,-415,-2272
6462,14352,-7644,-3192,1468,-237,-2272
-3368,-3300,21004,4864,-3148,-23,-2288
-16,-3826,14120,-3477,2095,239,-2288
7970,5114,-3354,-1125,1524,-328,-2320
-9874,-10438,26240,2507,-1480,214,-2304
2250,7248,2946,-1766,797,100,-2304
2980,-1180,5030,-1255,1229,-439,-2288
-8524,-5206,12420,1822,-1277,185,-2256
10572,9316,-9998,-1875,-298,-565,-2272
-8840,-5632,22412,4319,-1830,-573,-2272
4778,11644,-7612,-5113,2844,-273,-2256
2308,5068,1466,4472,-2879,-21,-2288
-148,-5570,24762,-575,401,59,-2288
9950,4692,-10266,-3656,3586,-199,-2272
-7390,-6770,14938,3977,-2788,149,-2304
3214,6294,5328,-1997,862,-37,-2288
2714,-4374,4228,-977,1403,-346,-2256
-9364,-2732,11994,2402,-2252,217,-2288
10962,1224,-9204,-4417,2128,-767,-2304
-7164,-14686,28878,5679,-3272,-884,-2288
2882,1778,-3454,-4369,2667,-70,-2256
6946,9594,-4432,1767,-1096,153,-2256
1814,-1272,20310,1114,-580,-129,-2272
6400,34,-4684,-4267,3961,73,-2272
-3118,-496,8076,3279,-2387,211,-2304
3704,5350,6610,-1781,747,-191,-2288
372,-7554,8212,-290,1007,-232,-2288
-8982,2214,13238,2363,-2787,90,-2272
8882,-7564,-444,-5026,3415,-728,-2272
-6856,-3816,18778,5183,-3177,-804,-2320
230,-8224,11660,-1316,1058,209,-2256
6962,11632,-2880,-1738,1045,254,-2288
5742,2958,5384,2608,-1384,-232,-2288
124,-4910,7408,-2155,2047,137,-2256
2210,7776,2490,-363,-89,181,-2272
4314,1888,3114,-2213,1504,-478,-2288
-9392,-6440,13448,1781,-1021,52,-2288
6934,12804,-3086,154,-2040,-300,-2320
4824,-15798,12812,-122,1563,-710,-2272
4166,12926,-6250,-2148,896,-287,-2272
-2322,-420,16654,4561,-3088,113,-2288
4338,8354,1366,-3845,2421,143,-2288
7880,3184,-5674,-215,961,-358,-2272
-8460,-9052,20060,2311,-1547,211,-2272
1880,7940,2476,-1288,455,60,-2288
2464,-4526,5908,-1767,1731,-428,-2288
-8320,-3128,9808,1788,-1389,226,-2288
11812,8172,-11070,-1063,-952,-609,-2272
-2740,-19490,27922,3492,-947,-719,-2272
2834,9200,-6640,-4736,2440,-116,-2256
5872,8806,-4842,4901,-3235,27,-2288
2370,-1508,10046,-972,836,126,-2288
7670,3046,-8702,-3311,3214,-129,-2304
-4956,-3734,11084,4079,-2896,186,-2304
3310,9252,1794,-2648,1362,-28,-2256
-102,-7896,8926,-210,877,-340,-2288
-7980,-1648,11384,1834,-1952,227,-2288
12370,-1998,-10758,-4268,2087,-732,-2304
-10004,-12178,30910,6158,-3646,-719,-2272
2028,-3264,1192,-4557,2677,-103,-2288
9314,12078,-8126,1317,-677,147,-2256
-72,-7186,23282,1781,-916,-116,-2304
3760,-1060,-1210,-3939,3401,51,-2256
-836,2946,4362,2115,-1520,180,-2288
3114,1652,7488,-1932,1151,-360,-2288
-6614,-5994,11610,662,27,-95,-2272
-7852,5576,15842,2184,-3204,-109,-2304
6394,-12850,5892,-3846,3694,-730,-2304
5536,13752,-6298,2242,-1714,-565,-2288
-1294,-11438,23708,2739,-1525,63,-2288
5272,9736,-1104,-4276,2695,246,-2256
7104,5084,-2770,1819,-742,-316,-2288
-9560,-10976,26376,441,190,214,-2288
1016,6568,3692,-543,57,200,-2272
2704,-1666,5942,-1336,1021,-429,-2304
-7998,-4756,11728,1093,-488,99,-2288
-2778,12168,10630,204,-1935,-491,-2288
-550,-18870,22908,1301,593,-587,-2256
4870,12398,-7006,-2749,1153,-317,-2272
-4868,-10184,32767,4583,-3003,-83,-2288
1972,3134,3618,-3589,2184,254,-2288
9266,4506,-9140,-1014,1514,-335,-2288
-7504,-7848,16926,2345,-1387,229,-2304
1914,7772,2146,-1604,613,111,-2272
2068,-4738,5916,-1209,1305,-422,-2304
-8930,-3392,11664,1663,-1156,242,-2288
5684,13488,-2180,-2477,262,-656,-2288
-7432,-15666,29952,4409,-1961,-626,-2272
3386,2088,-5310,-5164,2988,-340,-2272
-3416,-2810,18292,4264,-2771,-103,-2288
1008,-1834,22204,1713,-1103,-92,-2288
7742,1256,-6232,-4454,4148,121,-2304
-3644,-1288,7790,3457,-2514,231,-2272
3406,5412,7126,-1796,790,-171,-2272
996,-6390,7396,-512,1112,-157,-2288
-9488,1342,14210,2660,-3118,43,-2288
9004,-7052,-1216,-5211,3482,-728,-2272
-7622,-4078,20094,5369,-3401,-913,-2288
610,-8372,11128,-1523,1273,69,-2288
6656,11384,-1240,-1454,926,408,-2288
5956,3218,6764,2907,-1767,-306,-2288
1952,-4688,4234,-3299,3098,60,-2304
-362,4350,4868,1548,-1228,330,-2304
4118,3172,4266,-1733,863,-331,-2288
-2512,-9958,12060,677,282,-62,-2288
-6076,9490,11878,1680,-3026,-234,-2256
4494,-15204,13164,-3306,3198,-660,-2272
-1464,5084,5394,2258,-1499,-482,-2288
-4222,-11158,28062,2797,-1785,126,-2272
4688,7974,1454,-3638,2210,221,-2272
8164,3626,-5290,1225,-150,-456,-2256
-6126,-8026,19226,526,-57,309,-2288
1660,6542,3006,-336,-49,194,-2304
3634,-2578,3132,-2199,1618,-477,-2272
-7676,-9018,14240,1947,-1187,76,-2288
594,13640,6290,60,-1930,-444,-2288
-2180,-18190,25892,696,1075,-692,-2288
2660,8832,-5358,-2152,959,-238,-2272
4316,6798,-678,4576,-3021,-120,-2272
3504,362,7420,-1590,1260,-45,-2288
6992,2016,-7890,-3261,3255,-114,-2288
-5348,-4142,12812,3795,-2716,193,-2272
4896,7196,4196,-2185,1032,-110,-2272
414,-8132,8700,-677,1234,-315,-2288
-7796,-1226,9886,1770,-1846,265,-2288
11924,-974,-10002,-4281,2120,-692,-2320
-8578,-12830,30262,5836,-3221,-931,-2272
2174,-1812,-526,-4216,2442,-31,-2272
9136,12218,-8712,1864,-1107,62,-2256
908,-6390,21372,1660,-726,-116,-2256
3160,-758,276,-4118,3570,196,-2288
-1356,2216,6458,3618,-2564,220,-2272
4570,8044,1558,-2678,1485,-212,-2288
-2592,-8626,10206,512,256,-211,-2256
-8114,4392,16256,2179,-2744,66,-2288
7928,-11660,2652,-5599,3863,-756,-2272
-6002,32,12762,5118,-3281,-670,-2272
-1524,-11920,23196,-74,336,9,-2304
5752,10462,-1878,-2537,1635,209,-2288
240,-4358,24110,3183,-1796,-313,-2288
-2734,-6288,12764,-2866,2512,301,-2272
1676,6910,2990,1407,-1189,138,-2272
4148,4794,4462,-2199,1367,-391,-2288
-5408,-6814,11430,934,-290,-18,-2256
-2488,12540,11692,2021,-3231,-266,-2320
-660,-19604,24052,-3512,3579,-652,-2272
4626,12916,-8132,-3331,1438,-258,-2272
2508,5580,1052,5227,-3434,-165,-2304
1704,2130,5614,-2971,1916,104,-2304
9234,4712,-9678,-1958,2219,-290,-2272
-7318,-7060,16776,3500,-2412,197,-2240
2366,8686,2350,-2191,1062,-12,-2288
1180,-5422,7412,-620,1009,-397,-2288
-9160,-2886,12736,1989,-1747,218,-2320
11974,40,-10800,-4335,2043,-722,-2256
-8850,-14630,31430,5929,-3486,-964,-2304
2844,-118,-2762,-4761,2872,-103,-2272
7856,10572,-5368,2535,-1480,122,-2288
-206,-4948,17948,1458,-896,-178,-2256
6970,634,-5616,-4588,4204,-24,-2272
-2714,-138,6038,3652,-2565,239,-2240
2516,7172,3368,-1950,867,-102,-2288
278,-6824,7958,-478,1031,-279,-2288
-9082,3746,14592,2623,-3000,-10,-2256
7714,-10288,2340,-5434,3576,-658,-2240
-6496,-372,14344,5233,-3365,-801,-2304
-524,-9972,17254,-1196,1070,7,-2272
6026,10680,-1178,-1094,712,325,-2288
416,-3882,24780,3041,-1898,-343,-2288
-36,-5816,7834,-3847,3567,258,-2304
290,5426,4606,1961,-1466,231,-2304
3566,6318,6494,-1518,677,-304,-2256
-3460,-9126,12046,261,514,-112,-2288
-4442,11592,10984,1978,-3133,18,-2320
1672,-17184,19824,-3672,3369,-516,-2272
1514,7864,690,1731,-1225,-550,-2304
-5524,-10708,31896,2590,-1592,107,-2272
3504,5152,2058,-3681,2264,274,-2256
8708,3940,-8106,-93,852,-425,-2304
-8214,-8302,17738,2022,-1175,349,-2272
1918,6848,2422,-1214,427,156,-2304
3324,-3410,3232,-2054,1718,-467,-2288
-9464,-3494,11614,2200,-1539,211,-2256
3636,13416,1646,-1331,-796,-557,-2304
-4308,-16838,27208,3077,-819,-736,-2272
2852,5412,-5618,-4414,2420,-239,-2272
-5210,-4958,26728,4914,-3397,-103,-2288
2706,-1774,10524,-1895,1340,25,-2288
6298,478,-5552,-3062,3152,-219,-2256
-3904,-2156,10580,3823,-2843,215,-2320
3374,8904,2786,-1983,894,-100,-2272
10,-9020,9976,-904,1440,-332,-2272
-7928,606,10626,1956,-1883,269,-2288
9556,11266,-6770,-3804,1638,-728,-2288
-8130,-8896,25352,5386,-2881,-905,-2304
1402,-4744,3660,-4544,2697,25,-2272
1166,3990,6490,2622,-1670,147,-2288
1604,-5600,21094,875,-246,-166,-2288
1054,-2502,4298,-3695,3324,196,-2288
-474,3146,5856,3515,-2559,184,-2304
5180,7564,1888,-2669,1550,-227,-2272
-3910,-8930,11358,453,353,-174,-2288
-6952,7152,16272,2224,-2694,127,-2288
12628,3238,-12578,-5628,3980,-771,-2288
-4106,3408,6812,5369,-3406,-634,-2272
-3566,-12940,29980,-570,582,200,-2304
8720,10982,-9060,-2208,1440,259,-2288
1360,-2594,20510,3209,-1814,-600,-2320
-4972,-7750,16956,-3281,2805,147,-2304
2098,8242,2982,1697,-1303,152,-2304
4194,3934,4872,-2283,1481,-360,-2272
-6540,-6578,12044,1136,-372,-91,-2256
36,13736,9050,2216,-3303,-371,-2288
10338,-8052,-4420,-4397,4100,-449,-2272
3094,12098,-5490,1513,-1326,-492,-2272
-5424,-8658,32767,3702,-2250,135,-2240
8016,12246,-5590,-4675,2923,223,-2288
5138,3624,2550,1818,-571,-368,-2288
-9048,-11468,26700,-36,429,252,-2272
2792,8984,2162,-680,149,149,-2272
2386,-1378,7930,-1253,1121,-440,-2272
-7344,-4790,10854,1102,-723,129,-2288
8892,12834,-6852,287,-1986,-425,-2288
2156,-17618,17558,1579,535,-391,-2288
5102,14124,-6400,-4053,1911,-243,-2288
50,2108,10004,5210,-3406,-140,-2272
2730,5382,2084,-3393,2180,250,-2256
8810,5948,-8416,-1521,1855,-291,-2288
-8394,-9122,21228,3379,-2186,152,-2288
2844,6840,3312,-2125,1024,4,-2288
-870,-7190,8526,-386,917,-283,-2272
-8480,-4040,11340,2032,-2054,169,-2288
11612,4610,-11674,-5031,2884,-782,-2256
-5894,1428,11708,6225,-3977,-896,-2288
-1148,-11762,22646,-3770,2420,-73,-2304
5886,8678,-5014,352,-65,216,-2304
46,-4086,25204,2449,-1506,-209,-2288
-1076,-6196,10388,-4618,4142,45,-2288
-4928,-3110,9708,3038,-2203,210,-2288
3456,5782,6464,-1800,836,-231,-2272
-3800,-8420,11938,-162,853,-184,-2272
-9566,120,13494,2524,-3072,126,-2288
9516,-4898,-3634,-4723,3567,-664,-2256
2820,9842,-1112,4305,-2780,-849,-2272
-5852,-10186,32767,97,293,-173,-2272
7220,10914,-2068,-2586,1591,356,-2272
4320,2000,11504,2685,-1497,-387,-2256
-7956,-9690,23330,-2079,2051,50,-2256
-1170,2580,5826,1218,-1047,275,-2272
3892,3650,5010,-1845,1058,-420,-2272
-8036,-8384,13654,949,-150,-40,-2304
-7768,7262,13530,1668,-2982,-273,-2288
6056,-13608,8890,-2110,2645,-477,-2288
5582,12904,-6316,590,-611,-394,-2304
-3074,-11786,25984,2915,-1754,257,-2288
5018,9510,500,-3943,2432,279,-2320
8278,4438,-3530,1185,-148,-508,-2288
-10104,-10050,23858,1059,-411,345,-2288
1204,6612,3286,-754,159,162,-2272
3988,-1036,2788,-2062,1564,-443,-2272
-9670,-4964,12744,1981,-1177,64,-2288
-1382,13200,8278,-393,-1607,-484,-2288
-264,-18172,22744,1603,447,-621,-2288
3136,10366,-5672,-3544,1799,-281,-2288
2232,4142,4286,4900,-3324,-28,-2336
3422,3022,4830,-2884,1866,14,-2272
7992,2368,-8184,-2025,2386,-343,-2304
-6548,-6094,14732,2984,-2059,281,-2288
2158,8144,2722,-1677,679,11,-2288
1886,-6348,6814,-1476,1616,-425,-2304
-8404,-2170,10324,2138,-1782,241,-2272
6530,13350,-1814,-2678,447,-618,-2288
-7078,-14502,29592,4834,-2249,-622,-2256
2384,1596,-2784,-4828,2794,-135,-2288
8124,10506,-7432,3679,-2365,7,-2304
1670,-4618,16998,201,98,-59,-2272
4610,-304,-3138,-3989,3703,-30,-2288
-2232,408,7208,3900,-2813,204,-2288
3716,8656,2724,-2226,1032,-165,-2304
-1182,-9672,10570,-234,1009,-276,-2272
-7772,2468,12204,1797,-2138,185,-2304
10784,9168,-9752,-4667,2567,-771,-2256
-7712,-4600,19940,5935,-3495,-759,-2320
200,-8604,12162,-3525,2144,27,-2272
7864,12304,-5516,-40,57,257,-2304
456,-6142,25056,2147,-1059,-155,-2256
-1202,-3804,8428,-3880,3292,363,-2288
940,5724,3820,2910,-2101,260,-2288
5190,6116,2130,-2771,1680,-264,-2272
-4938,-7194,11314,981,-170,-119,-2272
-5704,9648,16600,2324,-2939,-164,-2256
12490,-1166,-11498,-5425,4293,-596,-2320
-912,7458,264,3520,-2347,-602,-2256
-4498,-12340,32767,1202,-425,103,-2272
9224,12494,-8386,-3605,2293,312,-2320
1932,98,14398,3147,-1717,-441,-2288
-6536,-10028,21576,-1500,1526,415,-2320
2240,9018,2340,668,-684,162,-2304
3070,1458,7176,-1743,1206,-368,-2272
-6406,-5268,10792,811,-387,30,-2304
3428,14252,2630,1517,-2950,-394,-2272
-6686,-19516,32767,-625,2007,-269,-2304
6028,14700,-7336,-2642,989,-342,-2272
-4132,-4376,25046,4948,-3178,-291,-2288
-102,-3928,13744,-3940,2443,278,-2288
7646,5404,-3118,49,630,-388,-2272
-9976,-11380,28214,2431,-1363,159,-2272
2238,7512,2208,-1906,865,104,-2272
2564,-1416,6804,-1046,1092,-441,-2288
-8048,-5790,12096,1586,-1076,212,-2288
10572,10132,-10138,-1529,-577,-539,-2272
-8886,-7152,23910,4002,-1589,-583,-2304
5166,12130,-7858,-5210,2958,-197,-2272
1678,3720,2750,4480,-2905,-67,-2288
-154,-5136,22892,-949,606,55,-2288
10078,4906,-10226,-3301,3245,-238,-2272
-7954,-7424,16202,3834,-2662,115,-2272
2880,6626,5230,-1933,824,43,-2288
3028,-3876,3814,-1139,1444,-354,-2256
-9526,-3442,12442,2511,-2275,190,-2256
11200,1868,-10100,-4269,1943,-751,-2272
-6888,-15520,29830,5618,-3185,-830,-2256
2994,2954,-4584,-4687,2882,-69,-2320
6964,9686,-5470,2010,-1280,194,-2288
1750,-1690,21420,1267,-700,-8,-2304
7246,786,-6678,-4657,4298,-56,-2272
-3416,-636,6774,3434,-2510,261,-2304
3716,5840,7256,-1680,680,-145,-2288
1218,-7690,7198,-524,1238,-217,-2288
-9072,2442,12430,2468,-2881,136,-2304
9110,-7656,-304,-4991,3378,-727,-2272
-6780,-3952,18286,5060,-3039,-752,-2288
510,-6530,10040,-1563,1188,-110,-2320
6842,10964,-2662,-1242,768,227,-2288
5168,2360,7222,2141,-1165,-309,-2272
212,-4590,7184,-2651,2537,159,-2240
-22,3826,5156,1924,-1496,237,-2256
4248,2476,3036,-2033,1077,-402,-2288
-3804,-9832,12630,933,-99,-67,-2288
-5866,9148,12486,1510,-2768,-279,-2288
4236,-15828,13852,-2458,2845,-585,-2256
4678,13122,-6368,1246,-999,-546,-2272
-4572,-11994,30852,3246,-2105,144,-2272
4168,8008,1288,-4219,2606,356,-2304
8548,3696,-7444,1260,-95,-331,-2288
-6660,-8796,19806,974,-410,295,-2320
2024,8038,2558,-424,-88,204,-2304
2680,-4258,5000,-2235,1795,-424,-2304
-8024,-7652,13292,1766,-1183,108,-2288
1588,13668,5958,81,-1940,-343,-2288
-3316,-18492,27374,1256,683,-582,-2288
2838,8096,-6646,-2928,1309,-268,-2272
-5542,-6748,30706,5212,-3588,-100,-2304
2890,-628,8990,-3633,2333,45,-2288
7030,1620,-7044,-1320,1861,-369,-2288
-8908,-10560,23096,2790,-1918,237,-2272
3582,9500,1650,-1910,871,-43,-2272
-616,-8346,9774,-1213,1387,-408,-2256
-8168,-4690,10856,1738,-1403,270,-2256
10310,12092,-8484,-2775,585,-659,-2288
-9266,-10114,28218,4799,-2148,-594,-2272
3948,13228,-7150,-5274,2817,-163,-2256
1920,5222,3684,3859,-2480,-91,-2256
8,-7562,25586,384,74,-164,-2320
1928,-1846,1866,-4338,3817,-41,-2288
-7174,-7286,17924,4040,-2801,56,-2272
4396,7092,2060,-2656,1449,-156,-2272
-3198,-7980,10688,72,630,-253,-2288
-7886,-2828,10632,2096,-2370,159,-2256
12720,1944,-12578,-5236,3157,-782,-2304
-4396,4248,6290,6089,-3851,-845,-2304
2802,2382,-4382,-3380,2124,7,-2288
8634,10696,-7932,-264,335,135,-2256
346,-2886,22140,3045,-1867,-333,-2288
-3502,-7850,15296,-4452,3847,118,-2304
-2942,-268,6646,2685,-1913,208,-2304
3130,3774,6840,-1784,1010,-349,-2288
-5424,-7100,11862,641,78,-52,-2320
1142,13882,5362,2057,-3170,-43,-2272
8074,-9288,408,-3379,3438,-357,-2272
4582,12134,-4640,-2058,747,-254,-2256
-4940,-7460,29634,4725,-3090,3,-2320
1148,-716,7716,-3874,2378,192,-2272
5390,3608,3328,356,436,-396,-2288
-9038,-10148,25486,1808,-970,313,-2288
2380,7618,2538,-1359,545,81,-2320
1414,-5698,6702,-1282,1268,-419,-2288
-7892,-5848,12166,1545,-1024,182,-2304
8766,11538,-6714,-1917,-182,-552,-2272
-8882,-10852,27264,3714,-1367,-583,-2320
5740,13464,-7282,-4957,2712,-227,-2288
-704,1386,9278,4586,-3023,-129,-2272
-42,-5268,20368,-1392,925,188,-2272
9632,4958,-9066,-2967,2976,-310,-2320
-8872,-8850,20204,3917,-2717,86,-2288
3428,6750,3460,-2082,889,-61,-2288
-654,-7862,9068,-1069,1340,-381,-2272
-9356,-3930,11992,2301,-2059,184,-2304
11520,4060,-10686,-4117,1811,-690,-2256
-4616,1520,11628,5855,-3471,-577,-2256
3534,5242,-6614,-4276,2675,-37,-2320
5290,7976,-2992,2246,-1375,62,-2272
744,-2750,23678,1329,-812,-189,-2272
8392,1672,-7536,-4245,3968,3,-2320
876,5876,3262,1945,-1493,307,-2288
3536,6428,6748,-1758,876,-321,-2272
-4488,-9296,12382,329,448,-93,-2272
-3158,12208,9742,2286,-3179,-347,-2288
9978,-4262,-4366,-3852,3335,-509,-2320
2356,9012,-776,1968,-1364,-592,-2288
-6100,-10686,32767,1714,-916,-32,-2272
7640,11232,-2974,-2995,1814,317,-2288
4492,1600,12108,2182,-950,-406,-2288
-8324,-9894,23592,-724,962,265,-2288
1828,7842,2476,277,-449,237,-2240
4170,3860,4208,-2180,1422,-470,-2304
-8848,-7956,13770,1793,-968,57,-2304
5016,13630,76,329,-2125,-265,-2272
6622,-13362,7548,-610,1911,-533,-2256
4020,12078,-5310,-1787,775,-294,-2320
-4284,-3932,23620,4861,-3326,-20,-2256
3288,-2000,11542,-3860,2425,155,-2304
6862,3208,-2358,-644,1290,-358,-2272
-9082,-9816,21552,2045,-1275,258,-2288
3822,8974,2354,-1422,600,72,-2288
3018,-2696,4914,-1528,1603,-385,-2288
-8706,-3972,11404,1989,-1497,206,-2272
10686,9716,-9264,-1911,-246,-594,-2272
-1080,-18658,24976,3419,-952,-597,-2256
3112,10060,-5658,-4748,2520,-111,-2288
3702,6312,680,4868,-3249,-117,-2304
962,-6064,24626,-1339,1103,14,-2272
7500,2914,-7928,-3356,3199,-72,-2272
-6080,-5546,15310,3902,-2728,237,-2320
5142,7062,2642,-2425,1218,-115,-2320
336,-8054,8936,-295,929,-324,-2272
-7696,-1462,9746,1832,-2331,108,-2256
12184,550,-11348,-5445,3640,-769,-2288
-2586,5194,3878,5449,-3480,-886,-2288
-3508,-12548,31380,-1724,1231,170,-2304
9282,11830,-9026,-2096,1364,278,-2272
878,-1600,18216,3012,-1740,-467,-2288
-5450,-8684,18224,-3312,2784,379,-2288
-1808,1092,6666,1834,-1419,152,-2288
3554,2968,5926,-2252,1340,-343,-2272
-6534,-5868,11730,886,-208,-55,-2272
-8294,4060,15708,2111,-3125,-373,-2256
7780,-10898,2398,-3702,3581,-481,-2288
5132,13370,-6108,2072,-1606,-553,-2304
-4488,-5804,27000,2874,-1575,204,-2304
6316,11062,-2068,-4413,2816,278,-2272
5920,4476,-262,2303,-1141,-453,-2288
-9238,-10990,26054,-61,526,207,-2288
1200,6240,3156,-657,122,116,-2288
2366,-1536,6484,-1496,1215,-430,-2288
-8024,-4736,11348,1218,-753,125,-2288
10138,10718,-8926,138,-1904,-540,-2304
320,-18824,21728,1773,305,-466,-2272
5386,13246,-8206,-3515,1642,-296,-2288
1066,3774,4236,5012,-3311,-201,-2288
2104,3676,3774,-2781,1758,104,-2288
9662,5130,-9874,-1472,1810,-357,-2304
-8204,-8122,18574,3295,-2148,147,-2304
1834,8206,2540,-2091,984,70,-2256
-1244,-7504,9442,-524,1034,-312,-2256
-9316,-3510,12556,2439,-2392,252,-2272
11958,1636,-11126,-5274,3083,-713,-2240
-3572,4780,6294,6058,-3799,-1045,-2288
3242,2260,-4682,-3493,2311,-72,-2320
6864,8998,-4414,1230,-666,105,-2304
962,-1716,22396,2254,-1434,-148,-2272
7888,1380,-6996,-4530,4157,-77,-2288
-3662,-1760,7556,3062,-2198,211,-2288
3134,5674,7508,-1540,627,-248,-2288
-4836,-9226,12618,-414,1040,-193,-2272
-9282,1792,13300,2554,-3199,-14,-2272
8644,-7616,-658,-5003,3654,-682,-2256
4148,10928,-3204,4037,-2624,-520,-2288
496,-7598,11348,423,-10,141,-2288
7072,11266,-1826,-2079,1315,377,-2304
5670,3516,6380,2642,-1520,-352,-2304
1566,-4728,4558,-2699,2560,252,-2320
-200,4186,4790,997,-829,308,-2288
4174,2966,4292,-1582,846,-418,-2288
-9100,-8088,14780,830,0,-39,-2304
-6048,9552,11398,1159,-2569,-110,-2304
4258,-14970,13474,-2424,2722,-514,-2288
4152,11654,-5058,643,-631,-503,-2288
-3804,-10824,26560,2590,-1637,142,-2336
5012,8532,-154,-3605,2217,233,-2272
7612,3402,-4398,779,171,-356,-2272
-5508,-7536,17480,329,116,301,-2288
3664,8456,3420,-1335,479,35,-2288
3384,-3016,3790,-1711,1738,-414,-2288
-8948,-3716,11338,2093,-1553,222,-2304
10664,8656,-9130,-2270,59,-562,-2272
-1868,-18232,25164,3812,-1429,-732,-2288
2890,9110,-6190,-4696,2595,-164,-2256
3986,6062,18,4061,-2642,129,-2288
1616,-4494,22284,-1321,1079,-77,-2272
7058,1764,-7146,-3122,3128,-90,-2304
-5588,-4676,14164,3662,-2649,215,-2256
5452,7472,2814,-2345,1177,-182,-2288
-120,-8206,10004,-111,877,-238,-2288
-7732,-1190,9548,1661,-1846,236,-2272
12318,-178,-10442,-4467,2364,-780,-2272
-8460,-14072,31108,6038,-3509,-560,-2320
2242,-1500,-1946,-3987,2382,41,-2320
9040,12286,-9182,1195,-679,221,-2272
2016,-1152,17182,2281,-1206,-117,-2272
3828,-282,-1144,-4155,3547,170,-2336
-1420,1806,5940,3371,-2377,237,-2320
3720,2456,6004,-2709,1600,-271,-2288
-2468,-8772,10360,688,126,-194,-2304
-8084,4042,15888,2324,-2958,92,-2304
8484,-10992,1030,-5614,3985,-743,-2256
-6840,-606,14536,4618,-2972,-661,-2288
-1392,-11360,21218,561,-46,142,-2288
6056,10836,-1700,-2903,1859,272,-2272
328,-4458,24134,3160,-1817,-468,-2256
-9402,-10676,25440,332,162,156,-2256
1492,6590,3412,-848,268,137,-2256
2520,-2346,6396,-1586,1240,-437,-2272
-8004,-4534,11234,1391,-880,136,-2304
-2740,12292,11664,459,-2177,-516,-2256
-204,-18760,22776,910,968,-589,-2288
4684,12704,-6604,-3568,1649,-182,-2288
1738,4624,4418,5227,-3475,5,-2272
2006,2866,4700,-3202,2050,272,-2304
9336,4886,-9718,-1896,2164,-273,-2304
-7664,-7430,17498,3586,-2342,170,-2272
2166,8244,2514,-2180,1050,30,-2288
1756,-4768,5908,-741,1059,-425,-2288
-8908,-2948,12102,1831,-1405,215,-2304
11658,1218,-11054,-3525,1269,-731,-2240
-8246,-15340,31484,5209,-2697,-667,-2256
3008,1240,-3722,-5022,2896,-194,-2256
7450,9876,-5290,3018,-1826,53,-2288
370,-4154,15868,188,-37,-39,-2272
6688,732,-4962,-4175,3933,-46,-2272
-3078,-790,7642,3780,-2653,167,-2288
2824,6768,3124,-1842,828,-115,-2288
418,-6644,7662,-739,1190,-287,-2272
-8950,2358,14044,2323,-2440,160,-2304
10892,7668,-10590,-5045,2861,-684,-2288
-7502,-3068,17756,5943,-3771,-875,-2256
572,-9262,13272,-2690,1942,186,-2288
6812,11710,-1488,410,-159,189,-2272
5804,3554,4846,2769,-1546,-411,-2272
1274,-5142,5862,-2440,2337,161,-2256
-202,4796,4642,949,-912,158,-2288
3708,1722,4998,-1639,911,-396,-2304
-8780,-6818,13696,732,35,-49,-2272
-5896,10480,12342,1594,-2956,-103,-2288
3182,-16398,15950,-2102,2610,-644,-2288
5202,12580,-6580,-197,-246,-434,-2288
-4604,-11416,30928,3157,-2030,83,-2272
3690,7420,1698,-3802,2308,281,-2304
8966,3374,-6450,1219,-237,-426,-2288
-5394,-8464,18384,690,-116,264,-2320
1356,6956,2402,-443,-55,227,-2272
3646,-2832,3398,-2145,1616,-447,-2304
-7394,-8716,13314,1811,-1020,59,-2288
1558,13548,4732,-123,-1773,-309,-2288
-3232,-17802,26358,1396,512,-507,-2288
2928,7618,-6042,-2811,1419,-337,-2304
-5760,-6776,29830,4990,-3429,-86,-2272
2916,172,8160,-3030,1933,91,-2304
7642,1754,-7738,-1994,2321,-316,-2272
-5184,-3820,11588,3470,-2408,224,-2304
2796,8450,2664,-1992,895,-40,-2304
916,-7824,8334,-1330,1555,-416,-2256
-8406,-728,10660,2165,-1912,231,-2256
8844,12016,-5584,-2943,744,-684,-2304
-8090,-11154,27746,5019,-2441,-719,-2304
1744,-1924,602,-4849,2804,-141,-2288
8474,11262,-6870,203,-108,143,-2288
3146,-338,14996,1866,-956,-188,-2272
2464,-1416,904,-3683,3322,32,-2272
-1398,2104,6638,2976,-2155,256,-2288
3938,2374,5450,-2373,1370,-300,-2256
-2614,-9098,10952,844,23,-104,-2256
-7574,5440,14888,2203,-2959,-131,-2304
7506,-11902,4004,-4975,4045,-737,-2272
-5368,1052,11208,4059,-2617,-573,-2288
-2008,-11026,22486,1071,-468,296,-2320
5868,10792,-1852,-3076,1993,217,-2272
6568,4168,-2732,2524,-1259,-324,-2240
-3704,-6738,14078,-1286,1306,306,-2272
1528,6590,3286,755,-755,229,-2320
2628,-3088,5426,-2053,1378,-456,-2288
-6194,-7266,12476,1292,-678,-17,-2272
-2012,12468,11504,1370,-2801,-358,-2272
-472,-19070,23676,-1676,2621,-607,-2272
1906,9806,-2860,-250,-397,-405,-2288
-5414,-10802,32767,4557,-2935,30,-2288
2548,2244,4390,-4632,2979,234,-2304
3690,2078,7660,1368,-296,-394,-2320
-8168,-10590,24114,1181,-536,285,-2288
3068,9036,1534,-1218,406,80,-2288
528,-6734,8294,-1325,1241,-445,-2304
-7300,-4488,10834,1129,-808,232,-2304
7914,13170,-4818,-1002,-898,-525,-2304
-9164,-14900,31798,2832,-473,-612,-2256
2858,-936,-2728,-5006,2914,-177,-2288
8124,11180,-5950,3110,-1867,-68,-2304
-130,-5234,18578,774,-434,-24,-2272
6006,216,-3400,-4318,3921,-15,-2272
-2388,200,7024,3601,-2545,138,-2272
3490,7046,2440,-2247,1132,-195,-2288
-762,-7034,8954,-49,699,-211,-2256
-8726,3984,15402,2346,-2672,123,-2272
11918,5756,-11714,-5351,3382,-788,-2288
-7016,-248,14504,5704,-3677,-676,-2288
-406,-11032,19306,-1764,1399,45,-2288
5584,10726,356,-1289,916,259,-2288
-92,-3656,24828,2957,-1897,-297,-2272
342,-5850,8010,-3701,3369,27,-2272
314,5354,4110,2268,-1625,251,-2288
3146,5752,6470,-1661,794,-303,-2288
-3418,-8374,11130,168,582,-113,-2272
-3360,12012,10262,2275,-3325,-162,-2304
9870,-4424,-5586,-4131,3628,-472,-2288
2300,9236,-1358,2067,-1469,-559,-2256
-5864,-10852,32767,2429,-1352,144,-2288
2820,4064,3270,-3308,1960,336,-2304
4292,1802,12782,1984,-922,-430,-2304
-7982,-9846,23896,-1155,1331,292,-2256
1806,6984,2336,-33,-273,283,-2288
3756,3868,6122,-1647,1106,-469,-2288
-7940,-8560,14170,1308,-513,80,-2272
5026,13880,-1234,368,-2189,-375,-2304
-6238,-16038,29254,3099,-801,-566,-2288
2696,3190,-4292,-4565,2542,-290,-2288
-4216,-3596,21928,4926,-3359,-33,-2272
2026,-2114,12764,-1800,1242,63,-2304
6326,214,-5332,-2735,2951,-224,-2288
-9938,-10098,22916,3689,-2617,223,-2256
2554,7342,3904,-1668,691,-27,-2256
946,-7674,8302,-1544,1691,-413,-2272
-9894,-4900,13400,2501,-2069,209,-2288
10234,9336,-8208,-3768,1438,-736,-2256
-7442,-5526,20548,5287,-2905,-670,-2320
930,-6160,7770,-4570,2649,-154,-2272
2094,3986,4804,2961,-1898,166,-2272
1744,-3542,20950,347,-20,-133,-2272
638,-4004,6132,-3635,3449,74,-2272
-6304,-6642,15258,3485,-2506,298,-2288
4424,7934,4144,-2153,1029,-221,-2288
-3644,-9518,11956,174,667,-195,-2288
-6472,8440,14134,2046,-2565,130,-2272
11556,1480,-9652,-5160,3501,-730,-2304
-2400,4208,5716,5376,-3307,-772,-2288
-3996,-11738,29624,-1222,973,81,-2288
8184,10570,-6680,-1232,782,269,-2304
2382,-1172,18588,2430,-1260,-271,-2304
-5972,-8316,18794,-2371,2157,151,-2272
-2268,426,8332,1755,-1382,241,-2256
4502,4316,4270,-2378,1482,-397,-2288
-7656,-7032,12946,1161,-321,-40,-2304
1042,14036,7218,795,-2478,-411,-2272
-3130,-19542,28152,-992,2299,-469,-2288
3634,11726,-5044,-1928,622,-233,-2288
-5424,-7202,32108,4880,-3268,-123,-2272
2450,-774,9478,-4233,2716,202,-2272
5592,3424,1432,96,702,-358,-2256
-8988,-11726,24928,2357,-1468,194,-2288
3412,9276,1124,-1856,867,55,-2288
-182,-7740,9030,-1122,1265,-477,-2272
-7918,-3972,10728,1405,-1148,241,-2272
9894,12488,-7962,-1184,-821,-568,-2256
-9728,-11638,29552,3831,-1301,-371,-2288
4326,13444,-6408,-5106,2741,-206,-2288
1332,4422,6326,4689,-2995,-67,-2272
-2,-7038,24596,-804,708,-48,-2304
8516,4904,-9056,-3299,3148,-54,-2288
-7760,-8320,18896,3943,-2778,230,-2288
4176,6702,2092,-2508,1275,-63,-2272
-2416,-7412,9776,-139,743,-306,-2272
-8172,-3014,11016,1986,-2093,209,-2304
12554,2642,-12678,-4758,2594,-695,-2288
-4898,3738,6962,6218,-3883,-917,-2288
3110,2970,-4780,-3559,2216,-163,-2288
8046,10410,-7190,900,-418,84,-2272
320,-2940,22316,2614,-1607,-355,-2304
7468,1746,-6964,-4784,4193,-13,-2288
-3444,-1056,6902,3277,-2286,160,-2288
3238,4486,6876,-1869,944,-239,-2288
-4854,-7120,11776,22,688,-193,-2272
-8914,1884,14320,2414,-3095,-97,-2304
8648,-8256,-1246,-5218,3919,-636,-2288
4334,11124,-3986,4036,-2677,-587,-2288
680,-8146,12066,672,-128,117,-2288
6794,11552,-1984,-2397,1541,316,-2272
5212,3236,5590,2715,-1521,-305,-2240
1580,-4392,4966,-2593,2486,86,-2256
-428,4104,5026,1076,-940,273,-2288
3630,1648,5132,-1657,908,-338,-2272
-8220,-6424,13074,768,-36,-36,-2272
-5836,9426,12988,1386,-2750,-162,-2304
3380,-16274,15072,-2431,2819,-604,-2288
5636,13418,-6900,6,-375,-400,-2288
-4412,-11902,31644,3269,-2021,145,-2272
3580,7188,1010,-4160,2515,326,-2240
9080,4956,-7596,1536,-446,-284,-2320
-5388,-9392,19254,719,-51,231,-2288
1750,7712,2460,-945,258,209,-2288
2876,-2628,4156,-1727,1316,-433,-2272
-6652,-8238,12992,1386,-740,136,-2288
1540,13416,4510,-8,-1795,-325,-2256
-3250,-18256,26706,1427,525,-423,-2288
3384,8226,-6788,-3499,1767,-351,-2288
-5638,-7330,29816,4846,-3282,53,-2272
2310,960,7108,-3197,2005,144,-2272
8120,1822,-8004,-1191,1675,-322,-2288
-9458,-10556,24000,2980,-2010,247,-2288
2190,7710,2480,-1605,693,53,-2304
1810,-6288,6762,-1574,1630,-398,-2304
-9086,-6400,13472,2292,-1632,236,-2288
8960,12276,-6096,-2588,281,-628,-2256
-7812,-10638,26738,4620,-2134,-822,-2320
1632,-2976,1136,-4932,2957,-96,-2320
-484,1568,9886,3279,-2152,13,-2256
1636,-3916,18502,409,-154,-166,-2288
3006,-2460,656,-3851,3692,-74,-2304
-8080,-7874,17626,3674,-2712,278,-2256
3742,8162,4382,-1975,893,-112,-2288
-2004,-9826,11820,-456,1167,-238,-2288
-7478,5334,13004,2265,-2444,215,-2304
11648,5640,-10446,-4924,2929,-736,-2304
-5786,-282,13614,5610,-3320,-809,-2304
-1850,-10502,19482,-3180,2026,-89,-2256
6390,8960,-5064,-303,131,190,-2320
1320,-4104,23314,2209,-1135,-59,-2272
-3410,-5888,12920,-3633,3164,134,-2304
-4038,-2816,10862,2932,-2071,220,-2288
4892,6046,3896,-2513,1446,-346,-2288
-6032,-7720,12496,1059,-187,-107,-2288
-2834,12440,12470,2160,-2996,-148,-2304
11378,-4958,-7790,-5034,4218,-710,-2304
1282,9204,-2990,3764,-2528,-558,-2256
-5296,-10826,32767,1562,-818,186,-2288
8950,12590,-6902,-3571,2241,234,-2272
3542,1940,8476,2633,-1285,-380,-2272
-7960,-10126,23402,-1013,1097,213,-2272
88,3914,4622,440,-543,161,-2288
3196,330,5896,-1817,1256,-429,-2288
-7586,-4722,11488,1130,-582,29,-2272
6028,13986,-1090,1398,-2799,-213,-2304
5426,-14766,9184,-1285,2400,-660,-2272
5124,14930,-6122,-694,-202,-348,-2256
-2746,-1494,19828,4687,-3001,-233,-2256
4414,9120,-632,-4520,2897,303,-2272
7746,5386,-6224,405,314,-323,-2272
-8920,-10650,24114,1551,-749,173,-2288
1882,7958,2766,-1424,586,116,-2288
1866,-3588,7222,-1099,1116,-418,-2288
-7882,-4172,10472,1126,-768,242,-2272
268,13548,6940,-530,-1363,-507,-2256
-3636,-19656,28762,3775,-1302,-534,-2272
4218,9552,-7906,-5128,2769,-271,-2272
4330,7016,-2570,4193,-2724,-40,-2272
1054,-352,7890,-1246,853,40,-2288
916,-4926,6466,-4426,4014,24,-2272
-5756,-5184,12756,3665,-2584,152,-2304
3528,5916,4942,-2097,1044,-205,-2272
-3066,-7724,10200,-272,919,-232,-2288
-9162,-2202,13018,2644,-3012,90,-2288
11460,-1816,-8964,-5572,3705,-786,-2272
68,8262,344,5293,-3407,-902,-2304
2242,-3320,586,-1775,1366,128,-2256
7742,11014,-4094,-1369,934,270,-2288
2762,442,16528,3159,-1938,-383,-2256
-6018,-9010,21298,-3674,3343,115,-2272
-2078,1634,5678,1757,-1337,210,-2304
3224,3754,7168,-1664,833,-309,-2256
-6596,-8472,13182,380,398,-105,-2288
-8288,5684,13876,2254,-3284,64,-2336
6488,-11776,5788,-3641,3417,-686,-2304
5262,12064,-5230,1540,-1160,-495,-2272
-1522,-10168,20532,2030,-1066,-19,-2288
5402,10188,258,-3358,2032,310,-2288
7198,4034,272,2006,-918,-313,-2272
-1524,-6388,11272,-1345,1461,131,-2320
328,5206,4300,183,-399,193,-2288
3998,664,2952,-1825,1199,-503,-2320
-9516,-6182,13834,1617,-787,40,-2288
-2960,12680,9468,447,-2202,-280,-2304
686,-17886,21242,118,1383,-587,-2304
3932,10968,-6174,-1585,676,-310,-2288
-5636,-10560,32118,4550,-3085,-145,-2256
3224,4664,3284,-3665,2227,276,-2240
8668,3174,-8092,-542,1198,-351,-2272
-8062,-9060,22450,1771,-1046,370,-2256
1760,6964,2890,-1063,290,49,-2288
2898,-5050,4658,-2032,1801,-473,-2256
-8762,-2056,10338,2181,-1505,195,-2304
4444,13002,1428,-1597,-510,-442,-2304
-5106,-15900,27214,3327,-1019,-723,-2272
2826,4174,-4526,-4395,2425,-184,-2272
-4274,-4270,24948,4860,-3250,14,-2288
2914,-1628,11164,-1782,1342,83,-2288
5380,144,-4070,-2665,2853,-149,-2272
-3684,-1650,10958,3694,-2633,299,-2272
3894,8894,2228,-2167,993,-99,-2304
-792,-8810,10264,-711,1294,-346,-2256
-8028,858,11588,1742,-1798,256,-2256
10034,11146,-8486,-3706,1494,-738,-2272
-8266,-8294,24250,5839,-3261,-921,-2304
776,-7024,7016,-4656,2691,-111,-2288
2596,5728,2694,1930,-1193,91,-2256
1032,-6044,24394,1525,-671,-237,-2288
188,-3144,6272,-3957,3482,119,-2272
-6492,-6550,16204,3713,-2668,189,-2320
5464,6856,1482,-2864,1642,-217,-2320
-4546,-7868,11614,842,42,-177,-2288
-6830,7518,17624,2028,-2509,148,-2304
13044,2114,-12798,-5751,3964,-719,-2272
-3642,4286,4958,5306,-3408,-666,-2272
-3700,-13328,32244,-1141,940,102,-2256
9192,11906,-9252,-2682,1736,287,-2320
1164,-1786,19792,3401,-2015,-285,-2272
-5306,-8800,18658,-3061,2646,166,-2240
-2226,948,5968,1823,-1380,218,-2320
3508,3132,6656,-1939,1172,-345,-2288
-6248,-6456,12164,870,-170,-8,-2288
1682,14328,5382,2178,-3277,-219,-2304
8534,-10332,152,-3409,3530,-381,-2304
4460,12244,-5834,1525,-1285,-537,-2256
-4906,-6552,29384,3317,-1940,176,-2288
6616,11490,-2556,-4220,2616,324,-2240
6002,3922,1236,1771,-708,-407,-2304
-9238,-10676,25368,319,165,128,-2304
638,5296,4010,-486,44,194,-2320
2658,-1340,6380,-1404,1152,-400,-2288
-7916,-4904,11870,1204,-692,90,-2272
10050,11326,-8436,-371,-1461,-558,-2288
496,-18556,21294,2437,-189,-324,-2288
2106,-4362,2964,-5126,2895,-183,-2272
878,2886,6270,4014,-2508,22,-2256
-18,-5484,22472,-125,178,44,-2256
4016,-2236,-438,-4226,3926,-34,-2256
-7976,-7986,17726,3851,-2667,170,-2272
2876,6520,4482,-1946,837,-105,-2272
-1142,-7788,9460,-675,1161,-312,-2288
-9136,-3274,12004,2344,-2510,174,-2288
11260,2118,-10476,-5079,2902,-736,-2304
-3640,3796,7434,5908,-3678,-856,-2304
3350,2824,-4654,-3531,2285,-186,-2288
6894,8940,-4238,614,-262,212,-2288
1310,-1532,21634,2207,-1352,-341,-2288
-3274,-7212,14684,-4097,3823,118,-2272
-3736,-2272,9188,2782,-2012,212,-2304
3456,5882,6606,-1607,682,-230,-2304
-5212,-8664,12398,-140,848,-168,-2288
-9278,1870,13238,2293,-3090,-50,-2288
8720,-7402,-854,-4676,3562,-603,-2272
4308,10420,-2972,3482,-2246,-710,-2304
390,-7742,11224,321,113,42,-2256
7102,11410,-1708,-2603,1620,324,-2288
5396,3342,6964,2290,-1140,-406,-2288
-9014,-10612,24594,-1802,1852,209,-2304
-96,3934,4852,580,-638,302,-2272
4138,2680,3428,-1895,1103,-442,-2288
-9348,-7396,14144,1149,-318,12,-2320
-5894,10044,11702,1238,-2744,-272,-2272
4086,-15862,13944,995,744,-463,-2288
4538,12556,-6206,-3046,1498,-306,-2288
-2590,-1640,15784,4891,-3295,-104,-2320
2106,-1902,14018,-3371,2087,217,-2272
8362,3144,-5506,-1366,1903,-318,-2304
-8692,-8890,19238,2908,-1995,310,-2304
3312,8254,4144,-1361,515,10,-2288
3730,-2754,3326,-1790,1860,-395,-2288
-9178,-3976,12088,2364,-1877,287,-2288
11232,7730,-9944,-3830,1462,-752,-2304
-6586,-2314,16658,5516,-3001,-885,-2304
2656,7638,-5870,-4628,2766,36,-2288
4920,7222,-2476,2351,-1488,173,-2288
1862,-3846,22374,1139,-456,-196,-2288
-2138,-5226,10620,-3817,3531,134,-2304
-5104,-4162,12546,3288,-2344,256,-2304
5166,7050,3616,-2283,1199,-192,-2288
-5604,-8812,13036,422,526,-186,-2320
-8180,-130,10700,1973,-2533,161,-2304
11804,-2256,-8942,-5303,3565,-667,-2272
-488,6646,682,5167,-3192,-684,-2272
1942,-2784,592,-1699,1216,7,-2288
8832,12744,-7944,-1822,1078,282,-2256
2726,56,14442,2699,-1499,-86,-2272
2644,-1634,624,-3635,3120,250,-2288
-1070,2554,5664,2196,-1593,278,-2288
3608,2202,6194,-2088,1251,-390,-2288
-7598,-6038,12466,1064,-254,-62,-2320
-7146,6428,14786,2006,-3034,75,-2304
6910,-13026,5230,-1186,2341,-498,-2288
4340,13094,-5368,-1678,586,-253,-2320
-3780,-3558,24318,5142,-3463,-81,-2256
1628,-3550,14522,-4191,2668,139,-2304
6744,4594,-4136,-649,1249,-304,-2272
-9118,-11036,23496,2185,-1338,119,-2288
3450,8328,2322,-1515,626,-5,-2288
2540,-3228,5842,-1346,1392,-428,-2272
-7848,-3210,10420,1513,-1166,201,-2272
10976,9992,-9998,-1767,-288,-574,-2304
-1692,-19480,25880,3506,-1070,-526,-2288
3968,11218,-6420,-4840,2531,-174,-2320
3420,5610,1074,4745,-3026,-187,-2272
1824,1798,5408,-2156,1471,199,-2288
8544,4278,-8602,-2848,2834,-220,-2288
-6512,-6726,15578,3836,-2634,129,-2288
4004,6284,3498,-2341,1149,-96,-2288
752,-5998,7752,-452,934,-318,-2304
-8330,-2058,11446,1883,-1855,195,-2304
11438,-228,-9816,-4695,2536,-742,-2272
-8794,-14210,30402,6092,-3763,-496,-2288
2730,-748,-2444,-4087,2531,-42,-2256
7540,10792,-5040,1023,-508,146,-2320
1352,-960,19634,1737,-1067,-93,-2272
5922,316,-3288,-4199,3815,163,-2304
-2712,-122,7650,3383,-2412,246,-2256
3380,3936,6206,-2125,1060,-258,-2320
-422,-7158,8674,91,625,-186,-2288
-8806,3798,14912,2471,-3062,-36,-2272
7608,-10398,2400,-5105,3828,-480,-2272
-6756,-436,15012,4651,-3033,-565,-2256
-676,-10866,19276,-52,452,93,-2288
6022,10718,-374,-1988,1290,318,-2304
6820,4500,1372,3161,-1982,-302,-2272
120,-6176,8036,-2662,2515,182,-2272
550,5606,3834,1341,-1048,274,-2256
3398,1450,4612,-1512,781,-320,-2288
-3098,-9376,12032,516,315,-38,-2272
-4262,11720,10506,1701,-3003,-160,-2304
1700,-17498,19154,-3063,3062,-616,-2288
988,7824,950,886,-763,-485,-2256
-5244,-10954,32218,3211,-2035,156,-2256
3242,5580,2750,-3648,2179,308,-2272
3890,1014,14548,1621,-578,-402,-2288
-7424,-9632,22382,63,414,302,-2288
1704,6790,2340,-636,113,278,-2288
3742,-2738,2370,-1861,1276,-446,-2304
-7988,-9036,14690,1894,-1018,51,-2304
3034,13854,2152,-319,-1641,-372,-2304
-4054,-17054,27212,310,1251,-473,-2288
3942,11300,-4046,-2447,1220,-276,-2288
-5060,-5812,27312,4710,-3275,-86,-2272
2712,-542,9734,-3567,2226,124,-2272
6542,3302,70,-739,1385,-347,-2288
-9326,-10152,22630,2665,-1743,212,-2288
2766,8524,3332,-1489,552,40,-2256
690,-8262,8744,-1804,1734,-454,-2272
-9024,-4478,11832,1942,-1540,210,-2272
8806,11704,-5718,-2026,-157,-559,-2272
-8204,-10562,26656,4184,-1664,-480,-2272
3542,12812,-5768,-4629,2473,-226,-2320
304,2988,9922,4291,-2812,-110,-2320
1174,-5690,21268,-1386,1092,-24,-2304
7776,3214,-8518,-2908,2954,-127,-2256
-7188,-7868,18052,3911,-2791,162,-2288
4748,8332,2566,-2370,1150,-119,-2288
-3308,-9396,11744,-342,1015,-258,-2288
-7712,-2646,9040,1651,-1732,235,-2304
11924,4966,-11732,-4354,2164,-770,-2272
-5376,330,11842,5926,-3390,-1132,-2288
2568,5294,-5780,-4079,2417,152,-2256
7404,9844,-6862,1667,-991,86,-2336
954,-4204,23496,1742,-802,-141,-2304
5992,1406,-5210,-4029,3570,113,-2288
-3914,-1578,10470,3438,-2505,252,-2320
4588,4836,4052,-2697,1568,-306,-2288
-6154,-6938,11750,603,254,-151,-2304
-8630,310,13868,2342,-2935,-25,-2272
11194,-5686,-6718,-5688,3990,-704,-2288
1952,10766,-3730,4991,-3243,-734,-2288
1080,-7906,8022,128,252,109,-2320
8656,12344,-6504,-2870,1902,297,-2272
3974,2378,7386,3467,-1960,-325,-2304
1560,-3216,3590,-2939,2601,153,-2288
594,4812,3140,1209,-988,186,-2288
2416,58,7752,-2036,1272,-360,-2304
-7478,-5512,11714,919,-243,7,-2272
-6230,9198,15458,1848,-3199,-170,-2272
3620,-16448,13926,-3067,3408,-555,-2256
5424,13748,-6448,229,-600,-376,-2288
-3256,-11712,31016,3345,-1989,78,-2272
3464,7218,1814,-4276,2706,302,-2304
8448,5094,-6740,1856,-776,-513,-2256
-4788,-8496,18262,358,201,286,-2256
1574,7416,3140,-965,350,118,-2352
2244,-3336,6232,-1262,1091,-417,-2288
-8482,-4082,11684,1369,-905,164,-2320
2176,13876,3902,-626,-1267,-436,-2272
-5632,-19050,30922,2857,-568,-464,-2304
4090,7398,-6910,-4169,2131,-301,-2320
-4800,-6274,28038,5033,-3239,-141,-2288
666,-2032,10232,-2641,1654,51,-2304
9170,3586,-9542,-4589,4218,-48,-2304
-5420,-3962,9292,3978,-2784,190,-2320
2868,5814,6912,-1776,667,-81,-2288
2416,-5350,4764,-1010,1412,-356,-2272
-9272,-346,12552,2519,-2538,128,-2272
9554,-3592,-4798,-5083,3030,-694,-2304
-8218,-8818,24088,5767,-3582,-819,-2288
2498,-3892,2704,-2961,2051,-143,-2288
7644,10856,-3478,766,-388,210,-2336
3690,1752,13272,2153,-1344,-228,-2304
4026,-2568,18,-4274,3911,-91,-2256
-1590,2080,5982,2901,-2136,216,-2288
4078,4014,5842,-1605,713,-315,-2288
-790,-8356,9902,-191,961,-168,-2304
-8210,6006,13512,2257,-3025,-30,-2304
6852,-12424,6774,-4772,3502,-730,-2288
-4212,1384,11264,3935,-2487,-572,-2288
-2064,-10766,22428,-184,397,125,-2272
5650,10658,-1042,-2517,1546,361,-2304
1362,-2274,22740,2494,-1320,-343,-2288
-2988,-7384,13784,-2018,1947,106,-2288
1184,6140,3276,809,-817,295,-2288
3578,-846,3044,-2000,1176,-411,-2304
-5650,-8972,12824,1181,-359,-44,-2272
-2708,11904,10282,1302,-2713,-193,-2304
1142,-18028,20102,-2477,2921,-668,-2288
1846,8326,-444,276,-502,-422,-2256
-5692,-10302,32767,3150,-1991,77,-2304
3122,4852,4026,-4142,2554,250,-2272
4184,926,11926,1325,-215,-433,-2256
-7950,-10064,22252,765,-226,369,-2320
1958,8512,2396,-803,123,125,-2288
2156,-5766,6148,-1973,1659,-480,-2320
-8402,-6850,13222,1910,-1279,147,-2272
5136,14028,578,-399,-1550,-511,-2304
-5960,-16460,30242,1120,848,-546,-2288
4278,12704,-5882,-3542,1739,-209,-2320
-3864,-2928,22874,5213,-3547,-67,-2320
2592,-3170,13630,-3075,2030,81,-2272
7266,3876,-4060,-1414,1911,-343,-2288
-9032,-9878,22034,3128,-2180,144,-2288
3708,8742,2570,-1961,916,-36,-2320
-942,-9168,10696,-971,1344,-383,-2288
-8374,-3324,10900,1866,-1618,259,-2336
11138,9538,-10102,-3119,911,-646,-2272
-8976,-5974,22150,4873,-2269,-545,-2288
3216,10768,-6176,-4985,2794,-134,-2288
4002,6868,-192,3765,-2350,-158,-2272
468,-6214,25672,386,10,-106,-2272
8180,3466,-8900,-4067,3680,-57,-2288
-6150,-5512,14404,3955,-2767,167,-2256
4512,6230,3324,-2514,1319,-165,-2288
-4010,-8122,11458,110,637,-272,-2272
-8002,-1640,10846,2033,-2368,104,-2272
12034,-390,-10806,-5290,3226,-732,-2288
-1914,6146,1982,5977,-3705,-773,-2288
2498,-984,-1538,-2321,1526,139,-2288
8406,11248,-6972,-326,283,192,-2304
1654,-992,17158,2633,-1503,-81,-2304
4472,-416,-1662,-3835,3323,187,-2288
-1890,1106,7134,2480,-1806,256,-2288
3342,2696,5838,-2162,1186,-332,-2304
-6658,-5758,11428,644,88,-121,-2304
-8042,4156,15274,2168,-3061,-219,-2272
7624,-11460,2694,-4865,4006,-564,-2288
5422,13796,-6128,2950,-2060,-513,-2256
-756,-11832,21008,1446,-523,59,-2272
5822,10968,-2074,-3982,2464,355,-2272
6612,4926,-1392,3105,-1745,-370,-2320
-894,-6034,9620,-1516,1554,330,-2288
1104,6658,3262,171,-413,230,-2256
2330,-1388,7246,-1488,1038,-403,-2288
-8188,-5346,11856,879,-372,102,-2256
-2748,12360,10588,856,-2486,-453,-2272
-828,-19104,23872,430,1141,-364,-2304
5160,12184,-8062,-4965,2701,-245,-2288
1558,3738,2484,4562,-2927,-23,-2288
-46,-4948,23066,-1795,1161,159,-2304
9764,4694,-9648,-3032,3086,-244,-2304
-7800,-8008,17426,3640,-2478,168,-2256
3854,6686,3452,-2144,1016,-1,-2288
2390,-4396,5904,-1020,1327,-400,-2272
-9780,-3570,13068,2324,-2009,186,-2304
11878,1436,-11082,-4600,2172,-687,-2272
-8056,-15500,31340,5962,-3511,-743,-2288
2486,830,-4136,-4501,2791,-170,-2288
7500,10068,-5304,2335,-1478,133,-2272
1894,-1270,20932,1505,-911,-135,-2304
6946,720,-5764,-4515,4159,17,-2288
-3140,-862,7184,3556,-2569,249,-2256
3660,5750,6570,-1810,868,-190,-2288
578,-7498,8320,-568,1215,-219,-2304
-9022,3464,13308,2627,-3101,170,-2272
8454,-8898,1182,-5191,3415,-751,-2288
-6722,-2112,16646,4826,-3007,-736,-2288
-128,-8118,13300,-1762,1313,92,-2304
6522,11356,-1840,-1088,689,204,-2336
1136,-3266,22932,2352,-1400,-374,-2288
-48,-5640,7654,-3167,2965,269,-2320
76,4402,4514,1621,-1240,262,-2288
4452,2344,2742,-1739,881,-365,-2304
-3700,-10458,13098,866,62,-75,-2304
-4898,10566,11092,1637,-2788,14,-2256
3506,-16446,15468,-326,1700,-434,-2288
3540,11664,-5044,-921,256,-376,-2272
-1352,430,14458,4365,-2998,-14,-2336
4558,7186,1266,-3904,2456,192,-2288
7586,3184,-6650,-347,1059,-344,-2288
-8172,-8812,18200,2214,-1437,295,-2288
1952,7022,2574,-1236,413,48,-2288
2862,-4424,4598,-1938,1822,-476,-2304
-8490,-2202,10066,2043,-1551,194,-2272
2116,13294,5864,-1166,-818,-389,-2256
-3240,-17962,26828,2904,-590,-570,-2288
2762,7654,-5488,-4291,2204,-167,-2288
5534,7418,-2986,4971,-3317,-98,-2304
3194,-488,8374,-1974,1486,100,-2304
6148,1128,-6154,-2875,2943,-55,-2304
-4750,-3384,12988,3693,-2633,232,-2256
3676,9834,1734,-2359,1147,-136,-2288
-652,-8978,10238,-512,1091,-322,-2272
-7560,-422,10606,1559,-1664,272,-2272
9404,12068,-7034,-3692,1517,-655,-2320
-9056,-10996,28232,6003,-3364,-1016,-2256
1704,-4912,2736,-4324,2543,118,-2320
9340,12930,-8136,1767,-976,63,-2272
464,-7024,24300,1895,-916,-78,-2272
1988,-1778,2542,-4237,3680,117,-2256
-232,3148,4864,3556,-2537,113,-2288
5024,6764,1140,-2788,1621,-215,-2272
-3494,-7808,10970,756,108,-164,-2304
-7282,6184,17200,2351,-3191,-277,-2320
6238,-13722,6428,-4442,4070,-506,-2288
5564,14632,-7218,2753,-2047,-568,-2272
-2130,-12916,28082,2642,-1374,133,-2272
4814,9408,-400,-4557,2867,272,-2304
7810,5632,-5240,2614,-1386,-292,-2320
-3272,-7992,15184,-352,711,141,-2288
1702,7340,3108,-242,-98,243,-2304
2042,-2458,6854,-1316,977,-431,-2272
-5024,-6804,11582,966,-410,36,-2288
-218,13892,7484,706,-2369,-460,-2288
-3128,-20016,28182,591,1154,-598,-2256
4192,10242,-7164,-2428,1001,-318,-2240
-5370,-8564,32094,4846,-3161,-39,-2272
1520,712,6756,-3321,2032,226,-2304
9388,3880,-9190,-1348,1763,-257,-2304
-8860,-9820,25552,2462,-1472,315,-2288
1848,7282,2528,-1629,704,37,-2320
1862,-5336,6354,-1233,1222,-442,-2272
-7674,-6152,12610,1695,-1159,195,-2288
8100,12408,-5722,-2171,61,-556,-2288
-9010,-12538,29532,4625,-2144,-602,-2288
2640,-1500,-1280,-5190,2994,-205,-2288
-1386,230,12194,4251,-2720,-224,-2304
198,-5080,19390,-312,297,42,-2272
5844,-170,-3890,-3903,3662,-203,-2320
-9568,-9662,22208,3995,-2798,146,-2288
2614,6182,4026,-1893,820,-46,-2272
538,-7396,8060,-421,1090,-203,-2304
-8496,4628,13394,2494,-2925,43,-2320
7100,-10558,4302,-5029,3497,-623,-2288
-5520,-226,13666,4984,-3090,-710,-2304
-594,-9180,17146,-1082,947,74,-2304
5838,10900,-854,-1565,989,309,-2272
1090,-2718,22678,2284,-1330,-177,-2288
-858,-6114,9922,-2707,2575,148,-2288
156,4854,4384,1856,-1455,331,-2304
3682,6840,6612,-1683,802,-366,-2288
-3830,-9654,12386,539,330,-101,-2288
-4364,11508,10838,1611,-2803,-274,-2256
2110,-17470,18176,-2827,2886,-606,-2288
1304,6868,1608,1897,-1339,-620,-2272
-5198,-11022,31698,2423,-1443,105,-2272
3906,6480,1424,-3284,1999,299,-2288
3684,628,15236,1512,-423,-315,-2288
-7046,-8732,20514,-565,773,297,-2272
1740,6852,2050,2,-336,131,-2272
4528,4698,3324,-2371,1561,-426,-2288
-8436,-7744,13492,1820,-1019,33,-2256
3124,13300,3344,293,-2090,-307,-2320
-4006,-17290,26734,-558,1826,-475,-2304
3926,11918,-4850,-1724,617,-377,-2272
-5166,-5706,28088,4515,-3032,209,-2288
3112,-856,9548,-3755,2387,160,-2272
6630,3246,108,-592,1291,-393,-2288
-9446,-10634,23364,2671,-1823,295,-2288
3380,8648,2126,-2279,1100,-101,-2288
132,-8454,9242,-780,1330,-360,-2304
-8204,300,11156,2078,-2066,243,-2272
9982,11664,-7614,-4024,1761,-734,-2256
-8650,-9596,26462,5802,-3229,-563,-2320
1016,-4782,4314,-4091,2406,8,-2288
8722,12660,-6658,1799,-1089,150,-2272
1184,-5902,22610,1662,-797,-132,-2272
1666,-2288,2632,-4071,3598,82,-2288
-378,3432,5294,3394,-2407,211,-2288
4868,7446,2082,-2670,1548,-249,-2304
-3490,-8336,10880,676,129,-177,-2304
-7118,6802,16404,2261,-2882,26,-2272
12988,3240,-13022,-5774,4146,-768,-2320
-4772,3176,6964,4966,-3224,-517,-2288
-2660,-12580,27674,-821,763,-43,-2272
4724,9352,-992,-2756,1781,235,-2336
466,-2994,21700,3352,-1995,-426,-2320
-3940,-7770,15574,-3049,2701,95,-2288
1940,7902,3354,1171,-934,203,-2288
3712,3800,5920,-1878,1109,-398,-2304
-5870,-6824,12218,931,-250,-50,-2304
-300,13094,8356,1917,-3045,-312,-2256
9204,-7748,-2240,-3234,3427,-724,-2288
3316,11108,-3790,1741,-1424,-496,-2304
-4982,-8842,32066,2919,-1689,145,-2304
7230,11820,-3948,-4068,2541,248,-2288
4454,2694,5924,1924,-781,-322,-2320
-8402,-10232,24548,2558,-1587,193,-2288
2594,8122,2172,-1555,622,26,-2304
1076,-6340,7810,-992,1175,-412,-2272
-7386,-4970,11642,1351,-966,217,-2288
7810,12916,-4842,-1823,-237,-546,-2288
-9182,-13858,30544,3795,-1331,-533,-2304
3220,-950,-2718,-5089,2723,-217,-2304
-1392,-320,13042,4275,-2662,-50,-2304
36,-5550,18358,-609,483,171,-2304
6214,498,-4128,-3534,3344,-95,-2288
-9314,-9868,23010,4021,-2828,142,-2320
3212,6708,2278,-2272,1057,-86,-2288
-16,-7140,8022,-651,1133,-316,-2304
-8998,-4346,11970,2183,-2058,235,-2320
11502,5586,-11082,-4644,2432,-750,-2288
-6566,-442,14800,6101,-3836,-995,-2320
-82,-9772,17884,-3628,2428,-27,-2288
4432,6570,-2218,1410,-756,107,-2272
222,-3216,24010,1913,-1267,11,-2304
412,-5940,8202,-4283,3968,-140,-2288
-5730,-4966,11812,3166,-2304,214,-2256
3332,6220,6574,-1710,723,-212,-2272
-2838,-8692,11108,-468,1133,-160,-2304
-9730,-1192,13114,2685,-3130,37,-2288
10072,-3030,-5966,-5033,3506,-612,-2288
1676,7948,230,4162,-2554,-835,-2288
-5672,-10600,32767,-608,674,-27,-2304
7340,10790,-2322,-1804,1175,368,-2272
4174,1446,14364,1585,-551,-558,-2288
-7516,-9746,22672,67,389,342,-2288
1484,6392,2534,-220,-151,189,-2272
4108,5176,5192,-1896,1232,-434,-2320
-7872,-9100,14152,1664,-808,40,-2320
3246,13822,1880,161,-2013,-328,-2320
-4130,-17156,26974,315,1247,-445,-2288
4214,11186,-4570,-1654,707,-400,-2272
-5256,-5884,27430,4720,-3195,98,-2272
2966,-154,9312,-3706,2288,180,-2320
6770,3196,726,-787,1451,-350,-2288
-9600,-10254,22678,2156,-1285,188,-2272
2858,8236,3040,-1314,505,42,-2304
4058,20,2834,-1941,1744,-466,-2288
-9284,-4792,12340,2160,-1583,226,-2288
9302,11380,-6454,-1881,-315,-582,-2288
-7832,-9582,25296,3005,-601,-732,-2272
2884,11800,-5306,-4373,2296,-151,-2304
804,3828,8568,4220,-2833,-48,-2288
1254,-5334,23090,-1064,952,-8,-2304
7722,3406,-8578,-3231,3180,-159,-2288
-7056,-7698,17102,3909,-2836,209,-2288
4640,7444,3312,-2221,1115,-190,-2288
-3204,-8984,11374,-410,1044,-321,-2240
-7800,-2248,9612,1828,-1960,216,-2272
12066,3702,-11292,-4715,2647,-734,-2336
-4700,1812,9290,5914,-3513,-960,-2288
3004,3454,-5212,-3767,2294,-93,-2288
7422,9976,-6582,1327,-753,136,-2304
786,-3046,22348,1941,-988,-98,-2272
5886,836,-4552,-4066,3597,10,-2288
-3588,-1174,9764,3231,-2327,182,-2288
4396,4672,4618,-2404,1341,-310,-2288
-6264,-7094,12262,553,263,-187,-2272
-8366,1774,13368,2111,-2854,82,-2304
9900,-7374,-3204,-5249,3870,-791,-2288
2958,10814,-3538,4454,-2923,-803,-2288
1122,-8574,10692,-467,583,188,-2304
7654,11976,-4276,-2715,1761,240,-2272
4352,2778,6380,2989,-1704,-432,-2272
1012,-3932,5702,-2540,2240,153,-2256
310,4556,4176,1103,-970,132,-2288
2780,-130,6392,-2110,1391,-385,-2304
-7586,-4782,11330,1018,-360,16,-2272
-6022,9652,15054,1914,-3179,-224,-2288
3294,-17030,14898,-2719,3202,-618,-2288
5768,13928,-7280,-141,-393,-317,-2288
-3738,-12102,32532,3580,-2120,1,-2272
2980,7064,1992,-4310,2635,406,-2272
9068,5026,-7538,1702,-633,-348,-2288
-4756,-9010,18800,553,69,351,-2288
1448,7472,2882,-655,132,197,-2272
2210,-3464,6050,-1432,1135,-408,-2304
-6096,-7208,12168,1281,-679,77,-2288
2930,14038,2566,-252,-1568,-530,-2288
-5750,-18540,30488,3027,-757,-384,-2304
3832,6728,-6526,-4636,2521,-253,-2304
-4676,-6100,26980,4788,-3101,-216,-2320
1160,-930,9250,-1945,1213,126,-2288
8548,2718,-8504,-2905,2968,-272,-2320
-5342,-4152,10750,3578,-2475,162,-2320
2384,7122,2460,-1837,782,-30,-2272
1774,-5834,6474,-1007,1328,-382,-2304
-9324,-152,13060,2277,-1967,186,-2256
9932,10396,-8732,-4406,2102,-679,-2288
-8544,-7696,23830,5728,-3327,-530,-2272
1716,-5150,4944,-4537,2828,-123,-2272
516,2706,5372,2652,-1665,46,-2288
590,-4116,21398,1147,-704,-98,-2288
3400,-2804,794,-4536,4236,87,-2288
-1228,2438,5854,3619,-2605,144,-2304
3050,7030,5488,-1587,605,-221,-2272
-1184,-9112,10550,-776,1373,-228,-2288
-7302,7694,12304,2415,-2858,70,-2288
10400,3194,-8008,-4820,3203,-679,-2256
-2812,2442,9200,5002,-2991,-809,-2272
-2504,-10138,22812,-1551,1158,48,-2272
5684,7948,-2230,-290,109,339,-2288
2424,-1110,20064,1781,-879,-441,-2288
-3992,-7374,15148,-2876,2741,214,-2304
742,5876,3714,1966,-1557,292,-2272
4884,6948,4572,-2204,1248,-384,-2304
-6582,-9976,13644,890,63,-92,-2288
-1702,12748,8858,1597,-2793,64,-2288
9628,-5978,-1916,-3705,3308,-760,-2304
2646,8926,-1550,2214,-1540,-587,-2304
-5968,-9368,32222,1472,-845,105,-2288
7192,11436,-3926,-3456,2148,267,-2320
4636,1632,8440,1462,-345,-533,-2256
-8382,-9558,21348,-362,591,335,-2304
168,3294,5278,372,-608,139,-2256
3988,1304,3262,-2299,1721,-472,-2256
-8868,-5430,12348,1610,-1022,98,-2320
7164,13430,-2192,1044,-2544,-366,-2304
5460,-15380,10792,-696,2048,-677,-2304
4062,13820,-6160,-2083,767,-188,-2272
-2158,-22,17334,5148,-3472,-56,-2272
4592,8708,940,-4056,2562,157,-2288
8282,3578,-6990,-853,1464,-326,-2288
-8584,-9392,20888,2864,-1959,214,-2288
4134,8420,2428,-1635,759,-4,-2304
2248,-4506,6244,-1345,1530,-384,-2304
-8210,-3396,10292,1812,-1440,246,-2288
11896,7410,-11236,-4319,2181,-716,-2288
-7348,-2430,17188,5750,-3266,-1003,-2304
2688,8300,-6106,-4693,2754,-58,-2256
5704,8070,-4056,2010,-1198,80,-2288
924,-4830,23620,1560,-722,-345,-2288
-2194,-4918,10364,-4061,3610,1,-2304
-5202,-3746,12290,3385,-2460,175,-2240
4984,5806,3244,-2504,1413,-284,-2272
-5434,-7458,11938,621,185,-220,-2288
-8276,-74,12182,2250,-2896,-2,-2288
11430,-4158,-8658,-5697,4106,-675,-2240
1078,8858,-2532,4764,-3085,-811,-2240
1798,-5460,4114,-726,716,58,-2256
8686,12762,-6988,-2678,1691,224,-2288
3008,1712,10536,3171,-1797,-392,-2288
-7622,-10342,23984,-2939,2589,115,-2272
-444,3302,4436,1195,-961,219,-2272
3138,1382,6574,-1806,1077,-429,-2288
-7542,-5676,12412,979,-298,-28,-2288
-6996,7992,14794,1502,-2858,-117,-2288
5096,-14652,10248,-2816,3170,-609,-2272
5288,13490,-5304,416,-698,-439,-2304
-2036,-11208,25896,3083,-1852,204,-2288
4466,9004,-122,-4204,2669,309,-2288
7276,4532,-4242,1637,-574,-324,-2304
-8880,-10446,22920,396,153,113,-2304
1458,6700,2838,-737,175,161,-2304
2224,-2404,6370,-1393,1128,-409,-2288
-8276,-4470,11558,1483,-1117,203,-2304
11386,7156,-11518,-2583,419,-647,-2272
-7802,-2568,17322,5243,-2704,-545,-2304
4418,9204,-8004,-5157,3056,-237,-2272
4424,7060,-2798,2962,-1767,-17,-2304
-734,-4856,26002,319,-121,84,-2288
9634,4180,-9758,-4584,4131,-96,-2288
-6204,-5574,12028,4095,-2890,126,-2304
3002,5860,6276,-1884,802,-124,-2272
2466,-4600,4528,-1001,1424,-322,-2256
-9750,-1714,13194,2606,-2628,195,-2288
10348,-1150,-6848,-5127,2991,-716,-2256
330,7026,2512,5887,-3659,-795,-2272
2606,-1874,-994,-3080,2093,-29,-2304
6974,10324,-3242,897,-505,282,-2288
3152,272,17332,2033,-1248,-211,-2288
5106,-1446,-1824,-3976,3737,206,-2304
-2688,714,7530,2826,-2156,242,-2272
4040,5026,5778,-1868,910,-290,-2304
-276,-8348,9532,-55,849,-115,-2288
-8576,5422,13962,2534,-3339,-138,-2288
7578,-11362,4552,-4928,3749,-606,-2304
5162,12122,-5624,3417,-2191,-583,-2272
-2078,-11008,21314,1330,-628,89,-2304
6054,10772,-314,-2697,1713,365,-2320
7182,4136,146,2509,-1221,-507,-2288
-1904,-6326,11192,-2011,1954,338,-2272
834,5448,3732,613,-599,256,-2272
3702,448,3422,-1848,1397,-492,-2288
-9450,-6302,13810,1946,-1220,127,-2288
9836,10836,-7604,-407,-1565,-492,-2304
1018,-17884,20594,1624,390,-537,-2304
3858,11418,-5596,-2909,1440,-294,-2288
642,2516,8096,5066,-3424,92,-2256
3522,5076,3220,-2910,1821,115,-2288
8488,3214,-8234,-1516,2031,-346,-2304
-7316,-7650,16616,2967,-2034,154,-2272
2030,7156,2718,-1432,568,35,-2288
2746,-5078,4920,-1716,1725,-451,-2288
-8500,-1876,9950,2252,-1814,223,-2288
10808,4172,-8804,-3041,805,-686,-2288
-4732,-16178,27082,4392,-1887,-634,-2304
2526,4594,-4240,-4583,2641,-130,-2304
6724,8676,-4490,3401,-2190,53,-2304
3076,-1658,11468,-504,553,-74,-2320
4844,-150,-3714,-3461,3346,-40,-2288
-3588,-1770,10958,3606,-2608,178,-2272
3952,9252,2248,-2210,1094,-174,-2288
-1202,-9476,11146,7,817,-255,-2288
-7598,782,11364,1619,-2057,171,-2288
11142,-5168,-6482,-4933,3020,-717,-2288
-8946,-7970,24914,5943,-3546,-952,-2304
1402,-6918,6170,-2984,1899,34,-2304
8548,12714,-7468,-46,82,101,-2256
70,-6916,25602,2696,-1456,-267,-2288
508,-3056,5610,-3932,3357,46,-2304
592,4586,4124,889,-898,241,-2272
2962,-140,6294,-2332,1520,-386,-2288
-7510,-4356,10894,1278,-653,7,-2288
-6724,7634,16834,1990,-3120,-104,-2272
5382,-15302,10356,-2897,3317,-452,-2304
4974,14776,-6830,-160,-438,-252,-2272
-3246,-12528,30794,3816,-2353,127,-2288
3968,8488,570,-4606,2940,291,-2288
7724,4712,-6400,1579,-482,-326,-2304
-8758,-9742,23094,1055,-442,292,-2304
2238,8204,2482,-869,273,112,-2288
1406,-4596,7966,-1314,1205,-395,-2288
-7746,-3520,10200,1104,-766,183,-2256
1446,13804,6048,-83,-1659,-594,-2272
-5060,-19844,30346,2412,-186,-612,-2272
4078,8708,-7890,-4109,1958,-260,-2288
-4550,-6986,29222,4979,-3118,-171,-2288
284,-1410,9228,-2237,1404,205,-2288
9584,4404,-9630,-2024,2173,-358,-2304
-9338,-10866,28422,3115,-1937,238,-2288
1828,7368,2800,-2040,910,83,-2320
1672,-5284,5966,-983,1187,-368,-2288
-9216,-1660,12900,2072,-1646,193,-2288
8932,11292,-7530,-3843,1550,-778,-2288
-9232,-10390,27564,5863,-3501,-1035,-2288
2688,-2662,516,-5013,3061,-203,-2304
7306,10454,-3312,2614,-1598,-21,-2272
320,-4530,18914,631,-449,-61,-2256
5306,-1216,-2610,-4009,3734,101,-2288
-2162,1908,5990,2724,-1989,335,-2272
3602,3968,7008,-1637,740,-194,-2336
58,-8144,8560,-41,833,-165,-2288
-8708,5530,14144,2407,-3212,-230,-2320
6930,-11904,5700,-4275,3639,-667,-2288
5496,12628,-5072,3353,-2186,-539,-2304
-1378,-10214,20688,1251,-551,112,-2336
5546,10108,-472,-2779,1696,315,-2288
7276,4492,-608,2398,-1227,-449,-2288
-1846,-6944,11816,-1111,1370,117,-2288
1070,6072,3816,475,-535,280,-2304
3820,652,3184,-1673,1012,-443,-2240
-4416,-9414,12872,1006,-201,20,-2288
-3466,11742,9864,912,-2474,-230,-2288
1014,-17936,20038,-1788,2485,-679,-2304
4220,11758,-6256,-359,-130,-420,-2304
-5316,-10528,32114,3952,-2598,-46,-2272
3334,5186,2240,-3916,2433,305,-2288
8576,3556,-8132,359,458,-325,-2320
-7736,-9528,22210,1141,-431,381,-2272
1998,7360,2182,-901,180,102,-2272
3126,-4310,3834,-2205,1662,-446,-2320
-8630,-7800,13962,2033,-1310,129,-2256
3526,13424,1986,-457,-1537,-549,-2304
-4526,-16360,26700,1656,261,-549,-2272
4094,11610,-5028,-2872,1400,-217,-2288
-4766,-4710,25030,4947,-3385,-159,-2288
3500,-784,9770,-1355,1050,-37,-2272
5532,-108,-4074,-3026,3125,-82,-2272
-3854,-1924,11330,3553,-2615,285,-2272
3704,8898,2626,-2135,1014,-112,-2288
-850,-8840,11024,-339,1037,-256,-2320
-8040,262,11482,1886,-2181,226,-2288
11112,-5092,-6284,-4943,2946,-815,-2320
-8936,-7902,25360,5992,-3649,-695,-2272
972,-7010,6376,-3050,1990,-124,-2272
8828,12956,-6814,61,-19,251,-2320
410,-6964,25530,2840,-1597,-164,-2288
888,-3104,4350,-4169,3613,-12,-2304
518,4598,3664,2831,-2027,184,-2304
4744,7078,2648,-2487,1426,-261,-2288
-3786,-8636,12050,845,54,-132,-2320
-6720,7902,15836,2229,-3060,40,-2256
5738,-14924,9280,-5383,4179,-729,-2272
-4014,3770,6500,3967,-2610,-592,-2304
-3042,-12494,28578,1214,-485,168,-2304
4584,9100,146,-3276,2062,336,-2288
734,-2662,21280,2974,-1570,-352,-2288
-4418,-7668,16328,-2133,1977,215,-2304
1950,7856,2982,642,-668,216,-2304
3654,3608,5650,-1908,1275,-381,-2288
-5954,-6402,11614,1131,-541,3,-2288
892,14136,7210,1423,-2892,-335,-2288
-4298,-19348,30170,-2038,2901,-571,-2272
4046,12472,-5424,-1103,120,-379,-2304
-4570,-7898,30726,5126,-3270,-194,-2288
900,-1192,8908,-2499,1622,64,-2256
8962,3910,-8950,-1790,2060,-218,-2272
-9154,-10776,27156,2998,-1861,216,-2320
2318,7542,2700,-1929,883,54,-2256
1602,-5590,6292,-925,1142,-378,-2288
-8846,-1086,12182,1902,-1553,221,-2288
8920,11194,-7032,-3274,1046,-721,-2304
-8880,-10958,26810,5406,-2989,-533,-2272
2956,-2630,262,-4906,2899,-220,-2288
-548,812,10268,3320,-2080,71,-2288
82,-4474,19300,-254,203,74,-2304
5130,-1078,-2032,-4092,3809,-113,-2304
-8602,-9430,20078,3905,-2728,164,-2256
3360,7138,3228,-2022,882,-175,-2272
-514,-7550,8940,-394,1072,-246,-2272
-8560,5014,14550,2318,-2526,128,-2288
11268,5110,-10694,-5235,3309,-723,-2288
-5632,764,12652,5847,-3691,-809,-2304
-1154,-11162,21480,-2286,1659,-81,-2304
5514,7932,-3802,-157,127,237,-2320
306,-3428,24682,2728,-1692,-26,-2288
-928,-6758,10316,-3814,3414,125,-2256
796,6194,3802,2721,-2007,190,-2272
3772,6312,6292,-1872,975,-314,-2304
-3848,-8390,11638,127,677,-155,-2288
-3918,11702,11126,2271,-3193,-61,-2288
10064,-3766,-4652,-4492,3582,-643,-2272
2196,8386,-210,424,-578,-538,-2320
-6036,-10668,32767,3505,-2270,108,-2288
2820,4848,3556,-3922,2368,239,-2288
9234,3410,-8832,969,-21,-553,-2304
-7704,-9750,22810,1117,-448,266,-2272
1804,7346,2184,-980,295,137,-2272
3038,-3856,3872,-2075,1601,-495,-2288
-8288,-8018,13954,2040,-1267,95,-2256
4482,13200,446,-546,-1449,-286,-2240
-4880,-16170,27424,1807,211,-479,-2304
4316,11924,-5432,-3151,1603,-358,-2320
-4904,-4594,24848,5047,-3506,-171,-2288
3150,-1254,10556,-2749,1815,79,-2288
6048,228,-5396,-1652,2111,-328,-2304
-9324,-9726,21864,3126,-2225,271,-2272
3316,8592,2838,-1686,733,-22,-2288
-66,-8626,9868,-1338,1563,-397,-2320
-9114,-4620,12008,2158,-1713,221,-2304
10502,10108,-8420,-2816,654,-681,-2304
-8176,-6584,23230,4775,-2255,-761,-2272
3042,10868,-5424,-4869,2743,-74,-2288
2474,4992,3716,3584,-2349,89,-2288
1554,-5130,22974,-354,445,-136,-2304
-208,-3724,6336,-3789,3604,20,-2304
-6390,-5940,14802,3700,-2661,230,-2304
4868,7732,3890,-2207,1105,-211,-2304
-4202,-9496,12786,-43,858,-262,-2288
-7886,-1616,9658,1905,-2378,184,-2288
5322,-15344,10414,-5014,3915,-703,-2304
-2806,3718,5274,3625,-2393,-629,-2304
-3736,-11938,28644,662,-271,264,-2288
5238,8996,-488,-3530,2193,123,-2288
1778,-1840,18576,2521,-1141,-365,-2304
-5802,-7560,17322,-1497,1394,188,-2240
2342,7834,2292,612,-704,121,-2272
4380,3366,4170,-2246,1570,-443,-2288
-7296,-5986,12044,1313,-767,54,-2288
2186,14134,5716,1431,-2869,-323,-2304
8558,-10430,576,-2374,3024,-493,-2288
4532,12870,-5354,-641,-181,-330,-2320
-4662,-6186,29482,4706,-3051,-161,-2288
1480,-2504,11168,-4391,2796,215,-2288
6236,4602,-1326,411,431,-327,-2272
-9494,-11648,26090,2147,-1276,277,-2272
3016,8176,1746,-1291,479,99,-2288
2476,-1950,6786,-1220,1255,-393,-2256
-7976,-3964,11158,1322,-931,188,-2304
10150,10894,-8808,-1172,-849,-517,-2304
270,-18792,21926,2778,-506,-498,-2288
4684,12836,-7298,-4697,2398,-168,-2288
1424,3538,4424,4692,-2999,13,-2288
420,-5358,21784,-2184,1427,91,-2304
8666,3824,-8708,-2681,2742,-243,-2304
-7326,-7704,17256,3441,-2356,241,-2288
4196,7118,2932,-2174,1025,-82,-2288
1308,-5190,7712,-727,1124,-377,-2304
-8698,-2924,11908,2331,-2598,138,-2288
12064,738,-10836,-5478,3542,-726,-2320
-2482,5570,4744,5549,-3559,-651,-2320
-3560,-12196,31384,-1196,1040,39,-2320
7896,10492,-6056,-1267,884,300,-2304
1288,-1468,20720,3212,-2072,-362,-2304
-4006,-8718,17088,-3466,3146,157,-2272
1330,7024,3192,1528,-1162,223,-2304
3050,4538,7130,-1632,877,-329,-2320
-5572,-8166,12466,502,217,-49,-2288
1640,13600,4328,1890,-3135,-281,-2288
8048,-9518,1156,-3151,3282,-511,-2336
5218,12316,-4898,620,-710,-485,-2272
-5690,-7276,30132,2891,-1701,-9,-2288
6402,10814,-1076,-3918,2423,339,-2320
6398,4254,2800,1876,-818,-380,-2304
-10064,-10900,27230,4,477,353,-2304
-38,5088,4422,-351,-78,272,-2256
3572,1444,5016,-1470,977,-475,-2288
-8980,-7400,14150,1544,-780,116,-2288
9300,11302,-7822,-57,-1799,-334,-2304
1238,-17182,20224,1439,435,-497,-2304
4692,11526,-5938,-2787,1431,-332,-2288
-218,1016,8916,4803,-3268,85,-2288
3380,5210,2546,-2906,1800,122,-2288
8912,3880,-7832,-1373,1849,-341,-2304
-8306,-7768,17348,2822,-1857,169,-2304
1446,6134,3000,-1279,445,100,-2256
-1254,-9248,11064,-1333,1669,-393,-2288
-9670,-3208,12248,2482,-2312,192,-2272
10700,4630,-8400,-4292,2122,-666,-2272
-4084,1042,12172,5404,-3031,-728,-2288
2830,5138,-5202,-4144,2541,-94,-2288
5544,7790,-3006,2369,-1561,89,-2272
1822,-2552,22248,1020,-440,-164,-2304
6366,370,-5492,-3823,3603,68,-2288
-4288,-2450,10926,3376,-2494,183,-2320
5160,7122,4430,-2145,1099,-291,-2288
-6498,-9238,14016,98,760,-234,-2304
-8226,824,10692,1905,-2587,131,-2272
10978,-4178,-5264,-4886,3228,-733,-2288
942,7496,214,5037,-3054,-701,-2288
1298,-4478,3852,-1111,886,64,-2256
7880,11488,-5528,-1262,757,297,-2272
3566,518,12382,2258,-1100,-213,-2272
934,-2770,5048,-2619,2307,181,-2256
-582,2628,6528,1304,-1156,225,-2336
3870,1576,4082,-2542,1678,-389,-2288
-8110,-5280,11866,1377,-651,-39,-2288
