AcX,AcY,AcZ,GyX,GyY,GyZ,Tmp
-2892,-3282,11418,-550,509,-83,-2400
3014,-34,6652,-284,516,-262,-2384
-942,246,7520,-244,108,-116,-2368
1198,804,6902,260,-313,-133,-2352
1262,-660,8214,-11,455,-226,-2352
-842,1196,7380,-455,-24,-78,-2384
1650,-1312,7400,201,95,-237,-2368
-368,-538,8582,-73,370,-203,-2368
-962,1744,8270,-253,-127,-86,-2384
710,-1656,8534,-131,57,-128,-2384
-1396,-1512,8336,5,-47,-6,-2368
5148,1856,1780,-463,-144,-314,-2368
-128,-6352,12582,1148,-1,-226,-2336
-562,2730,6596,-926,78,44,-2352
3908,4970,5442,910,-803,-139,-2368
-2654,-4702,14624,-1231,1284,-375,-2368
-1180,870,5536,-75,-284,-33,-2400
2192,-546,8674,806,-252,-129,-2352
-834,-1560,9224,-1228,958,-152,-2320
-3104,-1404,9270,994,-904,-29,-2400
3150,-12,7336,-235,575,-273,-2400
-1780,-628,8902,-357,298,-129,-2384
-544,306,7796,382,-497,-107,-2384
2684,-1058,7196,-102,583,-252,-2384
-1188,728,7560,-475,119,-81,-2368
484,-1798,8934,332,-195,-163,-2352
1062,-548,7712,-301,583,-248,-2384
-1200,1558,8078,1,-201,-82,-2384
1084,-1314,7926,-300,30,-106,-2400
182,-1474,7222,13,98,-93,-2336
1246,2776,5992,-109,-480,-243,-2368
-12,-5342,11978,227,386,-257,-2384
-880,1656,7320,-920,114,44,-2384
4390,4778,4164,584,-571,-221,-2384
2396,-2822,7658,-1065,1160,-319,-2400
-466,738,5920,-24,-209,-25,-2400
2016,-126,8474,732,-260,-107,-2368
1892,1338,4820,-1071,803,-145,-2384
-2392,-1374,10102,859,-774,-17,-2384
2712,24,7242,-445,554,-254,-2368
-1764,-124,8980,5,35,-119,-2368
46,690,7500,14,-222,-130,-2400
2246,-496,7150,-91,471,-238,-2384
-1342,424,8718,-234,-40,-83,-2352
1730,-1234,7560,-28,83,-215,-2368
142,-646,8434,24,368,-189,-2368
-724,1378,8142,10,-221,-85,-2384
1448,-258,7376,-427,165,-136,-2352
-614,-1880,7824,211,44,-65,-2352
1710,3480,5542,2,-682,-218,-2400
-1980,-746,8708,1659,-560,-168,-2384
-1388,-1538,10808,-339,-185,22,-2368
3010,-2812,6672,-2266,1951,-321,-2368
-972,950,5780,408,-494,13,-2352
2094,30,8812,878,-333,-138,-2400
2558,1564,3734,-1415,1070,-109,-2384
-2760,-1194,9762,1166,-972,-4,-2384
2876,-680,7520,-475,632,-272,-2368
-1770,74,8498,-285,236,-116,-2368
-530,212,8146,393,-430,-111,-2368
2568,-920,7002,-326,669,-211,-2384
-998,1000,7510,-361,20,-88,-2384
870,-2300,8838,366,-102,-189,-2400
638,-288,7572,-253,442,-203,-2400
-486,1994,7488,94,-246,-113,-2384
766,-960,8462,-242,62,-128,-2384
-272,-1092,7354,-41,114,-13,-2384
2620,3346,4276,-150,-568,-270,-2368
2090,-5422,8870,78,544,-289,-2384
-772,866,7482,-1106,165,69,-2352
768,2100,10924,1004,-849,-289,-2352
1320,-3432,9152,-1473,1420,-329,-2368
-26,1208,5984,225,-420,6,-2400
1294,-1900,9032,724,-288,-98,-2352
1710,920,4784,-1292,960,-144,-2352
-1940,-802,9134,1020,-847,-12,-2416
2580,-342,7566,-463,646,-265,-2368
-586,100,7178,-188,183,-119,-2368
346,764,7172,268,-392,-118,-2368
2090,-974,7406,-265,596,-242,-2352
-1046,1138,7952,-268,-1,-93,-2384
1656,-1916,7994,284,-109,-185,-2368
232,-518,8262,-143,492,-207,-2368
-1646,1006,9628,147,-260,-106,-2384
1186,-472,7868,-418,116,-129,-2352
-468,-1750,7756,-40,153,-66,-2352
2054,3506,4842,245,-844,-205,-2368
2718,-4808,8034,-409,773,-318,-2368
-966,3584,5788,172,-279,-58,-2384
100,1570,11692,1324,-1071,-61,-2368
2496,-3008,7668,-1978,1737,-356,-2368
-2534,-1828,8870,973,-656,-48,-2384
894,-2194,9376,481,-281,-84,-2352
2394,1494,4206,-1402,1040,-158,-2368
-2512,-1420,9730,1176,-878,-3,-2368
2570,-494,7386,-597,657,-222,-2384
50,202,7184,-154,183,-154,-2352
-394,136,8274,344,-393,-100,-2368
2404,-780,7052,-248,550,-231,-2368
-526,910,7460,-222,9,-113,-2368
936,-2416,8878,341,-36,-196,-2400
384,246,7818,-271,417,-180,-2400
-268,2262,7292,10,-204,-117,-2352
744,-1450,8546,-302,115,-130,-2384
-440,-794,7116,-56,89,-36,-2368
3122,3146,3994,-76,-558,-282,-2368
2136,-5794,8992,74,590,-282,-2384
-674,4292,5616,-522,-140,32,-2384
436,2204,11890,1579,-1249,-3,-2352
1544,-3994,8720,-2497,2118,-392,-2368
-2464,-1676,7588,1312,-871,-38,-2400
1144,-1976,9226,158,-98,-92,-2384
2102,180,3996,-1338,1139,-204,-2416
-4074,-3140,11694,1211,-895,4,-2352
3568,600,5734,-568,513,-228,-2368
-248,140,6534,-297,441,-130,-2368
-2032,-1116,10760,661,-630,-74,-2384
3314,-396,6770,-504,635,-223,-2352
-636,1434,7322,-147,162,-98,-2384
948,-1540,8242,339,-295,-149,-2368
2158,142,6846,-490,649,-239,-2368
-1510,900,9178,76,-230,-112,-2384
678,-790,8326,-297,30,-92,-2352
-126,-1414,7150,-137,212,-62,-2368
-1584,1456,9758,259,-675,-229,-2384
-1508,1352,7294,1629,-585,-135,-2352
-1132,620,8208,-322,-249,0,-2384
5198,4722,2802,-1233,748,-336,-2368
-3050,-3746,13204,1088,-295,-158,-2336
584,-1384,9138,-730,75,-33,-2368
2558,1330,7304,-10,230,-157,-2384
-2232,-2320,10582,0,138,-18,-2384
2240,900,6254,-3,-188,-126,-2384
342,194,8220,-85,360,-243,-2400
-1960,-478,10034,165,-261,-85,-2368
2670,428,6578,-222,127,-160,-2384
-162,834,8358,88,280,-211,-2416
-1350,410,8992,-250,-150,-122,-2352
1938,-602,6962,-80,359,-229,-2400
-1102,-18,9344,178,-70,-143,-2352
684,824,7914,-551,37,-97,-2352
414,-1886,7578,94,112,-109,-2384
-2440,-434,10068,501,-756,-35,-2368
4740,-1356,3754,-1440,1022,-363,-2368
-1956,2134,6782,1657,-694,-141,-2384
-1184,-170,8392,-142,-355,10,-2416
6132,4836,1492,-1070,660,-331,-2368
-3562,-3954,13462,982,-213,-161,-2368
-36,788,7210,-876,94,22,-2384
2724,2074,7406,270,50,-157,-2384
-2970,-3222,11588,-202,241,-69,-2352
2948,1004,5164,231,-353,-101,-2368
1772,-760,9090,83,329,-256,-2368
-2454,-598,10770,13,-208,-100,-2400
3062,940,6406,-213,70,-160,-2384
1562,-854,8182,156,281,-196,-2352
-1074,-382,8890,-487,11,-65,-2368
2174,-118,6298,80,230,-225,-2368
-104,-866,8528,84,186,-186,-2384
-290,1546,7908,-450,-7,-93,-2384
942,-1146,7868,64,31,-102,-2384
-2468,502,10706,341,-449,-72,-2368
4592,1410,2588,-1312,726,-311,-2368
-1166,3192,5902,-389,-135,1,-2384
4468,4686,4378,-211,-1,-308,-2352
-2730,-4010,14180,99,377,-248,-2352
514,-516,8512,-726,43,13,-2384
3050,2378,5644,-1,258,-166,-2368
-3268,-3280,10566,86,68,-6,-2368
1020,502,7678,60,-255,-130,-2336
798,338,8862,-121,435,-271,-2384
-2080,-866,10370,162,-296,-78,-2352
2190,1160,6460,-362,161,-159,-2336
714,-74,8280,150,359,-223,-2368
-1016,-902,9626,-309,-169,-56,-2352
2368,-380,6252,-143,398,-253,-2352
-930,-820,9152,294,94,-179,-2352
-100,1288,8644,-314,-179,-54,-2368
1338,-430,7482,-298,194,-127,-2352
-1944,-2126,9660,555,-425,-25,-2384
4772,906,2660,-1233,507,-289,-2384
-1362,-582,8198,1476,-337,-214,-2368
-1284,1218,7692,-682,-27,39,-2368
4472,5142,4154,-171,-107,-152,-2368
-2286,-3950,13564,-299,717,-277,-2352
-990,616,6246,-470,-85,34,-2384
2168,344,8246,755,-286,-134,-2368
-868,-2280,8990,-1020,836,-116,-2336
-2478,-1194,9518,966,-776,-37,-2384
2314,-806,7966,-246,441,-279,-2384
-1530,452,8834,-296,153,-121,-2384
2018,796,6686,263,-283,-171,-2368
2372,-1054,7190,-102,530,-219,-2368
-850,1200,7610,-434,-8,-78,-2384
1586,-1162,7266,291,170,-246,-2352
-896,-322,9332,13,231,-166,-2368
-604,1952,7878,-293,-155,-94,-2384
704,-1968,8506,-42,78,-115,-2416
-2174,-1020,9448,274,-377,-32,-2384
5364,-314,2292,-1311,627,-409,-2384
-830,3746,5536,432,-450,-50,-2384
1104,2734,10772,1306,-1120,-84,-2352
6404,1200,1624,-2405,2095,-335,-2384
-2596,-1104,7272,1329,-871,10,-2352
1576,-1872,8712,318,-132,-108,-2352
1688,42,4768,-1215,1033,-190,-2368
-4094,-2870,11458,1213,-880,-14,-2368
3516,134,6106,-500,526,-212,-2368
-164,314,6430,-347,518,-172,-2352
-2186,-978,10488,650,-648,-86,-2384
3302,-504,6596,-584,670,-209,-2368
-650,1388,7140,-105,193,-166,-2368
1032,-1562,8196,460,-276,-166,-2384
296,-678,8354,-323,561,-212,-2384
-1462,1044,9086,116,-228,-111,-2368
684,-770,8174,-276,-37,-99,-2400
-356,-1802,7554,-180,158,-81,-2384
-1412,1730,9274,125,-678,-206,-2352
1524,-5144,9832,-106,546,-267,-2416
-704,3136,6178,-130,-172,-11,-2400
-1426,-346,12072,1036,-978,-104,-2384
5276,-146,3750,-1995,1762,-337,-2384
-1858,-466,6970,1086,-675,-39,-2352
1612,-1708,8916,276,-140,-47,-2384
3286,2384,4110,-1028,844,-166,-2400
-3316,-2726,10284,892,-597,-13,-2368
3192,686,6080,-408,328,-193,-2384
464,314,8090,-118,413,-165,-2352
-1350,-474,9090,299,-412,-88,-2368
2882,-266,6826,-305,443,-239,-2400
12,670,8226,-44,214,-145,-2384
200,-1116,8772,6,-188,-136,-2352
1350,-766,7756,-57,431,-241,-2384
-1392,1144,9118,117,-139,-134,-2368
628,1072,7930,-536,61,-92,-2368
516,-2256,7836,63,146,-126,-2384
-1858,2562,9788,436,-846,-67,-2352
5248,-372,2862,-1440,1136,-374,-2352
-1030,3552,5986,-846,33,64,-2416
6680,924,1704,-2130,1698,-422,-2336
-2508,-1008,7064,1831,-816,-75,-2336
742,-1094,8932,-528,80,-33,-2368
3668,3340,3786,-761,673,-230,-2368
-4146,-3734,11598,630,-320,-44,-2384
2082,1172,6260,-510,140,-148,-2384
646,504,8520,53,381,-233,-2368
-2102,-1196,10546,294,-431,-105,-2368
2846,1116,6188,-409,322,-202,-2352
-46,446,9042,206,162,-200,-2352
-224,-2098,9632,-154,-127,-104,-2352
1866,282,6782,-89,331,-222,-2400
-958,-358,9768,212,-54,-159,-2368
286,162,8472,-569,50,-70,-2352
786,-762,7240,23,52,-96,-2384
-2438,-424,10330,440,-744,-74,-2352
4384,-1442,4006,-1426,1043,-332,-2400
-1634,1736,6794,1511,-693,-120,-2368
-1170,-8,8654,-82,-439,-1,-2384
6256,4354,1980,-1396,1026,-309,-2352
-3702,-3398,12576,1148,-345,-176,-2400
734,-1342,9146,-806,63,-6,-2368
2806,2048,6896,-154,366,-164,-2400
-2780,-2990,10848,16,98,-29,-2352
2734,746,5982,113,-262,-125,-2352
1870,-154,8560,-202,489,-271,-2400
-2590,-564,10806,194,-328,-76,-2368
3082,550,6646,-243,140,-153,-2400
-508,966,8242,44,226,-206,-2352
438,-1702,8948,-67,-302,-89,-2368
1626,-794,7508,-286,637,-256,-2384
-1568,1586,8780,185,-171,-118,-2368
530,638,8580,-405,4,-95,-2336
704,-1822,7348,-195,257,-97,-2400
-1100,2772,8496,588,-948,-127,-2384
4492,-1784,4150,-1083,940,-322,-2352
-774,2776,6434,-878,87,62,-2352
6100,4350,1946,-475,150,-263,-2384
-752,-4014,12244,417,213,-186,-2384
4,298,7462,-773,30,33,-2352
2938,2176,6716,425,-19,-132,-2352
-2846,-3488,11330,-675,603,-91,-2400
-786,516,8240,443,-510,-53,-2400
1422,-458,9254,-50,369,-254,-2384
-2190,-832,10354,-163,17,-88,-2352
1120,800,6864,84,-169,-161,-2368
1320,-722,8220,97,331,-217,-2368
-630,22,8336,-554,-18,-92,-2368
1458,-1698,7690,304,130,-243,-2352
-262,-536,8394,-69,321,-160,-2352
204,2080,7322,-416,-70,-80,-2368
586,-1670,8602,-10,65,-128,-2384
-1380,-1464,8196,137,-222,-11,-2352
5268,1780,1638,-1024,391,-317,-2352
-1856,-2232,9752,1782,-453,-194,-2384
-462,2660,6476,-1072,206,51,-2368
3764,5108,5446,520,-517,-169,-2368
-2602,-4732,14684,-956,1087,-305,-2384
-1126,910,5454,-292,-161,16,-2384
2082,-682,8798,866,-304,-140,-2352
-816,-1426,8990,-1163,890,-130,-2368
-3116,-1436,9318,942,-870,-11,-2384
3100,60,7216,-215,552,-276,-2384
-1794,-574,8938,-262,149,-110,-2384
2118,1532,6000,238,-366,-140,-2368
2538,-978,7238,-71,534,-272,-2400
-1110,756,7582,-509,50,-59,-2336
1912,-506,6754,306,-35,-196,-2352
1008,-518,7668,-190,489,-232,-2352
-1136,1770,8070,-18,-259,-113,-2400
1038,-1318,8054,-240,69,-134,-2400
162,-1482,7088,-3,97,-37,-2384
1202,2730,6012,-197,-407,-242,-2384
-1442,-854,8618,1193,-570,-122,-2384
-1524,-866,10974,646,-719,-20,-2352
2580,-2488,7344,-1449,1398,-345,-2352
-638,676,5962,224,-335,-43,-2384
2002,-406,8332,631,-244,-90,-2368
2278,1428,4496,-1127,892,-181,-2368
-2396,-1480,9854,980,-774,2,-2384
2682,4,7226,-445,544,-222,-2384
-20,-124,7354,-72,183,-152,-2368
-180,456,7654,168,-338,-139,-2336
2266,-750,7166,-170,518,-233,-2368
-700,900,8122,-195,83,-74,-2384
1658,-1658,7604,43,81,-194,-2352
74,-358,8108,10,363,-222,-2368
-684,1852,8190,77,-255,-94,-2400
1462,-206,7128,-626,226,-107,-2384
-592,-1708,7678,257,-24,-71,-2352
1862,3560,5764,144,-793,-180,-2384
3298,-4410,7108,-682,983,-344,-2400
-1364,3716,5794,154,-374,6,-2400
-276,1412,12780,1078,-1013,-90,-2352
6608,3074,1348,-2439,2008,-422,-2352
-3172,-2690,9784,1692,-885,-71,-2384
1100,-2030,8886,-301,33,-54,-2368
3280,3062,5370,-688,663,-205,-2384
-3838,-3724,11908,874,-546,-8,-2384
3510,1022,5232,-620,352,-167,-2384
-20,448,6832,44,283,-218,-2368
-320,152,7956,455,-545,-111,-2368
3212,414,6502,-517,641,-221,-2416
-800,1340,8076,-103,67,-119,-2416
826,-2300,8908,195,-119,-151,-2368
498,-130,7744,-229,437,-179,-2352
-328,1936,7348,-128,-168,-118,-2352
792,-1924,8268,-152,30,-133,-2368
-268,-1248,7336,42,15,-7,-2368
2998,2974,3920,-434,-267,-293,-2352
-722,3598,5994,239,-372,-29,-2352
1374,2368,9842,1181,-954,-59,-2336
5798,518,2620,-2115,1817,-361,-2384
-2194,-630,7486,1075,-713,-61,-2384
1436,-1666,9008,394,-179,-99,-2352
1094,298,5748,-1115,897,-154,-2336
-3290,-2860,9746,866,-714,-13,-2368
3366,862,5730,-373,392,-232,-2384
-726,-456,7536,-192,408,-146,-2384
-1338,-332,9130,332,-492,-97,-2368
3004,-298,6740,-322,518,-239,-2368
-1212,1074,7890,-155,112,-116,-2336
-64,-1338,9086,128,-174,-156,-2384
1826,-666,7122,-147,514,-251,-2384
-1622,1206,9190,209,-192,-126,-2368
470,1186,8082,-512,28,-82,-2384
782,-1918,7594,2,172,-106,-2400
-2076,2236,9894,481,-881,-123,-2384
2274,-5316,8910,-1225,1012,-374,-2352
-2012,752,7608,1119,-548,-98,-2368
-1470,-1470,11942,503,-639,-21,-2368
5994,1690,2590,-1704,1159,-328,-2352
-3068,-4280,14286,1454,-523,-162,-2384
954,-1932,9354,-183,-54,-66,-2368
3348,3104,4502,-845,707,-99,-2368
-3788,-3562,12182,848,-540,-12,-2400
3202,970,6146,-586,258,-173,-2352
390,126,9042,108,296,-173,-2352
-1674,-940,10032,187,-382,-97,-2368
2972,182,6656,-460,425,-179,-2400
116,138,8844,188,123,-179,-2352
106,-1990,9026,-137,-36,-128,-2352
1490,490,6910,-156,359,-222,-2352
-1074,1278,9212,327,-141,-136,-2368
636,468,7812,-705,228,-99,-2368
466,-890,7396,145,-25,-58,-2384
-1088,2452,9628,543,-875,-120,-2352
4970,-1308,3166,-1548,1280,-358,-2368
-384,3850,5674,-1151,182,41,-2352
6010,5426,1456,-1214,766,-483,-2384
-4062,-4318,14686,1364,-482,-156,-2352
1002,-1388,8660,-1033,232,-16,-2384
2706,1580,7650,78,163,-153,-2352
-2670,-2204,11332,-227,236,-66,-2368
2594,668,6320,102,-268,-119,-2368
138,270,8440,-143,462,-193,-2352
-1248,-492,9228,417,-533,-65,-2352
3090,666,6444,-451,396,-196,-2400
-218,852,8432,76,205,-207,-2400
-162,-1934,9782,-51,-210,-90,-2384
2304,396,6108,-280,485,-239,-2384
-1260,-514,9978,314,-16,-158,-2368
302,530,8570,-541,-19,-61,-2368
1144,-1152,7928,-52,118,-107,-2352
-2368,-830,10540,477,-612,-82,-2384
3846,-1608,4624,-1347,845,-323,-2352
-1380,2286,6696,1534,-618,-121,-2368
-1214,-324,9002,-181,-315,-7,-2368
5626,4144,2322,-919,500,-421,-2384
-2742,-3254,11984,874,-156,-173,-2352
376,276,7064,-821,94,1,-2384
2474,2140,7058,266,55,-159,-2368
-2422,-2884,10402,-335,309,-48,-2400
-548,-172,8984,361,-412,-85,-2384
1386,-608,8718,-174,417,-267,-2352
-1762,-218,9824,70,-209,-96,-2352
2780,234,6734,-46,28,-148,-2368
1636,-494,7590,-11,350,-215,-2368
-1150,298,8992,-272,-174,-91,-2384
2116,-1018,7012,-2,355,-251,-2384
-416,-478,8396,71,170,-183,-2336
-80,1704,8078,-352,-103,-93,-2368
904,-2160,8282,-122,157,-132,-2368
-2720,248,10390,426,-659,-35,-2352
4406,-2482,4562,-1424,848,-347,-2368
-702,2848,6594,-396,-184,-17,-2384
3010,4454,7064,1387,-1166,-64,-2336
5122,-1312,3610,-1882,1757,-337,-2384
-1642,604,5504,488,-544,15,-2384
1812,-866,9012,735,-294,-90,-2352
38,-1264,7556,-1498,1199,-154,-2336
-3536,-2184,9760,1296,-1022,8,-2400
3298,-446,6668,-512,663,-242,-2384
-1128,122,7324,-253,322,-141,-2384
-1138,-306,8972,588,-556,-101,-2384
2934,-676,6796,-454,700,-230,-2368
-820,1316,6970,-311,98,-101,-2368
384,-2408,9264,332,-188,-170,-2352
1154,-326,7456,-342,606,-231,-2352
-1040,1526,7844,144,-207,-118,-2368
678,-1094,8500,-236,-7,-81,-2368
-1468,-1446,8946,38,6,-51,-2384
1260,2910,6070,-556,-138,-279,-2384
-180,-5790,12084,1150,-47,-245,-2352
-836,1572,7138,-884,65,59,-2368
206,1566,11364,971,-842,-86,-2384
2574,-2796,7448,-1455,1418,-334,-2416
-778,784,6304,188,-350,0,-2384
2236,84,8278,607,-222,-86,-2368
2228,940,4396,-1165,893,-128,-2368
-2500,-1352,9682,1017,-815,-3,-2368
2884,-196,7232,-413,595,-243,-2384
2,-78,6794,-139,219,-136,-2352
-122,786,7426,249,-403,-97,-2336
2334,-980,7210,-181,580,-244,-2368
-680,1016,7726,-277,113,-105,-2352
1552,-1566,7838,136,-15,-170,-2352
344,-826,8286,-56,475,-216,-2352
-1050,1514,8280,77,-197,-80,-2336
1046,442,7766,-399,53,-104,-2368
-484,-2372,8100,40,96,-107,-2352
1592,3494,5376,153,-783,-195,-2352
3078,-4256,7504,-489,735,-314,-2368
-1180,1306,7666,-575,-101,30,-2320
6096,2228,2416,-2023,1617,-357,-2352
-2652,-1834,8962,1186,-662,-53,-2352
970,-1830,9128,133,-184,-36,-2384
2734,956,3886,-1171,967,-174,-2352
-3592,-3796,11874,1195,-676,4,-2368
2986,700,5762,-676,435,-162,-2368
676,828,5852,-7,348,-203,-2352
-2116,-1184,10634,406,-485,-86,-2352
3036,362,6178,-576,481,-204,-2368
-384,1180,7454,137,112,-148,-2368
26,-1294,8896,-172,-5,-138,-2384
1420,64,7212,-47,370,-214,-2352
-1282,782,9978,311,-217,-129,-2352
708,-914,8328,-661,161,-107,-2368
468,-1606,7770,121,-23,-80,-2368
-1920,2000,10336,522,-960,-126,-2384
2402,-5884,8214,-1417,1251,-354,-2384
-2252,516,7778,1088,-667,-50,-2352
-1518,-1346,11986,428,-581,-35,-2368
6512,1640,1190,-2135,1597,-381,-2400
-3870,-4892,15474,1748,-761,-116,-2352
796,-778,8796,-803,150,-4,-2352
3534,2682,4170,-314,426,-99,-2352
-3922,-2872,11206,422,-172,-47,-2368
1858,1030,7104,-304,38,-151,-2400
832,840,8034,-120,445,-255,-2352
-2232,-938,10564,322,-452,-75,-2384
2728,1376,6096,-556,354,-199,-2336
258,226,8502,222,241,-209,-2368
-668,-1918,10038,-230,-116,-88,-2384
1990,178,6230,-96,344,-245,-2352
-1042,-938,9940,398,-113,-134,-2352
738,-854,8312,-405,-17,-86,-2384
1166,-1086,7028,-227,186,-98,-2352
-1822,1588,9880,491,-849,-169,-2368
1960,-4942,9134,-1034,888,-314,-2368
-1222,820,8102,-953,105,42,-2368
1080,-3904,9514,-1941,1806,-353,-2368
-2102,-1018,7420,681,-588,-26,-2352
1342,-2010,9092,547,-210,-105,-2368
1456,602,5156,-1325,1025,-161,-2368
-3422,-3332,10528,1046,-755,9,-2352
3034,938,5616,-517,506,-238,-2384
-58,-42,6714,-79,355,-163,-2368
60,446,7514,352,-434,-104,-2400
2932,-32,6488,-285,496,-246,-2320
-898,972,7914,-82,122,-100,-2352
1448,-1520,7830,79,-98,-144,-2384
1552,-402,7446,-115,439,-216,-2336
-1308,982,9210,108,-200,-112,-2368
1186,-830,7454,-568,108,-80,-2384
666,-1824,7816,37,93,-103,-2352
-1834,2216,9804,325,-876,-180,-2384
1940,-5572,9276,-1094,1020,-338,-2368
-2080,832,7496,968,-600,-46,-2352
-1584,-1076,12206,781,-859,-72,-2352
6528,776,1720,-2229,1869,-404,-2384
-2454,-890,6988,1797,-849,-97,-2368
906,-1130,8776,-548,105,-20,-2368
3528,3048,3688,-770,732,-134,-2336
-4060,-3330,11162,675,-355,-1,-2384
2252,1082,6308,-506,175,-163,-2352
566,560,8438,1,435,-234,-2368
-2160,-1140,10644,355,-481,-81,-2368
2892,1286,6146,-468,380,-211,-2384
20,414,8836,186,194,-183,-2352
-444,-2068,9914,-85,-214,-147,-2352
1984,120,6846,-158,418,-254,-2368
-1276,1188,8772,237,-139,-136,-2368
252,406,8574,-468,0,-75,-2384
904,-908,7088,-183,175,-126,-2384
-1210,1844,9108,435,-813,-147,-2352
1182,-5396,10280,-1036,894,-305,-2368
-1316,254,8660,-838,48,67,-2352
6120,3928,2310,-1634,1355,-447,-2384
-3366,-3140,12344,1315,-582,-101,-2384
678,-1142,9048,-498,26,-74,-2384
2826,1566,4256,-616,635,-174,-2384
-2446,-2600,10298,376,-164,-42,-2368
2532,584,6228,-66,-22,-160,-2368
236,88,7872,-180,499,-223,-2352
-2500,-420,10376,322,-450,-63,-2352
3022,350,6670,-284,280,-188,-2384
-488,738,8202,-4,293,-173,-2400
-1568,-70,9194,-101,-299,-103,-2352
2456,-532,6400,-201,504,-258,-2416
-1356,170,9216,155,34,-147,-2352
632,754,8306,-393,-114,-99,-2352
1402,-1440,7502,-223,283,-95,-2368
-2842,-572,10234,560,-664,-32,-2400
4816,-1670,3848,-1397,743,-313,-2384
-826,-4086,10710,1714,-511,-154,-2352
-1416,-194,8802,-537,-132,12,-2368
5982,4786,2114,-584,284,-416,-2368
-316,-3932,11718,222,343,-236,-2384
-42,222,7198,-729,20,-4,-2384
2762,1976,7232,491,-121,-133,-2352
-2582,-3404,11068,-832,683,-94,-2336
-1034,24,8488,632,-609,-46,-2368
1576,-670,9070,-175,438,-263,-2352
-2006,-478,9824,-214,75,-108,-2352
818,586,7278,129,-204,-163,-2352
1480,-746,8078,-8,401,-255,-2368
-642,234,8164,-551,8,-100,-2400
1588,-1772,7688,268,104,-246,-2352
-264,-560,8330,-48,295,-201,-2384
52,1974,7386,-365,-71,-84,-2368
804,-1802,8000,-25,88,-121,-2368
-1308,-1604,8310,214,-277,-35,-2368
4890,1962,2028,-978,275,-313,-2384
-1584,3294,6028,117,-315,-13,-2368
-558,572,12710,1293,-1069,-163,-2416
3980,-2014,5382,-2221,2004,-327,-2384
-1284,844,5702,1047,-725,-4,-2384
974,-1608,8934,368,-141,-78,-2352
2736,1432,3746,-1187,1057,-143,-2368
-3166,-1664,9552,1064,-811,13,-2368
3242,614,5420,-351,426,-202,-2384
146,352,6986,-208,410,-180,-2352
-614,366,7830,493,-591,-116,-2384
2648,-942,7198,-433,571,-237,-2368
-560,1084,7766,-237,163,-126,-2400
774,-1806,8608,175,-217,-136,-2384
1036,-810,7792,-308,613,-227,-2384
-1446,458,9764,213,-222,-99,-2384
720,-4,8208,-423,18,-108,-2400
204,-1586,7106,-108,155,-127,-2368
-2506,478,10690,530,-870,-131,-2352
3088,-3584,6874,-911,881,-318,-2384
-1074,3246,5998,423,-343,-64,-2352
-150,1132,11676,793,-816,-36,-2368
5936,2422,2358,-2005,1613,-363,-2368
-2582,-2008,9570,998,-573,-70,-2384
850,-2024,9144,288,-134,-97,-2320
2320,1482,4304,-965,835,-159,-2336
-2988,-3186,10434,786,-587,-20,-2352
2970,1160,5554,-422,351,-182,-2352
76,-142,7400,29,258,-142,-2352
-314,332,7808,209,-406,-102,-2336
2744,108,6812,-308,429,-216,-2368
-850,850,8298,-92,124,-108,-2368
1804,-1762,7516,-117,33,-166,-2384
1426,-1084,7654,90,367,-218,-2384
-1458,872,9750,140,-192,-100,-2368
1512,-264,7042,-678,192,-118,-2368
438,-2582,8376,292,-19,-94,-2416
-2318,1720,10426,375,-943,-159,-2384
3030,-4878,7474,-1229,1167,-381,-2384
-686,1808,7060,-1191,181,79,-2368
4648,5272,3606,484,-455,-501,-2384
-3238,-5024,15318,-507,807,-251,-2352
-786,1210,5614,-460,-143,-11,-2352
2076,-70,9214,968,-345,-164,-2352
-1202,-1524,9108,-1072,764,-126,-2352
1480,782,6564,895,-789,-60,-2368
2922,-494,7384,-311,565,-277,-2336
-2042,-334,8724,-251,94,-125,-2416
2422,1212,6024,104,-228,-130,-2352
2368,-858,7348,-26,535,-233,-2368
-816,728,7492,-520,68,-96,-2368
1628,-574,6768,390,-21,-204,-2368
526,-172,7920,-164,372,-183,-2384
-520,1620,7612,-261,-93,-112,-2352
704,-1628,8382,-12,8,-108,-2368
-2050,-596,9630,99,-117,-20,-2336
3120,2616,3968,-918,254,-324,-2368
-980,-4526,11616,1309,-135,-213,-2352
-1040,374,8122,-996,159,49,-2352
1470,2834,9450,800,-701,-291,-2336
448,-4038,10442,-968,1125,-326,-2336
136,826,6384,143,-319,-20,-2384
1378,-1640,9128,804,-316,-129,-2384
1102,376,5842,-1142,852,-124,-2352
-1486,-388,9328,901,-815,-12,-2368
3380,846,5860,-442,622,-242,-2384
-674,-488,7568,-127,171,-107,-2352
584,934,6950,156,-315,-121,-2352
2034,-660,7468,-113,544,-255,-2368
-1052,950,7892,-261,23,-70,-2400
1888,-1190,7442,176,-76,-189,-2352
-56,-822,8556,-68,455,-223,-2352
-1566,1320,9080,-29,-222,-91,-2352
1242,-518,7684,-382,87,-91,-2400
-756,-1876,7874,15,158,-51,-2368
-1960,2298,9684,124,-742,-220,-2384
2010,-5194,9362,-234,709,-298,-2352
-1196,658,8172,-517,-152,40,-2368
5924,976,2992,-2014,1564,-437,-2352
-2162,-882,7478,1503,-706,-68,-2384
484,-1130,9226,-221,-79,-54,-2384
3358,3004,4240,-669,607,-164,-2368
-3924,-3376,12090,587,-350,-22,-2368
1854,1342,6134,-469,126,-157,-2352
456,24,8862,155,312,-198,-2384
-1772,-954,10204,185,-384,-69,-2352
3042,314,6546,-406,354,-202,-2368
-214,222,8868,204,63,-187,-2352
380,-2046,8976,-215,-2,-127,-2336
1568,532,6910,-84,364,-212,-2368
-1024,-486,10052,313,-114,-142,-2352
606,666,8064,-679,196,-94,-2352
346,-1018,7386,69,34,-79,-2352
-1046,2530,9332,475,-849,-103,-2368
4604,-1542,3598,-1450,1173,-351,-2368
-1770,2098,6614,1519,-764,-111,-2384
-1398,-808,13182,285,-528,-20,-2384
6020,5094,1642,-1843,1328,-445,-2352
-3698,-3942,13728,1514,-642,-130,-2368
850,-1446,8808,-870,163,-23,-2368
2680,1742,7144,-117,274,-185,-2384
-2750,-2746,11328,171,-9,-37,-2384
2612,956,6384,-34,-176,-126,-2368
220,412,8200,-113,443,-233,-2368
-2526,-752,10694,274,-415,-87,-2368
3196,670,6308,-404,288,-162,-2352
-226,816,8348,182,259,-200,-2352
-1268,-408,8818,-214,-144,-63,-2336
2360,328,5994,-177,401,-239,-2336
-1370,-432,9858,271,110,-190,-2384
-534,1632,7850,-491,-83,-76,-2384
1262,-986,7696,-90,99,-125,-2368
-2550,-854,10550,440,-452,-36,-2368
3744,2404,2964,-1186,567,-307,-2352
-680,2974,6370,-359,-92,-16,-2384
2624,3772,6998,1210,-1019,-217,-2368
-832,-3980,12192,210,322,-260,-2368
280,-218,7256,-721,23,6,-2368
2554,2242,6872,492,-110,-141,-2400
370,-410,7088,-764,593,-112,-2416
-524,234,8662,582,-551,-73,-2384
1276,-488,9086,-211,433,-252,-2384
-1590,-480,9800,-74,-5,-99,-2336
1262,588,6866,-8,-57,-135,-2368
1422,-382,7678,40,400,-186,-2352
-1024,264,9030,-301,-111,-92,-2384
1670,-1110,7236,26,273,-242,-2384
-470,-432,8332,35,237,-185,-2368
-6,1882,7958,-292,-121,-55,-2368
1062,-1460,7864,-214,153,-122,-2384
-1344,-1324,8270,253,-200,-18,-2352
4778,2216,2362,-757,27,-324,-2400
-1638,-2794,10412,1393,-140,-218,-2400
-538,2912,6568,-1074,128,60,-2368
3176,4550,6584,975,-874,-378,-2352
-1668,-4738,13642,-1340,1386,-299,-2352
-1510,406,5496,192,-429,43,-2336
1772,-748,9196,847,-298,-128,-2400
-138,-1190,7968,-1486,1132,-141,-2352
-3478,-2146,10120,1237,-1019,-9,-2352
3124,-292,7066,-353,586,-294,-2352
-1054,40,7554,-328,322,-128,-2368
-1028,-210,8686,525,-535,-103,-2384
2870,-830,6750,-300,698,-251,-2384
-948,1218,7100,-407,105,-92,-2384
1592,-844,7014,378,-183,-174,-2400
1144,-192,7516,-290,594,-227,-2368
-916,1416,7830,1,-177,-102,-2368
676,-1146,8348,-202,-27,-101,-2352
118,-1110,7256,-51,130,-30,-2384
1430,2764,5840,-112,-505,-312,-2400
-268,-5642,12068,482,282,-296,-2368
-1008,3454,5790,-561,-79,6,-2384
374,1596,11138,1105,-976,-28,-2352
2298,-2894,7660,-1781,1681,-357,-2352
-596,826,6220,595,-524,-10,-2384
1078,-1590,8872,468,-137,-94,-2336
2076,868,4538,-1180,945,-158,-2336
-2346,-1152,9474,1057,-829,-23,-2400
3336,924,5482,-427,541,-216,-2352
-92,40,6800,-145,263,-122,-2384
-66,758,7352,321,-453,-112,-2368
2306,-1100,7288,-285,575,-238,-2368
-694,998,7544,-285,142,-118,-2368
1548,-1524,7696,148,-108,-170,-2352
184,-864,8414,-74,483,-222,-2352
-1508,1052,9406,78,-203,-114,-2368
1092,176,7762,-355,10,-86,-2368
-564,-2208,8064,18,113,-84,-2368
-2414,1864,10108,296,-898,-185,-2352
2960,-4736,7634,-658,847,-344,-2384
-1054,3368,5760,381,-341,-52,-2336
-1668,-1264,11250,877,-883,-42,-2352
6428,2256,1934,-2207,1726,-435,-2352
-2856,-1926,8794,1513,-683,-69,-2352
1030,-2022,9008,-200,-73,-53,-2352
3442,3028,4964,-700,686,-177,-2400
-3754,-4070,11972,923,-501,-2,-2336
3186,930,5648,-584,183,-120,-2352
742,250,9220,154,327,-228,-2352
-2210,-1084,10648,149,-381,-66,-2336
3220,392,6192,-502,436,-204,-2336
274,-198,8990,231,162,-191,-2384
-30,-1564,8868,-293,-17,-116,-2384
1552,368,6976,6,337,-224,-2352
-1300,776,9930,296,-112,-143,-2336
508,1346,7670,-667,115,-77,-2336
502,-1420,7728,170,-86,-104,-2352
-1676,1822,10064,490,-816,-91,-2352
5294,-478,2470,-1551,1178,-375,-2368
-2136,806,7712,1575,-754,-138,-2336
-1492,-902,12142,9,-429,0,-2336
5508,5486,2726,-1446,1056,-310,-2384
-3818,-4654,14852,1615,-683,-120,-2368
848,-816,8778,-880,123,-22,-2384
3478,2310,4054,-81,334,-160,-2384
-2290,-2856,11056,226,-30,-38,-2368
2072,886,6880,-174,-119,-118,-2368
742,980,7742,-130,456,-246,-2384
-2744,-1046,10882,178,-336,-75,-2384
2924,1262,6114,-525,347,-172,-2352
196,226,8382,235,276,-218,-2368
-632,-1866,9786,-219,-173,-67,-2336
2254,170,6278,11,259,-232,-2384
-1196,-704,10054,238,107,-202,-2352
142,974,8422,-458,-136,-65,-2384
1258,-1082,7936,-66,69,-102,-2368
-2236,-1676,10040,290,-341,-63,-2336
4644,-140,3020,-1456,903,-321,-2384
-1610,782,7486,1504,-589,-155,-2384
-1518,-788,11890,-280,-242,29,-2400
5114,4854,3108,-1071,657,-353,-2368
-3014,-4048,13618,810,-81,-201,-2352
486,-1190,8872,-788,58,-6,-2352
2348,966,7826,263,55,-160,-2352
-1682,-2286,10302,-361,358,-88,-2336
1648,920,6936,222,-372,-94,-2368
2228,-388,8356,-166,410,-259,-2352
-1946,-430,9708,-65,-46,-107,-2352
2238,658,6754,-51,-46,-153,-2368
280,264,8394,115,400,-242,-2400
-1264,602,8520,-317,-146,-98,-2400
1886,-538,6944,110,171,-256,-2352
-972,-230,9284,110,174,-177,-2352
-498,1820,7768,-369,-152,-85,-2368
1046,-1930,8172,-126,109,-114,-2368
-2324,-982,9580,143,-158,-9,-2352
2964,3240,4138,-1023,304,-312,-2320
-1154,-5546,12840,1663,-296,-197,-2352
-994,910,7564,-1149,122,90,-2368
910,2660,11100,1018,-921,-137,-2352
1220,-4248,9578,-833,1102,-312,-2336
-176,1578,6152,-391,-222,1,-2368
2502,1296,8506,1014,-404,-127,-2352
1818,82,4396,-1385,1067,-104,-2352
-2272,-246,9052,1036,-951,-8,-2368
2740,-486,7910,-298,634,-271,-2336
-76,-108,6150,-365,304,-80,-2352
164,902,6934,390,-459,-114,-2352
2324,-972,7552,-40,581,-220,-2384
-1246,244,8192,-430,90,-95,-2336
1210,-1640,8178,437,-136,-181,-2368
444,-752,8126,-276,526,-245,-2384
-728,1834,7570,-196,-148,-95,-2352
630,-888,8422,-162,-19,-99,-2368
-408,-1394,7466,-157,153,-28,-2368
3014,2310,3990,-241,-320,-264,-2336
1262,-5106,10034,487,257,-263,-2416
-786,2956,6274,-581,-58,33,-2352
2698,3122,7892,975,-866,-239,-2368
-562,-3596,11362,-1424,1453,-333,-2368
-1672,42,6736,329,-417,-6,-2368
1970,-1034,8452,476,-144,-109,-2352
204,-474,7330,-1101,895,-147,-2384
-3170,-2358,9560,843,-665,1,-2368
3412,502,6104,-375,571,-224,-2368
-1142,-216,7894,-52,242,-116,-2352
-1056,-66,8470,279,-431,-109,-2352
2892,-214,6890,-226,484,-238,-2368
-1122,662,7952,-161,53,-107,-2336
686,-1230,8330,45,-87,-187,-2352
1262,-960,7842,-85,479,-237,-2352
-1574,1296,9052,8,-189,-71,-2352
1476,-560,7288,-499,123,-79,-2368
428,-2116,7684,19,107,-100,-2368
-1086,2834,8594,378,-918,-118,-2384
1448,-5868,10576,270,516,-308,-2384
-866,3070,6436,-291,-159,-6,-2368
2276,3904,8202,1207,-1070,-56,-2368
5356,-362,3946,-2001,1859,-446,-2368
-1976,-206,6316,793,-598,-24,-2400
1540,-1398,8854,350,-221,-98,-2384
3294,2794,3736,-1324,1087,-188,-2384
-3452,-3038,10690,1280,-879,-7,-2352
3064,302,6382,-643,536,-202,-2368
382,364,7836,10,274,-175,-2352
-1486,-640,9708,494,-542,-93,-2384
3008,-492,6594,-488,598,-231,-2352
-708,1472,7114,-25,44,-136,-2368
538,-2452,9126,79,-84,-167,-2368
1080,302,7314,-291,482,-210,-2336
-872,1656,8290,238,-201,-123,-2384
850,20,8128,-558,169,-94,-2352
-96,-1256,7528,61,34,-34,-2368
954,3102,6690,317,-867,-226,-2336
3722,-3888,5990,-671,879,-322,-2384
-1450,3562,5832,170,-388,-20,-2384
-420,700,12894,1260,-1069,-46,-2352
3560,-2206,5844,-2436,2013,-389,-2368
-3346,-2722,10376,1536,-849,-59,-2368
1094,-1808,8902,-274,35,-66,-2352
2682,1394,3608,-914,866,-163,-2384
-3418,-3304,11120,981,-640,-12,-2320
3252,822,5480,-398,289,-171,-2368
138,284,6742,-163,387,-205,-2336
-2344,-908,10772,475,-561,-97,-2384
3218,-24,6466,-526,517,-203,-2352
-524,1430,7554,-40,223,-158,-2368
1018,-1930,8302,71,-229,-132,-2368
2276,-350,6656,-296,606,-238,-2368
-1588,622,9710,339,-151,-104,-2384
900,-100,7998,-511,9,-68,-2352
1142,-1610,7638,-38,169,-131,-2368
-2386,684,10430,620,-855,-91,-2368
2846,-3876,7434,-1359,975,-340,-2384
-1668,-572,8564,1164,-497,-87,-2384
-1448,-1336,10818,328,-583,-21,-2352
5894,2248,2252,-1758,1288,-453,-2384
-2404,-1880,8918,1327,-489,-125,-2384
376,-714,8514,-509,54,-7,-2384
2998,2696,5524,-171,361,-171,-2336
-2960,-3272,10408,659,-382,-22,-2384
2990,1198,5364,-369,258,-173,-2352
132,-184,7028,19,321,-195,-2352
-1454,-672,9440,184,-359,-63,-2368
2660,228,6528,-319,375,-204,-2368
-814,960,8156,17,174,-154,-2352
104,-622,8266,-200,16,-153,-2384
1334,-692,7460,99,332,-197,-2368
-1386,860,9858,169,-156,-122,-2400
750,1824,7326,-671,154,-92,-2384
520,-2484,8156,298,-19,-107,-2352
-2300,1836,10594,434,-868,-89,-2384
2818,-5060,7762,-1467,1225,-394,-2352
-2448,-114,8238,1477,-754,-105,-2368
-1310,-1842,11030,155,-467,2,-2368
6628,2716,1142,-1582,1129,-280,-2352
-3488,-4982,15524,1541,-581,-149,-2352
928,-306,8174,-951,184,-6,-2368
3150,3008,5002,194,136,-196,-2368
-1466,-1834,9710,-161,173,-41,-2384
1658,934,6648,-6,-216,-133,-2384
760,198,8606,-80,428,-258,-2384
-2282,-1168,10744,53,-275,-55,-2368
2644,1416,5992,-365,235,-199,-2336
300,-66,8600,163,295,-194,-2384
-444,-1812,9412,-410,-56,-58,-2384
1790,-388,6720,121,236,-238,-2352
-660,-674,9306,107,142,-148,-2368
288,808,8030,-505,33,-74,-2352
870,-1052,7390,15,69,-85,-2384
-1560,1860,9774,434,-702,-105,-2352
4506,-690,3254,-1375,987,-314,-2368
-1728,1224,7294,1317,-611,-85,-2400
-1412,-936,12038,-63,-378,-10,-2384
5246,4954,2654,-1395,989,-401,-2384
-3196,-4166,13722,1381,-472,-122,-2384
620,-712,8920,-792,108,-28,-2352
3084,2422,4430,-54,298,-179,-2384
-1676,-2326,10056,-18,60,-34,-2368
1962,758,6658,5,-167,-150,-2368
232,-38,8522,-224,456,-246,-2384
-2140,-210,9744,126,-270,-75,-2352
2540,560,6834,-274,223,-173,-2352
16,576,8304,20,324,-173,-2368
-1402,276,8718,-182,-227,-96,-2384
2336,-690,6410,-56,393,-268,-2384
-1150,-362,8936,217,78,-135,-2320
482,1320,8390,-382,-121,-74,-2352
1252,-1356,7658,-201,223,-134,-2336
-2342,-1134,9478,394,-422,-10,-2368
4978,48,3002,-1194,498,-287,-2384
-346,-5254,11674,1622,-346,-189,-2320
-1134,944,7832,-860,-1,54,-2400
5082,5068,3188,275,-328,-370,-2368
1892,-3468,8592,-563,815,-263,-2352
-610,1158,6180,-392,-173,9,-2352
2374,890,8206,379,-60,-208,-2352
-1404,-2532,9276,-678,587,-47,-2368
1670,1366,6278,332,-466,-81,-2336
2570,-746,7606,-125,425,-266,-2384
-2060,-6,8990,-213,-17,-103,-2384
2540,1020,6070,137,-159,-129,-2368
84,162,8870,99,401,-225,-2368
-604,640,7352,-514,59,-93,-2368
1624,-510,6752,440,51,-221,-2384
-998,-486,9900,-50,269,-188,-2352
-296,2088,6936,-497,-12,-102,-2368
528,-1740,8384,139,-9,-107,-2336
-2236,-950,9978,121,-237,-12,-2368
3538,2824,3254,-1144,493,-315,-2384
-1446,-4674,12098,1823,-479,-190,-2320
-950,356,8088,-1023,151,13,-2368
1770,3076,9386,685,-637,-420,-2352
102,-3964,10998,-350,626,-272,-2368
224,878,6402,-584,-40,-16,-2368
2564,1582,7512,659,-211,-162,-2368
1008,-386,5842,-994,803,-97,-2384
-1250,-208,8584,686,-667,-27,-2416
2032,-230,8182,-297,578,-282,-2400
-2386,-626,10454,-147,28,-95,-2368
970,1066,6488,59,-162,-139,-2368
1910,-990,7528,80,509,-257,-2352
-1410,-60,8814,-369,-10,-53,-2384
1670,-820,7190,175,34,-214,-2368
-174,-1204,8748,-3,416,-230,-2368
-592,1696,7880,-195,-170,-90,-2352
1120,-490,7734,-257,67,-124,-2352
-684,-2250,7978,94,62,-53,-2352
3086,2820,3496,-369,-317,-249,-2368
1458,-5462,10390,627,244,-271,-2352
-758,3098,6374,-732,26,4,-2352
1924,3326,8506,1066,-928,-146,-2352
94,-3528,10988,-1445,1400,-346,-2384
-1620,-102,6460,340,-358,-37,-2368
1422,-1576,8796,670,-252,-90,-2368
892,132,6314,-1256,962,-155,-2320
-3302,-2904,10314,1052,-812,11,-2384
3200,574,5832,-576,584,-202,-2368
-602,122,7144,43,175,-118,-2368
-1060,-276,8852,292,-401,-103,-2384
2842,-54,6708,-276,538,-250,-2384
-840,936,7878,-139,43,-105,-2352
1422,-1512,7710,25,-11,-152,-2368
908,-272,7664,-113,429,-236,-2368
-1056,1282,8788,132,-185,-101,-2384
992,-1490,8052,-532,217,-87,-2352
38,-1546,7624,127,22,-58,-2384
-780,3028,9050,353,-921,-237,-2368
760,-6368,11708,-618,873,-303,-2368
-2018,2684,6252,355,-486,-34,-2352
-1198,-748,13474,1217,-1107,-68,-2352
5540,-514,2758,-2557,2173,-385,-2352
-1830,70,5630,1584,-881,-27,-2384
876,-1562,8776,-231,31,-79,-2368
3398,2488,3024,-1130,956,-205,-2336
-3696,-2700,10348,1139,-695,-22,-2384
3118,1072,5422,-640,410,-178,-2384
596,540,7278,-15,382,-217,-2384
-1500,-318,9384,458,-583,-81,-2400
3016,1192,6462,-586,537,-210,-2352
-282,878,8412,61,179,-153,-2384
122,-2110,9484,32,-177,-124,-2384
1410,-338,7360,-264,539,-195,-2384
-1216,-22,9900,284,-137,-114,-2400
494,54,8522,-424,3,-72,-2368
312,-1020,7256,-90,106,-113,-2352
-2428,144,10708,520,-861,-126,-2352
3484,-3154,5832,-1218,955,-345,-2400
-1206,2976,5932,916,-518,-99,-2368
-1446,-624,10064,393,-640,-25,-2352
6066,3054,1968,-1841,1426,-397,-2384
-2896,-2638,10178,1351,-595,-77,-2352
758,-1464,9198,-602,32,-21,-2400
2878,2504,6204,-384,518,-145,-2368
-2916,-3788,11014,577,-276,-18,-2368
3042,1154,5578,-211,-23,-159,-2352
852,142,9356,14,353,-220,-2352
-2108,-800,10614,189,-334,-83,-2368
2968,188,6680,-442,340,-191,-2368
846,-350,8332,140,270,-204,-2352
-724,-648,9260,-231,-127,-92,-2384
1874,-584,7046,-57,451,-237,-2384
-1462,578,9738,241,6,-150,-2368
58,1724,8236,-427,-101,-87,-2368
962,-2060,8150,-69,120,-112,-2352
-2550,960,10304,497,-653,-56,-2352
5072,1342,2306,-1386,787,-325,-2368
-1620,-1748,9148,1624,-541,-146,-2368
-1580,-1080,10308,-444,-172,39,-2368
3906,5172,5230,-553,259,-234,-2320
-2258,-4602,13960,424,149,-260,-2384
386,-228,8444,-751,24,16,-2368
3258,2610,5864,306,21,-161,-2368
-408,-1964,8328,-374,423,-94,-2352
530,1298,7018,184,-394,-50,-2352
1092,152,9406,102,320,-260,-2384
-2324,-1300,10772,-247,-9,-102,-2336
1876,1144,6430,-160,15,-140,-2368
664,-420,8914,182,336,-233,-2352
-342,-1402,8866,-370,12,-109,-2352
1760,566,6720,154,244,-226,-2336
-1246,476,10108,361,-191,-146,-2368
530,-808,8366,-620,137,-60,-2384
626,-1506,7780,56,-21,-82,-2352
-1904,1274,10242,460,-855,-121,-2368
2420,-5002,7992,-1244,1081,-329,-2368
-2010,-10,8132,1111,-650,-72,-2352
-1596,-1012,11512,488,-669,-32,-2384
6430,1712,1656,-2366,1963,-382,-2336
-2672,-1564,8306,1590,-884,-38,-2336
1508,-1904,8906,-11,-15,-70,-2368
3416,2596,4642,-950,867,-153,-2384
-3740,-2758,10736,1000,-655,-2,-2320
3556,348,5532,-411,267,-191,-2400
936,644,8036,-274,529,-217,-2352
-2234,-962,10340,505,-599,-85,-2384
3404,-256,6356,-546,579,-207,-2384
-794,1134,7408,26,233,-182,-2368
-942,-1470,9874,190,-312,-121,-2336
2310,-34,6450,-364,579,-239,-2336
-1592,910,9190,376,-158,-142,-2320
-46,1134,8552,-463,-80,-75,-2384
1410,-1152,6954,-206,204,-107,-2336
-2384,1060,10302,628,-744,-85,-2368
4622,728,2732,-1467,957,-333,-2352
-1580,-8,7988,1385,-551,-123,-2352
-1668,-932,11366,84,-495,-3,-2320
6140,1314,2472,-1314,880,-399,-2368
-2766,-4150,13928,1226,-373,-158,-2368
418,-878,8860,-715,46,-14,-2368
3270,2884,4776,-141,315,-185,-2368
-1544,-1922,10084,10,148,-65,-2352
1388,754,6930,-44,-159,-107,-2352
520,234,8688,-86,389,-246,-2368
-1590,-820,9598,45,-200,-84,-2368
2260,658,6934,-144,113,-154,-2352
282,62,8442,79,194,-162,-2352
-138,-1080,8856,-176,-138,-117,-2368
1688,-302,7126,-4,364,-222,-2368
-816,-342,9262,176,-35,-137,-2384
598,1106,7730,-623,48,-84,-2352
698,-1590,7508,114,88,-116,-2384
-2154,2088,10286,427,-757,-51,-2368
5392,58,2270,-1610,1202,-356,-2368
-2202,510,7576,1851,-771,-121,-2352
-1600,-1204,11800,-225,-373,14,-2384
6090,5372,2376,-1391,1029,-542,-2384
-4250,-4700,15446,1277,-392,-148,-2400
850,-814,8762,-1016,159,-25,-2368
2526,1486,8498,301,84,-210,-2352
-2318,-2468,10816,-277,262,-45,-2352
2140,944,6538,258,-401,-90,-2336
446,394,8612,-108,464,-269,-2336
-2592,-512,10208,70,-286,-59,-2368
2852,968,6292,-177,57,-155,-2384
72,508,8578,184,317,-228,-2352
-1376,208,8406,-358,-122,-56,-2336
2426,-50,5988,33,247,-247,-2368
-1032,-532,9500,76,260,-196,-2352
-766,1646,7908,-462,-111,-87,-2384
1128,-1092,7884,-97,116,-99,-2352
-2366,-1010,10050,213,-293,-38,-2368
2880,2556,4090,-957,338,-286,-2352
-662,-4476,11230,1536,-375,-200,-2384
-1184,390,8404,-678,-39,38,-2384
5802,4132,2532,-189,24,-235,-2352
-418,-3536,11160,-120,522,-242,-2368
152,388,7034,-561,-32,12,-2368
2594,1672,7136,455,-36,-150,-2368
446,-280,6790,-815,624,-76,-2352
-820,-290,8998,685,-614,-32,-2352
1574,-512,8618,-304,543,-228,-2384
-2048,-102,9830,-58,-65,-105,-2336
908,700,7360,82,-161,-149,-2400
1672,-678,7736,-14,506,-241,-2384
-1250,286,8828,-299,-166,-60,-2384
2026,-1188,7030,7,222,-252,-2352
-436,-406,8344,41,329,-178,-2368
-184,1818,7956,-252,-176,-67,-2336
1394,-954,7480,-392,211,-121,-2352
-1476,-1730,8280,308,-140,-17,-2384
4374,2504,2656,-580,-189,-263,-2336
-1164,-3778,10704,1072,110,-257,-2368
-962,2962,6610,-835,1,53,-2368
2752,4120,7764,959,-854,-200,-2384
-780,-4146,12230,-1419,1494,-345,-2384
-1938,22,6098,364,-476,0,-2368
1858,-1058,8818,746,-234,-143,-2368
506,-924,6858,-1457,1143,-138,-2352
-3640,-2624,10422,1276,-980,-1,-2384
3136,-120,6662,-462,603,-250,-2352
-812,382,7092,-276,326,-154,-2368
-1448,-654,9422,582,-617,-89,-2384
2998,-670,6666,-341,647,-224,-2352
-652,1498,6874,-376,90,-128,-2352
1182,-1346,7658,326,-112,-173,-2368
1154,294,7340,-329,510,-218,-2400
-762,1508,7822,-35,-143,-140,-2336
458,-1674,8472,-252,49,-117,-2384
38,-1124,7416,-18,52,-16,-2384
1592,3090,5820,-105,-483,-279,-2368
-584,-6090,12726,503,319,-244,-2368
-1000,3862,5728,-590,-86,14,-2384
-142,1452,12398,1355,-1121,49,-2384
2772,-2890,7030,-2100,1865,-355,-2352
-680,990,5726,764,-596,14,-2352
1000,-1844,9020,433,-151,-97,-2368
2324,936,4138,-1213,1028,-140,-2368
-2778,-1120,9698,980,-772,2,-2352
3310,780,5426,-310,453,-223,-2352
86,-194,6856,-233,355,-122,-2384
-26,778,6996,172,-380,-117,-2368
2380,-836,7376,-109,544,-273,-2320
-1356,468,8354,-422,107,-93,-2352
1238,-1706,7966,197,-40,-206,-2352
494,-888,8254,-106,501,-231,-2368
-964,1796,8030,-19,-242,-87,-2336
1064,-50,7926,-340,59,-111,-2352
-174,-1990,7442,46,86,-70,-2352
1844,3050,5126,-164,-518,-226,-2352
-30,-5218,11814,199,494,-313,-2368
-932,3474,6028,-547,-62,6,-2336
228,1938,11166,1190,-1061,-123,-2384
2488,-3166,7866,-2027,1782,-371,-2352
-2390,-1582,8510,1020,-576,-73,-2336
870,-2102,9182,326,-182,-85,-2368
2140,1614,4400,-1154,916,-190,-2368
-3342,-3488,11032,990,-674,2,-2352
3232,1138,5444,-555,466,-221,-2352
26,-90,6984,62,257,-164,-2368
-1568,-646,9640,193,-420,-73,-2384
2720,248,6816,-338,442,-218,-2384
-706,856,8018,-101,124,-107,-2384
1338,-2064,8156,-100,-7,-150,-2368
1230,-260,7484,-2,380,-244,-2368
-1250,992,9684,228,-230,-116,-2368
1148,-1306,7802,-693,226,-116,-2352
412,-1898,7894,204,-35,-96,-2320
-2174,2048,10684,465,-922,-121,-2336
2360,-5654,8478,-368,820,-290,-2400
-936,4156,5570,64,-395,6,-2352
362,2036,12198,1377,-1114,-122,-2384
1944,-3776,8124,-2595,2192,-357,-2368
-2746,-1946,8044,1493,-929,-29,-2368
1102,-1922,9234,64,-64,-95,-2320
2210,860,4088,-1165,1013,-98,-2352
-3828,-3578,11480,1170,-907,-25,-2352
3632,808,5682,-618,507,-237,-2368
-332,-102,6896,-202,409,-183,-2368
-2064,-956,10580,457,-590,-66,-2384
3184,86,6848,-520,640,-227,-2384
-884,1278,7818,-70,107,-145,-2400
916,-1786,8638,425,-223,-160,-2368
518,-492,7998,-353,537,-226,-2352
-1242,624,9126,77,-181,-100,-2384
610,-1060,8382,-198,-29,-91,-2352
-214,-1018,7372,-141,183,-55,-2368
-1508,1484,9630,162,-670,-226,-2384
1558,-5006,9570,-227,601,-287,-2384
-672,3332,5860,-255,-136,-7,-2384
1636,2464,9298,1081,-952,-112,-2368
5242,354,3388,-1958,1754,-345,-2368
-1926,-514,7322,1067,-723,5,-2368
1424,-1742,9262,138,-47,-105,-2352
3002,2384,4456,-1002,826,-166,-2384
-3274,-2972,10528,819,-596,-31,-2368
3274,792,5834,-483,344,-204,-2400
140,48,8658,-43,333,-154,-2352
-1106,-516,9072,238,-385,-100,-2384
2720,-44,6998,-327,478,-244,-2352
-982,786,7992,-42,161,-128,-2368
258,-1084,8784,40,-185,-166,-2368
1444,-820,7856,-87,492,-237,-2384
-1418,1060,9266,143,-137,-105,-2384
638,1214,8216,-457,-23,-75,-2368
550,-2102,8108,-40,186,-106,-2368
-2170,2334,9928,454,-869,-69,-2336
5244,-122,2816,-1444,1067,-350,-2352
-1892,486,7774,1331,-602,-149,-2352
-1476,-1394,11634,88,-440,24,-2368
6212,1674,2270,-1441,981,-466,-2368
-3264,-4234,14598,1364,-482,-151,-2368
538,-1002,8942,-749,66,-42,-2368
3358,3226,4402,14,155,-150,-2384
-1544,-2664,9568,-29,109,-43,-2352
1776,1350,6264,-64,-222,-85,-2336
604,202,8882,92,333,-245,-2368
-1860,-294,8948,-112,-125,-101,-2352
2508,1310,5908,-235,133,-147,-2352
98,108,8884,283,243,-197,-2352
-48,-1880,9500,-504,47,-130,-2368
1672,-376,6668,191,196,-236,-2336
-976,-624,9826,171,61,-149,-2336
514,780,8072,-641,79,-82,-2384
690,-1828,8288,151,3,-90,-2384
-2302,-788,9904,282,-470,-32,-2368
4790,-1122,3366,-1387,886,-321,-2400
-1288,-4546,11714,1865,-642,-163,-2352
-912,418,8238,-654,-80,53,-2352
5674,5062,2380,-566,304,-456,-2416
-3518,-3974,13592,343,203,-200,-2368
316,628,6536,-768,6,25,-2368
2558,1540,7464,498,-91,-181,-2352
-2450,-2872,10822,-588,499,-71,-2352
-1070,-114,8738,512,-573,-52,-2368
1796,-164,8560,-213,513,-283,-2336
-2412,-632,10632,-63,-105,-75,-2336
1082,1128,6520,-40,-58,-154,-2384
1814,-924,7798,137,393,-223,-2352
-1360,-70,8948,-380,-18,-60,-2336
1714,-894,7084,108,138,-228,-2352
-300,-1118,9002,69,331,-207,-2352
-532,1558,7872,-321,-147,-71,-2352
1244,-754,7654,-202,82,-123,-2384
-956,-2108,8114,185,-67,-47,-2368
3614,2818,3076,-782,46,-285,-2336
-840,-3912,10948,1182,-38,-242,-2384
-694,3210,6206,-942,146,49,-2352
1894,3586,8438,950,-883,-331,-2368
64,-4014,11324,-1266,1318,-333,-2368
-76,276,7094,-199,-180,30,-2384
1358,-1508,8864,820,-330,-127,-2368
1024,90,6048,-1345,978,-133,-2368
-1054,-148,8762,1175,-865,-13,-2352
3156,380,6004,-520,564,-234,-2384
-502,438,6866,-127,201,-151,-2368
818,302,7312,357,-369,-149,-2368
2890,-236,6590,-217,558,-203,-2352
-716,1212,7552,-267,1,-115,-2384
1448,-1718,7744,152,61,-179,-2352
-252,-406,8044,-109,366,-196,-2336
-1072,1324,8876,-10,-217,-103,-2368
908,-1336,8020,-485,203,-103,-2352
-1216,-1302,7978,184,-6,-46,-2352
-246,3258,8316,-215,-518,-261,-2352
468,-6340,12070,232,503,-290,-2368
-554,3130,6350,-612,-141,10,-2368
-1076,-310,13448,1418,-1239,57,-2352
4920,-1090,3642,-2350,2083,-357,-2352
-1546,292,5602,1242,-819,-12,-2368
1834,-826,8942,298,-146,-69,-2368
3234,1820,3060,-1388,1134,-144,-2368
-3654,-2186,9854,1293,-941,12,-2352
3508,-112,6704,-537,527,-235,-2384
526,660,6600,-206,483,-181,-2368
-1094,-232,8502,604,-625,-87,-2336
2922,-866,6930,-537,635,-224,-2384
-462,1304,7946,-208,214,-120,-2352
180,-2408,9448,353,-225,-140,-2384
1262,-202,7396,-380,590,-238,-2400
-1356,232,9872,288,-197,-116,-2384
458,-14,8406,-414,25,-94,-2352
276,-1166,7232,-64,101,-96,-2384
1004,2950,6298,404,-822,-196,-2368
3046,-3698,6806,-694,774,-332,-2336
-1062,3284,5930,208,-312,-53,-2368
192,1306,11582,847,-899,-114,-2352
6068,2298,2106,-2093,1810,-342,-2384
-2760,-2154,9328,1259,-707,-46,-2352
984,-1568,9004,-4,-53,-90,-2384
2336,992,4230,-867,775,-186,-2368
-3284,-3524,10928,949,-655,-7,-2336
3262,1026,5478,-466,322,-172,-2352
200,260,6512,10,373,-190,-2384
-1766,-828,10276,306,-456,-68,-2336
3030,108,6558,-467,484,-213,-2368
-860,1140,7774,6,183,-148,-2368
-466,-800,9176,-82,-149,-138,-2352
1748,-904,7240,-83,503,-244,-2384
-1384,938,9428,194,-102,-115,-2368
1066,186,7428,-433,60,-104,-2336
-620,-1812,7818,122,20,-79,-2384
-2220,1976,10012,195,-857,-205,-2384
2860,-5036,7790,-833,964,-339,-2368
-1084,3410,5770,335,-358,-54,-2368
-1576,-1306,11140,889,-906,-25,-2352
6360,2160,1962,-2274,1863,-381,-2352
-2764,-2068,8478,1566,-769,-53,-2384
1160,-1668,8788,-349,-47,-22,-2368
3412,3040,4600,-754,693,-188,-2368
-3960,-3786,12022,848,-476,-29,-2384
3432,558,5556,-640,331,-149,-2352
844,486,8670,59,369,-220,-2384
-2304,-1320,10656,299,-431,-69,-2368
3240,246,6048,-638,545,-208,-2368
70,-180,8998,275,121,-159,-2352
-118,-1940,9238,-166,-70,-128,-2352
1838,488,6730,-2,338,-216,-2368
-1302,1018,9546,301,-132,-122,-2368
394,1004,8016,-607,77,-74,-2368
612,-1196,7384,55,35,-91,-2352
-908,2116,9054,435,-810,-141,-2352
4708,-1634,3368,-1366,1094,-333,-2368
-1702,1892,6500,1148,-617,-82,-2368
-1252,-542,12302,228,-526,-8,-2352
6004,4768,1974,-1801,1354,-328,-2352
-3728,-3840,13202,1575,-685,-100,-2352
888,-1182,8862,-659,61,-56,-2320
3280,1872,3808,-852,834,-161,-2368
-3502,-1994,9448,886,-595,9,-2336
2442,748,6518,-339,217,-202,-2352
476,778,7286,-301,530,-218,-2352
-1402,-456,8968,512,-542,-76,-2368
3050,-748,6844,-554,574,-179,-2400
-28,708,7962,-24,229,-167,-2368
-272,-1772,9564,219,-322,-75,-2352
1824,-554,7254,-378,578,-248,-2352
-1302,-332,9634,364,-148,-134,-2368
326,528,8542,-408,-86,-76,-2368
1120,-1296,6770,-254,224,-108,-2352
-2504,-1310,10402,613,-748,-88,-2384
4308,-1074,3994,-1393,940,-310,-2352
-1480,1708,6734,1330,-505,-153,-2336
-1572,106,8986,-115,-396,26,-2384
5804,4384,2444,-1272,852,-438,-2384
-3022,-3414,12422,1160,-301,-160,-2352
330,-1628,9464,-735,24,16,-2336
2618,2028,7174,57,182,-153,-2368
-2286,-2900,10704,-44,196,-52,-2336
2172,1152,6098,130,-324,-89,-2352
1810,-530,8710,-92,409,-242,-2352
-2100,-364,9964,-33,-122,-95,-2336
2624,536,6640,-91,43,-165,-2368
1812,-722,7758,58,381,-232,-2352
-1134,356,8650,-283,-151,-97,-2352
1964,-620,6882,87,247,-232,-2352
-1072,128,9486,156,-50,-143,-2368
748,374,7864,-564,41,-97,-2336
960,-1792,8010,4,110,-103,-2352
-2810,-198,10450,448,-764,-61,-2384
4692,-2156,3954,-1558,1071,-341,-2400
-1466,-3776,11112,1855,-691,-144,-2352
-1486,-450,8908,-424,-238,18,-2352
6700,4522,1256,-980,631,-366,-2384
-3888,-3678,12884,1091,-266,-161,-2352
342,592,7348,-924,98,14,-2352
2970,2396,6896,284,67,-149,-2336
-3008,-2964,11294,-285,319,-44,-2368
-602,106,8718,311,-437,-61,-2352
1750,-202,8470,-179,501,-273,-2352
-2736,-694,10848,93,-239,-81,-2352
3320,792,6248,-137,5,-174,-2368
1640,-960,7976,156,362,-233,-2336
-1254,-204,9028,-378,-129,-101,-2352
2534,94,5938,84,220,-233,-2384
-114,-1016,8626,97,229,-181,-2352
-422,1510,7962,-460,-89,-67,-2368
1234,-1264,7588,-68,96,-128,-2368
-1154,-1836,8166,185,-226,-8,-2352
4202,2222,2526,-1093,442,-317,-2384
-1322,-2934,10216,1627,-372,-219,-2368
-1270,-472,9396,-876,106,36,-2368
3528,4034,6280,98,-227,-120,-2368
-1930,-3954,13390,-410,735,-280,-2352
526,-44,7552,-818,74,-5,-2336
2788,2422,6466,413,7,-168,-2368
-174,-914,7686,-654,536,-93,-2384
84,426,8028,492,-441,-73,-2384
846,-278,9326,-125,358,-244,-2352
-1804,-600,10088,-77,-65,-81,-2368
1528,728,6848,-45,-16,-146,-2368
1002,-346,8266,100,326,-228,-2352
-784,-56,9032,-338,-160,-88,-2352
2180,-1044,6720,-49,318,-258,-2384
-784,-494,8572,103,234,-188,-2368
-14,1862,8148,-355,-177,-79,-2368
1236,-1018,7346,-344,237,-142,-2384
-1780,-1592,8474,372,-340,-5,-2352
5090,1458,2268,-938,183,-301,-2400
-1432,-2058,9282,1533,-231,-199,-2368
-862,2240,6988,-851,19,64,-2368
3860,5164,5490,576,-636,-157,-2352
-2108,-4482,13926,-888,1092,-361,-2384
-1448,654,5668,-245,-240,0,-2384
2132,-550,8808,869,-259,-139,-2384
-344,-1622,8208,-1370,1060,-135,-2368
82,1086,7930,1086,-958,8,-2368
2972,-146,7192,-305,547,-278,-2336
-1254,66,7764,-312,257,-131,-2384
1726,1360,6392,384,-475,-107,-2384
2864,-892,6980,-155,611,-256,-2336
-752,1216,7166,-568,88,-99,-2336
1344,-970,7186,343,36,-218,-2352
-610,-586,9080,-65,266,-167,-2352
100,1434,8006,-419,-82,-108,-2368
594,-1642,8290,56,8,-97,-2368
-1672,-1322,9052,219,-247,-25,-2384
5196,258,2376,-1096,450,-313,-2352
-882,-5518,12616,1756,-448,-179,-2352
-612,1240,7116,-1046,175,57,-2368
4690,5478,3356,329,-435,-138,-2368
1866,-3338,8382,-785,980,-286,-2352
-286,834,5772,-321,-129,0,-2320
2222,244,8326,823,-277,-138,-2368
-1570,-1442,10030,-1022,753,-144,-2336
-2450,-1052,10154,800,-765,-16,-2368
2932,124,7448,-355,597,-284,-2352
-2226,-478,9794,-53,5,-124,-2352
268,956,7042,75,-288,-109,-2336
2290,-662,7272,-80,555,-254,-2336
-1418,378,8428,-357,19,-79,-2352
1340,-1480,7930,155,29,-199,-2352
268,-832,8290,-76,408,-214,-2352
-776,1830,7768,-67,-249,-78,-2368
1142,-832,7856,-262,45,-120,-2352
-298,-1652,7334,48,84,-25,-2352
2198,3174,4842,-154,-475,-264,-2384
-332,-5122,11928,239,464,-306,-2336
-958,3576,5966,-606,-28,18,-2368
310,2104,11176,1229,-1091,-209,-2368
2202,-3474,8224,-661,975,-254,-2352
-554,984,5928,-284,-164,44,-2352
2186,440,8566,925,-341,-120,-2368
2042,1454,4502,-1314,895,-138,-2352
-2400,-1308,10156,1078,-837,-30,-2384
2630,-482,7550,-506,626,-261,-2384
-1752,146,8686,-99,116,-131,-2368
-218,278,7840,186,-317,-151,-2336
2408,-644,7152,-171,607,-210,-2368
-1134,1000,8132,-340,-62,-88,-2352
1206,-2182,8330,242,38,-210,-2352
280,-136,7630,-170,429,-200,-2368
-266,1988,7668,-13,-243,-101,-2368
982,-1210,7974,-274,141,-105,-2384
-516,-944,7362,46,36,-22,-2384
3058,3618,4128,-321,-455,-260,-2384
-1332,-5566,12984,357,447,-276,-2336
-692,4108,5400,-802,-27,21,-2368
748,2322,11520,1521,-1193,-336,-2352
1228,-3958,9304,-2367,2066,-367,-2352
-2604,-1328,7564,1102,-787,-13,-2352
1304,-1812,9112,358,-144,-106,-2368
1824,418,4464,-1335,1085,-128,-2368
-3702,-3552,10908,1153,-930,-6,-2352
3578,720,5696,-537,593,-226,-2384
-406,-280,6872,-204,379,-166,-2368
356,1082,6930,468,-603,-77,-2368
3138,194,6884,-452,650,-240,-2368
-1042,1102,7770,-191,134,-109,-2352
1288,-1740,8072,282,-227,-147,-2384
1960,-202,7084,-250,531,-222,-2336
-1376,894,9220,213,-198,-121,-2368
856,-724,8294,-359,37,-102,-2352
848,-914,7374,-160,190,-91,-2352
-1716,1566,9752,382,-809,-158,-2352
1758,-5050,9332,-940,880,-339,-2400
-1540,994,7308,687,-421,-62,-2352
-1280,-778,11754,739,-812,-76,-2384
5268,512,3592,-1891,1541,-359,-2352
-1970,-542,7612,1353,-699,-102,-2352
398,-806,9066,-230,-39,-61,-2352
3080,2338,4624,-579,594,-157,-2368
-3238,-2922,10328,590,-376,-25,-2336
1898,870,6664,-302,127,-177,-2384
196,122,8552,-62,354,-185,-2352
-1246,-478,9264,201,-344,-88,-2384
2804,-58,6824,-328,328,-200,-2336
-56,356,8360,8,173,-162,-2368
442,-1196,8624,-114,-173,-141,-2352
1454,-640,7680,-10,449,-260,-2384
-1162,-182,9210,189,-43,-96,-2368
686,1564,8066,-493,-9,-83,-2368
456,-2110,8148,-35,179,-98,-2336
-2332,-948,9408,416,-654,-58,-2352
5318,54,2666,-1463,993,-333,-2352
-2036,254,7994,1731,-618,-146,-2368
-952,1156,7522,-640,-42,65,-2352
4762,5352,3446,-452,148,-226,-2352
-3220,-4476,14880,519,86,-259,-2384
776,-868,8564,-723,33,22,-2368
2424,484,8456,700,-200,-146,-2368
-1306,-2318,8892,-867,703,-78,-2368
1564,1446,6162,630,-611,-41,-2352
2566,-888,7622,-110,454,-283,-2320
-1600,-62,8344,-362,109,-98,-2336
2444,1226,5800,197,-178,-171,-2400
2240,-1154,7390,107,412,-230,-2352
-510,908,7074,-580,105,-112,-2352
1522,-416,6674,376,48,-232,-2352
-1022,-672,9812,-86,315,-181,-2368
-298,2066,7066,-462,-17,-100,-2368
662,-1852,8194,20,45,-106,-2352
-2160,-962,9690,176,-170,-21,-2352
3338,2816,3602,-1053,385,-307,-2352
-1194,-4688,11916,1571,-285,-216,-2336
-932,616,8074,-980,132,41,-2336
1594,2872,9764,655,-616,-66,-2384
432,-3870,10316,-771,923,-318,-2352
86,726,6336,-307,-175,17,-2352
2446,1374,7658,728,-244,-157,-2352
880,34,5966,-1087,832,-109,-2368
-1478,-302,9316,788,-775,-27,-2368
2178,-284,8284,-325,617,-273,-2384
-452,-286,7036,-139,66,-94,-2352
672,1002,6922,135,-243,-147,-2352
2126,-870,7598,17,533,-265,-2336
-780,1006,7478,-370,47,-72,-2352
1688,-1092,7292,149,6,-209,-2352
-252,-1066,8784,-20,400,-237,-2352
-522,1564,7820,-136,-160,-93,-2368
1222,-596,7520,-311,115,-129,-2368
-842,-2016,8088,141,62,-28,-2336
3224,3182,3658,-218,-486,-255,-2352
1654,-5378,10134,517,326,-250,-2352
-804,3272,6230,-529,-119,-2,-2336
1266,3170,9582,1266,-1107,-94,-2368
5680,368,2930,-1988,1829,-321,-2352
-1868,-830,6728,796,-573,4,-2352
1058,-1498,9136,511,-239,-101,-2384
1464,198,5454,-1365,1065,-117,-2368
-3666,-3476,11148,1257,-877,11,-2368
3402,518,5894,-688,534,-185,-2352
-236,240,6540,41,257,-143,-2384
-1448,-746,9514,381,-464,-106,-2368
2858,-6,6546,-426,560,-218,-2400
-642,1392,7402,-60,50,-131,-2368
536,-2298,8858,73,-73,-147,-2352
1144,252,7290,-217,442,-225,-2352
-978,1340,8806,270,-218,-105,-2336
578,-1786,8644,-600,209,-96,-2368
96,-1178,7482,108,-3,-64,-2368
-380,3230,8626,371,-922,-207,-2352
434,-6542,12098,-724,928,-328,-2320
-1936,3052,5986,434,-505,-29,-2368
-1206,-498,13636,1196,-1076,-28,-2368
5102,-1002,3318,-2542,2066,-399,-2352
-4088,-3754,12920,1780,-945,-45,-2352
906,-1530,8706,-340,61,-86,-2352
3230,2092,3074,-1037,916,-166,-2384
-3600,-2340,9842,1034,-671,1,-2368
3358,916,5416,-533,369,-207,-2368
470,560,7024,-114,439,-174,-2336
-1154,-60,8592,537,-626,-92,-2352
3292,760,6414,-591,572,-240,-2352
-458,1230,8118,28,216,-145,-2336
278,-2324,9448,102,-229,-121,-2368
2290,140,6294,-311,542,-231,-2352
-1326,44,9908,339,-141,-136,-2352
438,30,8504,-471,24,-68,-2384
360,-938,6994,-49,111,-93,-2400
-2442,196,10692,507,-845,-153,-2368
3314,-3474,6074,-1279,970,-325,-2352
-1068,3118,5740,1021,-541,-105,-2384
-260,1066,11950,954,-926,-126,-2368
5896,2870,2116,-2077,1734,-321,-2352
-2754,-2416,9844,1317,-714,-37,-2352
782,-1546,9142,-156,-10,-51,-2352
2724,1342,3800,-871,796,-165,-2384
-3054,-3642,11046,854,-490,-10,-2368
3176,1164,5450,-466,313,-160,-2368
240,242,6732,38,331,-191,-2384
-1882,-790,10198,261,-416,-105,-2352
2952,222,6484,-446,465,-190,-2336
-756,1030,7834,6,168,-164,-2336
-622,-702,9186,-77,-137,-132,-2320
1886,-668,7256,-72,497,-234,-2352
-1498,800,9832,251,-130,-125,-2352
1102,304,7708,-454,16,-89,-2336
962,-2004,8092,31,84,-115,-2368
-2554,1094,10556,501,-880,-85,-2368
3542,-4122,6372,-1439,1077,-375,-2352
-1880,-1370,9110,1349,-629,-99,-2384
-1516,-1234,10434,-17,-411,9,-2336
6622,3106,1318,-1527,1038,-332,-2368
-3272,-2550,10024,1349,-456,-135,-2368
526,-86,8476,-826,71,1,-2368
3302,2626,5480,-92,319,-157,-2368
-3774,-3746,12142,235,4,-17,-2352
954,1494,7088,-326,-96,-88,-2352
1008,382,9184,131,349,-245,-2336
-2470,-1546,11090,0,-210,-69,-2336
2178,1342,6120,-351,171,-158,-2352
516,-334,9038,285,263,-217,-2384
-496,-1378,9294,-391,-29,-66,-2384
1962,454,6694,140,199,-222,-2368
-776,-692,9576,233,89,-174,-2336
120,1072,8172,-525,-24,-86,-2384
892,-1110,7354,53,22,-94,-2384
-1812,-1378,9138,353,-577,-69,-2320
4744,-86,2702,-1388,847,-337,-2368
-1636,284,7612,1652,-655,-135,-2368
-1042,1032,7848,-556,-123,1,-2352
5120,5112,3344,-729,425,-400,-2384
-3336,-4240,14188,469,146,-169,-2368
732,-720,8774,-696,-15,-10,-2336
2450,800,7996,376,-18,-179,-2368
-1788,-2274,10440,-410,426,-95,-2352
1538,702,7580,297,-450,-55,-2352
790,604,7994,-193,469,-272,-2400
-2304,-664,10236,111,-261,-87,-2352
2466,1034,6480,-367,250,-158,-2352
470,116,8192,135,331,-226,-2352
-950,-1136,9744,-134,-232,-63,-2336
2530,-6,6014,-184,387,-242,-2368
-1102,-690,9248,275,132,-189,-2320
-28,996,8708,-329,-216,-51,-2352
1510,-420,7150,-296,206,-163,-2352
-2090,-2026,9806,434,-323,-35,-2400
4782,858,2828,-1231,472,-290,-2368
16,-5422,11922,1493,-261,-205,-2352
-1166,1306,7718,-831,46,37,-2384
4254,5120,4322,437,-548,-192,-2368
-2296,-4386,13676,-501,866,-349,-2368
-672,802,5794,-365,-167,-12,-2368
2128,406,8394,848,-339,-140,-2336
-782,-1806,8934,-1195,976,-109,-2352
-2756,-1250,9808,866,-780,-47,-2352
2622,-624,7746,-313,510,-272,-2352
-1476,-34,8590,-310,221,-122,-2368
-640,172,8242,359,-403,-120,-2352
2540,-730,7268,-131,551,-237,-2384
-1038,1140,7910,-357,-33,-87,-2384
1662,-1018,7166,341,-56,-190,-2336
616,-240,7852,-176,375,-202,-2400
-580,1962,7522,-221,-189,-104,-2368
704,-2024,8470,-234,88,-132,-2384
-1846,-1424,8964,118,-178,0,-2320
5372,934,1978,-1011,283,-303,-2368
-958,-5940,12928,1663,-295,-195,-2368
-750,1478,7022,-1157,167,59,-2384
5400,5404,3176,867,-757,-105,-2384
2276,-3542,7894,-1202,1333,-391,-2368
-440,1398,5656,-102,-367,16,-2400
2394,806,8826,923,-319,-142,-2368
2188,742,4068,-1431,1107,-147,-2384
-2664,-918,9318,1064,-901,6,-2352
2996,-434,7378,-391,657,-288,-2368
-2380,-474,9658,-305,241,-90,-2368
-216,702,7312,439,-533,-108,-2352
2480,-1048,7414,-124,632,-258,-2352
-1288,434,7890,-420,55,-81,-2384
1088,-1708,8316,378,-208,-187,-2336
728,-798,8108,-266,571,-234,-2368
-848,1730,7676,-83,-148,-69,-2384
736,-754,8284,-212,22,-114,-2352
-146,-1420,7178,-121,208,-51,-2352
2158,3030,4770,36,-615,-238,-2400
2192,-4782,8576,29,540,-282,-2384
-758,3506,5760,-413,-126,1,-2352
1142,2120,10378,1281,-1086,-228,-2384
1204,-3418,9384,-2001,1888,-342,-2336
-2318,-852,7464,862,-631,-35,-2368
1340,-1820,8934,453,-157,-103,-2368
1504,780,5072,-1311,1024,-134,-2368
-1886,-1126,9718,1042,-793,-31,-2352
2284,-382,7882,-459,620,-251,-2384
-274,-124,6942,-31,119,-114,-2400
40,606,7740,247,-403,-120,-2368
2298,-686,7300,-134,558,-246,-2336
-860,1040,7916,-258,-23,-92,-2352
1824,-1834,7518,78,46,-202,-2320
-80,-214,7960,-131,418,-221,-2368
-1540,1276,9638,15,-213,-99,-2352
1334,-1008,7374,-533,231,-115,-2352
-964,-1378,7704,190,2,-31,-2352
3178,3240,4050,-63,-671,-258,-2352
2188,-5542,9040,-75,660,-298,-2368
-932,3722,5900,-301,-225,12,-2336
1238,2884,10732,1327,-1142,-67,-2352
6446,1172,1698,-2375,2146,-332,-2352
-2588,-1038,7110,1424,-869,-12,-2336
1334,-1784,8994,100,-57,-80,-2400
3380,3070,3908,-1202,1006,-151,-2352
-4106,-3572,11554,1307,-887,13,-2384
3582,472,5598,-675,519,-209,-2384
-318,610,6330,-21,316,-199,-2368
-2276,-916,10810,599,-669,-107,-2336
3588,-16,6364,-605,641,-237,-2352
-812,1664,7168,-24,123,-139,-2384
-144,-2410,9716,128,-161,-124,-2384
1812,448,6826,-375,544,-246,-2368
-1098,1146,8740,302,-189,-103,-2368
338,-1362,8566,-277,17,-110,-2384
-696,-1174,7730,-43,91,-48,-2384
-154,2340,8162,14,-563,-267,-2368
406,-5972,11410,268,419,-265,-2368
-576,2886,6504,-365,-116,15,-2352
-830,190,12456,1187,-1012,-299,-2352
4472,-1528,4568,-2081,1879,-336,-2336
-1410,560,5992,830,-640,0,-2352
1962,-1102,8498,407,-117,-111,-2352
2806,1566,3950,-1110,942,-168,-2368
-3142,-1926,9512,917,-767,6,-2368
3364,606,6518,-320,425,-221,-2384
72,132,7692,-146,327,-137,-2352
-660,318,8054,314,-498,-66,-2352
2748,-582,7136,-299,561,-248,-2368
-538,900,7944,-239,176,-140,-2352
596,-1596,8680,148,-157,-162,-2352
1272,-994,7860,-225,604,-239,-2352
-1400,1594,8572,177,-202,-83,-2368
826,368,8094,-385,8,-110,-2368
482,-1742,7246,-87,179,-89,-2336
-114,2980,7356,445,-891,-161,-2384
3852,-2654,5564,-793,822,-343,-2352
-1366,3044,6282,531,-363,-64,-2368
-1034,160,12632,879,-856,-57,-2368
5986,3704,1922,-2047,1530,-360,-2352
-2940,-2842,11270,1428,-590,-119,-2352
396,-1740,9382,-473,0,-18,-2336
3126,2292,3686,-1080,854,-158,-2336
-3256,-2464,10398,932,-606,-33,-2352
2608,1286,5624,-507,381,-184,-2384
420,-14,7692,60,280,-211,-2368
-950,-152,8760,244,-402,-106,-2336
2802,672,6586,-425,445,-225,-2352
-608,916,8580,-6,126,-131,-2320
892,-2268,8646,-52,-25,-148,-2352
768,30,7730,-75,362,-221,-2368
-1268,296,9940,253,-163,-120,-2336
974,-326,7778,-635,162,-85,-2352
-122,-1046,7326,115,3,-91,-2352
-2558,726,10874,494,-927,-157,-2352
3478,-3860,6292,-1338,1149,-349,-2368
-1276,3668,5778,947,-612,-71,-2368
-1238,-1472,10048,493,-608,-53,-2352
6604,3572,954,-2097,1598,-415,-2384
-3330,-2884,10904,1813,-812,-88,-2352
1056,-1898,8906,-656,161,-36,-2352
2868,2388,6034,-290,371,-202,-2368
-3458,-3186,11252,453,-284,12,-2304
3528,886,5354,-333,100,-188,-2336
996,-230,8542,-90,447,-231,-2384
-2256,-816,10554,311,-463,-53,-2320
3324,594,6334,-517,416,-180,-2336
704,-490,8406,167,233,-182,-2320
-788,-1070,9042,-184,-187,-114,-2352
2300,-40,6256,-101,422,-228,-2352
-1504,286,9752,365,-81,-128,-2352
100,1576,7712,-526,-44,-76,-2368
1122,-1310,7520,-13,145,-97,-2368
-2468,688,10698,416,-568,-65,-2384
4662,1266,2618,-1410,891,-317,-2352
-1596,-1048,8782,1563,-551,-134,-2368
-1344,-1008,10554,-412,-211,16,-2368
3896,4472,4798,-608,349,-328,-2352
-2240,-4046,13296,678,14,-223,-2384
548,-476,8258,-722,46,-10,-2352
2832,2642,5812,426,-59,-166,-2336
-668,-1230,8534,-464,417,-113,-2400
1018,406,7204,272,-329,-104,-2368
448,-334,8940,-262,445,-239,-2384
-1594,130,8538,-46,-136,-96,-2352
1900,540,6892,-52,5,-187,-2400
532,-10,8190,36,402,-227,-2368
-1076,784,8290,-275,-168,-86,-2384
1962,-1368,7056,104,284,-256,-2352
-828,-140,8608,64,160,-165,-2352
560,1990,7846,-254,-201,-84,-2336
1028,-1620,8048,-240,224,-134,-2368
-1884,-1268,8682,253,-182,8,-2352
5348,1510,2046,-925,177,-317,-2352
-138,-6340,12488,1238,-4,-211,-2368
-710,2344,6938,-1054,82,72,-2368
3926,4908,5122,1187,-945,-114,-2384
3848,-2306,5468,-1471,1458,-347,-2352
-1196,926,5472,158,-476,7,-2352
2052,-308,9132,914,-333,-146,-2352
-346,-1734,7366,-1571,1194,-151,-2352
-3298,-1774,10136,1220,-951,-9,-2352
3026,-690,6924,-506,689,-253,-2368
-1408,164,7834,-354,251,-120,-2336
-838,98,8764,520,-535,-123,-2352
2598,-956,7212,-193,585,-202,-2320
-504,1030,6752,-514,107,-95,-2384
1418,-846,7002,534,-125,-187,-2368
744,-38,7616,-323,502,-197,-2368
-552,1938,7274,-60,-154,-100,-2352
504,-1862,8618,-212,35,-132,-2352
-184,-1034,7094,-37,80,-17,-2368
2560,2802,4634,-380,-263,-312,-2368
-932,-5446,12376,904,157,-235,-2368
-802,3678,5850,-762,-30,50,-2384
818,2320,10990,1233,-1006,-65,-2384
1348,-3440,9158,-1841,1681,-336,-2368
-128,978,6096,547,-529,12,-2368
1300,-1782,8908,501,-182,-93,-2352
1574,468,4970,-1326,1020,-135,-2320
-1854,-754,9268,1072,-854,2,-2352
3428,844,5560,-488,602,-239,-2336
-272,12,6802,-168,283,-120,-2368
446,890,6894,405,-520,-91,-2352
2780,-492,6974,-194,521,-230,-2352
-564,1188,7482,-251,175,-114,-2368
1466,-1414,7680,268,-134,-154,-2368
1634,-452,7224,-241,505,-257,-2352
-1510,1434,9200,84,-169,-110,-2384
1052,-656,7834,-437,104,-93,-2384
-702,-2016,7934,6,113,-77,-2368
-1756,2320,9586,300,-834,-169,-2368
1884,-5278,9636,-696,842,-347,-2352
-790,3376,6176,287,-364,-33,-2352
-1498,-1076,12134,1114,-1055,-52,-2384
5872,808,2604,-2181,1818,-421,-2336
-1990,-1098,6996,1306,-682,-68,-2368
462,-1454,9084,-210,-67,-36,-2352
3218,3030,4110,-926,810,-196,-2384
-3674,-3470,11132,949,-581,-30,-2384
3348,650,5586,-618,401,-155,-2384
512,-26,8680,188,238,-194,-2336
-1642,-686,9798,281,-460,-103,-2368
3008,-56,6602,-395,438,-186,-2416
-92,562,8870,90,131,-148,-2352
486,-2028,9070,-177,-12,-121,-2368
1178,230,7316,-127,386,-211,-2368
-1128,-90,9966,196,-81,-133,-2352
798,150,7776,-650,192,-109,-2352
212,-1160,7480,112,-17,-89,-2384
-122,3042,8178,510,-892,-136,-2336
4330,-2896,4526,-1192,1096,-354,-2368
-1664,3198,5904,1086,-705,-97,-2352
-1076,-50,13516,675,-809,-17,-2384
6674,4364,648,-2266,1759,-360,-2352
-3664,-3544,12042,1700,-766,-89,-2368
886,-1456,8694,-704,125,-35,-2368
2982,2116,6616,-379,514,-195,-2352
-3288,-3106,11302,611,-294,-1,-2352
3386,612,5312,-223,-42,-173,-2368
374,410,6716,-101,459,-231,-2336
-2734,-1108,11266,426,-523,-53,-2400
3330,482,6464,-530,388,-219,-2352
-450,1258,7948,79,265,-187,-2384
-1306,-832,9622,-121,-172,-79,-2368
2398,102,6164,-252,461,-230,-2368
-1512,134,9852,297,25,-192,-2352
-450,1672,8280,-452,-55,-67,-2352
1270,-1004,7614,-80,95,-103,-2352
-2502,210,10786,548,-679,-117,-2400
4576,1334,2554,-1356,811,-328,-2384
-1356,-1252,9100,1566,-607,-158,-2352
-1564,-832,10784,-233,-290,24,-2352
6076,2576,2040,-969,568,-395,-2336
-2230,-4230,13842,828,-82,-161,-2336
288,-474,8450,-817,63,-6,-2352
2976,2390,5706,233,105,-167,-2368
-3150,-3434,10926,-78,184,-45,-2368
974,696,7430,62,-227,-114,-2368
622,-52,9238,-59,385,-247,-2352
-1688,-680,9942,51,-214,-102,-2384
2016,896,6742,-223,101,-185,-2368
578,-48,8442,63,302,-208,-2336
-344,-904,9090,-303,-114,-69,-2352
1892,-802,6900,-5,352,-267,-2352
-866,-548,9068,206,72,-158,-2352
130,1574,8266,-389,-131,-71,-2336
1018,-1258,7996,-136,125,-133,-2384
-1914,-1526,9040,407,-451,-23,-2352
5262,656,2382,-1290,632,-320,-2384
-1906,-462,8370,1621,-384,-196,-2368
-962,1528,7612,-861,36,72,-2368
4576,5280,4090,-922,566,-433,-2384
-2864,-4610,14570,821,-76,-140,-2320
490,-538,8608,-710,10,10,-2400
3230,2740,5054,421,-62,-130,-2336
-1114,-2446,9358,-517,462,-84,-2384
1214,1422,6796,246,-414,-47,-2384
842,310,8766,57,320,-280,-2352
-1786,-168,9088,-267,19,-82,-2368
2268,1358,6054,-133,0,-184,-2368
278,-264,8934,164,371,-222,-2384
-848,778,7424,-507,84,-91,-2352
1654,-440,6834,349,30,-211,-2368
-844,-574,9716,27,241,-177,-2336
-794,1816,7742,-344,-117,-98,-2352
886,-1400,8200,-38,-7,-74,-2352
-1846,-1266,9494,199,-271,-21,-2352
4754,-428,3044,-1084,405,-327,-2368
-854,-4810,12058,1539,-389,-183,-2400
-1180,718,8180,-924,70,63,-2352
5206,5050,3130,198,-357,-333,-2352
966,-3596,9580,-289,696,-283,-2352
-62,584,6190,-246,-201,20,-2368
2526,1032,7844,707,-216,-148,-2368
-1822,-2170,10562,-883,723,-101,-2368
-1854,-342,9228,688,-699,-10,-2352
2368,-170,8018,-296,542,-255,-2320
-2336,-688,10176,-226,112,-129,-2384
304,822,7062,152,-231,-103,-2336
2096,-936,7758,135,372,-239,-2384
-1566,372,8898,-258,-136,-28,-2384
2478,-266,6142,-47,256,-254,-2320
-1182,-312,9228,228,213,-218,-2368
-764,1536,8118,-292,-196,-59,-2368
1596,-984,7194,-403,169,-142,-2352
-2292,-1432,9768,392,-192,-55,-2384
2162,3410,4518,-888,46,-280,-2368
-224,-5076,11438,1186,-15,-239,-2336
-1520,852,8144,-853,22,37,-2368
728,2544,10502,791,-792,-145,-2352
1906,-3756,8860,-1023,1222,-339,-2320
-672,918,6284,136,-369,46,-2368
2546,1294,8152,905,-362,-116,-2400
2046,932,4658,-1452,1141,-136,-2384
-2330,-928,9560,1177,-912,2,-2352
2436,-824,7918,-562,646,-267,-2352
130,76,6626,-161,253,-162,-2336
-318,308,8040,406,-449,-113,-2368
2352,-744,7338,-252,600,-226,-2384
-810,1274,8004,-225,2,-119,-2352
1198,-2224,8602,295,-93,-175,-2368
300,-236,7880,-245,463,-221,-2368
-1252,1168,9238,22,-218,-128,-2384
720,-1516,8476,-317,100,-126,-2384
-594,-1112,7452,-97,140,-41,-2320
3720,3302,3040,30,-676,-261,-2400
1466,-6254,10360,101,521,-290,-2368
-684,3690,5624,-1078,128,55,-2384
1788,3184,9724,1268,-1018,-295,-2352
-16,-4430,11556,-396,714,-232,-2368
194,1372,6722,-622,-103,22,-2368
2702,1774,8018,836,-266,-153,-2336
1118,-132,5218,-1229,902,-108,-2352
-1390,-258,8756,849,-757,-47,-2384
2242,-412,7964,-285,602,-293,-2384
-2786,-550,10554,-186,85,-82,-2368
3044,850,6290,-216,89,-167,-2336
1986,-958,7570,176,359,-232,-2384
-1352,-20,8606,-362,-175,-47,-2352
2448,-34,6100,76,189,-240,-2400
86,-904,8282,51,278,-206,-2384
-560,1740,7698,-420,-101,-75,-2352
1302,-1214,7878,-122,133,-105,-2352
-2654,-832,10580,242,-266,-51,-2352
3496,2666,3180,-1013,341,-300,-2368
-1002,-4006,10902,1632,-399,-195,-2368
-1396,-206,8940,-833,19,36,-2352
2962,3556,7494,175,-266,-272,-2352
-978,-3766,12420,-498,804,-301,-2368
286,282,7340,-406,-109,17,-2336
1986,-1336,8698,716,-235,-154,-2352
356,-432,6826,-1137,849,-126,-2384
-628,-108,8620,907,-715,-33,-2352
1352,-456,9018,-368,574,-232,-2400
-968,196,7352,-131,94,-133,-2368
996,686,7208,220,-347,-132,-2352
1572,-526,7816,-50,494,-234,-2384
-982,1066,7686,-358,-92,-107,-2416
1832,-1620,7252,109,103,-206,-2336
-406,-226,8190,-93,353,-208,-2400
-1256,1434,8936,-99,-186,-64,-2352
1162,-1584,7786,-377,196,-144,-2352
-1450,-1078,8046,153,-49,-20,-2368
4782,2398,2282,-364,-406,-282,-2336
628,-6550,11632,795,212,-252,-2368
-692,3016,6278,-714,-92,45,-2352
3264,4654,7148,1321,-1091,17,-2352
4994,-1274,3760,-2127,2008,-355,-2336
-1772,622,5418,727,-676,23,-2368
1900,-978,9138,618,-185,-113,-2368
3202,2178,2998,-1463,1224,-160,-2384
-3636,-2380,10126,1367,-1032,32,-2352
3396,-16,6598,-534,601,-245,-2352
-1122,-66,7408,-245,340,-133,-2336
-1290,-342,9158,602,-644,-81,-2368
3000,-768,6884,-351,641,-265,-2336
-758,1138,6924,-365,176,-103,-2384
244,-2598,9488,439,-237,-147,-2352
1332,162,7272,-444,630,-236,-2368
-974,1386,7800,99,-172,-126,-2336
344,-652,8534,-259,-21,-81,-2352
304,-848,7026,-139,132,-57,-2320
1474,2492,5918,48,-587,-249,-2352
-318,-5624,12016,-65,536,-285,-2368
-964,3380,6116,-319,-139,-4,-2368
488,1772,11102,1112,-973,-38,-2352
2144,-2928,7808,-1973,1820,-378,-2320
-2632,-1612,8688,906,-663,-33,-2384
1250,-1630,8840,186,-44,-112,-2368
1854,688,4744,-1050,897,-140,-2368
-3128,-2804,10040,837,-629,-19,-2352
3234,776,5430,-305,340,-193,-2352
-208,-264,7242,-123,396,-159,-2336
64,792,7248,334,-502,-108,-2336
3024,-88,6766,-294,481,-215,-2368
-920,1040,7930,-208,195,-145,-2320
1642,-1372,7654,93,-194,-157,-2352
2080,-854,7118,-179,583,-240,-2368
-1578,958,9456,160,-188,-125,-2368
1118,12,7672,-405,0,-83,-2352
1126,-1952,7708,-56,168,-112,-2384
-2388,1558,10114,440,-921,-131,-2352
2574,-4442,8336,-1103,920,-315,-2368
-1598,86,7788,932,-453,-113,-2352
-1546,-1236,11306,546,-684,-15,-2384
5942,1776,2616,-1901,1411,-405,-2384
-2442,-1614,8472,1397,-546,-113,-2352
368,-890,8744,-416,-19,-9,-2384
3108,2870,5168,-314,452,-182,-2368
-3412,-3420,11148,450,-236,-68,-2368
1422,880,6858,-194,-37,-142,-2384
46,96,6688,18,330,-184,-2352
-1742,-716,9874,247,-395,-73,-2368
2890,276,6560,-442,475,-224,-2368
-838,1202,8020,26,77,-141,-2368
100,-1326,8724,-75,-33,-169,-2352
1604,-6,7128,-101,424,-203,-2352
-1316,1104,9668,300,-201,-123,-2336
884,-1224,8276,-674,175,-106,-2368
390,-1566,7738,139,32,-84,-2352
-1684,2102,10192,504,-922,-134,-2384
1726,-5732,9756,-1246,1126,-356,-2352
-2072,1260,7258,1079,-635,-74,-2336
-1414,-1342,12476,590,-723,-34,-2368
6026,1000,2326,-1975,1530,-407,-2384
-3806,-4324,14706,1732,-765,-95,-2320
924,-896,8528,-684,138,-38,-2352
3110,2612,4262,-226,393,-150,-2336
-2238,-2510,10700,263,-123,-26,-2352
2442,806,6192,-213,-14,-165,-2352
184,342,8420,-104,403,-229,-2352
-1660,-628,9896,287,-481,-82,-2352
2964,1094,6114,-480,368,-194,-2368
-180,428,8622,123,230,-190,-2368
0,-1758,9456,-182,-169,-103,-2352
2224,-202,6252,-92,429,-267,-2384
-1116,-730,9568,288,-29,-151,-2368
472,876,8068,-542,-29,-82,-2368
1166,-1466,7904,-14,113,-137,-2352
-1576,2040,9520,535,-813,-112,-2352
4482,-710,3514,-1379,967,-320,-2368
-1638,1354,7020,1171,-495,-117,-2368
-1160,-810,11888,284,-555,0,-2336
5300,4482,2762,-1434,1053,-413,-2352
-2878,-3546,12818,1283,-441,-152,-2352
398,-1124,9290,-575,-2,-18,-2384
3062,2510,4218,-227,358,-192,-2352
-1734,-2906,9990,77,5,-48,-2368
2004,1214,6136,-174,-36,-163,-2368
366,-10,8428,4,332,-220,-2352
-1706,-74,9468,-1,-193,-73,-2352
2464,508,6738,-239,228,-174,-2352
-346,564,8606,90,219,-191,-2368
-856,456,8300,-314,-139,-112,-2352
1684,-1098,7208,136,315,-254,-2352
-1122,24,9560,132,9,-144,-2320
956,1270,7638,-514,-26,-125,-2368
692,-2422,8686,70,117,-82,-2368
-2484,-430,9902,324,-570,-25,-2336
5420,-1084,2732,-1487,849,-328,-2352
-1512,-4914,12428,1979,-680,-164,-2352
-836,214,7694,-972,157,87,-2368
5896,5536,1714,-12,-114,-434,-2368
496,-4434,10678,-185,522,-271,-2384
-98,1308,6610,-656,-62,-2,-2384
2704,1736,7882,812,-307,-74,-2352
-2576,-3076,11422,-1210,976,-83,-2400
2476,1446,6188,-16,-242,-80,-2368
2070,-606,8300,58,388,-266,-2352
-2400,-836,10200,-84,-182,-90,-2320
3082,1204,5876,-183,63,-143,-2368
1732,-1250,7872,316,245,-230,-2352
-588,-30,7694,-577,60,-101,-2352
1900,160,6226,242,151,-215,-2352
-1180,-392,10176,151,150,-161,-2352
-182,1966,7214,-580,45,-85,-2368
814,-1778,8030,102,-7,-96,-2368
-2334,164,10308,229,-395,-25,-2352
4368,1698,2636,-1301,776,-313,-2384
-1440,-2518,9974,1732,-582,-148,-2368
-1358,-552,9706,-615,-52,61,-2368
3442,4372,6338,-240,-6,-372,-2352
-1896,-4240,13514,228,273,-204,-2384
638,-128,7664,-712,31,-5,-2384
2828,2364,6422,427,-51,-151,-2352
-392,-1068,8232,-472,424,-58,-2352
118,270,8562,489,-531,-61,-2336
1144,6,8858,-224,496,-262,-2368
-1540,-400,8394,-15,-125,-84,-2352
1798,1068,6310,-99,-27,-125,-2384
1270,-278,7912,146,388,-230,-2384
-1070,-616,9482,-418,-63,-87,-2368
1844,-688,6582,56,211,-236,-2368
-672,-684,8846,71,237,-165,-2384
8,1714,8024,-316,-130,-94,-2384
1014,-1942,7990,-109,155,-101,-2336
-1550,-1552,8766,430,-386,-24,-2352
4730,1640,2590,-1256,592,-296,-2384
-1452,-1832,9322,1712,-485,-164,-2384
-1384,-1058,10058,-752,-5,61,-2336
3596,4782,5602,-127,-92,-315,-2336
-1854,-4454,13522,0,454,-219,-2336
214,-292,8256,-578,-38,16,-2384
1906,-434,8638,716,-227,-153,-2352
-394,-1530,8376,-1111,798,-94,-2368
322,998,7476,829,-756,-77,-2336
2838,-346,7296,-242,491,-276,-2384
-1122,194,7902,-242,85,-135,-2384
1796,810,6596,185,-194,-156,-2352
748,-330,8604,-36,522,-223,-2368
-830,1212,7286,-522,35,-106,-2368
1390,-1102,7274,350,37,-209,-2384
-616,-656,9060,-159,363,-211,-2352
-588,1870,7456,-358,-49,-96,-2384
412,-1812,8746,97,-47,-92,-2368
-1784,-1110,9226,46,-107,-15,-2336
2572,3268,4630,-842,114,-295,-2352
-1168,-5798,12950,1605,-310,-187,-2384
-698,978,7130,-1162,153,62,-2368
5440,5540,2544,825,-778,-245,-2336
1258,-3586,9428,-998,1108,-289,-2368
-248,1234,6122,-273,-223,42,-2368
2440,780,8444,823,-276,-158,-2400
-2186,-2440,11018,-564,476,-74,-2352
2036,782,7036,511,-638,-67,-2336
2762,-222,8068,-117,481,-308,-2368
-2660,-844,10546,-42,-138,-84,-2368
2686,1362,6396,-113,-77,-168,-2352
2182,-956,7576,126,458,-250,-2384
-1468,162,8400,-469,4,-54,-2368
2328,-116,6166,88,118,-245,-2368
404,-968,8236,40,389,-202,-2352
-936,1642,7962,-239,-191,-75,-2352
1320,-696,7816,-133,45,-132,-2352
-2266,-1528,10326,131,-107,-48,-2400
2678,2954,4020,-851,111,-280,-2368
-430,-4466,11368,1251,-156,-248,-2352
-1312,214,8446,-930,117,56,-2352
1704,2970,8884,424,-466,-239,-2352
432,-3450,10732,-930,1069,-288,-2368
-54,468,6900,-160,-189,6,-2336
1416,-1624,8734,748,-285,-135,-2352
1172,142,5920,-1102,786,-117,-2352
-1190,-436,8958,991,-769,-40,-2368
1910,-544,8372,-369,581,-240,-2368
-478,110,7012,-142,133,-116,-2304
534,794,7230,213,-285,-145,-2352
1870,-886,7584,-183,577,-242,-2352
-920,874,7724,-261,-7,-86,-2368
1916,-1620,7200,121,107,-191,-2368
-286,-294,8180,-19,351,-222,-2400
-400,1732,8056,-154,-220,-89,-2384
996,-2058,8314,-346,167,-140,-2368
-1118,-1474,7886,258,-176,-24,-2336
3846,2832,3274,-799,-2,-342,-2400
-1122,-4560,11700,1036,88,-261,-2352
-794,3342,6114,-983,53,77,-2352
1624,3676,9538,1166,-977,-346,-2336
184,-4364,11084,-1675,1636,-319,-2336
-162,962,7038,362,-507,8,-2368
1454,-1678,8934,861,-331,-85,-2368
1486,-376,5094,-1443,1135,-158,-2368
-1228,324,7978,1290,-1043,-17,-2352
3422,62,6264,-401,620,-259,-2384
-574,672,6546,-409,356,-135,-2336
868,944,6606,566,-533,-129,-2368
3254,-514,6580,-425,731,-223,-2352
-690,1372,7038,-327,121,-101,-2352
1000,-1484,8208,540,-204,-185,-2352
76,-742,8368,-412,569,-210,-2336
-1242,1286,8746,72,-243,-107,-2368
524,-1134,8584,-270,-8,-107,-2352
-722,-1656,7766,-140,136,-64,-2352
-192,2318,7856,-193,-460,-257,-2352
506,-5690,11362,183,412,-270,-2336
-642,2656,6486,-536,-54,1,-2336
-772,212,11964,1150,-931,-109,-2384
4292,-1502,4852,-1876,1692,-324,-2352
-1334,348,6130,993,-684,-49,-2368
2124,-1098,8324,701,-228,-109,-2336
-16,-814,7596,-1175,934,-134,-2384
-3328,-1672,9898,900,-774,-18,-2352
3214,98,6720,-350,597,-219,-2368
-1278,-272,8108,-298,283,-113,-2336
-1002,-108,8380,315,-406,-116,-2352
2806,-844,7008,-111,529,-242,-2384
-1214,732,7996,-243,102,-84,-2384
2244,-596,6590,167,-107,-152,-2368
1216,-1080,8250,-17,408,-225,-2368
-1482,1542,8586,-20,-208,-104,-2352
1544,-362,6936,-451,78,-109,-2384
374,-2452,7774,61,105,-94,-2352
-736,3352,7944,120,-785,-184,-2336
1104,-5766,10972,-370,752,-312,-2368
-1752,2370,6636,221,-280,-15,-2352
-1276,-146,12492,1113,-1060,-75,-2352
5218,-968,4178,-2163,1791,-429,-2368
-1672,-208,6016,609,-549,34,-2384
1670,-1132,8938,718,-319,-110,-2352
752,-598,6554,-1407,1155,-153,-2320
-3780,-2720,10814,1184,-918,13,-2368
3028,-40,6722,-556,586,-219,-2336
-504,118,7044,-236,406,-159,-2352
-1566,-828,9362,564,-569,-101,-2352
2998,-262,6730,-389,593,-217,-2368
-726,1500,7340,-160,82,-105,-2368
482,-2154,9318,222,-154,-167,-2352
1322,68,7318,-270,488,-224,-2352
-916,1784,8080,39,-206,-116,-2384
578,-1952,8496,-421,100,-95,-2336
90,-1136,7170,-49,82,-49,-2368
692,3300,6920,193,-769,-222,-2352
-234,-6494,12432,-271,713,-319,-2352
-1586,3434,5892,-187,-268,9,-2352
-606,612,12960,1368,-1166,-78,-2368
4120,-2450,5050,-2430,2220,-404,-2368
-3596,-2978,10742,1562,-945,-45,-2352
1104,-1732,8978,90,-30,-79,-2352
2650,1486,3576,-1104,1025,-187,-2336
-3406,-1968,9662,874,-657,20,-2336
3428,636,5226,-395,400,-225,-2336
20,-64,7226,-200,520,-187,-2384
-740,330,7832,567,-621,-48,-2384
3454,270,6576,-455,513,-235,-2336
-776,1464,8104,-87,172,-158,-2368
792,-2118,8832,185,-332,-131,-2352
2610,-50,6146,-388,627,-239,-2384
-1520,296,9712,262,-131,-114,-2352
632,-148,8360,-486,-24,-78,-2336
1238,-1112,7554,-170,232,-105,-2352
-2584,310,10742,577,-862,-91,-2352
3050,-3654,6814,-1225,937,-307,-2384
-1060,3056,5858,989,-527,-82,-2352
-1506,-878,10726,434,-726,-26,-2368
6194,2188,2094,-1819,1475,-338,-2336
-2618,-1786,9134,1389,-528,-112,-2320
510,-614,8614,-569,63,-21,-2352
3076,2740,5364,-627,652,-165,-2368
-3416,-3450,10962,439,-222,-37,-2352
3168,1026,5432,-263,92,-144,-2352
758,-228,9106,58,330,-236,-2336
-1894,-574,10054,196,-342,-86,-2368
2870,378,6640,-281,206,-219,-2352
486,46,8416,72,193,-183,-2352
-76,-816,8780,-221,-101,-131,-2352
1684,-636,7232,-2,412,-252,-2336
-792,-270,9018,116,0,-119,-2352
526,1632,7690,-653,78,-88,-2352
516,-2092,7912,184,63,-111,-2352
-2424,1778,10702,419,-739,-66,-2368
5618,430,1824,-1555,1136,-339,-2368
-2096,-220,7914,1816,-746,-123,-2368
-1586,-1336,11550,-365,-270,49,-2384
5584,5676,2860,-1194,869,-473,-2352
-3928,-4646,15748,949,-146,-156,-2336
862,-718,8640,-1028,157,2,-2368
2384,586,8842,509,-33,-129,-2352
-2012,-2390,10364,-424,352,-25,-2352
1828,996,6782,243,-364,-68,-2384
682,214,8760,-18,436,-275,-2336
-2246,-596,9678,1,-212,-90,-2368
2714,1354,5934,-190,-2,-170,-2384
204,516,8478,159,324,-276,-2352
-1060,236,7874,-548,20,-90,-2368
2160,-22,6180,130,178,-243,-2336
-1004,-628,9778,110,220,-175,-2368
-620,1694,7526,-442,-51,-86,-2352
836,-1344,8060,45,-26,-81,-2320
-2182,-892,9920,242,-360,-33,-2368
4170,-1526,4006,-1136,611,-326,-2336
-988,-3494,10730,1603,-494,-175,-2384
-1290,-22,8942,-619,-25,37,-2352
5692,4188,2330,-504,204,-360,-2352
-1106,-3632,12390,125,375,-270,-2368
450,30,7102,-635,10,-13,-2336
2418,1726,7268,473,-76,-157,-2336
130,-420,7456,-578,456,-96,-2352
-650,-130,9298,527,-563,-58,-2352
1732,-48,8370,-289,500,-275,-2352
-2300,-528,10260,26,-121,-104,-2368
1148,1026,6700,-163,-31,-156,-2336
1648,-452,7544,18,472,-219,-2352
-1350,-166,9228,-290,-104,-49,-2352
2156,-852,6708,-69,251,-243,-2352
-598,-632,8734,159,284,-206,-2368
-454,1378,8334,-167,-215,-60,-2336
1410,-418,7146,-405,180,-141,-2352
-1298,-2150,8390,392,-172,-39,-2352
4128,2234,2982,-658,-97,-282,-2336
-866,-2906,10022,1050,70,-225,-2368
-944,2546,6784,-813,30,27,-2368
2510,4106,7162,785,-734,-95,-2320
-388,-4086,11498,-1233,1328,-301,-2384
-1588,-148,6278,260,-362,-2,-2368
1524,-1008,8850,810,-302,-110,-2368
618,-272,6846,-1241,961,-147,-2384
-656,276,8454,924,-840,-22,-2336
1438,-672,8720,-311,520,-279,-2352
-884,198,7252,-235,103,-118,-2336
1260,646,6692,141,-197,-132,-2368
1326,-608,8030,-120,514,-222,-2320
-884,1158,7596,-416,1,-115,-2352
1374,-1440,7654,283,22,-203,-2368
-310,-468,8430,-71,347,-150,-2368
-784,1562,8202,-159,-149,-119,-2384
690,-1658,8452,-126,108,-114,-2352
-1282,-1414,8230,127,-58,-26,-2352
4922,1952,1986,-654,-81,-276,-2368
-180,-6230,12502,1152,31,-237,-2368
-560,2390,6530,-1087,130,95,-2368
3720,4852,5548,1145,-945,-317,-2352
3610,-1954,5572,-1493,1477,-312,-2384
-928,744,5452,-204,-227,11,-2384
1838,-438,9084,870,-318,-109,-2384
-560,-1020,8672,-1131,839,-119,-2368
472,306,8264,824,-792,-47,-2368
3250,296,6754,-373,619,-285,-2368
-1820,-436,8594,-162,106,-86,-2352
1902,1124,6568,90,-268,-141,-2384
2628,-538,7030,-121,584,-240,-2368
-1190,720,7788,-349,-23,-71,-2368
1970,-868,6988,239,-3,-230,-2336
902,-356,7804,-106,441,-226,-2384
-1090,1370,8216,-21,-244,-85,-2352
1128,-932,7940,-328,85,-127,-2336
68,-1618,7266,-32,136,-56,-2352
402,3192,6668,-109,-567,-240,-2352
394,-5934,11868,329,465,-274,-2352
-670,2292,6704,-663,27,24,-2352
-584,262,12434,1283,-1066,-78,-2368
3620,-1714,5822,-1925,1684,-337,-2368
-898,742,5696,978,-642,-41,-2352
554,-1988,9458,441,-243,-98,-2352
2842,2146,3980,-1130,869,-132,-2368
-3080,-2230,10648,1002,-734,-33,-2368
2738,1346,5914,-604,497,-198,-2384
198,-8,7768,3,264,-149,-2352
-808,48,8704,272,-424,-109,-2352
2548,-518,7072,-354,486,-201,-2368
-550,844,8332,-29,41,-134,-2368
1214,-2180,8510,44,-5,-167,-2352
500,-30,7902,-110,392,-204,-2384
-1370,628,9998,204,-227,-117,-2352
1136,-390,7672,-686,268,-131,-2368
-332,-1076,7356,135,4,-88,-2400
-2708,898,10812,466,-941,-142,-2384
3958,-4146,5714,-1265,1216,-351,-2384
-1494,3676,5574,866,-625,-61,-2352
-940,262,13866,694,-721,-38,-2368
6554,4554,760,-2328,1698,-427,-2368
-3560,-3558,11528,1914,-826,-145,-2384
822,-2022,8858,-825,170,-30,-2352
3000,2798,6162,-424,420,-175,-2384
-3832,-3422,13140,616,-339,-33,-2352
3190,1122,5998,-485,99,-122,-2368
268,664,7104,18,349,-223,-2368
-2538,-1326,11358,295,-424,-61,-2352
3254,486,6626,-543,399,-179,-2352
-400,1420,8168,233,86,-188,-2384
-804,-1184,9382,-192,-121,-113,-2336
2024,394,6508,-234,402,-216,-2368
-1250,208,9812,312,-8,-178,-2352
38,1428,7922,-594,57,-85,-2352
1014,-1288,7570,-24,79,-83,-2384
-2028,878,10278,442,-623,-66,-2336
4566,706,2706,-1344,928,-333,-2352
-1574,-482,8464,1516,-645,-126,-2416
-1448,-880,11106,-74,-399,-2,-2352
5998,1932,2160,-1135,705,-495,-2368
-2804,-4244,13984,1075,-262,-148,-2336
604,-598,8560,-764,92,-27,-2368
2986,2574,5282,90,173,-137,-2352
-1360,-1558,9872,-71,161,-47,-2352
1144,532,7850,233,-346,-90,-2368
684,80,8668,-234,485,-247,-2336
-2010,-370,9534,118,-229,-91,-2352
2284,626,6644,-195,110,-174,-2352
470,364,8094,79,363,-207,-2352
-548,-942,9374,-277,-157,-89,-2336
2104,-488,6628,-124,352,-271,-2336
-864,-462,8970,170,136,-192,-2352
62,1366,8548,-321,-159,-78,-2384
1238,-1110,7634,-244,197,-129,-2368
-1920,-1394,9326,456,-337,-27,-2368
4974,696,2792,-1156,477,-306,-2336
-188,-5520,11862,1536,-327,-212,-2352
-980,1224,7442,-851,17,22,-2352
4738,5274,3644,437,-515,20,-2368
2892,-3284,7302,-898,1125,-349,-2352
-760,1074,5762,-439,-114,53,-2336
2284,436,8360,794,-310,-147,-2368
-1392,-2136,9712,-1251,914,-78,-2352
-2672,-950,9596,984,-830,-17,-2352
2694,-810,7856,-347,592,-307,-2400
-1724,10,8864,-225,129,-111,-2400
-226,192,7842,341,-377,-139,-2352
2414,-952,7136,-137,577,-227,-2320
-912,990,7600,-491,42,-79,-2384
1718,-664,6964,413,-56,-196,-2368
592,-168,7696,-242,469,-205,-2368
-388,2112,7204,-167,-145,-91,-2352
598,-1760,8588,-25,5,-145,-2384
-468,-950,7398,-11,-37,-24,-2352
3320,3014,3422,-587,-138,-317,-2368
-1282,-5002,12214,1246,-85,-239,-2368
-610,3606,5768,-1010,112,62,-2384
1844,3156,9538,1094,-940,-129,-2320
-62,-3882,11398,-1713,1639,-363,-2368
66,1070,6732,280,-449,-8,-2368
1534,-1614,8792,736,-262,-102,-2368
1092,-130,5858,-1348,1031,-173,-2352
-1410,-208,9108,1110,-938,-5,-2352
3680,572,5708,-358,628,-253,-2368
-664,-228,6870,-197,115,-99,-2352
884,1226,6450,92,-255,-161,-2352
1880,-1042,7664,-12,548,-265,-2384
-1434,-154,8880,-412,39,-48,-2336
1736,-1050,7300,223,31,-202,-2368
22,-1098,8592,-109,496,-251,-2384
-786,1620,7920,-113,-197,-82,-2352
834,-420,8148,-116,-6,-115,-2320
-680,-2172,7946,-54,100,-65,-2336
3236,2852,3336,-344,-353,-291,-2336
1492,-5526,10232,661,240,-284,-2352
-556,2826,5972,-804,64,16,-2352
2084,3566,8066,962,-844,-283,-2384
-132,-3624,11600,-1612,1535,-353,-2336
-1678,-60,6378,379,-388,-34,-2368
1572,-1586,8694,702,-289,-126,-2336
950,-280,6132,-1285,997,-137,-2368
-3368,-2832,10382,1145,-850,-15,-2352
3058,188,6174,-421,536,-223,-2384
-492,370,6984,-230,271,-130,-2384
710,774,7098,331,-420,-124,-2336
2724,-366,6644,-246,571,-225,-2336
-698,888,7562,-206,99,-81,-2384
1732,-1416,7400,110,-20,-157,-2352
1094,-538,7826,-63,420,-205,-2384
-1236,1292,8938,74,-179,-102,-2336
1026,-760,7542,-449,91,-101,-2368
208,-1866,7616,97,39,-75,-2384
4312,2660,2834,-450,-323,-264,-2352
1042,-6102,10598,520,353,-294,-2336
-600,3124,6122,-790,12,42,-2368
1976,4218,8454,1300,-1106,-99,-2352
5322,-228,3174,-2114,1902,-337,-2352
-1706,-396,5792,863,-672,15,-2352
1506,-1512,9040,491,-198,-119,-2368
3398,2498,3414,-1263,1064,-187,-2352
-3806,-2376,10740,1290,-937,-3,-2384
3364,-278,6576,-527,571,-246,-2352
-638,322,6892,-339,454,-163,-2336
-1652,-800,9778,666,-638,-93,-2336
3146,-618,6592,-557,747,-250,-2368
-750,1404,7018,-105,143,-119,-2352
100,-2392,9638,360,-204,-183,-2352
1544,152,7060,-385,564,-239,-2368
-1352,1426,8532,286,-275,-133,-2368
440,302,8196,-477,9,-79,-2352
594,-1196,6892,-101,124,-95,-2352
2,2406,7782,282,-749,-224,-2352
564,-5636,11504,-728,819,-308,-2336
-1458,2820,6390,263,-310,-42,-2368
-798,190,12316,860,-866,-97,-2384
4452,-1560,4782,-2120,1738,-378,-2352
-3232,-3294,11594,1441,-753,-66,-2384
776,-1672,9258,-62,-70,-68,-2352
2936,1884,3908,-773,766,-158,-2336
-3200,-2010,9734,725,-477,-14,-2336
3242,300,6586,-432,482,-222,-2384
304,194,7404,-194,375,-158,-2352
-756,-114,8240,348,-443,-92,-2352
2724,-510,6998,-305,545,-231,-2368
-514,996,8222,-108,183,-117,-2384
630,-1494,8730,142,-183,-139,-2384
1032,-1002,8162,-130,505,-248,-2352
-1332,1524,8402,96,-208,-107,-2368
806,478,8054,-415,44,-98,-2368
