AcX,AcY,AcZ,GyX,GyY,GyZ,Tmp
3704,2352,6864,373,529,-375,-3072
-3870,-2372,9610,-1248,-491,-105,-3056
-148,-4550,8562,616,-186,-120,-3088
2310,294,4568,-893,299,-428,-3088
-6138,2888,6002,698,-375,288,-3056
7594,-7416,10806,757,-5,-129,-3024
-1954,11024,1924,-1707,-384,-250,-3056
-1900,-2998,9288,1176,-354,149,-3056
4450,-8588,10296,-878,189,-626,-3056
-2200,3782,6066,26,68,-213,-3072
2784,-10306,13230,1245,509,-132,-3056
-344,5052,6788,-858,-163,-191,-3088
-1658,6522,5172,-61,-191,33,-3056
2690,-5164,9328,261,581,-314,-3072
-1148,80,8458,-628,-114,-164,-3072
684,-2314,8436,399,107,-226,-3040
708,6708,6106,-872,432,-366,-3040
434,-3382,7732,687,-205,-39,-3056
5076,3390,3160,-932,339,-463,-3072
-4292,-3372,10444,1066,89,169,-3072
4552,-7926,12100,245,-581,0,-3072
-3526,8992,3006,-1515,-87,-335,-3072
-3866,-11680,14766,1495,-299,185,-3072
4832,1486,4898,-1413,-209,-523,-3072
-4040,8274,4318,409,408,-313,-3072
3706,-9452,12522,817,163,-61,-3072
1378,9804,3734,-861,-1,-271,-3072
-2276,2156,9576,381,31,45,-3088
3240,-5900,9976,-438,147,-177,-3056
-1028,2990,6882,-400,66,-238,-3088
-594,-3454,8544,222,-44,-142,-3088
-542,6832,5366,-505,686,-434,-3088
-1688,-5592,10362,85,-275,21,-3056
4322,2326,3440,-673,467,-542,-3072
-5462,-128,8450,1079,394,81,-3056
80,-308,8668,22,-800,79,-3072
1000,11986,1982,-1171,285,-424,-3072
-3094,-8170,12042,1327,-353,225,-3040
4752,-3248,7368,-1491,-267,-425,-3040
-32,-1776,8160,757,645,-362,-3072
1046,-8814,12964,372,-142,-19,-3072
524,8906,4560,-782,29,-273,-3072
-2184,3610,7990,531,107,21,-3072
1998,284,8380,-596,89,-198,-3040
-658,2622,5472,-310,146,-231,-3040
36,-3398,8708,192,-71,-151,-3072
1770,5420,7554,28,807,-474,-3072
-4562,-264,8724,-642,-560,4,-3040
2558,-88,6136,292,95,-268,-3104
-128,-4520,8578,-500,345,-405,-3056
-4578,5606,4706,-22,-1082,419,-3056
7154,-8240,11400,1310,1007,-421,-3056
-5216,2450,8154,-1504,-667,-78,-3088
702,8210,4740,351,-469,53,-3056
3096,-10970,12592,287,801,-677,-3056
-4990,10590,3170,-1101,-845,65,-3088
3848,-3830,8948,1356,693,-263,-3024
-662,-2982,11352,-406,-27,-177,-3056
-1946,5532,6248,-683,-385,92,-3072
3180,-6342,9928,376,688,-304,-3088
-1170,1122,8144,-586,-139,-156,-3056
2738,-376,6470,449,160,-229,-3088
1100,6080,6808,-871,337,-357,-3072
-112,-5864,10130,408,-213,16,-3056
5530,3686,3842,-539,535,-517,-3056
-3514,-5866,11874,1168,516,27,-3072
3256,-5336,11118,-655,-1386,232,-3056
4278,8654,4590,-367,788,-501,-3056
-4436,-11396,15424,926,-358,223,-3056
4310,-9668,10948,245,844,-695,-3056
-1920,-2256,10264,-1288,-1154,144,-3056
3538,-138,6726,564,488,-277,-3072
-786,-3402,11514,156,252,-140,-3072
766,5102,5986,-1198,-575,44,-3072
-32,948,6048,296,533,-310,-3072
-1264,-652,8822,-221,-107,-91,-3072
3686,158,6436,379,453,-346,-3072
-3666,2800,7300,-1215,-337,-185,-3072
644,-2926,7602,583,-281,-93,-3072
4848,3028,3504,-858,358,-490,-3072
-4728,-2562,9884,854,-99,188,-3040
5162,-7438,11710,499,-300,-43,-3040
-3756,7050,4522,-1344,54,-336,-3056
-3572,-9974,13454,1381,-316,233,-3056
4926,-366,5952,-1345,-191,-487,-3056
-4348,8962,4100,-598,-359,-98,-3056
3912,-8498,11486,1308,565,-176,-3024
-1112,1218,9054,-807,-113,-179,-3088
-2370,2290,9306,-59,-202,65,-3072
3390,-6074,9990,96,593,-303,-3056
-1152,2972,7390,-540,-60,-166,-3056
2022,-2088,8032,432,70,-214,-3056
2042,5578,7432,-586,639,-420,-3072
-988,-6166,10654,214,-212,30,-3056
5596,3178,5154,-255,519,-457,-3056
-2576,-7170,11932,584,519,-156,-3056
816,-806,8690,-636,-1460,362,-3056
6414,3592,6948,300,1124,-533,-3056
-5252,-8786,15536,194,-473,137,-3088
4600,7652,2660,-1113,-431,-233,-3056
3546,-10974,12744,1456,1365,-631,-3040
-3230,2666,7544,-868,-879,111,-3056
2156,7324,4064,114,389,-276,-3024
-1130,-1724,11040,345,264,-75,-3088
262,6970,4528,-1163,-490,25,-3040
450,-992,7344,221,393,-311,-3040
220,-2836,8636,443,89,-169,-3072
1036,6596,6400,-955,281,-331,-3040
-130,-5434,9532,370,-239,-2,-3056
5290,3318,4054,-482,541,-482,-3056
-3546,-5764,11848,1002,555,-50,-3056
2990,-4084,10364,-537,-1281,261,-3088
4608,7446,5530,-234,871,-512,-3056
-4280,-10856,15426,815,-398,175,-3056
4880,4850,3590,-1484,-429,-337,-3088
2486,-8920,11466,1415,1215,-501,-3040
-1868,-1518,9882,-430,-603,49,-3056
1802,9132,3770,-306,270,-285,-3024
-2026,464,10586,448,257,-12,-3056
848,4668,6226,-936,-342,-47,-3040
28,910,6278,9,278,-292,-3072
-916,-3426,8550,174,-112,-118,-3072
2860,4158,7334,-121,736,-457,-3072
-2294,-4846,10388,-491,-362,-44,-3072
4646,3096,5450,222,145,-264,-3072
1166,-2568,6796,-98,445,-323,-3040
-6170,6116,4372,-419,-1357,479,-3104
7758,-992,8650,1355,1315,-447,-3072
-5246,-7540,15320,-1148,-628,-5,-3072
-640,5046,6394,-223,-517,-23,-3104
3996,-12468,13080,912,1184,-712,-3072
-4336,6962,5012,-1380,-1121,149,-3072
3004,4558,4480,1133,685,-291,-3072
-982,472,9454,-180,93,-130,-3040
-412,6976,4188,-990,-580,104,-3072
1414,-2466,8316,316,625,-353,-3072
-1200,-1896,8502,-427,-164,-89,-3040
2184,-1480,7700,450,277,-291,-3072
-1306,6800,5028,-1282,-93,-296,-3072
-410,-5494,9090,680,-241,-9,-3072
3332,1144,3760,-789,457,-508,-3040
-2812,-6892,12244,1103,327,82,-3072
1474,-1696,9466,-100,-896,153,-3040
-5172,2110,8582,-1126,-679,17,-3088
934,8382,4726,-788,-505,-142,-3072
3206,-10722,12462,1330,1351,-624,-3072
-2954,1812,7888,-1234,-1081,130,-3040
2034,8048,3832,633,612,-289,-3104
-880,-2394,11114,210,206,-84,-3072
570,6652,4900,-1162,-511,57,-3072
328,-760,7240,291,463,-340,-3040
-796,-3152,8424,-316,-202,-92,-3040
3056,-640,6676,360,409,-385,-3072
-2870,4486,6108,-1259,-326,-206,-3104
124,-4088,8124,674,-254,-50,-3072
1826,-72,5046,-906,351,-469,-3072
-3856,-5394,11608,1020,-29,201,-3040
7962,-6418,10658,1145,469,-244,-3040
-2752,10142,2116,-1730,-507,-169,-3056
-1560,-806,8200,1030,-378,132,-3088
4244,-9912,11208,-682,307,-672,-3088
-5082,9874,3448,-501,-316,-120,-3056
3264,-10008,12866,1292,565,-154,-3024
-306,3744,7606,-712,-71,-206,-3056
-1318,6448,4936,-223,-329,100,-3056
2702,-4012,8834,142,557,-273,-3056
-796,3142,6538,-604,-56,-161,-3040
866,-1802,8210,407,38,-176,-3072
408,6590,5732,-732,562,-366,-3072
-148,-6544,9988,245,-239,11,-3040
4646,3174,5228,-372,450,-460,-3072
-1358,-7942,11722,886,605,-140,-3072
-1360,2400,6908,-823,-1569,367,-3040
1844,12142,2252,232,1157,-583,-3072
-5212,-7680,15056,463,-356,157,-3072
3586,10584,2118,-1407,-515,-236,-3040
978,-4488,9470,1610,1382,-578,-3104
134,-7608,12580,-900,-923,122,-3040
3084,4284,4352,43,381,-312,-3072
-1242,-3550,11756,347,188,-24,-3040
3564,-6122,9724,91,631,-336,-3056
-1426,2760,7382,-537,-147,-128,-3072
1922,-1320,7634,394,148,-253,-3072
-962,7066,5082,-946,325,-342,-3072
-156,-5938,9700,471,-210,60,-3072
5672,4038,4688,-603,523,-481,-3072
-2352,-7284,12314,1034,577,-7,-3072
840,-392,9096,-530,-1275,249,-3040
340,11650,2406,-225,903,-567,-3040
-5276,-9406,15574,888,-403,174,-3040
4312,8640,2064,-1506,-482,-326,-3072
-902,-210,7634,1278,1044,-488,-3040
1570,-8980,12878,-458,-614,47,-3072
76,8398,4594,-777,48,-250,-3120
-2052,4464,7038,535,124,53,-3056
2162,-974,8968,-577,80,-178,-3088
-730,3082,5486,-246,117,-250,-3056
290,-3358,9010,195,-20,-150,-3056
1514,6052,7060,-39,741,-454,-3056
-4056,-1622,9172,-610,-471,-35,-3056
3042,312,6066,272,110,-290,-3056
-358,-5200,9048,-394,320,-318,-3056
-4292,6006,4660,-173,-1144,428,-3088
7702,-7992,11706,1402,1220,-439,-3088
-5068,752,9908,-1346,-620,-10,-3056
1448,8722,4572,208,-405,9,-3056
2972,-10400,12588,464,901,-684,-3056
-5156,10858,2742,-1231,-998,70,-3056
3622,-2302,7812,1250,677,-251,-3056
-664,-3174,11322,-278,41,-178,-3056
634,6436,5168,-899,-480,80,-3088
3068,-5532,9626,403,667,-342,-3088
-1326,490,8612,-532,-141,-140,-3088
3256,-266,6414,419,238,-246,-3088
920,6526,6316,-984,276,-353,-3072
10,-6536,10216,582,-227,16,-3056
-710,-7498,11142,530,596,-233,-3056
4078,-6838,11634,151,-687,17,-3072
-3362,9902,2342,-1389,35,-367,-3072
-3740,-11552,15352,1501,-213,220,-3040
5162,2250,4872,-1285,-64,-535,-3024
-3686,7224,4694,261,260,-241,-3088
3608,-10228,12848,850,224,-68,-3056
1246,10322,3434,-882,-67,-236,-3072
-2336,1064,10164,309,-47,50,-3056
3212,-5522,9834,-240,327,-278,-3056
-1136,3234,6838,-443,65,-220,-3088
-636,-3566,8624,232,-93,-145,-3104
2484,5116,7522,-226,764,-474,-3072
-1454,-6466,10876,-222,-333,-2,-3072
5316,3574,4942,-36,200,-331,-3072
574,-3264,7398,67,476,-297,-3072
-5674,5554,4890,-540,-1428,438,-3072
7140,2008,7716,1165,1376,-493,-3040
-5188,-8818,15848,-737,-518,23,-3072
-26,6628,5966,-478,-488,-71,-3072
3586,-11810,12956,1117,1242,-648,-3072
-3786,4890,6140,-1361,-1176,116,-3072
2302,6706,4080,928,616,-263,-3072
-1068,-1160,10460,-9,108,-107,-3072
256,7976,3928,-1151,-513,55,-3072
702,-2188,8248,401,615,-294,-3072
-816,-2936,8508,-394,-165,-102,-3072
2500,-1556,7328,470,383,-344,-3040
-2150,5912,5590,-1283,-97,-234,-3088
-112,-4830,8894,588,-259,-48,-3024
2728,1054,3978,-769,499,-486,-3056
-3144,-6580,12132,1115,317,73,-3056
2244,-2888,10150,-177,-919,107,-3056
-1300,10752,2064,-952,317,-393,-3056
-1904,-4158,9778,1262,-354,252,-3088
4752,6344,2790,-1499,-328,-435,-3088
-2018,2648,6386,799,701,-366,-3024
3572,-2256,8026,987,626,-245,-3088
-1438,-636,10994,390,344,-90,-3056
442,5962,5472,-1127,-459,-1,-3088
122,100,6778,90,323,-294,-3072
-624,-3554,8666,-82,-129,-101,-3040
2982,3890,7276,229,548,-412,-3072
-3114,3840,6638,-1115,-506,-115,-3104
326,-3330,7966,641,-97,-143,-3040
1456,-1684,6076,-816,307,-439,-3040
-6312,5730,4670,687,-409,296,-3088
4588,-7902,12170,1008,168,-162,-3088
-3528,8918,2980,-1815,-454,-182,-3056
-1132,2556,6898,1167,-368,164,-3088
4212,-12022,12484,-840,157,-600,-3056
-4020,8250,4212,-421,-206,-170,-3088
3596,-9396,12458,1288,556,-117,-3056
-470,1736,8826,-784,-50,-235,-3088
-836,7018,4204,-94,-259,65,-3056
3142,-6132,10206,88,534,-280,-3056
-890,3128,7026,-605,-21,-174,-3056
1518,-1692,7956,329,1,-209,-3056
-730,7140,4982,-640,632,-399,-3088
-1264,-6530,10830,241,-192,2,-3056
5436,4136,4714,-369,466,-415,-3088
-2340,-7390,12028,771,637,-154,-3056
-5626,6418,4572,-803,-1592,396,-3072
6924,3352,7174,399,1238,-540,-3056
-4964,-10008,16260,214,-404,127,-3056
4526,8682,2378,-1050,-508,-165,-3104
3592,-12068,13254,1577,1427,-596,-3104
1728,-10300,13492,-318,-576,45,-3072
2182,7568,3432,-397,212,-252,-3040
-1248,-2428,11420,545,264,7,-3072
2050,-1130,8856,-1000,-275,-86,-3040
-654,3266,5246,-40,225,-275,-3072
-864,-3154,8652,74,-89,-89,-3040
3580,2386,6978,168,720,-465,-3104
-60,-6394,10246,482,-183,27,-3056
2114,244,4680,-783,305,-429,-3040
-6106,3180,5930,310,-795,372,-3056
7550,-6864,10572,964,292,-196,-3072
-1978,10318,2298,-1707,-467,-159,-3040
-1648,-2388,9110,994,-358,116,-3040
4492,-9186,10746,-587,370,-651,-3072
-4930,9850,3546,-538,-331,-112,-3040
2722,-9986,13044,1337,595,-134,-3072
-308,4592,6790,-729,-145,-204,-3072
-1638,6978,4782,-319,-319,94,-3040
2574,-4856,9256,203,557,-272,-3072
-488,3628,6078,-678,-71,-206,-3072
598,-2178,8526,426,105,-206,-3072
742,6464,6220,-636,621,-408,-3072
-36,-6358,10142,185,-194,43,-3040
4346,2834,5612,-274,491,-409,-3072
-1034,-8304,11718,814,618,-122,-3040
-2054,3874,6240,-979,-1648,371,-3072
2158,11856,2594,386,1204,-551,-3072
-5126,-6186,14684,239,-414,142,-3040
3282,10788,2694,-1246,-482,-220,-3040
1676,-6238,10412,1664,1487,-609,-3072
-322,-6544,12378,-902,-966,109,-3072
2936,3480,4824,365,403,-282,-3056
-876,-3206,11488,222,202,-89,-3056
1288,2584,7300,-1220,-552,30,-3056
-242,2094,5356,235,473,-278,-3056
-1122,-1898,8730,-123,-107,-119,-3056
3922,680,6518,312,522,-369,-3056
-4412,1336,8044,-1277,-439,-141,-3056
1566,-1608,6972,736,-237,-69,-3088
750,-4406,8064,-592,346,-415,-3088
-5570,5828,4270,44,-994,405,-3056
6466,-8554,11740,1303,727,-319,-3024
-4856,4010,6466,-1659,-627,-114,-3056
-88,7388,5010,617,-446,77,-3056
-468,-464,7700,1393,1169,-504,-3104
1282,-9076,13146,226,-213,-14,-3024
460,8490,4696,-744,110,-252,-3056
-2352,4174,7340,479,123,22,-3024
2166,-778,8912,-596,48,-180,-3056
-538,2762,5494,-221,161,-259,-3056
8,-3296,8886,178,-94,-111,-3056
1646,5940,7262,4,779,-458,-3088
-4346,-1390,9308,-647,-464,-45,-3088
2890,342,6058,275,45,-293,-3056
-332,-4608,8830,-447,328,-338,-3056
-4402,5322,4916,-100,-1149,414,-3056
7410,-7494,11442,1296,1075,-419,-3056
-5132,802,9454,-1303,-589,-65,-3056
1244,8740,4572,187,-430,25,-3056
4426,-7132,9524,182,766,-697,-3008
-5006,10694,2916,-1205,-968,81,-3056
3582,-2476,8092,1256,703,-234,-3056
-738,-3184,11378,-348,-2,-162,-3056
-1658,5876,6024,-749,-411,79,-3072
3082,-6118,9942,430,667,-323,-3056
-1144,478,8324,-563,-106,-120,-3088
2994,-88,6532,472,199,-238,-3072
954,6220,6470,-951,291,-303,-3072
-224,-5286,9714,303,-286,16,-3040
5250,3624,3610,-430,526,-478,-3072
-3750,-5354,11560,1026,614,-58,-3104
-3012,4338,5680,-628,-1362,257,-3072
3960,8560,4490,-168,895,-538,-3072
-4284,-10960,14938,747,-431,239,-3104
4752,3862,3750,-1472,-508,-305,-3072
2124,-8116,11296,1366,1128,-528,-3040
-1438,-3066,10670,-476,-639,57,-3040
1766,9198,3850,-260,305,-310,-3072
-2168,966,10250,432,262,-11,-3040
1000,3912,6568,-838,-229,-63,-3040
-176,1162,5934,-69,278,-266,-3072
964,-1856,8420,445,106,-220,-3088
112,6694,5854,-1146,31,-293,-3040
-62,-6116,9900,616,-239,-22,-3040
4776,2568,3332,-889,368,-494,-3040
-5020,-1492,9052,791,-159,218,-3072
5850,-8372,12144,701,-108,-82,-3072
-4184,5760,5224,-1646,-265,-262,-3072
-3270,-9182,12498,1319,-313,195,-3104
4808,-2274,6816,-1058,23,-568,-3072
-4910,10138,3656,-133,-24,-220,-3072
4136,-7448,10952,1057,368,-121,-3072
734,9130,4284,-858,-55,-219,-3040
-2426,3114,8638,141,-140,55,-3040
3472,-6364,9764,-57,455,-271,-3072
-1358,2518,7836,-443,23,-183,-3056
-122,-3102,8694,275,-27,-169,-3088
1838,6124,7192,-351,723,-455,-3088
-598,-6196,10328,-98,-267,-10,-3088
5670,3352,4628,-80,358,-386,-3056
-90,-4302,8550,164,470,-240,-3088
-4558,5202,5144,-467,-1386,435,-3056
5774,5476,6490,901,1330,-540,-3056
-4866,-9770,15620,-499,-570,74,-3056
1288,8270,5024,-632,-467,-95,-3056
3098,-10146,12276,1247,1330,-679,-3056
-2656,762,8520,-1295,-1109,119,-3056
3816,-2714,8110,863,610,-275,-3040
-866,-2720,11184,113,142,-101,-3088
684,6332,4922,-1138,-466,49,-3056
134,-320,6998,327,526,-320,-3088
-1142,748,8392,-360,-136,-114,-3104
3232,-310,6750,404,372,-323,-3040
-2890,3884,6528,-1257,-199,-226,-3072
274,-3974,8048,588,-303,-55,-3072
5064,3708,3300,-910,367,-493,-3072
-4142,-4486,11178,1095,189,129,-3072
3594,9416,4724,-536,675,-480,-3056
-1372,546,8042,899,-377,122,-3088
4294,-10726,11840,-491,412,-665,-3024
-4776,8912,3944,-629,-405,-56,-3088
3402,-9612,12486,1362,573,-161,-3056
-616,2604,8198,-667,-114,-214,-3056
-1086,7098,4178,-376,-359,64,-3024
2168,-3328,8588,203,576,-295,-3056
-1332,-1122,8528,-481,-133,-106,-3056
1412,-2016,8260,455,212,-275,-3072
-180,6738,5534,-1202,37,-273,-3056
-142,-5922,9540,609,-204,-7,-3088
4322,2162,3404,-623,512,-491,-3040
-1950,-7958,11952,1195,538,33,-3072
-362,384,8176,-475,-1280,221,-3040
418,12498,1454,-766,495,-498,-3040
-3216,-8130,11416,1169,-381,218,-3072
4482,9200,2168,-1558,-384,-393,-3040
10,-1794,8188,1203,976,-450,-3072
1270,-9238,13360,-59,-361,8,-3040
678,8364,4818,-538,222,-285,-3072
-1360,-2576,11356,490,157,55,-3072
2106,-106,8478,-708,-119,-113,-3072
-666,2392,5630,-146,185,-249,-3072
-40,-2790,8634,50,-176,-94,-3072
3960,1690,6808,84,780,-486,-3072
-4112,-2020,9674,-737,-466,-37,-3072
2906,1072,5964,327,21,-281,-3040
-242,-5600,9408,-382,413,-368,-3072
-6048,2412,6468,-22,-1155,387,-3104
7472,-7224,10914,1257,846,-323,-3056
-5548,-14,10156,-1575,-596,-110,-3056
1540,9428,3870,452,-456,43,-3120
4434,-8244,10290,77,732,-695,-3088
-4910,10278,3250,-979,-758,4,-3056
3972,-2124,7788,1419,746,-229,-3056
-850,-3114,11520,-534,-79,-183,-3056
2648,-3788,9782,-771,-91,-141,-3056
-700,3434,6086,-290,89,-220,-3088
902,-2576,8786,203,-58,-147,-3024
3126,3528,7482,-159,821,-483,-3040
-2904,-4252,10298,-391,-351,-31,-3104
4222,2700,5550,99,201,-314,-3072
-968,-7684,11014,-6,418,-267,-3072
-2326,4246,6262,-686,-1521,420,-3072
8164,-4308,9962,1003,1400,-538,-3104
-5346,-4394,13392,-829,-635,57,-3088
2950,10336,2762,-488,-441,-119,-3056
1712,-7080,10606,1147,1271,-627,-3056
-4938,9110,3660,-1321,-1150,132,-3088
3204,2328,5436,916,571,-277,-3024
-794,-3646,11598,31,152,-131,-3088
1300,3102,7146,-1086,-542,68,-3088
2082,-3770,8790,317,587,-339,-3056
-1196,-1236,8696,-392,-146,-137,-3056
3810,738,6326,391,357,-304,-3056
-4080,1508,7806,-1260,-157,-222,-3088
-188,-6184,9620,692,-195,-18,-3088
4176,2438,3312,-914,362,-492,-3056
-5398,74,8412,1086,192,172,-3120
-114,500,8368,-110,-896,105,-3072
814,12680,1836,-1373,67,-358,-3056
-3142,-8796,12352,1456,-293,207,-3056
4822,-3138,7404,-1581,-308,-433,-3040
130,-2218,8298,779,705,-395,-3072
1048,-9080,13050,371,-125,47,-3072
640,9146,4522,-783,70,-257,-3040
-2302,3534,8106,460,87,26,-3072
2008,608,8358,-550,60,-174,-3072
-602,2350,5632,-275,112,-236,-3072
-122,-3094,8580,138,-97,-129,-3040
2044,5650,7510,20,871,-526,-3072
-4806,-322,8758,-671,-532,-9,-3040
2468,510,5784,246,85,-275,-3072
-3124,-6156,11986,1105,332,73,-3056
1894,-2826,10006,412,-434,-28,-3072
-1210,11926,1686,-1527,-95,-305,-3072
-2286,-4472,10070,1327,-319,190,-3056
4640,-7328,9740,-1077,49,-560,-3088
-1672,2262,6720,230,287,-268,-3040
2508,-10356,13496,881,239,-87,-3040
-188,6828,5694,-940,-111,-238,-3040
-1786,5498,6000,374,-42,80,-3072
2386,-2824,9486,-299,325,-271,-3072
-864,3590,5506,-475,9,-219,-3072
508,-2740,8690,286,22,-167,-3072
1166,6638,6664,-186,831,-439,-3104
-3676,-2992,9796,-303,-384,7,-3040
3734,1708,5924,62,290,-334,-3072
-708,-6730,10404,86,416,-273,-3040
-3244,5200,5482,-547,-1428,420,-3072
8060,-6504,10858,1223,1407,-549,-3072
-5496,-1920,11548,-895,-664,56,-3040
2226,10046,3234,-383,-470,-92,-3040
2400,-8786,11624,1047,1236,-686,-3040
-4982,10176,3098,-1317,-1154,135,-3072
3462,302,6572,1090,645,-247,-3024
-458,-3942,11766,-106,127,-150,-3056
730,4960,6134,-1122,-553,88,-3088
2614,-5002,9490,438,652,-322,-3056
-1208,-722,8768,-441,-124,-154,-3056
3468,520,6076,400,218,-320,-3088
-3858,3172,6944,-1130,2,-266,-3056
128,-6552,10128,622,-207,14,-3024
4884,3442,2930,-876,384,-501,-3056
-4958,-1858,9674,1175,392,79,-3024
5210,-8314,12176,-209,-981,127,-3088
2230,12036,2688,-1025,359,-417,-3056
-3294,-10996,14302,1437,-202,214,-3088
5028,-266,6194,-1628,-386,-423,-3056
1104,-4782,9474,1139,922,-436,-3040
3164,4030,4756,1227,703,-226,-3040
-646,-3906,11950,263,296,-126,-3040
1572,2234,7754,-1267,-560,42,-3040
1656,-2966,8518,304,483,-336,-3072
-1330,-2040,8526,-176,-159,-88,-3056
3960,1120,6366,362,563,-397,-3056
-4440,514,8480,-1310,-512,-141,-3056
20,-5590,9576,683,-198,-98,-3040
3834,1296,3968,-850,428,-481,-3040
-5610,996,7970,813,-146,201,-3072
7154,-8794,12066,711,-131,-80,-3072
-512,11948,1484,-1619,-266,-277,-3072
-2770,-6116,10084,1253,-410,233,-3072
4340,-5422,8540,-1125,-65,-546,-3040
-5268,11184,2812,-76,57,-175,-3072
2028,-10352,13636,1103,407,-117,-3040
348,7290,5464,-864,-99,-227,-3072
-1996,4944,7050,183,-103,39,-3104
3210,-6548,10004,-105,432,-262,-3072
-720,3406,5310,-570,-11,-198,-3072
390,-3022,8772,370,16,-171,-3040
1080,6656,6616,-462,652,-403,-3040
154,-6128,10020,0,-215,11,-3072
3720,1066,5950,20,368,-346,-3088
-712,-6050,9864,159,483,-232,-3088
-3472,4688,5518,-516,-1420,413,-3056
4318,7792,5270,956,1332,-532,-3088
-5536,-1382,11158,-672,-642,56,-3088
2028,9644,3530,-569,-498,-132,-3056
2434,-8522,11368,1220,1276,-632,-3056
-1748,-2240,10206,-1252,-1054,123,-3088
3422,-20,6816,732,557,-301,-3056
-296,-3736,11612,120,253,-141,-3088
666,4610,6250,-1055,-378,2,-3088
-102,1166,6010,62,305,-299,-3056
-550,-3698,8784,-92,-108,-103,-3072
3366,492,6250,242,489,-380,-3072
138,-6220,9942,261,-198,8,-3072
892,-2462,6804,-908,278,-483,-3040
-4834,-2140,9878,689,-403,295,-3072
5546,-9096,12504,1249,487,-233,-3088
-3988,7392,4274,-1631,-687,-67,-3072
-654,4424,6444,361,-460,35,-3040
4050,-12672,13106,290,848,-713,-3072
-4512,7312,4766,-1186,-961,51,-3072
3670,-8082,11448,1368,695,-196,-3072
-772,296,9598,-373,29,-175,-3104
-420,7298,4114,-789,-484,63,-3072
1640,-2620,8258,353,661,-322,-3072
-1040,2578,7568,-521,-102,-157,-3072
2110,-1696,7594,475,245,-272,-3056
-1362,6590,5152,-1257,29,-281,-3056
-234,-4874,9222,643,-194,-5,-3056
5566,3744,4552,-641,521,-503,-3040
-2894,-6584,12038,1115,494,13,-3040
1734,-3002,9984,-351,-1163,221,-3040
-842,11244,1772,-779,499,-465,-3072
-5004,-10392,15738,1114,-405,205,-3072
4596,6728,2526,-1566,-432,-381,-3104
-1584,2520,6340,1131,978,-428,-3072
2422,-10268,13470,-39,-319,4,-3040
2144,8414,3642,-491,174,-266,-3040
-1672,-1220,11342,524,174,3,-3072
2446,-2886,9392,-783,-132,-109,-3072
-702,3134,5670,-138,169,-255,-3072
-818,-3202,8344,72,-145,-93,-3104
3264,3220,7286,57,786,-478,-3040
-3170,-3778,10220,-724,-432,-63,-3040
4102,2014,5848,117,280,-320,-3088
-734,-7146,10684,222,501,-249,-3072
-2668,3802,6258,-565,-1497,452,-3040
7726,-4706,9838,978,1327,-520,-3072
-5616,-3444,12536,-672,-640,74,-3072
4852,2454,4422,-1281,-96,-536,-3056
-4656,8776,3900,-1102,-844,14,-3072
3314,1384,6154,1248,702,-253,-3056
-484,-3552,11804,-242,51,-177,-3088
-1102,7198,4336,-996,-575,96,-3056
2238,-3980,8842,401,605,-336,-3088
-1078,-1076,8436,-538,-123,-123,-3088
3410,924,6154,455,223,-253,-3056
-130,6432,5630,-1128,66,-277,-3088
-400,-5384,9310,483,-272,-24,-3056
4294,2666,3284,-607,501,-492,-3088
-1610,-8270,12120,1131,555,-37,-3040
-756,1716,7444,-447,-1204,194,-3056
1050,11782,1890,-785,448,-481,-3056
-3478,-9176,12258,967,-412,214,-3072
3954,9746,2166,-1550,-459,-361,-3040
620,-3328,8926,1333,1154,-489,-3072
668,-8218,13010,-187,-450,61,-3072
1052,8446,4750,-406,254,-275,-3072
-1114,-2392,11314,413,170,-11,-3072
1680,320,8118,-787,-203,-70,-3040
-444,2542,5362,-168,191,-243,-3072
-452,-2772,8538,246,-42,-140,-3072
2078,5554,7374,-188,780,-480,-3072
-1008,-5918,10354,-364,-336,1,-3072
2494,-360,6630,253,190,-268,-3088
426,-5518,9128,-107,512,-303,-3056
-4714,5412,5020,-398,-1408,452,-3088
6104,4912,6600,1289,1233,-482,-3056
-5342,1540,8414,-1146,-716,2,-3056
648,9258,3982,-249,-546,-36,-3024
2994,-10984,12482,920,1186,-685,-3056
-3098,1658,8186,-1307,-1066,63,-3056
4068,-4166,8772,1190,712,-329,-3056
-1046,-2674,11164,-209,55,-117,-3056
862,6910,4826,-1028,-544,90,-3056
3336,-5780,9366,334,673,-381,-3040
414,-2782,8846,223,-81,-106,-3088
1054,6540,6584,-343,746,-447,-3056
-76,-6072,10146,-10,-280,17,-3040
3838,1300,5966,-72,440,-394,-3040
-782,-5460,9676,248,422,-210,-3072
-3330,4220,5550,-531,-1447,412,-3072
4410,7988,4948,775,1322,-533,-3072
-5364,-1602,11368,-356,-541,104,-3040
2282,9346,3834,-734,-447,-149,-3040
2348,-8412,11328,1328,1304,-667,-3072
-1758,-2372,10300,-1185,-1090,121,-3072
3522,-100,6854,531,523,-283,-3040
-754,-3528,11522,169,180,-73,-3072
1108,5188,5708,-1212,-507,18,-3040
-296,828,6254,319,509,-313,-3072
-1206,-516,8614,-247,-111,-106,-3040
3434,260,6266,393,408,-326,-3056
-3526,2896,7242,-1175,-213,-198,-3056
794,-3418,7814,547,-302,-23,-3088
4844,3438,3122,-846,384,-489,-3088
-4444,-3494,10414,1031,157,173,-3088
4650,-6372,11284,826,156,-186,-3024
-3684,8644,3610,-1625,-419,-198,-3088
-1002,1848,7578,1171,-297,157,-3056
4898,1172,5394,-905,110,-603,-3040
-3936,7934,4388,-417,-219,-132,-3056
3644,-8952,12202,1230,530,-102,-3056
-696,1766,8698,-848,-116,-197,-3072
-2452,2070,9382,-13,-213,47,-3072
3282,-5680,9794,-43,451,-264,-3072
-1172,2750,7292,-539,-34,-182,-3072
1630,-1632,7904,364,9,-171,-3072
2432,4760,7482,-464,700,-402,-3072
-1446,-5630,10330,2,-272,28,-3072
5386,3828,4834,-168,381,-414,-3072
-2128,-7814,12270,519,524,-210,-3072
-5688,6544,4438,-793,-1603,447,-3040
-4674,3846,7066,-1741,-389,-178,-3072
96,7570,5582,776,-421,92,-3072
4520,-4398,7878,-312,453,-647,-3072
-5260,11130,3166,-1073,-794,10,-3056
4226,-5948,9810,1415,723,-240,-3056
-1244,-1356,10360,-614,-98,-176,-3088
394,7112,4204,-489,-416,100,-3056
3372,-6130,9732,223,696,-331,-3056
-1534,2066,8106,-528,-109,-118,-3056
2960,-1594,7280,446,173,-221,-3024
1458,6666,6848,-850,446,-389,-3040
-330,-6652,10458,459,-223,36,-3056
5722,3712,4032,-491,522,-491,-3056
-3558,-5970,11810,949,581,-50,-3088
-3932,4892,5390,-664,-1410,328,-3040
5028,7070,5658,121,1031,-529,-3104
-4448,-10566,15272,494,-428,179,-3040
4734,5294,3598,-1290,-484,-296,-3072
2624,-9340,11774,1419,1210,-560,-3072
-2060,-1012,9346,-753,-745,74,-3040
1554,9090,3742,-644,65,-256,-3072
-1546,-608,10870,489,178,-24,-3072
2568,-4042,9846,-603,31,-160,-3072
-722,3374,6294,-248,142,-238,-3072
-536,-3454,8460,117,-94,-143,-3072
2770,4180,7346,-65,696,-446,-3040
-2504,-4262,10166,-597,-410,-46,-3072
4388,2488,5626,296,144,-296,-3072
1178,-1554,6114,-413,340,-326,-3056
-6006,5252,4620,-5,-1066,396,-3056
7906,-3794,9784,1377,1054,-394,-3024
-5490,-5096,13792,-1561,-706,-44,-3088
-1026,2240,7332,331,-451,29,-3088
4044,-11372,12202,251,837,-685,-3088
-4590,8328,4204,-1103,-856,60,-3024
3084,3040,5306,1334,729,-232,-3088
-536,1458,9012,-346,42,-158,-3056
3112,-5828,9844,-574,4,-155,-3056
-978,3054,7128,-485,0,-216,-3072
-406,-3246,8694,260,-25,-159,-3072
2328,5380,7488,-340,737,-422,-3072
-1154,-6346,10524,-177,-295,-4,-3072
5196,4050,4666,-50,322,-347,-3072
400,-4776,8494,377,555,-241,-3072
-5438,6820,4216,-733,-1572,444,-3072
6654,3968,7024,1077,1407,-506,-3072
-4976,-10604,16388,-618,-523,46,-3072
420,8202,5134,-713,-491,-111,-3040
3600,-12170,13214,1375,1386,-628,-3072
-3390,3184,7100,-1350,-1192,124,-3072
2192,7606,3380,766,555,-296,-3072
-996,-1946,10940,102,200,-90,-3040
402,6954,4590,-1138,-544,54,-3072
566,-1128,7632,337,568,-315,-3056
-926,-2848,8376,-366,-157,-108,-3056
3090,-1238,6946,429,378,-324,-3056
-2896,5828,5418,-1407,-347,-211,-3072
-152,-4364,8446,769,-232,-43,-3040
2204,-858,5252,-915,378,-494,-3040
-3986,-4680,11430,922,-40,192,-3072
3568,-5190,11304,420,-412,9,-3040
-2412,10042,2434,-1304,97,-365,-3088
-1464,-1002,8590,1424,-279,174,-3088
4834,3956,3918,-1456,-204,-509,-3056
-3148,5866,5268,443,426,-299,-3088
3296,-10378,12966,648,79,-52,-3056
-774,4264,7098,-896,-71,-208,-3056
-1808,78,10868,440,71,73,-3056
2964,-5126,10204,-355,251,-192,-3088
-720,3726,6284,-426,38,-213,-3088
1230,-2626,8568,260,-18,-151,-3088
2610,4640,7364,-255,784,-449,-3056
-2134,-5212,10312,-289,-317,-8,-3056
4762,2982,5376,79,259,-337,-3088
-4718,-2298,9972,1055,94,180,-3056
7944,-1368,9144,1230,1388,-509,-3024
-5244,-6710,14846,-732,-578,57,-3072
3690,9960,2452,-743,-470,-177,-3088
1138,-4746,9538,1404,1410,-671,-3088
-4492,7204,4758,-1256,-1102,129,-3056
2662,4712,4426,601,497,-257,-3056
-824,-3136,11612,154,238,-103,-3056
1332,1244,7962,-1230,-595,56,-3088
1512,-2858,8582,320,518,-316,-3056
-940,-2392,8738,-261,-98,-116,-3088
3760,1438,6494,333,415,-375,-3056
-4258,244,8420,-1259,-260,-196,-3056
-158,-5946,9456,729,-221,-66,-3024
3606,1616,3614,-971,318,-466,-3056
-6052,1926,7170,951,-34,234,-3056
1120,-1486,9844,194,-631,37,-3072
-236,12848,1582,-1624,-142,-325,-3056
-2438,-6808,11290,1493,-239,166,-3056
4862,-6314,9140,-1289,-78,-530,-3056
-972,848,7056,450,437,-334,-3040
1878,-10136,13570,687,109,-35,-3072
370,7988,5236,-926,-65,-247,-3072
-2336,4858,6714,385,-9,57,-3072
2358,-1730,9264,-349,248,-221,-3072
-636,2972,5496,-433,70,-204,-3040
64,-2720,8662,271,-24,-145,-3072
1532,6062,7056,-511,691,-412,-3104
-198,-6958,10724,179,-264,46,-3072
5802,3984,3786,-307,400,-438,-3040
-500,-6172,10118,672,544,-178,-3040
-3718,4904,5226,-811,-1554,381,-3072
4744,8470,4756,726,1356,-534,-3088
-4520,-11506,15776,1336,-288,212,-3072
4776,4726,3490,-1462,-262,-477,-3088
-2734,4986,5574,623,538,-316,-3056
3530,-848,7134,920,596,-297,-3056
-894,-3902,11742,259,215,-97,-3088
1014,6402,5368,-1311,-514,-22,-3072
-264,200,6674,260,437,-321,-3040
-588,-3864,8678,-180,-174,-114,-3104
3520,-172,6312,326,552,-376,-3072
-3824,4158,6662,-1239,-457,-136,-3072
548,-3714,7846,657,-242,-85,-3040
1340,-978,5626,-948,313,-483,-3104
-4464,-4042,10948,830,-246,242,-3072
4530,-6206,11404,583,-138,-124,-3072
-3398,9042,3352,-1558,-154,-256,-3040
-1154,1016,8048,1285,-332,163,-3072
4872,2316,4918,-1230,-37,-533,-3088
-3828,7136,4802,179,203,-243,-3056
3570,-8984,12452,899,246,-61,-3088
-388,2036,8380,-855,-106,-253,-3056
-2130,2038,9644,195,-30,70,-3056
2970,-6340,10394,-156,356,-225,-3088
-870,3390,6850,-558,7,-240,-3056
1212,-1504,7896,364,14,-147,-3056
2504,4578,7824,-293,760,-441,-3024
-1752,-5034,10298,-226,-345,-8,-3088
5128,3794,5032,24,346,-391,-3056
670,-3560,7602,56,503,-304,-3072
-5870,6732,4236,-718,-1546,439,-3056
7320,218,8364,1202,1468,-582,-3056
-5278,-9206,15856,-732,-606,87,-3056
-570,6370,5742,-395,-550,-44,-3072
3860,-12856,13410,1292,1357,-680,-3056
-4160,5998,5844,-1415,-1197,120,-3072
2870,5958,3946,1021,629,-234,-3072
-712,-1066,10276,-27,165,-165,-3104
-130,7560,4104,-1130,-567,75,-3104
1160,-1924,8022,362,630,-371,-3040
-1194,-2768,8658,-379,-171,-92,-3072
2490,-1318,7188,445,327,-336,-3072
-466,-6534,10432,-192,-288,3,-3072
5854,3408,4548,-147,407,-385,-3072
-292,-4732,8934,431,513,-201,-3072
-4532,5102,4822,-731,-1583,400,-3056
5284,7150,5326,364,1197,-561,-3056
-4978,-10284,15552,128,-419,155,-3088
4800,6044,2770,-1082,-433,-225,-3088
3208,-10586,12560,1584,1421,-581,-3088
-2512,-198,9222,-1027,-948,114,-3056
1940,8752,3582,178,436,-304,-3088
-1004,-2994,11172,234,204,-72,-3040
766,6350,4998,-1176,-474,-12,-3088
-2,-316,6890,256,393,-316,-3056
-706,-3494,8624,-174,-159,-87,-3088
3492,-650,6666,377,522,-343,-3072
-3184,3892,6576,-1259,-450,-159,-3072
314,-3306,7682,568,-256,-112,-3072
1416,-368,5292,-872,358,-487,-3040
-4276,-4116,11040,775,-200,240,-3072
4224,-5612,11114,581,-191,-102,-3040
-3112,8540,3448,-1419,-162,-274,-3072
-1204,950,8252,1226,-327,186,-3072
4844,2292,4950,-1059,32,-590,-3040
-3744,6988,5000,-67,61,-204,-3072
3426,-8866,12136,1003,310,-74,-3072
-558,2092,8304,-841,-110,-219,-3040
-2144,1788,9696,49,-91,46,-3040
3018,-6012,10164,-9,393,-217,-3072
-720,3236,6974,-561,22,-210,-3072
1518,-2114,8208,382,62,-189,-3040
2022,5450,7264,-570,569,-389,-3072
-1220,-5044,10012,-105,-210,-35,-3088
5000,2776,5570,64,389,-370,-3056
-1800,-8106,12128,178,445,-217,-3056
-5726,6242,4352,-638,-1522,437,-3056
7004,1612,8024,1001,1341,-546,-3088
-5076,-8644,15816,-583,-547,45,-3056
4620,-3258,7284,-1176,-64,-575,-3088
-5026,10622,3082,-762,-540,-75,-3072
3804,-6102,10004,1348,587,-189,-3040
-788,-920,10210,-633,-26,-234,-3072
-2438,3896,7846,-345,-334,83,-3072
3428,-6268,9940,261,645,-313,-3072
-1152,1936,8086,-613,-68,-165,-3072
2556,-1074,7234,422,67,-183,-3072
1508,6536,6766,-877,416,-391,-3040
-226,-6526,10240,362,-158,10,-3072
5602,3522,4090,-400,479,-452,-3040
-3518,-5420,11664,877,632,-116,-3104
-3928,4394,5702,-583,-1403,304,-3072
4976,7776,5286,-7,1005,-514,-3040
-4514,-10926,15728,564,-428,164,-3072
4892,5092,3418,-1437,-533,-272,-3040
2734,-9438,11740,1471,1264,-533,-3104
-2090,-1078,9654,-713,-781,51,-3104
1836,9236,3784,-58,386,-317,-3072
-1842,-352,10978,434,273,-1,-3072
1042,5642,5684,-1010,-338,-13,-3072
-66,334,6774,131,356,-325,-3088
-736,-3210,8430,-191,-189,-75,-3024
2892,3904,7460,308,602,-427,-3056
-3638,3412,6808,-1214,-533,-133,-3056
4456,2574,5606,317,21,-251,-3056
1164,-1370,6032,-459,375,-340,-3088
-5978,4574,5106,-1,-1103,403,-3056
7796,-2712,9340,1326,983,-378,-3056
-3622,7418,4066,-1525,-590,-96,-3072
-958,2746,7246,242,-459,8,-3088
3906,-11042,12210,344,847,-706,-3056
-4472,7662,4404,-1116,-860,39,-3056
3610,-8666,11668,1334,689,-206,-3072
-726,1532,8910,-460,-21,-151,-3072
-556,7242,4222,-655,-429,105,-3104
1782,-3230,8620,331,615,-335,-3072
-406,-3244,8698,137,-59,-129,-3088
2036,5204,7406,-240,690,-440,-3088
-1274,-4950,9984,-375,-292,-10,-3088
5070,3016,5256,219,303,-345,-3056
636,-3224,7472,-92,364,-277,-3088
-5434,6354,4584,-391,-1329,405,-3088
7058,1162,8212,1257,1299,-471,-3056
-5198,-8520,15506,-1083,-647,13,-3088
148,6184,5876,-210,-442,-78,-3088
3746,-11778,13068,880,1169,-684,-3088
-3918,4942,6398,-1265,-1059,96,-3056
2636,6020,4262,1101,673,-254,-3056
-858,-684,10230,-178,80,-148,-3088
148,6948,4502,-997,-552,91,-3088
950,-1662,7824,311,602,-305,-3056
-1194,-2472,8358,-426,-163,-102,-3088
2476,-1258,7302,428,307,-325,-3088
-1916,5810,5530,-1181,-34,-294,-3056
-150,-5154,9182,641,-229,7,-3056
5618,4046,3980,-746,460,-522,-3072
-3262,-6290,11914,1129,323,98,-3056
2084,-3232,10204,-180,-992,122,-3056
-1518,11890,1248,-851,488,-471,-3072
-4486,-11554,16622,1317,-263,181,-3104
4504,-8428,10200,-1190,-10,-526,-3072
-2096,3266,6288,108,162,-243,-3072
2816,-10646,13430,965,312,-102,-3040
-246,6380,6188,-942,-68,-220,-3072
-1774,5526,5770,281,-146,94,-3040
2802,-3050,9462,-203,378,-259,-3072
-956,3204,6076,-469,15,-229,-3040
636,-2482,8692,262,-3,-178,-3072
1104,6528,6630,-219,835,-507,-3072
-3734,-2940,9868,-269,-363,22,-3072
4062,1928,5636,48,290,-349,-3072
-992,-6440,10308,-100,398,-278,-3024
-2848,4320,5634,-367,-1351,432,-3056
-2826,9510,2876,-1402,-68,-301,-3072
-1474,-572,8398,1072,-418,126,-3104
4098,-9568,11168,-852,188,-617,-3072
-3200,5800,5462,-315,-165,-138,-3040
3504,-10108,12856,1264,554,-148,-3072
-622,3628,7690,-849,-110,-212,-3040
-940,7026,4958,-27,-190,55,-3072
2884,-5090,9946,22,511,-261,-3072
-1028,3740,6402,-587,-55,-176,-3072
1084,-2252,8316,380,90,-225,-3072
56,6500,5924,-513,661,-409,-3040
-2264,-4334,10218,2,-265,26,-3072
4776,2256,5906,-68,510,-409,-3072
-1248,-7774,11852,448,502,-208,-3040
-1248,3074,6888,-680,-1497,370,-3072
7726,-3000,9434,855,1366,-525,-3072
-5680,-5608,13680,-347,-617,139,-3008
3184,10454,2050,-875,-530,-133,-3072
1022,-5354,9838,1384,1345,-617,-3072
-4566,7700,4608,-1166,-1089,138,-3072
3240,3298,5306,567,554,-323,-3040
-686,-3386,11942,56,243,-117,-3056
1452,1914,7832,-1145,-524,37,-3056
1596,-2878,8428,298,533,-311,-3088
-1272,-1704,8326,-344,-176,-88,-3056
3764,1022,6410,406,402,-337,-3088
-4322,644,8362,-1285,-308,-238,-3088
-122,-5800,9640,692,-266,-50,-3088
4088,1480,3810,-851,395,-504,-3056
-5500,784,7932,988,64,167,-3088
6964,-9532,12412,423,-452,8,-3088
-330,12830,1110,-1582,-140,-326,-3088
-3096,-6946,10604,1365,-431,210,-3056
4430,-4894,8094,-1361,-197,-514,-3056
-406,-374,7676,556,524,-296,-3072
1858,-10330,13764,922,273,-81,-3056
376,7874,5374,-909,-16,-252,-3088
454,7316,4378,-1182,-514,1,-3088
538,-1352,7906,187,402,-282,-3088
-876,-2918,8304,-157,-183,-67,-3088
3694,2352,6998,290,622,-405,-3072
-3834,-2402,9750,-1168,-523,-149,-3072
-74,-4430,8700,569,-173,-142,-3040
2480,124,4628,-779,321,-441,-3072
-6078,2726,6072,495,-604,330,-3072
7604,-6528,10538,990,335,-206,-3072
-2104,10408,2306,-1643,-451,-197,-3040
-1846,-2396,9140,1103,-388,191,-3056
4318,-8756,10460,-816,173,-636,-3056
-4756,9826,3196,-327,-162,-136,-3088
3720,-1062,7282,1401,753,-222,-3056
-562,-3786,11648,-473,-43,-143,-3056
-1276,6772,4982,-720,-447,68,-3088
2370,-5232,9508,333,605,-303,-3056
-1128,242,8196,-566,-156,-124,-3056
1032,-2532,8638,473,179,-230,-3072
356,7066,5814,-1064,219,-306,-3056
298,-6420,9962,538,-177,28,-3024
5008,2960,3288,-584,488,-476,-3056
-1202,-7866,11318,1071,621,-64,-3040
-1750,3302,6864,-727,-1397,283,-3072
2176,11086,3292,-141,910,-518,-3040
-3686,-10426,13732,731,-407,192,-3072
3442,10162,2560,-1456,-451,-313,-3072
1392,-5790,9926,1434,1213,-514,-3072
-144,-6268,12050,-474,-681,62,-3072
1050,9354,3956,-279,260,-293,-3072
-540,-3380,11590,485,323,-31,-3072
1166,1906,7798,-941,-304,-39,-3072
-318,2382,5544,-43,289,-292,-3072
-408,-3190,8786,4,-65,-92,-3104
3868,1366,6460,169,641,-445,-3040
-4276,612,8296,-1034,-535,-97,-3072
1774,-580,6474,583,-43,-181,-3072
-2262,-7752,12328,1248,618,-37,-3072
918,-1656,9690,-270,-1020,169,-3072
-398,12686,1034,-1058,321,-428,-3104
-2736,-6686,10710,1432,-293,200,-3088
4682,-5824,8684,-1595,-330,-472,-3088
-862,392,7002,750,636,-354,-3088
1988,-10380,13660,501,-6,-18,-3088
426,7636,5694,-833,74,-294,-3056
-1448,-1902,11498,487,189,9,-3104
2146,-1684,9230,-489,140,-203,-3056
-584,3020,5476,-360,61,-264,-3056
144,-2564,8564,108,-105,-126,-3072
1302,6890,6530,-440,737,-457,-3104
-42,-7260,10520,9,-232,23,-3072
3472,2094,5544,-177,422,-380,-3040
-576,-6938,10458,582,600,-229,-3072
-3274,4510,5870,-730,-1556,404,-3072
4386,9344,4654,778,1364,-563,-3072
-5450,-2736,12094,-325,-552,81,-3072
2262,10634,3058,-941,-544,-165,-3072
2260,-8558,11256,1495,1380,-604,-3072
-1666,-3086,10448,-1187,-1098,151,-3040
3414,192,6496,566,552,-274,-3104
-666,-4070,11782,259,258,-102,-3040
1036,5392,6084,-1250,-552,61,-3056
-306,978,6382,344,521,-322,-3056
-1134,-252,8490,-347,-179,-101,-3088
3686,134,6186,401,428,-344,-3056
-4098,2710,7270,-1311,-295,-221,-3056
826,-2470,7146,689,-238,-53,-3056
4752,2712,3236,-894,378,-512,-3056
-4950,-2190,9956,1040,49,164,-3056
5464,-8218,11982,249,-559,-1,-3056
-3960,7234,4534,-1397,-18,-338,-3056
-3498,-9696,13350,1320,-317,214,-3088
4828,-232,5854,-1366,-162,-525,-3056
-4392,8930,4012,386,405,-288,-3056
2800,4630,4632,578,512,-271,-3056
-2400,3006,8722,257,-43,45,-3024
3336,-6186,10058,-154,337,-233,-3072
-966,2950,7200,-594,-12,-222,-3072
-358,-3308,8756,339,-6,-149,-3072
2180,5332,7568,-363,740,-463,-3072
-928,-5948,10334,-260,-291,7,-3056
5484,3926,4530,77,327,-321,-3056
388,-5172,8630,230,506,-278,-3088
-5156,6400,4420,-641,-1473,426,-3088
6508,3562,7258,1237,1405,-516,-3056
-4830,-11158,16754,-889,-673,25,-3088
212,8998,4366,-571,-574,-96,-3088
3342,-12252,13066,1215,1303,-678,-3056
-3502,3042,7358,-1357,-1134,124,-3056
2470,8028,3424,975,655,-269,-3056
-752,-2686,11078,45,208,-150,-3056
278,7342,4630,-1173,-598,91,-3024
602,-674,7450,295,571,-345,-3056
-1374,1636,8346,-424,-176,-81,-3104
2780,-792,6662,364,286,-312,-3056
-2664,5568,5522,-1207,-140,-255,-3056
-160,-4774,8862,641,-232,-25,-3072
5870,3608,4020,-700,492,-524,-3040
-3550,-6124,11920,1155,384,45,-3040
3126,-5280,11122,-110,-949,111,-3072
-2094,10316,2020,-1092,232,-421,-3072
-4828,-10778,15336,1210,-414,244,-3072
4740,4752,3230,-1514,-342,-457,-3040
-2876,4874,5572,879,746,-339,-3040
3274,-10526,13162,360,-105,16,-3072
-112,4550,7162,-828,-65,-233,-3040
-1346,6570,5572,117,-111,63,-3040
2680,-4560,9946,-63,446,-258,-3072
-826,3864,5748,-580,-36,-184,-3072
590,-2222,8324,322,31,-164,-3104
-3266,-3418,9994,-837,-542,-49,-3088
5450,3914,3184,-501,530,-471,-3056
-4328,-3998,11006,1092,530,-35,-3072
-2148,3852,6320,-626,-1324,255,-3056
3582,9138,4374,-19,999,-584,-3056
-3650,-10790,14900,661,-389,205,-3056
5068,2590,5000,-1464,-468,-297,-3120
1602,-6772,10426,1375,1119,-547,-3088
-978,-3860,10836,-564,-688,94,-3056
1222,9638,3740,-241,270,-280,-3056
-2124,1624,9916,437,289,-6,-3056
1278,3358,6996,-940,-265,-56,-3088
-136,1686,5874,9,294,-310,-3024
-642,-3922,8896,45,-99,-93,-3056
3426,1220,6064,197,535,-387,-3040
-3864,1334,7852,-928,-509,-113,-3056
1292,-2058,7046,476,-135,-183,-3056
806,-2532,6898,-719,309,-432,-3056
-4800,-1706,9066,505,-523,310,-3072
6112,-8874,12266,1282,680,-296,-3056
-4292,5792,5580,-1732,-478,-174,-3072
-316,5738,6290,1001,-383,146,-3072
4650,-2144,6654,-648,259,-628,-3040
-5034,10424,3324,-625,-428,-107,-3040
3932,-7142,10898,1329,575,-161,-3072
-798,-334,9926,-707,-50,-257,-3040
-2368,3142,8410,-210,-280,96,-3072
3584,-6358,9920,158,600,-292,-3040
-1294,2328,7908,-577,-29,-141,-3072
2322,-1554,7326,400,24,-177,-3072
1670,6092,6916,-750,517,-395,-3072
-568,-6222,10236,254,-215,30,-3072
5800,3462,4458,-300,518,-440,-3072
-3110,-6376,11914,739,612,-161,-3072
-4508,5008,5004,-664,-1472,340,-3040
5440,6460,5712,167,1060,-545,-3040
-5010,-10332,15530,354,-451,174,-3072
4488,-7546,10012,-304,509,-659,-3072
-5148,10770,3106,-1308,-1049,63,-3040
4002,-2756,7864,1131,701,-264,-3072
-1080,-2776,11320,-91,80,-107,-3056
878,6094,5052,-1029,-538,47,-3024
2980,-5476,9400,373,621,-325,-3072
-1436,1004,8408,-468,-178,-118,-3072
3390,-552,6724,467,318,-278,-3040
-3286,3854,6410,-1241,-17,-265,-3104
156,-6078,9946,594,-204,-24,-3072
5274,2824,3806,-692,530,-508,-3072
-4340,-4042,10840,1084,337,53,-3040
4302,-5720,11002,-163,-946,150,-3072
3184,9410,4414,-855,381,-448,-3072
-3834,-10326,14136,1226,-341,216,-3072
5088,1806,5008,-1482,-295,-442,-3072
-3708,7022,4954,783,686,-388,-3040
-814,-4558,11184,189,-225,-4,-3040
1006,9354,3804,-692,31,-251,-3040
-2174,1750,9660,459,158,29,-3040
3086,-5990,10164,-515,76,-133,-3072
-206,1816,5740,-284,161,-252,-3072
-440,-3600,8880,220,-59,-119,-3040
2064,5366,7404,-93,628,-456,-3056
-1182,-5252,10148,-586,-387,-38,-3056
1582,-1506,6936,318,78,-294,-3056
426,-2866,7446,-430,329,-341,-3088
-5564,6246,4578,-22,-1056,422,-3056
7072,1806,8004,1396,1122,-435,-3056
-4430,4340,6730,-1409,-620,-67,-3056
172,6582,5932,209,-477,-5,-3056
3724,-11918,13040,395,903,-686,-3088
-3866,4650,6372,-1228,-1002,81,-3088
3890,-5908,9858,1231,673,-223,-3056
-828,-904,10474,-299,100,-161,-3088
52,6700,4714,-807,-489,121,-3056
3508,-5834,9840,294,653,-319,-3040
-200,-2406,8560,172,-143,-133,-3104
-2108,5626,5494,-1252,-26,-266,-3072
-240,-4774,8772,615,-220,13,-3072
5544,4100,3794,-816,416,-517,-3072
-3582,-5528,11754,1122,370,74,-3072
3026,-4420,10730,-154,-968,150,-3072
-2024,10682,1954,-1045,327,-408,-3072
-4354,-11362,15950,1402,-303,220,-3040
4430,-9740,11078,-990,99,-618,-3072
-2808,5008,5472,-196,-40,-203,-3072
3068,-10632,12980,1122,407,-123,-3072
-592,4808,6782,-883,-54,-257,-3056
-1492,6190,5020,233,-97,110,-3056
2902,-4286,9892,-161,406,-267,-3088
-762,3152,6430,-456,37,-181,-3056
1134,-2636,8752,311,6,-181,-3088
324,7276,5520,-406,744,-441,-3088
-2376,-5210,10452,-64,-207,31,-3056
4626,2764,5566,-71,337,-368,-3056
-1580,-7326,11052,262,427,-188,-3024
-1608,2848,6756,-579,-1464,403,-3088
7870,-1990,9138,874,1339,-520,-3056
-5320,-5678,14436,-513,-540,42,-3056
3648,9430,2842,-668,-447,-149,-3056
3788,-11028,12462,1143,1244,-690,-3072
-4340,7464,4602,-1257,-1086,130,-3056
2902,3984,4912,661,577,-295,-3056
-894,-3538,11610,127,162,-105,-3056
-354,7366,4190,-1111,-540,37,-3072
1422,-3078,8614,353,537,-299,-3072
-898,-1858,8436,-380,-135,-103,-3040
3554,1386,6476,259,548,-403,-3040
-4088,34,8574,-1000,-460,-80,-3056
1890,-1048,6744,529,-112,-165,-3056
3664,2066,3430,-865,260,-436,-3040
-5466,56,7878,641,-464,341,-3040
58,11850,1856,54,1061,-537,-3056
-2688,-7524,11718,1192,-324,237,-3104
4286,8938,2354,-1526,-356,-380,-3072
-524,-806,7828,827,721,-378,-3088
1480,-9122,13172,309,-167,-2,-3056
278,8142,4856,-740,73,-264,-3056
-1104,-2322,11646,470,190,24,-3072
2276,-1288,9146,-516,71,-176,-3056
-464,2736,5734,-318,135,-218,-3056
86,-2798,8676,185,-72,-135,-3056
3608,2244,6752,0,780,-491,-3072
-4234,-1422,9234,-736,-480,-15,-3072
2966,834,6076,385,76,-214,-3072
-202,-6592,10066,-363,360,-360,-3040
-6098,3706,5970,-178,-1167,439,-3040
8068,-8262,11454,1523,1177,-425,-3040
-5178,-1018,10978,-1506,-665,-13,-3040
1682,10434,3858,-725,-482,-125,-3072
2732,-10284,12416,1377,1395,-692,-3072
-2162,-1056,9460,-1345,-1200,142,-3072
3810,-1698,7278,757,601,-287,-3072
-1164,-3330,11470,-61,95,-121,-3088
1098,6220,5460,-1073,-515,74,-3056
-14,-200,6936,365,625,-324,-3056
-1544,524,8572,-402,-184,-100,-3088
3734,-914,6496,438,394,-335,-3088
-3854,4528,6280,-1344,-200,-266,-3056
442,-3464,7842,732,-232,1,-3056
5466,3326,3436,-848,454,-523,-3056
-4576,-3302,10608,1087,187,106,-3056
4592,-6814,11576,70,-733,82,-3088
3252,9880,3546,-947,382,-440,-3072
-3964,-10512,14254,1278,-373,207,-3056
4732,1896,5118,-1416,-206,-461,-3056
-3852,7558,4812,611,573,-327,-3056
-766,-5060,11350,229,-201,7,-3072
1006,9744,3736,-799,2,-251,-3056
-690,7700,4328,-1116,-503,80,-3040
-538,1576,5940,295,483,-341,-3024
-1172,-1282,8444,-267,-160,-98,-3056
3684,598,6044,333,487,-375,-3104
-4278,2130,7630,-1237,-442,-152,-3072
1294,-2364,7192,654,-216,-104,-3104
4474,2876,3160,-926,331,-464,-3056
-5004,-1632,9308,975,-30,215,-3088
5736,-8268,11800,342,-413,-24,-3056
-4530,7258,4754,-1433,-75,-335,-3056
-3066,-9782,13398,1424,-274,176,-3056
4920,-1332,6634,-1252,-106,-500,-3088
-4442,9384,3790,257,269,-290,-3056
3930,-7926,11440,818,212,-71,-3056
710,9416,4070,-903,-127,-252,-3056
-2364,3344,8340,259,-26,81,-3088
3236,-6550,10120,221,609,-295,-3056
-1100,2756,7482,-628,-13,-153,-3072
1958,-1320,7382,413,52,-207,-3072
2068,5574,7540,-581,630,-386,-3072
-886,-6438,10530,157,-219,39,-3072
5550,4130,4218,-354,429,-431,-3072
-2886,-7052,12156,787,623,-160,-3072
-4902,6596,4636,-889,-1616,352,-3072
6036,5684,6290,440,1268,-557,-3040
-4772,-11352,16758,278,-351,127,-3072
4884,7650,2574,-1225,-480,-223,-3072
3422,-11650,12974,1669,1495,-598,-3072
-3084,1760,8198,-1035,-1027,150,-3040
1966,8778,3190,105,348,-293,-3072
-1586,-1490,11232,326,213,-63,-3072
656,6936,4776,-1173,-493,-7,-3040
76,-824,7364,184,399,-311,-3040
-772,-3402,8478,-200,-179,-93,-3056
3522,3230,7332,414,543,-361,-3056
-3236,4758,6054,-1287,-490,-154,-3056
134,-3502,8136,657,-234,-134,-3056
-868,-6352,10512,674,574,-136,-3056
3870,-5714,10936,730,-42,-120,-3056
-3184,9166,2862,-1654,-400,-192,-3040
-1624,534,7782,1073,-426,127,-3072
4164,-10504,11644,-707,260,-639,-3072
-3364,6560,5106,-206,-77,-193,-3056
3566,-9786,12674,1199,482,-117,-3056
-660,2662,8162,-871,-146,-217,-3056
-938,7830,4408,23,-103,61,-3056
2798,-5706,10386,-16,470,-238,-3056
-834,3494,6628,-577,-61,-175,-3088
1300,-2242,8166,400,39,-197,-3088
-376,6726,5514,-563,583,-384,-3056
-1728,-5358,10458,56,-230,15,-3056
5000,2870,5518,-107,442,-426,-3088
-1620,-8076,11908,523,533,-161,-3056
-5744,5984,4246,-685,-1503,403,-3040
7340,172,8440,713,1315,-532,-3088
-5226,-7434,15190,-248,-527,122,-3088
3904,9362,2280,-888,-499,-189,-3056
3834,-11910,13032,1374,1333,-633,-3072
-4190,5580,5638,-1233,-1119,120,-3072
2402,5812,4076,588,464,-276,-3072
-664,-2534,11272,203,284,-126,-3072
-326,7696,4074,-1253,-563,20,-3072
1202,-2010,7984,310,446,-302,-3072
-810,-3196,8812,-233,-88,-118,-3104
3756,2020,6810,327,396,-316,-3040
-1612,6378,5444,-1298,-342,-201,-3072
-202,-5592,9308,712,-217,-42,-3040
3044,1042,3916,-1021,313,-492,-3072
-6264,2968,6216,333,-772,361,-3040
7586,-8910,11734,1313,599,-266,-3040
-5276,658,9582,-1318,-694,-8,-3040
1062,10214,3834,-123,-537,-40,-3040
3122,-11062,12692,817,1125,-673,-3072
2420,-10528,13592,730,109,-76,-3056
-36,6088,6218,-676,-61,-205,-3072
-2088,5684,5670,-397,-415,73,-3072
3110,-5482,9284,265,616,-325,-3056
-1340,578,8524,-567,-86,-190,-3056
436,-2292,8516,364,50,-232,-3040
942,7138,5964,-980,369,-345,-3088
220,-7194,10560,560,-131,5,-3056
5420,3202,3548,-544,515,-464,-3040
-1076,-7352,11036,994,585,-80,-3040
-2340,2980,6566,-750,-1458,311,-3072
2588,11446,3072,-166,901,-544,-3104
-3950,-10688,13892,696,-371,189,-3072
3266,10360,2788,-1424,-457,-292,-3040
1738,-6096,10094,1524,1275,-512,-3072
-406,-6018,12182,-573,-691,76,-3072
1114,9668,3954,-202,248,-292,-3072
-780,-3808,11642,481,293,-27,-3072
1210,3250,7004,-1072,-384,-56,-3072
-544,1820,5666,69,299,-301,-3072
-296,-3566,8768,-76,-128,-123,-3072
3726,988,6482,217,650,-455,-3040
-4060,448,8478,-963,-485,-114,-3040
1652,-1246,6806,498,-127,-180,-3040
388,-3156,7446,-860,258,-411,-3024
-5316,-406,8648,547,-555,322,-3088
6394,-8170,11810,975,320,-186,-3056
-4462,4566,6726,-1619,-408,-157,-3024
238,5982,6088,998,-380,154,-3056
4580,-3176,7368,-695,241,-613,-3024
-4874,10016,3326,-507,-321,-143,-3056
3616,-5858,10106,1311,580,-150,-3056
-604,-1328,10342,-719,-80,-230,-3056
-2242,4280,7516,-242,-250,64,-3088
3390,-6268,9976,192,562,-290,-3056
-1076,1846,7972,-632,-35,-195,-3056
-144,-2908,8794,357,23,-180,-3040
-3852,-1272,9186,-1071,-481,-112,-3088
2748,248,6318,318,126,-275,-3056
-12,-6110,9494,-290,369,-331,-3056
-4274,5852,4822,-407,-1351,418,-3072
7804,-8294,11256,1428,1201,-439,-3056
-5292,152,9864,-1451,-678,-50,-3056
1206,10414,3630,71,-490,11,-3056
3010,-10656,12316,621,1044,-692,-3056
-5368,11108,2928,-1284,-1005,67,-3056
3818,-2434,7838,1273,701,-218,-3056
-798,-3222,11514,-276,66,-170,-3088
732,6014,5594,-885,-563,107,-3056
3308,-5234,9212,345,641,-352,-3056
-1442,476,8550,-483,-136,-130,-3056
3402,-322,6262,405,183,-256,-3088
986,6640,6198,-1031,266,-340,-3040
-108,-6400,10170,560,-204,8,-3056
5482,2846,3768,-602,546,-495,-3056
-4258,-4092,10734,1042,419,27,-3056
-2516,3420,6060,-479,-1330,253,-3072
3064,10514,3316,-825,480,-443,-3088
-4186,-10182,14166,999,-380,215,-3072
4760,1710,4746,-1505,-413,-354,-3072
1966,-6632,10546,1291,1091,-420,-3072
-724,-5198,11832,-260,-493,42,-3072
1470,9402,3876,-447,273,-264,-3072
-2104,1266,9906,538,182,8,-3040
1392,3858,6438,-933,-238,-93,-3040
-522,1532,5764,-86,205,-277,-3040
-462,-3518,8496,63,-115,-122,-3104
2538,4320,7722,158,704,-437,-3040
-4172,2370,7648,-900,-525,-55,-3072
5200,2646,5688,229,243,-342,-3104
772,-2034,6480,-349,354,-318,-3056
-5728,4602,4700,-121,-1230,449,-3056
7338,-1436,8792,1150,1055,-417,-3056
-5738,-6348,14118,-1328,-761,-2,-3024
5004,-1132,6792,-1427,-220,-450,-3056
-4422,8812,4404,9,72,-230,-3040
3884,-7844,11090,946,310,-123,-3072
754,8910,4066,-856,-143,-238,-3040
-2284,3330,8178,62,-121,40,-3072
3316,-6484,10086,-35,417,-247,-3072
-1090,2480,7686,-548,38,-184,-3040
-258,-3244,8834,386,-12,-157,-3072
2084,5334,7442,-378,732,-433,-3072
-928,-5406,10108,-186,-262,9,-3040
5366,3522,4716,9,368,-395,-3072
330,-4500,8284,264,464,-222,-3104
-5208,6480,4496,-661,-1521,429,-3040
6448,3750,7044,1040,1443,-527,-3072
-4988,-10396,16352,-517,-558,65,-3040
518,8174,5062,-716,-468,-136,-3072
3414,-11672,13066,1342,1349,-681,-3072
-3396,2984,7456,-1366,-1172,148,-3024
2406,7580,3650,886,622,-322,-3088
-950,-1920,10806,-57,137,-105,-3088
496,6494,4792,-1033,-505,57,-3056
610,-856,7482,346,584,-357,-3056
-1010,-2932,8592,-331,-135,-94,-3088
3102,-924,6884,432,410,-312,-3056
-2698,5322,5780,-1345,-227,-224,-3056
-42,-4254,8428,630,-265,-9,-3056
2244,-472,4864,-852,437,-514,-3056
-4036,-4614,11218,977,86,150,-3056
3482,-5212,10980,246,-587,26,-3024
-2600,9786,2714,-1321,68,-331,-3056
-4170,-11112,15258,1394,-281,200,-3040
4376,-10468,11676,-826,189,-598,-3072
-3366,6280,5142,-371,-209,-165,-3072
3460,-10254,12636,1193,483,-105,-3072
-816,3908,7192,-888,-156,-219,-3040
-1198,6660,4608,-19,-229,89,-3072
2976,-4904,9936,22,546,-280,-3072
-512,-3472,8718,-164,-222,-85,-3072
2410,4904,7482,165,658,-433,-3072
-3978,2144,7578,-992,-540,-76,-3008
958,-1842,6930,348,-48,-237,-3056
700,-1732,6530,-574,359,-383,-3024
-5786,4830,4826,205,-913,398,-3056
5512,-7614,11588,1257,684,-299,-3040
-4128,6106,5088,-1523,-571,-86,-3056
-482,4546,6926,431,-463,88,-3056
3780,-11204,12512,26,676,-710,-3024
-4504,9180,4072,-882,-651,-37,-3072
3882,-7774,11110,1357,706,-212,-3056
-764,-6,9764,-603,-57,-203,-3040
-182,7702,3970,-491,-348,77,-3072
3216,-6376,10260,292,622,-315,-3072
-1036,2656,7654,-600,-112,-157,-3072
2150,-1638,7722,473,171,-246,-3104
-1202,5796,5626,-975,316,-354,-3040
-638,-5596,9928,318,-215,17,-3040
5232,3272,4724,-407,547,-466,-3040
-2668,-7452,12290,989,565,-90,-3040
1346,-1762,9384,-757,-1476,303,-3040
5952,4734,6874,-22,947,-554,-3072
-4786,-10232,15934,639,-417,171,-3072
4730,7422,2644,-1428,-451,-297,-3040
-1284,1324,6898,1462,1288,-505,-3072
-3002,1574,8066,-582,-715,52,-3072
2062,8090,3700,-9,341,-285,-3056
-1624,-1164,11060,357,254,-49,-3056
2282,-2716,9440,-994,-371,-21,-3088
-606,3074,5942,-304,105,-265,-3056
278,-2382,8560,141,-108,-102,-3056
3478,3096,7284,-10,793,-461,-3056
-3346,-3692,10112,-678,-469,-32,-3056
3674,2750,5408,266,97,-253,-3056
1866,-1942,6216,-280,439,-376,-3040
-6250,5256,4796,-322,-1254,430,-3024
3486,10878,3738,-977,397,-421,-3072
-1512,1534,7328,1429,-314,220,-3056
5038,2044,4932,-1276,-114,-536,-3056
-3626,7520,4586,-54,78,-254,-3040
3714,-10256,12806,1106,416,-105,-3040
-802,2808,8248,-918,-108,-256,-3072
-2426,1214,10138,187,-159,104,-3040
3134,-5428,9682,-267,305,-243,-3088
-1076,3380,6696,-414,29,-185,-3056
1482,-2168,8192,234,7,-196,-3088
2664,5004,7714,-276,791,-488,-3088
-1638,-6346,10824,-139,-233,1,-3056
5330,3830,4970,-64,294,-353,-3088
-1986,-7810,12056,296,485,-245,-3056
-5692,6118,4396,-645,-1532,426,-3056
7178,1576,7768,977,1369,-509,-3024
-5244,-8384,15406,-580,-581,65,-3088
4206,8800,2376,-643,-476,-103,-3056
3604,-11632,12926,1292,1312,-660,-3056
-3592,4856,5870,-1297,-1071,137,-3088
2366,6364,4182,745,610,-307,-3088
-880,-814,10338,5,114,-132,-3040
168,7618,4166,-1190,-549,58,-3056
910,-2242,8094,387,550,-357,-3072
-784,-2770,8570,-415,-147,-98,-3072
2408,-1210,7186,405,375,-356,-3104
-2072,5968,5494,-1279,-149,-225,-3040
-168,-5046,8912,648,-262,-24,-3072
2698,858,4044,-887,344,-493,-3072
-6060,2620,6156,673,-476,273,-3072
7600,-8672,11212,874,66,-145,-3072
-1514,11842,1408,-1788,-472,-235,-3040
-2060,-4572,9806,1182,-314,139,-3072
4508,-8006,9970,-837,188,-614,-3072
-5146,10858,3036,-319,-159,-136,-3040
2452,-10370,13538,1136,431,-121,-3056
-170,6118,6066,-880,-146,-205,-3056
782,6246,5470,-1078,-400,-32,-3040
-472,3338,5820,-130,234,-245,-3088
-846,-3486,8396,125,-59,-118,-3072
3326,3434,7274,15,778,-457,-3104
-3332,-3758,9974,-752,-524,-51,-3072
3832,3134,5196,297,6,-251,-3040
1980,-1992,6202,-258,432,-349,-3072
-6230,5754,4920,-217,-1196,408,-3072
8384,-4906,10246,1555,1217,-414,-3072
-5124,-5606,14078,-1534,-665,-48,-3040
-1582,1834,6720,171,-493,43,-3072
4066,-11984,12062,157,760,-699,-3056
-5144,9930,3244,-1230,-932,57,-3056
3300,2496,5164,1505,781,-218,-3056
-474,2420,8674,-472,-47,-192,-3088
-714,7118,4412,-600,-421,135,-3056
2356,-4168,9148,289,723,-334,-3056
-1270,-1158,8752,-593,-146,-120,-3024
1362,-1748,7930,418,113,-233,-3088
-440,6986,5362,-952,337,-334,-3056
-30,-6312,9956,476,-262,31,-3024
5348,3554,5018,-447,551,-493,-3072
-1824,-7250,11938,976,523,-42,-3056
-196,860,8230,-527,-1256,265,-3088
1628,11144,2848,-147,952,-546,-3056
-5656,-7854,14732,528,-419,179,-3072
3740,9886,1824,-1407,-516,-271,-3040
102,-2748,8630,1396,1213,-531,-3040
584,-7588,12474,-706,-785,102,-3072
2760,5450,4632,-107,332,-291,-3072
-604,-3534,12204,521,281,-52,-3040
1676,822,8064,-1152,-374,-55,-3072
-526,2736,5498,120,328,-252,-3072
-924,-2766,8514,-52,-85,-142,-3072
3708,1782,6240,236,602,-395,-3072
-4518,366,8560,-1160,-538,-92,-3040
2256,-690,6282,623,-134,-147,-3072
-2656,-7862,12594,933,563,-98,-3040
1008,-840,8996,-726,-1369,254,-3040
-750,12238,1328,-645,590,-458,-3024
-2600,-6812,10944,1200,-315,259,-3056
4470,8426,2140,-1577,-409,-404,-3056
-936,-44,7586,1169,929,-420,-3056
1994,-9698,13222,-34,-375,5,-3088
2244,7706,3522,-475,168,-276,-3008
-1054,-1496,11326,501,228,9,-3088
1854,-2434,9394,-729,-95,-131,-3056
-600,3704,5228,-244,175,-273,-3056
-882,-3724,8750,117,-44,-84,-3072
3468,2974,6974,21,720,-441,-3088
-3718,-2518,9734,-852,-542,-78,-3040
3298,1332,5990,421,-42,-226,-3072
2398,66,4914,-588,312,-403,-3040
-6144,4422,5624,16,-949,384,-3072
8232,-6888,10970,1460,963,-353,-3072
-5208,-2394,11868,-1645,-561,-100,-3040
-1930,-1598,8436,585,-424,63,-3040
4240,-9938,11200,-8,668,-697,-3040
-5262,10850,2876,-1113,-839,15,-3040
3562,-106,6562,1412,683,-226,-3040
-140,4524,7384,-512,0,-199,-3040
-1408,6486,5136,-606,-416,73,-3040
2758,-5020,9400,315,672,-326,-3072
-1332,-210,8830,-585,-135,-154,-3040
1004,-2232,8468,468,169,-201,-3072
176,7034,5778,-972,325,-312,-3072
138,-6220,9994,467,-201,29,-3072
4894,2640,3702,-537,527,-468,-3040
-1628,-6830,11190,801,507,-88,-3056
-1342,2016,7174,-598,-1375,305,-3088
2102,10988,3024,-2,1004,-485,-3056
-3450,-9528,13168,621,-404,205,-3056
3590,9856,2388,-1355,-458,-296,-3024
960,-4398,9336,1410,1182,-572,-3056
3958,-8308,11468,1368,734,-235,-3072
-792,578,9472,-182,77,-128,-3040
-358,7932,3978,-1036,-492,52,-3008
1346,-3230,8670,401,593,-298,-3008
-946,-1994,8462,-534,-178,-127,-3072
2030,-1786,7600,492,298,-294,-3072
-1058,6382,5436,-1185,-20,-227,-3072
-260,-5020,9040,533,-257,-41,-3040
3490,1988,3498,-667,529,-536,-3040
-2356,-7768,12372,1159,396,41,-3072
904,-604,8866,-261,-1049,179,-3040
-356,11216,1940,-875,377,-442,-3072
-2708,-6268,10606,1153,-363,223,-3040
4450,7994,2378,-1521,-364,-415,-3040
-706,30,7592,922,815,-429,-3040
1850,-9492,13248,241,-181,-1,-3072
564,6546,5798,-642,87,-277,-3072
-1264,-1318,10838,434,130,-4,-3040
1788,-2432,9068,-539,-19,-109,-3040
-406,3532,5324,-343,99,-283,-3040
-116,-2442,8590,163,-34,-116,-3024
3488,2780,7232,45,716,-445,-3056
-3286,-2746,9958,-684,-407,-61,-3056
3504,1210,6214,407,59,-272,-3056
-178,-7574,10774,-393,336,-339,-3056
-6464,4472,4946,-174,-1181,379,-3056
7840,-6494,10504,1420,1072,-386,-3024
-5594,-2416,11776,-1567,-702,-38,-3056
1974,11206,2756,266,-490,7,-3088
4546,-10786,11802,458,988,-697,-3056
-5016,10170,3530,-1181,-936,59,-3024
3706,-62,6732,1345,749,-260,-3056
-398,3946,7286,-512,0,-194,-3040
-1568,6528,4552,-821,-537,121,-3024
2576,-4250,8750,326,598,-331,-3088
-1314,-474,8496,-513,-128,-134,-3088
1096,-2136,8392,444,158,-238,-3040
-1908,-5778,10610,-537,-440,-36,-3056
4966,3472,5142,-16,273,-335,-3024
-1708,-7418,11528,155,496,-268,-3056
-5958,5794,4492,-669,-1542,423,-3072
7322,830,8142,833,1306,-538,-3072
-5202,-7964,15666,-373,-464,55,-3040
4182,9392,2304,-566,-444,-110,-3024
492,-2756,8760,1612,1386,-553,-3056
844,-8576,13158,-869,-834,90,-3056
2602,5668,4328,72,408,-309,-3056
-1058,-3100,11528,386,246,-45,-3056
1866,700,8136,-1164,-487,2,-3056
1226,-2380,8126,237,433,-296,-3040
-1030,-2454,8642,-152,-131,-84,-3056
3660,1906,6594,261,586,-394,-3056
-4024,-1046,9094,-1099,-466,-134,-3056
-302,-5014,8938,574,-222,-118,-3072
3064,1516,3762,-854,301,-424,-3088
-5862,1090,7130,711,-329,282,-3040
6958,-7658,11020,664,-87,-134,-3040
-820,10838,2396,-1539,-272,-244,-3072
-2088,-5264,10568,1159,-338,160,-3040
4600,-6540,9350,-932,140,-586,-3040
-5058,10012,3302,-195,-65,-190,-3072
2086,-9478,12950,1158,426,-116,-3040
-88,6424,5614,-837,-131,-227,-3040
-2120,5510,5980,-81,-221,110,-3072
3158,-5564,9300,49,496,-261,-3072
-410,3282,5718,-553,-33,-218,-3040
286,-2520,8704,362,78,-164,-3072
1214,6250,6480,-538,602,-435,-3040
-168,-6094,9960,37,-231,15,-3072
3762,1524,6048,-123,467,-418,-3072
-572,-7250,10750,344,506,-214,-3024
-3156,4800,5526,-708,-1542,404,-3088
3734,9720,4084,956,1407,-519,-3056
-5272,-3252,12554,-494,-565,72,-3056
4218,-10794,11674,-1070,2,-591,-3056
-5054,10170,3330,-844,-619,-30,-3040
3404,-10066,12858,1396,646,-225,-3072
-360,3414,7894,-612,-40,-220,-3040
-1120,6436,4978,-358,-372,95,-3072
2754,-4068,9064,199,636,-330,-3072
-1078,3130,6698,-585,-55,-155,-3040
966,-1676,7936,393,39,-205,-3072
96,6812,5726,-768,481,-390,-3072
-310,-6156,9920,248,-252,38,-3072
5044,2768,5444,-333,525,-467,-3072
-1636,-7722,11946,806,607,-94,-3104
-1060,1484,7430,-700,-1510,335,-3040
1850,11056,2404,145,1040,-532,-3040
-5460,-6862,14710,423,-450,154,-3072
3778,9838,2296,-1340,-492,-249,-3040
500,-3886,9248,1491,1296,-532,-3040
394,-7444,12486,-814,-849,133,-3040
3096,4236,4854,224,517,-295,-3056
-1116,-3528,11850,307,189,-25,-3056
1858,1952,7576,-1164,-458,-46,-3056
-714,1938,5648,202,395,-265,-3024
-1224,-1730,8378,-189,-205,-106,-3056
3846,994,6420,334,591,-399,-3056
-4520,858,8338,-1240,-485,-137,-3056
2174,-1358,6616,658,-171,-104,-3056
4018,2230,3350,-894,352,-461,-3056
-5496,-460,8298,830,-266,244,-3056
6422,-7960,11374,611,-116,-130,-3024
332,11550,2290,-1440,-108,-293,-3040
-2594,-7352,11686,1231,-361,177,-3056
4736,-3918,8024,-975,131,-606,-3056
-4846,9904,3744,-94,-7,-220,-3088
1474,-8578,12810,907,252,-93,-3072
334,8052,4640,-899,-157,-243,-3072
-2130,4520,7108,210,-79,32,-3040
3190,-6374,9904,-164,396,-243,-3040
-1016,-3020,8544,-177,-180,-87,-3088
3374,2492,6766,196,590,-416,-3024
-3822,-1392,9290,-1027,-473,-132,-3056
2936,60,6478,524,-149,-146,-3056
2878,1316,4026,-837,277,-453,-3024
-5742,2516,6568,542,-540,330,-3024
7846,-8492,11840,1157,467,-228,-3056
-5136,394,10016,-1784,-541,-146,-3056
-2226,-3990,9332,963,-401,151,-3056
4264,-7610,9746,-631,287,-632,-3056
-5478,11216,2770,-626,-442,-81,-3056
3862,-2362,7748,1373,642,-147,-3056
44,5758,6500,-703,-44,-195,-3056
-1676,5520,5956,-246,-300,81,-3024
3022,-5356,9456,136,593,-319,-3056
-972,3300,5950,-582,-36,-171,-3072
398,-2262,8494,373,12,-208,-3056
822,6880,5998,-588,642,-448,-3072
130,-6832,10222,182,-230,28,-3072
4258,2862,5314,-326,447,-410,-3040
-978,-7402,11152,714,620,-182,-3040
-2252,3024,6804,-763,-1545,380,-3040
3134,11290,3336,483,1281,-541,-3040
-5530,-5470,13892,138,-451,138,-3072
3088,11082,2286,-1203,-551,-199,-3072
1486,-6104,10236,1581,1380,-588,-3040
-558,-5572,11714,-1066,-1039,138,-3072
3462,2538,5424,254,459,-293,-3072
-616,-4202,11902,394,265,-94,-3040
1578,3556,7028,-1158,-401,-33,-3040
-536,1296,6116,241,389,-279,-3040
-1378,-874,8258,-222,-232,-79,-3072
3878,774,6314,318,564,-410,-3040
-4312,920,8250,-1314,-431,-166,-3056
1568,-1096,6600,613,-226,-112,-3088
4254,1794,3634,-854,405,-479,-3056
-5302,-606,8924,845,-183,236,-3088
7086,2046,7714,510,1250,-579,-3056
-5264,-8410,15632,733,-415,200,-3040
4404,8510,2370,-1419,-407,-325,-3072
-244,-1314,8078,1322,1131,-518,-3040
1448,-9180,13160,-424,-579,50,-3040
2162,6728,3992,-305,214,-282,-3040
-858,-2516,11352,540,264,-14,-3040
1648,-964,8844,-982,-273,-92,-3072
-564,3238,5418,-19,237,-289,-3040
-776,-3040,8512,-13,-90,-111,-3072
3422,2744,6892,99,664,-405,-3072
-3564,-2360,9708,-877,-474,-89,-3072
3130,810,6170,494,-57,-214,-3040
2494,436,4426,-630,311,-387,-3072
-6212,2930,6084,242,-856,377,-3072
7660,-7382,11022,1274,729,-291,-3040
-5480,-374,10398,-1713,-661,-113,-3072
-1934,-3062,9220,871,-371,104,-3056
4416,-8638,10330,-490,370,-678,-2992
-5046,10320,3094,-669,-470,-89,-3056
3666,-1578,7320,1401,609,-181,-3056
-68,4896,6734,-620,-71,-186,-3056
-1694,6326,5286,-371,-322,108,-3056
2574,-4896,9244,185,592,-301,-3056
-1268,64,8504,-632,-72,-162,-3056
794,-2366,8562,432,57,-193,-3056
448,6920,5780,-832,458,-395,-3024
160,-6512,10138,394,-144,16,-3056
4434,3266,5328,-386,454,-443,-3040
-1114,-7930,11504,1043,682,-106,-3056
-1716,2510,7182,-778,-1532,315,-3024
2032,12082,2452,-28,1017,-547,-3088
-5216,-6856,14874,359,-423,164,-3040
3456,10650,2154,-1474,-530,-281,-3056
1184,-5142,9552,1622,1409,-580,-3040
50,-7150,12518,-878,-906,88,-3072
2994,4068,4624,111,400,-292,-3072
-330,7330,4014,-497,-409,98,-3056
-514,1916,5824,77,323,-298,-3056
-290,-3172,8678,-114,-194,-107,-3056
4194,842,6532,319,721,-432,-3056
-4588,390,8486,-1168,-615,-100,-3056
1916,-164,6126,584,-121,-182,-3056
66,-4688,8466,-728,362,-444,-3056
-5744,1266,7664,369,-748,358,-3056
7142,-8678,12070,1231,566,-270,-3056
-4776,2900,8190,-1710,-476,-150,-3088
-2692,-6262,10722,970,-401,140,-3072
4450,-5336,8468,-453,393,-691,-3056
-5194,11038,3088,-774,-534,-66,-3056
3912,-4534,9158,1436,652,-172,-3024
198,7398,5462,-780,-133,-203,-3040
-1828,5138,6870,-188,-216,94,-3040
3262,-6452,10034,133,569,-287,-3040
-1094,1614,8178,-668,-80,-159,-3040
310,-2808,8746,410,117,-196,-3040
1222,6538,6588,-693,552,-372,-3072
-196,-6218,10150,193,-197,57,-3040
5324,4052,3674,-251,492,-414,-3040
-392,-6952,10416,804,625,-151,-3040
-3394,5236,5714,-826,-1474,372,-3072
4748,8046,5530,522,1318,-550,-3040
-4086,-11932,16044,78,-533,131,-3072
1774,10432,3054,-1185,-551,-218,-3072
2284,-9202,11638,1558,1348,-626,-3040
-2018,-1816,9840,-1106,-1059,147,-3056
1538,9676,3306,456,481,-283,-3056
-418,-3876,11822,305,320,-55,-3056
2668,-5118,10142,-906,-273,-102,-3056
16,784,6426,-154,195,-302,-3040
-718,-3812,8728,99,-83,-119,-3040
3220,3674,7540,118,658,-443,-3056
-2782,-4080,10054,-970,-550,-69,-3088
5112,3408,3000,-952,384,-459,-3072
-6252,6528,4404,-222,-1218,426,-3056
8168,-2934,9554,1498,1339,-447,-3072
-5220,-7154,14856,-1346,-647,-24,-3072
-1030,3704,6490,-37,-485,3,-3072
3954,-12760,12854,776,1072,-708,-3072
-4762,8654,4198,-1421,-1131,116,-3072
3076,4100,4550,1251,687,-260,-3040
-526,994,9320,-260,75,-149,-3040
-310,7462,4302,-931,-513,91,-3072
1942,-3620,8990,390,690,-361,-3040
-1248,-2122,8736,-553,-159,-115,-3056
4198,790,6392,411,380,-349,-3056
-4632,1184,8266,-1325,-251,-175,-3024
-84,-5660,9700,706,-232,-26,-3056
4076,2132,3382,-897,422,-499,-3088
-5644,88,8182,977,46,189,-3024
504,-332,8872,18,-732,55,-3040
608,11740,2158,-1341,74,-350,-3024
-2544,-7544,11844,1386,-252,209,-3056
4756,-4350,8208,-1298,-144,-510,-3088
-634,-834,7844,619,543,-349,-3072
1352,-8956,13022,729,104,-76,-3088
370,8654,4572,-877,-36,-246,-3072
-2078,4508,7132,506,113,10,-3072
2000,-1030,8846,-477,167,-209,-3040
-548,3528,5116,-399,88,-226,-3040
76,-3450,9044,309,-12,-123,-3104
1616,5624,7264,-126,712,-429,-3040
-4044,-1134,9156,-475,-408,3,-3072
2940,-218,6406,251,176,-319,-3072
-362,-4540,8762,-407,306,-301,-3040
-4518,6136,4436,-245,-1244,418,-3040
7604,-8224,11642,1310,1256,-476,-3040
-4920,1472,9336,-1207,-585,-9,-3040
1256,8366,5002,97,-379,-49,-3040
3198,-10784,12816,640,1029,-680,-3040
2432,-9788,13294,425,-44,-24,-3040
292,6064,6312,-804,-31,-240,-3072
-1808,5444,6398,180,-3,44,-3072
2232,-3244,9528,-195,302,-243,-3072
-612,3608,5636,-570,-23,-216,-3056
130,-2670,8572,395,-12,-164,-2992
912,6464,6270,-327,684,-446,-3040
-3068,-3388,9910,-173,-288,-13,-3040
3958,1540,6208,71,361,-333,-3072
-654,-7278,10950,168,544,-271,-3040
-2824,3734,6064,-639,-1530,423,-3040
7834,-5002,9922,1063,1354,-539,-3040
-5588,-4074,12714,-644,-631,60,-3104
2602,10852,2584,-653,-536,-120,-3072
2034,-7486,10896,1316,1372,-645,-3040
-5012,9378,3756,-1292,-1133,156,-3040
3620,1218,5696,778,597,-266,-3072
-906,-3618,11526,32,186,-119,-3040
1248,3960,6672,-1142,-566,70,-3040
2214,-3932,8786,295,558,-344,-3072
-1498,-698,8614,-338,-165,-104,-3040
3954,298,6462,444,425,-350,-3072
-4064,1614,7920,-1315,-334,-202,-3104
44,-5714,9604,655,-234,-64,-3072
4502,1766,3720,-775,459,-526,-3088
-5254,-1134,8884,942,144,156,-3088
5984,-7778,11508,181,-736,68,-3056
1022,11244,2328,-1205,137,-371,-3088
-3038,-7950,11722,1309,-354,260,-3056
4720,-2878,7496,-1389,-191,-488,-3056
-4752,9836,3694,494,473,-334,-3056
934,-8254,12868,576,39,-65,-3088
550,8270,4546,-790,-10,-221,-3056
-2276,3632,8064,416,63,1,-3088
3244,-6386,9984,-386,195,-181,-3056
-546,2828,5342,-413,79,-205,-3056
34,-3152,8916,271,-52,-188,-3088
-1822,5740,5634,-1260,-253,-214,-3024
2938,-326,6570,135,372,-364,-3072
-224,-4790,8784,217,456,-208,-3056
-4462,5386,4870,-523,-1431,412,-3056
5300,5316,6456,831,1272,-524,-3088
-5342,1582,9486,-805,-689,55,-3072
1340,8288,4970,-429,-485,-121,-3040
3096,-10176,12260,1133,1279,-695,-3040
-2576,314,8956,-1178,-1009,107,-3072
3694,-2376,8012,786,596,-288,-3072
-628,-2526,10888,26,195,-131,-3040
346,5622,5274,-1138,-568,78,-3040
178,148,6466,304,479,-306,-3072
-1142,308,8480,-304,-132,-79,-3040
3094,-226,6558,370,344,-332,-3040
-2964,3956,6482,-1252,-170,-242,-3040
280,-3874,8110,639,-224,-11,-3072
5232,3814,3152,-900,349,-495,-3040
-4376,-3996,10954,1118,156,136,-3040
4296,-6996,11638,409,-418,-31,-3088
-3370,9180,2948,-1540,-157,-299,-3056
-3872,-11446,14848,1443,-281,199,-3072
4956,1882,4952,-1436,-213,-523,-3040
-4018,7582,4584,411,412,-317,-3040
3580,-9452,12244,665,67,-63,-3040
1392,9454,3814,-796,30,-275,-3008
-2592,1622,9876,318,-43,58,-3040
3424,-5564,9868,-247,284,-195,-3040
-960,2820,7206,-401,111,-232,-3072
-626,-2956,8582,218,-66,-131,-3072
2508,5164,7516,-273,791,-466,-3072
-1410,-6362,10658,326,-149,17,-3072
5258,3798,4796,-388,478,-425,-3040
-2328,-7406,11788,817,571,-114,-3072
230,-14,8462,-756,-1555,392,-3072
7142,2614,7498,205,1138,-576,-3040
292,7182,5470,-397,-502,-75,-3024
-330,-722,8052,1491,1298,-548,-3056
1736,-9602,13414,-463,-639,59,-3040
2282,6926,3972,-282,269,-292,-3040
-1652,-2440,11246,420,119,-11,-3040
2040,-530,8344,-912,-245,-70,-3072
-694,2980,5628,-8,261,-297,-3072
-796,-2434,8504,-30,-144,-92,-3040
3622,2334,7150,181,755,-446,-3040
-3696,-2714,10066,-878,-487,-62,-3040
3390,898,6278,431,-62,-221,-3040
2238,474,4498,-655,335,-380,-3040
-6084,2698,6044,228,-912,362,-3104
7470,-6784,10432,1027,436,-260,-3056
-5742,-334,10254,-1637,-543,-143,-3056
-1824,-2708,9336,804,-395,89,-3024
4422,-8644,10648,-345,485,-664,-3056
-4778,9688,3528,-671,-469,-68,-3056
3898,-1552,7494,1363,675,-169,-3024
-450,4856,6602,-672,-94,-181,-3056
-1616,6474,5002,-428,-404,103,-3024
2622,-4634,8914,208,534,-304,-3056
-1324,310,8432,-620,-87,-153,-3056
838,-2326,8554,439,131,-215,-3088
662,6540,6096,-796,446,-400,-3056
-150,-5934,9766,273,-166,22,-3056
4212,2212,5864,-229,477,-404,-3040
-1070,-7780,11310,870,560,-126,-3056
-2058,3864,6154,-841,-1578,346,-3056
2458,11032,3062,414,1206,-556,-3072
-5196,-5458,14162,185,-457,116,-3072
3136,10484,2610,-1190,-486,-242,-3072
1540,-6172,10280,1582,1407,-556,-3072
-292,-5938,11994,-1011,-949,120,-3040
3228,3086,5096,187,441,-329,-3040
-962,-3478,11716,294,202,-41,-3072
1472,2780,7330,-1107,-502,-1,-3072
-1228,2880,7286,-542,-87,-148,-3040
1720,-1640,7870,397,218,-248,-3040
-508,6962,5406,-1213,42,-285,-3056
-150,-6468,9958,699,-241,2,-3056
4352,2026,3440,-800,423,-512,-3088
-5670,226,8162,1128,354,97,-3056
210,-276,8728,-212,-984,129,-3024
490,12620,1704,-1025,361,-436,-3056
-3010,-7848,11778,1349,-260,207,-3024
4768,-4052,7836,-1516,-337,-437,-3056
-274,-1026,8052,913,796,-425,-3056
1522,-9378,13316,200,-199,9,-3088
436,8892,4720,-716,98,-240,-3056
-1140,-3272,11832,551,172,49,-3040
2238,176,8506,-688,31,-159,-3056
-740,2672,5540,-191,164,-237,-3056
114,-3272,8806,90,-101,-95,-3040
3792,2050,6684,77,763,-478,-3072
-4482,-974,9014,-831,-586,-41,-3072
2834,312,5832,366,-6,-260,-3072
-172,-5104,8870,-516,380,-378,-3040
-5800,1468,7002,80,-986,420,-3040
7442,-7992,11324,1315,952,-394,-3040
-5366,1526,8988,-1538,-638,-70,-3072
1062,8476,4344,389,-461,66,-3072
4388,-6772,9360,116,691,-671,-3072
-5050,10522,3016,-1064,-812,17,-3072
3808,-3248,8446,1387,767,-189,-3040
-614,-3000,11412,-469,-40,-145,-3040
-1544,5698,5888,-715,-409,65,-3040
3054,-5784,9744,310,657,-315,-3072
-1346,748,8344,-580,-133,-126,-3040
3168,-502,6528,463,130,-239,-3056
834,6586,6268,-878,400,-376,-3056
-136,-6192,10130,328,-273,45,-3056
5416,3664,3366,-426,522,-482,-3056
-3946,-4626,11234,1006,642,-84,-3056
7868,-5378,10318,1335,803,-333,-3056
-5568,-2650,12008,-1042,-661,0,-3056
2292,10606,2764,-258,-452,-58,-3024
2254,-8590,11414,1206,1328,-629,-3040
-4924,9920,3470,-1316,-1114,124,-3056
3520,760,6282,1053,674,-289,-3056
-590,-3994,11732,-79,159,-134,-3056
1062,4494,6454,-1083,-545,83,-3056
2410,-4294,8882,329,588,-329,-3088
-1422,-796,8534,-410,-176,-116,-3056
3824,244,6040,418,279,-292,-3024
-4156,2862,7220,-1234,-99,-227,-3024
96,-6478,10196,721,-222,-21,-3024
4794,2642,3432,-831,428,-515,-3056
-5164,-1106,9148,1095,289,82,-3056
-838,1002,7720,-189,-997,140,-3072
1278,12480,1940,-1267,185,-389,-3024
-3416,-9414,12704,1424,-326,233,-3056
4762,-2082,6718,-1519,-308,-461,-3024
478,-3308,8848,905,755,-396,-3072
780,-8354,12906,228,-216,11,-3040
544,9378,4246,-743,90,-281,-3072
-2318,3320,8714,546,169,0,-3008
1780,1224,8082,-653,34,-142,-3072
-652,2132,5666,-204,171,-229,-3072
20,-3222,8862,118,-85,-138,-3008
1902,6132,7332,-431,737,-439,-3072
-660,-6804,10580,1,-278,55,-3072
5698,3810,4426,-158,400,-386,-3040
-218,-4744,8830,465,514,-176,-3072
-4808,5972,4626,-747,-1563,436,-3008
5908,5808,6186,832,1362,-544,-3040
-4818,-10284,15946,-547,-497,70,-3024
1202,8504,4874,-605,-470,-122,-3088
3162,-10898,12704,1273,1317,-668,-3056
-2800,1016,8316,-1333,-1184,107,-3056
1676,8746,3418,678,538,-265,-3056
-1716,6208,6204,200,-8,24,-3024
48,-466,6964,403,494,-292,-3088
-598,-3776,8774,-247,-123,-90,-3072
3122,-442,6606,395,428,-321,-3056
-2912,3836,6696,-1227,-290,-218,-3056
164,-3870,8218,617,-251,-88,-3024
1504,-418,5306,-916,360,-458,-3056
-4188,-4628,11368,1004,20,180,-3056
3858,-5862,11044,252,-514,-20,-3056
-3092,9874,2344,-1438,-40,-306,-3024
-1454,-36,7882,1424,-283,208,-3056
5030,3004,4302,-1334,-155,-523,-3056
-3264,6422,4972,317,373,-266,-3056
3356,-9900,12770,825,195,-87,-3056
1288,9802,3614,-814,-10,-262,-3072
-2252,1508,10008,253,0,59,-3088
2864,-5740,10100,-234,263,-180,-3056
-654,3438,6418,-514,32,-229,-3024
-482,-3456,8636,207,-23,-151,-3072
2582,4980,7634,-326,723,-458,-3024
-1598,-6062,10598,-245,-304,-7,-3040
5012,3722,5154,50,212,-316,-3072
634,-3460,7716,127,498,-262,-3072
-5864,6404,4366,-589,-1455,467,-3040
7268,1726,7840,1228,1392,-502,-3040
-5076,-9322,16092,-873,-559,37,-3072
-198,6870,5840,-472,-488,-90,-3040
3884,-12578,13258,1148,1263,-703,-3040
-3906,5210,6048,-1399,-1184,133,-3072
2582,6518,3626,952,628,-273,-3072
-892,-1318,10428,24,165,-131,-3040
-12,7336,4134,-1136,-552,85,-3040
948,-1860,8114,312,537,-337,-3040
-958,-2730,8550,-419,-171,-102,-3072
2642,-1218,7150,424,390,-328,-3072
-2188,6282,5322,-1333,-249,-206,-3040
-282,-4604,8840,663,-220,-39,-3040
-370,-5200,9180,183,491,-256,-3072
-4164,5012,5230,-703,-1484,376,-3024
5254,6570,5798,393,1174,-529,-3056
-4724,-10336,15518,99,-508,139,-3056
4696,5962,2972,-1133,-479,-187,-3024
2968,-9886,12142,1480,1361,-577,-3024
-2158,-20,9008,-945,-900,101,-3088
1694,8858,3870,225,469,-283,-3088
-1438,-754,11110,363,277,-94,-3088
678,6352,5222,-1216,-531,6,-3056
-46,-144,6846,195,342,-311,-3056
-536,-3610,8518,-183,-147,-119,-3024
3308,-68,6262,298,489,-381,-3040
-3416,3902,6704,-1144,-452,-151,-3056
180,-3386,7814,585,-212,-141,-3056
1438,-502,5594,-858,327,-419,-3056
-4018,-4670,11276,926,-119,209,-3072
4174,-6684,11570,823,55,-117,-3056
-3228,9092,2840,-1595,-257,-262,-3072
-1300,780,7618,1229,-386,189,-3040
4776,2724,4394,-1160,-59,-556,-3040
-3600,7164,4674,11,87,-224,-3072
3386,-9404,12552,1090,401,-106,-3040
-234,2130,8632,-761,-47,-248,-3040
-2254,1482,9808,96,-96,78,-3040
2940,-5870,10200,-96,416,-234,-3072
-712,3356,6714,-608,-43,-225,-3040
1158,-1574,7746,290,-6,-156,-3072
2524,4728,7562,-391,679,-448,-3040
-1732,-5034,10156,-62,-269,-2,-3072
5008,3374,5230,-51,382,-382,-3072
-1650,-8186,12320,409,565,-222,-3072
-5734,6594,4278,-747,-1578,419,-3040
7164,668,8178,1068,1378,-500,-3056
-5272,-8626,15440,-700,-561,49,-3056
3942,9966,1972,-615,-487,-110,-3056
3882,-12704,13330,1309,1351,-693,-3056
3922,-7070,10928,1004,350,-103,-3056
-1008,-234,10118,-725,-79,-229,-3040
-2468,3344,8328,-249,-310,117,-3040
3676,-6132,9716,122,596,-295,-3040
-1452,2404,7830,-568,-55,-156,-3072
2388,-1408,7252,367,45,-201,-3040
1936,5770,7454,-633,609,-374,-3072
-684,-6388,10524,216,-247,33,-3040
5954,3980,4442,-286,514,-432,-3040
-2874,-6368,12080,672,607,-163,-3104
-4438,5036,4936,-631,-1438,366,-3072
5842,4632,6468,368,1216,-590,-3072
-5106,-10258,15572,186,-565,141,-3072
4566,7024,2610,-1224,-570,-186,-3040
3006,-10584,12410,1470,1334,-605,-3040
-2958,1482,8190,-984,-912,156,-3072
2162,8382,3938,233,474,-278,-3072
-1186,-1898,11578,398,294,-62,-3072
670,7002,4748,-1198,-462,12,-3024
300,-828,7382,301,456,-280,-3056
-780,-3514,8460,-264,-184,-97,-3024
2956,3538,6950,290,477,-375,-3024
-2758,4530,6314,-1167,-377,-167,-3056
28,-3790,8194,540,-272,-84,-3088
2106,1072,4342,-837,414,-479,-3088
-5840,2832,6246,956,-46,182,-3056
3154,-4688,10772,544,-235,-67,-3056
-2416,9720,2486,-1464,-201,-277,-3056
-1842,-1884,8648,1203,-459,217,-3056
4644,4624,3354,-1324,-203,-536,-3040
-2930,4846,5742,31,136,-181,-3088
3186,-9818,12846,985,300,-80,-3056
-52,3968,7470,-777,-13,-238,-3056
-1752,656,10422,232,-29,29,-3072
2774,-5128,10174,-207,336,-200,-3040
-720,3490,6192,-538,18,-203,-3040
726,-1956,8194,301,-31,-177,-3072
-3406,3040,7154,-1161,-378,-181,-3056
736,-3496,7956,571,-158,-132,-3056
1364,-1812,6312,-856,266,-432,-3056
-6108,5126,4860,515,-564,321,-3056
4874,-7246,11558,957,267,-194,-3056
-3940,7908,3570,-1726,-487,-166,-3056
-1182,3228,6680,1093,-344,160,-3088
3904,-12120,12752,-618,305,-662,-3056
-4360,8742,4240,-521,-341,-105,-3056
3966,-9074,11820,1333,588,-147,-3056
-876,1120,9046,-789,-77,-218,-3056
-492,7292,4126,-199,-330,91,-3056
3444,-6086,9784,139,616,-320,-3056
-1310,2832,7544,-567,-44,-182,-3024
1924,-1760,7980,369,18,-187,-3056
2226,5600,7468,-593,663,-404,-3040
-1126,-6042,10440,209,-240,46,-3088
5472,3618,4804,-334,475,-422,-3056
-2680,-6836,11734,666,572,-108,-3056
-5096,5204,5016,-607,-1461,393,-3072
6470,3670,7280,555,1280,-561,-3072
-5172,-9744,15960,49,-505,109,-3040
4658,7594,2636,-1061,-522,-215,-3072
3278,-10976,12520,1464,1298,-596,-3040
-3302,2802,7300,-1127,-1008,110,-3072
2196,7574,3850,318,502,-299,-3040
-1264,-2006,11100,262,217,-79,-3072
702,7024,4614,-1141,-447,-7,-3072
396,-1326,7742,274,425,-295,-3040
-840,-3008,8558,-185,-141,-91,-3040
3280,2982,7226,342,539,-412,-3072
-2646,4944,5978,-1215,-451,-146,-3040
-60,-3968,8170,543,-262,-97,-3040
2098,598,4376,-884,312,-486,-3040
-6090,2828,5878,792,-317,269,-3072
3268,-3970,10466,703,-25,-151,-3040
-2082,9618,2770,-1392,-120,-282,-3056
2046,9556,3460,-1132,-507,-213,-3040
2210,-8326,11224,1323,1101,-505,-3072
-1786,-1928,9986,-587,-697,71,-3072
1550,8882,3760,-703,17,-272,-3072
-1842,542,10442,409,121,41,-3072
2710,-4812,10210,-415,149,-157,-3040
-520,3276,6674,-336,168,-257,-3072
-600,-3348,8662,194,-29,-114,-3040
2794,4282,7586,-130,738,-449,-3104
-2376,-4860,10068,-545,-464,-37,-3072
4394,3394,5072,208,164,-309,-3072
1044,-2568,6950,-121,417,-301,-3072
-5908,6378,4434,-355,-1301,429,-3040
8104,-2110,9444,1507,1403,-440,-3040
-5060,-7178,15358,-1260,-643,0,-3040
-702,4614,6366,-140,-479,-43,-3040
3946,-12194,12836,772,1110,-685,-3072
-4576,7560,4664,-1334,-1050,84,-3056
2902,4392,4410,1309,709,-246,-3024
-748,528,9510,-271,86,-160,-3056
-440,7138,4172,-869,-543,60,-3056
1500,-2616,8368,327,621,-314,-3056
-1158,-1786,8494,-466,-128,-140,-3056
2160,-1806,7748,440,230,-258,-3088
-1196,6948,5186,-1247,74,-306,-3056
-166,-5612,9426,696,-168,4,-3056
3584,954,4036,-760,503,-506,-3024
-2806,-7018,12134,1188,456,60,-3056
1406,-2428,9664,-325,-1120,163,-3056
-908,11924,1364,-941,371,-475,-3056
-4846,-10538,16064,1111,-353,204,-3072
4810,7296,2628,-1548,-342,-428,-3056
-1470,1748,6912,1003,894,-436,-3024
2520,-10600,13666,-95,-363,-5,-3040
1904,8328,3578,-490,195,-225,-3040
-1526,-1768,11238,514,190,-21,-3040
2398,-2098,9174,-788,-135,-107,-3040
-1320,1420,8368,-507,-132,-114,-3072
3372,-1020,7066,466,459,-363,-3056
-3118,4840,6102,-1329,-274,-199,-3056
186,-3960,8148,706,-235,-13,-3056
1784,-998,5394,-913,360,-518,-3056
-4174,-4352,11274,1008,60,197,-3024
3778,-5176,10950,207,-590,35,-3056
-2864,9960,2570,-1282,40,-320,-3056
-1430,-272,8326,1373,-291,212,-3024
4978,3354,4446,-1331,-95,-489,-3088
-3152,6042,5438,393,398,-325,-3024
3360,-10156,12928,707,119,-81,-3056
1046,9824,3482,-813,-62,-239,-3008
-2000,986,10134,286,-62,77,-3056
2882,-5316,10056,-264,280,-207,-3056
-710,3438,6558,-442,76,-205,-3056
-564,-3804,8890,247,27,-149,-3072
2756,4528,7642,-260,755,-469,-3056
-1846,-5158,10360,-435,-347,-27,-3040
4788,3202,5306,134,163,-294,-3072
982,-2648,6802,-41,385,-300,-3072
-6044,6844,4094,-490,-1376,453,-3008
7826,-874,8820,1441,1412,-480,-3040
-5068,-7836,15400,-1144,-608,32,-3040
-514,4878,6348,-205,-449,-63,-3008
3814,-12736,13152,928,1147,-689,-3040
-4472,7004,4938,-1417,-1160,147,-3040
2740,5450,4010,1096,610,-272,-3040
-530,-192,9878,-77,146,-170,-3040
-300,7548,4396,-1056,-524,103,-3040
1462,-2562,8470,371,625,-344,-3040
-1066,-2698,8724,-431,-123,-125,-3072
1928,-1104,7278,388,246,-308,-3040
-1310,6488,5140,-1162,-11,-283,-3072
-186,-5872,9552,659,-220,18,-3072
3662,1464,3668,-720,440,-491,-3056
-2622,-6804,12222,1104,440,31,-3056
6390,4328,6812,1274,1370,-521,-3072
-4902,-10574,16436,-500,-537,88,-3072
452,8696,4470,-819,-554,-154,-3040
3230,-11516,12680,1483,1380,-667,-3056
-3218,2564,7598,-1287,-1139,145,-3040
2246,8256,3702,763,638,-281,-3072
-1094,-2484,11160,152,134,-89,-3040
678,7810,4310,-1246,-568,40,-3104
304,-1222,7498,343,514,-326,-3104
-956,-3284,8212,-356,-227,-96,-3072
2970,-1112,6696,390,411,-339,-3040
-2710,6072,5524,-1286,-236,-181,-3072
100,-5222,9084,772,-243,-13,-3040
2764,216,4572,-927,421,-534,-3040
-3612,-6176,11994,1058,99,203,-3072
2854,-3988,10566,128,-644,27,-3072
-2306,11004,1822,-1305,45,-352,-3072
-2042,-2758,9006,1319,-337,222,-3072
4802,5586,3488,-1373,-191,-484,-3072
-2434,3814,6266,503,480,-304,-3072
3166,-10704,13478,720,141,-86,-3040
-246,5100,6910,-792,-26,-244,-3088
-1616,-316,10718,463,119,-8,-3056
2520,-4244,9956,-521,88,-170,-3088
-790,4108,5716,-379,52,-223,-3056
632,-2546,8378,264,19,-103,-3056
3094,3938,7434,-98,777,-471,-3056
-2972,-4102,10152,-521,-436,-12,-3056
4422,2236,5686,252,154,-324,-3056
-860,-7960,11580,-132,411,-318,-3056
-6248,5248,4560,-358,-1322,426,-3056
7838,-4446,9966,1357,1270,-459,-3024
-5830,-4724,13118,-1360,-789,20,-3056
-1142,1518,7558,168,-435,-1,-3040
4174,-11878,12496,767,1080,-698,-3024
-4716,8808,4072,-1264,-1029,114,-3056
3416,2174,5562,1230,706,-250,-3088
-2324,2278,9602,390,86,11,-3056
3120,-6194,9980,-134,369,-213,-3056
-1116,3144,6812,-512,26,-232,-3056
1454,-1770,7948,386,6,-185,-3040
2380,4816,7722,-444,701,-393,-3072
-1444,-6218,10488,51,-221,8,-3040
5306,3888,4880,-202,370,-413,-3040
-2216,-7388,12024,321,523,-237,-3056
-5768,6238,4382,-747,-1559,413,-3056
7032,2620,7224,965,1384,-567,-3024
-5234,-9656,16042,-446,-536,83,-3024
4358,9256,1758,-829,-497,-108,-3056
3818,-12406,13350,1455,1415,-630,-3088
-3738,4392,6584,-1294,-1171,168,-3056
2666,6928,3704,684,552,-314,-3056
-960,-2710,11664,120,217,-100,-3056
78,8076,3844,-1266,-587,41,-3056
700,-1726,7930,338,530,-317,-3088
-956,-3060,8414,-311,-205,-90,-3056
2742,-1354,7196,462,386,-344,-3072
-2126,6026,5506,-1319,-323,-183,-3088
14,-4770,8902,694,-218,-69,-3056
2822,640,4394,-862,471,-517,-3056
-3410,-6290,12034,1057,172,161,-3072
2394,-3576,10062,143,-697,48,-3040
-1624,10356,1952,-1225,92,-369,-3040
-2134,-3246,9278,1266,-367,230,-3040
4784,5914,2960,-1427,-225,-481,-3072
-2248,3406,6274,511,465,-339,-3040
2766,-10210,13222,637,130,-60,-3040
-126,5256,6742,-848,-21,-215,-3040
-1498,-508,10906,435,117,52,-3072
2352,-4380,9944,-349,220,-194,-3072
-576,3856,5746,-458,31,-217,-3072
658,-2466,8682,298,-30,-135,-3072
2820,4084,7408,-252,702,-433,-3072
-2556,-4242,10286,-309,-308,-11,-3040
1204,-1268,5822,-897,282,-464,-3072
-5996,4792,4680,339,-802,335,-3056
4502,-6800,11380,1063,391,-201,-3040
-3542,8884,3180,-1720,-590,-125,-3024
-1258,1754,7482,777,-416,101,-3056
4154,-11502,12212,-318,474,-652,-3088
-4712,8396,4202,-771,-550,-44,-3088
3486,-9054,12154,1390,620,-176,-3024
-474,1572,8726,-563,-8,-230,-3056
-1036,7428,4234,-492,-365,109,-3056
3060,-6248,10220,206,586,-270,-3040
-724,2886,7090,-576,-104,-159,-3056
1582,-1830,7890,464,113,-204,-3056
-660,6418,5456,-918,388,-356,-3056
-1160,-5842,10252,282,-185,-17,-3072
5182,3408,5198,-417,506,-473,-3056
-2030,-7712,12148,853,585,-104,-3072
364,-1014,8766,-779,-1552,343,-3072
6612,3452,7050,104,1042,-536,-3040
-5110,-9656,16026,432,-448,178,-3072
4470,8736,2240,-1316,-498,-268,-3008
-424,-520,7602,1618,1395,-523,-3104
-3658,3838,7020,-779,-825,117,-3040
2368,7122,3630,-8,377,-305,-3072
-1480,-1976,11238,364,229,-31,-3040
1994,-1114,8792,-1124,-449,-19,-3040
754,-1400,7758,131,345,-288,-3040
-938,-3020,8464,-75,-142,-83,-3072
3832,2200,7086,311,664,-412,-3040
-3946,-2238,9730,-1178,-523,-119,-3040
-216,-4444,8732,583,-185,-140,-3072
2398,408,4510,-914,298,-481,-3056
-6158,3240,5876,636,-450,328,-3056
7536,-6410,10330,861,123,-182,-3056
-1856,9682,2660,-1543,-290,-224,-3056
-1668,-2336,9172,1116,-348,174,-3088
4486,-8954,10950,-836,193,-614,-3056
-1884,-1616,9790,-811,-814,114,-3056
-540,4820,6728,-840,-120,-211,-3056
-1520,6312,5172,-247,-297,81,-3072
2692,-5014,9196,170,555,-307,-3040
-636,3450,6224,-597,-49,-158,-3040
972,-2452,8596,424,95,-211,-3072
452,6864,5800,-666,571,-401,-3088
-194,-5506,9666,122,-181,-9,-3056
4570,2348,5982,-160,487,-404,-3056
-1192,-7392,11348,561,550,-171,-3056
-1662,3328,6514,-734,-1543,392,-3056
2212,10668,3264,554,1305,-550,-3056
-5376,-5550,14162,-69,-520,103,-3056
3440,9956,2758,-1014,-486,-188,-3056
1400,-5454,9986,1519,1406,-644,-3056
-174,-6044,12088,-1037,-1000,135,-3024
3068,3516,5056,286,478,-308,-3056
-894,-2854,11388,230,225,-55,-3056
1400,1792,7594,-1123,-507,7,-3024
2006,-2980,8392,233,526,-332,-3072
-1142,-1912,8682,-144,-127,-107,-3056
3620,1184,6608,312,514,-375,-3088
-3924,526,8286,-1162,-352,-168,-3056
-334,-5582,9332,613,-255,-71,-3072
3802,2370,3300,-913,308,-469,-3072
-5560,124,8078,926,-91,181,-3040
6496,-8380,11732,1157,554,-288,-3072
-4818,4128,6694,-1734,-585,-140,-3040
-46,7318,5198,837,-405,85,-3040
4914,-4484,8142,-282,532,-684,-3072
-5140,10622,3268,-794,-566,-54,-3040
3992,-6372,10098,1223,730,-270,-3040
-1196,-1110,10390,-280,66,-179,-3072
212,7194,4406,-926,-558,70,-3040
910,-1502,7846,318,631,-345,-3072
-1476,2064,8114,-479,-159,-122,-3040
1758,5758,7182,-562,698,-430,-3056
-110,-5198,9244,564,-247,10,-3056
5814,3992,4238,-718,478,-508,-3040
-3356,-6184,11912,1040,355,102,-3072
2184,-2864,9862,-346,-1087,184,-3072
-1484,10834,1850,-749,493,-468,-3072
-4766,-10804,15906,1218,-315,234,-3040
4834,5962,3300,-1469,-325,-402,-3040
-2088,3046,6644,980,837,-411,-3072
2760,-10058,13072,-4,-333,-28,-3040
1808,8676,3758,-567,149,-270,-3072
-1600,-1140,11178,507,169,-8,-3024
2600,-3368,9426,-863,-124,-119,-3088
-902,3574,5806,-84,231,-291,-3056
-626,-3456,8590,63,-58,-94,-3056
3288,3152,7364,146,738,-465,-3088
-3448,-3084,10034,-860,-525,-49,-3056
4152,1248,6146,451,-86,-198,-3056
1758,286,4680,-747,267,-380,-3024
-6058,4080,5406,210,-877,381,-3056
7900,-5604,10436,1269,793,-315,-3056
-5564,-2046,11870,-1545,-518,-97,-3056
-1388,-862,8560,661,-385,95,-3056
4198,-9672,11220,-152,613,-677,-3056
-4900,9648,3442,-944,-722,-18,-3088
3374,-9766,12756,1351,623,-185,-3072
-428,3658,7806,-549,-60,-195,-3056
-1158,6770,4954,-587,-402,113,-3056
2464,-4270,8964,262,663,-320,-3056
-924,3296,6728,-543,-44,-186,-3040
1046,-2010,8368,416,91,-203,-3040
146,6732,5798,-808,457,-387,-3072
6,-6276,9936,248,-244,28,-3040
4676,3274,5338,-400,475,-453,-3040
-1416,-7822,11848,889,596,-101,-3040
-1104,2180,7264,-796,-1496,304,-3040
1858,12194,2580,262,1219,-536,-3072
-936,4668,6056,764,-405,99,-3072
3858,-12300,12852,827,1126,-666,-3072
-4360,7428,4940,-1343,-1101,127,-3072
3162,4494,4758,1051,704,-296,-3056
-948,470,9630,-140,128,-142,-3040
-360,7244,4144,-1066,-519,72,-3056
1320,-2512,8332,292,568,-349,-3024
-1370,-1566,8246,-416,-215,-113,-3056
2302,-1830,7704,444,333,-304,-3040
-1290,6768,5248,-1321,-173,-225,-3088
36,-5218,9338,717,-194,-25,-3056
3694,714,4288,-685,513,-536,-3040
-2894,-6726,11824,1077,320,122,-3040
1270,-2150,9410,-90,-956,137,-3040
-866,11532,1558,-1124,242,-432,-3040
-2838,-5046,9706,1270,-391,246,-3072
4864,7106,2786,-1489,-291,-436,-3072
-1158,1234,7288,833,733,-373,-3040
2498,-10432,13540,374,-68,-41,-3008
126,6602,5880,-700,69,-248,-3072
-1388,-1856,11160,463,105,5,-3072
2156,-1836,9084,-600,73,-160,-3072
-852,3360,5630,-266,97,-228,-3040
462,-2920,8580,141,-96,-135,-3072
3150,3268,7122,-120,720,-450,-3040
-3092,-3550,10188,-451,-338,-22,-3072
3818,1172,6116,219,154,-267,-3040
-608,-6268,10084,-266,378,-306,-3072
-6006,3134,5782,-160,-1166,404,-3072
7646,-5746,10378,1232,1020,-404,-3056
-5630,-1710,11608,-1392,-656,-27,-3056
2238,9704,3440,201,-476,21,-3088
4196,-9246,11130,327,864,-673,-3056
-4702,9208,3444,-1081,-881,38,-3024
3386,370,6690,1303,704,-244,-3056
-184,-3776,11766,-332,50,-167,-3056
-1210,7408,4462,-907,-468,67,-3056
-584,3538,6492,-302,108,-234,-3056
1016,-2132,8406,371,59,-173,-3056
220,6666,5820,-441,677,-421,-3088
-2138,-4870,10216,54,-238,-10,-3072
4544,3374,5308,-213,425,-412,-3072
-1342,-8428,11882,700,625,-194,-3040
-1290,2578,7338,-890,-1556,385,-3040
7736,-1248,9138,663,1306,-554,-3040
-5204,-7518,15236,-93,-507,125,-3072
3832,10394,1982,-1050,-500,-224,-3040
1008,-4446,9264,1573,1450,-622,-3040
-4398,7352,4738,-1238,-1127,116,-3088
2770,4826,4282,612,506,-308,-3056
-936,-3164,11462,155,226,-94,-3056
1536,1392,8004,-1169,-530,28,-3088
1424,-2596,8328,283,476,-304,-3056
-1116,-2348,8632,-254,-126,-109,-3056
4160,1216,6662,384,472,-373,-3024
-4380,-448,8882,-1381,-410,-145,-3056
-130,-5668,9426,772,-182,-108,-3024
3422,688,3978,-896,334,-497,-3056
-6168,2162,6888,855,-158,273,-3056
7232,-8440,11636,592,-289,-59,-3056
-816,11980,1664,-1648,-233,-284,-3056
-2364,-5200,10128,1312,-329,195,-3056
4452,-7164,9442,-1140,-25,-548,-3024
-1544,1740,6712,311,317,-298,-3040
2258,-10500,13424,1030,324,-121,-3056
-116,6874,5494,-918,-126,-227,-3056
-1882,5500,6268,362,-30,57,-3040
2412,-2416,9352,-296,313,-220,-3072
-638,3296,5752,-455,34,-213,-3040
632,-3034,8764,253,-2,-180,-3040
1022,6948,6300,-300,759,-465,-3040
-3286,-3856,10074,-151,-314,-14,-3040
3778,2086,5524,-7,279,-342,-3072
-824,-6578,10174,182,441,-260,-3040
3664,-5518,11166,437,-350,-43,-3072
-2770,9612,2388,-1706,-537,-139,-3008
-1492,-428,8066,577,-418,82,-3024
4156,-9818,11172,-124,598,-680,-3056
-4872,9704,3352,-923,-688,-39,-3056
3306,722,6440,1451,717,-204,-3088
-468,3548,7812,-560,-60,-186,-3056
-1108,7298,4662,-590,-360,86,-3056
2424,-4738,9184,315,602,-318,-3056
-682,3808,6206,-674,-122,-169,-3040
930,-2122,8262,422,121,-220,-3056
146,6560,5828,-829,393,-380,-3088
-74,-6184,9880,380,-213,27,-3056
4684,3102,5410,-384,510,-423,-3072
-1276,-8504,12116,965,660,-99,-3072
-1282,2602,7104,-893,-1608,329,-3072
1722,11944,2234,218,1123,-539,-3072
-5188,-7240,14898,395,-457,174,-3040
3538,10446,2158,-1335,-476,-263,-3040
1146,-4932,9634,1668,1447,-559,-3040
202,-7508,12616,-785,-888,127,-3072
2784,4520,4348,-14,332,-291,-3040
-898,-3308,11632,350,257,-74,-3040
1428,1764,7800,-1141,-447,-21,-3040
-468,2670,5240,66,340,-325,-3072
-1090,-2184,8896,-43,-109,-92,-3040
4042,1048,6552,278,585,-424,-3072
-4450,846,8204,-1214,-513,-105,-3040
1992,-820,6530,720,-108,-122,-3040
3836,1608,3658,-802,340,-473,-3040
-5920,1498,7518,449,-551,338,-3072
6946,-9036,11878,1025,248,-209,-3040
-4964,3022,7342,-1794,-368,-236,-3056
-2742,-6716,11178,1243,-308,173,-3088
4784,-5784,8764,-893,147,-608,-3056
-5170,10980,3034,-232,-96,-177,-3056
