AcX,AcY,AcZ,GyX,GyY,GyZ,Tmp
2542,3034,2036,1000,1058,-409,-2880
-2816,-8108,11970,649,93,-150,-2880
-8392,27742,-6566,-3950,-1223,-307,-2896
3348,-2198,-1692,4299,2041,-964,-2896
-6144,8914,7674,-2464,-1423,1329,-2880
-7986,32767,-11272,-1511,-1904,-1230,-2880
7722,-32768,10486,2663,-46,947,-2912
-4146,5882,5646,-2971,-1719,-263,-2880
4080,-6620,13066,2738,821,-488,-2848
680,-12396,18222,-330,333,-139,-2880
-1188,5778,1614,-2466,-1686,295,-2880
2640,-170,2094,1571,1309,-351,-2880
-708,2288,8014,-730,286,-137,-2880
3424,15042,7070,1220,2593,-966,-2880
2776,-32768,28406,849,612,480,-2880
-1436,32724,-8914,-4546,-1599,-575,-2864
5912,-21628,9526,4396,1732,-1264,-2880
-2940,-15756,24624,-1766,-1710,2114,-2912
3802,24916,-3228,-833,-229,-1009,-2912
5036,-10586,15010,3296,1415,-143,-2896
364,-8678,17374,-2230,-645,-92,-2896
-3812,12090,2864,-1637,-1201,252,-2896
6626,-18486,11964,1762,1614,-336,-2896
-250,2054,8382,-504,930,-224,-2896
3712,12860,7848,2560,2737,-676,-2912
-7876,2906,9230,-2367,-1054,636,-2912
-1140,30874,-9084,-2071,-321,-1225,-2880
5180,-25488,12896,5077,2378,-246,-2880
-2932,-10948,21882,-4465,-2853,1319,-2880
4678,-7882,2888,2594,439,-954,-2912
174,-21148,18354,799,-178,131,-2880
2308,25504,-450,-2004,-838,-322,-2880
-3282,13366,3708,692,1253,-132,-2912
5158,-12266,14008,-319,494,51,-2880
2320,6240,5100,66,1103,-380,-2880
2378,-11560,14078,1706,795,-267,-2912
-9584,11070,4518,-4871,-1939,68,-2896
5878,-22308,8670,3269,1720,-1461,-2896
-4206,-25722,26614,405,-22,1132,-2864
-9482,32767,-8302,-4484,-3261,-384,-2896
6808,-16602,2592,3792,219,54,-2864
-1698,20052,214,-2691,-1951,114,-2896
-942,8454,3674,933,-93,-628,-2880
1698,-16614,17968,1222,1426,-163,-2880
4318,-6810,10514,-2325,-1120,271,-2880
2022,5120,4844,483,1045,-388,-2896
558,-11268,13536,653,81,-165,-2896
-2346,27466,-2250,-3415,-702,-402,-2896
5832,-30388,15866,4432,2117,-751,-2864
-5646,-13460,20468,-2531,-1493,1341,-2896
-9526,32767,-10586,-1506,-1894,-1273,-2864
2738,-32768,24218,2702,52,962,-2896
306,25014,-1926,-3023,-1709,-260,-2896
706,4384,6436,2749,833,-479,-2896
706,-17596,19006,961,1261,-137,-2896
2956,-2536,7376,-2321,-1282,281,-2912
2092,2860,3886,959,1079,-414,-2880
-2998,98,8560,-283,-15,-115,-2880
-754,24114,466,-816,1350,-673,-2880
5154,-32768,19950,3091,1581,-111,-2880
-5450,-6246,15468,-4594,-1953,521,-2880
838,866,-676,2270,291,-1521,-2880
884,-29962,25048,191,-655,1659,-2880
1628,25484,-2722,-1211,-472,-780,-2880
4446,-24408,22024,3011,1342,-105,-2896
2834,17462,5444,-2262,-665,-136,-2848
-5264,13350,-198,-1682,-1206,243,-2912
5530,-13096,7060,1842,1685,-343,-2880
2126,3606,7542,-323,1186,-252,-2896
5568,-4278,14090,2583,2688,-630,-2896
-5242,-10766,18606,-2814,-1280,660,-2864
-1786,32767,-8694,-1551,-84,-1353,-2864
1188,-32768,31402,4849,2316,-94,-2896
-9412,28408,3340,-4881,-3084,1280,-2864
3084,3402,2360,2818,377,-957,-2928
3254,-24888,21134,412,-442,172,-2896
-906,18408,-1370,-1690,-705,-404,-2896
1218,-4196,12218,551,1011,-61,-2912
7224,-17254,16368,-130,770,11,-2848
2050,4418,7012,185,1129,-355,-2912
-3218,-6166,10694,1341,493,-204,-2896
-7504,28624,-6758,-4762,-1849,-45,-2912
3736,-7504,606,3571,1796,-1361,-2944
-968,-32768,31762,-890,-657,1283,-2928
-7162,30890,-10474,-3428,-2900,-799,-2864
7396,-32768,13088,3490,107,448,-2928
-3904,10438,4196,-3107,-1983,-22,-2928
-1550,15556,-398,2065,415,-600,-2864
454,-8254,17062,509,855,-135,-2864
-1724,6528,1054,-2365,-1443,285,-2896
3080,-1920,2472,1093,1080,-373,-2896
-3522,-3852,9688,-493,35,-101,-2864
4220,11950,8560,-145,1831,-797,-2896
1732,-32768,28254,2502,1404,89,-2896
-5172,21966,120,-4947,-2003,281,-2896
-5804,25366,-8906,3183,816,-1488,-2864
-4218,-7666,21626,-541,-1101,1907,-2896
3994,22062,-2058,-672,-121,-946,-2864
5776,-15016,17634,3016,1379,-19,-2912
1544,-2886,15044,-2912,-922,-89,-2880
-4100,10184,-690,-2249,-1592,324,-2880
3896,-3802,1872,1895,1513,-352,-2880
1066,2472,7866,-686,729,-219,-2912
4912,7256,10678,2115,2868,-834,-2912
6,-29114,27758,-838,-246,605,-2912
-314,24436,-7538,-3064,-772,-1043,-2896
5698,-32768,20776,5235,2285,-772,-2848
-5228,1466,17436,-3259,-2302,1701,-2880
3844,18154,-478,1700,488,-1066,-2880
-1882,-15466,14796,1440,321,102,-2896
896,25698,-2078,-2489,-963,-275,-2896
-1426,9442,6240,352,888,-56,-2896
7404,-22596,16762,158,870,-77,-2864
2092,5726,4182,60,1197,-367,-2896
338,-12024,13638,2108,1137,-296,-2896
-10096,20302,-1582,-4920,-1983,82,-2896
800,16030,-6156,3190,1654,-1454,-2896
5038,-32768,26930,1523,626,877,-2880
-9610,32767,-10640,-5155,-3460,22,-2880
8300,-25234,3884,3875,313,-233,-2880
-3502,-9448,12390,-2146,-1853,204,-2880
746,3750,6424,1239,74,-634,-2896
772,-18084,19280,1195,1369,-143,-2912
2528,-1402,6762,-2188,-959,266,-2880
2126,3082,3654,823,1046,-402,-2880
-2850,510,8078,-300,-149,-94,-2864
-306,23514,1172,-1108,1083,-715,-2864
5298,-32768,21406,3403,1776,-176,-2896
-5696,-3780,14576,-4306,-1909,706,-2864
1328,-524,-472,1489,-208,-1539,-2896
824,-30000,25360,796,-502,1570,-2896
1748,26128,-2788,-1709,-704,-702,-2896
2424,-626,9498,3214,1383,-213,-2896
2786,17986,5380,-1975,-526,-127,-2896
-5142,13752,-90,-1928,-1369,280,-2864
5424,-13442,7140,1798,1585,-334,-2896
-1866,688,8420,-511,934,-194,-2864
5332,-5324,14288,2321,2865,-748,-2896
-5238,-9734,17668,-1555,-659,615,-2928
-1956,32767,-8776,-3112,-819,-991,-2864
2776,-7900,3300,5133,2433,-342,-2880
-8870,26390,3746,-4277,-2816,1428,-2880
3626,3780,2190,2493,461,-1020,-2880
3240,-24550,21642,1009,-59,110,-2880
2698,21514,3226,-2192,-840,-326,-2880
1398,-3458,11990,452,1011,-92,-2880
6964,-18258,16742,1202,1456,-195,-2864
2104,5264,6768,-269,1201,-299,-2912
5306,-8356,14590,2816,2301,-520,-2912
-7188,-3930,15098,-4079,-1771,587,-2880
4080,-4374,-1162,1077,974,-1715,-2896
-118,-32768,32294,4404,2235,47,-2864
-10156,32708,450,-5235,-3263,1113,-2864
4328,-642,2026,3261,458,-1025,-2864
2532,-25658,21572,-10,-709,229,-2896
-1478,17678,-1118,-1443,-693,-486,-2896
1722,-7910,13312,1075,1417,-106,-2896
6634,-15654,15506,-1002,162,101,-2896
1972,6078,6150,369,1103,-363,-2864
-3282,-5936,10694,1111,374,-199,-2896
-6954,29620,-6854,-4277,-1447,-227,-2864
4510,-11076,2026,4177,2076,-1091,-2896
-1740,-32768,31644,-1243,-875,1341,-2896
-6940,29742,-10334,-3202,-2826,-843,-2896
7172,-32768,14338,3456,157,497,-2896
-4198,12532,3496,-3216,-2041,-28,-2896
-1776,15480,-574,2118,419,-567,-2864
758,-7848,17134,532,848,-161,-2896
-2134,6814,764,-2455,-1567,307,-2896
3190,-1636,2058,1120,1050,-349,-2864
-3452,-4624,10006,-555,221,-121,-2880
3624,12640,8170,346,2108,-794,-2880
2000,-32768,27902,1959,1166,175,-2880
-5412,20046,1014,-5006,-1976,82,-2880
-6166,26578,-8970,3633,1108,-1356,-2912
-3574,-9894,21944,-1006,-1279,1886,-2848
3900,22446,-2146,-265,0,-955,-2912
5320,-13844,17148,3010,1407,-47,-2880
1660,-4622,15476,-2773,-909,-82,-2880
-3138,13280,3586,-1328,-691,151,-2880
6956,-21804,14640,1818,1628,-261,-2880
1138,2074,7710,-408,1182,-278,-2912
2480,-11502,14064,2846,2421,-558,-2896
-9654,10750,4730,-3391,-1493,630,-2880
-412,25722,-7902,156,596,-1664,-2864
6164,-32768,19524,3801,1837,294,-2896
-9658,32767,-8094,-5436,-3402,783,-2896
6362,-16124,2752,3450,374,-750,-2896
-1604,-17042,15810,-636,-1067,185,-2896
1294,26008,-2056,-804,-580,-497,-2896
-1594,9396,5970,1084,1405,-126,-2880
4124,-7044,10604,-1058,122,94,-2880
1992,5152,4480,368,1124,-376,-2880
660,-11224,13360,1026,273,-185,-2880
-10114,19132,-734,-3980,-1250,-307,-2912
5864,-30200,15454,4326,2054,-976,-2880
-5676,-14074,20796,-1779,-1147,1380,-2912
-9516,32767,-10636,-2529,-2421,-1051,-2880
2454,-32768,24228,2716,16,962,-2864
40,24630,-1984,-3137,-1936,-133,-2912
498,4270,6182,2432,619,-572,-2880
756,-17760,18934,1152,1407,-147,-2880
2804,-2470,7398,-2065,-903,258,-2880
2104,3054,3842,807,1025,-406,-2896
-2976,18,8504,-117,-65,-87,-2864
-778,24048,408,-1379,887,-645,-2896
5224,-32768,20092,3603,1831,-261,-2896
-5544,-5816,15434,-4198,-1882,727,-2896
656,418,-466,1454,-242,-1559,-2896
1142,-30006,24880,871,-441,1486,-2864
1740,25586,-2638,-1700,-710,-645,-2896
2282,-950,9622,3119,1333,-211,-2864
2948,17432,5606,-1853,-460,-134,-2896
-5220,14052,-250,-1979,-1376,278,-2928
5684,-13918,7198,1895,1627,-348,-2864
-1930,574,8492,-600,910,-198,-2896
5428,-5146,14230,2560,2799,-710,-2880
-5360,-10272,18434,-2216,-1022,679,-2880
-1744,32767,-8720,-2355,-428,-1205,-2912
3184,-8532,3166,5220,2513,-343,-2880
-9176,27210,3680,-4335,-2832,1481,-2880
3446,3904,2146,2429,444,-1040,-2880
3486,-24742,21620,998,-35,146,-2880
2656,21540,3278,-2233,-832,-349,-2912
1434,-4172,12124,597,1054,-68,-2880
6986,-17730,16464,-136,709,-23,-2880
2054,5598,6616,172,1160,-317,-2880
5264,-9182,14994,1773,863,-255,-2880
-7638,29408,-7084,-4982,-2014,144,-2864
4410,-6530,-456,2868,1552,-1569,-2896
-420,-32768,32452,1171,466,984,-2928
-10226,32767,-174,-5025,-3443,-108,-2864
8068,-32768,12042,3942,283,-166,-2896
-4342,8714,5178,-2388,-1875,197,-2896
-1380,17474,-1074,850,-84,-626,-2896
1192,-7722,13316,1056,1361,-108,-2896
-936,5180,1752,-2064,-988,277,-2896
2764,-860,2476,758,1032,-369,-2896
-3276,-4698,10078,-39,-144,-63,-2896
-6818,28658,-6222,-1959,488,-585,-2928
2872,-32768,27280,3517,1821,-210,-2880
-5556,16442,3054,-4259,-1870,768,-2880
-6632,28926,-9824,1548,-185,-1584,-2880
6698,-32768,14530,753,-585,1566,-2880
3932,24064,-2528,-1721,-696,-728,-2912
5242,-11932,16238,3207,1383,-218,-2912
1296,-7224,16620,-1915,-475,-105,-2880
-3176,7882,228,-2045,-1411,276,-2912
6846,-20382,13346,1960,1644,-363,-2880
524,1906,8104,-616,900,-210,-2880
4096,11738,8760,2358,2880,-790,-2912
-8732,6294,7526,-2168,-970,690,-2864
-892,29184,-8458,-3203,-814,-1029,-2880
5882,-29696,15498,5325,2416,-557,-2912
-4232,-6316,20874,-3827,-2578,1682,-2880
5628,-11098,2538,2496,441,-1071,-2896
-490,-19830,17452,1573,370,107,-2880
1670,26234,-1264,-2259,-905,-315,-2928
-2372,12562,4384,735,1220,-135,-2864
4708,-10240,12896,-231,647,34,-2864
2034,6688,5030,108,1123,-403,-2896
1798,-12630,14274,1834,877,-252,-2896
-10166,15534,1882,-4948,-1977,79,-2912
-74,22050,-7184,2440,1364,-1581,-2864
-5092,-21094,24700,1636,649,882,-2864
-9872,32767,-9332,-5262,-3440,91,-2896
7448,-19780,2774,3863,260,-289,-2896
-2492,-14678,14984,-1606,-1624,242,-2912
-434,7922,4346,584,-165,-600,-2896
1096,-17456,18352,1281,1413,-164,-2880
3764,-5002,9252,-2163,-919,237,-2896
2102,3604,4340,785,1034,-379,-2896
-3424,-472,8370,-39,-147,-81,-2896
-1780,25872,-1242,-1839,562,-594,-2896
5526,-30890,17472,3886,1975,-363,-2928
-5204,-11970,19092,-3778,-1802,980,-2896
-724,7460,-3414,532,-765,-1448,-2896
1978,-32768,24350,1485,-324,1358,-2896
598,24752,-2224,-2251,-1009,-533,-2864
990,2676,7270,3160,1199,-272,-2896
2590,13348,7746,-1484,-307,-119,-2864
-5242,13376,-810,-2375,-1657,297,-2912
5024,-10976,5338,1624,1394,-373,-2880
-2524,-404,8680,-640,635,-149,-2848
5596,-2452,13678,2025,2816,-824,-2896
-4006,-15692,21392,-6,145,471,-2880
-2300,32767,-8262,-4409,-1511,-572,-2880
1110,-568,-12,4895,2017,-956,-2880
-8348,21024,7374,-3181,-2281,1726,-2864
3162,7786,1718,1632,442,-1073,-2896
4244,-24858,22040,1914,618,88,-2896
2794,18040,5226,-2775,-1045,-216,-2864
876,-76,10452,-100,447,-20,-2896
7246,-20020,17394,767,1253,-102,-2928
2086,5108,7014,-28,1245,-348,-2896
5842,-6686,14474,2472,1635,-387,-2896
-8908,27336,-6318,-4775,-2024,260,-2896
3102,582,-2748,2070,1252,-1642,-2896
1138,-32768,32206,2071,943,795,-2896
-9780,28336,3666,-5377,-3596,209,-2928
8276,-32768,8950,3898,283,-377,-2864
-4376,3040,7036,-1839,-1717,224,-2928
-1010,19434,-1898,330,-211,-635,-2928
1150,-4530,11864,1221,1391,-121,-2880
14,3830,2712,-1959,-781,214,-2864
2370,532,2578,716,1016,-382,-2928
-2876,-6544,11056,190,-118,-129,-2896
-7770,28262,-6356,-2551,43,-534,-2896
3602,-32768,26560,4271,2139,-568,-2864
-5944,10842,6494,-3277,-1728,1153,-2896
-7536,32490,-10952,-230,-1158,-1474,-2896
7860,-32768,11888,1935,-248,1268,-2896
3396,25772,-3282,-2698,-1412,-460,-2896
4514,-8256,13492,3093,1077,-317,-2864
786,-11478,18080,-967,24,-126,-2896
-1690,5488,1780,-2246,-1674,317,-2864
6468,-18142,11126,1660,1418,-375,-2896
-390,1646,8460,-683,578,-161,-2928
3044,15282,6936,1951,2812,-829,-2880
2876,-32768,27204,-608,-140,537,-2880
-1216,32286,-8988,-3888,-1205,-754,-2912
5122,-22054,10952,5212,2282,-798,-2912
-2566,-14062,23336,-3145,-2238,1746,-2912
3894,23784,-2322,1566,495,-1124,-2880
952,-22774,19646,1991,739,68,-2880
2344,25496,172,-2784,-1017,-220,-2880
-3332,14448,2882,11,616,-36,-2880
5378,-13380,14818,253,918,-18,-2864
2226,7216,5198,-125,1184,-335,-2880
3224,-12488,14618,2546,1680,-387,-2912
-9668,9406,6252,-4858,-2014,274,-2880
6244,-19388,5868,2906,1575,-1515,-2896
-3550,-30018,29176,1972,894,805,-2912
-9844,32767,-6290,-4966,-3410,-132,-2896
6198,-11876,2092,3827,217,-144,-2928
-2658,16808,1432,-2286,-1821,163,-2896
-1434,11412,1782,933,-89,-633,-2896
1720,-14492,16766,1204,1383,-181,-2896
5350,-9744,12288,-2312,-1093,301,-2896
2098,5494,5318,362,1108,-387,-2896
1802,-11574,14142,968,309,-175,-2896
-3970,29118,-4298,-4013,-1237,-248,-2896
5838,-24878,11050,3981,1982,-1175,-2912
-4610,-22572,25304,-840,-627,1254,-2912
-9924,32767,-8892,-3560,-2963,-710,-2912
7124,-18548,2764,3581,185,391,-2880
-1466,21900,-244,-2874,-1981,136,-2896
-440,8440,3800,1543,154,-607,-2896
928,-16758,18024,1195,1409,-132,-2880
4168,-6274,9988,-1713,-516,190,-2880
2166,3676,4630,565,1031,-408,-2912
468,-9566,13078,470,60,-121,-2912
-2566,26536,-2160,-2925,-288,-395,-2848
5328,-28492,15356,4302,2144,-680,-2880
-4826,-15652,20756,-2947,-1554,1161,-2912
-1704,9848,-3766,261,-896,-1428,-2928
2520,-32768,23514,2201,-35,1091,-2912
394,23240,-1748,-2974,-1981,-39,-2896
700,2758,7120,2157,399,-551,-2928
1346,-16964,18572,538,944,-190,-2896
2154,-2940,7800,-2534,-1600,351,-2896
5160,-10170,4816,1079,1091,-390,-2896
-2676,-538,8894,-482,162,-107,-2896
-796,24584,576,-107,1847,-815,-2896
5336,-32768,20274,2389,1287,121,-2896
-2156,32767,-8294,-4976,-1935,191,-2896
1582,-1504,-30,3454,972,-1436,-2864
786,-29402,25636,-714,-1100,1889,-2896
2058,25882,-2734,-537,-118,-912,-2896
4360,-25338,21868,3017,1398,-68,-2896
2602,18354,5006,-2940,-1051,-103,-2912
-4968,14184,-72,-958,-438,145,-2880
5680,-15330,8174,1547,1591,-258,-2912
2000,5024,7092,-251,1221,-281,-2880
5714,-8006,14838,2834,2345,-574,-2912
-6572,-5986,16098,-3896,-1693,522,-2880
-1416,32767,-9008,-33,564,-1618,-2880
588,-32768,32314,4003,2094,157,-2912
-9918,30236,1984,-5020,-3164,1200,-2896
4256,1520,2104,3097,475,-1028,-2896
3132,-25856,22056,-405,-933,222,-2880
-1398,18352,-1422,-1048,-573,-508,-2880
1354,-6214,12442,1016,1345,-58,-2848
6916,-16002,15414,-1140,5,65,-2912
2080,4934,6814,478,1063,-373,-2880
-3106,-5736,10512,852,221,-165,-2912
-7246,28432,-6372,-3929,-1196,-261,-2880
4156,-6526,760,4177,2125,-1007,-2880
-482,-32768,31818,-1378,-868,1264,-2880
-7338,31116,-10430,-2762,-2574,-877,-2912
7382,-32768,12642,3252,127,635,-2912
-4138,9720,4420,-3149,-1964,-116,-2912
4570,-9602,14518,2728,745,-471,-2896
982,-10326,17708,370,798,-164,-2912
-2382,6412,1212,-2619,-1827,316,-2896
3272,282,1424,1500,1231,-399,-2896
-22,1876,8024,-715,275,-138,-2864
3264,15180,7088,700,2288,-905,-2864
2594,-32768,28114,1527,962,291,-2896
-5580,17914,2652,-4975,-1879,-86,-2864
5446,-23620,11692,4064,1433,-1310,-2896
-2656,-13470,23536,-1310,-1358,1917,-2896
3886,23596,-2300,-37,101,-958,-2864
5036,-11698,16328,3179,1277,-295,-2896
1576,-7190,16484,-1897,-527,-115,-2880
-2974,9078,-164,-2037,-1394,260,-2880
6968,-21262,13564,1996,1622,-322,-2912
382,2800,7750,-724,871,-209,-2880
4794,9866,9540,2658,3035,-818,-2912
322,-31722,29204,-1923,-859,797,-2880
-782,27466,-8166,-2809,-671,-1143,-2912
6786,-32768,17030,5387,2560,-577,-2880
-5132,-3502,20310,-4063,-2715,1749,-2912
3942,21124,-1806,2369,614,-1257,-2880
-960,-19516,17822,1540,323,170,-2912
1636,27046,-1594,-2597,-947,-283,-2912
-2054,10292,5136,132,492,19,-2896
7236,-21196,14990,470,1132,-139,-2928
2260,5166,4960,105,1272,-344,-2864
1344,-11132,13902,2197,1420,-351,-2864
-9812,15164,1688,-4737,-1940,176,-2864
-54,21430,-6828,2402,1401,-1522,-2896
-4616,-20620,23836,1548,620,833,-2896
-9370,32767,-9560,-5116,-3427,35,-2896
6934,-20142,3440,3803,324,-403,-2880
-2804,-13388,14038,-1723,-1728,205,-2848
-74,6252,5044,748,-169,-612,-2896
1344,-17304,18402,1262,1539,-163,-2880
3346,-5596,9464,-2121,-1003,263,-2896
2242,4586,3996,653,1007,-382,-2896
-3174,-1270,8998,139,-2,-124,-2896
-2130,26358,-1488,-2028,393,-573,-2896
5404,-30636,16784,4018,1938,-428,-2896
-5392,-12142,18762,-3790,-1779,988,-2864
-662,6692,-2730,689,-704,-1510,-2896
2204,-32768,24316,1398,-267,1331,-2896
1042,23928,-1852,-2100,-992,-521,-2896
1118,1294,8074,3106,1199,-248,-2896
2490,13712,7360,-1451,-367,-160,-2896
-5276,13286,-882,-2176,-1547,301,-2896
5070,-11546,5438,1802,1468,-348,-2896
-2676,310,8522,-634,778,-180,-2928
6110,-3728,14144,2495,2951,-803,-2880
-4844,-14046,21186,-1813,-766,752,-2880
-1826,32767,-8714,-2884,-647,-1114,-2880
2662,-4446,848,5442,2577,-532,-2880
-9764,25464,6112,-4146,-2765,1782,-2880
3714,6500,1364,2321,512,-1244,-2880
4296,-26446,22360,1480,242,176,-2880
2480,19546,4558,-2529,-909,-314,-2880
922,-2798,11104,477,814,-23,-2880
7142,-18142,16288,55,881,-48,-2880
1812,5242,6974,15,1237,-320,-2912
5372,-7758,14730,2598,1980,-461,-2864
-6600,-5560,15306,-4286,-1862,386,-2864
3330,-2686,-808,858,891,-1626,-2864
514,-32768,32172,3250,1662,466,-2896
-9570,30522,1378,-5480,-3500,604,-2896
4388,494,2364,2829,541,-1118,-2880
2768,-25620,22096,747,-226,206,-2848
2978,23640,2008,-1985,-786,-382,-2880
1562,-6508,12806,658,1148,-73,-2880
6832,-16522,15982,-283,565,2,-2880
2252,5138,6674,140,1114,-331,-2912
-3126,-6194,10644,1269,543,-214,-2896
-7520,28262,-6408,-4705,-1867,7,-2912
3990,-5558,212,3355,1811,-1356,-2880
-550,-32768,31590,2827,1374,625,-2896
-9534,32767,-898,-5466,-3507,411,-2896
4162,-2424,2346,3700,244,-485,-2896
-3804,8796,4530,-1402,-1530,182,-2864
-1504,15852,-510,-88,-364,-564,-2896
1792,-8516,14036,1420,1613,-194,-2896
6296,-15272,15810,-1867,-658,244,-2896
3268,-84,1476,475,960,-403,-2896
-3510,-5888,10890,448,0,-119,-2896
-6596,29914,-6778,-2996,-328,-506,-2896
4954,-13998,3352,4466,2161,-608,-2896
-5626,21514,1080,-3036,-1623,1314,-2896
-6022,27246,-9692,210,-924,-1600,-2880
6568,-32768,15872,1642,-332,1333,-2880
-3446,14598,2544,-2462,-1181,-521,-2880
5388,-13420,17106,3088,1196,-289,-2880
1390,-5158,15944,-1238,-205,-124,-2912
-3252,10370,-652,-2295,-1550,287,-2880
3564,-4050,2316,1860,1507,-345,-2912
630,3184,7734,-732,662,-194,-2880
5340,6818,10810,2232,2967,-861,-2912
-476,-28990,28326,-999,-363,706,-2912
-548,24406,-7642,-3075,-815,-1050,-2896
6476,-32768,19976,5235,2308,-806,-2880
-5810,1098,18196,-2606,-2043,2003,-2864
3782,19322,-1030,1179,495,-1274,-2896
6120,-19844,19938,2844,1334,69,-2880
1360,26818,-2132,-3036,-1102,-126,-2896
-1672,8858,5822,-726,-268,122,-2912
7438,-21032,15486,1553,1648,-271,-2896
1264,3110,7888,-241,1244,-267,-2896
5428,3526,12074,2673,2450,-565,-2896
-9556,16290,746,-3403,-1519,545,-2928
104,19986,-6498,-621,290,-1413,-2864
4712,-32768,24368,4217,2018,107,-2864
-6272,8096,13996,-5081,-3194,933,-2864
6686,-20892,4046,3172,414,-758,-2896
-2958,-11498,12550,-284,-891,170,-2928
436,24444,-2502,-1134,-622,-423,-2896
-972,6494,7522,1001,1415,-155,-2864
2788,-4596,8902,-1001,97,106,-2896
2272,4680,3718,295,1086,-384,-2896
-514,-10556,12826,821,186,-182,-2912
-9804,21564,-2638,-3623,-905,-333,-2880
5460,-32766,18346,4425,2071,-848,-2880
-5960,-8062,16880,-2300,-1345,1359,-2912
-8926,32767,-11238,-1674,-1938,-1174,-2880
7986,-28058,5458,2725,74,910,-2912
1302,25120,-2366,-2892,-1755,-213,-2880
1636,420,8544,2726,747,-484,-2848
766,-16914,18890,-277,344,-160,-2880
-4868,13016,-352,-2247,-1625,321,-2864
5360,-12850,6708,1385,1299,-401,-2880
-2462,1124,8416,-674,337,-126,-2880
882,21782,2768,1125,2537,-901,-2912
-5528,-11004,19074,55,185,564,-2896
-1696,32767,-9144,-4446,-1578,-618,-2896
3278,-8032,2518,5099,2175,-1032,-2896
-504,-25744,25948,-2550,-2023,2058,-2864
3620,4238,2052,1039,385,-1219,-2864
3844,-25944,22222,2771,1285,14,-2880
2656,21244,3592,-3039,-1008,-113,-2880
-4572,12508,1194,-947,-604,194,-2864
6024,-15152,8868,1641,1683,-319,-2912
1992,4034,7248,-212,1190,-244,-2864
4940,-6744,14478,2573,2422,-579,-2896
-6342,-5484,14708,-3298,-1445,512,-2864
-1362,32767,-9144,-693,306,-1428,-2896
-44,-32768,31704,4391,2126,75,-2864
-9240,31902,-70,-5117,-3227,975,-2896
3960,-1396,2894,3198,411,-829,-2896
2038,-23694,20578,-270,-841,162,-2864
-1444,15840,-574,-1155,-570,-484,-2928
1606,-7892,13734,1024,1491,-144,-2896
6282,-15420,15650,-998,50,113,-2864
2190,5380,6312,242,997,-395,-2896
-3542,-5588,10664,1121,339,-185,-2896
-6744,29364,-6692,-4185,-1405,-252,-2896
4890,-12038,2406,4212,2037,-1060,-2928
-2016,-32768,30636,-2143,-1266,1335,-2880
-6322,27574,-9520,-1869,-2084,-1138,-2880
6786,-32768,15240,2785,63,836,-2880
-3208,12978,3036,-2935,-1766,-193,-2880
-1724,13670,674,2632,776,-494,-2880
1280,-5896,16184,-73,510,-160,-2912
-3286,9740,-478,-2653,-1774,334,-2880
3460,-3286,2128,1615,1268,-401,-2880
-3690,-3758,9990,-805,287,-140,-2880
5052,8222,10218,1244,2570,-999,-2880
-42,-30320,28796,849,604,479,-2912
-4658,28622,-3258,-4949,-1865,-300,-2880
6860,-32768,19216,4996,2082,-1079,-2896
-5480,-824,19456,-1815,-1688,2090,-2912
4210,20158,-1386,1012,461,-1222,-2896
6232,-18660,19550,2604,1222,60,-2928
1318,26550,-1960,-3031,-1044,-130,-2864
-1774,9024,5824,-380,68,62,-2896
7416,-21196,15402,1024,1397,-204,-2864
1068,3742,7834,-160,1249,-310,-2912
5622,2692,12418,2693,2196,-521,-2880
-9732,17570,252,-4074,-1763,462,-2912
128,19306,-6542,372,666,-1558,-2880
5182,-32768,24432,3567,1731,294,-2880
-6362,8596,13974,-5324,-3377,721,-2880
7614,-21736,3582,3566,408,-696,-2880
-3052,-11242,13280,-852,-1169,174,-2880
518,24874,-2442,-631,-500,-498,-2880
1426,-17788,18842,1337,1567,-187,-2896
2730,-4032,8488,-1457,-219,169,-2880
2252,4784,3676,414,1051,-384,-2880
-764,-10192,12826,763,154,-179,-2880
-1520,25510,-376,-2920,-343,-433,-2896
5550,-31954,18554,4286,2081,-823,-2880
-5456,-8478,16848,-2906,-1548,1163,-2896
-8758,32767,-11078,-772,-1484,-1298,-2864
1978,-31820,24798,2299,-11,1064,-2896
1384,24590,-1756,-2658,-1410,-308,-2896
1526,744,8952,2949,1001,-399,-2928
1412,-16768,19188,-721,136,-164,-2896
-5228,14024,-658,-2449,-1696,349,-2896
5324,-12728,6080,1603,1345,-386,-2928
-2414,706,8194,-748,449,-144,-2864
494,22810,2086,1592,2766,-901,-2896
-5320,-11432,19754,114,192,574,-2896
-1712,32767,-8878,-4572,-1547,-570,-2928
3460,-6870,1428,5030,2147,-1097,-2896
-344,-26488,26030,-2474,-1957,2103,-2896
3910,5208,1704,1512,552,-1270,-2912
4068,-26076,22416,2142,824,92,-2880
2528,20986,4002,-2944,-1038,-206,-2880
-4470,13280,780,-71,282,49,-2880
7204,-17616,15962,794,1326,-185,-2912
1864,4922,7088,62,1262,-322,-2880
5250,-7660,14788,2322,1648,-368,-2848
-6756,-4896,15010,-4659,-1959,288,-2912
3556,-3130,-672,1745,1214,-1596,-2912
308,-32768,32106,2392,1156,649,-2912
-9800,31684,864,-5497,-3507,615,-2864
4272,-356,2280,2870,515,-1125,-2880
2450,-25590,21736,652,-321,207,-2880
2838,23812,1696,-1955,-765,-378,-2880
1466,-6758,13066,724,1198,-73,-2880
6896,-16482,16052,-340,553,12,-2880
2346,5100,6570,163,1091,-347,-2880
-3250,-6136,10774,1258,494,-221,-2896
-7422,28326,-6436,-4661,-1805,-33,-2880
3852,-7854,1332,3542,1846,-1318,-2848
-1220,-32768,31170,2494,1187,656,-2896
-9770,32767,-2210,-5396,-3519,307,-2896
4508,-4756,2604,3761,192,-366,-2896
-3536,10918,3380,-1705,-1643,161,-2864
-1550,14374,74,248,-291,-606,-2864
1684,-9826,14648,1312,1589,-168,-2896
6080,-13746,14788,-1971,-736,264,-2864
3374,-1268,1712,563,968,-393,-2896
-3604,-4990,10588,290,-51,-149,-2896
-6090,29978,-6608,-2708,-97,-500,-2896
5652,-16638,4422,4409,2145,-546,-2896
-5370,23714,-346,-3294,-1703,1249,-2896
-5524,25334,-9188,-332,-1298,-1494,-2896
6178,-32768,17442,1399,-415,1438,-2880
-3234,16546,1878,-2360,-1092,-581,-2880
5834,-15300,17562,3203,1256,-253,-2880
1200,-3204,15322,-1454,-318,-88,-2912
-3440,10668,-1004,-2227,-1525,282,-2880
3706,-4694,2380,1912,1539,-374,-2880
690,3200,7716,-665,735,-214,-2912
5482,6088,10994,2267,2968,-867,-2880
-476,-28074,27888,-1136,-383,684,-2880
-388,23330,-7508,-2909,-720,-1065,-2864
6258,-32768,21286,5299,2335,-800,-2880
-5956,2692,17446,-3394,-2412,1838,-2912
4014,18472,-736,1833,562,-1279,-2880
-2176,-15742,15474,1564,349,167,-2896
1082,25976,-2304,-2801,-1018,-231,-2880
-1468,8514,6256,13,476,-5,-2880
7662,-21276,16082,569,1190,-138,-2880
1522,3296,7988,41,1279,-341,-2880
298,-10298,13098,2228,1511,-354,-2848
-9682,17852,-300,-4647,-1956,232,-2912
492,18072,-6292,2177,1340,-1549,-2880
4518,-32768,25744,1776,740,807,-2880
-8952,32767,-10256,-5114,-3413,29,-2880
7260,-22868,4084,3754,216,-215,-2880
-3122,-9658,11950,-1999,-1792,181,-2912
698,3182,6954,1262,26,-620,-2928
1496,-17346,18974,1229,1566,-213,-2912
2320,-3070,7910,-2143,-969,285,-2912
2342,4952,3450,769,1018,-404,-2896
-2752,-482,8686,-177,-60,-109,-2896
-760,24856,536,-1336,943,-673,-2896
5236,-32768,20666,3574,1761,-184,-2896
-6116,-3592,14698,-4353,-1910,761,-2896
-8604,32767,-11304,-2064,-2143,-1118,-2864
8218,-30356,6664,2928,163,817,-2896
1910,25980,-2666,-3039,-1795,-165,-2896
2400,-586,9720,2556,680,-501,-2928
778,-16214,18962,-54,507,-132,-2896
1016,1224,4670,-2417,-1626,323,-2896
5608,-14182,7542,1525,1374,-401,-2880
-2156,1372,8312,-684,430,-113,-2912
1480,20204,3812,1413,2642,-912,-2912
4276,-32768,24920,3286,1655,-134,-2880
-6104,6890,8714,-4550,-1947,648,-2912
4186,-11686,3990,2930,612,-1529,-2896
-1104,-23060,25614,482,-678,1680,-2912
3166,26204,-3314,-1547,-590,-807,-2880
3704,-5506,12312,3135,1361,-161,-2880
2888,23078,2700,-2547,-720,-123,-2896
-4428,12066,1816,-1356,-985,232,-2864
6084,-15436,9546,1607,1694,-331,-2896
-1282,1706,8548,-412,963,-188,-2880
2500,16852,5898,2247,2781,-752,-2912
-6610,-3732,13758,-1584,-657,622,-2880
-1444,32767,-9036,-2990,-776,-979,-2880
3900,-17498,8494,5286,2395,-481,-2880
-2128,-17634,24048,-3961,-2665,1592,-2912
3590,-2870,2940,2194,432,-1040,-2880
1526,-23122,19714,1274,139,103,-2880
2658,24394,556,-2388,-885,-290,-2912
1666,-8430,14070,593,1167,-55,-2896
6398,-14896,15440,279,925,-77,-2912
2178,4952,6416,73,1173,-370,-2880
3762,-9720,14206,1728,847,-258,-2896
-6518,28990,-6236,-4714,-1878,-46,-2928
4422,-13698,3952,3535,1789,-1310,-2896
-2576,-32768,29690,-152,-310,1162,-2896
-10060,32767,-5286,-4016,-3189,-532,-2896
6272,-32768,16450,3577,142,239,-2896
-2786,14602,2238,-2838,-1950,28,-2864
-1626,12024,1448,1690,223,-615,-2896
1696,-13284,15852,911,1120,-163,-2864
-3400,10054,-688,-2618,-1490,359,-2896
3696,-4470,2462,1124,1077,-405,-2896
-3796,-2786,9642,-558,-65,-95,-2896
-4154,29486,-4892,-387,1661,-857,-2896
-744,-29010,28690,2091,1223,285,-2912
-4300,30228,-4286,-5108,-2018,168,-2912
-3592,18282,-7422,3491,984,-1485,-2912
4474,-32768,21008,-773,-1248,1958,-2912
3906,18918,-770,-493,-58,-1011,-2912
6210,-19656,19972,3172,1467,-52,-2880
1650,3780,12562,-2785,-847,-92,-2912
-4274,11654,-974,-1294,-809,169,-2880
7364,-21312,15908,1668,1643,-298,-2880
1360,3436,7510,-308,1122,-272,-2912
5650,1728,12572,2789,2596,-614,-2880
-9720,18590,-542,-3684,-1650,516,-2864
-3326,32767,-6716,-4143,-1368,-694,-2912
-1298,9842,-4132,5072,2129,-884,-2880
-6920,10994,12942,-2183,-1833,1849,-2864
3374,14018,654,832,376,-1089,-2928
5514,-22738,21660,2152,880,74,-2880
2560,11562,8890,-2896,-1020,-177,-2880
-360,5200,8036,-335,236,27,-2912
7532,-20978,17054,907,1350,-174,-2848
1986,3598,7610,-14,1306,-352,-2880
5724,-1496,13718,2716,2749,-675,-2880
-3568,-17302,22560,-2665,-1189,659,-2880
1514,10976,-4660,-921,134,-1422,-2896
3160,-32768,29338,4934,2340,-219,-2912
-7750,18952,8618,-4956,-3089,1019,-2864
2852,9838,1576,2952,387,-830,-2896
-3654,-4588,9722,107,-601,140,-2864
-494,21628,-2078,-1386,-673,-409,-2896
754,1366,9928,958,1377,-135,-2928
7288,-20240,17432,-833,241,72,-2864
2300,3606,2740,311,1126,-385,-2896
-2266,-8690,12074,1202,381,-192,-2896
-8806,27160,-6070,-4218,-1441,-229,-2896
2872,1058,-2366,4218,1976,-1048,-2928
-6332,5722,9806,-1466,-979,1341,-2864
-8328,32767,-11422,-2889,-2615,-909,-2928
8550,-32768,9248,3338,219,607,-2928
-4610,3614,7072,-3145,-1864,-174,-2880
3680,-4472,11772,2597,752,-520,-2880
290,-13704,18806,-156,456,-131,-2880
136,3662,3038,-2303,-1549,297,-2880
2472,104,2906,1300,1265,-412,-2912
-1596,2120,8152,-605,181,-100,-2912
2514,17244,5510,702,2287,-863,-2912
3672,-32768,26276,1443,899,247,-2880
-1354,32767,-9192,-4762,-1750,-344,-2896
4478,-16360,7252,4052,1474,-1283,-2912
-1868,-18980,24638,-1374,-1451,1948,-2912
3514,25140,-2924,34,141,-1036,-2944
4434,-8798,14192,2891,1303,-10,-2880
2856,24510,1290,-2686,-845,-110,-2896
-4486,13424,2064,-1324,-854,184,-2928
6588,-18002,11022,1773,1720,-286,-2896
-372,1680,8600,-399,1142,-262,-2896
4172,-8406,14418,2623,2671,-638,-2896
-7698,246,11622,-2731,-1219,673,-2864
-1042,32324,-8854,-722,279,-1470,-2880
5004,-22656,11142,4439,2157,92,-2880
-9620,32767,-3052,-5165,-3241,1065,-2880
4466,-6184,2708,3157,378,-885,-2880
890,-22606,19214,-171,-770,170,-2880
2418,25474,-214,-1255,-650,-444,-2880
1868,-10846,14988,1047,1483,-130,-2880
5976,-13132,14640,-1002,139,132,-2880
2084,5858,5876,265,1035,-413,-2880
-3658,-4288,10274,816,162,-182,-2896
-5672,29890,-6250,-4223,-1370,-212,-2912
5270,-18486,5968,4274,2054,-1071,-2880
-3480,-30308,28960,-1501,-973,1360,-2912
-4962,23662,-8690,-1977,-2178,-1139,-2896
5646,-32768,18342,2822,-5,878,-2896
-2762,17444,1352,-3038,-1837,-190,-2896
-1402,11364,1630,2635,732,-486,-2864
1148,-878,14430,-129,472,-120,-2896
-3416,10362,-670,-2459,-1693,313,-2864
3814,-5706,2968,1478,1257,-391,-2896
-3564,-2058,9194,-699,277,-111,-2864
5560,5000,11456,1021,2513,-896,-2896
-1028,-27198,27442,1065,732,409,-2864
-4120,30680,-4952,-4962,-1917,-228,-2896
-2992,15776,-6262,4379,1615,-1216,-2896
-6260,5240,16272,-1654,-1627,1967,-2896
3706,17222,-214,321,202,-1086,-2896
6032,-20796,20624,2554,1179,39,-2912
2158,6172,11188,-2971,-1032,-120,-2880
-1296,8068,6546,-632,-78,95,-2912
7494,-21228,16348,1238,1487,-227,-2880
1744,2770,7848,-30,1322,-325,-2880
5700,1308,12674,2629,2269,-507,-2896
-9562,19048,-1186,-3796,-1676,465,-2864
638,15682,-5488,101,569,-1497,-2864
4002,-32768,27478,3696,1757,278,-2896
-7468,14766,10986,-5321,-3348,771,-2896
7348,-25288,4842,3423,365,-660,-2896
-3666,-7394,10734,-761,-1180,150,-2928
-166,22832,-2658,-686,-527,-494,-2896
174,3550,8934,1262,1580,-189,-2864
1442,-1498,6538,-1440,-223,197,-2896
2362,4426,2870,431,1069,-417,-2896
-1788,-10182,12738,752,149,-151,-2896
-9230,25840,-5186,-2895,-287,-457,-2880
4836,-32768,22950,4411,2079,-598,-2880
-6332,1542,12136,-3123,-1682,1256,-2880
-8680,32767,-11364,-584,-1409,-1384,-2912
8382,-32512,7598,2210,-92,1150,-2912
2360,25778,-3044,-2706,-1430,-355,-2880
2856,-2662,10570,2955,990,-383,-2912
460,-14992,18922,-855,90,-150,-2880
468,2224,4000,-2205,-1601,315,-2880
5564,-14864,8390,1474,1358,-393,-2880
-1840,1482,8086,-617,488,-129,-2880
2164,18712,4764,1587,2745,-883,-2880
3832,-32768,26112,2347,1258,119,-2896
-5690,9680,6916,-4945,-2001,263,-2896
4674,-15432,5756,3313,862,-1487,-2896
-1798,-20896,25236,-488,-1052,1919,-2896
3406,25700,-3332,-695,-179,-986,-2896
4384,-6842,13364,3122,1386,-73,-2928
2786,23762,1800,-2678,-780,-127,-2896
-4498,12652,1960,-1342,-928,213,-2896
6362,-16396,10092,1638,1677,-290,-2864
-972,1810,8460,-305,1119,-240,-2896
4130,-7920,14540,2546,2639,-638,-2896
-7126,-656,11552,-3199,-1435,529,-2880
-1218,32512,-8970,-1724,-188,-1236,-2864
4818,-20812,10256,4940,2349,-193,-2896
-9260,32767,-2502,-4653,-2928,1243,-2896
4312,-4836,2944,2741,423,-953,-2896
1138,-22478,19478,564,-325,173,-2896
2596,25374,158,-1851,-739,-357,-2896
1720,-9746,14696,679,1209,-84,-2896
5964,-14226,14936,-341,495,37,-2896
2156,5546,5944,136,1084,-366,-2896
3524,-10150,14216,1291,465,-226,-2912
-6090,29450,-6318,-4379,-1555,-187,-2880
5322,-15236,4126,4051,2036,-1157,-2880
-2772,-32590,29640,-1046,-725,1300,-2912
-9852,32767,-5638,-3178,-2785,-818,-2912
6224,-32768,17082,3417,139,530,-2880
-2906,15572,2234,-3082,-1968,-46,-2880
-1442,12382,1502,2159,475,-589,-2880
1056,-3544,15292,151,599,-143,-2896
-3336,10136,-728,-2672,-1618,323,-2912
3714,-4272,2510,1279,1123,-395,-2880
-3758,-2680,9510,-685,43,-94,-2880
5458,6694,10988,810,2390,-944,-2896
-250,-28782,28158,1369,903,323,-2864
-4350,29278,-3954,-5044,-1945,-63,-2896
-3820,19256,-7634,4017,1446,-1332,-2896
-5482,304,18842,-1271,-1442,1961,-2896
3936,19628,-858,-41,124,-1034,-2896
6192,-18856,19812,3041,1453,-34,-2896
1620,3078,12954,-2969,-988,-66,-2896
-1482,8896,5890,-1021,-525,129,-2928
7348,-21070,15724,1547,1640,-246,-2896
1174,3544,7708,-309,1210,-291,-2928
5630,2976,12166,2769,2465,-586,-2896
-9648,16938,346,-3495,-1532,560,-2896
-4030,31526,-5660,-3126,-864,-974,-2880
5132,-32768,23976,5183,2327,-589,-2880
-6160,7284,14650,-3725,-2544,1627,-2880
3450,15684,236,2091,506,-1100,-2912
5662,-21594,21078,1563,388,127,-2880
636,25212,-2470,-2593,-944,-275,-2848
-788,7260,7242,-172,387,27,-2928
7540,-21520,16880,765,1193,-129,-2896
1864,3146,7566,11,1294,-373,-2864
5820,452,12884,2809,2535,-556,-2912
-2740,-20382,24114,-3486,-1489,560,-2912
1018,14086,-5318,-511,352,-1488,-2880
3758,-32768,28268,4186,1990,119,-2880
-7892,16166,10536,-5149,-3264,939,-2880
3034,11236,1154,3126,346,-776,-2912
-3574,-7130,10460,-233,-855,150,-2912
-174,22310,-2632,-1106,-664,-439,-2880
-38,2798,9110,1022,1387,-123,-2880
1766,-1410,6546,-1418,-222,149,-2896
2290,3494,3008,373,1126,-368,-2880
-1782,-8828,11950,985,258,-169,-2912
-9102,25562,-4988,-3921,-1157,-301,-2880
4608,-32768,23074,4451,2082,-794,-2896
-6250,2232,11496,-2562,-1482,1326,-2864
-8552,32767,-11340,-1326,-1803,-1263,-2928
8590,-32768,8322,2603,26,996,-2896
2710,26128,-3302,-2959,-1669,-295,-2896
3070,-3492,11162,2797,808,-447,-2928
364,-14482,18696,-473,265,-135,-2896
400,3088,3410,-2253,-1562,291,-2896
5788,-15164,8680,1333,1306,-375,-2864
-1710,1786,8210,-591,392,-118,-2896
2320,17450,5464,1169,2553,-879,-2896
3676,-32768,26058,728,499,378,-2896
-1304,32767,-9130,-4753,-1727,-341,-2896
4444,-17152,7680,4734,1879,-1156,-2896
-2130,-18544,24500,-2719,-2058,1957,-2912
3732,24922,-3224,1236,480,-1187,-2912
1774,-24512,20582,2220,879,70,-2880
2742,24704,806,-2933,-1029,-183,-2912
-4506,13428,2056,-360,139,68,-2880
6566,-18314,11160,1087,1413,-161,-2880
2254,4936,6442,-160,1256,-319,-2896
3946,-9102,14624,2654,2172,-480,-2896
-7738,1292,10834,-3964,-1747,481,-2896
-618,31788,-8690,327,733,-1587,-2896
-1820,-32768,30352,3628,1783,365,-2896
-9660,32767,-3918,-5398,-3449,703,-2896
4550,-7138,2776,3472,291,-638,-2896
652,-21414,18588,-894,-1215,141,-2928
-1358,12742,894,-546,-438,-541,-2864
1770,-11264,15208,1298,1601,-185,-2912
5514,-12634,14184,-1815,-596,252,-2880
2042,5480,5760,503,946,-410,-2912
-3832,-3914,9918,416,-83,-117,-2912
-5110,29714,-6082,-4540,-1659,-153,-2896
5858,-19874,6534,3580,1836,-1384,-2880
-3652,-29126,28484,27,-150,1169,-2912
-10012,32767,-7104,-4249,-3225,-486,-2912
5568,-32768,19162,3557,173,384,-2896
-2498,18490,1212,-3105,-1987,-5,-2928
-1154,11350,2094,1972,362,-609,-2864
1210,-15116,16908,668,903,-158,-2896
-3528,10444,-650,-2515,-1507,294,-2896
1944,4860,5130,635,1012,-368,-2864
-3596,-1996,9006,308,-66,-115,-2896
-3556,28498,-3964,-2765,-177,-482,-2896
5654,-25886,12016,4354,2199,-610,-2896
-4754,-21006,24316,-3106,-1673,1236,-2896
-2698,15300,-6260,-561,-1353,-1388,-2864
3796,-32768,22064,1557,-317,1380,-2880
-944,22416,-972,-2363,-1088,-544,-2912
-392,6964,4472,3186,1254,-245,-2912
2218,6728,11004,-1347,-219,-156,-2880
-5016,12348,-932,-2255,-1597,293,-2880
4580,-7796,3464,1697,1431,-365,-2912
-3158,-1294,8932,-592,768,-187,-2912
5614,1498,12822,1928,2835,-814,-2912
-2382,-21684,24460,-611,-163,554,-2912
-3314,32767,-6890,-3952,-1297,-752,-2880
-872,7104,-2946,4854,1949,-961,-2928
-7048,13994,11234,-2467,-1956,1789,-2896
3184,12196,1242,1047,406,-1050,-2896
5088,-23022,21696,2312,1015,28,-2896
2520,13312,7594,-2892,-1048,-160,-2896
164,3784,9120,-110,482,22,-2880
7582,-21470,17718,713,1206,-142,-2880
2038,4136,7126,4,1256,-360,-2880
6100,-4262,13790,2515,1583,-363,-2912
-9336,25410,-5024,-4832,-2017,223,-2880
2266,5176,-3488,2297,1318,-1582,-2848
2242,-32768,31610,1643,687,866,-2912
-9436,25666,5774,-5190,-3457,50,-2880
8250,-32248,7542,3836,293,-266,-2880
-4392,-48,8004,-2041,-1794,198,-2944
-1030,20044,-2142,635,-227,-611,-2912
704,-15144,18786,1023,1258,-165,-2928
402,2724,3736,-2111,-903,253,-2880
2362,1132,2614,873,1047,-384,-2896
-2906,-6714,11064,-240,-138,-60,-2864
2236,18416,5042,-1282,961,-686,-2864
3742,-32768,26342,3533,1815,-222,-2896
-5848,10642,6618,-4317,-1920,782,-2896
-7552,32458,-10784,1587,-102,-1622,-2896
-2004,-19780,24846,766,-557,1619,-2896
3304,25618,-3312,-1745,-728,-735,-2928
4490,-8104,13598,3182,1325,-213,-2896
426,-11156,17762,-1950,-536,-118,-2864
-4354,12704,2128,-1815,-1348,247,-2864
6316,-17232,10388,1683,1592,-339,-2928
-780,1890,8260,-568,405,-166,-2912
3092,14564,7370,1095,2445,-824,-2880
2948,-32768,27220,894,629,325,-2912
-5086,15728,3008,-4759,-1774,-282,-2880
4760,-21704,10800,4490,1738,-1168,-2880
-2656,-14262,23030,-1813,-1654,1894,-2912
3694,23558,-2482,464,170,-1028,-2912
5216,-11518,16098,2658,1237,3,-2880
2628,25206,-142,-2897,-1021,-140,-2880
-3022,7402,700,-2055,-1404,298,-2880
6650,-19978,12884,1944,1599,-303,-2880
256,2180,7966,-669,845,-228,-2912
4216,12320,8740,2362,2911,-819,-2912
-8886,5982,7910,-2169,-968,734,-2896
-410,29610,-8462,-3184,-767,-1056,-2880
6288,-29632,15306,5446,2573,-628,-2880
-4292,-6906,21700,-4360,-2829,1619,-2896
5858,-10854,2098,2428,448,-1156,-2896
-88,-20760,17970,1235,110,127,-2896
1982,26468,-1122,-2324,-828,-310,-2864
-2840,11170,4522,474,890,-31,-2864
5476,-10496,12720,-2,836,-75,-2896
1858,4954,5656,191,1204,-357,-2864
2498,-10816,14158,1773,940,-270,-2896
-9592,11986,4010,-4819,-1872,32,-2896
5760,-22458,8880,3270,1753,-1425,-2896
-4030,-25784,26864,485,65,1120,-2896
-9888,32767,-8366,-4559,-3328,-345,-2864
7112,-16614,2374,3788,247,30,-2896
-1902,20624,94,-2748,-1949,145,-2896
-948,9826,2954,1320,90,-628,-2896
1204,-16622,17694,1070,1268,-142,-2928
4328,-7004,10574,-2386,-1307,299,-2896
4152,-6778,3350,857,994,-366,-2864
-3434,-1680,9068,-273,-12,-111,-2896
-2884,27208,-2590,-476,1555,-755,-2848
5448,-27518,14372,2785,1530,-45,-2912
-3664,31784,-6064,-4734,-1996,437,-2880
-1958,11640,-4502,2595,410,-1471,-2880
2894,-32768,23084,-84,-851,1636,-2880
30,23328,-1594,-983,-288,-772,-2880
5642,-22292,21494,3145,1414,-127,-2880
2570,10020,9202,-2404,-761,-139,-2912
-5390,13434,-1144,-1682,-1106,222,-2880
4896,-9900,4480,1872,1648,-324,-2912
2044,3698,7512,-484,1103,-297,-2880
5790,-1140,13504,2748,2830,-692,-2880
-3604,-17880,23056,-2659,-1204,720,-2912
-2548,32767,-7880,-1860,-194,-1331,-2912
3432,-32768,29364,4963,2397,-242,-2880
-8020,19080,8966,-4602,-2901,1330,-2912
3164,10078,1530,2693,444,-1024,-2880
4712,-24122,21836,810,-172,153,-2912
-658,22138,-2172,-1987,-882,-352,-2912
920,1170,9882,753,1195,-95,-2880
7382,-20374,17384,799,1282,-159,-2864
1884,4882,6932,5,1274,-339,-2896
5936,-7190,14446,2469,1625,-394,-2896
-8720,27528,-6152,-4760,-1986,226,-2896
3114,264,-2194,2076,1262,-1588,-2864
1240,-32768,32332,1996,906,773,-2928
-9600,28144,3484,-5293,-3479,221,-2896
8324,-32768,9142,3891,322,-378,-2896
-4496,3528,7064,-1911,-1734,257,-2928
-1140,19182,-1852,-1812,-762,-435,-2864
1086,-4646,11838,935,1210,-94,-2912
7112,-16660,15538,-934,190,36,-2912
2104,4458,6950,428,1194,-368,-2896
-2820,-6074,10648,1021,333,-198,-2880
-7954,27926,-6124,-4126,-1407,-190,-2880
3554,-3944,-102,4035,2017,-1089,-2912
86,-32768,31654,-1148,-747,1250,-2880
-7470,32100,-10860,-3023,-2663,-802,-2880
7446,-32768,11816,3407,161,549,-2880
-4102,7780,5094,-3138,-1979,-54,-2880
-1092,16852,-930,2239,460,-612,-2912
1008,-11222,17768,458,891,-148,-2912
-1634,5134,1988,-2522,-1591,349,-2912
3006,772,1884,1094,1113,-380,-2912
-546,1310,8540,-542,267,-134,-2896
2802,16212,6554,-240,1737,-816,-2880
3104,-32768,27332,1831,1068,231,-2896
-5636,15190,3728,-4888,-1954,264,-2880
-6596,29600,-10064,2367,298,-1570,-2896
-2778,-14678,23740,197,-691,1720,-2928
3762,23874,-2784,-1267,-464,-791,-2928
4836,-10818,15748,3113,1355,-146,-2896
1282,-8170,16598,-2542,-798,-130,-2880
-3896,13708,2554,-1506,-945,216,-2880
6818,-20278,12704,1927,1709,-277,-2880
124,2242,7922,-471,1076,-259,-2880
4304,12066,8980,2840,2754,-667,-2912
-9086,6304,7762,-2823,-1263,692,-2912
-682,29468,-8554,-1540,-49,-1424,-2912
6686,-30324,15328,4999,2490,-206,-2912
-10330,32767,-5956,-5204,-3255,1104,-2896
6178,-11220,2166,2863,485,-1158,-2880
-152,-21242,18452,719,-270,196,-2912
2090,26708,-1004,-1919,-739,-383,-2880
1304,-13982,16058,985,1311,-77,-2864
5344,-9780,12140,-976,135,46,-2864
1982,5014,5362,409,1107,-364,-2896
2140,-10778,14184,1061,369,-198,-2896
-4314,28930,-4756,-4156,-1363,-209,-2896
5832,-22560,9462,4096,2088,-1098,-2896
-3924,-25714,26822,-1187,-806,1305,-2896
-9410,32767,-8120,-3097,-2703,-863,-2896
4654,-32768,20488,3351,140,534,-2896
-1850,20478,-70,-3167,-1976,-53,-2896
-1104,9322,3182,2246,464,-577,-2928
1692,-16622,17652,537,890,-180,-2896
-4790,11872,-1364,-2697,-1712,368,-2864
4358,-6270,2516,1216,1064,-381,-2896
-3386,-2292,9298,-631,275,-151,-2880
-3276,27938,-2946,666,2288,-899,-2880
-1218,-25136,26278,1504,930,255,-2880
-3610,31586,-5594,-4997,-1915,-67,-2880
-2168,12710,-4798,4027,1356,-1274,-2912
3338,-32768,22788,-1233,-1350,1792,-2880
3464,15384,496,-534,-89,-837,-2896
5622,-21394,21282,3042,1407,-75,-2896
2412,8860,9974,-2677,-869,-112,-2864
-5010,13524,-1294,-1488,-833,179,-2896
7500,-22022,16996,1787,1652,-278,-2896
1714,3900,7236,-426,1145,-256,-2896
6034,-780,13238,2895,2727,-651,-2896
-3760,-18786,23858,-3221,-1422,751,-2864
1694,12100,-5488,-207,427,-1650,-2912
4030,-32768,29234,4058,2020,146,-2912
-8306,18410,10018,-5298,-3308,940,-2912
3340,10970,1176,3351,457,-876,-2880
-3850,-6118,10802,-257,-834,211,-2912
-208,22914,-2404,-1090,-605,-492,-2880
282,1606,9516,1054,1317,-81,-2848
7648,-19530,16474,-1091,31,49,-2912
2080,2778,3228,434,1121,-343,-2880
-2036,-7910,11764,877,195,-167,-2912
-8700,25618,-5066,-3856,-1074,-306,-2912
4708,-32768,23344,4368,2118,-767,-2896
-5782,2442,11138,-1887,-1133,1311,-2880
-8058,32767,-11216,-1264,-1713,-1290,-2896
8370,-32768,8782,2565,79,997,-2896
2732,26246,-3284,-2974,-1652,-250,-2896
3608,-4172,11586,2875,877,-422,-2896
466,-14058,18644,-554,315,-151,-2928
256,2088,3760,-2216,-1648,322,-2896
5806,-14320,8170,1256,1266,-355,-2864
-1616,1556,8432,-518,427,-163,-2896
1778,18314,4994,930,2384,-841,-2864
3826,-32768,25052,994,671,276,-2896
-1520,32767,-8846,-4793,-1772,-259,-2896
3654,-14544,7066,4518,1734,-1137,-2864
-1292,-19784,24284,-1850,-1628,1840,-2928
3408,24438,-2556,510,238,-952,-2896
1988,-23322,20336,2190,887,-10,-2880
2796,23886,1278,-2813,-1020,-154,-2880
-4536,14102,1710,-1708,-1146,249,-2880
6420,-19162,11440,1960,1669,-313,-2912
-140,1956,7976,-717,755,-202,-2880
3478,14690,7768,1785,2822,-902,-2896
2296,-32768,28718,-259,11,626,-2864
-700,31538,-8610,-4235,-1354,-749,-2896
6220,-26304,12566,5433,2468,-749,-2912
-3872,-11078,23272,-3490,-2453,1980,-2880
4100,23380,-2574,1785,518,-1262,-2912
5426,-12848,16618,3116,1432,-57,-2912
978,-5728,16200,-2791,-885,-63,-2880
-3230,12212,3656,-1212,-707,190,-2912
6852,-20672,13610,1738,1685,-313,-2880
204,3052,7882,-371,1095,-260,-2880
2874,-11506,14348,2824,2403,-573,-2896
-9412,9708,5306,-3770,-1652,580,-2896
-536,27090,-7992,-152,498,-1593,-2864
6644,-32768,17910,4086,2060,175,-2896
-5070,-3240,20544,-3503,-2452,1903,-2864
4114,21132,-1532,1854,558,-1263,-2896
-952,-19376,17520,1953,692,101,-2896
1780,26660,-1566,-2769,-929,-212,-2864
-2138,10324,5252,112,559,-6,-2896
7194,-20912,15268,534,1174,-129,-2896
2216,5058,5130,122,1221,-336,-2880
1410,-10600,13928,1879,1104,-300,-2880
-9578,14292,2180,-4746,-1899,96,-2880
-238,23080,-7308,2830,1644,-1440,-2880
-4162,-22904,25174,1022,346,943,-2912
-9120,32767,-8702,-4801,-3326,-162,-2880
6686,-17858,3194,3769,235,-46,-2912
-2244,-14646,14728,-2468,-1928,154,-2912
802,25802,-2410,-1083,-637,-441,-2880
2010,-17136,18358,1361,1645,-221,-2896
3290,-6694,10538,-1603,-359,207,-2896
2154,6314,4164,342,974,-432,-2864
444,-11724,13632,766,208,-147,-2896
-2760,27782,-2432,-3470,-806,-355,-2896
5866,-29620,15146,4404,2125,-777,-2864
-5558,-14274,20548,-1727,-1090,1326,-2880
-9332,32767,-10676,-2540,-2505,-960,-2880
2938,-32768,23862,2683,55,901,-2896
200,23682,-1386,-2913,-1695,-199,-2896
424,4158,6454,2713,810,-453,-2896
1128,-17622,18914,-272,388,-142,-2896
2632,-2862,7542,-2370,-1151,263,-2896
2078,4032,3598,832,1011,-394,-2896
-2932,70,8452,-259,-102,-83,-2896
-444,24464,402,-1248,1020,-720,-2864
5298,-32768,20920,3561,1795,-173,-2896
-6138,-3710,14992,-4378,-1930,765,-2864
1820,-496,-1272,1553,-175,-1580,-2896
604,-30128,25622,93,-802,1754,-2912
1690,25960,-2986,-1240,-464,-864,-2880
2164,-444,9026,3172,1384,-161,-2848
2462,17774,5662,-2369,-755,-101,-2912
-4850,12824,246,-1551,-1122,217,-2912
5510,-13202,7034,1692,1644,-298,-2880
-2250,1034,8218,-375,1041,-191,-2912
5504,-5212,14324,2534,2774,-688,-2880
-5358,-10072,17840,-2192,-984,638,-2880
-1760,32767,-8994,-2288,-425,-1132,-2912
1172,-32768,31458,4791,2314,-106,-2864
-9230,28172,2922,-4433,-2886,1453,-2912
3386,2506,2508,2959,476,-980,-2896
3018,-25472,21654,307,-542,173,-2928
-1146,18262,-1490,-1643,-748,-427,-2864
1312,-4814,12198,814,1262,-87,-2896
6762,-17170,16440,-554,357,34,-2864
2190,4926,6790,263,1149,-387,-2928
-3172,-6956,11282,1430,666,-217,-2896
-7740,28074,-6348,-4549,-1676,-106,-2896
3932,-5326,144,3791,1918,-1241,-2896
-522,-32768,31616,-582,-473,1206,-2896
-7446,31320,-10616,-3596,-2987,-624,-2896
7074,-32768,12066,3535,154,346,-2928
-3792,8254,4474,-2976,-1978,3,-2864
-1550,15572,-498,1924,301,-581,-2864
1170,-10238,17338,747,1030,-154,-2896
-2256,7050,844,-2660,-1537,345,-2896
2906,-402,1754,1209,1085,-374,-2896
-3518,-5486,10630,-578,-21,-105,-2864
3920,13272,8152,-220,1783,-852,-2928
2030,-32768,29170,2676,1459,136,-2896
-5650,20934,1452,-4875,-2010,407,-2864
-6472,28056,-9840,2755,602,-1606,-2896
-4032,-11606,23430,-217,-1009,1900,-2896
4040,24046,-2990,-511,-76,-1079,-2880
5506,-12934,16204,3209,1444,-29,-2848
644,-6116,16512,-2792,-890,-82,-2880
-3178,11842,3694,-1171,-715,170,-2880
6820,-20118,13336,1680,1665,-275,-2912
86,3278,7996,-391,1086,-254,-2912
4586,9938,9586,2779,2685,-678,-2912
-9018,7802,6456,-2937,-1349,618,-2880
-864,28354,-8368,-1396,-28,-1315,-2880
5914,-29622,15888,4795,2344,-175,-2912
-9762,32767,-6156,-5085,-3234,1022,-2896
5812,-10916,2580,2831,479,-1005,-2912
-672,-20206,18038,560,-311,177,-2880
2086,26134,-1230,-1288,-665,-433,-2864
1806,-14058,16374,1056,1475,-109,-2864
5014,-10900,12998,-908,103,115,-2896
2392,6156,5048,243,1050,-394,-2864
2040,-10830,14126,1210,513,-219,-2928
-4642,29048,-4838,-4182,-1450,-200,-2896
5850,-21842,8966,4101,2149,-1126,-2896
-3902,-26156,26930,-1126,-766,1270,-2864
-9222,32767,-7902,-3102,-2717,-811,-2896
4654,-32768,20032,3359,126,496,-2928
-1772,19496,284,-3054,-1978,-75,-2896
-1086,9050,3440,2194,457,-555,-2864
1980,-16178,17720,582,927,-172,-2928
-4700,12542,-1546,-2756,-1721,357,-2896
4374,-6472,2622,1304,1146,-397,-2896
-3464,-2372,9510,-655,116,-103,-2928
-2962,28420,-3054,232,2071,-887,-2896
-2090,-24550,26754,2061,1182,236,-2896
-3356,32767,-6460,-5102,-2001,164,-2896
-1376,11518,-5300,929,-507,-1620,-2880
3180,-32768,23458,1248,-437,1464,-2880
-354,23794,-1390,-2097,-926,-591,-2912
176,5518,5562,3177,1310,-253,-2880
2032,10152,9900,-1695,-448,-126,-2880
-4314,12924,-876,-1986,-1377,242,-2880
4688,-10382,5240,1728,1589,-348,-2880
-3060,-204,8406,-591,762,-194,-2880
5924,-1864,13782,2338,2959,-839,-2912
-3528,-17962,22812,-1260,-517,673,-2912
-2838,32767,-7954,-3466,-1065,-920,-2912
3598,-32768,28868,5246,2412,-467,-2896
-7972,18698,9112,-3545,-2447,1762,-2880
3212,10274,1568,2344,533,-1130,-2864
4816,-24816,22226,1277,172,108,-2864
-148,22568,-2168,-2434,-845,-334,-2864
252,1778,9526,280,759,5,-2896
7564,-19424,16644,218,906,-67,-2896
2144,3366,7732,198,1303,-356,-2928
-2102,-8156,11860,1892,1126,-295,-2896
-8902,24208,-4474,-4743,-1902,76,-2864
2032,6244,-3306,2808,1559,-1430,-2864
1788,-32768,30876,806,227,969,-2896
-8042,32767,-11388,-4647,-3313,-252,-2896
7960,-31658,8016,3743,221,13,-2896
-4322,738,7578,-2559,-1918,127,-2896
-888,19390,-1920,1270,9,-606,-2896
1192,-14884,18774,1104,1384,-196,-2928
-230,2156,3968,-2460,-1412,348,-2912
2508,2602,2256,969,1016,-393,-2880
-2722,-7794,11460,-357,-22,-110,-2848
1718,19678,4582,-841,1347,-750,-2880
4054,-32768,25774,3679,1847,-245,-2864
-6312,9816,7458,-4252,-1872,841,-2896
-8014,32767,-11068,1398,-212,-1586,-2896
-1508,-20886,25374,876,-517,1566,-2864
3368,25746,-2964,-1875,-809,-690,-2896
3930,-6962,13186,3170,1315,-220,-2864
296,-11976,18072,-1851,-555,-99,-2896
-4206,13122,1966,-1872,-1324,247,-2896
6476,-17796,10850,1823,1640,-364,-2896
-680,1964,8398,-555,850,-185,-2896
3606,14792,7284,2354,2907,-828,-2896
-8034,1152,10988,-1497,-585,716,-2864
-1332,32382,-9040,-2436,-473,-1187,-2880
5706,-23032,10634,5311,2584,-424,-2912
-3526,-13970,23900,-4380,-2891,1685,-2880
5170,-6026,2242,2566,542,-1253,-2912
1004,-24010,20418,1259,97,180,-2912
2354,25838,170,-2373,-862,-328,-2880
-3714,12518,3008,499,867,-38,-2880
6410,-13090,14372,-14,812,-56,-2880
2288,4746,6392,184,1238,-362,-2880
3446,-9746,14432,1772,1028,-308,-2880
-6120,28742,-5814,-4523,-1670,-67,-2864
4440,-14612,5234,3031,1687,-1380,-2848
-2640,-31942,29186,634,139,1028,-2880
-9486,32767,-5532,-3889,-3112,-546,-2896
5696,-32768,16946,3557,130,310,-2864
-2732,15610,1458,-2944,-1985,37,-2864
-1426,11226,1772,1857,292,-578,-2896
1994,-13922,16456,905,1179,-174,-2928
-4214,10848,-924,-2707,-1603,365,-2896
3988,-3852,2016,1130,1067,-431,-2896
-3640,-3438,9918,-554,35,-97,-2928
-4262,29136,-4682,-369,1654,-803,-2896
-720,-28818,28230,2798,1526,55,-2896
-4236,30002,-4282,-4849,-1992,459,-2896
-3614,17716,-6770,2662,482,-1513,-2896
4118,-32768,21258,-123,-912,1738,-2928
3754,18414,-842,-1021,-318,-851,-2896
6062,-19860,20138,3210,1450,-141,-2896
1794,4650,12116,-2468,-847,-76,-2896
-4398,12536,-1224,-1583,-1038,187,-2896
7482,-21958,16400,1838,1668,-304,-2896
1276,3978,7332,-480,1060,-244,-2864
6240,466,12882,2884,2885,-724,-2896
-2696,-21926,25518,-2827,-1294,711,-2896
572,15768,-6008,-1703,-152,-1340,-2896
4970,-32768,26866,4975,2438,-274,-2896
-7514,12800,12922,-4624,-2991,1436,-2896
3502,13932,564,2776,519,-1123,-2896
-3484,-9430,12362,777,-190,214,-2896
210,24356,-2660,-2059,-823,-355,-2896
-252,3920,8132,648,998,-66,-2896
7654,-19990,16144,-727,312,42,-2912
2150,2902,3728,433,1203,-363,-2912
-1108,-8978,12342,1161,437,-210,-2880
-9202,22574,-3234,-4182,-1462,-153,-2912
1486,10536,-4298,3938,2027,-1099,-2880
-5328,-6202,15414,-976,-703,1179,-2880
-8546,32767,-11256,-3140,-2737,-746,-2880
8074,-29056,6298,3449,214,477,-2912
1702,25554,-2872,-3033,-1855,-169,-2896
2112,-860,9264,2242,501,-602,-2912
1180,-16510,19142,471,898,-179,-2880
1010,152,5618,-2487,-1563,344,-2880
5492,-13314,6758,1320,1188,-379,-2896
-2062,486,8614,-633,213,-115,-2896
324,22400,2328,430,2146,-879,-2896
4786,-32768,22828,1776,1036,220,-2896
-1686,32767,-8840,-5001,-1904,25,-2896
2680,-6514,2368,3917,1341,-1352,-2896
298,-26460,25680,-1062,-1276,1899,-2896
2564,25742,-2556,-194,11,-959,-2896
3816,-25140,21782,2948,1369,-70,-2896
2608,20262,4148,-2865,-937,-118,-2864
-4666,14540,404,-1147,-558,154,-2896
6034,-16494,9090,1701,1690,-260,-2864
2090,5442,6622,-361,1150,-281,-2896
5282,-8346,14786,2840,2540,-597,-2864
-7328,-3782,14718,-3555,-1594,622,-2896
-1312,32767,-9470,-568,366,-1574,-2896
124,-32768,32490,4448,2263,51,-2896
-10088,32336,644,-5160,-3282,1085,-2896
4748,-554,1988,3273,501,-1032,-2864
2784,-25580,21830,-2,-651,225,-2896
-1378,17566,-1246,-1382,-604,-467,-2864
1568,-7650,13176,989,1304,-64,-2896
6812,-15186,15226,-872,203,72,-2864
2194,5158,6710,385,1086,-341,-2896
-3286,-5192,10290,1088,378,-212,-2864
-6916,28920,-6376,-4220,-1445,-188,-2896
4218,-8496,1966,4234,2165,-953,-2912
-1032,-32768,31410,-1739,-1065,1291,-2880
-6746,29564,-10096,-2363,-2357,-1019,-2912
7270,-32768,13914,3021,96,735,-2912
-3810,11768,3612,-3078,-1879,-130,-2912
-1658,15116,132,2496,633,-539,-2912
1928,-10326,14668,1311,1587,-185,-2912
-2924,7926,444,-2473,-1321,355,-2864
3516,-932,1346,666,960,-417,-2880
-3570,-5304,10518,40,-8,-141,-2912
-6266,29366,-6118,-2089,360,-565,-2912
1680,-32768,28308,3654,1832,-205,-2896
-5252,22528,-90,-4257,-1874,788,-2896
-5624,24974,-8752,1420,-259,-1564,-2896
5690,-32768,16806,804,-529,1464,-2896
-2670,15318,1660,-2935,-1833,-152,-2864
-1682,11302,1684,2525,667,-478,-2896
1776,-2782,15032,108,604,-164,-2896
-3850,10976,-1054,-2707,-1774,337,-2928
3930,-4272,2058,1501,1240,-378,-2864
-3790,-3216,9846,-744,285,-170,-2864
5374,6294,11098,1538,2728,-968,-2880
-1008,-28424,28606,1192,776,423,-2896
-4252,30994,-4572,-5045,-1948,-185,-2896
-3358,17332,-6950,4270,1543,-1333,-2864
-6252,3480,17488,-1522,-1617,2032,-2864
3804,18478,-920,173,169,-1101,-2896
6026,-20010,20278,2992,1420,15,-2896
1674,4940,11986,-3062,-1049,-88,-2864
-1202,7920,6490,-880,-424,158,-2864
7548,-21186,15704,1450,1590,-254,-2864
1124,3840,7600,-82,1301,-316,-2880
5968,562,12896,2619,2018,-455,-2880
-9736,19694,-1418,-4272,-1856,389,-2912
570,15666,-5704,904,846,-1560,-2880
4492,-32768,27056,3094,1505,452,-2880
-7430,13152,11822,-5436,-3474,566,-2880
7876,-24910,4582,3696,372,-581,-2912
-3668,-8506,11828,-1206,-1429,204,-2880
124,23676,-2584,-356,-431,-562,-2880
1096,-17488,19054,1231,1546,-179,-2896
2286,-3088,7460,-1506,-359,170,-2880
2232,3906,3326,462,1044,-397,-2880
-1166,-9246,12426,620,111,-153,-2912
-914,24388,444,-2719,-170,-474,-2864
5198,-32768,20026,4217,2078,-635,-2864
-5500,-6100,15432,-3093,-1595,1155,-2896
-8642,32767,-11108,-437,-1272,-1319,-2864
1250,-30352,25114,2118,-53,1123,-2864
1626,24854,-2374,-2583,-1390,-392,-2864
2024,-382,9204,2962,1012,-342,-2896
1094,-16370,19064,-842,20,-145,-2896
-5290,13958,-474,-2402,-1642,332,-2896
5454,-13636,6904,1708,1420,-360,-2864
-1952,326,8550,-718,558,-143,-2864
790,22144,2806,1629,2738,-926,-2896
-5644,-10940,19002,32,143,538,-2896
-1770,32767,-9018,-4444,-1513,-585,-2896
3554,-8238,2386,5375,2388,-863,-2880
-314,-25866,26012,-3198,-2321,1982,-2880
3732,4324,1700,1025,384,-1231,-2896
3288,-3310,11036,3197,1445,-118,-2896
2490,21340,3806,-2332,-703,-134,-2896
-4486,13546,740,-1616,-1100,241,-2864
5846,-15756,9358,1794,1690,-340,-2864
-1474,1592,8416,-376,1068,-235,-2880
5220,-7628,14932,2714,2719,-714,-2880
-6732,-4928,14864,-2836,-1263,675,-2912
-1442,32767,-9252,-1521,-74,-1370,-2880
4702,-16010,6616,4963,2461,-185,-2880
-1860,-19668,25318,-2626,-2015,2055,-2912
4502,-764,2176,1607,529,-1265,-2864
2476,-25190,21534,2460,1096,51,-2912
2902,24400,1618,-2983,-985,-182,-2880
-4458,12854,1986,-455,3,124,-2912
6992,-15078,15356,821,1291,-164,-2896
2252,4336,7128,57,1294,-357,-2864
4196,-7888,14440,2198,1606,-362,-2896
-7288,-420,11502,-4496,-1845,272,-2896
4028,-8890,2372,1709,1186,-1557,-2864
-1468,-32768,31028,2252,1028,712,-2864
-9344,32767,-3312,-5328,-3480,208,-2896
4484,-6440,2842,3694,205,-299,-2896
-3258,12612,2932,-1824,-1759,136,-2928
-1658,13406,846,395,-242,-562,-2896
2002,-11568,15336,1398,1636,-193,-2896
5678,-12962,14588,-2156,-939,307,-2896
3846,-1918,1392,557,963,-417,-2896
-3758,-4288,10380,120,-20,-117,-2896
-5192,29702,-5502,-2862,-234,-491,-2880
5550,-21000,7802,4400,2113,-623,-2880
-4492,27824,-2810,-3826,-1812,1063,-2896
-4050,20142,-7604,-379,-1271,-1469,-2880
4894,-32768,19984,1998,-199,1232,-2912
-1824,19692,280,-2634,-1310,-416,-2880
6216,-18508,19528,3177,1264,-281,-2864
1576,3010,12958,-1012,-39,-103,-2880
-4118,12036,-1062,-2459,-1707,292,-2896
4148,-7442,3510,1418,1209,-387,-2880
-3614,-982,8686,-713,248,-143,-2880
-2402,27472,-2500,1043,2504,-935,-2880
-2444,-22720,25778,1033,685,449,-2912
-3148,32767,-6986,-4962,-1885,-248,-2880
-1092,9044,-4324,4407,1615,-1245,-2880
-7532,12798,12916,-2341,-1906,1989,-2896
3410,13908,690,361,259,-1095,-2880
5700,-23236,21716,2845,1338,36,-2880
2138,11950,8680,-3053,-1047,-74,-2880
-308,4154,8268,-535,-104,99,-2896
7460,-20140,16438,1122,1444,-214,-2896
1764,3558,7720,0,1338,-289,-2864
5662,-2478,13914,2489,1880,-446,-2864
-9116,22950,-3548,-4240,-1841,364,-2896
1432,8988,-3704,981,898,-1529,-2864
2760,-32768,29860,2959,1413,524,-2896
-8228,21216,7088,-5384,-3427,473,-2896
7722,-29430,6804,3681,314,-483,-2896
-4270,-1846,8536,-1382,-1550,154,-2896
-646,20666,-2146,-97,-377,-556,-2896
762,-470,10588,1249,1556,-204,-2896
294,924,4930,-1660,-500,192,-2896
2388,2972,2436,480,1001,-390,-2864
-2436,-8230,11848,188,-63,-113,-2880
-8770,26766,-5856,-2461,48,-506,-2912
4572,-32768,24690,4203,2057,-521,-2880
-5996,5070,9534,-3380,-1683,1116,-2912
-8310,32767,-11274,-107,-1068,-1377,-2912
7922,-32768,9212,1939,-144,1221,-2880
2812,25496,-2918,-2511,-1246,-435,-2848
3450,-4990,12062,3040,1094,-318,-2880
630,-13522,18506,-1116,-132,-137,-2880
-4694,13438,1018,-2027,-1462,285,-2896
5888,-16456,9452,1648,1410,-336,-2880
-1188,1772,8014,-667,538,-120,-2912
2630,17686,5656,1800,2830,-908,-2880
-7248,-3328,14166,-973,-328,680,-2896
-1338,32767,-9172,-4297,-1451,-684,-2880
5460,-18690,7592,4880,2017,-1187,-2896
-2426,-18208,25174,-2163,-1841,2130,-2896
3534,25476,-3200,665,305,-1219,-2896
2060,-25466,21262,2412,1042,85,-2880
2626,24552,1268,-2963,-1000,-175,-2880
-3964,13038,2274,-264,132,113,-2912
6484,-18210,11610,976,1424,-181,-2880
2142,4902,6552,-53,1242,-284,-2880
4032,-9414,14578,2393,1812,-439,-2880
-8116,2620,9752,-4403,-1900,304,-2880
-902,31198,-8848,1290,1075,-1577,-2880
-1976,-32768,30442,2752,1361,592,-2880
-9808,32767,-4192,-5427,-3517,396,-2880
5528,-8262,2460,3824,343,-505,-2912
-3508,14672,2250,-2055,-1823,198,-2896
-1642,13230,662,-37,-378,-619,-2880
1894,-12560,15778,1369,1633,-150,-2880
5504,-12336,13830,-2168,-996,327,-2896
3732,-2506,1642,648,958,-412,-2896
-3638,-4152,10090,107,-52,-131,-2864
-5332,29358,-5592,-2248,227,-566,-2896
5798,-18790,6764,4195,2149,-499,-2896
-4850,25120,-1580,-3461,-1725,1093,-2896
-5096,22832,-8118,-32,-1078,-1424,-2896
5440,-32768,18322,1804,-231,1193,-2896
-2150,16898,1226,-2448,-1226,-435,-2864
5566,-15946,18578,3059,1138,-313,-2896
1840,-1226,14312,-1051,-124,-125,-2896
-4102,11696,-1268,-2489,-1679,321,-2896
4044,-5322,2424,1933,1470,-353,-2896
1070,3336,7304,-832,610,-145,-2896
5802,5162,11368,2470,3039,-894,-2880
-1284,-26858,28006,-1394,-536,769,-2912
-4022,31806,-5188,-3429,-986,-978,-2912
6328,-32768,22558,5337,2463,-766,-2912
-6552,5014,16686,-3582,-2530,1854,-2880
3986,17826,-646,1958,595,-1284,-2912
6184,-21342,20802,2334,992,126,-2928
904,26146,-2394,-2961,-1055,-187,-2864
-928,7202,6818,-137,226,71,-2864
7542,-21096,15988,412,1096,-133,-2880
1356,4126,7660,162,1303,-350,-2880
22,-10158,13220,2081,1343,-329,-2880
-9718,20280,-1514,-4738,-1948,156,-2880
756,15816,-5786,2477,1465,-1501,-2912
4580,-32768,26916,1505,639,852,-2912
-9028,32767,-10650,-5031,-3405,-14,-2912
7952,-24690,4446,3842,310,-199,-2880
-3502,-8676,11984,-2194,-1834,190,-2880
906,3270,6888,1323,84,-644,-2896
1202,-17724,19116,1166,1476,-168,-2912
2470,-2894,7640,-2095,-966,271,-2880
2162,4304,3412,646,989,-375,-2912
-2750,-566,8832,-105,11,-107,-2864
-910,24694,256,-1465,851,-625,-2896
5042,-32714,19786,3578,1751,-292,-2896
-5672,-5750,15238,-4199,-1839,774,-2896
1096,268,-524,1498,-206,-1569,-2928
1348,-30102,25164,913,-435,1476,-2896
1824,25280,-2350,-1740,-725,-630,-2896
2096,-390,9494,3102,1306,-206,-2896
2766,17158,5828,-1821,-477,-120,-2896
-5036,14268,-342,-2005,-1332,242,-2928
5482,-13980,7310,1879,1570,-333,-2896
-1972,978,8412,-598,870,-183,-2896
5822,-6110,14566,2471,2966,-826,-2896
-5926,-9320,18342,-1716,-725,735,-2896
-1652,32767,-8842,-3085,-769,-1111,-2896
3610,-9064,3000,5225,2547,-396,-2880
-9666,27946,3804,-4416,-2879,1591,-2880
3874,4142,1904,2510,500,-1161,-2880
3734,-25702,22004,1175,38,152,-2880
2480,21610,3510,-2306,-780,-352,-2912
1088,-4022,11802,491,863,-8,-2880
7164,-16736,15762,-90,823,-59,-2912
1954,4670,7070,208,1244,-331,-2896
5112,-7686,14868,1962,1195,-311,-2896
-7798,28096,-6356,-4753,-1872,-6,-2880
3368,-3926,-328,3237,1745,-1388,-2912
-68,-32768,32082,480,27,1077,-2880
-10074,32767,-4,-4485,-3298,-347,-2912
7874,-32768,11790,3812,214,82,-2880
-4298,8504,5018,-2806,-1957,122,-2880
-1398,17094,-1058,1418,79,-658,-2848
1144,-7750,13336,984,1290,-125,-2880
-1576,5082,1952,-2265,-1276,298,-2880
2852,54,1782,796,957,-374,-2912
-3402,-5294,10388,-191,-34,-96,-2880
3112,15052,7014,-692,1418,-750,-2896
2802,-32768,27234,3533,1837,-252,-2912
-5394,16520,2852,-4274,-1887,718,-2880
-6488,28416,-9820,2428,361,-1495,-2864
-2522,-13390,23046,40,-774,1657,-2928
3834,23192,-2210,-1068,-323,-780,-2896
4984,-11938,16456,3081,1406,-129,-2896
1506,-6694,16232,-2304,-699,-132,-2928
-3476,13792,3318,-1724,-1092,210,-2864
7058,-21630,13948,1991,1676,-329,-2864
626,2512,7592,-617,995,-241,-2896
4658,10160,9444,2869,2907,-775,-2896
-9630,9974,5760,-2649,-1181,821,-2864
-582,27194,-8066,-1894,-221,-1379,-2896
6746,-32768,17708,5139,2507,-316,-2864
-5398,-2292,20100,-4632,-2948,1510,-2896
6668,-14240,2256,2732,477,-1147,-2896
-1002,-19110,17226,945,-57,191,-2896
1538,26580,-1718,-2121,-845,-369,-2864
-2020,10082,5330,959,1289,-90,-2912
7486,-21174,15140,847,1360,-171,-2880
892,3362,7952,11,1283,-342,-2880
1204,-10836,13576,2395,1642,-389,-2880
-9858,16300,838,-4630,-1943,249,-2880
34,20032,-6648,1074,932,-1588,-2896
5526,-32768,24396,2961,1430,488,-2896
-9448,32767,-10022,-5502,-3493,504,-2896
7632,-21772,3404,3739,386,-532,-2864
-3162,-12192,13650,-1334,-1483,181,-2896
750,24924,-2872,-1777,-752,-381,-2912
-964,5696,7546,766,1103,-47,-2912
7670,-20314,15836,-496,434,-4,-2880
2138,3276,4064,360,1200,-371,-2912
-678,-8984,12624,1318,572,-221,-2880
-9396,21120,-2096,-4369,-1552,-110,-2880
5234,-31856,18610,4115,2033,-1023,-2864
-5180,-8872,16908,-716,-534,1150,-2848
-8314,32767,-10900,-3299,-2757,-701,-2912
7618,-27102,5854,3404,195,433,-2848
1606,24464,-2442,-2987,-1876,-119,-2864
1670,-170,9366,2456,643,-529,-2896
1356,-16550,18954,158,699,-224,-2928
1048,-92,5754,-2586,-1696,368,-2896
5536,-13262,6470,1301,1160,-402,-2896
-2082,380,8460,-626,276,-119,-2928
740,21814,3110,605,2201,-886,-2896
4626,-32768,23958,1492,883,282,-2864
-1286,32767,-9064,-5014,-1891,-121,-2896
3676,-10374,3836,4281,1585,-1294,-2864
-770,-24052,25580,-1412,-1474,1975,-2896
3156,25878,-3230,105,91,-1011,-2896
3308,-25288,21350,2854,1355,-16,-2896
2548,22270,2886,-2983,-1027,-95,-2896
-4416,14052,1140,-918,-383,146,-2928
6176,-17312,10138,1522,1632,-237,-2896
1902,5302,6792,-144,1249,-307,-2880
4848,-9554,14964,2682,2047,-483,-2880
-7824,-410,12528,-4327,-1857,463,-2880
-1128,32767,-9130,761,844,-1685,-2912
-920,-32768,31932,3386,1735,405,-2880
-10022,32767,-1508,-5513,-3498,653,-2880
4810,-3172,2174,3661,406,-684,-2880
1806,-24276,20848,-368,-874,178,-2896
-1606,15824,-392,-1067,-542,-511,-2864
1498,-9406,13950,1020,1346,-60,-2896
6488,-13576,14294,-1095,40,81,-2928
1896,4928,6670,513,1014,-387,-2880
-3536,-4232,9906,578,78,-136,-2880
-6226,28956,-5978,-3439,-757,-336,-2912
4776,-12518,3856,4298,2173,-864,-2880
-1960,-32768,30538,-2164,-1258,1263,-2912
-6188,27160,-9264,-1813,-2041,-1094,-2912
6476,-32768,15934,2792,32,872,-2880
-3168,14408,2552,-3052,-1769,-214,-2848
-1544,13566,810,2672,743,-459,-2880
1732,-12096,15470,1215,1505,-192,-2880
-3570,8570,118,-2490,-1391,331,-2896
3780,-2222,1754,939,985,-379,-2896
-3662,-4504,10376,-335,-45,-115,-2864
-5680,29508,-5848,-1108,1106,-700,-2928
1196,-32150,28646,3431,1762,-179,-2896
-5026,24646,-1138,-4420,-1886,747,-2864
-5152,23530,-8452,1714,-96,-1558,-2896
5466,-32768,18066,613,-601,1554,-2864
-2522,16570,1346,-2940,-1781,-180,-2864
-1468,10908,1794,2596,713,-482,-2896
1618,-1352,14380,-15,492,-149,-2896
-4092,11168,-1172,-2588,-1787,346,-2912
3886,-5094,2294,1727,1353,-363,-2880
-3622,-2544,9350,-780,469,-175,-2880
5704,4962,11440,1646,2764,-928,-2880
-1272,-27300,27938,219,268,552,-2880
-4246,31148,-4860,-4654,-1703,-477,-2912
-2968,16240,-6606,4815,1924,-1110,-2880
-6432,4620,16742,-2264,-1916,2018,-2848
3756,17704,-610,868,379,-1225,-2912
6050,-21016,20598,2700,1278,62,-2880
896,26418,-2328,-2973,-1052,-181,-2864
-1112,7514,6754,-525,-81,96,-2912
7442,-21172,15974,1417,1579,-238,-2864
1322,3768,7480,-177,1265,-293,-2896
5988,416,13020,2738,2297,-510,-2864
-9608,19754,-1470,-3826,-1681,469,-2896
438,15520,-5584,-768,202,-1385,-2880
4604,-32768,26938,3771,1877,207,-2896
-7332,12904,11944,-5228,-3363,847,-2896
7578,-24476,4358,3420,422,-770,-2896
-3566,-8710,11638,-606,-1097,211,-2896
114,23626,-2596,-871,-608,-490,-2896
-198,4374,8436,1134,1490,-147,-2896
2040,-2578,7466,-1253,-86,122,-2864
2322,4172,3174,329,1066,-361,-2864
-1248,-9710,12672,936,277,-164,-2896
-9360,23356,-3488,-3766,-1035,-301,-2864
5346,-32768,20494,4257,2081,-928,-2896
-5728,-5092,15312,-1860,-1084,1281,-2864
-8654,32767,-11038,-2236,-2284,-966,-2896
7836,-28638,6246,2998,150,726,-2864
1726,24712,-2492,-2777,-1615,-249,-2880
2056,-788,9414,2817,815,-436,-2912
1046,-16072,18812,-396,317,-184,-2880
1150,86,5400,-2414,-1707,313,-2912
5532,-13284,6534,1432,1305,-389,-2880
-2056,654,8496,-621,420,-124,-2880
870,21664,3224,1179,2548,-913,-2880
4518,-32768,23956,738,491,448,-2880
-1428,32767,-9138,-4818,-1763,-362,-2880
4034,-10242,3048,4880,1969,-1239,-2912
-784,-24772,25974,-2070,-1833,2148,-2880
3712,3348,1880,1131,396,-1245,-2896
3638,-26198,22032,2754,1266,57,-2880
2676,22130,3234,-3038,-990,-135,-2880
-4310,12908,1434,-566,-174,129,-2880
7074,-16266,15478,967,1416,-204,-2896
1840,4810,7042,-20,1291,-293,-2896
4818,-8120,14718,2367,1764,-445,-2896
-7026,-2594,13090,-4098,-1743,429,-2880
-1504,32767,-9058,-322,423,-1492,-2896
-524,-32768,31726,4140,2031,161,-2896
-9636,32767,-1250,-5268,-3295,950,-2896
4624,-3264,2420,3387,411,-839,-2896
1758,-23974,20540,-385,-933,185,-2896
-1336,15578,-422,-526,-421,-565,-2912
1732,-8828,14078,1210,1557,-142,-2912
6466,-14684,15226,-1384,-255,143,-2880
2092,5184,6538,383,971,-385,-2912
-3646,-4798,10350,676,111,-163,-2880
-6528,28952,-6122,-3511,-853,-349,-2880
4618,-12240,3346,4348,2101,-833,-2880
-2042,-32768,30398,-2191,-1263,1289,-2912
-6102,27200,-9376,-1807,-2091,-1114,-2912
6426,-32768,15634,2734,17,860,-2912
-3062,13864,2426,-2969,-1749,-189,-2880
5330,-13036,17060,2909,978,-384,-2928
1586,-5252,16002,-145,532,-151,-2880
-3408,9074,-230,-2555,-1757,318,-2896
3590,-2770,1762,1753,1414,-355,-2864
596,2656,7536,-827,425,-140,-2864
4722,9944,9678,1492,2680,-947,-2896
494,-31512,28964,379,369,518,-2896
-4942,26646,-2084,-4690,-1707,-466,-2864
6522,-32768,17870,4816,1995,-1127,-2928
-4920,-3224,20276,-2278,-1882,1991,-2864
4082,20872,-1560,813,375,-1159,-2864
6010,-17132,18910,2672,1270,49,-2896
1488,26732,-1612,-3037,-1082,-128,-2896
-1792,10176,5430,-485,28,77,-2896
7412,-21834,15578,1205,1530,-180,-2896
918,3824,7644,-126,1223,-322,-2896
1218,-11442,13836,2442,1667,-391,-2880
-10050,17078,716,-4658,-1942,305,-2880
-162,20744,-6918,1770,1184,-1607,-2880
5930,-32768,23324,2301,1115,671,-2880
-9468,32767,-9612,-5390,-3504,302,-2848
7540,-20488,3188,3878,365,-432,-2880
-2678,-13592,14458,-1187,-1378,221,-2896
678,25944,-2620,-2002,-810,-373,-2880
-1004,7182,6708,713,1143,-68,-2880
7356,-21264,16334,-437,532,1,-2880
2214,4246,4290,288,1233,-403,-2880
-116,-10232,13186,1529,725,-222,-2880
-9604,19542,-1320,-4479,-1704,-84,-2880
722,15730,-5536,3547,1859,-1231,-2880
-5158,-12822,19286,-237,-312,1131,-2880
-8986,32767,-10602,-3863,-3066,-511,-2880
7204,-24186,4706,3607,318,-508,-2848
-3344,-8474,11140,-1694,-1695,145,-2896
-2,23106,-2498,258,-299,-545,-2896
1400,-17170,18978,1234,1571,-188,-2896
2074,-2968,7512,-1886,-722,246,-2896
2188,4578,3178,525,996,-397,-2896
-1198,-10150,12820,371,-17,-128,-2896
-634,24620,444,-2652,-99,-516,-2896
5472,-32768,20790,4346,2088,-582,-2864
-6144,-3376,14716,-3327,-1680,1212,-2864
-8970,32767,-11388,-193,-1133,-1459,-2864
524,-29774,25822,1975,-131,1221,-2896
1808,25786,-2888,-2610,-1333,-426,-2864
2110,-702,9374,3028,1048,-340,-2864
584,-16478,19096,-1030,-100,-133,-2896
-4950,13106,90,-2030,-1480,304,-2912
5500,-13634,7372,1695,1519,-369,-2880
-2104,1232,8232,-586,723,-172,-2880
1382,20734,3556,2158,2927,-872,-2912
-5796,-9272,17786,-943,-328,633,-2880
-1660,32767,-9082,-3677,-1086,-875,-2912
4012,-10958,3688,5425,2452,-842,-2880
-896,-24034,25958,-3443,-2482,1997,-2912
3730,2642,2042,1768,504,-1273,-2880
3330,-26150,22068,1961,665,102,-2912
2812,22336,2944,-2814,-957,-230,-2880
-4510,13516,1210,20,408,22,-2912
7206,-16590,15688,1008,1405,-187,-2896
2082,4698,7146,-33,1279,-303,-2896
4800,-7498,14578,2367,1820,-417,-2896
-6680,-3646,13604,-4346,-1858,344,-2864
3700,-5390,412,1227,1043,-1577,-2896
-348,-32768,31516,2844,1404,594,-2896
-9466,32767,-794,-5233,-3447,102,-2880
4240,-2778,2754,3835,223,-272,-2912
-3966,9370,4096,-2011,-1789,161,-2880
-1476,15612,-406,536,-193,-598,-2880
1752,-8162,13948,1262,1601,-183,-2880
6546,-15438,15700,-2029,-910,306,-2880
3088,498,1416,537,936,-385,-2880
-3404,-5736,10702,200,-8,-151,-2912
-6718,29328,-6584,-2463,62,-523,-2880
2360,-32768,28416,3961,2011,-333,-2864
-5552,19348,2020,-3438,-1725,1162,-2848
-6160,27772,-9574,35,-1047,-1551,-2880
6824,-32768,15378,1814,-248,1271,-2912
-3340,13262,3012,-3085,-1928,-76,-2896
-1710,13800,538,2289,526,-553,-2896
1278,-6038,16264,371,756,-166,-2864
-3192,9502,-408,-2726,-1718,373,-2896
3468,-2822,1900,1383,1170,-398,-2896
-3738,-3914,9968,-715,117,-128,-2896
5018,9652,9764,438,2229,-916,-2896
442,-31164,28940,1846,1101,280,-2896
-4836,27332,-2440,-5097,-1991,87,-2896
-4366,21490,-8222,3880,1250,-1459,-2864
-5436,-1806,19892,-1140,-1386,2061,-2896
4122,20576,-1478,-229,28,-1073,-2896
6258,-18236,19236,3138,1475,-2,-2896
1418,1168,13568,-3056,-1008,-107,-2880
-1952,9704,5566,-815,-324,153,-2880
7504,-21160,15380,1418,1612,-203,-2912
1084,3400,7822,-186,1258,-311,-2880
5378,3846,12026,2702,2264,-514,-2880
-9726,16246,1096,-3916,-1738,498,-2880
32,20692,-6768,-715,197,-1448,-2896
5408,-32768,23518,4322,2098,54,-2864
-6370,7078,14752,-5073,-3167,1025,-2896
7350,-20776,3564,3493,421,-735,-2848
-3022,-12406,13642,-727,-1146,198,-2880
746,25146,-2650,-774,-563,-499,-2912
-1104,7162,7048,1159,1527,-150,-2880
3258,-4908,9180,-1312,-145,128,-2912
2178,4870,3976,340,1068,-383,-2880
-340,-10284,12942,947,265,-170,-2880
-9632,19858,-1506,-3768,-1062,-264,-2880
5474,-30930,17158,4330,2062,-926,-2880
-5636,-10384,18088,-2136,-1261,1293,-2880
-8602,32767,-11048,-1879,-2084,-1112,-2880
2276,-32180,24386,2351,30,1024,-2864
1240,24036,-1796,-2853,-1709,-158,-2880
1490,1194,8466,2879,930,-398,-2896
1136,-16708,18674,-650,194,-155,-2896
-5102,13682,-472,-2398,-1668,336,-2864
5288,-12044,6098,1529,1357,-370,-2864
-2424,604,8554,-661,508,-157,-2896
516,22260,2528,1523,2728,-895,-2896
-5476,-11552,19472,177,202,540,-2896
-1850,32767,-8954,-4538,-1589,-567,-2896
3312,-7608,1906,5036,2070,-1045,-2864
-798,-25632,25772,-2557,-2037,2085,-2896
3580,4444,2078,1065,395,-1226,-2864
3826,-25736,22018,2435,1066,55,-2896
2584,21660,3336,-3001,-1046,-175,-2896
-4574,12478,1158,-307,58,117,-2928
7220,-16580,15710,669,1284,-171,-2880
1878,4578,7202,132,1321,-321,-2880
4980,-7874,14878,2175,1505,-376,-2912
-6660,-4092,14150,-4557,-1926,235,-2880
3268,-4470,340,1884,1223,-1535,-2912
-266,-32768,31666,2140,995,746,-2880
-9820,32646,-372,-5311,-3470,215,-2880
4008,-1944,2636,3822,263,-318,-2880
-4114,9082,4682,-1443,-1564,204,-2896
-1466,16248,-760,-124,-347,-581,-2864
1496,-8240,13710,1258,1595,-166,-2864
6448,-15494,15436,-1691,-555,206,-2896
2952,-82,1828,496,973,-415,-2864
-3472,-5414,10498,488,28,-117,-2896
-6920,28762,-6308,-3137,-533,-416,-2864
4614,-10732,2256,4357,2145,-761,-2896
-5644,17166,2936,-2579,-1448,1257,-2864
-6704,28488,-9740,-307,-1226,-1338,-2880
6298,-32768,14514,1986,-179,1169,-2912
-3340,11692,3024,-2573,-1293,-427,-2880
4906,-11698,16248,3044,1059,-333,-2912
1284,-7110,16300,-928,5,-156,-2880
-3158,8768,-88,-2460,-1668,332,-2912
3406,-1990,1658,1888,1414,-360,-2912
490,2616,7526,-837,543,-163,-2880
4614,10618,9436,1941,2884,-970,-2880
718,-32582,29540,-271,8,660,-2912
-868,28476,-8274,-3765,-1105,-902,-2896
6668,-31128,15802,5037,2178,-1036,-2880
-4652,-6618,21662,-2607,-2068,2043,-2912
4028,22100,-2118,1069,404,-1214,-2848
-162,-20954,18268,2205,877,84,-2896
1536,26646,-1056,-2930,-1021,-174,-2896
-2542,11038,4346,-67,340,26,-2896
7136,-20382,14190,688,1288,-172,-2864
2048,4748,5574,58,1262,-341,-2896
2214,-11016,14172,2330,1619,-377,-2896
-9508,12042,3622,-4583,-1929,252,-2896
-346,24590,-7550,1939,1255,-1584,-2896
-4100,-24882,26074,2076,929,758,-2864
-9576,32767,-8470,-5340,-3480,181,-2864
6748,-16818,2782,3819,267,-330,-2896
-2120,-16484,15772,-1841,-1773,198,-2864
1400,26266,-2478,-1278,-715,-473,-2848
-1770,9142,5924,1047,1379,-126,-2912
4166,-6958,10568,-573,396,24,-2896
2234,4838,4602,275,1171,-360,-2896
580,-10250,13208,1387,635,-218,-2896
-9448,17384,326,-4382,-1580,-90,-2896
5672,-28096,14718,4117,2051,-1054,-2880
-4880,-16364,21406,-1518,-935,1254,-2912
-8842,32767,-10202,-2642,-2468,-905,-2912
7080,-22496,4136,3144,181,631,-2880
256,23146,-1394,-3001,-1915,-73,-2880
402,3818,6632,2395,568,-503,-2880
1634,-17740,18894,319,702,-173,-2880
2252,-3118,7958,-2698,-1718,336,-2912
5044,-11144,4942,1440,1222,-376,-2880
-2686,-222,8656,-738,202,-101,-2912
-724,25328,418,637,2303,-907,-2880
-4422,-15814,22322,725,530,487,-2864
-1978,32767,-8492,-5053,-1933,-59,-2880
1806,-1050,-688,4641,1836,-1188,-2864
764,-30088,25732,-1906,-1716,2052,-2864
3470,8498,1554,541,247,-1123,-2896
4702,-25494,22450,2744,1267,12,-2896
2458,18364,5626,-3086,-1076,-103,-2896
-4648,13540,60,-739,-213,137,-2896
7548,-19104,16608,1364,1624,-214,-2896
1930,4662,7430,-126,1283,-275,-2896
5852,-6416,14922,2714,2197,-501,-2896
-5878,-8920,18108,-4115,-1809,507,-2896
3010,1536,-2732,306,690,-1601,-2896
1408,-32768,31894,3687,1876,289,-2896
-9438,27600,3778,-5444,-3445,805,-2864
3806,3972,1904,3583,433,-792,-2896
-4550,2900,7396,-1304,-1476,206,-2912
-938,19666,-1724,-289,-393,-597,-2912
1134,-3604,11670,1167,1454,-154,-2912
7222,-17184,15940,-1584,-373,174,-2912
2610,942,2576,552,1044,-369,-2880
-2688,-6492,11012,525,62,-153,-2912
-7904,27386,-5900,-3260,-593,-378,-2880
3154,-2466,-424,4243,2099,-929,-2864
-5728,9192,6850,-1793,-1119,1295,-2896
-7438,32767,-10882,-2241,-2279,-994,-2896
7462,-32768,11306,2533,-14,981,-2880
-4056,7292,4882,-2930,-1642,-250,-2912
4352,-7522,13716,2801,828,-418,-2880
1566,-7132,13092,1147,1395,-198,-2880
-2144,5770,1724,-2470,-1380,338,-2880
2972,1126,1292,875,992,-384,-2880
-3268,-6774,11342,-227,-37,-134,-2912
2976,16194,6618,-746,1426,-799,-2896
2870,-32768,28286,3690,1890,-207,-2880
-6112,17100,3630,-4713,-1913,578,-2896
-6874,29546,-10146,2304,316,-1598,-2896
-2934,-14272,24118,90,-834,1766,-2864
-3810,11412,3440,-2970,-1729,-292,-2896
4844,-11370,15538,2805,794,-442,-2864
864,-8278,16826,-342,271,-119,-2896
-2778,9086,-386,-2607,-1723,331,-2896
3272,-2360,1762,1724,1329,-385,-2896
344,3126,7538,-856,354,-147,-2896
4826,10284,9312,1470,2734,-975,-2896
714,-32486,29414,-276,27,659,-2912
-5164,25174,-1204,-4359,-1515,-682,-2848
6772,-31368,15836,5074,2148,-1072,-2912
-4634,-6502,21678,-2600,-2073,2061,-2880
3984,22212,-2084,1114,446,-1309,-2880
5870,-15924,17926,2589,1144,81,-2880
1778,26408,-1160,-3061,-1076,-134,-2880
-2670,11842,4162,-410,74,49,-2880
7076,-21262,14676,1084,1407,-173,-2912
2312,5596,5112,-3,1308,-382,-2896
1886,-10982,14110,2531,1936,-440,-2880
-9386,12478,3370,-4370,-1853,371,-2880
-450,24238,-7618,1152,1030,-1547,-2880
-4076,-24712,26136,2120,964,723,-2896
-9430,32767,-8236,-5394,-3455,470,-2880
6508,-16480,3068,3786,365,-533,-2880
-1922,-16144,15660,-782,-1176,203,-2896
1206,26010,-2180,-189,-437,-542,-2880
1776,-16576,17864,1229,1551,-167,-2864
3982,-7486,10776,-1435,-223,156,-2896
2136,5836,4238,499,987,-399,-2912
732,-11360,13668,523,106,-147,-2880
-3130,27824,-2906,-3029,-430,-425,-2880
6202,-28170,13842,4374,2216,-745,-2880
-4918,-17886,22780,-2679,-1501,1301,-2912
-9160,32767,-9730,-1185,-1716,-1238,-2848
3334,-32768,22884,2539,24,959,-2912
-326,21980,-770,-2806,-1597,-256,-2880
46,5630,5488,2826,837,-402,-2880
1474,-17102,18496,-467,264,-158,-2880
-4686,12936,-1392,-2516,-1727,325,-2912
4572,-8956,4000,1529,1323,-406,-2912
-3202,-736,8910,-698,467,-120,-2912
6148,-422,13168,1810,2857,-891,-2896
-3362,-19592,24184,522,417,500,-2880
-2522,32767,-7850,-4767,-1709,-437,-2880
530,4040,-2656,4818,1946,-1180,-2880
-8722,17696,10428,-2787,-2123,2060,-2896
3402,11318,744,699,282,-1212,-2880
5326,-24942,22296,2719,1202,56,-2880
2206,15222,7270,-3000,-1059,-167,-2896
-8,1766,9248,-267,75,107,-2896
7626,-18884,15972,910,1464,-214,-2896
1646,4140,7754,66,1340,-290,-2896
5752,-2934,14168,2334,1835,-414,-2928
-9062,23908,-4084,-4338,-1833,313,-2896
1876,7662,-3722,1192,990,-1576,-2928
2388,-32768,30604,2825,1344,570,-2896
-8676,23404,6328,-5440,-3515,401,-2896
8026,-31260,7452,3740,308,-458,-2896
-4206,-630,8406,-1530,-1585,156,-2896
-542,20532,-2008,-57,-311,-573,-2864
810,-1120,11024,1266,1573,-161,-2864
44,1984,4340,-1751,-602,251,-2896
2506,3240,2268,493,967,-411,-2896
-2444,-7832,11652,486,56,-158,-2864
-8420,26760,-5788,-2987,-345,-456,-2896
4284,-32768,24882,4360,2126,-675,-2896
-6152,6878,8664,-2931,-1581,1222,-2896
-7652,32767,-11124,-649,-1448,-1373,-2864
7866,-32768,10060,2235,-125,1113,-2896
3322,25372,-2882,-2716,-1445,-350,-2896
3798,-5616,12770,2912,978,-357,-2896
1088,-12600,18274,-739,146,-121,-2896
-1444,5124,2058,-2478,-1701,334,-2864
6302,-18218,10796,1741,1439,-348,-2896
-604,1794,7974,-786,488,-150,-2896
3208,15966,6892,2125,2952,-885,-2880
2738,-32768,28478,-713,-217,702,-2912
-1092,32767,-8798,-3978,-1228,-846,-2880
5976,-22198,10122,5258,2372,-884,-2880
-2822,-15168,24656,-3125,-2280,2012,-2912
3774,24660,-2840,1498,550,-1253,-2912
1532,-24122,20598,2268,961,95,-2880
2314,25816,534,-2939,-1011,-168,-2912
-3386,12356,3150,-76,320,65,-2912
6328,-12906,13996,392,1102,-135,-2896
1928,5186,6242,27,1288,-329,-2880
3408,-10154,14518,2281,1614,-385,-2880
-8768,6620,7376,-4561,-1879,260,-2880
5082,-16214,5994,2543,1478,-1472,-2896
-2570,-31632,29718,2236,1046,702,-2880
-9484,32767,-5756,-5026,-3410,-33,-2896
5732,-11010,2752,3839,248,-141,-2896
-2684,17002,1338,-2319,-1886,176,-2864
-1632,12066,1800,826,-136,-579,-2864
2036,-14780,16636,1327,1577,-192,-2896
4810,-10332,12902,-2401,-1205,333,-2864
3994,-4348,2122,723,955,-390,-2896
-3626,-3182,9746,-100,4,-117,-2896
-4302,28732,-4136,-1645,642,-633,-2896
5608,-23970,10768,4151,2079,-491,-2880
-4032,29576,-4386,-4061,-1857,859,-2864
-3402,16908,-6264,41,-1010,-1399,-2880
4148,-32768,21212,1798,-217,1205,-2912
-1078,20690,-266,-2373,-1158,-429,-2880
5862,-19688,20486,3159,1349,-266,-2896
2174,5832,11536,-1233,-181,-119,-2880
-4872,13242,-1304,-2186,-1414,234,-2864
4582,-8710,3800,1984,1600,-326,-2896
1600,4212,7208,-694,821,-188,-2928
6114,140,12998,2549,3027,-836,-2864
-3310,-20928,25226,-1673,-773,812,-2864
-2992,32767,-7400,-3192,-867,-1116,-2864
4862,-32768,27286,5290,2471,-618,-2896
-7494,13912,12198,-3750,-2544,1736,-2896
3404,13282,610,2011,532,-1178,-2896
5454,-23562,21806,1692,480,124,-2864
238,24082,-2292,-2683,-979,-268,-2928
20,3678,8514,151,556,10,-2864
7476,-19918,16280,375,1108,-165,-2896
1458,4026,7722,220,1329,-335,-2896
-1242,-9058,12456,2056,1274,-334,-2896
-9524,23606,-4108,-4752,-1883,9,-2912
1662,8710,-4450,3254,1675,-1356,-2880
2964,-32768,30508,401,-14,1088,-2880
-8888,32767,-11682,-4460,-3293,-359,-2848
8464,-30832,6558,3788,246,82,-2880
-4532,-2230,9286,-2790,-1996,120,-2912
-428,21372,-2488,1445,106,-602,-2912
704,-16408,19174,957,1251,-150,-2880
966,868,4982,-2254,-1243,308,-2880
2334,2336,2798,845,1017,-373,-2912
-1894,760,8502,-360,43,-89,-2896
778,20660,3436,-1233,1043,-666,-2880
4348,-32768,23796,3466,1733,-222,-2880
-5754,3820,9784,-4331,-1886,692,-2912
2952,-8990,3790,2594,448,-1501,-2896
-612,-24006,25348,633,-541,1545,-2912
3042,25362,-2902,-1569,-682,-702,-2912
3474,-5516,12230,3097,1305,-180,-2880
1072,-13652,18306,-1958,-569,-141,-2880
-4808,14646,704,-1971,-1265,236,-2880
6130,-17918,10118,1997,1647,-307,-2912
-684,1212,8216,-607,902,-236,-2880
4920,-8940,14380,2760,2833,-723,-2928
-7762,-1984,13430,-1855,-819,745,-2880
-1220,32767,-9132,-2858,-634,-1147,-2912
5282,-19644,8536,5384,2534,-523,-2880
-10146,32767,-1254,-4576,-2982,1499,-2896
4466,-3158,2282,2657,463,-1127,-2864
1898,-24532,20628,953,-76,187,-2896
2520,24864,1056,-2097,-835,-343,-2896
1674,-9548,14064,724,1121,-59,-2896
6316,-14142,14782,-343,585,2,-2896
2098,5776,6146,242,1167,-383,-2896
3836,-11018,14744,1562,725,-243,-2896
-6142,29918,-6534,-4650,-1782,-85,-2896
4966,-14928,4506,3630,1906,-1314,-2896
-2360,-32768,30558,-50,-243,1196,-2896
-10144,32767,-4574,-4206,-3254,-460,-2928
6298,-32768,16050,3780,172,155,-2896
-3386,14554,2398,-2908,-1979,83,-2864
-1622,13612,548,1590,141,-633,-2864
1532,-12764,15712,962,1168,-145,-2896
-3104,8732,-42,-2534,-1544,302,-2880
3542,-3292,2022,1080,1044,-389,-2912
-3510,-3372,9472,-446,69,-131,-2848
-5110,28956,-4942,-233,1764,-797,-2912
566,-30758,27912,2588,1414,63,-2880
-4676,26020,-2394,-4848,-1965,324,-2912
-4644,21338,-7446,2869,587,-1445,-2880
4748,-32768,19268,-346,-957,1721,-2880
3700,19564,-966,-767,-192,-860,-2912
5874,-18050,19450,3112,1433,-98,-2880
2076,1422,13146,-2568,-845,-118,-2880
-4484,11330,-1008,-1577,-975,193,-2912
7338,-22148,15710,1889,1647,-273,-2880
-3390,-2404,9498,-730,606,-173,-2880
5466,4946,11640,1586,2734,-844,-2880
-1278,-25752,26772,19,139,505,-2912
-3484,32078,-5800,-4388,-1479,-618,-2912
5128,-32768,24614,5268,2280,-772,-2864
-6856,9152,14354,-2627,-2008,1883,-2912
3472,15338,176,1115,417,-1069,-2912
5634,-21538,21118,2294,1011,66,-2912
454,24684,-2526,-2740,-999,-245,-2896
-518,5704,7930,35,449,22,-2896
7698,-21420,16646,576,1179,-130,-2896
1534,4340,7472,85,1278,-348,-2896
-886,-10340,12768,2279,1411,-331,-2896
-9738,23890,-3858,-4888,-2014,175,-2864
1858,9522,-4838,2530,1400,-1613,-2896
3554,-32768,30188,1411,562,892,-2896
-8940,32767,-11432,-5082,-3407,-35,-2896
8878,-30620,6068,3934,327,-197,-2896
-4358,-3132,9994,-2290,-1828,206,-2864
-376,22390,-2250,813,-99,-634,-2864
396,-16942,19380,1106,1398,-130,-2896
1586,698,5234,-2073,-880,256,-2896
2378,1962,3444,734,1055,-352,-2896
-2224,-7392,11526,-40,-135,-97,-2864
904,21184,3034,-1314,946,-647,-2912
4430,-32768,23394,3453,1740,-257,-2880
-5512,2942,10068,-4256,-1848,698,-2880
-7848,32767,-11316,1672,-56,-1593,-2880
-340,-24922,25452,754,-472,1554,-2880
2994,25880,-2908,-1706,-646,-682,-2912
3650,-4668,12200,3130,1338,-197,-2880
980,-13646,18578,-1982,-518,-169,-2880
-4894,14332,884,-1972,-1309,247,-2912
6144,-16676,9600,1911,1653,-344,-2912
-916,1198,8366,-608,894,-209,-2880
2092,17836,5678,2400,2834,-798,-2880
-6922,-3666,14182,-930,-347,627,-2864
-1394,32767,-8964,-3696,-1087,-875,-2896
4616,-16872,7590,5238,2353,-738,-2896
-1722,-18686,24616,-3303,-2309,1746,-2896
4210,-1640,2480,1645,475,-1115,-2896
2094,-23664,20550,1856,655,43,-2896
2630,24522,1110,-2746,-948,-222,-2896
-4094,14322,2060,392,908,-60,-2880
6190,-15380,15766,230,928,-31,-2880
1998,6234,6200,39,1150,-381,-2880
4168,-11440,14658,2966,2454,-579,-2880
-9004,4752,9228,-3831,-1697,611,-2880
-1044,31040,-8636,-219,484,-1620,-2880
-2352,-32768,31194,3524,1806,355,-2864
-10586,32767,-3992,-5319,-3397,1086,-2880
5898,-7492,1810,3390,524,-1029,-2880
882,-23630,20188,-142,-746,246,-2912
-1728,15190,-126,-811,-566,-543,-2864
1640,-12376,15122,1275,1450,-89,-2896
5732,-12100,13496,168,945,-97,-2896
1998,5980,5540,111,1200,-362,-2928
3156,-11284,14692,2044,1226,-322,-2896
-9118,7828,6502,-4730,-1909,93,-2896
5258,-17752,6414,2710,1570,-1493,-2864
-2818,-31104,29374,1399,553,922,-2896
-9718,32767,-5696,-5020,-3489,-7,-2896
5838,-10368,2506,3808,236,-189,-2896
-2712,16012,1324,-2250,-1872,165,-2896
-1552,11996,1462,1359,59,-598,-2912
1742,-13546,16194,1124,1378,-201,-2912
5222,-11352,13294,-2421,-1326,327,-2880
3860,-3068,1674,796,954,-393,-2880
-3644,-3802,9864,-160,8,-132,-2880
-4716,28910,-4730,-1337,960,-678,-2912
5742,-21172,8812,3631,1854,-237,-2880
-4528,27108,-2962,-4242,-1888,764,-2912
-9186,32767,-7834,-2296,-2252,-1002,-2912
4942,-32768,20004,3348,177,528,-2864
-1764,19102,616,-3054,-1937,-30,-2864
-1040,9066,3604,2545,662,-511,-2880
1994,-16004,17628,94,590,-191,-2880
-4406,12194,-1262,-2700,-1757,324,-2912
4280,-6570,2978,1430,1234,-394,-2880
-3598,-1832,9354,-747,265,-120,-2880
-2924,28218,-3112,852,2432,-910,-2880
-2030,-24106,26590,1232,769,414,-2880
-3146,32767,-6536,-5049,-1895,-175,-2912
-1368,11112,-4972,4291,1568,-1304,-2880
-7290,10562,14148,-2133,-1809,2044,-2896
3632,14988,72,153,159,-1075,-2880
5908,-22746,21428,2971,1406,-8,-2912
1956,10496,9590,-3045,-1033,-104,-2880
-362,4828,7672,-557,-143,83,-2896
7562,-20640,16218,1220,1514,-223,-2896
1452,4360,7654,-53,1300,-272,-2896
5996,-1896,14026,2611,2062,-483,-2896
-9552,23100,-3356,-4277,-1868,426,-2896
1632,11054,-4976,762,826,-1635,-2896
3742,-32768,29278,3321,1634,420,-2864
-8136,19204,8970,-5469,-3438,604,-2896
8320,-29006,5854,3701,369,-637,-2896
-4252,-4338,10240,-1100,-1354,229,-2896
-124,22504,-2418,-469,-424,-585,-2864
224,1446,9552,1126,1488,-143,-2896
1622,-376,5934,-1443,-250,148,-2896
2326,2954,3150,470,1071,-376,-2928
-1878,-8316,11880,399,-16,-132,-2880
-8826,24222,-4576,-2875,-279,-443,-2880
4764,-32768,22066,4261,2026,-638,-2912
-5508,-464,12022,-2915,-1564,1149,-2880
-8364,32767,-11470,-617,-1403,-1332,-2912
7868,-31318,7638,2207,-25,1128,-2912
2506,25510,-2552,-2668,-1420,-354,-2848
3052,-2726,10882,2935,994,-385,-2880
1074,-15002,18742,926,1188,-180,-2880
-316,2038,4010,-2446,-1427,355,-2880
2478,2830,1982,790,982,-402,-2896
-2740,-8016,11710,-167,-100,-104,-2896
1664,19960,4490,-1498,848,-703,-2896
4044,-32768,25948,4172,2041,-420,-2880
-6380,8942,7938,-4225,-1850,916,-2864
-8128,32767,-11230,1237,-314,-1620,-2896
-1502,-21868,25700,984,-544,1567,-2864
-4342,5388,6174,-3125,-1911,-144,-2896
3710,-6324,12596,2404,595,-569,-2896
172,-12762,18404,176,582,-158,-2832
-890,5246,1920,-2519,-1630,323,-2896
2674,88,2128,1302,1152,-393,-2864
-806,2146,7984,-649,144,-123,-2864
3290,15418,6662,544,2254,-909,-2896
3006,-32768,27672,1001,667,387,-2848
-5736,15894,3876,-4939,-1815,-242,-2880
5718,-21542,9410,4492,1725,-1301,-2848
-2896,-16182,24568,-1729,-1674,2101,-2880
3840,24906,-3064,326,213,-1205,-2912
5108,-10158,14882,2978,1429,51,-2880
2718,25020,532,-3018,-1038,-85,-2912
-3812,13442,2640,-850,-364,150,-2912
6640,-19330,12458,1492,1583,-244,-2880
2274,5678,6010,-199,1263,-310,-2896
3466,-9776,14380,2668,2328,-539,-2880
-8300,4340,8674,-3711,-1610,502,-2880
-1066,30208,-8594,-121,520,-1469,-2880
-2204,-32768,30076,3285,1613,391,-2864
-9226,32767,-4604,-5343,-3399,580,-2896
4948,-8410,3054,3554,298,-568,-2864
8,-20644,18382,-1071,-1339,157,-2896
-1620,11922,1486,-404,-467,-521,-2832
1900,-12484,15836,1279,1607,-197,-2864
5412,-12010,13820,-1624,-387,217,-2896
2264,6020,5352,392,1003,-422,-2896
2446,-11356,14066,2009,1105,-284,-2896
-9614,11176,4630,-4857,-1911,78,-2896
5798,-21998,8510,3209,1645,-1445,-2896
-4078,-26202,27098,494,20,1076,-2896
-9584,32767,-8026,-4522,-3306,-344,-2864
6568,-15708,2648,3788,225,22,-2896
-1768,19604,514,-2629,-1927,134,-2896
-954,9334,3442,1343,50,-603,-2896
1702,-16468,17632,1070,1300,-161,-2864
4164,-7028,10662,-2459,-1297,326,-2896
4274,-7200,3356,975,1050,-390,-2864
-3686,-1320,9142,-528,1,-82,-2912
-2406,27560,-2228,-171,1796,-816,-2880
5794,-29882,15588,2479,1340,123,-2912
-3000,32767,-7032,-4967,-2033,340,-2880
-830,9256,-4742,3015,691,-1540,-2880
2720,-32768,24036,-325,-952,1880,-2880
22,24602,-1662,-840,-244,-923,-2880
5702,-23468,21872,3217,1425,-70,-2912
2290,11626,8996,-2621,-813,-91,-2912
-4582,12164,-484,-1429,-971,178,-2880
7620,-20004,15926,1545,1682,-277,-2896
1424,3940,8080,-344,1098,-261,-2912
5740,-1622,13640,2593,2711,-672,-2912
-3384,-17300,21850,-2619,-1203,626,-2880
1610,11380,-4908,-965,107,-1352,-2896
3314,-32768,29084,4542,2160,-22,-2864
-7712,18548,8692,-2940,-2146,1775,-2896
3266,9670,1670,1409,423,-1108,-2896
4622,-24648,22240,2002,769,60,-2896
2720,16726,5770,-2809,-979,-246,-2896
322,1544,9982,-315,265,77,-2896
7434,-19902,16856,979,1347,-162,-2896
1866,4098,7462,-38,1285,-320,-2896
5606,-3802,13912,2403,1732,-401,-2896
-9008,24700,-4862,-4724,-1954,207,-2912
2172,5860,-3638,2221,1333,-1584,-2912
1884,-32768,31208,1759,744,829,-2912
-9172,25002,5504,-5189,-3472,74,-2880
8004,-31896,7782,3780,206,-225,-2880
-3986,12,7810,-1536,-1606,168,-2896
-940,19908,-1970,72,-325,-580,-2896
1176,-2392,11426,1371,1607,-188,-2864
-280,2898,3630,-1949,-702,239,-2896
2312,2446,2000,588,976,-399,-2896
-2828,-7514,11418,-48,-120,-103,-2880
-8248,28464,-6798,-1990,444,-634,-2880
3858,-32768,26588,4064,2019,-411,-2912
-6366,10188,7316,-3757,-1804,1088,-2912
-8224,32767,-11296,388,-858,-1585,-2912
8152,-32768,10512,1583,-385,1413,-2880
3410,26298,-3388,-2471,-1141,-568,-2880
3930,-6454,12652,3159,1190,-293,-2880
100,-12598,18480,-1366,-232,-93,-2912
-4270,12714,1872,-1853,-1358,269,-2864
6176,-17058,10278,1618,1459,-336,-2880
-1050,1792,8174,-621,618,-146,-2912
2882,15616,6260,1903,2821,-882,-2912
-7314,-1666,12416,-1133,-428,617,-2896
-1604,32767,-9264,-3538,-1052,-849,-2864
4870,-19404,8624,5299,2345,-704,-2864
-2168,-17602,24306,-3436,-2440,1786,-2896
4320,-3206,2658,1849,522,-1189,-2864
1442,-24408,20736,1884,616,134,-2864
2716,24546,752,-2751,-1047,-219,-2864
-3996,14938,2086,174,644,-30,-2896
6070,-15342,15538,583,1089,-50,-2864
2310,6710,5670,-110,1170,-378,-2864
3550,-10708,14252,2361,1497,-360,-2928
-8650,5062,8646,-4749,-1936,193,-2896
5056,-14746,4832,2389,1387,-1517,-2896
-2444,-32768,29952,743,211,1035,-2912
-9272,32767,-4884,-4650,-3326,-236,-2848
5056,-8734,2732,3338,389,-755,-2848
152,-20676,18266,-495,-958,144,-2880
1942,26166,-622,-902,-610,-465,-2880
2136,-13224,16054,1221,1539,-177,-2880
5118,-11170,13442,-959,182,95,-2896
2280,6134,5120,303,1137,-364,-2896
2356,-12774,14412,1162,414,-183,-2896
-4364,29716,-5138,-4143,-1382,-231,-2864
6228,-23958,9586,4215,2058,-1040,-2896
-4516,-25036,26840,1278,493,934,-2912
-10000,32767,-8108,-5047,-3430,-21,-2880
7116,-16096,2394,3905,307,-249,-2912
-1572,-17726,16694,-2232,-1865,230,-2880
-906,9840,3172,789,-97,-663,-2912
1274,-16186,17440,1092,1322,-115,-2880
4782,-7000,10370,-2098,-892,249,-2848
4056,-6836,3480,913,1107,-388,-2896
-3810,-1278,8784,-41,-113,-75,-2912
-3200,27898,-3178,-1902,501,-593,-2912
5490,-26734,13364,3460,1758,-211,-2864
-3636,31164,-5582,-4231,-1896,720,-2864
-2506,13914,-5394,1449,-185,-1568,-2864
3506,-32768,22820,855,-465,1505,-2928
-470,22754,-876,-1771,-731,-639,-2896
5848,-21424,20950,3181,1325,-242,-2896
2278,8326,10360,-1895,-495,-109,-2896
-4794,11922,-880,-1970,-1383,278,-2896
4644,-7950,3938,1814,1589,-370,-2928
1664,3180,7994,-530,912,-201,-2896
5470,1456,12914,2246,2836,-777,-2896
-2382,-21920,24626,-1389,-592,641,-2896
-3214,32767,-6968,-3263,-856,-978,-2896
4170,-32768,27222,5299,2377,-569,-2928
-7414,15098,11084,-4377,-2833,1447,-2912
3076,12120,1004,2474,470,-1024,-2912
5184,-23314,21638,1041,-43,117,-2880
198,23238,-2238,-2188,-827,-333,-2912
96,3728,8900,581,1076,-72,-2880
7406,-21352,17500,-56,763,-21,-2880
1922,4384,7260,100,1140,-380,-2912
-1614,-9792,12636,1811,871,-238,-2912
-9400,25112,-4988,-4891,-2014,95,-2864
2082,6678,-4198,2867,1550,-1532,-2864
2498,-32768,31200,110,-158,1185,-2912
-8740,32767,-11886,-4313,-3228,-425,-2912
8600,-32576,7094,3809,203,140,-2880
-4386,-696,8594,-2924,-1978,122,-2848
-810,21142,-2326,1580,169,-641,-2880
406,-15970,19104,888,1152,-117,-2912
556,2566,3922,-2422,-1308,308,-2912
2212,1350,2722,1037,1050,-367,-2880
-2446,-7506,11366,-417,-122,-124,-2880
1710,19676,3876,-892,1295,-744,-2880
4254,-32768,25368,3237,1699,-98,-2880
-6248,7024,8826,-4519,-1957,658,-2880
-8312,32767,-11418,-905,-1566,-1293,-2896
8086,-32768,9556,2312,-113,1122,-2864
3142,26040,-3352,-2859,-1552,-356,-2896
3574,-5450,12138,2948,948,-399,-2864
424,-13552,18730,-644,174,-128,-2896
-790,3988,2498,-2357,-1715,335,-2864
6270,-16660,9712,1531,1275,-362,-2896
-820,1034,8362,-648,493,-142,-2864
2278,16798,5952,1304,2557,-892,-2864
3382,-32768,26504,2798,1562,-15,-2880
-5548,12442,5188,-4793,-1996,432,-2880
-7132,31092,-10228,2731,462,-1521,-2880
-2146,-17908,24094,-160,-906,1736,-2880
3596,24462,-2814,-965,-307,-844,-2880
4592,-9290,14656,3157,1446,-121,-2880
1516,-10028,17532,-2430,-766,-94,-2880
-4018,15138,1976,-1718,-1002,178,-2880
6678,-20862,12806,2020,1650,-297,-2880
324,1982,7742,-577,1070,-271,-2880
3728,-11392,14386,2988,2652,-637,-2896
-9008,6110,8202,-2839,-1282,704,-2880
-964,29796,-8496,-1702,-154,-1336,-2912
6212,-28040,14128,4901,2369,-213,-2880
-3834,-9122,21764,-4644,-2922,1334,-2880
5586,-9440,2436,2401,538,-1112,-2896
68,-20928,18492,757,-191,166,-2848
1714,26662,-810,-1965,-817,-327,-2912
-2508,11684,4134,766,1147,-80,-2880
5510,-10452,12850,-508,509,2,-2912
2040,5336,5480,308,1194,-335,-2880
2240,-11728,14336,1430,620,-223,-2880
-9772,13368,3098,-4492,-1650,-139,-2880
5966,-23508,9984,3820,1927,-1203,-2880
-4142,-25024,26614,-498,-447,1242,-2880
-9854,32767,-8052,-3857,-3042,-598,-2880
4600,-32768,20656,3429,179,537,-2896
-1840,20552,158,-3039,-1999,48,-2880
-920,9442,3332,1796,292,-602,-2848
1252,-15894,17504,406,837,-158,-2896
-3800,10036,-594,-2398,-1487,293,-2896
4004,-5924,3098,1086,1135,-389,-2864
-3580,-1984,9196,-403,123,-81,-2896
-3340,27364,-3010,-126,1779,-751,-2864
-726,-25990,26030,2399,1310,23,-2896
-3674,30354,-5256,-4862,-1928,250,-2864
-2596,13912,-5018,3155,812,-1426,-2896
3466,-32768,22630,-473,-995,1731,-2896
3332,15738,84,-607,-166,-814,-2896
5666,-21036,21010,3000,1319,-129,-2896
2498,8456,10174,-2603,-840,-102,-2896
-5016,12812,-1150,-1478,-861,183,-2896
7598,-21750,16766,1718,1680,-244,-2912
1766,3664,7662,-337,1215,-261,-2880
5778,562,13044,2770,2501,-559,-2848
-2856,-20910,24576,-3521,-1573,633,-2880
-3098,32767,-7152,-3826,-1181,-859,-2912
-412,6436,-2822,5220,2308,-804,-2880
-7802,15092,11304,-3242,-2335,1845,-2880
3234,12580,878,1540,452,-1116,-2880
5404,-23644,21746,2000,756,60,-2912
2162,13464,7652,-2813,-999,-217,-2912
422,3142,9014,-336,198,63,-2896
7480,-21006,17286,694,1253,-161,-2880
1744,4950,7218,24,1203,-334,-2880
6254,-5038,14380,2894,2675,-669,-2880
-4968,-13402,20744,-3131,-1407,676,-2880
-2194,32767,-8572,-1180,54,-1440,-2848
2844,-32768,31070,4823,2439,-158,-2912
-9568,23030,7378,-4884,-3173,1417,-2880
4042,8168,1208,2992,502,-1147,-2880
-4420,-1926,9234,-74,-728,269,-2864
-932,22132,-2684,-1924,-806,-406,-2912
756,-834,10114,1008,1352,-97,-2928
7428,-18762,16532,-948,191,54,-2864
2214,2174,2774,400,1140,-354,-2864
-1822,-7870,11594,1048,408,-206,-2896
-8860,25748,-5174,-4178,-1380,-189,-2896
