AcX,AcY,AcZ,GyX,GyY,GyZ,Tmp
-9808,15854,1372,-4255,-1848,415,-2832
184,20872,-6998,-834,181,-1507,-2864
5318,-32768,23222,4450,2138,-5,-2832
-6470,7116,15032,-5039,-3129,1135,-2832
3632,15866,-98,1080,411,-1193,-2816
5882,-21378,20972,2309,959,69,-2816
2126,8450,10234,-2927,-983,-166,-2848
-1404,6840,7084,-599,-60,81,-2848
7508,-20288,15792,1172,1452,-195,-2848
1618,2740,8214,-6,1334,-312,-2848
5592,1908,12702,2415,1974,-420,-2848
-9578,18818,-1048,-4192,-1816,428,-2880
934,16218,-6152,794,841,-1615,-2816
4156,-32768,26926,3157,1476,467,-2848
-8898,32767,-10654,-5319,-3457,233,-2832
7350,-25700,4706,3603,305,-535,-2816
-3464,-7672,11008,-1744,-1696,174,-2832
384,23230,-2244,319,-239,-612,-2864
1310,-17340,18762,1319,1610,-181,-2832
1622,-1872,7024,-1964,-796,288,-2832
2190,4522,3062,590,968,-400,-2832
-1490,-9986,12484,170,-126,-122,-2832
-212,24216,1318,-2473,76,-594,-2832
5138,-32768,21458,4256,2026,-491,-2800
-6520,-1252,13704,-3512,-1780,1201,-2864
-8746,32767,-11542,110,-991,-1591,-2864
488,-28704,26044,1767,-311,1362,-2864
2164,26646,-2820,-2562,-1234,-471,-2832
2564,-1484,9666,3071,1151,-359,-2832
286,-15978,18962,-1231,-128,-105,-2864
-4620,13464,540,-1946,-1364,274,-2848
5656,-15006,8384,1727,1567,-337,-2848
-1908,1422,8282,-596,742,-179,-2848
1708,19620,4160,2260,2929,-890,-2816
-6266,-7516,16772,-1132,-397,721,-2848
-1930,32767,-9076,-3672,-1111,-923,-2848
3948,-10896,3544,5335,2426,-808,-2848
-726,-23630,25672,-3395,-2354,1920,-2880
4152,2570,1950,1797,525,-1250,-2848
3298,-25422,22026,1929,663,117,-2816
2768,22410,3064,-2775,-921,-196,-2848
-4798,13372,1392,-323,148,67,-2864
7122,-16896,16182,988,1386,-193,-2832
2398,4640,7086,12,1288,-325,-2832
4798,-7568,14302,2386,1845,-447,-2832
-6860,-3490,13732,-4284,-1858,364,-2832
3592,-5034,584,1158,983,-1581,-2832
-340,-32768,31886,2848,1385,532,-2832
-9130,32654,-392,-5425,-3438,431,-2832
3870,-2164,2856,3656,279,-503,-2864
-3774,8710,4410,-1388,-1524,183,-2864
-1686,15670,-140,-118,-370,-571,-2832
2078,-8612,13868,1404,1634,-210,-2848
6404,-15934,16138,-2195,-958,327,-2848
3232,144,1004,588,943,-450,-2880
-3676,-5926,10816,93,-65,-93,-2816
-6520,30160,-6654,-2232,253,-622,-2848
5362,-15232,3762,4176,2064,-391,-2880
-5526,22300,758,-3685,-1789,1142,-2848
-5768,26006,-9106,-1565,-1919,-1262,-2880
6140,-32768,16498,3069,98,711,-2832
-3358,15312,2316,-3025,-1869,-118,-2832
-1296,12254,1148,2508,647,-561,-2864
1024,-3542,15290,113,557,-113,-2832
-2836,9372,-404,-2381,-1681,300,-2848
3592,-4188,2586,1435,1278,-410,-2816
-3962,-2360,9286,-727,335,-120,-2848
5234,6978,10904,1307,2628,-919,-2848
-218,-28844,28042,620,502,511,-2848
-4198,29558,-3834,-4799,-1773,-393,-2816
-3426,18184,-7364,4814,1876,-1219,-2848
-5912,2472,17630,-2037,-1723,2119,-2848
3862,18442,-812,703,356,-1168,-2848
6202,-19508,20040,2642,1230,55,-2848
1488,26346,-2148,-2945,-977,-200,-2864
-1644,8078,6158,-676,-196,132,-2848
7422,-20414,15204,1260,1553,-222,-2848
1070,3054,8092,-135,1278,-275,-2832
5628,3120,12242,2647,2384,-553,-2832
-9442,17148,188,-3517,-1567,546,-2800
470,18872,-6504,-1359,-14,-1359,-2880
4594,-32768,24802,4702,2184,-100,-2848
-6594,10120,13042,-4826,-2987,1239,-2848
6882,-22498,4298,3288,394,-800,-2864
-3014,-10038,12124,-458,-973,199,-2832
704,24204,-2202,-993,-513,-477,-2832
-756,5836,7780,979,1424,-145,-2832
2654,-4314,8544,-993,49,107,-2832
2136,4518,3932,347,1113,-369,-2832
-618,-10098,12798,1051,324,-176,-2800
-9640,21828,-2858,-4098,-1341,-230,-2864
5518,-32612,18370,4170,1980,-1091,-2864
-5912,-8304,16956,-1604,-1000,1360,-2832
-9088,32767,-10996,-2637,-2537,-1015,-2864
7830,-28074,5250,3149,134,677,-2832
1144,25136,-1938,-3013,-1924,-77,-2864
1610,878,7998,2372,571,-597,-2832
878,-17014,18910,-189,414,-165,-2816
1486,-318,6040,-2482,-1718,304,-2848
5290,-12890,6384,1441,1267,-379,-2848
-2526,648,8512,-703,292,-149,-2816
678,22786,1936,1003,2519,-943,-2848
4888,-32768,22944,1074,708,439,-2848
-1842,32767,-8668,-4949,-1815,-233,-2848
3334,-6150,938,4650,1830,-1336,-2848
-136,-27346,26396,-1816,-1692,2247,-2848
4100,5392,1594,947,411,-1326,-2800
4382,-26736,22650,2902,1341,36,-2848
2622,20340,4430,-3029,-958,-124,-2816
-4816,13494,816,-777,-350,123,-2848
7314,-17910,16318,1194,1536,-195,-2864
2076,4916,7268,-72,1271,-300,-2864
5314,-6616,14514,2491,2018,-478,-2864
-6226,-7034,16004,-4108,-1775,437,-2864
3062,-1160,-1270,655,814,-1646,-2832
840,-32768,31882,3402,1634,430,-2832
-8990,29372,2136,-5372,-3432,593,-2864
4052,1360,2430,3596,329,-653,-2832
2808,-24788,21566,-462,-945,226,-2880
-1344,17752,-1460,-1014,-560,-513,-2848
1776,-5828,12652,1184,1597,-175,-2816
6786,-17544,16808,-1192,-116,158,-2848
2852,1520,1178,379,978,-408,-2864
-3474,-6472,11146,956,290,-188,-2816
-7314,29186,-6624,-3905,-1134,-263,-2848
4334,-9004,1296,4273,2086,-986,-2848
-5790,16100,3914,-2487,-1433,1318,-2864
-6814,29980,-9886,-1494,-1889,-1233,-2864
7052,-32768,13184,2577,-37,925,-2832
-3532,10878,3792,-2859,-1636,-227,-2832
4984,-11028,15600,2766,891,-470,-2864
1270,-8034,17058,-300,353,-154,-2832
-2804,8398,230,-2653,-1798,335,-2864
3106,-1534,1660,1603,1233,-370,-2864
148,2300,7714,-740,358,-150,-2832
4510,10316,9430,1460,2686,-982,-2864
922,-31864,28890,489,445,540,-2864
-4966,25524,-1232,-4837,-1766,-421,-2832
6418,-31356,15874,4649,1835,-1195,-2832
-4520,-5658,20838,-1999,-1730,1997,-2832
4082,21734,-1970,1211,489,-1205,-2880
5930,-16570,18396,2366,1064,83,-2848
1768,26784,-1242,-2995,-1053,-126,-2880
-2358,10002,5174,-271,123,42,-2848
7186,-20570,14218,879,1372,-201,-2848
512,3590,7734,56,1345,-315,-2816
1754,-10780,14086,2392,1759,-391,-2848
-9604,14580,2144,-4464,-1947,338,-2816
-130,22724,-7410,1344,1020,-1616,-2848
-4238,-23178,25254,1870,849,751,-2864
-9384,32767,-8490,-5369,-3440,385,-2848
6610,-17896,3198,3756,369,-509,-2848
-2396,-15002,14956,-1491,-1577,210,-2848
-518,6992,4450,532,-209,-630,-2832
-1642,8690,6076,741,1234,-112,-2832
3980,-7226,10424,-489,407,79,-2832
2174,4620,4724,209,1218,-386,-2848
532,-10380,13230,1752,909,-237,-2848
-9650,16862,424,-4497,-1712,-109,-2832
5518,-27640,13732,3705,1849,-1225,-2832
-4708,-17806,21662,-581,-458,1175,-2864
-8928,32767,-10198,-3624,-2909,-654,-2864
6888,-22284,3956,3533,193,345,-2832
-156,23428,-786,-2971,-1966,11,-2832
500,4300,5994,1977,383,-589,-2832
1436,-17470,18734,697,1005,-183,-2864
2674,-4178,8418,-2552,-1502,320,-2864
4732,-10190,4390,1122,1068,-403,-2864
-3044,-450,8706,-598,-53,-76,-2864
-1516,26254,-944,-409,1627,-837,-2864
5620,-32768,18094,2729,1406,126,-2832
-2688,32767,-7412,-4819,-1958,490,-2832
762,4812,-3396,3671,1129,-1529,-2848
1852,-32762,25174,-879,-1202,2060,-2848
668,25918,-2060,-2572,-1339,-492,-2816
1328,2186,6964,3066,1072,-360,-2880
324,-17402,19184,-1079,-126,-109,-2848
-4642,12748,-306,-2131,-1535,298,-2816
4998,-12188,6368,1625,1432,-389,-2816
-2446,720,8346,-678,558,-144,-2848
6140,-3418,14072,2114,2924,-886,-2832
-4324,-14776,21026,-157,102,608,-2848
-2330,32767,-8400,-3739,-1144,-872,-2864
2098,-2588,-82,5436,2434,-847,-2864
-9294,24116,7040,-3381,-2368,2040,-2864
3868,6874,1616,1823,567,-1328,-2832
4354,-26022,22830,1931,704,138,-2864
2814,18642,5038,-2765,-937,-234,-2864
684,-1234,10522,-20,472,13,-2832
7574,-18822,16802,659,1212,-144,-2832
2212,4278,7578,29,1233,-340,-2864
5460,-5284,14058,2181,1545,-349,-2864
-8490,26170,-5358,-4577,-1918,260,-2864
2828,1456,-1954,1186,1038,-1634,-2848
1044,-32768,31728,2848,1350,529,-2880
-8748,28024,3158,-5376,-3448,386,-2880
7396,-32768,9260,3749,199,-285,-2864
-4114,4046,5902,-1426,-1518,202,-2848
-1376,17778,-1206,-44,-375,-600,-2880
1772,-5120,12582,1424,1675,-178,-2816
-1688,5150,2062,-2205,-991,336,-2832
2810,1796,1272,618,951,-432,-2832
-3342,-6886,11248,24,-88,-109,-2832
-7436,29740,-6984,-2138,360,-621,-2864
2820,-32768,28226,4126,2064,-364,-2832
-5856,17176,3826,-3803,-1793,1120,-2864
-6754,30090,-9958,503,-786,-1591,-2832
7228,-32768,13524,1494,-332,1395,-2864
3700,24140,-2844,-2290,-1111,-562,-2800
4944,-11170,15558,3183,1270,-326,-2864
674,-7816,16958,-1425,-303,-86,-2864
-2150,7860,394,-2141,-1514,280,-2864
6800,-19344,12350,1655,1447,-354,-2864
-132,2494,8076,-644,728,-160,-2864
4574,10576,9424,2165,2938,-849,-2832
1144,-31992,28514,-963,-316,726,-2864
-620,28064,-8202,-3746,-1147,-903,-2832
6164,-31698,16210,5374,2450,-582,-2848
-4612,-4748,20574,-3902,-2603,1728,-2848
3908,21118,-1606,2217,578,-1185,-2816
6016,-16750,18512,2865,1346,-6,-2848
1288,-24,14008,-2975,-965,-128,-2816
-2668,9812,5180,-898,-510,166,-2816
7216,-19818,13942,1410,1595,-249,-2816
712,2596,8174,-123,1243,-260,-2848
1476,-9684,13584,2479,2012,-490,-2832
-9098,13238,2528,-3047,-1362,616,-2832
20,22766,-7272,-2009,-292,-1257,-2816
5194,-32768,21804,4576,2163,-41,-2864
-5934,5514,15444,-2961,-2073,1820,-2832
3346,16236,-24,-158,27,-923,-2848
5740,-20192,20408,2978,1284,-122,-2832
2232,7234,10476,-2518,-774,-121,-2864
-5102,11882,-1046,-1249,-690,174,-2880
7676,-21324,16192,1724,1646,-264,-2816
1562,2762,8078,-247,1231,-271,-2816
5894,1364,12948,2776,2553,-630,-2848
-2212,-21858,25104,-3370,-1526,663,-2880
938,15108,-6046,-736,270,-1539,-2816
4234,-32768,27460,4375,2118,63,-2848
-8302,16568,11030,-5173,-3234,1074,-2848
3328,11696,862,3178,387,-897,-2848
-3504,-7008,10698,-227,-833,170,-2848
166,23118,-2356,-1186,-537,-460,-2848
36,2390,9246,1014,1350,-108,-2816
1724,-1156,6398,-1415,-171,138,-2864
2124,3316,3450,411,1085,-361,-2848
-1538,-9010,12178,961,234,-171,-2848
-9400,25708,-5198,-3563,-874,-397,-2832
4906,-32768,22552,4420,2055,-881,-2864
-6534,92,12934,-2367,-1370,1441,-2832
-9054,32767,-11386,-1708,-2060,-1204,-2832
8298,-32630,7108,2735,-2,932,-2864
2174,26688,-2910,-3037,-1779,-250,-2864
2742,-2188,9698,2687,782,-512,-2864
148,-15536,18960,-280,407,-122,-2832
636,1774,4046,-2286,-1641,311,-2864
5610,-14664,7922,1315,1211,-378,-2832
-1666,1622,8166,-623,273,-133,-2832
1636,19292,4410,894,2411,-888,-2864
4076,-32768,25066,1164,802,348,-2832
-1876,32767,-8740,-4895,-1816,-143,-2864
3822,-12480,4918,4407,1632,-1295,-2832
-1020,-22332,25282,-2295,-1845,1998,-2848
3236,25510,-2844,947,367,-1157,-2816
2608,-24954,21426,2493,1113,52,-2848
2740,22872,2340,-2926,-1011,-143,-2848
-4754,14796,1226,-632,-19,72,-2848
6298,-18024,10708,1539,1628,-202,-2864
2268,5516,6620,-307,1200,-299,-2832
4656,-9080,14316,2778,2395,-570,-2864
-7682,-350,12232,-3767,-1647,557,-2864
-1262,32767,-9068,-68,508,-1624,-2864
-1004,-32768,31674,3934,1929,190,-2864
-9454,32767,-1738,-5363,-3460,601,-2816
4478,-4184,2524,3582,325,-624,-2848
1410,-22834,19814,-1100,-1306,201,-2848
-1682,14664,-44,-404,-467,-539,-2816
2202,-10392,14708,1438,1639,-229,-2848
5954,-14412,15374,-1777,-463,209,-2848
2284,6570,5898,462,1026,-405,-2848
-3840,-4518,10358,478,-1,-139,-2848
-5794,30638,-6190,-3081,-422,-485,-2848
5952,-18924,5672,4428,2143,-647,-2848
-3478,-30870,29628,178,-149,1161,-2848
-10030,32767,-6104,-3770,-3000,-677,-2832
5882,-32768,18044,3671,212,287,-2864
-3194,17830,1736,-3044,-2004,93,-2832
-1198,11928,1570,1905,341,-657,-2832
1392,-14772,16504,721,973,-120,-2832
-3200,10060,-526,-2513,-1434,278,-2832
3574,-5118,2758,1072,1051,-387,-2864
-3810,-2142,8904,-489,-11,-97,-2832
-3996,28602,-4310,-315,1677,-821,-2832
-444,-27884,27440,2653,1439,46,-2864
-4140,29302,-4162,-4759,-1933,425,-2832
-3692,17632,-6558,2658,449,-1539,-2864
4178,-32768,21078,-125,-823,1726,-2864
3532,17808,-468,-933,-320,-818,-2864
5994,-19794,20074,3084,1375,-122,-2864
1964,5332,11568,-2771,-870,-152,-2848
-4436,10452,-532,-1367,-870,193,-2848
7502,-20712,15288,1701,1697,-262,-2848
1294,2448,8218,-255,1228,-273,-2848
5462,3886,12094,2587,2591,-623,-2848
-1320,-24654,25890,-2278,-1027,716,-2864
648,19106,-6844,-2180,-347,-1262,-2864
4628,-32768,25284,5137,2423,-283,-2832
-7188,11780,13022,-4552,-2875,1463,-2832
3340,13694,516,2699,439,-1040,-2864
-3182,-9800,12118,724,-251,138,-2864
572,24150,-2412,-1982,-807,-365,-2864
-396,5192,8176,673,1170,-99,-2800
7492,-21628,17326,-292,586,9,-2864
2146,4994,3506,160,1173,-372,-2864
-1050,-10384,12824,1648,754,-244,-2864
-9844,23820,-4130,-4757,-1828,-85,-2864
1722,8976,-4932,3736,1770,-1332,-2864
-6518,-4208,15064,-1264,-873,1345,-2816
-8880,32767,-11650,-3082,-2742,-911,-2848
8456,-31168,6216,3322,163,554,-2816
-4238,-2624,9316,-3162,-1986,-24,-2816
2286,-530,8964,2203,507,-617,-2848
538,-16724,18954,358,777,-146,-2848
930,1514,4496,-2446,-1539,303,-2848
1888,2020,3106,1241,1133,-383,-2848
-2268,1242,8360,-600,32,-88,-2848
1314,20934,3140,122,2013,-888,-2848
4552,-32768,24320,2186,1230,216,-2848
-1814,32767,-8936,-4979,-1915,-67,-2832
3378,-8832,2898,3424,948,-1488,-2816
-424,-24742,25640,-744,-1142,1961,-2880
2790,26444,-2962,22,117,-1079,-2864
3668,-25286,22180,2890,1366,-8,-2800
2790,21690,3452,-2855,-900,-110,-2832
-4968,13338,1112,-1089,-556,164,-2864
5988,-15752,8920,1661,1660,-269,-2832
2314,4208,7218,-242,1217,-294,-2832
4872,-6750,14332,2608,2481,-617,-2832
-6390,-5688,15204,-3261,-1432,589,-2832
-1690,32767,-8854,-833,173,-1457,-2864
22,-32768,31956,4425,2127,13,-2864
-9396,31836,668,-5060,-3151,1080,-2832
3800,-716,2548,3116,415,-904,-2832
2224,-24202,20688,564,-352,161,-2848
-1514,16352,-810,-1294,-677,-432,-2864
1866,-7578,13310,892,1381,-131,-2848
6490,-16574,16474,-559,379,68,-2816
2444,6062,6232,196,1010,-403,-2832
-3510,-5856,10748,1162,387,-191,-2832
-6756,29854,-6636,-4088,-1333,-270,-2832
5098,-13738,3106,4293,2085,-1072,-2864
-2092,-32768,30936,-1580,-999,1381,-2832
-6216,27330,-9346,-2722,-2587,-959,-2864
6214,-32768,15470,3147,84,581,-2864
-3334,13828,2592,-3025,-1924,-111,-2832
-1490,13034,766,2377,611,-560,-2832
900,-4888,15752,265,648,-117,-2832
-2688,8832,-196,-2551,-1635,309,-2864
3352,-3422,2254,1234,1136,-372,-2864
-3892,-2660,9274,-598,154,-116,-2832
5112,8096,10510,553,2248,-916,-2832
226,-29736,28160,1626,1039,323,-2864
-4328,28148,-2922,-4924,-1829,-286,-2848
-3970,19880,-7542,4627,1781,-1257,-2848
-5716,300,18652,-1848,-1659,2026,-2848
3782,19194,-1048,536,272,-1113,-2880
6090,-18570,19458,2735,1259,38,-2848
1500,3210,12658,-3001,-1018,-117,-2848
-2068,8778,5864,-769,-346,143,-2848
7452,-20052,14870,1294,1560,-239,-2848
1052,2604,8262,-56,1299,-278,-2848
5358,4048,12042,2500,2117,-503,-2816
-9288,15984,928,-3860,-1706,460,-2816
288,19730,-6516,246,603,-1587,-2848
4618,-32768,24258,3500,1623,319,-2848
-8558,32767,-9804,-5330,-3360,381,-2832
6602,-21886,4260,3462,319,-591,-2848
-3172,-10082,12006,-1498,-1595,175,-2832
572,23934,-2114,97,-293,-598,-2832
1410,-17044,18586,1256,1621,-193,-2832
2388,-3658,8344,-1472,-313,177,-2848
2272,4712,3702,396,1022,-394,-2816
-940,-10152,12664,688,96,-124,-2816
-1184,25000,126,-2828,-235,-519,-2832
5522,-32768,19424,4382,2050,-830,-2816
-6094,-5320,15660,-2555,-1426,1366,-2880
-8772,32767,-11084,-1271,-1747,-1296,-2848
1176,-30270,25462,2031,-100,1209,-2864
1654,25682,-2386,-2618,-1356,-406,-2832
1936,-456,9034,2961,998,-362,-2864
734,-16614,18904,-937,-35,-153,-2832
-4968,13634,-38,-2268,-1596,330,-2832
5424,-14226,7490,1701,1411,-359,-2832
-2100,1662,8122,-750,505,-130,-2832
1470,20634,3758,1880,2841,-923,-2864
-5972,-8342,17740,-282,80,627,-2864
-1666,32767,-8922,-4345,-1447,-698,-2864
3760,-9882,2958,5158,2214,-1046,-2832
-652,-24770,25850,-2661,-2047,2082,-2832
3864,3176,1858,1168,412,-1271,-2832
3600,-25814,22124,2371,1006,94,-2864
2454,21990,3402,-2807,-947,-232,-2848
-4612,13306,1206,-27,367,41,-2848
7108,-16950,15958,687,1279,-142,-2848
2184,4730,7216,85,1259,-318,-2816
5008,-7962,14682,2199,1551,-412,-2848
-6724,-3952,14110,-4543,-1924,272,-2848
3566,-4358,-506,1843,1211,-1628,-2848
-6,-32768,31922,2295,1087,679,-2880
-9468,30930,772,-5316,-3511,254,-2880
7066,-32768,11124,3811,209,-197,-2864
-4046,7076,4682,-1789,-1705,209,-2848
-1288,16812,-1038,-1365,-625,-475,-2864
1440,-6484,13076,916,1366,-118,-2864
6752,-16188,15956,-843,184,102,-2832
2210,5248,6618,251,1058,-398,-2864
-3136,-6350,10968,1343,547,-210,-2832
-7522,28860,-6458,-4399,-1540,-162,-2832
4178,-8092,896,3551,1846,-1366,-2848
-1154,-32768,31770,-131,-296,1157,-2816
-6766,30206,-10242,-3383,-2875,-812,-2832
4296,-3882,2362,3670,212,-473,-2832
-3628,10028,4000,-1561,-1570,203,-2864
-1546,14796,-124,79,-330,-570,-2864
1806,-10070,14448,1462,1610,-163,-2832
6088,-14296,15264,-1985,-738,239,-2864
3124,-1240,1582,550,941,-415,-2832
-3766,-4368,10076,193,-95,-108,-2864
-5726,30066,-6280,-2500,76,-582,-2832
5356,-18666,5920,4291,2098,-484,-2832
-3188,-30742,29232,-1451,-954,1379,-2848
-9860,32767,-6342,-2924,-2628,-953,-2880
5610,-32768,18194,3241,116,571,-2848
-2810,17760,1402,-3121,-1963,-56,-2848
-1154,11136,1858,2292,529,-589,-2848
1232,-14684,16658,330,711,-145,-2848
-3318,9788,-424,-2464,-1553,296,-2816
3794,-5300,2822,1156,1097,-403,-2848
-3768,-1474,8854,-554,157,-83,-2848
5492,5126,11432,968,2472,-912,-2832
-864,-26512,26810,1767,1063,255,-2816
-3820,30874,-4988,-5028,-1973,65,-2816
-2608,14702,-5940,3941,1211,-1373,-2848
-6352,6692,15450,-1753,-1611,1981,-2864
3462,16106,-24,468,266,-1061,-2832
5924,-20908,20638,2659,1253,25,-2832
2382,7688,10310,-2938,-1018,-110,-2864
-1086,7172,6742,-904,-322,116,-2832
7562,-21168,16364,1458,1531,-214,-2864
1680,2860,7874,-110,1333,-307,-2864
5726,1052,13114,2676,2230,-504,-2832
-9584,20276,-1674,-3943,-1725,493,-2832
1068,14352,-5422,205,658,-1643,-2832
3894,-32768,27698,3582,1728,305,-2864
-7384,16054,10360,-5298,-3348,703,-2832
7186,-26158,5274,3490,324,-642,-2832
-3602,-6176,10242,-940,-1238,145,-2832
152,22310,-2266,-506,-429,-529,-2864
134,2956,9224,1149,1524,-153,-2832
1396,-1412,6592,-1421,-204,179,-2832
2302,3890,3214,441,1039,-409,-2832
-1746,-9536,12398,697,26,-117,-2832
-9344,25972,-5416,-3512,-798,-400,-2832
4904,-32768,22718,4397,2037,-821,-2832
-6366,1280,12256,-2470,-1489,1395,-2864
-8890,32767,-11232,-1537,-1893,-1291,-2832
8476,-32768,7674,2673,14,989,-2832
2346,26650,-2834,-3019,-1733,-223,-2832
2900,-2698,10322,2714,764,-499,-2864
444,-15642,18924,-325,340,-113,-2832
228,3038,3540,-2280,-1570,322,-2848
5638,-15760,8904,1616,1393,-357,-2848
-1686,1926,8048,-742,442,-147,-2848
2022,18852,4700,1613,2744,-930,-2848
4094,-32768,25900,140,257,547,-2848
-1614,32767,-9094,-4597,-1619,-509,-2848
4194,-13382,4900,3071,752,-1528,-2832
-1418,-22026,25338,275,-716,1751,-2816
3104,25940,-3044,-1360,-475,-822,-2848
4214,-6740,12610,3198,1377,-146,-2816
2742,23186,2244,-2561,-789,-111,-2832
-4742,14134,1466,-1533,-1026,179,-2864
6270,-17246,10294,1859,1676,-281,-2832
-712,1264,8426,-419,1084,-283,-2864
4612,-8302,14486,2656,2783,-725,-2832
-7104,-2130,12932,-2427,-1077,732,-2864
-1372,32767,-9090,-2117,-320,-1292,-2864
4666,-17970,7932,5124,2446,-315,-2832
-9490,32592,-600,-4385,-2852,1408,-2832
4442,-2520,2530,2600,490,-1073,-2864
1836,-23690,20696,883,-108,174,-2832
2550,24504,1406,-2096,-820,-323,-2864
1902,-8632,13986,682,1204,-105,-2832
6114,-15384,15866,-275,576,29,-2832
2300,6506,6030,107,1142,-373,-2832
4142,-11364,14688,1808,885,-282,-2832
-6590,30110,-6768,-4793,-1845,9,-2832
5296,-13676,2886,3507,1822,-1432,-2864
-2164,-32768,31154,136,-103,1173,-2832
-9992,32767,-3678,-4410,-3264,-452,-2864
6794,-32768,15028,3762,205,91,-2800
-3628,13450,3198,-2741,-1966,134,-2832
-1784,14224,236,1459,98,-614,-2864
1976,-12140,15094,1065,1241,-178,-2832
-2736,9344,-360,-2542,-1404,298,-2864
3218,-2714,1904,1146,1053,-385,-2848
-3826,-3796,9658,-577,-7,-114,-2816
-5270,29860,-5788,-229,1763,-899,-2848
700,-31386,28770,2620,1475,159,-2848
-4938,26242,-1654,-4840,-2029,441,-2848
-5004,22770,-8186,2785,508,-1585,-2848
5294,-32768,18632,-245,-969,1809,-2848
4052,21028,-1618,-915,-236,-889,-2848
5882,-17348,18888,3217,1429,-112,-2848
1382,-132,14036,-2506,-740,-103,-2816
-2678,10528,4738,-1272,-861,213,-2832
7256,-20114,14060,1705,1642,-301,-2848
840,2708,8110,-381,1113,-234,-2848
4968,6470,11050,2505,2781,-735,-2848
-9258,12594,3142,-2947,-1326,619,-2832
-278,23306,-7174,-1256,28,-1355,-2832
5260,-32768,21308,4667,2172,-122,-2864
-5770,3918,16214,-2766,-2048,1849,-2800
3588,16752,-218,1399,456,-1081,-2832
5686,-19828,20360,1997,771,29,-2832
1178,25242,-2184,-2779,-1022,-216,-2832
-1432,8204,6522,-322,274,40,-2832
7506,-21678,16134,975,1337,-168,-2864
1506,3190,7714,15,1282,-331,-2832
68,-11102,13254,2507,1763,-399,-2864
-9996,20024,-1576,-4858,-2028,213,-2880
1002,15472,-6142,-802,245,-1594,-2848
4442,-32768,27144,4926,2357,-176,-2832
-7842,14990,11548,-4703,-2967,1360,-2832
3294,12412,736,2849,449,-1019,-2832
-3400,-7852,11316,510,-368,197,-2800
160,23314,-2276,-1767,-727,-384,-2864
10,3228,8782,738,1151,-118,-2832
7432,-20178,16630,-533,489,23,-2832
2034,3378,3524,324,1213,-357,-2832
6134,-4332,14348,2505,1843,-436,-2864
-9422,25440,-4990,-4537,-1942,358,-2832
2248,6214,-4344,1328,984,-1712,-2864
2756,-32768,31146,1977,877,783,-2848
-9016,23332,7090,-5297,-3530,216,-2848
8466,-31812,6556,3875,308,-396,-2848
-4242,-1944,9032,-1860,-1699,262,-2848
-324,21554,-2142,339,-204,-650,-2848
542,-802,10324,1133,1421,-106,-2848
1106,812,4790,-1867,-726,196,-2848
2162,1716,2928,616,970,-355,-2848
-2112,-7130,11144,254,-91,-122,-2848
1032,20554,3136,-1918,530,-584,-2864
4378,-32768,23538,4186,2106,-572,-2816
-5664,2364,10760,-3148,-1601,1155,-2816
-7684,32767,-11158,-301,-1215,-1455,-2816
-234,-25234,25206,1365,-367,1402,-2832
2758,25566,-2788,-2135,-994,-553,-2832
3438,-4608,11590,3150,1214,-285,-2832
966,-14044,18632,-1451,-231,-128,-2864
-5176,14888,672,-2267,-1593,306,-2864
5982,-16500,9226,1854,1474,-357,-2832
-892,890,8384,-699,742,-187,-2832
1836,19038,4802,1983,2887,-894,-2832
3808,-32768,26124,130,248,592,-2848
-1338,32767,-8930,-4873,-1759,-305,-2864
4502,-15518,6270,4623,1800,-1199,-2832
-1286,-20018,25152,-1895,-1642,2008,-2864
3370,25074,-2592,-61,122,-991,-2848
4012,-7672,13562,2925,1368,-35,-2816
2528,23742,2046,-2869,-966,-77,-2848
-4278,14860,1850,-1089,-464,127,-2816
6590,-19932,11678,1738,1662,-258,-2848
-304,2100,7796,-461,1090,-245,-2832
4386,-11156,14622,2991,2772,-697,-2832
-8824,4284,9804,-3184,-1396,746,-2832
-1000,31034,-8574,-1154,83,-1551,-2864
6646,-27168,12148,4758,2339,-148,-2832
-10092,32767,-4036,-5295,-3305,1075,-2848
5606,-8154,2196,3417,523,-975,-2848
520,-22604,19562,-309,-816,301,-2880
2044,26456,-310,-1203,-643,-488,-2848
1688,-13124,15508,1170,1377,-142,-2816
5630,-11496,13428,-1225,-7,117,-2848
2288,5118,5840,442,1110,-386,-2848
2582,-11172,14354,831,249,-174,-2880
-4798,29078,-4884,-3756,-1050,-289,-2848
5498,-21028,8630,4193,2113,-964,-2880
-3560,-27364,27294,-1749,-1097,1300,-2848
-4628,20884,-7440,-1565,-1936,-1132,-2832
4772,-32768,19386,3086,94,692,-2848
-2084,19098,642,-2852,-1658,-210,-2864
-760,8834,3194,2841,850,-473,-2832
1794,1968,12958,-376,336,-147,-2864
-4364,10770,-702,-2481,-1744,331,-2832
4202,-5874,2598,1452,1252,-383,-2864
-3510,-2168,9090,-676,393,-164,-2832
5340,4896,11502,1086,2460,-905,-2864
-934,-26454,27164,947,615,445,-2832
-3710,31054,-4896,-4888,-1763,-257,-2832
-2774,14966,-5820,4449,1634,-1203,-2800
-5984,5968,15482,-1685,-1514,1939,-2832
3386,16300,-98,-144,-1,-937,-2816
5624,-20036,20432,2869,1327,-60,-2848
2200,7062,10618,-2814,-974,-121,-2848
-1098,7786,6560,-962,-353,114,-2832
7580,-21676,16408,1718,1649,-285,-2848
1502,3462,7624,-386,1165,-246,-2832
6270,508,13082,2828,2805,-705,-2832
-3016,-21028,25246,-2935,-1347,774,-2832
1016,14270,-5908,-1527,-37,-1461,-2832
4670,-32768,27874,5361,2577,-412,-2848
-8460,16512,11580,-4856,-3049,1408,-2832
3762,12052,626,3004,529,-1168,-2864
-3834,-7264,11532,511,-391,273,-2832
164,23730,-2618,-1817,-725,-423,-2832
118,2322,8846,832,1121,-77,-2864
7548,-19678,16392,-602,469,26,-2832
2050,2918,3588,383,1212,-335,-2832
-1264,-8758,12320,1280,530,-245,-2832
-9372,24532,-4544,-4519,-1658,-127,-2832
2056,7338,-4522,3797,1914,-1252,-2864
-6160,-2754,14066,-560,-492,1246,-2832
-8980,32767,-11284,-3702,-2986,-663,-2832
8174,-31392,6836,3590,151,325,-2864
-4336,-1556,8770,-3080,-2033,22,-2832
2480,-1540,9270,1906,299,-626,-2864
624,-16134,19014,697,1070,-180,-2864
752,414,5000,-2382,-1423,380,-2832
2304,2996,2496,938,1016,-413,-2864
-1860,320,8754,-325,61,-103,-2864
698,21398,3046,-741,1390,-734,-2864
4572,-32768,23202,3010,1592,-78,-2864
-5754,2094,11012,-4594,-1911,499,-2832
2734,-7996,3026,2520,370,-1551,-2864
-148,-25126,25438,-654,-1043,1863,-2848
2894,25352,-2518,-515,-95,-877,-2848
3360,-4576,11758,2981,1375,-76,-2848
2852,20968,3362,-2612,-868,-70,-2848
-4928,15726,534,-1512,-792,183,-2880
5980,-17900,9846,1893,1638,-309,-2848
-800,1292,7814,-482,1101,-258,-2848
5376,-9292,14408,2983,2807,-704,-2816
-7838,-2192,13950,-3157,-1429,765,-2848
-1262,32767,-9104,-2090,-308,-1381,-2832
5650,-19042,7280,5214,2549,-371,-2864
-10076,32767,-474,-4884,-3048,1318,-2848
4788,-2438,2072,3008,458,-1128,-2816
2288,-24650,20942,479,-352,227,-2848
2418,24808,1692,-1744,-701,-394,-2880
1806,-8850,13732,901,1258,-96,-2848
6412,-14660,15168,-753,313,35,-2848
2160,5746,6280,331,1141,-383,-2880
3986,-11010,14836,1267,493,-229,-2848
-6306,30030,-6504,-4375,-1542,-163,-2880
5314,-15134,4056,4030,2007,-1187,-2848
-2580,-32768,30726,-1006,-729,1290,-2880
-6016,26512,-9174,-2547,-2417,-1055,-2864
6574,-32768,16216,3462,145,431,-2848
-3554,15990,2268,-3143,-1966,7,-2816
-1446,12952,1066,2096,434,-612,-2816
1014,-3906,15760,127,658,-149,-2864
-3026,8066,268,-2424,-1664,316,-2832
3580,-2868,1784,1118,1101,-373,-2832
-4022,-3020,9422,-477,227,-144,-2864
4418,9062,10124,352,2102,-809,-2864
682,-30180,27456,1829,1069,208,-2832
-4390,26010,-2432,-4984,-1936,48,-2832
-4630,20424,-7010,3747,1152,-1344,-2864
-4386,-1830,18318,-1019,-1198,1805,-2864
3702,18908,-734,-92,75,-877,-2832
5776,-17502,19260,2835,1299,-44,-2832
1976,2310,12800,-2774,-947,-100,-2832
-2254,10278,5596,-1264,-668,149,-2864
7236,-21718,15400,1682,1577,-266,-2832
1378,2830,7512,-183,1251,-303,-2816
5584,3834,12018,2803,2281,-494,-2848
-10038,17436,238,-4134,-1819,530,-2848
-3240,32767,-5962,-2977,-711,-1185,-2880
5360,-32768,25126,5458,2477,-562,-2848
-7438,11616,13618,-4036,-2653,1781,-2848
3390,14606,244,1838,527,-1209,-2832
5714,-22136,21276,1805,621,115,-2832
552,24636,-2318,-2750,-959,-239,-2832
-472,5228,7868,48,490,1,-2864
7598,-20882,16598,542,1195,-114,-2832
1484,3892,7636,128,1276,-336,-2864
-1006,-9766,12452,2162,1307,-367,-2832
-9522,23924,-4180,-4854,-2000,192,-2832
1456,9366,-4858,3116,1596,-1462,-2848
3470,-32768,29696,601,127,1064,-2848
-9022,32767,-11352,-4624,-3317,-265,-2816
8376,-29932,5834,3863,242,-39,-2816
-4268,-3546,9932,-2658,-1920,177,-2848
-220,22320,-2406,1243,76,-656,-2848
238,-16570,19046,928,1256,-143,-2848
1554,-238,5342,-2139,-1119,289,-2848
2128,2028,3364,828,1001,-374,-2848
-2364,844,8336,-323,-50,-88,-2832
318,21816,2262,-1552,783,-645,-2848
4746,-32768,22298,3669,1853,-304,-2816
-5802,-1162,12834,-3965,-1794,888,-2848
1728,-3376,1066,1914,21,-1571,-2832
724,-27686,25176,481,-550,1557,-2832
2178,25218,-2434,-1435,-564,-674,-2832
2536,-2606,10460,3063,1288,-208,-2832
2774,19028,4814,-1997,-545,-133,-2864
-5172,13864,200,-1919,-1312,291,-2832
5714,-14378,7708,1875,1621,-363,-2832
-1420,432,8624,-543,959,-207,-2832
5504,-5762,14206,2375,2935,-814,-2832
-5816,-9346,17772,-1589,-651,756,-2832
-1512,32767,-8868,-3009,-675,-1114,-2832
3736,-11304,4182,5473,2501,-566,-2864
-10106,30180,2874,-4057,-2703,1812,-2832
3768,2078,1902,2217,498,-1199,-2832
3312,-25460,21586,987,-86,198,-2848
2590,22090,2978,-2985,-1031,-121,-2848
-4570,15234,1074,-633,-54,84,-2816
6244,-18172,10460,1582,1613,-251,-2864
2074,5924,6646,-337,1166,-304,-2864
4948,-9834,14592,2785,2139,-497,-2880
-8100,158,12224,-4323,-1835,474,-2848
-1200,32767,-9122,914,885,-1743,-2848
-1120,-32768,32256,3231,1587,428,-2848
-9926,32767,-1662,-5477,-3461,634,-2848
5212,-4284,2084,3715,412,-758,-2848
1624,-24042,20702,-1074,-1277,278,-2816
-1664,15652,-698,-515,-500,-579,-2848
1664,-10118,14222,1287,1502,-150,-2848
6160,-13822,14690,-1642,-357,177,-2848
3082,-1660,1862,592,993,-401,-2864
-3718,-4006,9726,507,47,-149,-2848
-5924,29356,-5790,-3153,-506,-381,-2848
5184,-16418,5406,4325,2152,-757,-2848
-5084,22974,-296,-3223,-1703,1176,-2864
-5514,24652,-8514,-323,-1245,-1440,-2832
5970,-32768,17308,1989,-177,1208,-2832
-2972,16754,1834,-2573,-1344,-415,-2832
5790,-15762,17848,3099,1125,-394,-2832
1624,-2124,14542,-986,17,-112,-2832
-3976,9938,-378,-2408,-1738,308,-2832
3764,-3764,1956,1684,1344,-375,-2864
818,2600,7854,-695,598,-168,-2864
4786,7730,10624,1673,2740,-872,-2864
-80,-29058,27834,-96,104,540,-2864
-4162,28280,-3468,-4351,-1504,-612,-2864
5440,-32768,20224,4945,2013,-949,-2864
-4922,1108,17352,-2522,-1904,1783,-2864
3560,17928,-508,1639,429,-1047,-2848
5698,-18322,19612,1755,599,69,-2848
1296,25150,-1870,-2630,-975,-209,-2880
-1716,9014,6172,-119,440,-15,-2848
7422,-21358,15526,633,1175,-152,-2848
1248,3096,7706,88,1297,-353,-2848
472,-11084,13370,2336,1512,-348,-2848
-10122,19294,-1082,-4625,-1982,342,-2832
844,16636,-6458,1610,1018,-1705,-2864
5166,-32768,26500,1601,644,834,-2848
-9530,32767,-10444,-5155,-3448,54,-2880
8156,-25518,3970,3885,311,-278,-2848
-3454,-9662,12508,-2116,-1810,254,-2848
562,24498,-2532,682,-93,-675,-2816
646,-17728,18970,1148,1386,-122,-2816
2726,-2280,7168,-2039,-869,227,-2848
2044,3090,3916,743,1023,-381,-2848
-1216,-8930,12398,-56,-194,-103,-2848
-482,24180,706,-1996,432,-603,-2848
5194,-32768,20144,3943,1964,-414,-2880
-5716,-5528,15302,-3693,-1783,1012,-2848
996,674,-806,1440,-188,-1611,-2832
1202,-30362,25466,1471,-326,1415,-2848
1570,25932,-2416,-1764,-741,-686,-2864
2218,-500,8818,3134,1291,-247,-2832
2656,17164,5716,-1821,-447,-135,-2864
-5426,13506,-108,-1984,-1428,285,-2832
5502,-13018,6694,1812,1576,-359,-2864
-2016,222,8624,-537,864,-202,-2864
5608,-3946,13914,2170,2831,-840,-2832
4722,-32768,22504,1837,1103,218,-2864
-2074,32767,-8354,-4993,-1890,60,-2832
2718,-5712,1664,3884,1253,-1363,-2864
384,-26208,25416,-1682,-1552,1974,-2848
2566,25504,-2446,393,238,-1005,-2848
3848,-24364,21972,2616,1223,-12,-2816
2832,20004,4138,-2816,-965,-113,-2848
-5030,14996,172,-967,-266,123,-2880
5784,-16648,8950,1563,1571,-219,-2880
2194,5142,7004,-259,1197,-304,-2848
5528,-8190,14424,2877,2368,-565,-2848
-7126,-4880,15624,-3971,-1751,588,-2848
3740,-3858,-1354,977,899,-1743,-2832
66,-32768,32506,3824,1947,214,-2880
-10176,32252,1146,-5391,-3425,953,-2848
4252,-86,1870,3483,375,-900,-2880
2720,-25548,21542,-500,-961,240,-2848
-1480,17522,-1310,-912,-547,-540,-2848
1566,-7466,12942,1219,1404,-118,-2848
6782,-15592,15472,-1366,-125,121,-2848
2138,5508,6576,511,1091,-374,-2848
-3388,-5064,10234,722,147,-152,-2848
-6900,29574,-6534,-3660,-915,-363,-2848
4710,-11544,2558,4380,2158,-914,-2848
-5940,18266,3040,-2663,-1534,1340,-2864
-6766,28966,-9790,-2239,-2308,-1092,-2816
6552,-32768,14250,2483,-76,997,-2864
-3846,12350,3174,-2870,-1602,-299,-2832
5114,-12020,15970,2860,866,-420,-2864
956,-6942,16490,-482,313,-127,-2864
-2442,6986,564,-2387,-1752,333,-2832
3212,-1414,1548,1353,1176,-374,-2864
124,1538,8406,-540,450,-153,-2864
4042,11516,8840,1053,2504,-847,-2832
1456,-32166,27896,868,605,419,-2864
-4776,22922,-460,-4790,-1748,-298,-2864
5448,-29694,15480,4612,1723,-1173,-2864
-4166,-5766,20152,-1940,-1650,1953,-2864
3708,20330,-1468,659,268,-1041,-2832
5496,-15752,18264,2205,899,86,-2880
1788,25886,-1130,-2808,-1027,-157,-2848
-2754,11722,4688,-432,153,28,-2848
7282,-21434,14628,1026,1361,-183,-2848
838,2870,7802,-59,1283,-317,-2848
1648,-11610,13950,2586,1840,-418,-2848
-9984,15176,2154,-4623,-1999,347,-2848
400,21440,-7104,-1777,-191,-1400,-2816
5664,-32768,22946,4998,2393,-224,-2848
-6700,6906,15766,-4683,-2949,1389,-2848
6964,-20614,3494,3144,470,-943,-2864
-2416,-13188,13780,-28,-687,214,-2832
936,25410,-2336,-1852,-733,-399,-2848
-1094,6520,7212,464,852,-19,-2864
7572,-20796,15862,-17,828,-59,-2864
1962,3978,4398,268,1226,-360,-2864
6058,-260,13392,2697,2179,-523,-2832
-9792,21454,-2490,-4084,-1756,529,-2864
1196,13432,-5846,348,629,-1685,-2832
4296,-32768,28136,2875,1408,520,-2816
-8322,17068,10788,-5466,-3484,516,-2848
8284,-27420,4874,3736,343,-599,-2848
-3790,-7124,11410,-1339,-1466,246,-2848
488,23360,-2372,-147,-291,-633,-2848
-154,2418,9038,1081,1401,-104,-2848
7604,-18998,16018,-74,784,-54,-2848
2064,2538,3780,355,1189,-360,-2832
-1538,-8034,11876,1604,867,-266,-2816
-9014,23166,-3896,-4675,-1810,25,-2848
1536,8688,-4168,3613,1861,-1277,-2832
-5470,-4152,14132,-409,-412,1163,-2864
-8188,32767,-11234,-3625,-2946,-636,-2864
7648,-29768,6856,3479,106,343,-2864
-3916,-1458,8172,-2912,-1965,39,-2864
2616,-2086,10138,1972,423,-635,-2864
634,-358,10632,1206,1589,-174,-2832
340,580,4694,-1632,-510,226,-2832
2402,3288,2416,452,956,-421,-2832
-2422,-8206,11726,520,-50,-132,-2832
-8810,26640,-5940,-2502,39,-549,-2848
4370,-32768,24388,4241,2059,-532,-2848
-6332,5686,9590,-3431,-1719,1206,-2848
-8074,32767,-11134,50,-1030,-1516,-2848
7848,-32768,9104,1761,-221,1286,-2816
3124,25676,-2712,-2437,-1238,-438,-2880
3468,-5224,12088,3030,1121,-356,-2848
598,-13566,18404,-1112,-100,-104,-2848
-720,4318,2542,-2285,-1614,303,-2880
6028,-17352,9920,1713,1445,-345,-2848
-896,1866,7844,-738,564,-151,-2848
2876,16228,6534,1995,2905,-930,-2848
2942,-32768,27740,-512,-96,684,-2848
-1348,32767,-8982,-4155,-1336,-780,-2848
5860,-21266,8344,5307,2285,-967,-2848
-2702,-16502,24584,-2945,-2206,2093,-2848
3544,24910,-2944,1428,555,-1319,-2816
1708,-24656,20842,2321,979,106,-2848
2422,25124,1112,-2962,-1025,-193,-2848
-3828,13316,2882,-176,240,33,-2848
6326,-14112,14826,469,1115,-116,-2864
2200,5484,6300,1,1250,-362,-2880
3622,-10240,14426,2394,1692,-397,-2880
-8642,5964,7964,-4709,-1934,172,-2864
4996,-15532,5364,2422,1416,-1564,-2832
-2274,-32618,29720,1507,633,839,-2864
-9216,32767,-5012,-5018,-3388,21,-2864
5500,-10042,2814,3797,249,-204,-2832
-2906,16000,1674,-2202,-1838,194,-2864
-1222,11376,1734,817,-94,-634,-2864
1618,-13202,16252,1180,1522,-176,-2832
5400,-11120,13330,-2144,-1025,298,-2864
3732,-3256,1856,638,931,-417,-2832
-3798,-2978,9394,22,-69,-100,-2864
-4866,28850,-4762,-1950,431,-592,-2800
5492,-21814,8834,3972,1969,-379,-2864
-4154,27794,-3042,-3798,-1787,1009,-2832
-3880,19218,-7088,1575,-208,-1581,-2848
4872,-32768,20092,773,-448,1501,-2880
-1488,19278,730,-1632,-649,-646,-2816
5804,-18022,19350,3113,1331,-200,-2880
2022,3012,12302,-1874,-549,-111,-2880
-4490,12128,-1094,-2058,-1363,260,-2848
4182,-6670,2992,1905,1600,-335,-2816
1184,3344,7580,-586,926,-174,-2880
6112,2364,12478,2627,2995,-822,-2848
-2276,-23366,26600,-1960,-875,840,-2848
782,17296,-6490,-2002,-280,-1391,-2832
5472,-32768,25766,5439,2416,-786,-2864
-7478,11816,13686,-3492,-2399,1939,-2864
3762,14672,124,1901,585,-1274,-2864
5826,-23428,21768,1846,623,146,-2832
602,24942,-2640,-2823,-955,-271,-2832
-650,4398,7916,60,399,27,-2832
7486,-20016,15774,535,1177,-158,-2832
1262,4078,7850,195,1312,-349,-2864
-514,-9434,12714,2150,1452,-338,-2864
-9560,21922,-2752,-4665,-1960,250,-2864
1358,12492,-5552,2075,1298,-1598,-2864
3882,-32768,28468,1892,809,774,-2832
-8966,32767,-11092,-4779,-3349,-172,-2848
8006,-28138,5334,3816,257,-91,-2880
-3994,-5724,10580,-2469,-1915,185,-2848
214,22728,-2362,1094,3,-661,-2880
766,-16990,18870,1099,1419,-148,-2816
1558,-1552,6440,-2136,-1094,297,-2848
2174,3702,3054,645,914,-374,-2848
-1638,-8570,12020,-7,-55,-106,-2848
-336,23426,1390,-1873,545,-599,-2880
5066,-32768,20840,3898,1941,-376,-2880
-5770,-3342,13926,-3848,-1758,932,-2816
1444,-2126,606,1802,16,-1617,-2832
786,-28466,25434,1179,-362,1430,-2848
2174,25438,-2374,-2039,-935,-581,-2848
2572,-2110,9934,3071,1325,-211,-2832
2748,18556,4816,-1944,-569,-115,-2832
-5344,14648,-126,-1951,-1367,259,-2832
5672,-15316,7772,1948,1638,-317,-2864
-1634,1004,8308,-592,895,-233,-2864
5874,-6946,14480,2543,2969,-815,-2832
-6330,-7648,17428,-1869,-802,797,-2864
-1536,32767,-8978,-2882,-614,-1185,-2864
4424,-11882,3638,5488,2628,-613,-2864
-9930,29932,2792,-4031,-2698,1818,-2832
4280,2150,1874,2261,552,-1257,-2832
3430,-25656,22010,1540,354,161,-2832
2456,22432,3242,-2520,-884,-284,-2864
1508,-5628,12408,425,786,-5,-2832
6936,-16358,15788,81,890,-60,-2864
2054,5266,6752,206,1222,-365,-2864
4796,-9450,14706,1841,1089,-279,-2864
-7244,29132,-6590,-4794,-1911,72,-2832
4266,-8324,1310,2990,1668,-1479,-2832
-734,-32768,31934,813,244,1010,-2832
-9724,32767,-1240,-4768,-3347,-211,-2864
7476,-32768,12906,3845,239,-69,-2864
-4240,10748,4192,-2530,-1929,204,-2832
-1694,15892,-382,1607,203,-657,-2848
1726,-9660,14246,950,1234,-178,-2848
-2384,6952,948,-2497,-1467,330,-2816
3054,-492,1348,887,925,-387,-2848
-3630,-4854,10066,-323,-13,-94,-2880
-6338,29110,-5934,-854,1303,-721,-2848
2104,-32768,27898,3181,1687,-96,-2848
-5232,20218,1292,-4460,-1904,651,-2848
-5950,26256,-8910,1938,57,-1533,-2880
-3140,-10572,21554,-246,-902,1679,-2864
3748,22284,-1906,-1326,-488,-727,-2848
5294,-14176,17412,3180,1359,-179,-2848
1644,-4384,15338,-2118,-697,-100,-2880
-3206,13152,3596,-1690,-1082,188,-2864
6948,-21332,13812,1870,1639,-289,-2864
624,2668,7426,-478,1101,-243,-2832
4936,9016,9996,2881,2899,-740,-2832
-9682,11078,4908,-2761,-1216,832,-2864
-276,26120,-7910,-1758,-194,-1405,-2864
6378,-32768,18230,5039,2430,-304,-2864
-5466,-1526,19532,-4614,-2911,1491,-2832
6140,-14712,2624,2744,470,-1108,-2864
-1162,-18376,16630,817,-204,189,-2864
1598,26548,-1706,-2025,-798,-375,-2832
-2212,9854,5176,651,1012,-56,-2864
4902,-8674,11576,-336,640,-5,-2832
1912,4618,5156,342,1158,-375,-2848
1446,-10488,13550,1536,716,-236,-2832
-9788,15424,1442,-4683,-1755,-68,-2864
5670,-26646,12054,3653,1810,-1369,-2832
-4800,-20612,23838,580,58,1045,-2816
-9542,32767,-9456,-3911,-3061,-601,-2864
7362,-20986,3346,3696,211,274,-2864
-858,23236,-730,-2994,-2021,95,-2864
214,6040,4764,1812,287,-652,-2864
768,-16934,18194,691,1031,-144,-2864
3740,-4948,9174,-2229,-1290,293,-2864
4468,-7938,4208,894,1014,-370,-2864
-3322,-270,8682,-303,-43,-105,-2832
-2120,25986,-1414,-827,1333,-716,-2832
5424,-29756,16092,3071,1570,-105,-2864
-3298,32767,-6492,-4541,-1868,574,-2832
-918,8000,-3226,2364,291,-1556,-2864
2344,-32768,24332,139,-677,1712,-2832
698,24352,-1690,-619,-142,-891,-2848
5288,-22844,21734,2937,1313,-84,-2848
2576,12792,7720,-2565,-821,-126,-2848
-5526,13678,-1034,-1500,-902,213,-2816
5138,-11348,5214,1894,1708,-265,-2848
2122,3792,7638,-389,1161,-253,-2880
6132,-2574,13582,2737,2725,-669,-2848
-4200,-16072,22134,-2856,-1266,744,-2848
-2280,32767,-8038,-1544,-66,-1433,-2816
2874,-32768,30092,4911,2387,-172,-2848
-9046,22084,7876,-4770,-3041,1389,-2848
3544,8204,1510,2823,429,-1092,-2848
-3924,-2740,9014,-45,-713,222,-2832
-522,21302,-2144,-1791,-707,-410,-2848
710,-346,10356,965,1350,-91,-2864
7582,-19100,16814,-991,179,83,-2864
2176,2704,2616,354,1064,-365,-2832
-2102,-7752,11622,1054,304,-181,-2864
-8954,26898,-5866,-4172,-1377,-260,-2832
2928,1290,-2802,4217,2095,-1105,-2832
-6530,5038,10348,-1377,-914,1406,-2864
-8554,32767,-11416,-3047,-2731,-894,-2864
8186,-32768,8610,3622,126,271,-2848
-4498,2724,6870,-3192,-1996,-29,-2832
3360,-4114,11082,2231,503,-617,-2832
444,-14614,18806,444,790,-145,-2864
-662,4144,2706,-2584,-1653,329,-2832
2546,1032,2012,1227,1097,-368,-2864
-1102,1334,8296,-560,132,-114,-2864
2522,16860,5706,-388,1640,-825,-2848
3394,-32768,26772,2771,1546,30,-2848
-5930,12386,5924,-4767,-2005,493,-2848
-7110,31442,-10266,2635,404,-1539,-2848
-1890,-18792,24126,-88,-863,1727,-2848
3394,24470,-2832,-979,-344,-853,-2848
4598,-9168,14532,3126,1399,-131,-2848
2596,24326,1234,-2723,-862,-81,-2864
-4530,14322,1966,-1765,-1176,214,-2848
6610,-18446,11058,1859,1633,-305,-2848
-204,1310,8120,-414,1093,-248,-2848
4052,-9660,14264,2778,2720,-656,-2832
-8322,2844,10148,-3013,-1382,680,-2864
-982,31068,-8524,-1242,21,-1441,-2832
5524,-26060,12616,4640,2175,-50,-2832
-9452,32767,-4286,-4852,-3084,1155,-2864
4618,-8050,2668,2924,398,-920,-2864
284,-21002,18166,205,-546,187,-2864
1968,25884,-422,-1500,-720,-404,-2864
1876,-12304,15632,910,1314,-129,-2896
5420,-11710,13852,-809,282,82,-2864
2300,5426,5592,320,1151,-373,-2832
2506,-11788,14386,1282,492,-209,-2864
-4726,29642,-5086,-4304,-1468,-222,-2864
5654,-23406,9084,4151,1965,-1096,-2832
-4498,-25256,26576,-1468,-955,1356,-2832
-9768,32767,-8294,-2043,-2151,-1198,-2816
4800,-32768,20834,2901,86,815,-2848
-1846,21134,292,-3040,-1859,-143,-2880
-598,8142,3780,1909,374,-692,-2816
1042,-16120,17524,614,951,-106,-2848
4562,-6586,10210,-2363,-1349,296,-2880
4128,-6832,3516,981,1073,-384,-2848
-3740,-606,8536,-448,-38,-119,-2848
-2894,27220,-2722,-454,1586,-787,-2880
-1502,-24320,25880,2039,1172,201,-2864
-3352,32352,-6060,-4720,-1939,425,-2848
-1498,10358,-4304,2932,598,-1550,-2848
2934,-32768,23834,-266,-895,1846,-2848
3504,13760,452,-289,8,-1013,-2832
5520,-22656,21574,2967,1321,-59,-2864
2344,10898,8772,-2802,-902,-114,-2864
-5080,12386,-700,-1212,-753,186,-2896
7516,-20372,16354,1697,1665,-264,-2832
1780,3316,7934,-314,1184,-241,-2864
5734,-396,13382,2656,2597,-625,-2864
-2840,-18894,23138,-3028,-1305,655,-2864
1418,12274,-5246,-1112,118,-1449,-2832
3384,-32768,29164,4650,2249,-10,-2864
-8214,19514,9116,-4955,-3082,1141,-2864
3330,9396,1560,3042,395,-919,-2864
-3808,-4594,9352,37,-639,168,-2864
-218,22262,-2072,-1478,-633,-423,-2864
526,1490,9782,1143,1531,-149,-2816
7276,-20366,17462,-1219,-65,178,-2848
2230,3980,2864,356,998,-389,-2848
-2112,-9414,12380,924,183,-176,-2880
-9110,26902,-5958,-3942,-1146,-340,-2848
2728,2608,-3274,4370,2011,-914,-2816
-6576,3738,11170,-2060,-1226,1401,-2880
-8308,32767,-11546,-2255,-2290,-1164,-2880
8526,-32768,8432,2967,47,766,-2848
2616,26904,-3098,-2990,-1664,-264,-2832
3130,-3504,10680,2522,671,-542,-2848
244,-14686,18784,30,510,-101,-2848
-136,3560,3050,-2481,-1632,304,-2848
5872,-16576,9312,1495,1296,-409,-2864
-1502,1708,8052,-688,135,-106,-2848
2270,18080,5048,63,1982,-881,-2832
3714,-32768,26400,2248,1320,214,-2832
-6088,10974,6874,-4957,-1978,306,-2864
4834,-15878,5880,3313,836,-1518,-2864
-1414,-20158,24842,-639,-1108,1926,-2864
3348,25398,-2766,-614,-79,-970,-2864
4292,-7820,13384,3091,1393,-80,-2864
2794,24040,1854,-2618,-837,-88,-2896
-4676,14142,1870,-1482,-934,214,-2864
6586,-17982,10762,1794,1684,-318,-2864
-412,1228,8332,-358,1165,-277,-2832
4034,-9024,14456,2745,2486,-596,-2848
-7796,1316,10972,-3416,-1525,613,-2848
-1270,31748,-8664,-608,250,-1515,-2880
5288,-24162,11480,4214,1995,70,-2848
-3278,-11912,22454,-3317,-2323,1842,-2848
4714,-7252,2954,2247,553,-1128,-2864
392,-21526,18744,1800,610,106,-2848
2158,25778,-396,-2706,-1021,-218,-2848
-3578,13762,3162,1,524,-9,-2848
5562,-12850,14594,194,924,-71,-2832
2428,5952,5602,7,1256,-357,-2848
2874,-11968,14422,2119,1214,-290,-2864
-9736,10590,5418,-4913,-1974,86,-2864
5658,-21622,7730,3129,1593,-1498,-2864
-3964,-27452,27364,644,102,1077,-2832
-9700,32767,-7600,-4638,-3313,-269,-2864
6130,-15040,2682,3781,219,-13,-2864
-2300,19212,862,-2603,-1952,171,-2832
-842,9362,2874,1285,51,-661,-2832
1404,-15776,17196,1010,1272,-131,-2864
4462,-7518,11118,-2317,-1187,292,-2832
3916,-6516,3374,871,1049,-397,-2832
-3720,-1242,8908,-250,-126,-91,-2864
-2990,28086,-3100,-1205,1068,-754,-2832
5870,-28334,13494,3428,1711,-136,-2864
-3412,32767,-5716,-4777,-1934,507,-2848
-1750,12402,-5498,1811,-78,-1665,-2864
3350,-32768,23324,1272,-354,1505,-2848
-582,23970,-1032,-2178,-1025,-604,-2848
5890,-22036,21282,3167,1334,-224,-2864
1958,9418,9830,-2032,-567,-101,-2832
-4722,11186,-382,-1780,-1313,259,-2832
4670,-8542,4100,1655,1582,-332,-2864
1516,2844,8246,-433,948,-193,-2832
5766,650,13106,2226,2780,-768,-2832
-2366,-20714,23656,-1483,-578,671,-2864
-2870,32767,-6982,-3132,-817,-989,-2864
3828,-32768,27528,5379,2397,-538,-2832
-7910,16654,10098,-3873,-2615,1665,-2832
3252,10568,1086,2245,459,-1117,-2832
5000,-23730,21792,1277,194,118,-2864
90,22574,-2404,-2412,-873,-306,-2800
224,2568,9436,312,888,-64,-2832
7510,-20756,17612,269,930,-35,-2864
2162,4406,7386,132,1154,-355,-2848
-1642,-9368,12268,1755,855,-272,-2848
-9308,25476,-5144,-4829,-1859,-9,-2848
2448,5514,-4210,3504,1771,-1431,-2880
2254,-32768,31084,-19,-219,1228,-2816
-8548,32767,-11372,-4183,-3176,-491,-2848
7892,-32228,7394,3719,250,-507,-2832
-4118,-568,7840,-993,-1269,183,-2880
-730,20486,-1970,-525,-414,-578,-2848
1046,-1878,11076,1213,1509,-122,-2848
314,2160,3850,-1873,-578,220,-2864
2242,2238,2432,558,951,-390,-2864
-2570,-7614,11284,329,-139,-140,-2832
-8566,27880,-6560,-2871,-228,-483,-2832
4116,-32768,25540,4373,2076,-614,-2832
742,-32768,32414,-94,-246,1158,-2832
-8032,32767,-11404,-4210,-3255,-511,-2832
8396,-32768,9632,3735,174,160,-2832
-4488,5256,6198,-2859,-1969,121,-2864
-1268,18326,-1622,1576,187,-652,-2864
430,-12764,18584,889,1137,-135,-2832
-662,4458,2334,-2361,-1325,286,-2864
2644,170,2282,930,982,-392,-2864
-3194,-5250,10446,-338,-28,-105,-2832
2730,15718,6548,-874,1322,-724,-2864
3016,-32768,26868,3661,1890,-276,-2880
-5778,14576,4370,-4085,-1853,875,-2880
-6910,30014,-9922,1154,-412,-1536,-2880
-1928,-16118,23518,276,-685,1585,-2864
3604,24078,-2468,-1836,-760,-625,-2880
4844,-11144,15544,3140,1395,-167,-2864
1342,-8388,16732,-2171,-627,-84,-2864
-4152,13862,2614,-1886,-1285,238,-2864
6802,-20000,12398,1935,1605,-318,-2832
308,1742,8010,-545,1010,-246,-2864
3856,12388,8610,2592,2873,-766,-2832
-8822,5820,8180,-2088,-940,750,-2832
-760,29346,-8380,-2489,-505,-1243,-2864
5944,-29922,15002,5268,2417,-411,-2800
-4380,-6436,21090,-4329,-2789,1571,-2864
5282,-10950,2642,2438,488,-1107,-2832
-392,-19784,17346,1105,23,163,-2864
1756,25876,-1122,-2240,-894,-349,-2832
-2710,11768,4430,868,1259,-100,-2848
4956,-10140,12842,-584,446,53,-2848
2278,5502,5146,248,1158,-394,-2880
1748,-11694,14238,1391,538,-209,-2848
-9920,15482,1968,-4421,-1557,-177,-2848
5900,-26392,11472,4051,1929,-1179,-2848
-4938,-21234,24612,-994,-725,1321,-2880
-9736,32767,-9184,-3360,-2803,-790,-2848
6988,-19638,3142,3456,174,409,-2848
-1152,22040,-396,-3090,-1990,4,-2848
-348,6968,4562,2099,404,-617,-2848
992,-16984,17922,440,806,-139,-2848
-3922,10846,-474,-2354,-1557,309,-2864
4296,-8126,4310,1096,1121,-388,-2880
-3474,-586,8776,-450,52,-80,-2880
-1838,26292,-1696,-145,1854,-835,-2848
5556,-30192,16340,2421,1317,113,-2848
-2930,32767,-6828,-4874,-1975,282,-2848
-972,8114,-3460,3185,780,-1487,-2848
2398,-32768,24212,-459,-996,1856,-2848
3252,12842,856,-83,60,-1004,-2832
5410,-23284,21562,3023,1332,-73,-2848
2360,12908,8048,-2610,-820,-122,-2848
-5238,12558,-470,-1440,-932,236,-2848
7476,-20342,16642,1649,1669,-255,-2832
2046,3456,7824,-252,1222,-276,-2864
5942,-1460,13532,2670,2514,-589,-2864
-3416,-17214,22366,-3236,-1403,599,-2896
1490,10338,-4716,-927,233,-1484,-2832
3138,-32768,29434,4478,2180,33,-2864
-8400,20442,8392,-5052,-3180,1074,-2864
3164,8764,1684,3061,380,-854,-2832
-3784,-3424,9076,-69,-759,176,-2864
-258,21062,-2204,-1313,-651,-417,-2864
480,780,10144,960,1420,-119,-2832
7440,-20016,17310,-847,196,112,-2832
2170,3506,2646,240,1080,-385,-2832
-2076,-8606,12060,1198,399,-161,-2864
-8894,26896,-6002,-3797,-1041,-337,-2848
3116,1244,-3156,4455,2078,-931,-2848
-6678,5340,10438,-2149,-1322,1465,-2848
-8592,32767,-11264,-2055,-2182,-1200,-2848
8382,-32768,8852,2894,40,835,-2848
-4556,3014,7054,-3119,-1879,-194,-2848
3250,-4446,11066,2571,708,-508,-2848
218,-14258,18570,-54,462,-114,-2880
-438,4336,2552,-2471,-1664,298,-2848
5932,-16720,9834,1533,1280,-383,-2864
-1300,1734,8246,-676,232,-142,-2880
2654,17264,5484,787,2387,-934,-2848
3760,-32768,26782,1395,903,396,-2880
-1368,32767,-9328,-4797,-1775,-365,-2832
4612,-17694,7278,3516,1005,-1487,-2832
-2118,-18548,24800,-134,-884,1841,-2816
3602,25154,-3052,-1023,-288,-937,-2848
4666,-9000,14118,3195,1379,-183,-2832
982,-10482,17698,-2030,-548,-70,-2896
-4412,14302,2256,-1971,-1355,244,-2832
6780,-19078,11780,1883,1524,-335,-2848
-140,1676,8172,-547,958,-220,-2832
3396,13258,8014,2489,2882,-775,-2864
-8270,3476,9630,-1795,-731,744,-2864
-1052,30808,-8660,-2887,-675,-1080,-2864
5474,-25376,12444,5229,2382,-517,-2832
-2996,-11090,22212,-3937,-2574,1559,-2832
4820,-7996,2806,2279,508,-1061,-2864
274,-20748,18414,1288,230,158,-2864
2072,25830,-372,-2412,-921,-311,-2864
-3370,13496,3626,405,943,-64,-2864
5274,-12490,14274,107,860,-35,-2864
2370,6176,5416,72,1205,-375,-2864
2752,-12320,14300,2097,1131,-301,-2864
-9768,11522,4738,-4897,-2005,85,-2864
6108,-21986,7886,3670,1851,-1345,-2816
-4142,-27010,27530,-312,-372,1249,-2848
-9570,32767,-7566,-4048,-3093,-591,-2848
6322,-14946,2480,3687,250,191,-2848
-2282,19122,1142,-2922,-1943,95,-2848
-922,9922,2974,1725,226,-647,-2880
1528,-16134,17294,831,1046,-156,-2816
4514,-7916,11136,-2490,-1424,322,-2848
3924,-6658,3318,1057,1067,-417,-2848
-3778,-1614,8834,-502,-69,-75,-2848
-2852,27938,-2972,-445,1634,-834,-2880
-1592,-24682,26472,2093,1192,210,-2832
-3550,32688,-5954,-4748,-2014,524,-2848
-2182,13402,-5656,3373,918,-1516,-2832
3196,-32768,22844,-620,-1132,1936,-2832
3660,16436,-156,-576,-144,-972,-2864
6036,-22492,21208,3182,1413,-145,-2816
1802,8840,10374,-2404,-695,-93,-2848
-4520,11186,-462,-1589,-1142,213,-2848
4600,-8274,4244,1708,1651,-348,-2848
1492,3726,7974,-392,1034,-214,-2848
5720,470,13148,2502,2774,-738,-2848
-2210,-21146,24286,-2100,-916,671,-2816
772,15688,-6230,-1715,-159,-1314,-2832
4212,-32768,26424,5193,2417,-460,-2848
-7080,12994,11770,-4163,-2739,1551,-2848
3288,13014,670,2429,475,-1063,-2880
-3408,-8324,11460,550,-343,190,-2832
308,23496,-2350,-1842,-807,-371,-2864
-144,4564,8462,739,1251,-130,-2864
7662,-21708,17352,-333,518,69,-2832
2204,5024,3018,114,1126,-375,-2832
-924,-10230,12736,1674,780,-269,-2832
-9898,23412,-3764,-4760,-1856,-11,-2864
1712,10490,-5402,3608,1826,-1406,-2864
-6334,-6378,16468,-76,-232,1203,-2832
-8924,32767,-11598,-4111,-3200,-507,-2832
7860,-28882,5620,3758,309,-493,-2848
-3868,-4916,10142,-1551,-1605,201,-2848
-196,22170,-2482,37,-310,-618,-2848
394,1350,9660,1296,1510,-137,-2848
1380,-256,5646,-1857,-644,236,-2880
2014,3150,2860,575,965,-393,-2880
-1612,-8558,11978,289,-64,-120,-2848
-9470,26104,-5532,-2812,-215,-517,-2848
5018,-32768,22968,4373,2138,-644,-2816
-6810,768,13018,-915,-666,1365,-2864
-9120,32767,-11516,-3568,-2978,-768,-2832
8560,-32768,7054,3545,130,405,-2864
-4588,-506,8412,-3105,-2011,16,-2832
2710,-1930,9526,2010,368,-646,-2864
64,-15980,19160,622,933,-117,-2864
776,1622,4234,-2380,-1469,305,-2864
2354,1720,2760,1012,998,-377,-2864
-1752,812,8444,-405,62,-111,-2832
1348,19828,3626,-1061,1184,-723,-2848
4152,-32768,24306,3373,1779,-181,-2848
-5666,4928,9432,-3918,-1782,926,-2832
-7556,32767,-10968,904,-528,-1569,-2864
-418,-23622,24906,1154,-401,1416,-2832
2846,24972,-2654,-1939,-864,-568,-2864
3754,-5762,12668,3139,1269,-236,-2832
1416,-13060,18288,-1603,-371,-122,-2864
-4966,15594,924,-2235,-1546,304,-2832
6284,-18040,10236,1976,1547,-351,-2864
-606,964,8118,-662,808,-207,-2864
2644,16636,6150,2336,2945,-869,-2864
-7802,-630,12486,-1353,-516,747,-2864
-1100,32767,-8934,-3359,-940,-1010,-2832
5548,-22328,9950,5373,2404,-684,-2832
-2566,-14280,23412,-3713,-2502,1723,-2864
4508,-5520,2628,2470,516,-1094,-2848
1216,-22528,19392,1150,106,156,-2848
2242,25514,444,-2279,-894,-317,-2880
-3542,13396,3300,556,988,-78,-2880
5880,-13096,14520,-169,721,-10,-2848
2128,5550,5988,207,1216,-357,-2848
3186,-11612,14496,1783,880,-274,-2816
-9562,9734,5926,-4766,-1834,-30,-2880
5582,-20242,6988,3534,1750,-1381,-2848
-3662,-29066,28470,-63,-242,1151,-2848
-9672,32767,-7062,-4197,-3190,-488,-2848
5610,-32768,18940,3503,181,406,-2864
-2548,18946,1224,-2904,-1979,137,-2848
-1036,10396,2600,2043,436,-618,-2864
1356,-15718,16832,536,829,-112,-2864
-3492,10358,-678,-2444,-1500,307,-2864
3732,-6192,3284,1176,1124,-376,-2832
-3748,-1566,8898,-514,38,-94,-2832
-3410,28008,-3312,-72,1787,-829,-2864
-762,-26152,26604,2362,1307,102,-2864
-3858,30458,-4714,-4531,-1921,579,-2848
-3100,15454,-5506,2070,149,-1538,-2880
3908,-32768,21648,1068,-373,1429,-2864
-804,21752,-404,-1828,-770,-638,-2832
5750,-20550,20596,3110,1279,-215,-2832
2168,7030,10830,-1768,-413,-146,-2864
-4988,11326,-722,-2035,-1445,255,-2864
4512,-7646,3434,1844,1573,-324,-2864
1556,3158,7774,-491,985,-233,-2848
5700,2342,12312,2473,2820,-764,-2848
-1844,-23350,25816,-1173,-456,708,-2864
-3220,32767,-6238,-3552,-979,-952,-2864
4934,-32768,25958,5387,2426,-738,-2864
-7150,11960,13248,-3497,-2408,1820,-2864
3334,14388,544,1811,445,-1089,-2864
5566,-22080,21222,1793,538,72,-2864
592,23900,-2342,-2672,-926,-254,-2832
-600,5682,7916,26,524,3,-2864
7462,-21428,17030,610,1181,-96,-2864
1760,3910,7660,46,1202,-372,-2832
-810,-10150,12858,2009,1117,-295,-2848
-9788,23062,-3666,-4926,-1965,91,-2848
1606,10812,-5462,3086,1613,-1533,-2848
3908,-32768,29548,763,214,1071,-2880
-9156,32767,-11484,-4783,-3349,-245,-2880
8438,-29714,5350,3861,234,-51,-2848
-4154,-4912,10324,-2611,-1922,174,-2848
-262,22460,-2476,1151,-5,-668,-2848
408,-17468,19156,1120,1321,-146,-2880
1406,246,5348,-2285,-1194,313,-2848
2104,2708,2932,841,967,-379,-2848
-2124,602,8468,-365,-69,-82,-2832
634,22014,2502,-1462,860,-689,-2880
4758,-32768,22854,3124,1672,-75,-2864
-6112,1184,12108,-4598,-1952,623,-2832
2792,-5444,1342,2135,179,-1634,-2896
126,-26902,25672,257,-750,1723,-2832
2352,25820,-2876,-1337,-480,-795,-2832
2688,-2750,10452,3148,1343,-162,-2832
2900,19952,4374,-2163,-619,-114,-2864
-5142,14434,556,-2053,-1420,275,-2848
5874,-15704,8630,1887,1559,-345,-2816
-1176,386,8514,-583,847,-199,-2848
5074,-6666,14088,2488,2867,-790,-2832
-6338,-6922,16128,-1873,-828,759,-2864
-1700,32767,-8986,-2704,-624,-1151,-2832
3722,-13428,5360,5249,2413,-460,-2864
-9242,30742,1556,-4152,-2700,1588,-2832
3762,446,2594,2369,480,-1077,-2832
2520,-24276,20912,1198,120,133,-2832
2672,22736,2106,-2305,-892,-299,-2864
1844,-6690,12982,545,1020,-80,-2864
6670,-16892,16634,-26,756,8,-2864
2358,5700,6492,83,1180,-378,-2832
4446,-10554,14438,1895,988,-287,-2832
-8574,2930,10494,-4519,-1949,403,-2848
-938,31582,-8822,-2201,-347,-1322,-2880
6064,-25088,11182,5131,2448,-378,-2848
-9728,32767,-3500,-4766,-3054,1260,-2832
5118,-6812,2282,2599,519,-1146,-2848
830,-22572,19476,1107,3,175,-2848
2184,26124,114,-2199,-823,-350,-2848
1670,-11924,15138,813,1150,-62,-2864
5866,-11956,13620,-701,389,14,-2864
2130,4872,5982,387,1185,-332,-2832
2932,-11228,14532,2511,1826,-423,-2864
-9434,10174,5422,-4592,-1969,363,-2864
-720,26800,-8098,1429,1022,-1654,-2864
-3588,-28814,28224,2622,1259,612,-2864
-9580,32767,-7104,-5420,-3463,388,-2864
6204,-13756,2582,3801,373,-526,-2864
-1112,-18654,17126,-1516,-1567,255,-2864
-912,10246,2566,576,-205,-653,-2848
1500,-15220,16886,1216,1502,-151,-2848
4880,-9232,11980,-2008,-879,236,-2848
2240,4502,5330,601,978,-372,-2848
-3690,-2182,9206,165,-42,-104,-2880
-3924,27912,-3668,-2254,200,-543,-2848
5392,-24266,11118,4068,2007,-500,-2848
-4180,-22770,24452,-2859,-1505,1209,-2864
-3410,16512,-5790,-731,-1455,-1307,-2832
4022,-32768,21496,1726,-168,1264,-2848
-972,21256,-142,-2350,-1134,-443,-2848
-68,6120,4808,3075,1147,-299,-2848
2082,6140,10990,-1213,-168,-143,-2848
-4828,11698,-1146,-2246,-1592,321,-2848
4514,-7848,3688,1803,1458,-351,-2848
-3388,-1040,9180,-744,631,-159,-2848
5920,1822,12798,1967,2855,-913,-2848
-2086,-23044,25984,-511,-83,665,-2848
-3346,32767,-6252,-4143,-1270,-780,-2880
4952,-32768,26106,5412,2454,-744,-2864
-7424,12118,13228,-2902,-2140,1996,-2880
3468,14376,336,1358,433,-1196,-2848
5758,-22564,21362,2188,906,70,-2880
564,24450,-2364,-2707,-923,-260,-2832
-244,4830,8202,131,567,11,-2864
7646,-21174,16996,553,1206,-128,-2864
1578,4262,7774,87,1207,-353,-2832
-860,-9752,12598,2182,1379,-353,-2800
-9910,23530,-3960,-4827,-1969,195,-2832
1488,10592,-5418,2387,1390,-1635,-2864
3920,-32768,29414,1720,774,863,-2864
-9340,32767,-11434,-5303,-3506,112,-2832
8604,-29558,5200,3938,265,-320,-2864
-4156,-4990,10478,-2088,-1816,260,-2864
-320,23020,-2530,546,-176,-631,-2832
324,-17646,19378,1217,1450,-130,-2832
1720,-384,5710,-2051,-892,257,-2832
2094,2792,3206,808,934,-365,-2880
-1596,-8290,11976,-159,-107,-111,-2848
-9154,24262,-4508,-3984,-1266,-255,-2880
2074,7188,-4058,4109,2104,-1069,-2848
-5852,-2466,13694,-1340,-882,1291,-2848
-8596,32767,-11244,-3638,-2994,-660,-2832
7720,-30440,6786,3514,124,315,-2864
-4142,-1250,8090,-3021,-1964,7,-2832
2396,-1832,9716,1971,333,-600,-2864
1262,-16540,19148,809,1059,-191,-2864
-420,1584,4406,-2730,-1649,400,-2832
2640,4108,1654,526,913,-421,-2848
-2466,-8708,12150,136,-54,-123,-2848
-8742,27528,-6064,-2337,190,-554,-2848
4360,-32768,25020,4209,2104,-495,-2848
-6248,6450,9578,-3450,-1717,1192,-2848
-8000,32767,-10920,31,-1074,-1505,-2848
-794,-23966,25484,1190,-422,1462,-2832
2886,25408,-2848,-2439,-1201,-440,-2848
3586,-5056,12080,3059,1190,-331,-2848
956,-13522,18748,-1593,-402,-91,-2864
-4700,14942,1090,-2168,-1508,276,-2864
6148,-17612,9954,1877,1520,-363,-2864
-968,1592,7878,-630,784,-194,-2832
3138,15850,6644,2463,3010,-871,-2864
-8120,420,12120,-1441,-601,755,-2832
-1254,32767,-8938,-3392,-944,-991,-2864
5710,-21326,8900,5336,2437,-738,-2864
-2472,-15968,24030,-3583,-2474,1854,-2864
4866,-4082,2204,1984,565,-1241,-2864
1534,-23928,20450,1839,565,132,-2864
2350,25584,998,-2752,-943,-228,-2864
-3680,12172,2956,67,406,7,-2832
6526,-13544,14404,86,907,-101,-2880
2362,4402,6414,237,1317,-362,-2848
3456,-9526,14650,1786,1086,-294,-2848
-8378,4920,8342,-4706,-1871,64,-2848
4736,-14672,4900,2969,1605,-1402,-2816
-2248,-32768,29626,740,132,988,-2848
-9096,32767,-5258,-4525,-3230,-283,-2848
5062,-9916,2980,3730,256,28,-2848
-2882,15920,2212,-2613,-1933,128,-2848
-860,11404,1998,1371,103,-663,-2880
1748,-13166,16148,1189,1499,-171,-2864
5500,-11474,13428,-2074,-957,286,-2832
3712,-2666,1718,611,947,-407,-2864
-3902,-3404,9878,119,-55,-96,-2864
-5084,28960,-4958,-1494,827,-661,-2880
5354,-21422,8002,3622,1768,-232,-2848
-4216,27600,-2758,-4239,-1835,767,-2880
-3880,19524,-6922,1596,-108,-1627,-2880
4804,-32768,20290,734,-470,1556,-2816
-1598,19740,618,-1653,-682,-646,-2848
5894,-18358,19694,3047,1261,-242,-2848
1898,3352,12390,-1888,-490,-103,-2848
-4312,11690,-1102,-1934,-1311,261,-2880
7390,-21864,15742,1899,1688,-289,-2864
-3550,-1328,9266,-782,402,-156,-2864
6032,2328,12548,1443,2669,-946,-2832
-2020,-24002,26584,372,365,579,-2864
-3306,32767,-6306,-4741,-1637,-486,-2864
-1104,11072,-5368,4936,2062,-1209,-2864
-7650,11650,14432,-2227,-1812,2185,-2864
3790,15094,356,779,352,-1229,-2864
6028,-22910,21522,2615,1199,35,-2864
1780,10340,9488,-3025,-985,-116,-2832
-4462,11730,-514,-1432,-975,183,-2848
4598,-9668,4982,1687,1680,-314,-2880
1370,3886,8044,-373,994,-222,-2848
6256,-1050,13426,2619,2780,-727,-2880
-3038,-19346,23536,-2379,-1042,711,-2880
-2866,32767,-7408,-2161,-318,-1226,-2816
3906,-32768,28278,5172,2442,-351,-2848
-8242,17308,10514,-4459,-2851,1547,-2848
3490,11204,1206,2596,486,-1114,-2848
-3908,-6042,10758,348,-484,201,-2832
-32,22768,-2450,-2131,-788,-342,-2880
74,2604,9176,564,1048,-36,-2848
7560,-20400,17232,-128,664,11,-2848
2180,4180,7616,0,1225,-345,-2848
5650,-2862,13712,2256,1560,-377,-2848
-9240,23708,-4120,-4572,-1929,252,-2848
2004,7552,-3968,2001,1319,-1617,-2848
2556,-32768,30610,2014,883,761,-2848
-8254,22420,6952,-5205,-3449,131,-2848
7618,-29984,6562,3674,171,-270,-2848
-4056,-1868,8312,-1820,-1706,166,-2848
-880,20328,-1942,457,-236,-585,-2848
1204,-16076,18810,1262,1484,-184,-2864
-252,2084,4158,-2193,-957,323,-2848
2448,3550,2004,761,928,-447,-2832
-2654,-8278,11804,-205,-75,-88,-2864
1574,20254,4300,-1474,835,-746,-2864
4156,-32768,25882,3740,1889,-202,-2864
-6440,9364,8366,-4240,-1901,952,-2832
-7870,32767,-10822,1263,-346,-1654,-2832
-1678,-22308,25530,923,-548,1564,-2864
3150,25764,-3390,-1900,-824,-682,-2832
3922,-6298,12822,3213,1349,-248,-2864
416,-12192,18450,-1826,-497,-84,-2832
-4288,13430,2052,-1898,-1360,242,-2864
6372,-17360,10266,1710,1548,-348,-2832
-1052,2050,7964,-525,865,-173,-2832
3302,14604,7242,2369,2925,-817,-2832
-7908,1232,10980,-2198,-975,710,-2880
-1292,32092,-8886,-2420,-552,-1212,-2848
5442,-22998,10380,5191,2448,-419,-2848
-2916,-13628,23040,-4267,-2764,1506,-2848
4594,-5758,2686,2506,521,-1070,-2848
836,-22588,19524,1120,24,159,-2848
2662,25566,44,-2216,-829,-323,-2848
-3806,12394,3412,438,881,-50,-2848
6044,-12700,14218,-42,752,-17,-2848
2356,4292,6244,243,1215,-358,-2880
2890,-9754,14104,1696,906,-261,-2848
-5542,28728,-5332,-4438,-1630,-91,-2864
5000,-17678,6456,3260,1700,-1377,-2816
-3126,-30208,28206,204,-105,1067,-2848
-9098,32767,-6704,-4171,-3106,-438,-2848
5258,-12588,3048,3642,194,166,-2848
-2274,17476,1524,-2742,-1977,105,-2848
-952,9690,3068,1607,190,-627,-2848
2156,-14590,16802,994,1294,-200,-2848
-4302,10676,-842,-2592,-1531,369,-2832
4072,-4768,2138,944,1022,-416,-2848
-3852,-2630,9658,-568,12,-107,-2832
-3964,28914,-4048,-245,1684,-854,-2864
-814,-27614,28076,2533,1362,95,-2864
-3774,31142,-4656,-4870,-1933,385,-2896
-2906,15988,-6074,3080,729,-1521,-2864
3956,-32768,22258,-363,-960,1862,-2864
3696,17260,-316,-830,-222,-868,-2832
6032,-20396,20680,3067,1373,-138,-2832
1744,6928,10968,-2600,-813,-118,-2832
-4240,12130,-944,-1392,-848,190,-2864
7608,-21224,16114,1777,1723,-324,-2832
1138,4188,7858,-416,1072,-226,-2864
6300,18,13196,2812,2755,-716,-2832
-2734,-21332,25020,-2832,-1287,767,-2864
1038,15226,-6468,-769,240,-1574,-2816
4938,-32768,27012,4511,2227,-35,-2848
-7888,14028,12574,-5128,-3182,1206,-2848
3836,13612,540,3211,489,-1067,-2848
-3526,-8976,12308,116,-607,217,-2848
420,24530,-2474,-1483,-622,-448,-2880
-228,4180,8306,915,1319,-91,-2848
7700,-20656,16908,-724,290,51,-2880
2028,3884,3636,303,1110,-358,-2848
-1054,-9034,12424,1143,441,-202,-2848
-9490,22462,-3408,-4310,-1537,-164,-2848
5350,-32436,19170,4167,2084,-970,-2832
-5518,-7910,16700,-754,-600,1205,-2848
-8904,32767,-11158,-3444,-2935,-683,-2880
7740,-27578,5424,3090,89,648,-2864
-3748,-4864,9906,-2865,-1959,108,-2864
1636,1174,8224,1623,205,-610,-2832
1340,-17272,19122,1021,1278,-183,-2832
922,-886,6176,-2501,-1427,360,-2832
2354,4524,2532,370,983,-418,-2864
-1454,-9614,12670,449,48,-177,-2848
-9518,25164,-4728,-2988,-373,-439,-2848
4932,-32768,22120,4434,2103,-658,-2848
-6602,-288,13270,-2950,-1591,1316,-2848
-8784,32767,-11242,-841,-1587,-1364,-2848
7906,-31338,6820,2239,-88,1073,-2848
2078,25422,-2628,-2732,-1495,-314,-2848
2456,-1868,9960,2895,978,-406,-2848
766,-15708,18990,992,1181,-156,-2848
198,2438,3984,-2518,-1422,309,-2816
2402,2488,2096,942,984,-413,-2848
-1524,1028,8170,-517,29,-94,-2864
2028,19014,4922,-25,1911,-853,-2832
3744,-32768,26392,2363,1329,165,-2832
-6000,10984,7024,-5013,-2013,276,-2864
4832,-16082,5632,3369,852,-1524,-2864
-2028,-20300,25026,-667,-1174,1951,-2832
3230,25612,-3438,-600,-180,-973,-2832
4354,-7766,13522,3142,1487,-54,-2832
2538,24202,1836,-2743,-845,-68,-2864
-4236,13482,2212,-1352,-893,185,-2864
6298,-17646,10678,1615,1619,-309,-2864
-790,1922,7998,-243,1132,-249,-2832
3950,-9378,14528,2703,2633,-646,-2832
-7960,2668,9924,-3548,-1556,526,-2880
-1000,31054,-8590,-437,365,-1467,-2816
5200,-24628,12186,4112,1982,112,-2848
-9018,32767,-3962,-5143,-3185,908,-2848
4596,-7632,3048,3253,365,-774,-2816
62,-20736,18274,-470,-970,188,-2848
2354,25830,-678,-976,-533,-500,-2848
1740,-11852,15648,979,1434,-158,-2816
5638,-12290,13950,-1022,61,153,-2848
2222,5016,5832,316,1092,-411,-2848
2586,-10660,14144,1067,343,-144,-2848
-5340,29204,-5242,-4029,-1264,-263,-2848
5480,-20084,7134,4185,1983,-995,-2848
-3670,-28164,27150,-1710,-1080,1313,-2880
-9538,32767,-7518,-2395,-2322,-968,-2880
5142,-32768,19446,3057,154,701,-2848
-1990,18608,1270,-3002,-1828,-108,-2848
-822,8998,3356,2439,605,-564,-2848
1740,-15402,17076,127,634,-150,-2848
-4036,10932,-796,-2518,-1633,316,-2848
3962,-5976,2946,1363,1211,-376,-2848
-3768,-1532,9274,-686,202,-126,-2848
5900,3606,12072,1249,2581,-937,-2832
-1458,-25710,27216,1484,932,349,-2880
-3690,32330,-5542,-4905,-1823,-310,-2864
-2300,14246,-5996,4621,1848,-1249,-2864
-6958,7288,15764,-1879,-1654,2089,-2864
3868,16864,-394,477,221,-1152,-2832
6064,-21832,21062,2779,1310,22,-2864
1578,8088,10574,-3014,-1002,-109,-2864
-4262,11420,-712,-1785,-1269,254,-2864
4350,-8710,4454,1704,1586,-330,-2864
1258,3932,8106,-531,814,-192,-2864
6060,538,13100,2319,2895,-836,-2832
-2268,-21782,24694,-1385,-516,709,-2832
-3428,32767,-6608,-2583,-528,-1156,-2848
4506,-32768,26770,5324,2498,-478,-2816
-7504,13610,12286,-4225,-2740,1642,-2848
3680,13270,802,2479,520,-1184,-2848
5594,-23836,22062,1176,89,170,-2848
364,24182,-2426,-2356,-837,-326,-2880
-144,4648,8340,454,1021,-53,-2880
7648,-21404,17494,106,803,-5,-2848
2262,4890,3140,117,1128,-398,-2832
-968,-9770,12734,1967,1111,-300,-2848
-9648,22622,-3202,-4808,-1892,76,-2880
1474,11350,-5112,2973,1655,-1464,-2848
3354,-32768,29342,807,195,1009,-2816
-8826,32767,-11156,-5171,-3448,61,-2864
7700,-27956,5434,3688,163,-230,-2864
-3806,-4708,9586,-2041,-1799,178,-2864
-708,21630,-2326,653,-223,-591,-2864
1432,-17372,19280,1400,1593,-217,-2832
544,402,5282,-2352,-1092,315,-2832
2300,4526,2150,708,973,-443,-2864
-1984,-9430,12510,-59,-74,-105,-2864
690,22162,2650,-1891,540,-652,-2864
4648,-32768,24380,4061,2022,-354,-2864
-6822,4534,11324,-4382,-1942,875,-2848
-8592,32767,-11102,1455,-267,-1632,-2848
-340,-26050,25724,791,-616,1609,-2816
2398,26400,-3214,-1781,-736,-729,-2848
2934,-3532,10782,3218,1360,-193,-2848
402,-14922,18844,-1907,-560,-73,-2848
-4502,13976,1072,-1876,-1295,231,-2848
6002,-16268,9228,1781,1595,-338,-2848
-1460,1740,8088,-550,873,-242,-2880
5024,-8852,14798,2698,2908,-759,-2832
-7316,-2766,13988,-1711,-716,755,-2848
-1590,32767,-8974,-3072,-802,-1054,-2848
4574,-16954,6886,5235,2382,-579,-2848
-9464,32548,-88,-4347,-2796,1542,-2864
4184,-1548,2444,2612,542,-1132,-2832
1958,-24604,20950,1029,-52,186,-2832
2702,24254,1386,-2206,-867,-333,-2832
1576,-8086,13474,465,944,-51,-2864
6836,-15326,15494,-55,755,-21,-2832
2262,4724,6796,216,1259,-368,-2832
4038,-9192,14488,1774,919,-273,-2864
-6844,28692,-5960,-4716,-1844,-3,-2832
4416,-11418,3138,3264,1713,-1389,-2832
-1790,-32768,30474,246,-96,1056,-2832
-9186,32767,-3726,-4237,-3152,-399,-2832
6092,-32768,15144,3663,201,127,-2864
-3022,12792,2874,-2700,-1941,101,-2832
-1282,12370,1228,1542,161,-625,-2864
1550,-10848,15194,938,1221,-168,-2864
-2814,7468,538,-2345,-1272,329,-2864
3488,-1782,1908,846,1027,-399,-2864
-3844,-3742,10096,-284,-54,-87,-2832
-5350,29472,-5572,-1048,1207,-737,-2832
886,-31768,28780,3317,1698,-123,-2864
-4808,26280,-1660,-4530,-1894,711,-2832
-4812,22636,-8034,2040,123,-1630,-2832
5460,-32768,19134,446,-664,1694,-2832
3752,20852,-1740,-1500,-619,-747,-2832
5798,-16788,18586,3093,1331,-129,-2848
1142,264,13728,-2508,-763,-101,-2848
-3336,9624,-502,-1425,-984,217,-2848
7414,-20110,14354,1694,1694,-321,-2880
656,3086,8246,-342,1079,-210,-2880
5832,5098,11544,2635,2799,-714,-2848
-486,-27722,27470,-2548,-1120,708,-2848
-70,22392,-7502,-1953,-234,-1323,-2848
5578,-32768,22226,5141,2476,-270,-2848
-6560,5278,16606,-4606,-2965,1502,-2880
6994,-19638,2988,3048,413,-1008,-2864
-2364,-14558,14556,845,-189,179,-2880
1434,25566,-2552,-2005,-730,-381,-2848
-1712,7474,6786,826,1201,-95,-2864
3906,-6094,9868,-625,362,45,-2832
2020,4060,4578,321,1114,-340,-2864
342,-9478,12832,1193,466,-215,-2864
-9614,17648,-458,-4360,-1572,-126,-2864
5276,-28730,14942,3848,1970,-1227,-2864
-5238,-15480,20560,-805,-609,1231,-2832
-9202,32767,-10422,-3342,-2876,-766,-2832
7212,-23828,4074,3379,71,449,-2864
386,23426,-1418,-2982,-1992,-36,-2864
616,3302,6552,2082,374,-595,-2864
1296,-17332,18802,601,995,-194,-2864
2038,-3324,7924,-2612,-1623,353,-2896
2206,5224,3264,606,955,-428,-2848
-948,-10270,12912,340,-5,-161,-2864
-980,25120,92,-2743,-142,-520,-2864
5418,-32768,19698,4340,2136,-590,-2832
-6206,-5266,15908,-3726,-1763,1058,-2848
-8832,32767,-11360,467,-833,-1578,-2880
1506,-30934,25234,1521,-331,1368,-2848
1576,25170,-2264,-2269,-1087,-499,-2848
1806,748,8560,2072,441,-570,-2848
864,-17072,19140,614,867,-133,-2848
612,932,4930,-2663,-1645,324,-2848
5534,-14676,7502,1445,1158,-396,-2864
-1994,670,8318,-642,83,-102,-2848
1308,20824,3582,291,2106,-954,-2848
4322,-32768,25064,1247,812,426,-2832
-1686,32767,-9122,-5089,-1901,-136,-2864
4294,-10974,2958,4269,1527,-1317,-2864
-840,-23760,25548,-1507,-1550,2021,-2864
2928,26104,-3186,162,215,-1097,-2864
3438,-25120,21962,2870,1377,3,-2832
2740,22788,3042,-3003,-992,-103,-2832
-4550,12968,1744,-935,-464,154,-2864
6074,-16098,9286,1400,1625,-272,-2864
2218,3984,7290,-100,1291,-265,-2832
4514,-8330,14534,2653,2329,-550,-2832
-7190,-1332,12558,-3652,-1611,508,-2832
-1424,32678,-8776,-187,426,-1483,-2864
-704,-32768,31412,3943,1879,151,-2832
-8924,32767,-1876,-5334,-3382,600,-2816
4028,-4212,3018,3595,371,-598,-2848
1046,-22652,19562,-1155,-1387,179,-2848
-1386,14276,438,-335,-414,-528,-2880
1882,-9726,14386,1248,1582,-172,-2816
6188,-14312,15186,-1528,-377,182,-2880
2390,5196,6274,422,1010,-416,-2848
-3816,-4562,10296,669,102,-140,-2848
-6192,29492,-5794,-3284,-622,-418,-2848
5166,-16428,5144,4326,2062,-759,-2880
-4964,23488,-400,-3287,-1632,1205,-2864
-5250,24376,-8464,-1159,-1702,-1239,-2848
5720,-32768,17518,2475,0,977,-2848
-2686,16058,2060,-2801,-1555,-260,-2848
-1124,10626,2062,2824,870,-421,-2848
1558,-1740,14440,-515,266,-131,-2880
-3564,10176,-698,-2491,-1652,302,-2880
3624,-4730,2580,1623,1338,-385,-2848
704,3092,7654,-772,552,-162,-2864
5652,6068,11198,1472,2690,-949,-2848
-532,-28306,28486,409,347,580,-2848
-4082,30608,-4162,-4766,-1675,-454,-2848
6518,-32768,20916,5192,2258,-1029,-2832
-6236,2860,18024,-2743,-2119,2099,-2864
3784,19052,-844,1227,442,-1285,-2832
6188,-19722,19920,2408,1028,76,-2864
1524,26448,-2004,-3009,-1021,-159,-2864
-3980,10932,-724,-1487,-1015,194,-2832
7440,-20676,15416,1731,1659,-320,-2896
1040,3572,8132,-415,1018,-233,-2864
5876,2884,12250,2591,2785,-735,-2864
-1146,-24920,26192,-2244,-971,728,-2864
444,19906,-7056,-2375,-405,-1194,-2832
5042,-32768,24146,4847,2375,-183,-2880
-6838,8310,14842,-4803,-3013,1345,-2848
3752,15466,0,2900,430,-1026,-2848
-2842,-11732,13094,451,-435,207,-2848
774,24912,-2442,-1746,-703,-434,-2848
-1228,6872,7120,667,1191,-63,-2848
7616,-20872,16332,-365,504,43,-2848
2182,4710,4042,174,1082,-373,-2848
134,-9904,12896,1555,725,-265,-2816
-9682,18614,-1066,-4590,-1759,-26,-2848
5438,-30100,15976,4021,2002,-1172,-2864
-5470,-13196,19652,-263,-346,1219,-2848
-9308,32767,-10670,-3933,-3109,-575,-2880
7400,-25076,4292,3571,89,258,-2848
510,23828,-1476,-2978,-1951,-33,-2832
628,3418,6552,1717,205,-600,-2848
1448,-18014,18944,987,1190,-167,-2848
1194,-1482,6870,-2786,-1600,362,-2848
2338,5488,2560,1239,1075,-392,-2848
-2230,-210,8406,-645,0,-115,-2848
40,24192,1242,-268,1729,-897,-2880
5222,-32768,22460,2649,1476,168,-2848
-2248,32767,-8690,-5091,-2018,137,-2832
2734,-3550,-394,2779,530,-1607,-2848
398,-29068,25872,-239,-1010,1868,-2848
1846,26586,-3068,-407,-30,-1070,-2864
4588,-26274,22806,3166,1461,-23,-2864
2462,18964,5352,-2831,-946,-77,-2864
-4684,14420,322,-1221,-727,143,-2864
5714,-15222,8228,1668,1689,-285,-2864
2116,5016,7378,-301,1164,-283,-2832
5478,-7620,14774,2831,2626,-657,-2832
-6474,-6462,16010,-3208,-1463,670,-2832
-2012,32767,-8922,-1062,52,-1453,-2864
748,-32768,31986,4588,2195,-69,-2832
-9092,28944,2382,-4905,-3069,1160,-2864
4042,1834,2232,3069,501,-996,-2864
2868,-25136,21820,244,-531,247,-2864
-1174,18014,-1412,-1570,-681,-397,-2864
1188,-5528,12538,1016,1338,-134,-2848
7134,-16754,16024,625,1170,-114,-2848
2518,4562,6950,90,1304,-382,-2848
4414,-7874,14456,2187,1468,-357,-2848
-7122,-1776,12820,-4621,-1905,241,-2816
3926,-6864,1336,2145,1276,-1548,-2880
-746,-32768,31498,1713,752,785,-2848
-9066,32767,-1464,-5089,-3369,59,-2880
7030,-32768,12992,3679,235,-2,-2832
-3470,9832,4124,-2001,-1779,175,-2880
-1326,14384,406,1177,20,-601,-2832
1758,-8904,14360,1098,1413,-184,-2800
-2504,6758,1210,-2312,-1173,331,-2864
3330,-494,1588,587,1001,-415,-2848
-3728,-4972,10528,92,-66,-105,-2848
-6150,29574,-6182,-2102,378,-587,-2848
5258,-16394,4586,4065,1962,-428,-2848
-5266,23394,50,-3802,-1760,1076,-2880
-5450,25354,-8756,595,-721,-1576,-2848
5892,-32768,17522,1462,-341,1403,-2848
-3200,16370,2094,-2295,-1094,-568,-2880
5808,-15298,17846,3125,1192,-285,-2848
840,-2182,14860,-1502,-337,-99,-2848
-2994,9240,-364,-1970,-1418,257,-2848
7254,-20306,13914,1738,1639,-340,-2832
370,3254,8192,-604,700,-156,-2816
5440,6808,11030,2383,2910,-819,-2896
132,-29018,27946,-1636,-668,700,-2864
-186,24532,-7726,-3100,-773,-1030,-2864
6090,-32768,20216,5443,2513,-644,-2864
-5928,1918,18068,-3857,-2580,1829,-2864
3736,18964,-868,2147,504,-1206,-2864
-1828,-16380,15684,1521,366,125,-2896
1688,26214,-2016,-2571,-880,-295,-2864
-1980,8678,6070,188,624,21,-2864
7522,-20404,15264,416,1037,-109,-2832
2036,4372,5054,145,1253,-357,-2864
800,-9676,13196,1949,1229,-365,-2832
-9442,15670,800,-4686,-1907,147,-2832
188,20488,-6920,3124,1701,-1406,-2848
-4732,-19206,22604,504,33,1041,-2848
-9136,32767,-9876,-4439,-3273,-354,-2848
6752,-21300,3664,3695,142,107,-2880
-2844,-11886,12826,-2697,-1942,108,-2848
152,5212,5584,1465,143,-621,-2848
1420,-17112,18280,1049,1344,-164,-2848
2888,-4982,9100,-2373,-1342,345,-2848
2104,5302,3798,315,978,-426,-2848
-166,-10646,13076,845,206,-169,-2848
-1846,26590,-1070,-3143,-483,-428,-2832
5608,-31960,17332,4192,2053,-1142,-2864
-6148,-10334,18754,-570,-495,1284,-2848
-9446,32767,-10974,-3793,-3053,-647,-2848
7998,-26600,4220,3557,138,289,-2848
904,24614,-1960,-3053,-1954,-80,-2832
888,2938,6928,1826,244,-587,-2848
900,-18056,19062,802,1046,-175,-2848
1462,-830,6130,-2713,-1703,334,-2832
5160,-12844,6298,1312,1105,-389,-2864
-2324,312,8340,-659,135,-119,-2832
494,22430,2214,530,2252,-976,-2832
5016,-32768,22934,1813,1096,296,-2864
-2282,32767,-8888,-5068,-2022,104,-2832
2638,-4936,638,3720,1115,-1402,-2896
-64,-28072,25700,-1003,-1351,1989,-2832
2304,26536,-3468,-264,18,-1059,-2864
4248,-26266,22476,3137,1447,0,-2832
2546,19946,4478,-2872,-982,-98,-2832
-4912,14232,478,-1206,-724,166,-2832
5694,-15170,8336,1618,1602,-251,-2864
2288,4572,7472,-284,1219,-295,-2864
5206,-7288,14538,2694,2345,-520,-2848
-6250,-5706,15424,-3737,-1633,521,-2848
-1952,32767,-8814,-117,488,-1490,-2848
506,-32768,31720,3860,1873,183,-2816
-8670,28958,1682,-5145,-3266,810,-2816
3664,1030,2698,3330,400,-760,-2848
2472,-24134,21194,-555,-1037,189,-2848
-1436,16930,-874,-886,-617,-498,-2848
1718,-6026,12832,1121,1519,-153,-2848
6680,-17092,16508,-1224,-68,137,-2848
2978,970,1672,458,1041,-421,-2832
-3324,-6558,10980,1003,309,-150,-2848
-7300,29574,-6682,-3904,-1147,-297,-2848
4602,-9784,1312,4362,2050,-778,-2864
-5732,16744,3508,-2525,-1430,1333,-2800
-6740,29464,-9796,-1331,-1776,-1239,-2832
7078,-32768,13876,2570,46,953,-2832
-3518,10842,4202,-2849,-1664,-243,-2864
4872,-10642,15570,2758,821,-464,-2864
930,-7630,16622,79,568,-145,-2816
-1958,6942,702,-2456,-1626,315,-2848
2880,-1672,2234,1278,1175,-379,-2816
-370,2268,8198,-637,356,-109,-2864
4476,11294,9284,1209,2642,-937,-2832
1408,-32722,28644,701,497,476,-2832
-4938,24006,-570,-4869,-1771,-343,-2864
6292,-30490,15326,4716,1879,-1230,-2864
-4510,-6196,21340,-1938,-1702,2093,-2864
3912,22074,-1952,546,293,-1158,-2832
5884,-15758,18092,2722,1231,48,-2832
2180,26668,-1194,-3009,-990,-130,-2864
-2858,8372,92,-1707,-1280,274,-2864
7028,-19126,13372,1638,1558,-330,-2896
380,2972,8184,-362,978,-209,-2848
4982,7418,10764,2440,2793,-745,-2880
330,-29722,27496,-2069,-901,668,-2880
-340,25184,-7688,-2435,-442,-1151,-2848
5756,-32768,19896,5280,2492,-390,-2848
-5638,1672,17760,-4366,-2807,1521,-2848
3712,18414,-550,2525,450,-1076,-2848
-1904,-15796,15324,980,-103,171,-2848
1606,25856,-2100,-2164,-767,-363,-2848
-1832,9452,5942,541,1111,-67,-2848
3962,-7644,10840,-476,428,81,-2864
2098,5800,4468,70,1106,-362,-2848
792,-10674,13526,1824,967,-283,-2880
-9864,16344,660,-4835,-1940,32,-2848
5934,-27630,12736,3783,1926,-1318,-2864
-5306,-18114,22420,-550,-491,1242,-2832
-9194,32767,-10286,-3682,-2979,-685,-2832
7048,-22572,3624,3473,67,342,-2864
-238,23178,-944,-2965,-1949,24,-2832
176,5264,5550,1898,316,-623,-2864
1272,-17638,18474,797,1053,-146,-2832
2650,-3988,8372,-2576,-1563,342,-2864
4756,-10326,4582,1149,1079,-391,-2864
-2842,-512,8652,-401,-87,-88,-2880
-1098,25958,-508,-927,1321,-799,-2880
5550,-32768,19118,3273,1678,-63,-2816
-2738,32767,-7812,-4926,-1968,421,-2896
1144,2840,-2728,2072,95,-1644,-2848
1534,-32078,25428,334,-741,1731,-2816
1288,25516,-2666,-1443,-533,-785,-2848
5272,-24666,22328,3141,1412,-110,-2832
2442,15680,6892,-2536,-768,-109,-2832
-4988,13794,-128,-1456,-943,190,-2832
5314,-13264,6796,1710,1637,-303,-2832
2016,4324,7646,-358,1114,-246,-2832
5828,-5498,14192,2737,2734,-726,-2864
-5570,-10440,18468,-2816,-1220,708,-2864
-2190,32767,-8790,-1596,-147,-1354,-2832
1572,-32768,31550,4843,2298,-204,-2864
-9096,27184,4162,-4753,-2988,1345,-2864
3696,3704,2204,2900,528,-1071,-2864
3346,-25678,22056,478,-398,225,-2896
-1216,19120,-1632,-1778,-750,-395,-2832
1220,-4222,11912,819,1248,-83,-2864
7236,-17864,16684,725,1220,-130,-2848
2418,4696,6948,33,1307,-359,-2848
4752,-7630,14356,2331,1594,-350,-2848
-6782,-3544,14062,-4562,-1905,249,-2848
3550,-5316,532,1921,1250,-1597,-2880
-388,-32768,31594,1967,861,739,-2880
-9130,32158,-564,-5172,-3424,128,-2848
6888,-32768,12074,3739,182,-49,-2864
-3686,8492,4300,-1907,-1751,158,-2848
-1428,14858,-206,541,-213,-603,-2848
1722,-8340,13764,1125,1398,-179,-2864
-2186,6418,1234,-2273,-1128,293,-2832
3160,-258,1512,769,978,-407,-2832
-3858,-4950,10628,-170,-100,-78,-2896
-6262,29904,-6358,-1511,850,-705,-2832
1678,-32768,29128,3699,1854,-208,-2832
-5190,22556,656,-4207,-1837,910,-2864
-5720,26216,-9064,1361,-273,-1684,-2864
6476,-32768,16964,1623,-274,1397,-2848
3758,22884,-2478,-1945,-808,-681,-2864
5494,-14484,17228,3194,1295,-234,-2864
766,-3556,15090,-1864,-508,-96,-2864
-2892,8960,-254,-1836,-1324,256,-2832
7054,-19952,13536,1738,1542,-351,-2832
222,3022,8198,-549,856,-186,-2832
5334,7248,10656,2397,2907,-845,-2864
362,-29634,28008,-1499,-609,701,-2864
-392,25226,-7910,-3242,-873,-1006,-2864
5894,-32768,19186,5379,2469,-670,-2864
-5476,-364,18494,-3663,-2556,1814,-2864
3858,19870,-1194,2036,504,-1212,-2832
-1688,-17386,16308,1651,431,140,-2896
1740,26246,-2012,-2684,-897,-283,-2832
-2240,9320,5522,375,859,0,-2848
7302,-20404,14926,92,852,-66,-2880
2036,4430,5102,198,1207,-359,-2848
1152,-10100,13566,1801,1022,-268,-2880
-9288,14458,1738,-4739,-1903,61,-2848
210,22248,-7238,2927,1640,-1469,-2848
-4534,-21826,24112,876,238,957,-2848
-9408,32767,-9210,-4618,-3308,-217,-2848
6858,-19422,3164,3726,170,5,-2848
-720,21804,-564,-2876,-1948,53,-2864
-250,6448,4602,1255,-1,-628,-2848
1362,-16646,18030,1104,1399,-161,-2816
3486,-6260,10030,-2076,-956,275,-2864
1982,5444,4224,566,922,-412,-2864
-3146,-1396,9164,103,-101,-116,-2832
-2580,27572,-2410,-2308,270,-607,-2864
5800,-30012,14624,4215,2030,-473,-2864
-5784,-14568,20852,-3665,-1742,1140,-2832
-854,9338,-4244,400,-836,-1606,-2832
2954,-32768,24310,1595,-357,1351,-2864
234,24338,-1484,-2401,-1129,-525,-2864
686,4526,5972,3086,1211,-319,-2864
860,-18274,18990,-793,86,-118,-2848
-4908,13992,-1026,-2424,-1704,335,-2880
5020,-11408,5374,1717,1371,-367,-2848
-2846,-170,8720,-723,517,-143,-2848
-172,24198,826,1786,2813,-944,-2848
-4562,-15174,21624,-144,131,624,-2848
-2434,32767,-8302,-4406,-1493,-620,-2848
2340,-1818,-858,5097,2117,-1055,-2848
-8710,22970,7432,-3329,-2341,1971,-2832
3720,8014,1782,1239,484,-1240,-2848
4572,-25546,22544,1998,778,113,-2864
2828,18418,5172,-2850,-988,-190,-2864
996,-992,10426,-14,469,2,-2832
7490,-19166,17000,650,1240,-151,-2864
2258,4526,7382,76,1279,-332,-2832
5360,-6678,14412,2244,1471,-330,-2864
-8358,27188,-5798,-4661,-1956,234,-2832
2990,-420,-1340,2136,1312,-1545,-2864
792,-32768,31836,1808,752,754,-2864
-8778,29192,2114,-5131,-3364,98,-2864
7650,-32768,9936,3754,251,-251,-2800
-4166,5464,5744,-2035,-1804,191,-2864
-1454,17402,-1038,643,-208,-581,-2864
1774,-5850,12604,1153,1434,-211,-2848
-1426,4958,2202,-2367,-1230,308,-2848
2956,992,1672,821,1003,-407,-2848
-3342,-6542,11180,-205,-45,-101,-2848
-7370,29442,-6624,-1432,869,-702,-2848
2822,-32768,27684,3580,1752,-194,-2848
-5698,16352,3748,-4204,-1871,851,-2848
-7014,29672,-9806,1306,-311,-1515,-2848
-2248,-15474,23514,292,-593,1612,-2832
3550,23564,-2382,-1752,-775,-615,-2848
4810,-10546,15812,3063,1291,-242,-2848
788,-7320,16522,-1811,-509,-142,-2848
-3726,12590,3200,-1712,-1143,226,-2864
6838,-18950,11852,1746,1587,-336,-2848
-274,2298,8136,-516,874,-172,-2848
4512,11228,9254,2413,2952,-822,-2848
1404,-32768,28862,-1553,-640,765,-2880
-596,28958,-8440,-3188,-819,-1063,-2848
6374,-30666,15346,5471,2519,-638,-2848
-5014,-5626,21234,-3876,-2665,1862,-2880
3890,21852,-2122,2132,538,-1234,-2848
-370,-20272,17836,1617,374,158,-2848
2190,26740,-1302,-2625,-862,-302,-2848
-2798,10124,4786,236,602,2,-2848
5368,-9486,12196,-80,795,-62,-2832
2006,4092,5812,229,1281,-350,-2848
2018,-9992,13944,1918,1184,-316,-2848
-9042,11718,3650,-4690,-1906,98,-2880
5106,-22450,9748,3182,1726,-1396,-2864
-3896,-25246,25696,384,-17,1046,-2864
-9350,32767,-8640,-4343,-3234,-378,-2864
6302,-17386,3134,3723,191,139,-2832
-1460,21114,-78,-2803,-1983,121,-2864
-536,7872,3840,1481,121,-638,-2832
1680,-16580,17834,1022,1318,-176,-2832
3590,-7140,10576,-2479,-1376,346,-2832
4484,-7214,3216,949,1029,-386,-2832
-3230,-1996,9504,-309,-29,-99,-2864
-2990,27938,-2756,-1105,1103,-743,-2864
6100,-28514,13616,3388,1753,-130,-2832
-3656,32676,-5560,-4386,-1893,766,-2832
-1858,12528,-5098,2621,438,-1527,-2848
3202,-32768,23452,-91,-851,1766,-2848
-168,23038,-1162,-1053,-334,-844,-2848
5838,-21718,21060,3093,1361,-126,-2848
2052,8954,10064,-2344,-749,-83,-2848
-4916,13252,-1288,-1703,-1075,202,-2848
4606,-9826,4480,1897,1673,-316,-2848
1740,4306,7572,-533,990,-227,-2816
6404,-968,13342,2810,2931,-764,-2848
-3388,-19960,24756,-2425,-1104,823,-2848
-2980,32767,-7584,-4859,-1718,-374,-2848
84,6192,-3662,4111,1446,-1392,-2832
2160,-32768,24870,-1986,-1773,2104,-2848
3846,12694,564,532,254,-1184,-2848
5602,-24814,22246,2859,1344,52,-2848
2168,13298,8334,-3036,-1020,-108,-2816
-4768,13442,-554,-695,-199,139,-2848
7630,-20448,16936,1316,1596,-242,-2816
1972,4652,7558,-173,1205,-309,-2880
5844,-3222,14024,2653,2242,-533,-2848
-4156,-15092,21008,-3930,-1721,510,-2848
1934,8284,-4432,249,640,-1579,-2848
2882,-32768,30034,3670,1779,274,-2848
-7908,21270,7506,-5307,-3352,729,-2816
7846,-29874,6522,3689,309,-551,-2864
-4270,-2058,8660,-741,-1156,227,-2816
-800,21142,-1968,-199,-398,-570,-2864
698,50,10342,1281,1585,-145,-2832
508,878,4830,-1679,-533,199,-2864
2498,3538,2348,413,980,-399,-2832
-2442,-7974,11662,523,98,-122,-2832
-8556,26354,-5480,-3039,-405,-417,-2864
4356,-32768,24196,4319,2110,-692,-2832
-5862,5712,9304,-2824,-1531,1226,-2864
-7662,32767,-10836,-837,-1556,-1333,-2864
7880,-32768,9428,2281,-75,1047,-2864
2956,24970,-2814,-2699,-1446,-325,-2832
3538,-5650,12788,2896,961,-370,-2864
1304,-13104,18444,-673,162,-150,-2864
-960,4700,2382,-2358,-1635,311,-2848
6256,-17720,9798,1767,1459,-356,-2816
-982,1724,7970,-705,605,-158,-2880
2986,15978,6806,2039,2914,-909,-2848
2812,-32768,27888,-743,-206,720,-2848
-804,32704,-9026,-3971,-1242,-835,-2848
5802,-22906,9744,5276,2267,-906,-2848
-3094,-14210,23728,-3114,-2221,1904,-2848
3610,24340,-2712,1597,523,-1248,-2848
1234,-23246,19976,2421,1068,64,-2864
2446,26124,298,-3035,-1049,-155,-2864
-3370,11808,3220,-385,2,77,-2832
6832,-19048,12184,1075,1504,-214,-2864
2058,4566,6224,145,1298,-297,-2816
3202,-10382,14610,2258,1530,-370,-2816
-8942,7582,6814,-4646,-1978,272,-2848
-844,28394,-8294,1855,1143,-1593,-2880
-2858,-31272,28878,2152,1017,688,-2848
-9596,32767,-6288,-5295,-3443,240,-2848
5622,-11706,2584,3820,325,-384,-2848
-516,-19838,17648,-1853,-1730,247,-2848
-1010,11148,2134,343,-205,-631,-2848
1596,-13950,16216,1198,1488,-146,-2848
5266,-10240,12510,-1869,-744,262,-2848
3642,-4018,2416,683,983,-403,-2832
-3694,-2542,9518,254,-29,-109,-2848
-4536,28484,-4436,-4178,-1441,-183,-2832
5246,-21514,8986,3955,1975,-1126,-2864
-3846,-26184,26226,-1085,-724,1247,-2832
-9456,32767,-7954,-3081,-2722,-788,-2832
4548,-32768,20160,3284,103,519,-2832
-1406,19230,354,-2949,-1942,-50,-2864
-648,8094,3650,2193,490,-552,-2832
1624,-15576,17374,498,875,-169,-2864
-4520,11510,-1112,-2641,-1648,360,-2832
4342,-6344,2908,1270,1139,-380,-2832
-3356,-2146,9666,-606,96,-119,-2832
-3198,28448,-3272,678,2307,-960,-2848
-1592,-25808,27578,1531,929,358,-2848
-3962,32767,-5368,-5052,-1891,-36,-2848
-1952,13752,-5984,4106,1448,-1406,-2848
3352,-32768,23320,-1356,-1478,2096,-2848
3728,16616,-120,-81,86,-1085,-2848
5922,-21748,20954,2984,1357,-13,-2848
1790,7968,10360,-2952,-992,-54,-2848
-4620,12778,-1262,-1030,-486,138,-2848
7634,-21362,16764,1582,1684,-258,-2816
1600,4212,7748,-396,1092,-264,-2864
6470,-1510,13310,2828,2702,-698,-2864
-3458,-19390,23942,-3029,-1352,726,-2864
1040,13044,-5590,-1307,12,-1434,-2864
4396,-32768,28462,4824,2383,-193,-2832
-8034,16332,11334,-5221,-3239,1109,-2848
3738,11930,938,3296,492,-998,-2880
-3936,-6866,11234,-126,-773,260,-2880
-250,23418,-2646,-1299,-651,-464,-2848
268,2664,8846,1104,1404,-126,-2848
7666,-20664,17124,-995,73,109,-2848
2206,3816,2946,321,1098,-399,-2848
-1498,-8622,12100,1002,369,-191,-2848
-9274,24090,-4048,-3988,-1276,-246,-2848
1998,7314,-3784,4073,2061,-1049,-2848
-5906,-2728,14016,-1328,-879,1255,-2880
-8376,32767,-10978,-2837,-2591,-811,-2848
7514,-29904,6848,3215,92,569,-2848
2006,25342,-2690,-2933,-1771,-175,-2832
2198,-2046,10274,2341,542,-520,-2848
1336,-15818,18874,346,776,-184,-2848
-30,1780,4330,-2681,-1703,324,-2816
5692,-15298,7898,1451,1232,-371,-2864
-1612,642,8134,-692,341,-127,-2832
1274,20246,4052,1005,2426,-933,-2864
4108,-32768,25512,1133,748,435,-2864
-1646,32767,-8982,-5004,-1869,-164,-2864
3684,-11760,4204,4208,1519,-1259,-2864
-962,-23262,25170,-1505,-1514,1940,-2864
2948,25212,-3078,212,117,-1031,-2864
3012,-24800,21124,2825,1328,9,-2864
2480,22356,2776,-2935,-1059,-111,-2864
-4532,14702,1234,-986,-372,104,-2832
6168,-17940,10202,1494,1582,-222,-2864
2214,5280,6670,-213,1256,-305,-2864
4748,-10016,14864,2835,2361,-567,-2832
-8160,1036,11744,-3960,-1743,565,-2864
-964,32446,-8924,103,547,-1618,-2832
-1338,-32768,31570,3837,1949,167,-2864
-9934,32767,-2330,-5349,-3357,877,-2832
5014,-4866,2134,3503,490,-871,-2864
1332,-23840,20322,-566,-1009,263,-2832
-1434,15160,-258,-975,-537,-526,-2832
1506,-10166,14266,1057,1297,-104,-2832
6276,-13486,14262,-1134,16,119,-2864
2194,4658,6266,480,1135,-360,-2864
-3546,-4450,10026,627,100,-134,-2848
-6370,28984,-5826,-3393,-760,-352,-2848
4824,-13806,3894,4290,2064,-817,-2848
-2250,-32768,30072,-2259,-1325,1261,-2880
-6124,26682,-9016,-1626,-1964,-1153,-2880
6232,-32768,16148,2683,49,902,-2848
-3114,14600,2430,-2922,-1698,-192,-2848
-1202,12376,1186,2677,755,-490,-2816
1548,-4314,15336,-165,490,-174,-2848
-3534,8590,4,-2519,-1746,345,-2848
3466,-2448,1870,1477,1229,-391,-2848
592,2112,8138,-667,477,-134,-2864
4496,9934,9754,860,2387,-925,-2848
818,-31658,28532,444,401,507,-2832
-4822,25972,-1640,-4706,-1624,-444,-2832
5870,-32620,17772,4838,1992,-1106,-2832
-4800,-2916,19924,-2186,-1755,1980,-2864
4034,20412,-1278,795,322,-1121,-2864
5786,-16890,18954,2480,1143,58,-2832
1682,26000,-1398,-2876,-980,-148,-2864
-2256,10566,5270,-648,-37,93,-2832
7282,-21300,15204,1276,1519,-218,-2832
960,3240,7892,-141,1217,-289,-2832
1674,-11528,13808,2716,2103,-491,-2864
-10178,15510,1476,-4318,-1864,485,-2832
96,21906,-7524,813,824,-1730,-2832
6200,-32768,22728,3298,1660,423,-2864
-10128,32767,-9426,-5510,-3549,412,-2848
7962,-20490,2362,3753,396,-795,-2864
-2488,-14796,15218,-958,-1239,286,-2864
1102,26180,-2206,-1102,-569,-510,-2848
964,-17882,18390,1327,1464,-142,-2864
3574,-5014,9178,-1245,-47,116,-2848
2108,4430,4292,443,1045,-382,-2848
200,-10050,13204,517,71,-130,-2832
-2016,26502,-1680,-3239,-577,-417,-2864
5704,-29858,16406,4320,2194,-760,-2864
-5268,-13734,20522,-2376,-1382,1253,-2864
-8706,32767,-10482,-1575,-1936,-1181,-2832
2806,-32768,23580,2583,6,906,-2864
328,24054,-1626,-2864,-1661,-245,-2864
764,3734,6658,2721,871,-463,-2864
1292,-17322,18946,-298,425,-137,-2864
-5392,13628,-1022,-2559,-1794,317,-2832
4982,-10532,4618,1441,1212,-393,-2864
-2630,-932,8780,-654,399,-148,-2832
-880,24422,416,1060,2476,-881,-2864
-3722,-16638,21942,937,652,386,-2864
-2604,32767,-7954,-4879,-1787,-265,-2832
1160,94,-718,4894,1957,-982,-2848
1306,-29848,24874,-2444,-1876,1840,-2816
3346,8448,1782,1073,395,-1066,-2880
4306,-23918,21902,2275,1019,40,-2848
2628,17688,5744,-2851,-1057,-155,-2848
-5026,14972,-292,-476,142,60,-2816
7498,-19884,17278,1113,1447,-169,-2816
2258,4666,7082,-65,1271,-350,-2816
5646,-6990,14422,2639,1894,-433,-2880
-6744,-7048,17104,-4634,-1990,379,-2848
3380,-1510,-1762,1523,1003,-1706,-2848
972,-32768,32422,2527,1239,625,-2848
-9620,30820,2068,-5453,-3461,391,-2848
8372,-32768,9916,3840,314,-306,-2864
-4320,5430,6396,-1517,-1555,243,-2848
-1294,18038,-1284,16,-319,-619,-2848
1502,-6534,12616,1232,1418,-153,-2832
6898,-15764,15508,-1862,-607,209,-2848
2646,-204,2286,612,1060,-386,-2848
-3380,-5204,10504,234,-84,-124,-2816
-7014,29208,-6258,-2593,-39,-534,-2848
4270,-10352,2156,4204,2049,-567,-2816
-5376,17028,3134,-3185,-1652,1142,-2848
-6622,29056,-9580,-241,-1185,-1425,-2848
6790,-32768,14714,2009,-147,1217,-2880
-3562,12666,3444,-2651,-1337,-411,-2848
5274,-11840,16050,3024,1066,-348,-2848
1038,-6576,16384,-1031,38,-144,-2880
-2514,6528,896,-2206,-1610,316,-2848
6652,-18716,12092,1694,1500,-355,-2864
-80,2056,8382,-589,577,-154,-2848
3962,11352,8942,1551,2626,-860,-2880
1834,-32608,27924,143,221,458,-2848
-886,29434,-8454,-3952,-1233,-717,-2832
5458,-27808,14290,5153,2192,-848,-2864
-3732,-8168,21094,-2983,-2148,1815,-2864
3742,21790,-1812,1502,389,-1122,-2864
-164,-20104,17622,1963,711,61,-2832
2016,25810,-828,-2714,-989,-211,-2864
-2816,12282,4152,-216,406,17,-2832
7252,-21602,14658,899,1327,-134,-2864
1868,6390,5264,-106,1202,-341,-2832
2402,-11574,14138,2512,1694,-393,-2864
-9796,11820,4068,-4712,-2002,331,-2896
-250,25624,-8124,1796,1169,-1692,-2864
-4218,-26658,27176,2386,1109,671,-2864
-10204,32767,-7918,-5460,-3527,338,-2864
6736,-15924,2278,3856,259,-497,-2832
-1042,-18194,16590,-2216,-1813,272,-2816
-914,10242,2318,658,-176,-639,-2848
1268,-16422,17222,1253,1428,-151,-2848
4320,-7682,10770,-2191,-1023,278,-2848
1870,5154,4632,806,994,-367,-2880
-3494,-1684,8834,-147,-184,-105,-2816
-3242,28518,-3794,-1952,488,-665,-2848
5854,-27052,12184,4010,2067,-359,-2848
-5000,-20284,23950,-3157,-1680,1252,-2864
-2510,15442,-6410,-559,-1407,-1390,-2864
3714,-32768,22462,1595,-360,1380,-2848
-986,22242,-674,-3077,-1992,16,-2848
-386,7346,4158,2048,388,-617,-2848
1162,-17334,18252,648,959,-164,-2848
3584,-6096,9782,-2547,-1591,340,-2848
4470,-7694,3424,1103,999,-417,-2848
-3172,-1872,8950,-417,150,-117,-2848
-2440,26662,-1912,-244,1756,-798,-2848
-2216,-22970,25024,1871,1077,215,-2864
-3478,32767,-6504,-4869,-1994,336,-2848
-1316,9194,-3916,2984,620,-1452,-2848
2776,-32768,23622,-1007,-1262,1827,-2864
3410,13020,752,-153,59,-927,-2864
5264,-22770,21532,2961,1361,-52,-2832
2694,11588,8502,-2802,-944,-117,-2864
-5402,14324,-1102,-1340,-642,170,-2832
7558,-21600,17374,1748,1597,-246,-2832
2060,3766,7390,-327,1214,-268,-2864
5962,-2674,13546,2901,2570,-606,-2832
-4418,-15290,21794,-3537,-1553,662,-2832
2066,7902,-4296,-521,331,-1590,-2864
2856,-32768,30612,4211,2059,93,-2864
-8368,22370,7372,-5123,-3202,975,-2832
3266,7888,1786,3165,412,-865,-2864
-3946,-2406,8662,-127,-768,197,-2832
-558,20574,-1876,-622,-491,-543,-2848
894,-1158,10796,1189,1414,-127,-2848
7506,-18628,16504,-1482,-186,131,-2848
2320,1894,2548,496,1067,-401,-2816
-2792,-6920,11048,555,20,-138,-2880
-8142,28042,-6390,-3295,-570,-421,-2816
3360,-3262,-832,4357,2072,-743,-2848
-5822,10112,7042,-2593,-1491,1300,-2816
-7528,32767,-10688,-1283,-1771,-1278,-2848
8130,-32768,11184,2566,12,993,-2848
-4382,7562,5596,-3105,-1875,-142,-2864
4364,-7876,13592,2866,878,-430,-2848
752,-11576,18006,-476,279,-122,-2880
-1188,5118,1958,-2337,-1669,285,-2848
2802,-216,2220,1418,1275,-392,-2848
-892,1904,8078,-598,355,-134,-2848
3140,14834,7150,1106,2476,-877,-2848
2824,-32768,27256,781,577,362,-2880
-5376,16496,3010,-4777,-1771,-301,-2848
5136,-22048,10556,4478,1775,-1197,-2848
-2504,-14064,22956,-1788,-1574,1868,-2848
3752,23694,-2238,528,265,-1041,-2880
5048,-11962,16374,3098,1297,-222,-2848
1366,-6678,16260,-2290,-661,-141,-2832
-3666,13196,3042,-1735,-1117,209,-2832
6714,-20366,13026,1924,1680,-311,-2864
220,2516,7734,-566,992,-212,-2832
4354,11728,8916,2640,2890,-762,-2832
-9032,6864,7394,-2230,-1020,779,-2864
-430,29356,-8502,-2425,-430,-1267,-2832
6278,-29750,14776,5323,2542,-458,-2832
-4228,-7216,21882,-1834,-1635,2020,-2864
3766,22202,-1764,412,223,-1090,-2832
5618,-14646,17582,2393,1101,55,-2816
2058,26316,-720,-2927,-1003,-154,-2848
-2776,11506,4372,-471,20,101,-2880
7130,-20546,14108,1194,1515,-202,-2848
496,2894,8082,-83,1235,-275,-2816
2564,-11160,14120,2620,1998,-477,-2816
-9822,11850,3938,-4351,-1914,444,-2816
-344,25600,-8218,954,908,-1683,-2848
6376,-32768,19062,3195,1589,451,-2848
-10306,32767,-7802,-5544,-3529,657,-2880
6754,-15822,2308,3729,349,-728,-2848
-1246,-18206,16696,-1098,-1331,252,-2848
1640,26320,-1768,-476,-431,-586,-2848
1078,-15958,17060,1260,1453,-126,-2848
4684,-7870,10964,-1564,-343,177,-2848
2096,4664,5060,544,1024,-372,-2848
1394,-10184,13458,817,213,-202,-2832
-3344,27850,-3448,-3785,-1038,-285,-2864
5404,-25720,12422,4263,2123,-988,-2832
-4632,-20754,23954,-1787,-1106,1328,-2864
-9394,32767,-9224,-2375,-2373,-983,-2864
3628,-32768,22170,2950,55,716,-2864
-832,22190,-862,-3023,-1870,-148,-2832
-384,6092,4924,2494,601,-505,-2864
1542,-17508,18300,200,650,-133,-2864
-5336,13310,-1360,-2702,-1856,361,-2864
4838,-8672,3536,1433,1149,-414,-2832
-3078,-1730,9106,-683,258,-134,-2832
-2114,26698,-1410,1216,2550,-929,-2848
-2976,-21168,24842,806,574,452,-2848
-2948,32767,-7224,-4846,-1820,-332,-2848
-458,6460,-3098,4519,1699,-1148,-2848
2208,-32768,24234,-1902,-1637,1920,-2848
3394,11766,1118,605,297,-1059,-2848
5116,-23708,21896,2665,1232,50,-2848
2468,13572,7774,-2947,-1088,-129,-2848
-5064,14450,-784,-753,-157,75,-2848
7582,-21018,17356,1330,1535,-196,-2816
1946,4442,7168,-193,1259,-342,-2848
6194,-5148,14144,2814,2187,-483,-2848
-9382,25972,-5368,-4583,-1978,367,-2832
2518,4314,-3724,743,814,-1696,-2848
2364,-32768,31408,2537,1181,599,-2832
-9082,24728,6136,-5404,-3468,383,-2864
3598,6536,1948,2691,504,-1100,-2864
4282,-25456,22326,894,-121,177,-2864
-588,20444,-1986,-2059,-734,-386,-2832
654,-2136,10998,506,845,-12,-2832
7502,-17264,15686,-207,705,-27,-2832
1978,3864,7494,373,1306,-333,-2832
-2666,-6248,10862,1481,696,-246,-2832
-8000,26872,-5660,-4604,-1731,-42,-2832
2954,-1006,-1070,3449,1799,-1325,-2864
556,-32768,31622,3282,1579,399,-2864
-9024,30490,1358,-5415,-3368,594,-2832
3308,384,2760,3628,338,-603,-2864
-4244,6384,5704,-1162,-1428,188,-2832
-880,16818,-772,-362,-344,-586,-2864
1086,-5628,12784,1131,1488,-159,-2848
7020,-16052,15774,-1675,-579,221,-2848
2946,956,2028,490,999,-384,-2848
-3320,-5422,10374,401,8,-103,-2848
-7290,27898,-5944,-4612,-1767,-65,-2848
3640,-8466,1848,3512,1769,-1301,-2848
