AcX,AcY,AcZ,GyX,GyY,GyZ,Tmp
-10208,32444,862,-4610,-3404,-358,-2912
4482,-360,2082,3909,334,-412,-2944
-4382,7056,5550,-1733,-1673,195,-2880
-1376,17898,-1430,135,-280,-640,-2912
1274,-7056,13056,1211,1464,-106,-2880
-690,5374,1922,-2071,-924,267,-2928
2680,-426,2558,656,1039,-378,-2912
-3236,-5454,10510,302,-83,-139,-2944
-7108,28408,-6366,-2153,341,-559,-2928
2996,-32768,27002,4087,2067,-417,-2960
-5544,15360,3408,-3707,-1807,1013,-2928
-6636,29400,-10174,543,-712,-1583,-2896
7028,-32768,14328,1466,-367,1437,-2896
3924,24074,-2734,-2335,-1075,-568,-2928
5472,-11412,15820,3172,1240,-294,-2928
1008,-7334,16760,-1376,-205,-141,-2896
-2644,6822,914,-2148,-1584,304,-2928
6778,-18808,12432,1725,1491,-366,-2896
194,1872,8334,-582,733,-194,-2928
3614,12836,8372,2165,2857,-802,-2944
1900,-32768,27884,-1211,-467,620,-2912
-770,30422,-8872,-3366,-947,-982,-2912
5630,-28164,14948,5329,2375,-566,-2912
-3784,-7460,21210,-3720,-2543,1691,-2880
3858,21508,-1732,1912,471,-1096,-2880
-274,-20110,17588,1598,415,80,-2912
1878,26032,-1136,-2585,-950,-237,-2912
-2746,12616,4300,356,865,-54,-2912
4820,-10504,13176,-163,686,-2,-2928
2054,6720,4930,-54,1175,-369,-2912
1734,-12094,13974,2158,1229,-316,-2944
-9942,14900,1924,-4926,-1948,78,-2912
6222,-26042,11372,3720,1873,-1336,-2896
-5276,-20770,24752,-225,-351,1276,-2896
-9946,32767,-9468,-4119,-3169,-574,-2896
7664,-20524,3010,3769,200,244,-2896
-2450,-14816,14934,-1035,-1334,219,-2928
640,25990,-2666,-1082,-656,-490,-2944
-962,6812,6988,1025,1300,-71,-2928
3582,-4770,8986,-903,242,46,-2928
2032,4252,4004,474,1120,-381,-2944
-114,-10484,13252,754,179,-154,-2912
-9698,20910,-2120,-3686,-1017,-322,-2880
5790,-31386,17606,4362,2172,-920,-2912
-5306,-11130,18796,-1961,-1195,1343,-2912
-9070,32767,-11182,-2184,-2245,-1048,-2912
8086,-25868,4666,3027,137,774,-2880
812,24628,-2406,-3073,-1864,-160,-2912
1052,2574,7428,2580,670,-501,-2944
852,-17422,19210,-38,543,-161,-2912
-5006,12472,-424,-2329,-1694,338,-2928
5042,-10694,5584,1210,1191,-383,-2912
-2600,-188,8554,-539,477,-145,-2928
-426,23516,1094,-1255,1010,-642,-2960
5120,-32768,20966,3988,1997,-434,-2912
-5394,-3948,14232,-3861,-1773,916,-2944
1166,-1454,430,1664,-113,-1564,-2896
690,-29040,25154,1376,-268,1372,-2944
2114,25212,-2818,-2116,-969,-552,-2880
2508,-1660,10314,3139,1255,-262,-2944
2802,18222,4796,-1955,-525,-127,-2928
-5422,14070,-306,-1947,-1390,253,-2928
5678,-14414,7482,1897,1651,-332,-2928
-1698,952,8520,-570,938,-202,-2928
5518,-6016,14408,2476,2875,-775,-2928
-5906,-8270,17454,-1805,-784,646,-2928
-1448,32767,-8942,-2844,-638,-1133,-2896
4130,-12110,4754,5363,2597,-482,-2928
-9952,29824,2146,-4093,-2774,1662,-2928
3238,25978,-3252,716,305,-1132,-2944
3112,-25380,21618,2902,1352,-23,-2928
2462,23008,2400,-3019,-1060,-105,-2928
-4258,13598,1152,-812,-347,132,-2896
6202,-17606,10420,1231,1539,-215,-2912
1748,5536,6738,-280,1195,-293,-2928
4788,-9702,14936,2848,2572,-627,-2944
-7818,238,11896,-3406,-1510,663,-2912
-1590,32767,-8922,0,551,-1612,-2896
-1100,-32768,32048,4060,2062,189,-2896
-10088,32767,-1942,-5390,-3382,927,-2928
5248,-3898,2158,3510,479,-912,-2928
1700,-24734,21126,-447,-930,230,-2928
-1646,16312,-652,-1103,-578,-524,-2928
1542,-9506,14204,1041,1400,-66,-2928
6474,-13824,14564,-1072,53,63,-2928
2034,4902,6290,404,1050,-398,-2896
-3492,-4680,10190,949,252,-203,-2928
-6452,28852,-6070,-4012,-1271,-233,-2928
4338,-11868,3790,4115,2110,-1040,-2928
-1868,-32768,30524,-1403,-904,1300,-2896
-6086,27582,-9754,-1957,-2140,-1093,-2912
6472,-32768,15440,2859,26,889,-2944
-3432,13576,2644,-3034,-1781,-234,-2912
-1700,13520,558,2711,748,-485,-2880
1518,-5852,16172,-61,549,-155,-2944
-3404,8722,102,-2651,-1782,325,-2880
3562,-2202,1668,1505,1226,-378,-2912
-3548,-4878,10332,-733,305,-151,-2912
4266,10930,9152,788,2350,-916,-2880
1030,-32614,28866,1453,904,349,-2912
-5308,24526,-1020,-5050,-1932,-103,-2912
5966,-30368,16284,4569,1780,-1145,-2928
-4130,-6068,20978,-1976,-1723,1911,-2928
3830,21424,-1702,499,262,-1042,-2928
5640,-15490,18102,2744,1286,-3,-2896
1654,26418,-1412,-3003,-1103,-110,-2960
-2476,11612,4402,-718,-189,120,-2928
7112,-21880,14990,1381,1513,-247,-2896
830,3168,7522,-249,1188,-316,-2928
1732,-11844,14080,2800,2151,-489,-2896
-9852,15006,1956,-4267,-1864,489,-2896
-334,22306,-7088,754,818,-1652,-2928
6296,-32768,22682,4019,1976,181,-2944
-6974,5314,16660,-5399,-3348,977,-2912
7696,-20034,3034,3497,495,-888,-2912
-2458,-15178,15192,-371,-908,211,-2912
868,26232,-2934,-1124,-669,-503,-2880
1148,-17458,18484,1266,1407,-115,-2928
3944,-5382,9342,-1214,-1,71,-2912
2204,3770,4408,503,1141,-362,-2944
156,-9820,13126,816,232,-172,-2944
-2018,26148,-1546,-3200,-577,-386,-2896
5512,-29720,16796,4291,2160,-777,-2928
-4800,-13654,19590,-2412,-1382,1221,-2864
-8842,32767,-10830,-1485,-1890,-1130,-2928
2272,-32768,23960,2684,124,947,-2896
618,23836,-2008,-2863,-1634,-249,-2896
846,2788,7444,2849,859,-438,-2928
1472,-17294,19186,-389,337,-164,-2928
-5400,13230,-1054,-2520,-1763,343,-2928
5154,-10366,4918,1452,1289,-390,-2928
-2672,-662,8830,-616,420,-149,-2928
-754,24544,412,1079,2468,-878,-2896
-3978,-16842,22196,921,592,390,-2896
-2280,32767,-8540,-4878,-1759,-326,-2928
1500,-694,-300,5030,2091,-1013,-2912
872,-29676,25502,-2546,-1979,1944,-2912
3216,8232,1664,1033,355,-1135,-2912
4424,-25052,22122,2357,1009,52,-2912
2684,17658,5570,-2960,-1090,-186,-2912
-5084,14224,-420,-455,73,62,-2912
7378,-19712,17010,1123,1446,-186,-2912
1910,4712,7064,-70,1305,-312,-2944
5836,-6286,14494,2610,1896,-436,-2944
-8744,27116,-6222,-4777,-2031,269,-2928
3014,378,-2376,1336,1039,-1698,-2912
1114,-32768,32446,2875,1422,622,-2912
-10184,29460,3164,-5573,-3568,478,-2912
8362,-32768,9198,3928,320,-339,-2928
-4484,3652,6706,-1417,-1543,215,-2912
-1250,19232,-1840,-203,-393,-637,-2912
1024,-5286,12032,1202,1393,-106,-2880
7144,-16256,15400,-1684,-447,163,-2880
2456,56,2738,634,1025,-387,-2880
-2906,-5888,10708,391,-23,-126,-2912
-7556,27958,-6156,-3079,-409,-447,-2944
3808,-4588,252,4399,2193,-769,-2944
-5690,11232,5842,-2658,-1502,1258,-2912
-7464,31820,-10580,-1066,-1642,-1298,-2912
7474,-32768,12418,2402,-48,1099,-2912
3510,25048,-3246,-2628,-1288,-511,-2928
4646,-9086,14302,3112,1105,-315,-2928
744,-10492,17670,-1054,-62,-155,-2896
-2008,5518,1702,-2241,-1668,324,-2928
6204,-18260,11406,1654,1426,-370,-2896
-94,1280,8410,-620,625,-145,-2896
3172,15238,7196,1525,2697,-856,-2928
2768,-32768,27452,98,234,458,-2864
-1274,32000,-8780,-4363,-1474,-577,-2928
5380,-24306,12254,5092,2142,-1010,-2928
-3078,-12284,23010,-2687,-2066,1890,-2896
3908,22902,-2296,1139,413,-1140,-2896
520,-22404,18854,2302,1011,44,-2928
2334,25472,-504,-2876,-1055,-168,-2928
-3448,14200,3068,21,637,-31,-2944
6978,-22062,14334,625,1145,-108,-2912
2150,6868,5144,-120,1212,-373,-2944
2792,-12152,14446,2451,1509,-372,-2912
-9674,10840,5086,-4931,-2018,223,-2912
-262,26506,-8064,2570,1498,-1670,-2944
-4224,-26980,27738,1544,645,962,-2912
-9916,32767,-7946,-5190,-3491,-6,-2912
6998,-15474,2338,3894,271,-226,-2912
-2186,19194,272,-2610,-1949,116,-2960
-1346,10302,2648,677,-193,-592,-2880
1458,-15884,17360,1254,1479,-153,-2944
4568,-7486,11082,-2241,-986,282,-2912
4010,-6420,3198,846,1013,-421,-2928
-3722,-1636,9092,-73,-66,-98,-2880
-2696,27842,-3152,-1803,600,-618,-2912
5878,-27782,14098,3955,2004,-329,-2912
-4870,-17452,22468,-3961,-1870,918,-2944
-1840,11860,-5010,823,-557,-1634,-2912
3310,-32768,23316,1325,-422,1475,-2912
-260,23738,-1370,-2162,-982,-636,-2912
100,5700,5838,3214,1362,-247,-2944
2184,9430,10150,-1587,-337,-112,-2912
-4814,12362,-690,-2062,-1485,267,-2912
4644,-8970,4432,1704,1541,-374,-2944
1620,3496,7878,-475,1003,-208,-2896
5518,-124,13378,2093,2820,-784,-2912
-2858,-19096,22826,-1740,-749,602,-2928
-2754,32767,-7846,-2852,-717,-1031,-2960
3460,-32768,28504,5199,2386,-439,-2896
-7536,17598,9126,-4011,-2667,1488,-2896
2874,10292,1828,2200,425,-992,-2928
4562,-23534,21838,1199,118,93,-2928
-202,21974,-2254,-2353,-910,-307,-2928
282,2032,9816,318,857,-52,-2928
7368,-20194,17234,193,888,-47,-2896
2124,3948,7336,118,1243,-381,-2928
-2196,-8704,12084,1932,1058,-290,-2928
-8952,25648,-5378,-4852,-1965,51,-2896
2696,3640,-3118,3161,1616,-1444,-2928
1520,-32768,31734,-350,-397,1244,-2912
-8384,32767,-11366,-3802,-3023,-647,-2912
8456,-32768,8824,3688,254,334,-2912
-4268,1964,7406,-3048,-1993,40,-2912
-1136,19782,-1872,1844,290,-639,-2912
704,-14512,18910,734,1045,-162,-2912
-100,3770,3058,-2480,-1386,288,-2912
2472,1078,2556,1123,1118,-383,-2912
-1316,2158,7922,-637,45,-100,-2928
2462,17580,5820,-421,1598,-795,-2912
3542,-32768,26918,2757,1500,-14,-2912
-6002,12616,5454,-4810,-2001,454,-2912
-7572,32164,-11220,2640,504,-1626,-2912
-2128,-19090,25200,-52,-898,1884,-2912
3526,25806,-3326,-1139,-383,-919,-2944
4638,-8482,13976,3245,1452,-121,-2912
434,-10618,17906,-2456,-713,-97,-2912
-4040,12714,2320,-1522,-1052,201,-2912
6508,-17754,11282,1769,1700,-300,-2912
-478,2198,8396,-472,965,-235,-2944
4080,-8860,14726,2659,2668,-654,-2928
-7858,1248,10622,-2187,-1005,683,-2912
-1472,32204,-9116,-2455,-503,-1161,-2912
5328,-22044,10700,5210,2494,-383,-2912
-9528,32767,-2934,-4794,-3024,1244,-2928
4984,-5550,2632,2828,453,-1015,-2928
948,-22980,19910,594,-333,204,-2928
2484,25740,-110,-1860,-790,-378,-2864
1914,-10432,14980,752,1322,-104,-2864
6122,-13678,14774,-433,454,54,-2896
1992,6044,5882,116,1085,-376,-2896
3464,-10656,14226,1601,749,-265,-2896
-6152,29392,-6102,-4613,-1772,-88,-2896
5072,-15310,4814,3693,1917,-1296,-2928
-2794,-32326,29980,-262,-317,1242,-2928
-10252,32767,-5468,-4013,-3163,-579,-2896
6242,-32768,16904,3633,178,260,-2896
-2772,15024,2206,-2932,-1958,92,-2896
-1750,12754,1222,2102,445,-558,-2912
1874,-13792,16004,646,905,-174,-2880
-3454,10496,-740,-2690,-1691,347,-2944
3670,-3910,2356,1258,1140,-406,-2912
-3668,-3426,9744,-610,124,-127,-2912
-4192,29368,-4906,183,2055,-868,-2912
-458,-29106,28142,2183,1243,227,-2912
-4754,29758,-4180,-5085,-2077,197,-2944
-3818,18460,-7078,3354,959,-1482,-2944
-5784,1780,17956,-1395,-1528,2010,-2928
3786,19316,-1030,-586,-94,-988,-2912
6174,-20066,19992,3203,1459,-49,-2944
1498,3828,12422,-2835,-923,-69,-2912
-4192,11458,-904,-1193,-799,160,-2912
7192,-21288,15724,1618,1674,-289,-2944
1208,3900,7586,-333,1153,-271,-2912
5758,1848,12636,2763,2604,-621,-2912
-2118,-23054,25156,-3154,-1441,578,-2912
228,17626,-5972,-1081,82,-1331,-2944
4744,-32768,25964,4581,2217,-38,-2912
-7160,11106,12940,-4972,-3142,1169,-2912
7842,-23468,4174,3366,438,-824,-2928
-3462,-9924,12530,220,-622,175,-2912
186,24334,-2972,-1557,-783,-406,-2944
-474,5126,7914,1090,1485,-149,-2928
2536,-3350,7822,-1106,7,108,-2928
2298,4250,3284,393,1105,-401,-2896
-1032,-9914,12780,1016,301,-168,-2896
-9504,22588,-3166,-3902,-1186,-244,-2896
5398,-32768,19736,4263,2075,-976,-2928
-5704,-6392,15830,-1714,-1074,1326,-2928
-8506,32767,-11600,-2350,-2334,-1001,-2928
7742,-28706,6308,3116,218,725,-2896
1548,25064,-2566,-3017,-1855,-133,-2896
1902,-270,9308,2495,623,-493,-2896
1452,-16886,19328,153,613,-189,-2928
810,638,5188,-2644,-1700,347,-2928
5374,-14364,7152,1450,1241,-376,-2896
-2008,670,8236,-752,375,-164,-2880
910,21744,3190,1317,2598,-919,-2944
4648,-32768,24634,669,496,494,-2912
-1902,32767,-9152,-4853,-1762,-421,-2912
3886,-9022,2600,4624,1891,-1209,-2944
-886,-25448,26128,-1992,-1830,2132,-2944
2776,26822,-3494,518,254,-1223,-2944
3566,-4038,11220,3292,1417,-215,-2912
2538,21866,3258,-2432,-766,-85,-2896
-4298,13326,778,-1758,-1236,240,-2912
5804,-16536,9776,1788,1649,-334,-2912
-1504,2090,8026,-629,802,-177,-2912
2296,18242,5010,2416,2905,-819,-2912
-6734,-4640,14736,-1537,-655,651,-2944
-1524,32767,-9160,-3158,-832,-1014,-2912
4598,-15720,6794,5408,2569,-616,-2912
-1608,-20336,25274,-1228,-1412,2028,-2912
3410,25630,-3200,-85,68,-1086,-2944
2426,-25186,21564,2754,1301,31,-2928
2808,24108,1586,-2985,-1034,-122,-2928
-4658,13008,1788,-832,-339,149,-2896
6464,-16572,10272,1515,1649,-240,-2928
2284,4294,6908,-216,1280,-283,-2928
4220,-7236,14488,2551,2276,-523,-2896
-7074,-2160,12630,-3633,-1621,525,-2928
-1546,32767,-9262,-209,466,-1528,-2928
-990,-32768,31588,4011,1948,275,-2928
-9686,32767,-2188,-5380,-3373,830,-2928
4494,-4854,2714,3378,363,-750,-2928
1200,-23278,19796,-592,-1041,174,-2960
-1824,14772,40,-913,-594,-471,-2928
2166,-10358,15022,1307,1639,-183,-2928
5864,-13932,15030,-1449,-200,208,-2896
2168,6658,5494,451,977,-407,-2944
-3584,-5068,10638,534,71,-174,-2912
-5728,30164,-6236,-3161,-471,-456,-2912
5608,-18928,6296,4539,2186,-642,-2912
-3670,-29590,28982,-2967,-1623,1310,-2912
-4680,23114,-8770,-916,-1589,-1441,-2912
5980,-32768,18520,2344,-125,1170,-2912
-2784,18104,1398,-2871,-1543,-379,-2912
6036,-16568,18554,3139,1161,-307,-2928
1484,-868,14674,-629,193,-120,-2944
-3648,11262,-1042,-2523,-1704,294,-2944
3776,-5560,2726,1622,1338,-387,-2912
854,3322,7806,-673,631,-172,-2928
5490,4400,11780,1649,2748,-892,-2944
-1138,-26192,26836,-699,-211,617,-2896
-4180,31394,-5366,-4568,-1698,-526,-2912
-2814,14576,-5804,4843,2002,-1045,-2944
-6214,5954,15676,-2392,-1934,1932,-2912
3746,16892,-220,944,428,-1180,-2944
5960,-21650,21098,2537,1157,43,-2944
2120,7496,10812,-3050,-1117,-147,-2912
-1002,7030,6936,-484,-19,93,-2944
7498,-21256,16148,1124,1420,-203,-2912
1598,3556,7778,-67,1329,-329,-2912
-406,-9846,13026,2292,1618,-367,-2928
-9384,19762,-1424,-4283,-1852,361,-2912
794,15006,-5294,1026,914,-1567,-2880
4008,-32768,27712,2961,1414,567,-2912
-8530,32767,-11026,-5289,-3424,183,-2928
3090,11806,1134,2897,481,-905,-2928
-3614,-7120,10832,441,-463,152,-2928
-330,23276,-2698,-1741,-823,-385,-2928
16,3412,8860,824,1300,-137,-2928
7652,-21332,17338,-527,415,62,-2896
2436,4472,2554,161,1108,-383,-2928
-1598,-9906,12666,1575,662,-228,-2928
-9516,24556,-4374,-4586,-1695,-105,-2896
2384,6632,-3918,3913,1938,-1243,-2896
2454,-32768,31026,1888,809,891,-2912
-9074,24114,6192,-5214,-3487,99,-2912
8106,-31760,7466,3840,315,-232,-2912
-4048,-864,8280,-2023,-1796,168,-2944
-754,20352,-2164,604,-156,-598,-2944
826,-1860,11114,1154,1430,-145,-2912
564,2194,3972,-2044,-839,252,-2912
2310,1812,2524,678,1013,-380,-2912
-2708,-6880,11288,46,-120,-102,-2912
2162,19044,4620,-1430,883,-703,-2896
3948,-32768,26066,4103,2024,-418,-2912
-5886,9692,7124,-3788,-1791,1069,-2912
-7970,32767,-11090,591,-715,-1647,-2944
-1994,-20952,25660,913,-511,1647,-2928
3394,25898,-3400,-2407,-1130,-590,-2912
4400,-6914,13280,3144,1195,-272,-2912
368,-11712,18184,-1433,-288,-120,-2912
-956,5220,2000,-2001,-1460,283,-2944
6330,-17064,10576,1614,1518,-348,-2912
-758,2030,8366,-567,691,-187,-2912
3196,14964,6992,1887,2791,-805,-2944
-7246,-296,11272,-1368,-555,555,-2896
-1138,32240,-9046,-3879,-1194,-744,-2912
5110,-22424,11452,5236,2299,-779,-2880
-2902,-13758,23240,-3194,-2300,1796,-2912
4532,-6016,2900,2060,440,-1084,-2896
592,-22470,19354,1515,342,97,-2896
2548,25606,-476,-2565,-942,-278,-2928
-3774,13338,3006,264,817,-38,-2928
5846,-13292,14490,378,984,-76,-2896
2162,5476,5798,12,1158,-362,-2896
3120,-10270,14178,2080,1276,-309,-2928
-8804,7206,7008,-4820,-1968,149,-2928
5706,-17462,5852,2728,1599,-1578,-2896
-3100,-30406,28916,1237,488,1014,-2928
-9802,32767,-6550,-4948,-3459,-134,-2896
5894,-11750,2396,3774,216,-82,-2896
-2302,16314,1424,-2286,-1874,115,-2928
-1508,11116,2126,947,-102,-594,-2896
1678,-14342,16734,1080,1300,-146,-2944
5050,-9750,12476,-2541,-1363,326,-2912
3910,-4522,2284,910,973,-403,-2880
-3596,-2812,9512,-358,-62,-103,-2944
-3576,28974,-4314,-863,1316,-795,-2912
5916,-25936,11720,3275,1720,-44,-2912
-3984,31384,-5374,-4700,-1988,614,-2944
-2374,15016,-6516,-510,-1369,-1518,-2928
3896,-32768,22532,2655,22,1014,-2912
-894,22810,-922,-3029,-1731,-282,-2912
-496,7442,4722,3041,1053,-381,-2928
1870,6970,11274,-910,32,-102,-2896
-4396,12572,-1064,-2341,-1590,297,-2928
4512,-8998,4368,1629,1425,-381,-2928
-3340,-646,8588,-628,418,-134,-2912
-1444,25524,-856,803,2321,-868,-2928
5514,-31802,18400,3380,1763,-164,-2880
-5322,-9592,17644,-4440,-1967,639,-2912
-210,4422,-2114,1754,-65,-1549,-2880
1486,-32378,24784,614,-573,1574,-2912
1224,25154,-2818,-1555,-580,-764,-2944
1320,1194,8270,3256,1389,-183,-2912
2596,15300,6768,-2125,-657,-121,-2912
-5386,13918,-570,-1890,-1299,244,-2880
5298,-12636,6290,1838,1606,-327,-2912
-2290,-74,8614,-642,571,-168,-2928
140,22784,1930,1449,2605,-874,-2928
-4894,-12752,19780,332,298,481,-2896
-1816,32767,-8980,-4601,-1583,-531,-2896
2398,-6192,2250,4860,1958,-1025,-2928
156,-26580,25268,-2363,-1874,1887,-2896
3050,4890,2364,923,343,-1075,-2896
3576,-24810,21542,2379,1054,15,-2928
2662,20572,3574,-2946,-1101,-144,-2928
-5046,14798,154,-514,44,64,-2928
6994,-18462,16870,1191,1432,-185,-2928
2066,4824,6760,-103,1253,-318,-2928
5226,-8576,14718,2646,1921,-430,-2928
-7382,-3020,14576,-4802,-2043,251,-2944
4012,-6274,4,2109,1240,-1670,-2912
-280,-32768,32066,2014,950,853,-2912
-10208,32767,-604,-5326,-3530,148,-2944
4552,-1928,2290,3934,350,-374,-2976
-4266,8768,5094,-1971,-1757,201,-2912
-1526,16792,-864,378,-239,-662,-2944
1648,-8718,13674,1195,1450,-132,-2912
6568,-14218,14584,-2026,-754,242,-2944
2762,-1496,2470,734,1034,-352,-2944
-3446,-4730,10308,106,-128,-120,-2912
-6472,29486,-6338,-2330,186,-554,-2880
4946,-12892,3408,4372,2164,-677,-2928
-5446,19648,1318,-2880,-1601,1262,-2896
-6534,27562,-9590,-1888,-2133,-1174,-2912
6692,-32768,15962,2860,57,902,-2912
-3524,14386,2664,-3139,-1828,-232,-2944
5732,-13498,16522,2989,965,-410,-2928
920,-5766,16318,-104,504,-167,-2912
-3006,7834,468,-2421,-1670,323,-2880
3396,-1930,2040,1315,1210,-393,-2880
286,2294,8412,-629,447,-148,-2928
4418,11514,9046,1122,2548,-862,-2928
1530,-32464,28114,811,583,384,-2928
-4826,23472,-1126,-4766,-1711,-396,-2896
5788,-30752,17000,4754,1914,-1155,-2928
-4616,-4544,20352,-2103,-1788,2019,-2928
3972,20848,-1668,674,298,-1112,-2896
5908,-16552,18580,2590,1199,17,-2928
1846,26108,-1928,-2903,-1049,-138,-2896
-2464,11598,4810,-659,-25,58,-2928
7056,-22510,15798,1376,1533,-184,-2928
1286,3470,7398,-282,1175,-349,-2928
1812,-11942,13964,2780,2182,-473,-2928
-9956,15078,1982,-4333,-1898,505,-2896
178,22576,-7342,1625,1160,-1736,-2912
6348,-32768,22584,2572,1256,734,-2912
-9890,32767,-9500,-5511,-3537,323,-2912
7686,-19742,2648,3818,360,-501,-2912
-2268,-15048,14984,-1514,-1576,211,-2912
800,26132,-2398,-12,-364,-577,-2912
1486,-17860,18468,1444,1569,-154,-2944
3290,-4696,9200,-2092,-770,217,-2912
1958,5456,3802,627,1013,-387,-2912
-3120,-1188,8778,-79,-94,-102,-2928
-1570,26676,-1304,-2467,82,-572,-2912
5930,-31748,17838,4282,2150,-490,-2912
-5848,-10192,18820,-3402,-1746,1215,-2944
244,5720,-3394,697,-648,-1659,-2928
2072,-32768,24836,1401,-404,1465,-2896
622,25612,-2404,-2713,-1307,-458,-2912
1148,3358,7040,3136,1159,-324,-2912
786,-17732,19420,-1062,-42,-157,-2912
-4894,12744,-342,-2221,-1585,327,-2912
5070,-10958,5636,1500,1387,-392,-2912
-2758,-32,8482,-566,574,-166,-2912
-302,23110,928,1645,2685,-803,-2912
-4106,-15092,20518,-108,88,447,-2912
-2606,32767,-8774,-4350,-1553,-551,-2912
1210,-1700,532,4911,2008,-942,-2912
-8004,21724,6686,-3246,-2316,1656,-2928
3040,7498,2350,1159,418,-1028,-2912
4122,-24480,22048,2223,927,24,-2912
2860,18580,4740,-2894,-1067,-176,-2912
930,-368,10774,-64,468,11,-2896
7408,-19590,17344,747,1167,-114,-2896
2162,4366,7114,-41,1259,-367,-2896
5306,-5750,14140,2289,1519,-321,-2928
-8324,27116,-5888,-4798,-1989,220,-2928
3314,-560,-1572,2240,1316,-1596,-2928
516,-32768,32136,1709,759,875,-2928
-9754,31030,1396,-5170,-3432,33,-2928
8176,-32768,10680,3852,317,-209,-2928
-4136,5492,6140,-2082,-1809,152,-2960
-1464,17592,-1090,686,-178,-618,-2928
1640,-6532,13092,1231,1470,-169,-2928
-1168,5496,1968,-2173,-949,273,-2928
2700,380,2026,869,1033,-385,-2912
-3548,-5712,10596,-279,-140,-81,-2912
-7066,29398,-6772,-3779,-1054,-337,-2944
4510,-11544,2274,4381,2074,-911,-2944
-1574,-32768,31052,-2006,-1249,1404,-2912
-6752,28794,-10116,-2131,-2230,-1105,-2912
6896,-32768,14800,2987,85,820,-2912
-3738,12640,3366,-3124,-1866,-212,-2944
5462,-12116,16258,2884,899,-427,-2928
490,-6588,16646,-586,229,-117,-2928
-1948,7334,634,-2297,-1543,296,-2912
3160,-2738,2812,1226,1220,-375,-2912
-3656,-3540,9730,-522,225,-133,-2912
4296,10942,9002,547,2190,-825,-2944
1662,-32606,27858,1599,1009,218,-2912
-5138,22354,-452,-4958,-1903,-46,-2912
5788,-28924,15276,4506,1759,-1182,-2928
-4232,-6972,20976,-1236,-1380,1941,-2944
4038,21842,-1874,-47,69,-999,-2880
5820,-16020,18294,2723,1282,21,-2928
2076,26416,-1414,-2968,-1035,-120,-2928
-2868,11698,4238,-816,-213,144,-2896
7080,-21358,14752,1524,1569,-209,-2928
958,2622,7938,-251,1185,-323,-2928
2044,-10886,13786,2705,2236,-526,-2928
-9260,10646,4206,-3864,-1715,467,-2928
-310,25530,-7760,182,660,-1558,-2928
5824,-32768,20336,3813,1873,335,-2896
-9920,32767,-8486,-5470,-3448,799,-2928
6428,-16114,2696,3446,363,-756,-2928
-1666,-17162,15712,-675,-1101,171,-2896
1198,26022,-2430,-879,-617,-485,-2928
1732,-16966,17812,1484,1640,-190,-2912
3960,-7528,10788,-1861,-593,217,-2944
1992,6066,3982,518,994,-416,-2880
814,-11854,13836,427,20,-124,-2944
-2842,28070,-3136,-2995,-354,-494,-2912
6360,-29576,14360,4491,2214,-674,-2944
-5486,-16746,22494,-2828,-1608,1358,-2944
-9700,32767,-10334,-1153,-1713,-1303,-2912
2734,-32768,23568,2460,-99,1055,-2912
-352,23496,-1884,-2908,-1602,-341,-2912
-32,6208,5100,2959,953,-410,-2912
1922,9030,10132,-1099,-129,-122,-2928
-4632,12312,-832,-2243,-1592,268,-2960
4648,-9758,4826,1613,1422,-354,-2896
-2984,-412,8476,-650,590,-156,-2896
5890,-1206,13402,1875,2820,-873,-2928
5332,-31994,19034,2641,1446,52,-2896
-2838,32767,-8164,-4850,-2015,367,-2928
714,2726,-1848,2016,84,-1641,-2912
1534,-32076,25078,456,-666,1668,-2944
1352,25784,-2640,-1465,-540,-784,-2912
4958,-25262,22454,3217,1493,-108,-2928
2810,15810,6606,-2567,-799,-112,-2928
-5254,14428,-542,-1563,-994,199,-2896
5422,-12906,6772,1790,1681,-293,-2928
-2016,26,8502,-662,578,-156,-2928
214,22218,2170,1478,2621,-863,-2928
-4912,-12006,19098,236,204,464,-2928
-2078,32767,-8946,-4538,-1628,-516,-2928
2150,-5928,2610,4778,1894,-994,-2896
210,-26208,24986,-2323,-1820,1777,-2928
2958,5204,2580,1403,442,-1035,-2880
3466,-23948,21340,1933,739,8,-2912
2770,20636,3554,-2765,-1084,-194,-2880
-5176,14558,410,-166,360,5,-2912
6862,-18572,17200,841,1260,-164,-2880
2256,4910,6804,-16,1293,-354,-2912
5198,-8418,14540,2427,1607,-344,-2912
-7442,-3224,14508,-4800,-2054,265,-2912
4212,-5794,-176,2094,1262,-1630,-2944
-540,-32768,32276,1991,924,852,-2912
-10334,32767,-716,-5398,-3553,153,-2912
8156,-32768,12516,3954,338,-114,-2928
-4328,9086,5104,-1956,-1765,226,-2912
-1638,17052,-798,366,-234,-616,-2912
1694,-8938,13752,1135,1360,-135,-2896
-1458,6898,1188,-2230,-1055,256,-2928
2736,-1468,2648,905,1061,-364,-2928
-3532,-5120,10260,-149,-149,-97,-2896
-6416,29404,-6376,-1644,693,-653,-2896
2238,-32768,28254,3815,1894,-300,-2896
-5350,19712,1146,-4043,-1858,914,-2928
-6520,27616,-9840,927,-487,-1611,-2928
6538,-32768,15658,1290,-413,1507,-2896
3926,23862,-2712,-2159,-970,-625,-2896
5586,-13238,16738,3226,1323,-258,-2928
1052,-5850,16338,-1613,-358,-112,-2928
-2950,8174,312,-2073,-1440,280,-2928
6748,-19926,13372,1742,1569,-314,-2896
360,2470,8274,-625,753,-202,-2928
4176,10520,9272,2067,2828,-828,-2928
1540,-32442,28124,-817,-329,604,-2928
-884,28868,-8534,-3822,-1182,-815,-2896
5942,-29460,15682,5193,2299,-788,-2928
-3976,-6630,20808,-3202,-2283,1785,-2928
3782,21706,-1760,1556,483,-1130,-2928
-448,-19940,17772,1983,751,45,-2928
1964,26266,-1334,-2783,-997,-203,-2928
-2830,11930,4346,-86,436,47,-2928
7096,-21768,14900,401,969,-98,-2912
1960,6062,5000,-4,1173,-364,-2912
5040,8252,10402,2877,2603,-585,-2912
-9678,11406,4054,-3467,-1543,612,-2912
-234,25538,-7870,-661,328,-1531,-2912
6328,-32768,19908,4431,2247,48,-2912
-10272,32767,-8176,-5462,-3455,840,-2896
6730,-15744,2326,3111,443,-961,-2912
-1376,-18042,16234,179,-640,192,-2912
1198,26068,-2082,-937,-631,-509,-2928
1696,-16868,17674,1377,1576,-163,-2896
4012,-7436,10828,-1511,-219,176,-2896
1924,5900,4232,434,1014,-393,-2928
904,-11588,13710,699,112,-158,-2928
-2560,27986,-2946,-3518,-781,-373,-2928
6224,-29672,14954,4506,2209,-819,-2896
-5488,-15998,22208,-2233,-1380,1434,-2896
-9830,32767,-10334,-2014,-2173,-1145,-2928
2480,-32768,23654,2937,40,866,-2896
-268,23900,-2120,-3149,-1865,-252,-2928
-118,5942,5226,2705,722,-486,-2928
930,-17930,19054,-90,467,-147,-2928
-4738,11884,-764,-2454,-1676,305,-2896
4736,-9086,4330,1292,1177,-387,-2928
-2942,-850,8546,-593,317,-151,-2928
-1444,25468,-762,737,2308,-843,-2928
-2976,-19848,23234,1412,881,244,-2928
-2992,32767,-7844,-4972,-1927,-95,-2896
-80,4412,-2024,4147,1450,-1306,-2928
1832,-32446,24768,-1439,-1493,1935,-2896
3038,10722,1422,156,162,-1027,-2896
4952,-24250,22016,2893,1361,4,-2896
2800,14896,7058,-2980,-1095,-137,-2912
-5320,14266,-770,-744,-165,104,-2944
7522,-20768,17248,1358,1539,-218,-2912
2094,4184,7298,-180,1287,-317,-2944
5584,-3240,13862,2674,2119,-459,-2912
-5076,-13014,20080,-4251,-1837,448,-2912
2280,5224,-2910,727,800,-1659,-2912
2168,-32768,31212,3247,1574,511,-2944
-8890,25892,4952,-5420,-3478,526,-2912
8224,-32516,8236,3815,332,-380,-2928
-4154,842,7834,-1137,-1355,157,-2912
-882,19528,-1668,-305,-430,-559,-2912
1050,-2590,11576,1163,1476,-119,-2912
232,2816,3666,-1847,-639,196,-2928
2384,1642,2502,559,1040,-412,-2928
-3040,-6706,10988,254,-111,-73,-2928
-7954,28194,-6610,-2617,23,-529,-2896
3732,-32768,26566,4343,2087,-541,-2928
-5892,12084,5916,-3424,-1720,1170,-2928
-7370,32256,-10732,32,-1001,-1609,-2928
8174,-32768,12348,1888,-221,1371,-2896
3668,25682,-3578,-2699,-1350,-498,-2928
4894,-8830,14254,3132,1137,-327,-2928
326,-10474,17890,-1139,-86,-126,-2928
-1156,6110,1430,-2072,-1496,288,-2928
6372,-17698,11206,1649,1562,-344,-2912
-748,2618,8088,-593,732,-183,-2912
3630,13472,7934,2062,2812,-836,-2880
2256,-32768,27676,-282,15,481,-2928
-1014,30978,-8690,-4181,-1378,-679,-2928
5670,-25558,13178,4771,1937,-1093,-2944
-3550,-10568,22274,-2190,-1807,1956,-2912
3948,22914,-2248,782,347,-1096,-2944
198,-21364,18692,2136,869,35,-2928
2340,26442,-932,-2903,-1031,-221,-2928
-3462,11786,3540,-303,201,68,-2928
6976,-19870,13352,1043,1380,-171,-2896
2016,4948,5790,-69,1249,-325,-2896
2686,-9806,14020,2423,1811,-432,-2928
-8832,7920,6148,-4438,-1905,335,-2928
-724,27988,-8172,1312,1050,-1599,-2960
-3334,-29076,27946,2741,1326,661,-2928
-9682,32767,-7446,-5461,-3584,343,-2928
6010,-13482,2660,3708,259,-434,-2928
-918,-18462,16440,-1482,-1585,117,-2896
-1166,10026,2772,16,-302,-550,-2928
1858,-15118,17092,1318,1596,-193,-2912
4544,-8832,12022,-2202,-969,280,-2912
1914,6020,4704,684,944,-406,-2944
-3602,-2428,9664,1,-127,-106,-2880
-3328,28756,-3670,-2035,469,-654,-2912
5878,-27182,12780,4112,2037,-360,-2912
-5246,-18854,23458,-3937,-1837,1034,-2880
-1924,13558,-6018,611,-708,-1672,-2912
3774,-32768,22912,1462,-394,1465,-2944
-802,23366,-1138,-2327,-1055,-609,-2912
6264,-22162,21148,3315,1450,-184,-2928
1892,8198,10868,-1535,-356,-108,-2944
-4656,13492,-1316,-2201,-1448,297,-2912
4678,-10010,4824,1842,1539,-352,-2912
1542,4662,7434,-630,898,-225,-2928
5958,-1772,13620,2591,2932,-794,-2928
-3702,-18292,23030,-1182,-516,710,-2912
-3220,32767,-7924,-3589,-1142,-884,-2912
4238,-32768,28554,5238,2422,-549,-2896
-7516,16302,10268,-3931,-2658,1616,-2928
3578,11614,1502,1768,548,-1206,-2912
5270,-24908,22444,1933,695,83,-2912
2486,15258,6902,-2840,-993,-234,-2944
314,2352,9110,3,425,4,-2944
7392,-20028,16840,619,1146,-126,-2880
1938,4298,7486,76,1264,-370,-2912
-1718,-8638,12308,1958,1189,-318,-2896
-9036,24130,-4028,-4574,-1942,220,-2912
1902,7456,-3246,1999,1285,-1502,-2912
2260,-32768,30706,1070,430,918,-2928
-8254,32767,-11256,-4767,-3365,-156,-2896
7754,-29914,7298,3779,269,-29,-2928
-3808,-1200,7936,-2405,-1895,130,-2928
-1152,20066,-2058,1113,-45,-588,-2928
1582,-15730,19040,1210,1477,-221,-2960
-290,2184,4230,-2389,-1200,321,-2928
2518,3172,1950,822,1014,-410,-2896
-2800,-8482,11866,-167,-80,-102,-2928
1666,19974,4274,-1421,865,-694,-2896
3922,-32768,26266,3680,1828,-192,-2928
-6238,9680,7446,-4261,-1911,821,-2928
-7922,32767,-11176,1268,-273,-1608,-2928
-1472,-21454,25292,972,-486,1589,-2928
3202,25758,-3438,-1911,-808,-692,-2896
4130,-7106,13362,3212,1415,-179,-2912
250,-11760,18086,-2341,-707,-117,-2912
-4160,11958,1756,-1535,-1112,247,-2880
6202,-16418,9860,1657,1672,-345,-2912
-1362,2060,8268,-409,970,-190,-2880
3260,15216,6754,2504,2832,-769,-2944
-7702,-404,11862,-2024,-923,697,-2880
-1204,32767,-9282,-2578,-573,-1139,-2880
5678,-22466,10038,5377,2564,-439,-2912
-10272,32767,-2798,-4819,-3033,1430,-2928
4782,-5404,2256,2453,484,-1189,-2944
1132,-24018,20234,1278,68,162,-2912
2576,25678,-62,-2404,-902,-349,-2944
1356,-10350,14522,712,1081,-76,-2896
6322,-13282,14356,61,840,-57,-2944
2106,4342,6332,123,1269,-324,-2928
3238,-9008,14118,1994,1298,-358,-2896
-8036,4610,8128,-4674,-1856,43,-2912
4384,-14868,5734,3096,1693,-1391,-2912
-2612,-31592,28980,579,113,1075,-2912
-9560,32767,-6118,-4450,-3324,-363,-2912
5388,-11344,2972,3776,215,-106,-2928
-2490,16386,1472,-2336,-1892,126,-2928
-1346,10816,2132,976,-92,-607,-2928
1860,-14088,16614,1228,1534,-193,-2896
4778,-10312,12698,-2325,-1139,323,-2928
3866,-4156,2258,720,940,-401,-2928
-3446,-3200,9732,-105,-66,-116,-2928
-4264,29066,-4682,-1733,619,-631,-2928
6172,-24564,10022,4006,1995,-297,-2928
-4294,30126,-4254,-4061,-1837,939,-2928
-3448,17516,-6664,927,-516,-1623,-2896
4192,-32768,21664,1191,-450,1514,-2928
-1278,20856,-350,-2119,-946,-631,-2896
6122,-19830,20042,3208,1304,-236,-2928
1750,4134,12128,-2050,-653,-110,-2944
-4554,12494,-1348,-1907,-1246,239,-2912
4504,-8070,3680,1922,1679,-308,-2912
1394,4162,7438,-606,891,-219,-2944
6128,1070,12750,2656,2942,-801,-2912
-2508,-22166,25412,-2087,-941,701,-2912
-3274,32767,-7294,-2561,-559,-1184,-2912
5214,-32768,27092,5353,2569,-495,-2912
-7868,13042,12968,-4203,-2800,1702,-2912
3668,13926,566,2411,560,-1200,-2944
-3552,-9566,12470,894,-141,193,-2928
-158,24460,-2904,-2471,-894,-285,-2912
-372,4280,8030,425,796,-26,-2944
7708,-20432,16526,72,835,-61,-2912
2198,3318,3490,281,1205,-373,-2928
-1060,-8904,12182,1468,710,-235,-2928
-9362,22800,-3182,-4694,-1845,48,-2912
1668,10040,-4168,3144,1739,-1419,-2944
3210,-32768,29630,621,139,1054,-2880
-8442,32767,-11228,-4995,-3395,-74,-2928
8150,-29290,6418,3874,273,-105,-2928
-4104,-2798,9196,-2315,-1867,131,-2928
-586,21570,-2120,940,-29,-608,-2896
1008,-16190,19328,1112,1496,-180,-2896
848,536,5334,-2168,-1026,281,-2928
2484,3168,2644,751,952,-411,-2912
-2350,-8006,11576,-126,33,-75,-2912
808,21184,3188,-1226,1016,-636,-2912
4390,-32768,24098,3479,1699,-179,-2912
-5660,5574,8936,-4489,-1880,640,-2912
-7624,32767,-11034,1977,91,-1594,-2944
-932,-23046,25094,539,-541,1618,-2912
3176,24882,-3096,-1472,-577,-702,-2912
3834,-5788,13164,3096,1358,-185,-2912
2718,22606,2318,-2512,-837,-128,-2896
-4628,13972,1198,-1847,-1272,212,-2944
6306,-17024,10022,1812,1694,-335,-2880
-930,1688,8260,-450,1028,-209,-2912
4440,-8898,14512,2694,2698,-657,-2896
-8086,982,11386,-2894,-1311,656,-2928
-856,32316,-9064,-1506,-104,-1411,-2928
5844,-24394,11444,4879,2393,-118,-2928
-9992,32767,-3762,-4931,-3104,1280,-2928
5136,-6986,2518,2949,522,-1014,-2928
794,-22794,19440,474,-427,191,-2928
2368,26600,-520,-1762,-714,-420,-2928
1510,-11850,15384,808,1192,-73,-2928
5952,-11362,13306,-628,400,15,-2896
1894,4640,5980,352,1175,-357,-2928
2698,-10460,14216,1218,469,-214,-2960
-4864,29010,-5190,-4346,-1594,-175,-2896
5488,-19378,7530,3911,1987,-1157,-2896
-3410,-28756,28004,-1571,-993,1309,-2912
-9794,32767,-7486,-2628,-2473,-948,-2912
6532,-14086,2748,3783,238,192,-2912
-2404,19102,682,-2593,-1955,140,-2928
-1272,10594,2636,609,-180,-629,-2944
1598,-14926,17008,1192,1515,-166,-2912
4846,-9386,11954,-1761,-590,200,-2928
1926,5040,4992,407,986,-393,-2912
1672,-10478,13596,743,122,-152,-2944
-3978,28458,-4302,-3602,-878,-335,-2912
5572,-23306,10332,4333,2130,-907,-2912
-4288,-23798,25202,-2112,-1228,1334,-2912
-3614,17574,-6368,-977,-1603,-1286,-2928
4162,-32768,21428,2861,67,874,-2880
-1220,20686,-248,-2833,-1521,-321,-2928
-780,8022,3944,2949,937,-398,-2928
1780,4436,12080,-593,193,-145,-2896
-4678,12206,-1394,-2542,-1756,331,-2928
4450,-7466,3272,1711,1381,-387,-2896
-3394,-2036,9328,-798,405,-155,-2896
5966,2438,12338,1469,2687,-937,-2896
-2226,-24422,26830,527,406,521,-2928
-3770,32767,-6412,-4836,-1757,-444,-2896
-1536,12068,-5408,1708,-76,-1672,-2928
2898,-32768,23704,-107,-958,1893,-2912
-394,23632,-1692,-1151,-368,-902,-2912
5986,-22888,21638,3313,1518,-128,-2944
1954,8828,10086,-2472,-806,-94,-2912
-4638,12848,-1158,-1565,-1067,217,-2976
4716,-10038,4898,1820,1649,-314,-2912
1466,4672,7478,-547,984,-240,-2880
6102,-1336,13320,2722,2854,-742,-2912
-3398,-18904,23206,-2483,-1109,687,-2944
1134,12768,-5136,-1168,54,-1382,-2928
3988,-32768,28938,5101,2445,-360,-2944
-8336,17194,10338,-4534,-2942,1524,-2880
3672,11334,966,2687,558,-1143,-2912
-4114,-5970,10914,412,-444,214,-2928
-544,23406,-2958,-1762,-873,-369,-2928
304,2226,9164,367,779,-47,-2928
7630,-20764,17298,669,1199,-134,-2944
2180,4404,7398,3,1259,-349,-2944
5502,-3492,13998,2234,1514,-340,-2912
-8972,24248,-4274,-4648,-1936,180,-2944
2116,6998,-3332,2102,1317,-1532,-2912
2368,-32768,30516,1956,901,807,-2912
-8366,32767,-11308,-4752,-3314,-138,-2928
7686,-30298,7470,3832,270,-229,-2912
-3984,-952,8242,-1973,-1780,131,-2912
-1074,20382,-1832,1131,-70,-578,-2928
1426,-15908,19122,1169,1445,-203,-2896
50,2346,4118,-2405,-1218,331,-2896
2660,3274,2130,819,1075,-393,-2928
-2738,-8360,12078,-190,-34,-89,-2896
1704,20108,4216,-1431,858,-698,-2928
3970,-32768,26152,3693,1862,-209,-2928
-6190,9248,7840,-4215,-1914,830,-2928
-7832,32767,-11096,1265,-322,-1649,-2896
-1538,-22082,25428,1036,-447,1565,-2928
3134,26006,-3476,-1995,-885,-688,-2896
4168,-6334,13060,3228,1377,-220,-2896
774,-12476,18562,-1827,-493,-130,-2928
-4290,13414,1300,-1713,-1218,212,-2944
6154,-16972,10166,1754,1655,-328,-2944
-1138,2054,8020,-488,942,-194,-2912
3020,15888,6546,2576,2930,-776,-2912
-7716,-616,12398,-2025,-900,675,-2912
-1216,32767,-9090,-2668,-588,-1142,-2880
5372,-20630,9558,5303,2571,-443,-2912
-2704,-15990,24164,-4201,-2804,1627,-2912
4814,-4006,2304,2356,480,-1165,-2912
1468,-24172,20632,1385,175,137,-2912
2714,25456,504,-2489,-889,-333,-2944
1170,-9044,14086,505,914,-9,-2928
6738,-13598,14362,240,982,-65,-2912
2294,4018,6602,294,1250,-365,-2928
3586,-8380,14518,1537,806,-240,-2928
-6266,28476,-5718,-4632,-1767,-30,-2928
4210,-11922,4116,2781,1599,-1476,-2912
-2022,-32768,30240,1029,367,992,-2944
-9534,32767,-4810,-4721,-3360,-226,-2944
4960,-9020,2930,3755,207,34,-2944
-2976,14412,2278,-2574,-1960,95,-2944
-1436,12348,1376,1215,-15,-591,-2912
1754,-12548,15854,1174,1441,-171,-2944
-3720,9184,-324,-2518,-1480,342,-2896
3658,-2500,1858,715,969,-396,-2912
-3684,-3838,10140,-331,19,-98,-2896
-4872,29388,-5464,-819,1348,-771,-2896
526,-30950,28530,3192,1642,-49,-2896
-4490,27722,-2960,-4704,-1947,527,-2928
-3856,19412,-7212,2487,394,-1652,-2896
4928,-32768,20530,66,-819,1813,-2928
3976,19434,-1166,-1222,-415,-852,-2928
6086,-18512,19670,3196,1463,-125,-2928
1704,2746,12844,-2339,-723,-118,-2928
-4226,12040,-1328,-1659,-1090,226,-2928
7496,-21946,16026,1881,1681,-314,-2928
1218,3812,7646,-515,1004,-248,-2896
5800,2538,12422,2739,2881,-740,-2896
-2250,-24070,26182,-3188,-1437,683,-2912
500,18448,-6562,-1166,53,-1506,-2944
5548,-32768,25878,4715,2351,-91,-2912
-7336,10914,14110,-5004,-3115,1248,-2912
3748,15122,350,3013,518,-1035,-2880
-3146,-11250,13144,431,-419,195,-2912
344,25126,-2696,-1713,-718,-404,-2912
-608,5214,7978,854,1240,-51,-2912
7572,-20810,16576,-753,340,18,-2912
2110,3710,3760,319,1126,-383,-2912
-916,-9180,12342,1204,481,-210,-2944
-9286,22186,-3098,-4220,-1443,-176,-2912
5244,-32698,19966,4300,2138,-942,-2896
-5634,-5554,15492,-1117,-741,1274,-2912
-8316,32767,-11452,-2265,-2270,-1026,-2896
8152,-29410,6238,3845,255,-135,-2928
-4222,-2958,9304,-1766,-1748,185,-2912
-764,21542,-2418,-271,-452,-552,-2896
612,308,10356,1311,1588,-148,-2928
644,826,5132,-1687,-495,189,-2896
2488,3392,2298,430,1017,-401,-2896
-2434,-8464,11732,573,94,-148,-2896
-8672,26116,-5468,-3141,-484,-408,-2896
4458,-32768,24168,4449,2119,-735,-2928
1166,-32768,31628,-595,-484,1257,-2944
-7878,32767,-11118,-3512,-2930,-697,-2912
7684,-32768,9442,3537,191,383,-2912
-4006,3098,6486,-2954,-1961,-37,-2912
-1326,17810,-1202,1986,338,-576,-2912
1192,-13426,18338,706,976,-186,-2880
-898,4560,2476,-2595,-1522,352,-2912
2678,1352,1958,1104,1112,-402,-2912
-944,1550,8184,-602,197,-126,-2896
3174,16138,6824,-102,1872,-840,-2912
2798,-32768,28030,2401,1311,161,-2912
-5614,17532,2958,-5036,-1989,233,-2880
6168,-23878,10178,4122,1434,-1414,-2896
-3688,-14002,23760,-1267,-1442,2116,-2896
3884,24356,-3400,-120,55,-1096,-2928
5400,-11478,15806,3036,1424,-2,-2896
2466,26080,-242,-2995,-990,-103,-2896
-3492,11634,3154,-960,-556,196,-2928
6668,-18692,12226,1468,1668,-313,-2960
-472,2930,8246,-191,1201,-256,-2928
3118,-9800,14554,2648,2419,-587,-2896
-8506,6506,7178,-3428,-1528,538,-2928
-720,28914,-8420,-612,301,-1433,-2896
5802,-29772,16080,4346,2133,113,-2928
-9688,32767,-6672,-5227,-3260,994,-2896
5920,-12032,2804,3291,451,-889,-2896
-672,-19860,17724,-840,-1198,200,-2912
2084,26568,-1854,-694,-505,-538,-2912
1724,-14526,16558,1059,1421,-112,-2928
4922,-9962,12364,-986,84,70,-2896
2040,5528,5028,290,1073,-382,-2896
1714,-10540,13796,1081,335,-187,-2896
-4128,28698,-4258,-4095,-1355,-223,-2928
5910,-23132,9948,4126,2078,-1053,-2896
-4352,-24362,25712,-1320,-859,1344,-2896
-9610,32767,-8842,-2866,-2621,-880,-2896
4212,-32768,21184,3293,116,596,-2928
-1188,20414,-292,-3026,-1824,-185,-2912
-824,8274,3818,2656,734,-470,-2912
1758,-16336,17894,-26,578,-175,-2880
-4636,11794,-1312,-2630,-1760,338,-2944
4444,-7022,3194,1501,1275,-395,-2912
-3366,-2016,9494,-783,210,-118,-2880
-2978,28304,-3228,783,2399,-915,-2912
-1734,-25108,27146,1425,908,343,-2944
-3648,32728,-6142,-5073,-1933,-71,-2912
-1740,12648,-5462,4101,1519,-1369,-2944
-7162,8334,15390,-1993,-1770,2079,-2928
3758,16420,-200,-69,76,-1049,-2912
6076,-22424,21404,3110,1510,-36,-2912
1962,8566,10702,-3004,-1032,-47,-2944
-468,6188,7102,-680,-169,130,-2928
7710,-21550,16812,1368,1599,-219,-2896
1386,5006,7528,-270,1142,-300,-2960
5994,-1448,13386,2765,2191,-510,-2928
-9732,21972,-2730,-4090,-1791,478,-2928
1048,13636,-5594,440,735,-1594,-2928
4334,-32768,28196,3638,1806,332,-2928
-7532,15132,11192,-5415,-3379,712,-2928
8524,-26828,4730,3604,475,-766,-2928
-3722,-7272,11472,-766,-1152,241,-2896
-418,24226,-2650,-811,-603,-502,-2896
334,3288,8720,1235,1518,-138,-2928
1956,-1402,6692,-1401,-188,150,-2928
2458,4002,2948,494,988,-404,-2912
-1560,-9278,12356,493,83,-142,-2912
-9300,23548,-3940,-3572,-900,-304,-2928
5158,-32768,21146,4271,2143,-889,-2896
-5552,-3594,14176,-1954,-1206,1278,-2928
-8516,32767,-11396,-2139,-2216,-1048,-2896
7962,-29550,6580,2944,120,786,-2928
1788,25248,-2792,-2981,-1804,-156,-2928
2358,-914,9890,2636,743,-464,-2896
1544,-16418,19328,10,584,-222,-2928
394,956,5062,-2664,-1763,353,-2896
5560,-14452,7554,1425,1238,-366,-2928
-1666,436,8216,-671,272,-137,-2928
986,21396,2992,779,2378,-919,-2928
4286,-32768,24952,592,429,517,-2912
-1796,32767,-9136,-4819,-1742,-431,-2944
3630,-10172,3614,4636,1842,-1126,-2880
-762,-24050,25394,-2089,-1773,1947,-2912
2782,25576,-3260,649,267,-1084,-2944
3256,-25236,21742,2653,1244,24,-2912
2530,22360,2876,-3001,-1119,-115,-2880
-4590,13342,1018,-663,-213,123,-2912
6144,-16194,9332,1324,1593,-208,-2880
2002,4512,6990,-96,1285,-295,-2912
4766,-8336,14768,2588,2030,-474,-2880
-7510,-1624,12818,-4227,-1834,452,-2912
4032,-7752,1312,1532,1065,-1627,-2928
-916,-32768,31994,3353,1682,432,-2944
-10426,32767,-2028,-5543,-3566,365,-2928
4910,-4328,2260,3906,401,-492,-2896
-4236,11326,4364,-1624,-1648,227,-2896
-1472,15896,-500,49,-319,-608,-2928
1214,-10030,14352,1204,1430,-131,-2928
6626,-13456,14064,-1721,-557,226,-2928
3046,-1590,2326,630,1045,-371,-2928
-3680,-4286,9960,329,-13,-116,-2928
-6154,28608,-5678,-2867,-258,-438,-2928
4436,-13270,4750,4277,2113,-666,-2928
-5142,19932,690,-2954,-1608,1141,-2928
-5882,25694,-8692,-555,-1377,-1332,-2896
5906,-32768,16944,2153,-89,1170,-2896
-2830,15152,2030,-2927,-1677,-251,-2912
-1508,11680,1752,2786,812,-443,-2944
1502,-3586,15180,158,730,-188,-2896
-3884,9286,-410,-2600,-1756,365,-2928
3756,-2956,1764,1361,1195,-394,-2928
-3714,-3700,10004,-627,269,-129,-2896
4876,8830,10274,507,2197,-889,-2928
294,-30830,28676,971,638,406,-2912
-4584,28062,-3084,-4922,-1783,-319,-2944
-4024,19872,-7320,4606,1850,-1209,-2912
-5784,292,19042,-1855,-1703,2068,-2880
4016,19696,-1276,415,237,-1140,-2912
6126,-18416,19468,2840,1329,3,-2912
1590,1916,13226,-3003,-1075,-84,-2944
-1782,9782,5600,-771,-224,110,-2912
7146,-21958,16036,1445,1565,-207,-2912
1176,3764,7510,-248,1213,-317,-2912
1044,-11708,13778,2677,1955,-469,-2928
-9972,17148,302,-4052,-1784,529,-2944
270,19556,-6684,402,735,-1640,-2912
5788,-32768,25216,2894,1437,573,-2928
-10028,32767,-10458,-5598,-3560,534,-2928
8182,-22784,3108,3802,384,-604,-2928
-3090,-12446,13796,-1313,-1456,211,-2928
226,25366,-2840,-289,-490,-590,-2896
1060,-18522,18920,1396,1525,-134,-2896
2798,-3350,7926,-1859,-580,179,-2928
2050,4336,3558,606,986,-386,-2896
-644,-9802,12910,323,-1,-153,-2928
-1126,25024,-364,-2779,-238,-476,-2896
5722,-32456,19330,4378,2259,-662,-2928
-5548,-8590,17614,-2836,-1567,1260,-2928
-8866,32767,-10976,-996,-1632,-1233,-2896
1336,-32372,24918,2368,-68,1082,-2928
1094,25066,-2904,-2517,-1202,-463,-2912
1434,1340,7856,3190,1211,-331,-2944
1210,-17618,19656,-1139,-128,-128,-2912
-5510,14186,-1008,-2545,-1782,319,-2928
5270,-12746,6122,1632,1314,-371,-2896
-2156,-222,8434,-708,503,-171,-2896
-168,23430,1454,1394,2624,-894,-2928
-4604,-13732,20446,488,400,428,-2928
-2166,32767,-8704,-4677,-1697,-455,-2896
2468,-4522,1128,4725,1884,-1122,-2896
490,-28140,25526,-2132,-1785,1938,-2928
3154,6588,2052,741,282,-1050,-2896
4010,-25138,22106,2609,1199,6,-2896
2720,19246,4748,-2966,-1094,-152,-2896
-4930,15030,46,-672,-69,107,-2896
7290,-19186,17092,1323,1478,-207,-2896
2002,5266,6758,-115,1260,-351,-2912
5348,-7258,14632,2534,1787,-383,-2912
-6996,-5630,16158,-4726,-2018,320,-2912
3974,-3004,-1228,1736,1180,-1680,-2912
544,-32768,32434,2421,1179,715,-2912
-9638,30848,1244,-5403,-3477,269,-2912
4250,774,2174,3933,405,-443,-2944
-4412,6216,5898,-1680,-1642,207,-2912
-1422,18032,-1314,82,-336,-638,-2944
1404,-6378,12898,1182,1412,-129,-2944
-638,5162,2082,-2093,-891,222,-2960
2708,-286,2462,672,1053,-385,-2912
-3324,-5208,10266,214,-75,-122,-2944
-7016,28664,-6234,-1979,469,-563,-2928
2844,-32768,27612,3985,2046,-439,-2928
-5418,16154,3132,-3728,-1765,992,-2928
-6784,29424,-9768,545,-716,-1571,-2896
7328,-32768,14508,1522,-280,1408,-2928
3888,24452,-3152,-2388,-1090,-576,-2928
5196,-11382,15872,3187,1209,-282,-2896
938,-7746,16938,450,893,-155,-2896
-2450,6922,822,-2467,-1573,309,-2896
3134,-1264,1928,1126,1100,-370,-2960
-3678,-4568,10050,-529,222,-106,-2912
3856,12470,8452,-243,1739,-765,-2928
1972,-32768,27872,2486,1395,-4,-2896
-5104,20452,450,-4527,-1890,573,-2880
-6008,25698,-8784,1191,-321,-1528,-2928
5868,-32768,16662,1021,-422,1455,-2928
3830,22050,-1930,-1838,-826,-624,-2928
5382,-14384,17656,3155,1310,-263,-2960
1510,-3612,15188,-1719,-438,-141,-2928
-3422,8290,114,-2054,-1488,276,-2928
6976,-20420,13742,1834,1578,-314,-2928
644,2290,7942,-617,829,-191,-2896
4942,9472,9880,2268,2900,-838,-2928
318,-31458,28852,-1972,-890,777,-2912
-372,26726,-8208,-2591,-511,-1245,-2912
6680,-32768,19310,5436,2644,-449,-2944
-6090,64,19448,-4395,-2871,1719,-2944
4034,20240,-1424,2432,539,-1264,-2912
-1372,-18764,16922,1428,203,147,-2912
1560,26698,-2140,-2479,-933,-330,-2944
-1720,9292,5760,607,948,-4,-2912
7444,-21644,15848,-136,775,-25,-2912
1838,5208,4556,153,1169,-360,-2944
1040,-10810,13374,1722,892,-272,-2912
-9962,17198,194,-4724,-1820,-17,-2912
5668,-28324,14276,3918,2006,-1204,-2928
-5308,-16762,22166,197,-137,1200,-2912
-9504,32767,-10696,-3647,-2987,-727,-2896
8048,-23246,3528,3571,156,393,-2896
-124,24086,-1790,-3143,-2037,7,-2896
134,5496,5720,1983,351,-613,-2928
1248,-18338,19050,724,1010,-159,-2928
2714,-3406,8064,-2574,-1605,310,-2928
4966,-9884,4732,1068,1055,-366,-2928
-2896,-678,8804,-462,115,-146,-2928
-1020,24590,150,-189,1778,-788,-2928
5392,-32768,19764,2539,1392,73,-2928
-2746,32767,-8234,-4907,-1986,307,-2928
778,1330,-760,2981,690,-1420,-2928
1034,-30504,25032,-428,-1021,1747,-2896
1722,25192,-3114,-1238,-439,-759,-2912
1998,-696,9422,3209,1438,-169,-2912
2738,17092,5520,-2269,-721,-121,-2912
-5576,14592,-606,-1826,-1229,225,-2944
5574,-14464,7088,1895,1632,-340,-2880
2088,4662,6990,-417,1131,-252,-2896
5718,-6038,14298,2725,2878,-743,-2944
-6074,-9098,18232,-2414,-1106,691,-2912
-1468,32767,-9124,-2136,-354,-1261,-2912
886,-32768,32254,4762,2326,-85,-2928
-9678,29236,2778,-4935,-3105,1261,-2928
3432,2770,2238,2907,455,-974,-2928
3158,-25392,21608,2352,975,37,-2928
2644,22252,2886,-2961,-1099,-177,-2928
-4588,14094,1142,-317,161,64,-2896
7042,-17096,16114,948,1421,-204,-2896
2018,4798,6894,-3,1287,-330,-2928
4684,-8438,14678,2438,1710,-399,-2896
-7774,-586,12406,-4650,-1945,318,-2928
4410,-8924,1522,1651,1137,-1665,-2928
-920,-32768,31650,2457,1154,715,-2928
-10054,32767,-2464,-5133,-3462,-24,-2944
5210,-5302,2374,3975,372,-201,-2912
-4000,11980,3726,-2272,-1881,173,-2912
-1566,15240,-86,777,-114,-620,-2912
1462,-10682,14688,1149,1444,-153,-2880
6340,-12918,14074,-2066,-931,250,-2944
3128,-2004,2322,716,994,-388,-2912
-3720,-3820,9862,17,-85,-115,-2912
-5738,28852,-5592,-1995,435,-561,-2944
1638,-32768,27906,3564,1814,-258,-2896
-4678,21952,-634,-3774,-1746,935,-2944
-5570,24236,-8398,689,-639,-1556,-2912
5866,-32768,17952,1418,-293,1418,-2912
3886,21436,-1958,-1700,-705,-706,-2928
5824,-15980,18286,3176,1360,-196,-2896
1632,-1916,14540,-1464,-278,-151,-2944
-3992,9944,-646,-2220,-1528,288,-2912
3852,-3850,2402,1734,1412,-330,-2960
952,3000,7926,-734,596,-172,-2928
4956,7728,10780,1214,2504,-910,-2912
160,-29478,27880,750,522,400,-2944
-4294,28448,-3762,-4782,-1718,-394,-2912
5900,-32768,20732,5020,2134,-969,-2928
-5716,1564,17992,-2018,-1728,1969,-2912
3894,18826,-646,1144,439,-1176,-2896
5994,-19598,20260,2346,1027,42,-2896
1060,26056,-2364,-2912,-1074,-179,-2896
-1460,8910,6070,-334,204,62,-2928
7280,-22130,16326,1047,1407,-153,-2928
1414,4136,7386,-119,1160,-353,-2928
672,-11616,13632,2616,1886,-446,-2928
-10056,18898,-882,-4616,-1952,375,-2896
524,18260,-6704,1485,1062,-1700,-2896
5826,-32768,25546,2804,1399,629,-2928
-10178,32767,-10392,-5558,-3595,450,-2896
8584,-23396,3050,3848,352,-594,-2928
-3068,-12234,13934,-1362,-1464,212,-2928
396,25556,-2796,-255,-412,-614,-2928
974,-18406,18978,1356,1521,-131,-2912
3018,-3154,7958,-2173,-882,248,-2944
1964,4378,3724,702,983,-396,-2912
-620,-9948,12952,84,-68,-120,-2912
-1146,25580,-476,-2238,241,-543,-2912
5610,-32000,18976,4171,2119,-490,-2880
-5648,-8716,17558,-3487,-1735,1119,-2912
-9056,32767,-11328,-43,-1063,-1483,-2912
1558,-32768,25018,1852,-290,1275,-2944
962,25372,-2658,-2546,-1230,-482,-2912
1518,2050,7664,3184,1205,-298,-2912
2762,14924,7066,-1671,-371,-115,-2896
-5384,14116,-868,-2345,-1681,323,-2912
5320,-11954,5868,1699,1439,-378,-2944
-2292,-564,8776,-645,678,-192,-2912
-226,23028,1490,1758,2759,-822,-2880
-4510,-13972,20294,561,400,384,-2928
-2574,32767,-8806,-4277,-1481,-628,-2912
1996,-3638,986,5003,2081,-922,-2912
422,-28060,25234,-2768,-2084,1773,-2880
3240,6782,2162,1246,450,-1088,-2944
4034,-24948,22060,2201,918,58,-2944
2794,19360,4442,-2891,-1118,-165,-2912
-5116,15356,-244,-225,322,14,-2912
6956,-19634,17546,926,1304,-170,-2880
2148,5780,6378,-124,1225,-340,-2912
5256,-8498,14556,2596,1723,-404,-2944
-8056,28742,-6678,-4917,-1990,160,-2896
3932,-4830,-204,1942,1246,-1639,-2912
-80,-32768,32476,2127,1010,770,-2880
-10014,32578,304,-5413,-3493,283,-2912
8204,-32768,11460,3932,323,-189,-2928
-4402,7804,5516,-2313,-1878,216,-2928
-1584,17212,-1072,812,-86,-610,-2896
1410,-8110,13316,1119,1337,-155,-2928
-908,5982,1492,-2190,-981,261,-2960
2538,-1250,2502,851,1029,-390,-2928
-3548,-4960,10252,-98,-155,-80,-2896
-6586,29102,-6308,-1735,626,-629,-2928
2584,-32768,27956,3859,1951,-366,-2928
-5322,17610,2248,-3805,-1780,949,-2896
-6668,28178,-9544,658,-617,-1525,-2928
6572,-32768,15434,1470,-319,1438,-2928
3632,24052,-2902,-2230,-1034,-570,-2928
5382,-12808,16364,3185,1249,-260,-2928
782,-6210,16348,-94,510,-165,-2944
-2496,7024,790,-2384,-1604,287,-2912
3234,-1974,2208,1240,1168,-378,-2912
-3542,-4234,9902,-547,241,-128,-2912
3974,11838,8492,420,2110,-828,-2912
1736,-32768,28078,1734,987,180,-2912
-4940,21280,-30,-4969,-1867,-9,-2912
5494,-28136,14954,4469,1773,-1193,-2928
-4024,-7718,21118,-1142,-1299,1926,-2944
3788,21838,-1994,-716,-185,-871,-2928
5690,-15148,17994,3101,1376,-119,-2928
1652,-3134,15042,-2217,-704,-140,-2912
-3118,12282,3848,-1531,-938,186,-2928
7120,-21746,14652,1980,1684,-295,-2912
894,2946,7798,-607,970,-240,-2944
5182,8328,10406,2691,2932,-757,-2912
-9686,11814,4042,-2901,-1329,745,-2896
-118,25362,-7866,-1495,-21,-1461,-2896
6532,-32768,20324,4977,2486,-131,-2928
-6112,1142,18974,-4880,-3121,1345,-2896
7130,-17126,2438,2873,465,-1102,-2896
-1512,-17632,16242,685,-224,231,-2896
1322,26596,-2220,-1968,-757,-393,-2928
-1614,8918,5846,828,1194,-60,-2896
4382,-7142,10498,-528,483,18,-2928
1902,4900,4546,264,1122,-357,-2896
954,-10730,13638,1362,561,-236,-2928
-9970,17590,94,-4528,-1667,-109,-2896
6066,-28484,13998,3904,2046,-1248,-2896
-5158,-17426,22544,-575,-471,1313,-2896
-9672,32767,-10482,-2949,-2670,-911,-2944
8246,-22806,3214,3335,133,602,-2944
-452,23850,-1828,-3208,-2021,-83,-2912
-60,6152,5180,2255,562,-563,-2912
1106,-18160,18928,410,778,-153,-2944
2970,-4008,8518,-2584,-1669,331,-2912
4698,-9404,4534,1231,1102,-361,-2912
-2838,-890,8676,-511,202,-139,-2912
-1382,25352,-498,193,2019,-811,-2944
-2836,-19152,22980,1328,827,246,-2928
-2868,32767,-7738,-4999,-1996,115,-2912
218,3556,-1646,3520,1036,-1419,-2912
1692,-31990,24730,-827,-1148,1818,-2912
3320,10510,1540,237,201,-999,-2896
4808,-24430,22242,2844,1366,-16,-2928
2714,15466,6664,-2819,-973,-94,-2912
-5478,15560,-1104,-1354,-706,171,-2912
5406,-14066,6864,1770,1583,-257,-2944
2172,5094,6866,-442,1158,-292,-2944
5780,-5398,14208,2975,2658,-625,-2912
-5590,-10832,19274,-3478,-1543,662,-2912
-1998,32767,-9026,-703,221,-1550,-2880
1908,-32768,31708,4404,2190,97,-2944
-8864,25596,4848,-5064,-3172,1025,-2944
3480,5310,2228,3079,460,-883,-2912
-4234,696,7596,-542,-1032,182,-2928
-1290,19858,-1828,-1408,-730,-398,-2912
1436,-3042,11606,975,1358,-97,-2944
7098,-18336,16686,-1344,-114,124,-2896
2486,1624,2206,453,1074,-383,-2928
-2966,-7056,11220,813,150,-144,-2928
-7876,28894,-6644,-3643,-945,-332,-2928
4006,-6066,252,4430,2109,-858,-2928
-5920,13176,5406,-2189,-1298,1389,-2896
-7586,32032,-10796,-1930,-2117,-1189,-2896
8116,-32768,12326,2902,154,898,-2896
-4346,9258,4982,-3137,-1841,-201,-2896
4902,-8928,14280,2661,747,-491,-2928
500,-10146,18032,-192,457,-155,-2928
-1132,5360,1778,-2298,-1581,278,-2928
2768,-1238,2500,1187,1219,-371,-2928
-802,2310,8268,-488,267,-128,-2928
3460,13852,7568,1146,2524,-841,-2912
2566,-32768,27304,702,489,362,-2944
-5076,17224,1954,-4747,-1749,-343,-2912
4990,-23378,12254,4579,1839,-1096,-2944
-3092,-12056,22290,-2039,-1750,1875,-2944
3674,23050,-2322,640,291,-1055,-2912
5254,-13224,16984,2550,1133,23,-2912
2380,25938,-664,-2965,-1086,-157,-2944
-3598,13000,3122,-698,-145,109,-2912
6836,-20728,13448,1425,1536,-196,-2944
2268,5898,5522,-154,1240,-354,-2928
2874,-10586,14294,2683,2168,-492,-2880
-9052,7934,6434,-4104,-1790,517,-2944
-470,27924,-8092,526,776,-1662,-2912
6302,-32104,17374,3504,1757,409,-2912
-9892,32767,-7318,-5517,-3509,685,-2944
6146,-13720,2566,3625,356,-692,-2912
-970,-19110,17086,-946,-1279,191,-2880
-1362,10550,2396,-53,-366,-604,-2928
1680,-15104,16930,1282,1573,-132,-2944
4896,-9266,11932,-228,658,8,-2928
1786,5622,4884,159,1079,-357,-2928
1760,-11490,13842,1720,792,-258,-2896
-9964,14420,2100,-4795,-1857,-32,-2896
6068,-25412,10822,3589,1846,-1370,-2896
-4822,-22074,24976,27,-175,1246,-2928
-10086,32767,-9634,-4244,-3272,-499,-2928
7724,-19722,2728,3844,190,165,-2928
-1362,22240,-674,-2975,-1987,94,-2928
-686,8564,3756,1582,152,-635,-2928
1044,-17662,18382,903,1134,-117,-2896
3818,-5176,9118,-2500,-1383,294,-2896
4366,-8664,4252,1182,1110,-374,-2880
-3166,-1218,8688,-524,78,-104,-2944
-1978,26696,-1842,-79,1855,-869,-2912
5880,-30102,16562,2452,1410,99,-2880
-3836,32767,-6864,-4906,-2022,342,-2912
-1098,9060,-4082,2866,635,-1500,-2912
2346,-32768,24036,-328,-1014,1821,-2912
318,24116,-2206,-821,-228,-892,-2912
5684,-23426,21956,3226,1442,-87,-2944
2614,11188,8774,-2583,-820,-105,-2912
-5454,13706,-1186,-1580,-1030,206,-2912
7540,-21804,17458,1762,1648,-274,-2896
2128,3962,7374,-465,1102,-269,-2912
5632,-1476,13294,2794,2589,-624,-2928
-3548,-17476,22408,-3207,-1449,581,-2896
1410,11000,-4432,-866,174,-1369,-2896
3000,-32768,29720,4431,2146,17,-2896
-8344,19666,8450,-5056,-3181,1059,-2896
3286,9186,1712,2761,496,-958,-2912
-3960,-3804,9342,53,-705,170,-2928
-774,21738,-2678,-1916,-883,-345,-2912
884,686,10188,850,1363,-127,-2912
7244,-20844,17860,-542,413,38,-2912
2346,3708,2234,275,1087,-404,-2928
-2306,-9056,12164,1146,371,-175,-2928
-8646,27564,-6238,-4114,-1333,-261,-2896
3524,-178,-2056,4311,2103,-1050,-2928
-6474,6574,9590,-1433,-949,1398,-2928
-8550,32767,-11308,-2915,-2620,-885,-2928
8374,-32768,9104,3425,207,547,-2928
-4342,3002,7084,-3145,-1974,-82,-2928
3404,-4628,11660,2294,525,-546,-2928
372,-13996,18948,296,656,-149,-2928
24,4446,2612,-2478,-1505,304,-2928
2432,192,2664,864,1072,-379,-2912
-3162,-5962,10834,-150,-147,-91,-2912
-7480,28450,-6380,-1602,718,-649,-2912
3376,-32768,27152,3738,1929,-312,-2912
-5442,12776,5112,-3968,-1858,869,-2912
-7310,31428,-10502,899,-477,-1580,-2880
7766,-32768,12602,1328,-350,1463,-2912
3528,25218,-3442,-2178,-969,-620,-2912
4804,-8962,14612,3215,1298,-271,-2912
928,-9900,17670,-153,537,-154,-2928
-1564,5374,1820,-2411,-1656,319,-2928
2906,-362,2062,1237,1196,-390,-2928
-466,1814,8458,-524,311,-136,-2928
3084,14260,7422,589,2217,-821,-2928
2676,-32768,27200,1579,913,205,-2928
-5238,16512,2466,-4949,-1897,-84,-2928
4792,-22302,11730,3943,1321,-1289,-2928
-2628,-13380,22672,-1254,-1370,1829,-2928
3726,23342,-2428,-45,56,-917,-2928
5140,-12114,16480,2846,1325,-22,-2896
2496,25594,-298,-2853,-964,-113,-2896
-3568,13116,3032,-1414,-802,187,-2912
6798,-20810,13324,1900,1757,-290,-2912
272,2326,7958,-470,1058,-279,-2912
4400,11272,9070,2801,2681,-660,-2912
-9292,7250,7018,-2964,-1363,721,-2912
-572,28828,-8606,-1354,7,-1468,-2912
6770,-31328,15998,4892,2460,-114,-2880
-10168,32767,-6792,-5345,-3342,1083,-2928
6452,-12462,2154,2951,514,-1111,-2944
-418,-20752,18152,-77,-743,218,-2896
1764,26910,-1622,-1331,-698,-474,-2928
1826,-14892,16538,1151,1458,-109,-2928
5026,-9594,12332,-1082,72,81,-2928
1856,5640,5046,372,1041,-402,-2928
2054,-11668,14250,1007,295,-204,-2896
-4028,29448,-4916,-4110,-1323,-265,-2896
5836,-24098,10092,4239,2098,-1062,-2928
-4508,-23866,25928,-1402,-909,1395,-2896
-10184,32767,-9032,-2963,-2692,-907,-2928
4408,-32768,21372,3366,162,601,-2928
-1742,21254,-318,-3243,-1996,-79,-2928
-1116,9454,3184,2262,519,-547,-2928
1392,-17170,17920,442,782,-176,-2928
-4274,11644,-1046,-2605,-1643,345,-2928
4214,-6990,3402,1236,1105,-391,-2928
-3314,-1924,9058,-603,284,-133,-2912
-2656,27154,-2704,847,2333,-865,-2912
-1772,-24344,25486,1407,867,296,-2880
-3900,32038,-6208,-4987,-1945,-124,-2944
-2084,12096,-4704,3990,1402,-1292,-2912
2752,-32768,23260,-1364,-1471,1885,-2880
3492,15162,612,78,153,-1019,-2912
5742,-22270,21496,2931,1383,-51,-2912
2516,9438,9560,-2954,-1053,-106,-2912
-540,6594,7456,-753,-107,124,-2928
7360,-22470,17550,1669,1582,-248,-2912
1992,4000,7210,-363,1170,-318,-2944
5900,-586,13008,2879,2498,-555,-2912
-3500,-19040,23738,-3137,-1423,637,-2928
1200,12386,-5022,-1133,67,-1438,-2896
3678,-32768,29134,5054,2432,-253,-2944
-8364,17984,9640,-4563,-2956,1443,-2912
3262,10672,1080,2601,475,-1035,-2912
-3760,-5918,10460,329,-555,182,-2928
-670,22470,-2650,-2084,-917,-331,-2912
676,1558,9480,1019,1343,-129,-2896
7464,-20618,17338,-823,286,58,-2928
2238,3188,2788,344,1152,-372,-2960
-2044,-8828,12154,1222,461,-178,-2896
-8940,26902,-5698,-4231,-1415,-214,-2928
3128,1748,-2534,4222,2013,-1073,-2928
-6396,4494,10454,-1257,-825,1377,-2928
-8518,32767,-11502,-3045,-2706,-863,-2928
8510,-32768,8734,3452,227,548,-2896
-4606,2284,7540,-3194,-2012,-51,-2928
3268,-4124,11282,2217,481,-587,-2928
460,-14696,19016,397,771,-161,-2928
190,3250,3350,-2420,-1511,306,-2928
2418,780,2820,1229,1179,-379,-2944
-1684,1642,8174,-589,220,-136,-2944
2342,17944,5060,629,2249,-859,-2944
3692,-32768,26066,1503,927,258,-2912
-5600,10588,6060,-4991,-1921,-93,-2912
4570,-16432,7238,4029,1456,-1324,-2912
-2108,-19398,24634,-1322,-1478,2028,-2912
3464,25076,-3284,60,74,-1064,-2880
1874,-24912,21096,2707,1216,53,-2896
2842,24186,1008,-2911,-1003,-129,-2912
-4478,13880,1658,-1102,-534,188,-2912
6448,-18240,11240,1658,1675,-256,-2912
2148,5300,6398,-246,1250,-316,-2896
4074,-9068,14494,2697,2239,-498,-2928
-7804,710,11150,-3935,-1744,520,-2928
-1078,32222,-8932,214,667,-1604,-2928
-1630,-32768,30878,3733,1862,360,-2928
-9786,32767,-3464,-5188,-3266,980,-2912
4784,-6346,2586,3173,403,-878,-2944
974,-22638,19344,-149,-789,149,-2912
2456,25672,-248,-1257,-653,-460,-2912
1920,-11280,15082,1097,1490,-133,-2944
5772,-13218,14498,-1040,89,133,-2944
1996,6034,5560,264,1044,-378,-2912
-3724,-4464,10290,774,110,-154,-2896
-5368,29986,-6082,-4164,-1345,-261,-2944
6024,-19406,6066,4317,2130,-1047,-2912
-3858,-29706,29040,-1527,-1003,1428,-2912
-5002,23296,-8740,-1913,-2132,-1201,-2896
5744,-32768,19026,2867,30,893,-2928
-3092,18892,1154,-3209,-1882,-232,-2928
-1464,12324,1492,2675,763,-473,-2928
920,-920,14692,-140,480,-129,-2896
-3244,9852,-424,-2389,-1636,320,-2928
3716,-5298,3158,1359,1228,-345,-2896
-3620,-2478,9168,-613,258,-133,-2928
5254,6114,11116,794,2385,-878,-2896
-200,-28450,27240,1342,884,278,-2928
-4440,28976,-4356,-4986,-1952,-115,-2928
-3322,17340,-6632,4181,1522,-1323,-2896
-5996,2812,17348,-1474,-1507,1985,-2928
3906,18206,-736,132,190,-1058,-2928
6242,-20186,20426,2972,1420,12,-2928
2124,4758,12128,-2998,-988,-113,-2928
-1572,8768,6380,-643,-75,109,-2912
7616,-22286,16730,1358,1550,-211,-2912
1716,3374,7840,-215,1209,-327,-2944
5502,2080,12416,2616,2087,-472,-2944
-9594,18410,-666,-4166,-1833,415,-2912
562,17506,-6174,685,826,-1558,-2912
4622,-32768,25948,3292,1634,443,-2912
-6738,11240,12554,-5374,-3404,522,-2912
7470,-23652,4242,3632,348,-589,-2944
-3152,-9506,11946,-1063,-1350,145,-2944
-190,24346,-2396,-1498,-779,-387,-2912
76,5082,8350,510,1006,-62,-2912
7410,-22280,17740,15,785,-64,-2944
1934,4668,6910,101,1215,-378,-2912
-1290,-10828,12958,1991,1054,-293,-2912
-9568,24310,-4410,-4867,-1937,15,-2912
1854,8326,-4192,3315,1697,-1394,-2944
3070,-32768,30584,393,-4,1149,-2912
-9004,32767,-11710,-4531,-3301,-347,-2912
8530,-30072,6134,3883,282,71,-2912
-4128,-3414,9598,-2710,-1958,145,-2944
2042,286,9120,1769,284,-602,-2928
688,-16806,19526,754,974,-150,-2928
1148,1218,4760,-2476,-1409,275,-2928
2368,1974,2676,1113,1104,-391,-2896
-2098,1068,7976,-463,-30,-121,-2928
1380,20356,3306,-384,1656,-812,-2896
4408,-32768,24948,2753,1493,40,-2928
-6026,4926,9852,-4770,-1992,445,-2928
3236,-9086,3214,2439,401,-1559,-2896
-816,-24876,25462,49,-842,1765,-2928
2772,26306,-3642,-1181,-417,-859,-2928
3500,-4776,11644,3243,1402,-117,-2928
2866,21912,3066,-2422,-723,-117,-2896
-4910,12576,920,-1578,-1160,229,-2928
5900,-14882,8672,1700,1661,-322,-2928
-1386,1052,8590,-422,1062,-220,-2928
4652,-6106,14436,2366,2743,-697,-2896
-6156,-6154,15130,-2633,-1212,595,-2880
-1718,32767,-9180,-1701,-194,-1226,-2912
3874,-14446,6424,4925,2361,-161,-2912
-9442,31182,484,-4737,-3021,1298,-2944
3542,-286,2652,2775,431,-959,-2880
2104,-24634,20928,589,-390,146,-2944
2798,23338,1516,-1851,-837,-374,-2944
1724,-6826,13278,760,1281,-114,-2912
6598,-16544,16120,-407,485,46,-2912
2120,5674,6222,136,1102,-385,-2912
4496,-9570,14442,1583,711,-217,-2912
-7024,29296,-6786,-4873,-1932,38,-2896
4812,-10636,1682,3328,1725,-1478,-2928
-1638,-32768,31204,566,94,1188,-2896
-10058,32767,-2988,-4565,-3354,-335,-2928
6878,-32768,14446,3691,172,300,-2944
-3682,11678,3474,-3047,-2007,29,-2912
-1596,14734,20,1828,249,-616,-2944
1622,-10762,14748,786,1029,-146,-2912
-2102,7484,350,-2445,-1372,320,-2912
3068,-2096,2360,1053,1039,-380,-2944
-3682,-3734,9838,-489,-61,-115,-2912
-5582,29474,-6070,-545,1584,-793,-2944
1232,-32668,28728,2944,1593,-31,-2944
-5054,23634,-856,-4737,-2009,524,-2912
-5640,24808,-8886,2435,392,-1624,-2912
-4656,-7026,21762,-607,-1158,1979,-2928
4024,22522,-2244,-679,-144,-994,-2928
6002,-15290,17818,3235,1466,-96,-2896
1284,-2934,15332,-2719,-859,-50,-2896
-2632,11460,4060,-1396,-896,206,-2928
7058,-20614,14444,1700,1693,-302,-2928
744,3076,7886,-683,571,-161,-2928
4740,7388,10566,1634,2697,-853,-2928
212,-29376,27256,73,179,433,-2896
-4520,27226,-3494,-4452,-1585,-530,-2928
5764,-32768,19714,4842,1994,-1031,-2928
-5088,-652,18306,-3110,-2240,1800,-2912
3912,19126,-944,1548,496,-1148,-2912
5970,-18840,19814,2042,779,72,-2944
1180,25986,-2368,-2825,-1049,-192,-2912
-1738,10394,5558,-78,471,-2,-2912
7460,-22778,16648,811,1230,-124,-2944
1666,3480,7454,-173,1232,-374,-2944
886,-11360,13738,2504,1673,-360,-2912
-9960,17212,438,-4709,-1980,264,-2912
378,19912,-6812,2003,1284,-1622,-2912
5436,-32768,24434,2112,971,796,-2944
-9414,32767,-10022,-5317,-3489,160,-2912
7676,-21568,3388,3701,334,-540,-2896
-2656,-12530,13664,-727,-1121,179,-2912
482,25346,-2492,-746,-587,-506,-2912
-478,6490,7358,1233,1523,-146,-2912
3142,-3850,8558,-1070,134,103,-2928
2050,4640,3816,381,1107,-419,-2928
-632,-10684,12998,1021,308,-169,-2928
-9724,22666,-3252,-3947,-1190,-265,-2896
5430,-32768,19356,4280,2079,-952,-2896
-6024,-6672,16596,-1704,-1090,1376,-2896
-9326,32767,-11518,-2634,-2463,-1010,-2896
8740,-28594,5262,3236,199,661,-2928
1354,25702,-2718,-3130,-1963,-108,-2928
1644,1934,8268,2370,619,-545,-2928
740,-17138,19408,179,664,-165,-2896
2056,-614,5992,-2413,-1511,324,-2928
5222,-11790,6370,1287,1257,-382,-2944
-2608,502,8416,-566,340,-130,-2912
340,22040,1990,905,2400,-861,-2912
4872,-32768,22572,1136,684,319,-2880
-2310,32767,-8988,-4928,-1912,-237,-2944
1968,-4988,2032,4286,1585,-1177,-2912
-130,-26726,25388,-1695,-1619,1930,-2912
2374,26126,-3466,292,209,-1076,-2944
3776,-25518,22232,2757,1265,6,-2944
2924,20302,3742,-3000,-1030,-124,-2944
-5280,13462,244,-864,-401,153,-2912
7114,-18556,16758,1315,1498,-191,-2928
2038,4616,7006,-263,1197,-295,-2912
5132,-6088,14254,2554,2022,-453,-2896
-6088,-7114,16246,-4216,-1782,405,-2928
3242,-1386,-1108,761,832,-1601,-2928
178,-32768,32002,3277,1585,522,-2928
-9830,31556,1072,-5491,-3500,566,-2928
3584,128,2652,3623,277,-555,-2928
-3918,6166,5416,-1187,-1417,138,-2928
-1450,16882,-878,-360,-405,-555,-2928
1746,-6700,13208,1186,1553,-146,-2912
6644,-16572,16040,465,1055,-86,-2912
1962,5630,6288,29,1201,-345,-2912
4456,-9970,14638,2204,1286,-338,-2912
-6858,29700,-7046,-4927,-1911,8,-2928
4948,-11728,2178,2769,1543,-1587,-2912
-1712,-32768,31480,1307,502,1019,-2912
-10398,32767,-3304,-4502,-3369,-388,-2928
7054,-32768,14890,3902,245,65,-2928
-3984,12942,3364,-2828,-1973,151,-2896
-1694,15164,-166,1381,66,-646,-2928
1570,-11372,14914,980,1226,-128,-2928
-2204,7780,406,-2369,-1209,279,-2960
3262,-2752,2514,967,1039,-387,-2928
-3518,-3768,9768,-308,-124,-112,-2928
-5534,29438,-5772,-1162,1097,-713,-2896
1212,-32394,28492,3493,1832,-185,-2928
-5052,23770,-986,-4386,-1936,774,-2928
-5480,24350,-8740,1557,-134,-1676,-2928
5894,-32768,17944,728,-619,1674,-2928
4006,22060,-2022,-1785,-719,-750,-2896
5974,-15728,18064,3247,1434,-149,-2912
1556,-2500,15042,-2347,-676,-100,-2912
-3914,9860,-460,-1747,-1152,199,-2912
7112,-21422,14878,1917,1673,-332,-2944
986,2586,7980,-541,1026,-272,-2912
4714,8100,10268,2536,2802,-734,-2912
322,-29508,27506,-2111,-924,630,-2944
-376,25222,-7794,-2389,-476,-1138,-2912
5606,-32768,19998,5133,2373,-343,-2944
-5212,84,17906,-4311,-2788,1421,-2912
6086,-15970,3216,2820,429,-926,-2928
-1782,-16284,15376,1079,-3,141,-2912
1226,25868,-2288,-2216,-875,-319,-2880
-1634,10020,5938,863,1353,-140,-2928
3780,-7568,11052,-561,397,65,-2928
2194,6062,4174,168,1122,-381,-2896
676,-11392,13632,1840,940,-266,-2880
-10056,18462,-358,-4774,-1837,-25,-2912
630,18226,-6606,3542,1829,-1359,-2912
-5484,-15364,21562,50,-151,1225,-2912
-9604,32767,-10464,-4222,-3226,-505,-2912
8250,-23632,3524,3808,280,169,-2912
-36,23774,-1780,-3084,-2026,-29,-2928
296,5184,5788,1560,135,-614,-2912
1130,-17980,19064,919,1146,-130,-2912
2954,-2436,7624,-2531,-1317,286,-2880
4860,-10700,5216,1191,1161,-382,-2928
-3114,-228,8624,-566,60,-101,-2896
-514,24636,246,-15,1827,-845,-2928
5368,-32768,20386,2369,1287,132,-2928
-2352,32767,-8588,-4964,-2008,256,-2928
1564,-96,-1170,3216,821,-1560,-2928
828,-30934,25724,-489,-1024,1952,-2928
1630,26416,-3164,-721,-185,-980,-2928
4892,-25978,22604,3210,1459,-54,-2896
2710,17388,5944,-2716,-822,-116,-2928
-5058,13520,-86,-1417,-953,192,-2928
5384,-12768,7058,1728,1698,-295,-2928
2012,4360,7602,-376,1162,-241,-2928
5298,-4488,14352,2603,2624,-598,-2896
-5116,-11026,18362,-3330,-1519,538,-2880
-2276,32767,-8974,-832,189,-1390,-2944
1838,-32768,31022,4400,2153,82,-2912
-8566,25028,4406,-5010,-3154,995,-2944
3464,4884,2316,3125,469,-836,-2944
3534,-24986,21922,-63,-732,166,-2912
-932,19514,-1730,-1329,-656,-426,-2912
1354,-2692,11608,909,1389,-123,-2912
6976,-18516,16788,-793,236,70,-2912
2580,2426,2054,348,1001,-404,-2928
-2856,-7796,11796,1256,484,-231,-2944
-8070,27684,-6386,-4367,-1529,-179,-2912
3704,-2484,-1300,4071,2004,-1140,-2912
-5942,9194,7308,-1725,-1102,1364,-2928
-7934,32767,-11118,-3282,-2825,-798,-2912
8074,-32768,10732,3527,204,501,-2944
-3974,5606,5928,-2969,-1979,32,-2928
-1418,18240,-1422,1675,253,-644,-2896
660,-12388,18306,852,1105,-161,-2896
-890,5118,2098,-2466,-1342,323,-2896
2412,106,2224,995,1047,-365,-2928
-3158,-5878,10552,-392,-79,-95,-2928
3220,15866,6436,-832,1375,-784,-2896
3090,-32768,27656,3188,1671,-90,-2928
-5892,15302,4090,-4610,-1990,590,-2896
-7036,30472,-10602,2134,251,-1641,-2928
-2786,-16192,24630,313,-775,1776,-2928
3726,25306,-3178,-1453,-548,-875,-2896
5196,-10642,15050,3327,1446,-165,-2928
590,-8972,17458,-2284,-660,-97,-2928
-3744,12404,2658,-1633,-1180,228,-2928
6606,-18722,12144,1709,1673,-274,-2912
-176,2384,8138,-647,484,-174,-2912
3740,12152,8192,1437,2635,-859,-2912
1872,-32768,27742,394,357,395,-2912
-5304,20022,858,-4612,-1705,-426,-2912
5688,-26128,13318,4691,1888,-1068,-2880
-3436,-10424,22014,-2218,-1848,1864,-2912
3934,22506,-2288,823,352,-1084,-2944
78,-21514,18750,2170,937,37,-2896
2126,26102,-968,-2962,-1101,-111,-2912
-3042,13198,3524,-208,404,7,-2896
7134,-22236,14636,957,1293,-133,-2928
2218,6566,4876,-203,1196,-368,-2896
2314,-11582,14136,2584,1773,-395,-2928
-9560,10610,4912,-4590,-1983,301,-2928
-402,26050,-7866,1719,1188,-1622,-2928
-3948,-26342,27216,2348,1104,762,-2928
-9436,32767,-8082,-5409,-3513,247,-2928
6264,-15226,2806,3818,289,-391,-2896
-1360,-17508,16120,-1633,-1667,171,-2896
-1208,9396,3356,199,-339,-567,-2960
1920,-16330,17594,1388,1582,-209,-2928
4200,-7518,11096,-2109,-795,269,-2896
2140,5392,4388,608,1031,-393,-2928
-3502,-1608,8882,100,-64,-124,-2928
-2676,27854,-2786,-2240,219,-572,-2928
5898,-29578,15136,4202,2079,-463,-2896
-5336,-15858,21782,-3549,-1782,1143,-2928
-1524,11286,-5050,-30,-1070,-1499,-2928
2720,-32768,23884,1907,-227,1304,-2896
-188,23862,-1742,-2601,-1258,-478,-2928
290,5522,5552,3173,1164,-316,-2928
1718,10010,9630,-1214,-184,-134,-2928
-4316,11562,-638,-2073,-1489,288,-2928
4712,-9690,4972,1608,1507,-338,-2912
-3184,-32,8340,-534,774,-173,-2912
5782,-1176,13580,2159,2841,-815,-2912
-3260,-18436,22504,-1120,-435,564,-2944
-2726,32767,-8020,-3507,-1073,-866,-2912
260,3048,-1520,5227,2343,-661,-2944
-8132,17882,9312,-3483,-2445,1735,-2912
3098,10176,1482,1838,465,-1109,-2944
4800,-24524,22116,1755,491,65,-2944
-188,22296,-2630,-2408,-907,-303,-2928
-10,1912,9446,13,451,11,-2912
7440,-19894,16730,653,1171,-146,-2944
2080,3892,7498,28,1267,-345,-2944
-1768,-8504,11864,1925,1156,-274,-2928
-8942,24140,-4412,-4683,-1950,201,-2944
2178,6398,-3358,1386,1067,-1619,-2960
2110,-32768,30780,2632,1282,671,-2928
-8786,24558,5438,-5387,-3523,278,-2928
7998,-31808,7896,3817,253,-183,-2944
-4082,74,7754,-2091,-1810,130,-2912
-904,19834,-1880,682,-186,-601,-2912
1408,-2230,11624,1302,1605,-190,-2912
-632,3402,3562,-2257,-993,301,-2944
2510,2562,1982,739,987,-394,-2912
-2918,-7778,11772,229,-87,-139,-2928
-8156,28864,-7016,-2644,-28,-550,-2928
3810,-32768,27036,4386,2074,-536,-2928
-6398,11516,6736,-3311,-1713,1273,-2928
-7934,32767,-11290,-275,-1222,-1552,-2896
8344,-32768,11420,2049,-226,1339,-2928
3402,26242,-3582,-2832,-1406,-478,-2896
4378,-7592,13358,3087,1057,-360,-2896
404,-11950,18404,-985,-25,-114,-2896
-1022,6200,1388,-2266,-1565,304,-2896
6406,-18220,11198,1656,1436,-359,-2928
-760,2350,8078,-695,489,-157,-2896
3364,15128,6976,2055,2901,-854,-2944
2896,-32768,27666,-699,-205,569,-2912
-1486,32596,-9166,-3993,-1291,-780,-2912
5506,-21262,9998,5158,2301,-880,-2944
-2626,-15862,24176,-2993,-2232,1893,-2912
3780,24606,-2834,1448,470,-1221,-2912
1266,-23946,20640,2249,873,76,-2912
2620,25342,318,-2880,-1017,-186,-2912
-3878,13516,2596,-209,308,36,-2912
6238,-14004,14766,486,1073,-122,-2928
2192,5672,5994,-108,1234,-355,-2912
3468,-9608,14160,2392,1760,-388,-2912
-8344,4372,8612,-4491,-1872,317,-2912
5260,-13972,4702,2324,1476,-1577,-2896
-2512,-32768,30742,1692,787,918,-2896
-9606,32767,-4684,-5162,-3471,33,-2928
5488,-8730,2518,3801,256,-226,-2896
-2926,14222,2084,-2024,-1821,172,-2896
-1738,12850,1048,608,-259,-574,-2928
2124,-12726,15914,1377,1614,-221,-2896
5328,-12148,13910,-2289,-1041,301,-2896
3764,-2742,1530,632,949,-407,-2928
-3668,-4168,10054,72,-24,-123,-2896
-4944,29770,-5330,-4358,-1537,-194,-2896
5786,-22240,8648,4454,2114,-911,-2912
-4294,-25524,26926,-2022,-1267,1409,-2912
-9812,32767,-8560,-3076,-2701,-935,-2896
4920,-32768,20838,3412,198,557,-2896
-1800,20394,216,-3154,-1979,-29,-2896
-1018,9620,3352,2215,501,-591,-2960
1322,-16892,17838,449,755,-148,-2896
-3888,11556,-964,-2556,-1609,312,-2928
2068,4500,4570,763,1050,-396,-2912
-3702,-1372,8852,-119,-79,-75,-2912
-2246,27240,-2612,-1573,802,-646,-2944
5666,-29848,15620,3811,1907,-268,-2912
-5362,-14494,20758,-4208,-1890,842,-2912
-1068,9148,-4292,1205,-378,-1655,-2912
2310,-32768,24230,1049,-502,1584,-2912
140,24640,-2308,-1976,-875,-713,-2912
5804,-23714,21904,3262,1422,-164,-2896
2442,11376,8860,-1752,-467,-130,-2912
-4950,12322,-646,-1935,-1410,288,-2944
5066,-9980,5070,1754,1638,-351,-2928
1622,3862,7620,-462,1021,-215,-2928
5578,-1380,13602,2413,2771,-711,-2928
-3412,-17066,21738,-2007,-902,576,-2928
-2586,32767,-8018,-2563,-557,-1089,-2928
2990,-32768,29406,5203,2408,-368,-2928
-8322,20032,7982,-4245,-2782,1485,-2928
3072,8882,1786,2413,464,-1049,-2928
4534,-24690,22238,1096,20,155,-2928
-500,21612,-2454,-2285,-925,-317,-2928
676,608,9998,464,1022,-47,-2928
7216,-20308,17376,46,778,-18,-2928
2206,4924,6870,125,1210,-368,-2896
-2130,-8972,12008,1575,756,-233,-2880
-8888,26386,-5690,-4670,-1794,-92,-2912
2822,3308,-3036,3688,1869,-1301,-2912
1866,-32768,31438,-236,-268,1240,-2912
-8558,32767,-11706,-3913,-3145,-580,-2912
8170,-32768,8154,3755,218,278,-2880
-3980,762,7760,-2936,-1974,40,-2912
-944,19938,-1964,1720,240,-631,-2912
748,-14936,18916,1033,1329,-172,-2896
-32,3314,3296,-2402,-1216,341,-2928
2240,1644,2396,925,1027,-377,-2896
-2808,-7126,11238,-272,-76,-95,-2896
2244,18670,4994,-1287,1006,-709,-2928
3778,-32768,26572,3598,1852,-201,-2928
-6130,10470,6946,-4304,-1954,822,-2864
-8026,32767,-11214,1402,-197,-1725,-2928
-1936,-21404,25896,863,-619,1672,-2896
3442,26442,-3640,-1960,-836,-746,-2896
4402,-6726,12842,3289,1420,-219,-2896
364,-12316,18614,-1881,-482,-113,-2896
-4228,12732,1710,-1595,-1144,240,-2880
6272,-17040,10610,1738,1630,-307,-2912
-910,2044,8196,-612,308,-110,-2912
2904,15926,6080,952,2426,-891,-2912
2968,-32768,26984,1153,737,304,-2944
-1560,32767,-9254,-4625,-1652,-474,-2896
4882,-19404,9366,4233,1566,-1214,-2912
-2124,-16940,24052,-1606,-1571,1911,-2944
3690,24556,-2882,285,170,-1023,-2944
1396,-23922,20668,2621,1226,27,-2928
2742,24954,682,-2991,-1057,-102,-2928
-4006,14610,2186,-1926,-1267,229,-2928
6914,-20366,12724,2035,1661,-310,-2928
200,1602,8044,-635,957,-237,-2928
3600,13190,7886,2577,2890,-772,-2928
-8624,4360,8848,-1943,-863,744,-2928
-1064,30646,-8726,-2665,-590,-1192,-2928
6208,-27748,13726,5267,2443,-442,-2896
-3710,-9166,21902,-4216,-2727,1569,-2928
5672,-9342,2384,2321,524,-1102,-2928
182,-21464,18566,829,-154,203,-2912
1918,26364,-862,-2033,-878,-336,-2912
-3016,12738,3788,833,1250,-89,-2912
5422,-11468,13514,-435,526,34,-2912
2150,5962,5214,185,1136,-375,-2912
2354,-11874,14224,1595,691,-224,-2912
-9804,12268,3858,-4828,-1879,36,-2960
5748,-23158,9478,3355,1748,-1388,-2960
-4336,-24766,26490,300,-34,1180,-2928
-10102,32767,-8612,-3827,-3057,-668,-2912
7236,-17032,2608,3734,270,302,-2880
-1852,21058,140,-3118,-2025,67,-2912
-916,9640,3404,1840,347,-632,-2912
1292,-17008,17974,733,976,-148,-2912
4482,-6524,10254,-2468,-1398,280,-2912
4154,-7140,3772,1081,1100,-383,-2912
-3692,-1422,8762,-441,30,-96,-2912
-2590,27102,-2638,-387,1610,-773,-2912
-1862,-23664,25292,1976,1120,181,-2928
-3570,32562,-6504,-4813,-2000,384,-2912
-1890,10938,-4208,2661,519,-1469,-2912
2626,-32768,23544,-806,-1162,1851,-2896
3344,14654,502,-385,-53,-947,-2928
5620,-22714,21656,3031,1383,-55,-2896
2458,10408,9228,-2782,-928,-113,-2928
-5156,12322,-862,-1310,-848,202,-2928
7460,-21208,16572,1746,1646,-274,-2928
1802,3314,7756,-319,1185,-260,-2928
5630,340,13006,2630,2597,-614,-2928
-2866,-19804,23454,-2963,-1346,620,-2896
1126,13468,-5166,-1227,50,-1389,-2896
3468,-32768,28700,4668,2285,-23,-2928
-8580,18528,9494,-5034,-3194,1173,-2896
3104,10422,1186,2986,422,-936,-2928
-3780,-5504,10364,217,-582,156,-2928
-398,22428,-2570,-1035,-627,-434,-2912
524,1822,9494,1181,1518,-163,-2912
7402,-20654,17366,587,1143,-87,-2880
1996,4854,7208,11,1212,-366,-2912
6026,-4732,14240,2306,1467,-322,-2912
-9276,26100,-5576,-4899,-2036,185,-2912
2740,4040,-3560,2467,1429,-1605,-2944
2080,-32768,31800,1687,728,917,-2944
-9534,26200,5412,-5485,-3593,354,-2928
8718,-32768,7758,3847,319,-471,-2896
-4420,728,8016,-1640,-1636,221,-2928
-1034,20712,-2170,-2068,-801,-394,-2896
1072,-3074,11370,754,1075,-4,-2928
7266,-17526,16004,-801,259,45,-2880
1876,5252,6968,398,1132,-390,-2944
-2478,-6838,11166,1124,412,-194,-2912
-8190,27828,-6240,-4333,-1531,-203,-2912
3494,-2436,-982,4069,2056,-1168,-2912
272,-32768,32388,-1017,-733,1358,-2944
-7896,32767,-11252,-3282,-2818,-853,-2912
8296,-32768,10826,3906,294,-211,-2896
-4628,6774,5598,-1701,-1696,198,-2912
-1546,18158,-1536,80,-317,-588,-2912
1182,-6592,12824,1191,1466,-132,-2928
-1116,4914,2212,-2097,-1004,279,-2896
2826,444,1874,622,958,-391,-2928
-3222,-5692,10564,123,11,-98,-2928
-7196,27976,-5868,-2171,325,-549,-2896
2994,-32768,26750,4109,2120,-493,-2896
-5504,14426,3936,-3622,-1758,984,-2896
-6706,29480,-10024,376,-840,-1492,-2928
6794,-32768,13606,1587,-268,1284,-2928
3660,23712,-2610,-2297,-1077,-509,-2928
4844,-10830,15742,3117,1261,-294,-2896
1642,-8300,16918,-1311,-268,-129,-2928
-3446,9360,-232,-2483,-1660,317,-2896
6928,-22014,13796,2099,1624,-322,-2912
688,2258,7506,-815,708,-215,-2928
4386,11084,9068,2312,2973,-893,-2928
660,-32246,29274,-1844,-810,793,-2912
-714,28230,-8316,-2954,-703,-1126,-2912
6754,-32288,16440,5355,2514,-546,-2944
-4914,-4696,20628,-4004,-2682,1692,-2912
3972,21438,-1946,2221,576,-1190,-2912
-632,-19824,17794,1625,384,144,-2912
1610,27020,-1624,-2651,-992,-272,-2912
-2176,10742,4910,101,522,14,-2896
7234,-21968,15134,535,1186,-131,-2896
2002,5164,4942,58,1245,-353,-2928
1576,-11694,14106,2316,1458,-354,-2928
-9966,15416,1762,-4851,-1957,84,-2912
-54,21898,-7090,3090,1644,-1464,-2912
-4916,-20872,24566,728,216,1098,-2912
-9912,32767,-9464,-4757,-3391,-250,-2912
7442,-19470,2938,3856,299,-62,-2912
-2534,-14860,15034,-2569,-1959,175,-2880
-290,7948,4390,1149,-29,-609,-2912
958,-16900,18310,1036,1317,-176,-2944
4100,-5870,9658,-2214,-1091,281,-2912
4308,-7428,3838,863,1034,-380,-2928
-3244,-1370,8752,-41,-18,-88,-2912
-2408,26286,-1720,-1561,784,-625,-2912
5482,-29408,16152,3697,1863,-318,-2944
-3538,32767,-6764,-4569,-1915,540,-2928
-1452,8642,-3312,2123,164,-1536,-2896
2154,-32768,24094,309,-643,1631,-2928
596,24268,-2222,-2945,-1660,-239,-2928
918,2608,7170,2829,854,-435,-2928
1344,-17310,18952,-386,389,-163,-2928
-5494,13162,-1124,-2499,-1749,335,-2928
5070,-10940,5362,1505,1300,-360,-2896
-2434,-440,8794,-663,419,-136,-2928
-742,24744,544,1588,2720,-887,-2912
-3904,-16778,22346,84,165,528,-2944
-2110,32767,-8324,-4454,-1494,-619,-2912
1728,-1232,-18,5065,2147,-1010,-2880
820,-29848,25896,-2622,-2017,2059,-2912
3388,8308,1382,1074,383,-1202,-2880
4588,-25454,22144,2436,1056,41,-2912
2454,17792,5512,-2974,-1111,-166,-2912
932,-716,10530,51,494,38,-2896
7256,-19574,17166,1078,1437,-162,-2912
1900,5416,6992,-141,1201,-315,-2944
5814,-6736,14720,2731,2221,-509,-2928
-6324,-8388,17596,-4201,-1809,482,-2896
3238,134,-2344,1342,1037,-1700,-2912
1318,-32768,32334,2880,1428,634,-2912
-9896,28722,3310,-5536,-3546,468,-2944
4402,3110,2154,3890,395,-584,-2912
-4588,3928,6630,-1427,-1514,184,-2880
-1474,19666,-1930,-223,-390,-605,-2912
1314,-5036,11986,1231,1479,-107,-2880
7058,-16422,15760,-1714,-494,196,-2944
2560,484,2508,603,1045,-398,-2880
-2816,-6136,10886,416,2,-133,-2912
-7674,27916,-6208,-3077,-434,-429,-2912
3666,-32768,26378,4253,2158,-577,-2896
-5716,10568,6296,-2607,-1493,1270,-2912
-7544,32336,-10730,-317,-1219,-1440,-2928
7632,-32768,11544,1985,-203,1243,-2928
3440,25318,-3278,-2658,-1340,-441,-2928
4494,-8146,13902,3107,1129,-323,-2896
1124,-11502,18364,-955,15,-142,-2928
-2170,6482,1262,-2497,-1743,350,-2896
6584,-19400,11862,1815,1457,-347,-2896
-20,1526,8072,-792,582,-175,-2960
2984,15610,6878,1638,2749,-922,-2896
2632,-32768,27860,46,188,543,-2864
-1210,32220,-8852,-4437,-1530,-572,-2960
5574,-23036,11216,4948,2042,-989,-2928
-2722,-13970,23406,-2495,-1979,1888,-2896
3730,23374,-2436,1533,456,-1113,-2944
952,-22668,19368,2047,767,45,-2912
2254,25448,-30,-2816,-1043,-200,-2944
-3526,13924,2762,-51,482,7,-2912
6910,-20878,13304,730,1258,-153,-2912
2156,5976,5586,-57,1217,-365,-2912
3114,-11276,14256,2438,1543,-371,-2912
-9516,9274,6128,-4827,-1985,226,-2912
5786,-20018,7158,3011,1641,-1532,-2896
-3728,-28672,28596,1766,777,886,-2912
-10072,32767,-7080,-5543,-3526,419,-2928
6756,-13874,2426,3844,404,-542,-2928
-996,-19366,17574,-1496,-1548,194,-2928
-1306,11088,2412,-66,-342,-620,-2896
1384,-15272,16990,1175,1410,-120,-2944
4940,-7932,11378,-2123,-873,221,-2912
2036,4012,5194,770,1059,-398,-2912
-3734,-1882,8934,43,-80,-85,-2912
-3218,28044,-3580,-2035,427,-605,-2912
5408,-26370,13078,4011,1975,-368,-2912
-4612,-19500,23160,-3787,-1814,957,-2880
-2370,13448,-5264,603,-719,-1572,-2944
3586,-32768,22652,1501,-266,1409,-2912
-478,22914,-1032,-2239,-1032,-587,-2944
5984,-21628,20858,3199,1409,-184,-2928
2140,8676,10350,-1502,-287,-168,-2880
-4928,12152,-838,-2113,-1540,307,-2944
4660,-8328,4192,1733,1506,-381,-2944
1636,3356,7970,-477,942,-213,-2896
5436,706,13316,2305,2809,-772,-2928
-2614,-20604,23860,-1583,-664,617,-2928
-2796,32767,-7598,-3046,-781,-1029,-2896
3982,-32768,27848,5258,2405,-502,-2896
-7586,16310,10296,-3944,-2611,1553,-2896
3136,11302,1412,2164,492,-1057,-2928
4858,-23624,22014,1334,223,105,-2928
-122,22986,-2438,-2484,-900,-301,-2928
256,2762,9448,330,866,-48,-2928
7250,-21114,17322,243,936,-52,-2928
1948,4674,6960,57,1170,-381,-2896
-1782,-9938,12546,2091,1148,-295,-2896
-9190,25654,-5438,-4766,-1869,-38,-2912
2614,4948,-3634,3587,1817,-1345,-2912
2110,-32768,31584,-71,-247,1211,-2944
-8776,32767,-11926,-4152,-3228,-521,-2912
8812,-32768,7510,3808,240,173,-2912
-4516,208,8350,-2966,-2002,73,-2944
-1014,20870,-2286,1636,195,-652,-2912
586,-15832,19360,1146,1319,-149,-2896
192,3388,3522,-2398,-1175,292,-2928
2286,1360,2484,966,1028,-369,-2896
-2520,-7520,11466,-447,-78,-73,-2912
2016,19126,4358,-765,1393,-818,-2912
4124,-32768,25974,3139,1640,-50,-2912
-6232,8396,7942,-4595,-1974,594,-2912
-8186,32767,-11550,2057,169,-1577,-2912
-1360,-22330,25682,342,-776,1754,-2912
3198,26394,-3564,-1497,-557,-852,-2912
3972,-6388,12490,3291,1478,-160,-2912
2836,23358,2382,-2606,-768,-115,-2928
-4596,13148,1406,-1680,-1251,221,-2944
6152,-16818,10058,1791,1630,-326,-2912
-780,1302,8326,-510,899,-249,-2912
4604,-7440,14372,2523,2740,-696,-2928
-6702,-4000,13804,-2255,-984,644,-2928
-1866,32767,-9150,-2251,-425,-1154,-2928
4634,-17188,7718,5131,2439,-309,-2896
-9428,32548,-558,-4437,-2868,1431,-2896
4124,-1928,2686,2507,424,-1014,-2928
1700,-24198,20750,1022,-48,146,-2928
2704,24192,1062,-2179,-911,-324,-2928
2170,-8840,14008,741,1255,-105,-2896
6050,-15786,16204,-262,560,41,-2896
2192,6858,5716,9,1075,-394,-2928
4024,-11222,14374,1832,926,-270,-2928
-6356,30054,-6672,-4746,-1839,-4,-2896
5482,-15204,4048,3711,1908,-1360,-2928
-2780,-32768,30406,-1007,-749,1349,-2944
-10050,32767,-5056,-3397,-2882,-796,-2944
6268,-32768,16414,3515,153,454,-2912
-3212,14888,2244,-3081,-1978,-53,-2912
-1888,13160,1046,2060,396,-581,-2912
1970,-13534,15914,647,898,-165,-2944
-3206,10098,-680,-2718,-1637,292,-2880
1974,5894,5184,645,1051,-393,-2912
-3778,-3244,9678,177,-60,-130,-2912
-4238,29496,-5090,-2452,94,-551,-2944
6102,-23696,9772,4300,2167,-507,-2912
-4442,-24920,26772,-3386,-1782,1223,-2912
-3928,19280,-7414,-317,-1210,-1469,-2912
4474,-32768,20730,2079,-214,1265,-2912
-1892,20420,-16,-2723,-1334,-457,-2912
6228,-19068,19714,3207,1324,-264,-2928
1254,-16310,17712,419,785,-174,-2928
-3906,10688,-574,-2464,-1567,320,-2928
4140,-6618,3558,1155,1148,-348,-2928
-3542,-1672,8994,-460,162,-88,-2928
-2886,27184,-2540,120,1943,-798,-2896
-1476,-24562,25632,2141,1211,92,-2928
-3534,31402,-6114,-4938,-1972,171,-2896
-2170,12146,-4630,3280,888,-1444,-2928
3080,-32768,23128,-631,-1098,1815,-2928
3284,15040,82,-530,-102,-880,-2928
5592,-22148,21338,3071,1384,-95,-2896
2414,9456,9678,-2740,-911,-126,-2896
-5266,13066,-1124,-1431,-835,193,-2896
7462,-21890,16918,1826,1688,-278,-2928
1766,4008,7470,-339,1232,-269,-2944
5694,68,13162,2742,2440,-565,-2912
-3076,-19868,24006,-3617,-1601,574,-2912
1300,13584,-5648,-414,358,-1548,-2912
3996,-32768,28178,4208,2107,155,-2944
-7792,15916,10558,-5176,-3271,922,-2912
3268,11992,1098,3247,421,-806,-2912
-3478,-7156,10910,-183,-814,158,-2944
-118,23204,-2520,-1199,-645,-466,-2944
292,2898,9162,1029,1402,-100,-2944
1782,-902,6414,-1423,-179,152,-2928
2026,3688,3116,378,1087,-367,-2912
-1584,-9476,12460,670,80,-153,-2928
-9296,25278,-5194,-3557,-840,-373,-2896
5188,-32768,22202,4378,2161,-878,-2928
-6400,-902,13412,-1458,-954,1406,-2944
-9090,32767,-11924,-2855,-2606,-934,-2912
8932,-32174,6770,3359,174,624,-2912
2016,26670,-3240,-3163,-1863,-233,-2928
2404,-698,9278,2279,536,-610,-2912
530,-16430,19476,302,712,-149,-2912
918,1718,4388,-2494,-1549,313,-2912
5696,-14142,7948,1336,1244,-362,-2928
-1946,1028,8456,-623,236,-141,-2960
1200,20536,3164,718,2332,-882,-2928
4644,-32768,24014,1496,969,254,-2928
-2160,32767,-9072,-4961,-1912,-62,-2928
2834,-7878,3452,3887,1372,-1303,-2928
-444,-25372,25662,-1283,-1437,1888,-2896
2794,26168,-3364,-72,89,-1016,-2896
3612,-25832,22618,3026,1431,-2,-2928
2816,21570,3386,-2937,-1003,-101,-2896
-5010,13808,602,-1949,-1357,264,-2880
6062,-16042,9120,1872,1585,-359,-2944
-978,762,8318,-606,836,-215,-2880
1684,19098,4530,2278,2902,-814,-2912
-6612,-6162,15620,-1326,-568,677,-2880
-1852,32767,-9246,-3324,-928,-976,-2912
4482,-14496,5718,5344,2410,-656,-2880
-1264,-21180,25126,-3675,-2507,1725,-2944
3842,492,2514,1914,496,-1138,-2912
2464,-24630,21276,2808,1323,17,-2896
2702,23204,2066,-2965,-1090,-91,-2896
-4438,15010,1224,-878,-295,120,-2928
6396,-18848,11196,1525,1593,-256,-2896
2036,5714,6426,-285,1201,-319,-2928
4400,-10204,14310,2798,2303,-532,-2896
-8474,2302,10662,-4119,-1743,511,-2896
-1176,31766,-8946,459,681,-1674,-2928
-1964,-32768,31406,3582,1784,367,-2896
-10114,32767,-3782,-5487,-3475,741,-2896
5494,-7254,2368,3632,443,-781,-2928
802,-23246,19806,543,-360,241,-2928
2148,26334,-444,-2270,-881,-349,-2912
-3030,11912,3654,673,958,-42,-2944
6006,-11588,13308,-292,658,-74,-2912
2028,4940,5746,278,1209,-356,-2912
2606,-10628,14294,1567,787,-249,-2944
-9258,10170,5040,-4576,-1727,-91,-2912
5522,-20674,8698,3611,1898,-1279,-2912
-3506,-27196,27460,-187,-272,1194,-2912
-9736,32767,-7618,-3993,-3134,-549,-2912
4754,-32768,19936,3498,243,478,-2896
-1966,19158,460,-2927,-2020,53,-2944
-1032,9528,3208,1763,221,-595,-2944
1604,-15694,17432,847,1157,-191,-2912
-4174,10558,-590,-2529,-1530,322,-2960
4158,-5522,2818,1108,1121,-352,-2928
-3556,-2116,9044,-444,181,-122,-2928
-3494,27478,-2948,-48,1838,-765,-2928
-962,-25662,26118,2305,1255,62,-2896
-3524,30700,-5586,-4879,-1950,206,-2896
-2490,13174,-4794,3186,838,-1456,-2928
3522,-32768,22754,-519,-966,1772,-2896
3388,15502,84,-597,-152,-840,-2928
5616,-21230,21066,3022,1381,-68,-2928
2346,8844,10034,-2679,-920,-138,-2928
-4968,12934,-1148,-1439,-852,203,-2928
4596,-9254,4386,1851,1544,-344,-2912
-3116,-966,8906,-730,728,-183,-2912
5980,-36,13286,2180,2908,-861,-2912
-3200,-20186,24484,-980,-386,687,-2944
-2778,32767,-7744,-3712,-1103,-929,-2912
104,5350,-2656,5316,2440,-802,-2912
-8254,16352,11272,-3364,-2378,1907,-2912
3694,12300,784,1633,500,-1240,-2944
5384,-24450,22398,2025,731,94,-2912
-36,23816,-2702,-2648,-934,-312,-2928
166,2270,9078,64,439,58,-2912
7486,-20194,16584,270,992,-117,-2896
1622,5136,7216,18,1257,-333,-2880
5958,-3672,14250,2273,1538,-364,-2880
-9310,24636,-4656,-4466,-1908,369,-2928
2222,7310,-4128,1288,1044,-1664,-2896
2810,-32768,31302,2912,1433,616,-2896
-9624,24438,7008,-5642,-3570,496,-2928
9222,-32718,6892,3928,400,-615,-2896
-4682,-1126,9136,-1417,-1559,265,-2928
-680,21960,-2566,-258,-374,-607,-2896
740,-1294,10604,1289,1548,-138,-2912
692,1724,4412,-1995,-829,229,-2944
2260,2266,2618,634,964,-365,-2944
-2278,-7868,11504,195,-55,-113,-2880
-8562,26032,-5538,-2479,14,-516,-2912
4508,-32768,23946,4242,2143,-560,-2912
-5962,3838,9988,-3285,-1684,1117,-2912
-7940,32767,-11590,-225,-1152,-1435,-2912
-398,-24500,25386,1335,-395,1385,-2928
2904,25676,-3220,-2559,-1284,-449,-2880
3336,-5232,12102,3129,1121,-363,-2912
1228,-14270,18846,-1022,-56,-126,-2944
-4994,15172,578,-2275,-1524,307,-2928
6318,-18080,10134,1984,1570,-360,-2896
-612,1144,8050,-778,733,-202,-2928
2234,18024,5498,2239,2937,-869,-2928
-7488,-2802,13922,-1055,-408,698,-2928
-1492,32767,-9048,-3614,-1066,-932,-2928
5676,-18992,7756,5308,2404,-769,-2896
-2262,-18054,24748,-3484,-2420,1874,-2896
4556,-2382,2384,1761,538,-1196,-2928
1952,-24718,20910,2016,749,102,-2928
2424,24612,1202,-2794,-1000,-211,-2928
-3846,13758,2214,106,507,2,-2896
6522,-14860,15218,566,1184,-154,-2928
2172,5538,6084,102,1193,-349,-2912
3866,-10578,14496,1969,1076,-305,-2912
-8916,5164,8484,-4830,-1929,66,-2912
5082,-15374,4988,3152,1713,-1458,-2912
-2578,-32482,30180,1527,630,961,-2896
-10156,32767,-5458,-5169,-3455,4,-2960
5836,-10320,2488,3935,336,-211,-2896
-3376,16336,2120,-2240,-1883,198,-2928
-1606,12940,1224,703,-173,-626,-2896
1492,-14286,16304,1238,1413,-177,-2896
5512,-10200,12536,-2220,-1009,274,-2896
3644,-4418,2690,769,1047,-385,-2896
-3738,-2682,9360,-41,-33,-104,-2928
-4184,28424,-4242,-1757,595,-599,-2928
5614,-23034,10668,3862,1950,-367,-2896
-4352,28452,-4026,-3913,-1845,902,-2896
-3910,18176,-6632,704,-637,-1522,-2896
3936,-32768,21096,696,-555,1564,-2912
-1476,20634,-410,-1609,-650,-709,-2944
5902,-19810,20200,3219,1380,-188,-2944
2002,4200,11998,-1991,-604,-165,-2880
-4688,11344,-1046,-1938,-1370,272,-2912
4542,-6552,3140,1904,1629,-331,-2912
1324,3516,7634,-594,936,-223,-2912
5522,3806,12074,2429,2895,-767,-2944
-1410,-24904,26376,-1676,-726,687,-2880
420,19178,-6492,-2148,-363,-1231,-2864
4760,-32768,25046,5317,2451,-518,-2912
-7408,10108,13726,-3956,-2691,1688,-2912
3288,14910,60,2144,423,-1101,-2912
-2858,-11350,12850,954,-100,116,-2928
564,24300,-2736,-2132,-873,-321,-2896
-684,6000,7658,584,1037,-65,-2896
7552,-21276,16648,-164,704,-29,-2896
2012,4432,3636,187,1186,-367,-2928
-662,-10078,12784,1655,781,-286,-2928
-9730,22808,-3286,-4797,-1829,-51,-2928
1568,11326,-5088,3652,1850,-1392,-2896
-6192,-7182,16822,9,-163,1243,-2928
-9388,32767,-11772,-4145,-3214,-537,-2896
8574,-29260,5462,3825,240,221,-2928
-3948,-5602,10646,-2550,-1945,149,-2912
-140,23268,-2642,542,-181,-647,-2864
388,-17152,19086,1018,1288,-135,-2912
1914,242,5598,-2213,-1120,257,-2912
1870,2056,3480,850,1043,-359,-2880
-1648,-7780,11684,-152,-119,-85,-2912
530,22114,2038,-1571,815,-656,-2912
4810,-32768,22642,3765,1912,-312,-2912
-5966,-6,12260,-4100,-1858,837,-2912
-8340,32767,-11726,1268,-337,-1651,-2912
-366,-27232,26108,1000,-524,1635,-2912
2592,26694,-3520,-2005,-858,-731,-2944
3128,-2928,10496,3281,1379,-210,-2912
2902,20242,3872,-2229,-659,-129,-2928
-5270,14332,106,-2079,-1454,306,-2880
5936,-15500,8626,1910,1664,-326,-2928
-1302,824,8500,-551,989,-239,-2896
5162,-6562,14324,2486,2844,-745,-2896
-6202,-7010,16230,-1884,-808,651,-2896
-1946,32767,-8938,-2660,-613,-1090,-2896
3740,-12568,5812,5214,2470,-414,-2864
-9368,29478,1820,-4074,-2715,1515,-2896
3892,1194,2672,2250,478,-1014,-2928
2702,-24650,21508,2808,1362,-11,-2896
2720,23014,2082,-2925,-1083,-107,-2912
-4600,15100,1134,-567,44,77,-2912
6306,-19288,11080,1251,1455,-188,-2912
2150,6238,6132,-257,1188,-309,-2912
4564,-10210,14674,2785,2082,-518,-2912
-8402,1152,11632,-4431,-1915,437,-2912
-1224,32710,-9092,1080,974,-1709,-2912
-1692,-32768,32010,3069,1553,508,-2912
-10132,32767,-2808,-5545,-3515,560,-2944
5272,-5442,2262,3739,378,-650,-2912
1352,-23952,20332,-1177,-1373,196,-2912
-1820,15280,-264,-387,-508,-572,-2880
1762,-11492,14964,1380,1516,-136,-2912
6078,-12842,14182,-1804,-491,166,-2912
2042,5300,5868,576,1010,-413,-2944
-3728,-3826,9750,714,133,-150,-2928
-5456,29474,-5586,-3555,-861,-342,-2896
5194,-18454,7060,4358,2148,-649,-2912
-3060,-29600,28566,-2839,-1570,1256,-2912
-5048,22660,-8216,-941,-1554,-1364,-2912
5602,-32768,18716,2406,-11,1095,-2880
-2536,18116,1144,-2878,-1514,-325,-2912
-1218,11000,2396,3009,1014,-378,-2912
1354,-12,14254,-722,136,-140,-2912
-3642,9780,-428,-2299,-1680,333,-2944
3760,-4784,2764,1440,1294,-362,-2912
774,2780,8222,-545,678,-183,-2928
4964,6162,11274,1325,2590,-838,-2912
-264,-27660,26844,467,369,372,-2912
-3984,29202,-4488,-4644,-1690,-446,-2912
5302,-32768,21658,5008,2070,-857,-2928
-5352,3798,15904,-2817,-2068,1729,-2928
3152,16974,2,1286,412,-997,-2928
5632,-19234,20298,1968,813,-3,-2928
1162,25230,-2352,-2800,-1010,-194,-2928
-1518,8484,6554,-334,242,7,-2928
7184,-21804,16276,983,1302,-139,-2928
1580,3050,7538,-29,1243,-338,-2928
28,-11076,13230,2502,1687,-362,-2928
-9736,19490,-1468,-4684,-1983,281,-2928
908,15600,-5684,1797,1150,-1608,-2896
4464,-32768,27976,2213,1049,787,-2928
-9284,32767,-11484,-5468,-3560,233,-2928
8438,-27064,4612,3856,292,-171,-2944
-3790,-7966,11650,-2353,-1878,184,-2912
34,23662,-3042,-1342,-666,-470,-2912
62,2490,8876,1092,1347,-94,-2912
7486,-20388,16838,-983,154,67,-2912
2002,3170,3268,407,1107,-388,-2944
-1398,-9062,12358,1014,316,-170,-2912
-9194,24950,-4712,-4126,-1317,-280,-2912
2218,6762,-3820,4284,2067,-1029,-2912
-6216,-1390,13364,-640,-489,1299,-2896
-8876,32767,-12090,-3592,-2986,-703,-2928
8614,-32370,7138,3635,216,392,-2896
-4502,-770,8700,-3180,-2035,-3,-2928
2508,-1660,9594,1953,389,-624,-2928
260,-16120,19212,615,939,-142,-2896
814,1748,4212,-2398,-1420,315,-2896
2214,1726,2862,1033,1039,-380,-2896
-1868,840,8498,-393,10,-116,-2896
1206,20276,3572,-532,1564,-745,-2896
4390,-32768,24260,2894,1516,-34,-2896
-5752,4848,9342,-4973,-1947,137,-2880
3698,-10574,4288,3513,1060,-1431,-2912
-980,-23638,25546,-859,-1178,1944,-2880
3138,25684,-3322,-393,-52,-966,-2944
3686,-5594,12284,3090,1418,-58,-2912
2716,22120,2654,-2717,-862,-105,-2912
-4956,14730,684,-1364,-811,182,-2912
6154,-17372,10140,1784,1642,-290,-2944
-706,1306,8226,-459,1119,-269,-2912
4860,-8242,14408,2765,2654,-635,-2912
-7290,-2680,13552,-3070,-1381,639,-2944
-1154,32767,-9240,-1109,145,-1446,-2912
-834,-32768,31772,4076,2027,250,-2896
-9930,32767,-1268,-4971,-3145,1143,-2880
4440,-3222,2662,3292,385,-807,-2896
1720,-23670,20322,-375,-913,186,-2928
-1848,15566,-522,-1062,-642,-445,-2896
2054,-9962,14456,1309,1583,-187,-2928
5848,-14336,15276,-1387,-139,166,-2928
2224,6274,5468,385,1025,-411,-2896
-3726,-4634,10278,852,191,-161,-2928
-5512,30068,-6134,-3646,-908,-329,-2896
5910,-18534,6292,4413,2184,-833,-2928
-3380,-30426,29572,-2167,-1368,1426,-2928
-5394,24054,-8640,-2087,-2203,-1161,-2896
5752,-32768,18004,2943,65,848,-2896
-2936,17388,1316,-3107,-1860,-198,-2896
-1610,11954,1790,2645,746,-493,-2896
896,-1364,14918,-143,413,-129,-2896
-2986,9116,-142,-2394,-1502,270,-2912
3740,-4904,3158,1139,1127,-378,-2912
-3848,-2172,9072,-528,142,-99,-2912
5154,6126,11266,827,2349,-840,-2928
-210,-27822,26976,2022,1181,143,-2912
-4088,28804,-4518,-4984,-1991,132,-2912
-3584,16936,-6320,3508,1029,-1398,-2912
-5854,2588,16710,-1387,-1511,1903,-2928
-1094,20974,-308,-2021,-882,-592,-2896
6098,-19800,20154,3207,1363,-254,-2896
2114,5256,11868,-1669,-380,-158,-2928
-4894,11568,-822,-2130,-1526,308,-2896
4640,-6974,3194,1828,1552,-347,-2896
1540,3176,7620,-594,826,-195,-2928
5402,2686,12402,2199,2824,-784,-2928
-2016,-22938,25220,-1208,-508,609,-2896
-3256,32767,-6866,-3472,-971,-934,-2928
4732,-32768,26208,5240,2356,-638,-2928
-7074,12342,12248,-4146,-2733,1464,-2944
3126,13430,906,2331,469,-1022,-2912
5354,-22718,21544,1192,71,113,-2912
290,23974,-2552,-2356,-892,-315,-2912
-196,4794,8422,410,894,-47,-2912
7252,-21228,17092,17,823,-39,-2912
1816,4172,7262,165,1241,-390,-2944
-1136,-10140,12692,1907,992,-258,-2880
-9408,23964,-4474,-4883,-1922,36,-2912
1786,8722,-4560,3286,1698,-1454,-2880
-6210,-3544,14712,-397,-406,1303,-2896
-9134,32767,-11758,-4499,-3376,-381,-2944
8932,-30912,6180,3841,269,58,-2912
-4176,-2968,9598,-2787,-1941,132,-2912
2288,52,9122,1827,322,-626,-2896
500,-16532,19188,692,979,-143,-2896
1058,1506,4794,-2386,-1383,307,-2896
2114,1510,3106,944,1049,-348,-2912
-2194,-7516,11500,-299,-112,-103,-2944
1392,20606,3256,-1175,1094,-721,-2912
4502,-32768,24406,3428,1775,-214,-2880
-5988,3786,10152,-4343,-1888,705,-2912
3040,-8650,3642,2420,435,-1554,-2896
-732,-24790,25742,707,-617,1654,-2944
2844,26286,-3550,-1756,-733,-748,-2912
3492,-4898,11596,3253,1442,-126,-2896
2698,21788,3128,-2396,-716,-113,-2928
-4926,12954,748,-1611,-1164,233,-2928
6040,-15390,8870,1769,1640,-312,-2896
-1222,1110,8482,-485,1018,-241,-2896
4980,-6598,14430,2456,2801,-762,-2928
-6188,-6540,15510,-1944,-820,661,-2896
-1794,32767,-8948,-2535,-492,-1109,-2896
4412,-15168,6752,5295,2541,-390,-2928
