AcX,AcY,AcZ,GyX,GyY,GyZ,Tmp
1306,206,8570,-51,144,-159,-2400
-2082,-1312,9426,306,-325,-40,-2432
2502,-252,6716,-352,403,-189,-2416
-2528,86,10488,368,-378,-105,-2448
2962,-1496,5784,-784,537,-252,-2368
-306,2176,6222,468,-19,-226,-2400
-150,-1196,8256,-269,110,-37,-2384
564,1630,4738,-202,145,19,-2416
4922,2060,3234,-339,-165,-385,-2432
-3964,-4836,14100,1269,-31,-190,-2432
-1014,4380,4062,-994,-223,133,-2400
7406,1038,2216,253,378,-405,-2416
-4546,-2464,13166,-314,533,-140,-2448
-1532,548,9256,300,-785,114,-2400
992,-236,9078,-220,195,-90,-2400
2046,10,5306,-492,534,-306,-2416
-1622,-1794,9092,280,-127,-78,-2416
1600,118,7560,3,-93,-150,-2416
-528,-754,8672,-189,458,-199,-2400
-2006,2482,8048,-250,-332,-179,-2448
1618,-4008,10386,683,182,-294,-2400
344,1330,6448,-951,466,-95,-2432
602,570,6884,908,-459,-21,-2432
-2160,2950,9996,-179,-517,-243,-2416
3160,-6196,6734,-736,1292,-365,-2416
-2404,3592,5278,-118,-598,121,-2416
5808,862,6614,452,-217,-249,-2448
-1998,-1882,9748,-713,1137,-272,-2416
-3160,-1550,9676,531,-947,149,-2432
2154,818,7364,-354,211,-24,-2432
2444,454,5830,-198,306,-327,-2400
-852,-1362,8918,17,151,-139,-2416
708,-112,7670,100,-273,-61,-2416
966,-746,7568,-386,660,-191,-2432
-610,2374,7084,105,-584,-173,-2400
2426,-3626,8262,-117,545,-286,-2416
118,3042,5700,-376,161,-152,-2416
-92,-1922,10502,887,-506,-29,-2384
-1136,2550,7048,-419,-107,-58,-2432
6060,-2484,1608,-1479,1332,-414,-2400
-4626,1396,8172,1718,-1090,-94,-2384
-1006,1446,7852,-153,-551,-6,-2416
6442,1958,3294,-1016,1559,-470,-2432
-5008,-2218,12498,757,-598,83,-2400
1508,1166,7318,-332,-181,23,-2416
1022,-38,7576,-101,120,-189,-2416
442,-674,7620,-341,554,-279,-2416
-822,-770,8748,253,-319,-7,-2432
2334,-106,6814,-420,647,-218,-2416
-2864,2736,8776,298,-662,-147,-2400
2834,-2316,6370,-387,516,-275,-2416
204,3012,5600,-118,149,-236,-2416
-856,-3254,12116,477,-333,-48,-2400
-2252,2614,9472,-382,105,-20,-2400
6240,666,1494,-1364,966,-426,-2416
-4628,-2670,12156,2067,-1046,-115,-2416
0,-236,10788,-731,-351,79,-2416
7986,1748,420,-665,1247,-410,-2400
-5362,-2296,14190,664,-460,-30,-2400
2426,160,6702,-174,-368,91,-2384
1470,610,7594,-239,173,-150,-2384
1786,-202,6248,-268,558,-295,-2400
-2402,-740,9660,104,-200,-15,-2368
3496,448,5416,-171,245,-197,-2400
-1382,-1318,9670,197,-22,-118,-2400
2012,212,5704,-642,220,-237,-2416
234,300,8180,729,-77,-281,-2416
-706,-2790,10484,-606,210,-60,-2432
910,1490,6228,124,-12,11,-2432
1682,1926,8208,-40,-459,-348,-2416
-1348,-6718,13830,101,776,-229,-2416
-2810,3226,6558,-20,-716,179,-2432
5756,374,6978,281,45,-300,-2400
-1906,-1714,9302,-610,970,-241,-2432
-3294,-1978,10040,619,-982,118,-2416
2384,1232,6898,-485,312,-48,-2416
2124,484,6264,-189,318,-332,-2400
-1040,-1130,8880,-33,218,-126,-2416
844,-182,7824,90,-240,-58,-2384
848,-1002,7604,-265,578,-216,-2384
-298,2400,6576,-7,-578,-171,-2448
2228,-4066,8740,251,365,-320,-2400
478,2946,5346,-732,390,-149,-2432
118,-604,9162,848,-588,-52,-2416
-1350,942,8188,-194,-161,-81,-2416
6554,-752,76,-1872,1524,-401,-2400
-5120,764,8906,2209,-1523,-68,-2400
-374,2560,5866,-600,-321,-14,-2416
6392,1878,2716,-938,1505,-461,-2416
-5170,-2512,13238,809,-776,87,-2416
3202,888,5770,-415,-30,-6,-2368
526,10,7980,-47,90,-196,-2400
1078,-834,6988,-440,636,-274,-2416
-1046,-638,8538,243,-317,-37,-2448
3182,-114,6306,-190,334,-213,-2416
-2988,432,10642,283,-193,-141,-2432
2756,-2150,6284,-675,327,-228,-2400
0,2682,5870,479,3,-246,-2432
-562,-1702,9338,-199,7,-66,-2400
-436,1994,10154,-62,-511,-216,-2448
4802,-3618,3188,-1080,1379,-371,-2416
-3920,2276,7562,609,-953,97,-2432
4976,222,9138,222,-165,-228,-2400
-604,-684,8178,-723,1230,-293,-2432
-4054,-2242,10970,614,-989,143,-2416
3086,936,5748,-591,373,-8,-2416
2054,750,7092,-25,156,-282,-2416
-2154,-1850,9720,-55,293,-160,-2368
80,-146,7658,72,-272,-70,-2400
1728,-214,6934,-282,545,-196,-2416
-1858,2828,8154,223,-723,-177,-2416
2676,-3200,7164,-346,654,-313,-2432
154,3382,5364,-306,140,-198,-2432
-540,-2068,11634,788,-538,10,-2432
-214,1686,5856,-559,168,-38,-2384
6448,210,754,-1361,1049,-423,-2416
-4964,-1884,11134,1997,-1108,-96,-2432
-782,3852,4808,-847,-268,27,-2416
6754,1226,2768,-451,1154,-440,-2416
-5102,-2392,13496,294,-249,32,-2448
3422,1208,4278,-394,-125,45,-2416
178,-824,8898,134,-32,-128,-2432
1658,-360,6282,-455,640,-283,-2416
-1330,-234,8472,211,-363,-19,-2416
2740,-90,6694,-99,289,-261,-2416
-3218,2038,10094,243,-346,-142,-2432
3130,-1118,5300,-793,654,-287,-2432
-402,2162,6902,584,-142,-196,-2448
-796,-3290,11944,-175,30,-18,-2416
748,1696,4954,-202,204,12,-2400
4150,1352,4806,-484,116,-380,-2400
-3130,-4996,13766,1425,-258,-175,-2432
-1442,4258,4988,-873,-278,140,-2416
6764,820,3146,-33,599,-369,-2416
-3710,-1960,11964,-239,485,-157,-2400
1602,560,7188,164,-666,74,-2432
1314,172,8464,-131,158,-79,-2400
1070,-1020,7312,-258,513,-242,-2464
3010,-230,6366,-54,103,-178,-2432
-3122,344,11082,33,115,-133,-2400
1694,1670,5316,-761,246,-208,-2432
-154,-1592,10134,989,-152,-255,-2432
-80,-1778,8866,-948,453,-14,-2416
382,698,7640,370,-194,-35,-2416
-192,1072,10442,141,-588,-320,-2432
152,-6724,11916,-286,982,-247,-2400
-3524,2318,7608,322,-867,108,-2416
4866,-78,8728,180,67,-237,-2416
-574,-480,7674,-794,1082,-273,-2384
-918,406,9958,832,-1116,125,-2432
440,-708,8728,-457,310,-81,-2448
2286,1098,5782,-420,481,-318,-2416
-1616,-1900,9142,365,-145,-128,-2384
1670,70,7400,-101,-47,-109,-2432
1398,-302,6870,-169,465,-200,-2448
-754,2700,7192,-285,-332,-211,-2448
768,-3924,11130,710,161,-270,-2384
456,674,6838,-861,395,-112,-2400
-70,-1452,10592,858,-506,-4,-2400
-2552,1410,11736,82,-609,-236,-2432
2538,-6536,7736,-1644,1611,-360,-2416
-4894,-16,9794,1356,-1238,24,-2416
2460,-198,11554,55,-393,-148,-2432
1866,788,7056,-1065,1570,-359,-2432
-4728,-2482,13600,912,-953,103,-2416
3260,762,5438,-547,267,-8,-2416
884,1274,7932,88,-13,-212,-2416
-658,-1748,8888,-374,588,-254,-2432
-1290,-480,8234,65,-249,-20,-2368
2426,-32,6396,-268,457,-209,-2400
-2852,1856,9412,372,-563,-146,-2432
3154,-1228,5276,-570,591,-315,-2384
-376,1956,6790,246,-88,-198,-2416
-390,-3026,11844,138,-89,-73,-2432
-1106,2500,10546,-178,-495,-234,-2384
-3484,-3910,12616,1242,-164,-154,-2448
-1708,3638,6036,-671,-404,75,-2416
6824,486,2962,-127,771,-396,-2384
-3920,-1270,11902,0,137,-92,-2416
2138,910,6630,340,-752,64,-2432
1288,188,7900,-339,268,-108,-2432
2372,450,4652,-457,610,-268,-2416
-2062,-596,9556,266,-148,-41,-2416
1496,280,7242,-131,97,-160,-2416
-526,-1082,8438,21,222,-118,-2432
2448,538,5054,-553,-28,-230,-2464
1108,-4448,10780,882,1,-305,-2448
558,1606,6194,-959,410,-58,-2384
934,994,6370,690,-347,-21,-2400
32,2414,9728,197,-697,-232,-2432
4266,-4572,4178,-1303,1511,-334,-2400
-3214,3816,6566,1106,-1159,35,-2416
4748,-472,9886,435,-465,-188,-2416
3682,1766,5838,-1200,1591,-351,-2432
-3354,-2054,10752,966,-1110,98,-2432
2304,570,7346,-584,272,-7,-2416
806,610,8164,-61,125,-225,-2416
-104,-1218,8462,-213,424,-223,-2416
-2,-530,8388,162,-302,-28,-2400
2742,-306,6536,-243,456,-192,-2416
-2958,1608,9818,280,-585,-162,-2416
2190,-3632,8394,-324,534,-314,-2416
216,2864,5360,-57,75,-191,-2432
-554,-2848,10848,445,-228,-34,-2432
-1274,2370,6896,-476,108,-14,-2400
5844,-2526,2098,-1139,854,-386,-2416
-2342,-5662,13686,1821,-916,-103,-2416
-1202,1532,7826,-553,-438,35,-2400
6220,1470,3502,-693,1222,-422,-2432
-3362,-1930,11482,390,-201,-70,-2384
796,454,8682,-68,-418,74,-2416
1522,524,8120,-151,275,-291,-2448
-1158,-1390,9050,73,112,-103,-2416
1218,-72,7588,105,-203,-127,-2416
272,-1128,8030,-203,461,-166,-2416
730,1792,6176,-190,-383,-214,-2416
2084,-4266,9136,430,289,-291,-2448
264,2346,6018,-760,340,-119,-2432
248,-376,9070,981,-512,-29,-2400
-1908,2366,8828,-308,-283,-109,-2416
4998,-3364,3116,-1309,1432,-416,-2384
-3842,2238,7366,1380,-1144,-30,-2432
4278,424,9906,152,-583,-122,-2400
4558,1118,5712,-1040,1606,-401,-2400
-4336,-2360,11076,598,-765,89,-2416
2974,1116,5684,-490,138,11,-2416
732,-632,8602,160,31,-197,-2432
278,-774,7854,-420,577,-228,-2400
118,-104,7592,343,-424,-35,-2384
2998,-274,6590,-329,500,-197,-2416
-3152,1194,9794,208,-420,-106,-2416
2666,-3154,7148,-561,461,-315,-2432
142,-50,8180,341,28,-249,-2416
-746,-2508,10080,3,-48,-23,-2448
-488,2084,6278,-200,94,-26,-2416
6446,-820,1338,-904,386,-397,-2400
-1854,-7602,14806,1807,-613,-147,-2400
-1146,2388,6458,-940,-252,83,-2400
7214,1746,1570,-335,914,-400,-2416
-2738,-2286,10846,217,18,-101,-2448
316,1024,8498,18,-567,105,-2432
554,64,7854,-47,48,-124,-2432
1638,-666,6460,-413,623,-287,-2416
-1610,-340,9066,243,-318,5,-2384
2822,178,6682,-139,203,-151,-2432
-2184,-460,10204,152,44,-116,-2400
2898,-772,5220,-718,265,-187,-2400
830,-3228,10410,819,-7,-288,-2384
144,-374,7176,-795,319,-41,-2416
-1412,2950,7396,-433,-160,-73,-2432
5516,-3332,2626,-1349,1389,-398,-2448
-4014,1880,7162,1196,-1038,-34,-2416
3464,440,10700,280,-632,-95,-2416
5552,1514,4746,-1132,1675,-393,-2384
-4528,-2064,11548,706,-832,122,-2416
2790,970,5924,-387,22,26,-2400
1122,-316,7930,21,128,-223,-2448
74,-662,7946,-296,479,-215,-2416
-270,-522,8316,294,-428,-27,-2416
1956,-468,7082,-479,603,-197,-2432
-3562,610,10670,420,-532,-86,-2432
2826,-2774,6730,-619,557,-250,-2400
194,3354,5458,375,-55,-232,-2416
-452,-2254,9598,130,-170,-43,-2384
86,2116,5450,-206,136,19,-2432
6694,320,938,-1049,564,-426,-2400
-1254,-8640,15028,1763,-463,-173,-2384
-1082,2938,5218,-1104,-139,114,-2416
7756,2264,492,-234,812,-408,-2416
-5450,-2582,14504,171,149,-119,-2400
-444,1088,8238,-86,-502,65,-2400
1082,386,7934,-120,135,-102,-2384
1562,-498,6278,-382,609,-307,-2416
-1820,-1082,8372,63,-70,-84,-2432
2554,90,6630,9,14,-139,-2432
-1796,-864,9972,-43,329,-146,-2400
-948,2282,6974,-389,-181,-223,-2416
1332,-3186,10552,839,46,-282,-2416
190,218,7280,-935,421,-112,-2464
758,1616,5782,796,-439,-19,-2432
-1980,2998,10692,-171,-517,-284,-2432
1930,-7354,9352,-853,1384,-331,-2384
-2016,3682,5592,369,-816,82,-2416
2102,178,11994,588,-634,-213,-2432
1814,-180,7788,-1070,1555,-329,-2432
-2656,-934,9010,626,-940,131,-2448
2980,288,5700,-298,82,-49,-2384
1156,-764,6810,-345,635,-301,-2432
-1220,-792,9192,251,-387,-23,-2416
2796,292,6100,-491,620,-233,-2416
-3176,1984,9326,541,-654,-101,-2416
3124,-1196,5552,-731,531,-261,-2432
-86,2204,6180,317,-36,-261,-2400
-952,-3218,12090,57,-135,-41,-2448
792,2148,4262,-563,293,6,-2416
4492,1804,4044,-416,99,-414,-2432
-3750,-5582,14464,1388,-204,-160,-2432
-1408,4538,5218,-837,-362,140,-2416
7290,630,3560,89,592,-431,-2416
-4370,-2428,12528,-146,323,-89,-2416
1956,1070,6568,267,-766,113,-2400
1524,516,8278,-289,276,-126,-2432
1900,40,5762,-410,591,-287,-2416
-2054,-778,9364,154,-98,-77,-2416
1500,-86,7562,21,-24,-120,-2384
-3202,676,10760,188,-18,-144,-2400
1744,890,5632,-645,131,-196,-2416
406,-422,8720,821,-30,-278,-2416
-602,-2284,10024,-749,369,-68,-2416
754,612,6810,288,-56,-25,-2432
242,2498,9154,79,-606,-347,-2432
-762,-8006,14104,-337,1045,-281,-2416
-3434,3484,6662,43,-725,128,-2448
5314,208,9162,472,-181,-283,-2400
-1318,-1492,8998,-803,1184,-323,-2368
-3626,-1726,10344,587,-950,149,-2448
2654,698,6708,-447,297,-25,-2416
2268,800,6322,-236,337,-305,-2416
-2104,-1616,9324,29,218,-134,-2432
302,-284,7878,108,-262,-83,-2400
1324,-278,7122,-261,591,-203,-2400
-1428,2588,7766,165,-680,-178,-2416
2644,-3382,7544,-30,527,-296,-2416
12,3264,5678,-456,213,-166,-2432
854,1870,5314,143,-48,6,-2416
2060,1752,7680,7,-400,-397,-2400
-1826,-6758,14040,829,200,-180,-2416
-682,3284,5600,-599,-523,77,-2416
6172,-194,6438,73,621,-385,-2384
-2530,-1244,9668,-505,628,-154,-2432
748,1084,7948,538,-905,74,-2432
2024,644,7862,-459,364,-77,-2416
2524,704,4528,-465,581,-326,-2416
-2074,-972,9626,386,-281,-54,-2448
2748,-346,6904,-73,-34,-131,-2432
544,-634,7288,-118,366,-185,-2400
1128,1716,5566,-411,-201,-229,-2384
198,-2220,10338,861,91,-259,-2416
778,2996,5338,-1081,500,-85,-2432
408,-74,8380,871,-518,-15,-2432
-1394,1742,11228,88,-603,-212,-2400
5534,-2640,1486,-1438,1527,-338,-2416
-4224,2380,7864,1145,-1167,27,-2448
3794,-154,11394,173,-378,-150,-2400
4702,1838,5114,-1106,1604,-367,-2384
-4260,-2458,12032,836,-977,124,-2416
2938,362,6200,-573,275,-8,-2416
1990,1482,6706,104,-11,-221,-2416
744,-1332,8006,-198,458,-262,-2432
-332,-376,7878,84,-287,-32,-2400
2010,124,6526,-254,444,-200,-2416
-3266,678,10884,267,-492,-166,-2416
2738,-2320,6552,-616,615,-283,-2400
-36,2754,5954,235,-40,-191,-2400
-292,-2182,9428,137,-102,-46,-2416
-238,2500,5252,-478,122,-43,-2416
5744,-1136,2288,-844,587,-402,-2416
-4314,-834,10236,1426,-517,-126,-2400
-1392,2864,6644,-470,-489,54,-2432
6436,780,3332,-432,1051,-405,-2448
-4336,-1416,12068,19,45,-51,-2448
-534,138,9936,190,-581,59,-2448
814,480,8846,57,73,-263,-2448
-466,-1328,8900,-52,286,-172,-2416
370,-296,7376,29,-232,-56,-2416
962,-772,7280,-251,541,-192,-2416
-106,2760,6618,14,-586,-186,-2416
2232,-4286,8654,251,453,-291,-2416
490,3408,5352,-555,207,-141,-2400
-56,-956,10276,1004,-610,-29,-2400
-1026,1432,7442,-415,-40,-85,-2384
5978,-936,638,-1614,1417,-391,-2448
-4822,558,9226,1836,-1337,-68,-2416
2830,-180,11594,-444,-312,-48,-2432
5792,1526,3900,-804,1397,-411,-2400
-4846,-2822,13308,694,-603,58,-2416
3502,1314,4512,-602,87,32,-2448
-100,-760,9122,283,-151,-162,-2400
1312,-786,7266,-628,729,-249,-2432
-784,-294,7666,182,-265,-42,-2432
2566,-730,7192,-85,212,-173,-2416
-2870,622,10728,207,-215,-101,-2416
3048,-1958,5620,-756,438,-235,-2432
-306,2550,6162,751,-205,-236,-2400
-34,-1490,8450,-501,196,-65,-2416
626,2184,4614,-140,132,16,-2416
5120,712,3054,-341,-84,-356,-2416
216,-7590,12678,839,202,-195,-2400
-1498,3832,5814,-787,-389,102,-2416
6722,332,2968,-184,876,-414,-2448
-4196,-1620,12378,110,-10,-73,-2416
2420,722,6386,174,-580,68,-2400
972,166,7922,-205,152,-111,-2400
2340,142,5248,-506,675,-318,-2416
-2012,-386,9240,208,-174,-61,-2416
1574,58,7530,-80,112,-139,-2448
-932,-1060,8982,23,197,-139,-2400
2686,440,4918,-535,-20,-211,-2400
1310,-4318,10766,858,18,-311,-2448
534,1200,6390,-923,397,-45,-2416
-98,2126,5348,-697,331,-47,-2400
3784,-4998,5148,-1596,1456,-329,-2416
-4612,-1998,11104,1641,-1284,-67,-2448
1536,664,10120,-23,-439,-84,-2416
2726,1270,6992,-864,1404,-436,-2464
-4916,-2052,13350,682,-730,88,-2416
3068,1380,5064,-483,76,-14,-2416
814,-72,8672,97,67,-214,-2416
-456,-1286,8462,-526,621,-236,-2400
-1588,-480,8914,250,-331,-23,-2432
2560,-482,6886,-249,366,-227,-2432
-2812,1968,9450,279,-363,-132,-2416
2868,-1218,5796,-549,466,-237,-2416
-278,1800,7130,330,-2,-254,-2400
-472,-2882,10942,9,-72,-42,-2400
840,1366,5442,-300,234,6,-2416
3616,2398,4752,-623,151,-408,-2416
-2900,-6012,14380,1685,-351,-132,-2416
-684,1928,7196,-994,-212,89,-2432
6684,460,3932,63,572,-383,-2432
-3632,-2150,11850,-169,361,-127,-2416
1374,700,7342,63,-555,78,-2416
1698,382,7914,-246,206,-83,-2432
2202,436,5866,-425,498,-267,-2432
-2002,-928,9348,140,-86,-79,-2432
1084,-196,8066,72,-102,-140,-2416
156,-984,7796,-103,334,-159,-2416
1204,1416,5694,-313,-217,-200,-2400
250,-1676,9736,635,179,-268,-2400
290,2194,6126,-854,370,-98,-2432
410,326,8520,860,-441,-25,-2448
-232,2054,9964,-209,-473,-224,-2416
4466,-4192,4024,-970,1292,-365,-2400
-3492,2248,7068,750,-957,40,-2432
4888,614,8442,265,-92,-282,-2448
-598,-1232,8354,-610,1064,-288,-2416
-1602,116,10562,566,-949,128,-2400
728,-424,8568,-167,179,-155,-2384
2,-772,8170,-449,634,-231,-2400
-1838,-882,9918,406,-475,-34,-2416
3154,-96,6310,-382,463,-188,-2416
-3200,1520,9746,282,-342,-126,-2416
2422,-3378,7656,-651,444,-261,-2432
24,260,7994,349,26,-240,-2400
-684,-2720,10078,-220,57,-38,-2416
-680,1672,6616,-149,132,2,-2416
2140,3002,6908,-651,167,-377,-2416
-1918,-7666,15000,1468,-171,-164,-2400
-1088,2784,6200,-1028,-222,149,-2400
6250,752,5890,68,528,-413,-2416
-2856,-2484,11124,-109,367,-103,-2416
520,1144,7856,141,-673,117,-2432
600,-184,7702,-25,51,-154,-2400
1334,-682,6992,-375,606,-272,-2384
-1862,-942,8800,195,-235,-20,-2448
2886,284,6538,-62,112,-156,-2432
-2402,-302,10412,67,122,-149,-2400
138,2056,6578,-575,17,-202,-2384
948,-2790,10140,788,66,-284,-2448
-196,-624,7784,-849,364,-40,-2416
450,2016,5446,774,-362,1,-2400
-934,3246,9930,-299,-453,-329,-2432
780,-7940,11766,238,774,-267,-2464
-1642,3634,5562,-216,-534,137,-2416
3560,646,10588,412,-185,-239,-2416
92,-1146,8590,-805,1267,-297,-2400
-1988,-532,9552,494,-883,161,-2432
2626,820,6200,-315,128,-15,-2416
2146,382,7710,-127,304,-307,-2416
-1740,-1432,8746,-30,193,-111,-2416
1862,764,7012,177,-352,-83,-2432
1914,-460,7256,-371,699,-179,-2464
-2342,2684,8110,169,-651,-137,-2384
1726,-4328,10292,-31,510,-295,-2448
-96,3144,5880,-351,189,-145,-2400
320,322,7462,424,-200,2,-2416
976,2988,8618,-353,-237,-423,-2400
-960,-8192,14044,1141,96,-176,-2416
-1132,3042,5366,-900,-273,138,-2448
7686,1746,1122,81,525,-364,-2416
-1512,-2024,9462,-298,573,-200,-2400
-468,1082,8878,329,-805,96,-2400
972,-228,8466,-231,189,-97,-2416
2292,694,5844,-430,605,-295,-2416
-1848,-1358,8788,152,-158,-52,-2416
2628,212,6604,0,-31,-120,-2432
1018,-672,7312,-204,492,-207,-2416
-574,2382,6676,-323,-294,-160,-2416
1152,-3322,10504,772,127,-300,-2448
72,-130,7368,-995,464,-94,-2432
-68,-2060,10128,985,-570,-10,-2400
-1894,3464,10888,-87,-589,-207,-2432
1352,-8152,11000,-1311,1543,-368,-2448
-4572,2074,7696,689,-901,71,-2448
1888,-370,13434,733,-809,-148,-2432
1910,-588,7578,-1551,1901,-338,-2432
-4988,-1866,12944,951,-958,123,-2448
2658,-162,6578,-251,-5,-25,-2384
1762,1086,7436,-303,268,-214,-2448
-1316,-1210,8442,-185,464,-233,-2432
-1310,-1076,9470,300,-433,-20,-2400
2736,496,6088,-537,692,-229,-2416
-2794,2080,8930,502,-645,-114,-2416
2834,-1674,6136,-483,553,-262,-2416
202,2752,5756,143,24,-257,-2400
-834,-3100,12280,379,-289,-33,-2432
582,2404,4384,-632,326,-25,-2416
5136,888,2996,-807,531,-425,-2416
-4154,-4266,13164,1489,-390,-143,-2432
100,1178,8102,-766,-375,71,-2400
7268,648,2770,-171,899,-458,-2432
-4456,-1794,12920,12,154,-84,-2416
1488,104,8222,-433,343,-56,-2416
2098,140,4970,-459,616,-313,-2400
-2154,-608,9440,293,-340,-20,-2416
3112,-288,6316,-240,362,-176,-2432
-3388,922,10722,372,-419,-123,-2432
2662,-3010,7084,-661,458,-252,-2432
132,-52,8610,489,-98,-237,-2416
-490,-2464,11260,516,-340,-31,-2416
-50,1570,5624,-493,241,5,-2432
6602,762,540,-1361,960,-400,-2432
-4984,-2168,11174,2167,-905,-129,-2448
-754,3484,4544,-979,-232,40,-2448
7584,1626,832,-328,991,-450,-2400
-5362,-2500,14268,413,-229,-57,-2432
6,940,7832,-178,-395,102,-2416
730,568,7848,-135,110,-139,-2416
1832,-784,6334,-413,705,-287,-2448
-2046,-260,9118,144,-219,-17,-2400
2458,-52,7262,32,36,-193,-2400
-1938,-728,10132,25,187,-142,-2448
2744,-682,5248,-568,66,-209,-2448
1074,-3202,10546,822,-77,-278,-2448
88,-58,7374,-936,445,-80,-2432
930,1982,5082,451,-187,8,-2432
-2160,1702,11348,52,-605,-300,-2416
2444,-6324,8024,-557,1183,-247,-2448
-2204,3764,6040,575,-966,111,-2400
6506,-30,5418,260,-100,-257,-2400
1464,552,7442,-805,1171,-273,-2432
-3044,-1380,11112,715,-1031,147,-2416
1854,608,7836,-660,415,-44,-2416
1386,628,8416,-28,169,-277,-2432
-1316,-1930,9310,13,233,-148,-2432
1184,-80,7430,-17,-95,-113,-2432
396,-696,7432,-201,499,-185,-2416
1196,2112,5554,-142,-461,-196,-2448
1822,-4890,9996,411,383,-302,-2432
-842,-3310,12554,522,-337,-63,-2416
-1772,1552,9058,-662,215,-14,-2416
5556,-2774,1638,-1263,1107,-385,-2384
-4338,2354,8166,1806,-1378,-78,-2448
226,1830,7982,-251,-352,-78,-2416
4700,1624,5176,-907,1466,-417,-2400
-4402,-2648,11992,696,-734,100,-2432
2398,1140,5654,-473,64,20,-2416
242,122,8734,178,-64,-161,-2416
612,-1166,8020,-408,605,-263,-2448
-376,-260,7836,212,-330,-37,-2400
3008,-554,6572,-168,316,-204,-2432
-3116,1086,10334,184,-245,-139,-2416
2436,-3126,7412,-690,492,-275,-2384
-146,-6,8480,434,-52,-221,-2416
-482,-2402,10186,-176,43,-33,-2432
-234,2026,5794,-311,134,-39,-2432
1450,1774,8384,-340,1,-371,-2416
-1160,-6654,13760,1178,-136,-170,-2416
-1210,3160,6490,-660,-448,95,-2384
6388,748,3404,-140,769,-371,-2400
-2008,-1240,9264,-176,367,-114,-2432
-118,678,9386,414,-821,99,-2416
314,-530,8158,-351,267,-95,-2416
2388,856,5168,-388,449,-313,-2432
-1994,-1556,9498,352,-192,-87,-2432
2454,-78,6950,-108,30,-107,-2432
1050,-484,7078,-168,448,-151,-2416
-156,2550,6946,-329,-221,-205,-2416
594,-3612,11122,615,259,-261,-2432
316,256,7250,-910,380,-100,-2400
884,2118,4362,520,-260,-36,-2448
-1972,1164,11486,178,-656,-346,-2416
2052,-6432,8802,-618,1167,-264,-2400
-1940,4188,5694,318,-859,115,-2400
3174,374,10762,225,-149,-255,-2448
1274,178,6952,-887,1292,-257,-2416
-2486,-1080,10724,875,-1122,111,-2416
-48,-638,9128,91,-41,-107,-2432
-1142,-2268,9282,-272,482,-231,-2384
-752,-370,7824,50,-225,-52,-2384
2086,-356,7110,-196,511,-197,-2416
-2440,2736,8640,108,-573,-160,-2416
1542,-4474,10170,-123,525,-302,-2416
-182,2734,5932,-192,45,-183,-2432
-550,-2864,12082,731,-460,-39,-2400
-2298,1752,10092,-443,134,-41,-2448
5674,944,1902,-1455,1173,-403,-2416
-4352,-2736,12096,1942,-1076,-85,-2432
512,606,9800,-624,-366,1,-2400
6996,738,2180,-542,1210,-414,-2416
-4564,-1842,13118,472,-409,12,-2416
2864,856,5944,-252,-188,24,-2416
242,512,8360,-9,22,-131,-2432
2258,-16,5278,-525,708,-305,-2432
-2182,-412,9224,186,-214,-47,-2416
2948,-88,6202,-93,211,-157,-2416
-1058,-764,9102,148,25,-124,-2400
2606,274,5216,-689,223,-239,-2432
-272,-154,8372,847,-121,-260,-2432
372,822,6536,-758,278,-65,-2448
848,1738,5782,227,-78,-38,-2416
1620,1386,8122,3,-503,-324,-2432
-1296,-6382,13474,-77,893,-218,-2400
-2610,3458,6732,-69,-586,112,-2432
5616,98,6820,313,-3,-283,-2416
-2020,-1230,9122,-714,976,-276,-2416
-3000,-1890,10376,688,-1018,111,-2400
2090,938,7114,-559,326,-63,-2432
2226,606,5700,-115,207,-285,-2416
-750,-1404,8744,-39,240,-177,-2384
564,0,7754,93,-223,-31,-2416
970,-758,7570,-218,529,-207,-2400
-2824,2322,9304,36,-576,-173,-2416
1794,-4454,9518,181,409,-257,-2416
-560,-3144,11514,-220,62,-92,-2400
922,2044,4466,-513,346,2,-2416
3514,2392,5078,-641,257,-395,-2432
-3148,-6474,15070,1803,-529,-175,-2400
-392,1856,6402,-1087,-165,72,-2432
6466,390,4604,50,632,-436,-2416
-3716,-2388,12266,132,71,-101,-2416
1664,1320,6608,-62,-484,95,-2432
420,104,8268,-148,166,-99,-2432
1970,474,5856,-492,621,-293,-2400
-1888,-1024,8932,163,-128,-74,-2416
2978,-142,6146,46,-17,-94,-2416
114,-636,7790,-41,241,-175,-2464
1162,1322,5950,-493,-40,-217,-2400
414,-1406,9306,666,138,-281,-2416
236,1786,6230,-825,364,-60,-2416
452,208,8270,643,-285,-27,-2416
18,2242,9442,-153,-492,-236,-2432
4372,-4776,4382,-695,1212,-347,-2416
-3226,2734,6582,419,-766,103,-2416
4700,1016,8726,201,133,-304,-2416
-704,-1726,8970,-459,899,-270,-2432
-1414,-116,9788,271,-761,154,-2400
2732,766,6066,-417,226,-50,-2416
1900,300,7638,-126,245,-345,-2416
-1792,-1468,9270,14,129,-92,-2416
2350,646,6210,153,-314,-105,-2400
1438,-926,7536,-212,524,-208,-2400
-1486,2724,7418,-41,-466,-178,-2416
1528,-3762,10194,202,437,-311,-2384
-20,2954,5670,-566,275,-121,-2432
-312,-2260,11014,818,-464,-11,-2432
-2386,2152,10972,-230,-298,-57,-2432
6360,-314,1050,-1591,1394,-388,-2416
-4844,-986,10752,1797,-1332,-70,-2416
1528,78,11558,-192,-515,-48,-2368
7260,1532,2042,-950,1512,-414,-2416
-5178,-2270,13300,662,-607,84,-2384
2094,482,7910,-456,317,-78,-2400
2336,648,5040,-463,519,-298,-2416
-2032,-1458,9338,341,-211,-78,-2400
2622,-200,6648,-87,54,-148,-2432
766,-568,7314,-80,354,-170,-2416
-198,2000,6924,-337,-202,-192,-2416
1004,-2706,10200,678,163,-299,-2416
-74,-316,7922,-935,417,-86,-2400
-28,-1288,10104,913,-508,-4,-2400
-842,3368,9834,-197,-524,-257,-2432
638,-8248,11894,-702,1276,-351,-2384
-4034,2408,6836,299,-781,65,-2448
3622,392,10786,568,-564,-186,-2400
222,-1044,8546,-1045,1517,-356,-2432
-4312,-1628,11124,616,-936,182,-2416
2940,342,6100,-387,134,10,-2448
2158,1028,7178,-55,144,-262,-2432
-1644,-1826,9186,-89,366,-192,-2432
-384,-424,8142,147,-346,-43,-2432
2038,84,6680,-411,629,-190,-2416
-2386,2518,8398,317,-621,-152,-2416
2950,-2510,6310,-519,637,-311,-2432
-310,3044,5890,51,5,-180,-2432
-638,-3360,12418,598,-388,-44,-2400
-36,2756,5340,-457,101,-36,-2416
6280,-588,2060,-1202,943,-447,-2416
-4500,-1264,10954,1725,-822,-110,-2432
-1392,2920,6002,-654,-421,71,-2416
7334,1620,1796,-642,1225,-389,-2416
-5162,-1934,13402,398,-218,0,-2416
2832,604,5290,-159,-378,55,-2416
1012,-344,7876,-83,107,-175,-2432
1334,-236,6360,-398,643,-261,-2400
-1630,-562,9238,240,-340,-24,-2448
2800,358,6392,-249,326,-175,-2416
-2052,-522,10190,207,69,-121,-2400
2684,-924,5656,-720,204,-226,-2432
1072,-3016,10434,874,-58,-258,-2416
-84,-1872,10034,902,-559,-20,-2416
-2096,3160,11188,86,-718,-288,-2416
1388,-8286,10868,-889,1427,-312,-2416
-1286,4532,4194,179,-725,98,-2448
2114,-430,13312,893,-637,-236,-2416
1736,-362,7276,-1370,1680,-324,-2432
-2032,-116,8194,767,-1040,101,-2432
2596,8,6958,-188,67,-19,-2384
2236,-114,6324,-409,465,-295,-2416
-1132,-976,8310,-30,182,-118,-2432
1072,-334,8368,244,-298,-75,-2368
8,-1052,8276,-432,677,-192,-2448
-2712,2108,8842,21,-545,-147,-2416
2062,-4428,9420,255,347,-307,-2432
362,2458,5900,-670,331,-162,-2432
-794,-3268,12210,1000,-580,-26,-2448
-1874,2636,8648,-520,-133,-122,-2416
4444,-3974,4100,-1321,1376,-417,-2384
-3708,2190,7060,1381,-1037,-30,-2432
188,984,9266,81,-612,-55,-2400
4104,910,6864,-866,1474,-470,-2416
-3834,-2092,10272,465,-562,80,-2416
2382,780,6534,-219,-134,-22,-2416
648,-50,8498,-50,143,-173,-2400
-84,-826,8010,-467,616,-234,-2400
-2094,-882,9736,332,-393,-30,-2416
3294,-26,5962,-379,479,-234,-2416
-3374,1058,10602,441,-331,-111,-2400
2732,-3246,7396,-713,445,-267,-2432
34,276,8352,621,-114,-231,-2448
-696,-2644,10724,-258,82,-56,-2416
-250,1388,5658,-335,277,11,-2416
1338,2816,8118,-252,-252,-386,-2400
-1808,-8206,15256,1042,166,-169,-2400
-614,3226,4462,-794,-369,159,-2416
5502,162,8626,493,190,-379,-2416
-5482,-2566,14338,128,88,-74,-2432
2186,256,8096,-521,277,15,-2416
2304,642,5724,-263,301,-297,-2432
-1860,-1218,8662,211,-49,-41,-2432
2470,-58,6972,84,-77,-158,-2384
-2136,-386,10278,-157,358,-165,-2400
-206,2082,6584,-411,-134,-212,-2432
1016,-2734,10226,840,29,-302,-2432
-90,-534,8014,-999,479,-135,-2416
86,-994,9654,689,-354,-12,-2416
-1828,2222,11102,-42,-551,-257,-2432
1562,-7196,9888,-969,1348,-342,-2400
-4544,1006,8438,894,-1038,66,-2416
3502,444,10810,327,-392,-200,-2416
956,-330,7904,-927,1464,-350,-2432
-2566,-808,10238,523,-883,148,-2432
3182,916,5378,-464,287,-4,-2400
1692,724,7754,22,93,-261,-2416
-1636,-1766,9546,-165,423,-215,-2416
-730,-344,8490,151,-320,-8,-2432
2264,-256,6708,-298,552,-214,-2400
-2852,2392,8976,363,-675,-140,-2416
3390,-1852,5566,-552,674,-315,-2416
-416,2988,5982,-22,48,-196,-2416
-854,-3194,12550,430,-295,-35,-2400
650,2356,4150,-660,316,-8,-2416
5336,448,3158,-780,543,-406,-2416
-4404,-3680,13102,1789,-804,-127,-2416
528,1164,8986,-837,-314,76,-2432
7034,1026,2826,-344,1020,-419,-2400
-4650,-2124,13066,178,-83,10,-2432
2710,1128,5144,-27,-480,62,-2416
766,-74,8618,-54,107,-95,-2416
2066,116,5288,-531,721,-277,-2432
-1796,-374,9040,308,-274,-43,-2432
3048,-414,6352,-52,147,-161,-2400
-1206,-544,9094,108,1,-130,-2432
2642,-48,4808,-755,215,-215,-2416
-234,716,7966,925,-119,-275,-2416
-290,-1986,11336,832,-502,-16,-2416
2254,1732,7516,64,-580,-337,-2416
2582,-6204,7462,-92,937,-239,-2416
-2120,4152,5458,-204,-600,147,-2416
6384,76,5366,324,75,-291,-2416
-2688,-1742,10194,-765,1094,-256,-2400
-2858,-1168,10040,582,-978,110,-2400
2040,288,7822,-439,291,-58,-2416
2476,960,5186,-179,218,-317,-2384
-814,-1866,9186,96,181,-176,-2400
926,-54,7618,55,-200,-87,-2432
644,-606,7310,-298,587,-178,-2416
-3030,2148,9646,56,-567,-161,-2416
2078,-4406,9078,63,523,-303,-2416
376,2830,5612,-429,136,-181,-2432
-638,-3162,11984,887,-526,-26,-2416
-1444,1878,7974,-579,8,-101,-2416
4822,-2584,2548,-1200,1134,-389,-2416
-3916,1416,8212,1516,-1035,-77,-2432
242,2002,7858,-316,-385,-55,-2400
4232,1014,6326,-661,1324,-430,-2400
-4164,-2566,11522,353,-359,63,-2416
2508,1144,5552,-367,1,54,-2448
78,-586,9006,181,-110,-167,-2432
598,-1078,7942,-554,691,-266,-2400
-1988,-536,9816,367,-397,-34,-2416
2886,-524,6816,-255,335,-208,-2416
-3230,1146,10180,241,-231,-84,-2416
2822,-3108,6956,-793,498,-255,-2400
-360,-422,9056,756,-218,-221,-2432
-306,-2390,9730,-448,193,-52,-2384
62,1804,5412,-230,192,-11,-2416
6240,478,796,-834,482,-397,-2432
-4890,-1750,11204,1795,-667,-118,-2432
-872,3650,4906,-994,-217,106,-2432
6728,1208,2304,-142,858,-430,-2416
-4992,-2418,13920,170,-32,-38,-2416
2222,250,7724,-481,260,-21,-2432
2082,-188,6130,-504,567,-311,-2432
-1552,-1280,8984,141,-56,-74,-2400
2018,-508,7222,15,27,-157,-2400
-1770,-370,9722,-71,258,-112,-2400
-462,2470,6970,-476,-91,-215,-2416
696,-3502,11064,923,-37,-272,-2448
206,-80,7216,-975,421,-94,-2400
60,-1448,10348,850,-483,-58,-2416
-1882,2042,10934,-165,-494,-270,-2416
1980,-6696,8962,-737,1287,-310,-2448
-1916,3756,6034,414,-793,83,-2448
2892,370,10726,311,-311,-217,-2400
988,-74,7920,-782,1243,-354,-2432
-2242,-1258,9572,547,-851,127,-2416
2980,842,5462,-384,145,-14,-2416
1324,526,8360,6,74,-230,-2368
-1072,-1448,8888,-296,529,-239,-2464
-1330,-412,8888,199,-357,-19,-2416
2306,-290,6944,-320,528,-196,-2384
-2516,2620,8746,256,-641,-156,-2384
1670,-4756,9970,-385,636,-295,-2400
-410,2626,5908,-128,37,-180,-2432
-374,-3180,11972,521,-315,-36,-2384
-2218,1494,9230,-688,308,-8,-2416
4676,1242,3502,-1074,793,-426,-2416
-3646,-4676,13572,1828,-788,-104,-2432
-88,1188,7910,-789,-268,33,-2432
7230,680,2686,-290,968,-453,-2448
-4310,-2070,12962,303,-202,-25,-2416
2110,1344,6442,-50,-442,56,-2432
400,-184,8444,-226,159,-103,-2432
1988,272,5464,-473,654,-254,-2416
-1962,-810,9230,212,-177,-57,-2416
3046,-430,6164,-7,105,-130,-2416
-290,-556,8248,62,131,-140,-2400
2048,720,5478,-629,165,-216,-2400
-56,3002,5550,-623,290,-154,-2416
-316,-2644,11264,892,-497,-30,-2400
-2518,2304,10334,-201,-357,-136,-2416
3678,-5722,5728,-1352,1468,-362,-2416
-2722,3656,5942,1054,-1047,34,-2416
536,218,11308,402,-724,-116,-2400
3334,828,7128,-1168,1596,-378,-2432
-2930,-1110,9182,657,-778,89,-2416
2290,146,7152,-230,-2,2,-2448
898,334,8014,-148,185,-172,-2384
-186,-876,7922,-340,531,-211,-2432
-1852,-1034,9328,330,-390,-52,-2416
2972,114,6076,-399,492,-204,-2416
-2942,1344,9808,391,-457,-113,-2416
2536,-2938,7864,-639,497,-297,-2400
-308,568,8156,311,31,-214,-2400
-486,-2762,10366,39,-34,-27,-2432
-1094,2310,6426,-311,178,-3,-2384
2562,1904,6722,-608,260,-400,-2416
-1852,-6276,13636,1275,-196,-181,-2400
-1044,2292,6832,-676,-429,82,-2432
6474,548,5080,-95,682,-410,-2416
-2934,-1590,10598,-139,318,-119,-2416
782,1036,8354,266,-726,64,-2384
584,-600,8132,-389,288,-81,-2432
2256,394,5050,-385,585,-300,-2400
-1970,-1152,9430,314,-208,-82,-2416
2916,110,6304,-114,66,-105,-2416
544,-1056,7740,-9,290,-185,-2416
444,1638,6268,-466,-133,-182,-2432
712,-2044,9774,728,110,-278,-2400
414,2396,5880,-893,402,-97,-2416
206,-532,8910,795,-417,-45,-2416
-928,3042,10374,36,-660,-268,-2400
486,-8262,12486,-1057,1447,-367,-2400
-3868,2776,6768,565,-911,72,-2400
3984,246,10908,497,-540,-206,-2416
-284,-1230,8658,-1147,1610,-329,-2416
2094,948,6594,-200,-304,83,-2416
2114,30,5300,-425,629,-285,-2416
-2158,-476,9308,304,-394,-48,-2448
3400,40,5958,-309,455,-220,-2432
-3372,710,10644,308,-334,-129,-2400
2756,-2492,6702,-677,422,-271,-2416
186,-622,8802,465,-23,-243,-2416
-406,-2240,9344,-173,12,-49,-2416
-214,2538,5488,-15,3,19,-2400
1562,2460,7852,-595,99,-404,-2416
-1120,-7302,13576,1328,-89,-173,-2416
-1530,2668,6714,-768,-387,114,-2416
7340,1456,1958,-226,822,-382,-2416
-1884,-1772,9720,-105,417,-133,-2432
-414,548,9472,280,-767,106,-2432
904,-10,7534,-360,208,-79,-2416
2454,160,5754,-373,564,-313,-2416
-2270,-1362,9284,230,-191,-26,-2432
2860,426,6440,-81,34,-126,-2432
848,-876,7662,-114,433,-171,-2448
-298,2450,6682,-393,-218,-195,-2416
878,-3254,10804,864,101,-267,-2384
204,-240,7262,-1026,490,-101,-2432
-44,-1474,10064,943,-523,-26,-2400
-1922,2684,11252,-26,-598,-195,-2384
1628,-8082,10164,-1407,1647,-383,-2416
-4878,1628,8264,851,-1055,60,-2416
2442,-272,12770,556,-616,-182,-2400
1550,-130,7248,-1427,1805,-361,-2400
-5158,-2394,13124,1042,-1111,143,-2416
3020,338,5870,-519,179,-20,-2448
1876,1132,6924,-135,220,-261,-2416
-1240,-1410,8580,-126,383,-253,-2400
-822,-784,8712,177,-346,-31,-2432
2390,2,6442,-466,675,-223,-2400
-2552,2322,8582,333,-638,-130,-2448
2618,-2232,6676,-286,477,-274,-2448
-434,-1902,9336,-847,334,-65,-2400
-2368,3044,9486,-340,-151,-57,-2416
4162,-5478,5138,-1663,1501,-407,-2416
-4494,-1970,11186,1559,-1175,-79,-2384
-64,-22,10946,244,-784,-59,-2416
4368,1366,6242,-1244,1675,-446,-2432
-4974,-1940,13494,780,-684,50,-2448
2396,224,6830,-205,-163,24,-2416
1024,700,7584,-206,192,-172,-2416
-204,-890,8148,-316,598,-248,-2400
-2178,-592,9554,221,-327,7,-2400
3498,294,5554,-388,461,-203,-2432
-3700,712,10902,423,-317,-149,-2416
2346,528,5098,-797,397,-227,-2416
-66,450,8230,793,-190,-272,-2432
-870,-2930,11120,-399,158,-60,-2400
932,1664,5538,-174,135,-10,-2448
1844,1944,8068,-46,-308,-367,-2448
-1730,-7392,14436,658,375,-210,-2448
-668,3380,4894,-473,-547,169,-2432
5714,188,7820,388,259,-364,-2400
-2068,-2002,9538,-114,235,-89,-2416
264,1038,8264,124,-596,93,-2416
690,-86,8224,-230,160,-101,-2432
2292,618,5544,-480,638,-304,-2416
-1924,-1250,9188,237,-200,-37,-2416
2724,-40,6628,-44,27,-143,-2448
-2382,-200,10380,-34,279,-138,-2400
30,2118,6436,-481,-86,-237,-2432
892,-2584,10300,896,0,-275,-2432
-116,-698,8328,-1016,482,-85,-2448
864,1718,4884,-90,152,12,-2400
4308,2122,4004,-190,-310,-417,-2400
1156,-7986,11102,614,475,-172,-2416
-1510,4452,5026,-647,-469,158,-2416
7398,364,3082,340,294,-389,-2416
-4244,-1912,12492,-540,822,-181,-2400
3132,568,5850,-402,90,-2,-2432
1714,1194,7312,-122,168,-231,-2416
-1600,-1668,9554,-51,378,-222,-2416
-758,-576,8458,122,-324,-45,-2448
2450,124,6268,-363,619,-212,-2432
-2678,2216,8862,371,-719,-161,-2400
3008,-2090,6074,-427,626,-292,-2416
-192,2928,5780,-121,110,-207,-2416
-754,-3128,12204,517,-316,-25,-2400
-2026,2098,9588,-687,257,-15,-2400
5334,220,3044,-967,833,-411,-2432
-4362,-3000,12272,1657,-814,-121,-2448
1038,1234,8782,-633,-401,31,-2416
6860,452,3218,-364,1051,-460,-2432
-4398,-1698,12266,98,-50,6,-2400
3052,1266,4632,-87,-371,33,-2400
664,-154,8436,-110,129,-142,-2448
1946,-46,5246,-539,710,-251,-2448
-1632,-464,9252,390,-362,-53,-2368
2912,-260,6628,-122,211,-147,-2400
-1496,-526,9582,209,-21,-111,-2432
2968,-208,4768,-785,257,-236,-2416
-252,762,7872,909,-112,-257,-2448
302,856,6890,-949,443,-44,-2400
1020,1224,5178,344,-147,-23,-2400
2194,2162,7438,105,-635,-350,-2448
2684,-6508,7442,-111,927,-255,-2384
-2020,4188,5250,-208,-598,152,-2416
6208,298,5722,464,-113,-287,-2432
1964,522,7120,-958,1303,-287,-2416
-2838,-1014,10030,670,-1048,117,-2416
1842,-16,8272,-404,269,-37,-2416
2492,698,5020,-196,222,-282,-2432
-762,-1900,9052,147,158,-155,-2432
726,-276,7892,67,-224,-55,-2416
720,-278,7282,-296,576,-188,-2448
-2896,2064,9690,34,-535,-211,-2416
-434,2310,6650,600,-145,-243,-2400
-746,-3104,12314,65,-73,-5,-2416
754,2356,4378,-536,227,19,-2416
4446,190,4632,-694,536,-411,-2400
-3632,-3358,12698,1489,-718,-65,-2432
270,1628,8358,-568,-434,23,-2416
6882,88,3286,-398,1098,-408,-2416
-3842,-906,11446,-31,69,-28,-2400
2336,986,6194,161,-566,-3,-2400
1218,-122,7936,-261,200,-120,-2448
2414,500,4324,-547,642,-307,-2416
-1970,-814,9696,438,-338,-14,-2416
2754,-406,6678,-201,174,-153,-2432
-436,-728,8390,44,203,-142,-2400
2412,1076,4952,-583,54,-230,-2416
-426,-962,9666,930,-20,-257,-2416
634,1916,5888,-983,457,-90,-2432
720,1006,6304,642,-338,-32,-2432
492,2006,9446,137,-667,-272,-2400
3852,-4794,4824,-757,1241,-292,-2384
-2880,3606,6512,375,-829,89,-2384
5228,-26,8328,360,-259,-212,-2432
3126,1518,6536,-1061,1456,-316,-2416
-3490,-2040,11000,913,-1133,130,-2384
2302,380,7382,-621,393,-18,-2416
2240,1072,5424,-74,102,-254,-2416
-290,-1676,8856,-42,345,-207,-2400
192,-124,7630,-19,-225,-42,-2400
1280,-412,6960,-252,521,-183,-2416
-3320,1842,10134,171,-638,-161,-2416
2256,-4062,8338,-256,569,-316,-2432
490,3318,5194,-260,82,-168,-2432
-740,-3226,11532,716,-424,1,-2416
-936,2088,6868,-575,159,-55,-2416
5808,-1872,1366,-1350,1102,-395,-2448
-4522,1066,8514,1848,-1051,-103,-2432
-610,2126,6946,-533,-384,-4,-2368
5612,1446,3944,-589,1211,-432,-2416
1200,676,7938,150,-622,60,-2432
206,-18,8028,-43,24,-178,-2416
1612,-736,6346,-413,601,-282,-2432
-1354,-536,8872,184,-297,-1,-2416
2508,-64,6516,-287,386,-203,-2416
-2708,72,10798,419,-415,-115,-2416
3236,-1434,5678,-744,506,-263,-2432
-422,2032,6398,532,-116,-250,-2432
60,-1260,8166,-245,100,-14,-2448
694,2478,4412,-360,248,-21,-2384
4418,966,4084,-351,1,-365,-2448
-3520,-4426,13302,942,180,-177,-2400
-1462,3794,5468,-683,-396,104,-2400
7050,726,3038,204,442,-352,-2416
-4046,-1952,12250,-331,525,-161,-2416
-1644,-458,9482,418,-807,128,-2400
1450,654,7610,-441,307,-83,-2400
1950,110,5570,-285,454,-294,-2400
-1290,-1306,8716,64,41,-60,-2416
1472,298,7366,3,-100,-105,-2384
-516,-1234,8752,-66,404,-154,-2432
2158,1024,5122,-402,-290,-216,-2432
1414,-4662,10730,797,170,-284,-2432
372,1580,6266,-979,439,-103,-2416
776,1192,6614,925,-519,-34,-2416
-2512,1592,10576,-161,-416,-113,-2400
4318,-4714,3866,-1542,1561,-398,-2400
-3192,3522,6380,1522,-1290,19,-2416
584,560,10134,276,-595,-134,-2384
3674,1454,6188,-1195,1629,-376,-2448
-3354,-1732,10052,811,-923,124,-2400
2470,466,6218,-370,38,0,-2416
564,334,8238,-42,87,-189,-2416
240,-886,7826,-362,543,-253,-2416
-56,-556,8512,235,-348,-59,-2400
2990,-90,6008,-319,409,-194,-2432
-2972,1138,10010,340,-461,-117,-2400
-96,560,7754,561,20,-234,-2400
-532,-2648,10364,-365,106,-27,-2416
620,1386,6384,-41,71,-7,-2448
2196,1780,7198,-428,59,-370,-2400
-1556,-6218,13612,1063,54,-179,-2416
-1302,2322,6924,-625,-425,122,-2448
6432,1020,5098,-145,662,-367,-2416
-2668,-1736,10526,-157,444,-170,-2432
12,202,9578,290,-753,105,-2400
818,114,7710,-437,316,-127,-2416
1496,-276,5770,-305,602,-274,-2416
-1928,-1580,9424,254,-248,-51,-2432
3060,356,5546,-224,193,-155,-2400
-2266,-236,10174,152,137,-161,-2416
-4,2318,6502,-638,60,-187,-2416
862,-2730,10062,773,32,-244,-2416
-114,-510,8246,-873,386,-80,-2400
-4,-838,9562,692,-337,-60,-2416
-1566,2446,11214,117,-693,-274,-2416
1218,-7886,10904,-656,1262,-319,-2416
-1294,4280,4334,446,-914,75,-2368
3078,-28,12252,593,-470,-254,-2400
788,-684,7890,-1101,1490,-306,-2400
-1992,58,9382,794,-1051,160,-2448
3092,618,5792,-506,276,-35,-2416
1670,966,7406,-89,212,-213,-2432
-1312,-1634,9038,-7,237,-183,-2368
-694,-676,8440,172,-339,-70,-2416
2170,-44,6596,-356,614,-190,-2416
-2326,2254,8476,146,-563,-169,-2416
1878,-3748,9548,-183,490,-306,-2432
-56,2524,6006,-335,226,-191,-2400
-422,-3042,11292,584,-360,-15,-2416
-2220,2942,9622,-286,-58,-52,-2416
6072,102,1870,-1457,1218,-429,-2416
-4366,-1750,11230,1774,-1088,-120,-2432
418,208,11036,-285,-581,-6,-2432
7530,1282,1368,-895,1444,-426,-2416
-1016,480,9630,494,-904,164,-2400
1008,288,7784,-237,174,-136,-2416
1958,-428,5684,-405,645,-304,-2416
-1986,-400,9370,252,-283,-38,-2416
2420,400,6838,-167,231,-191,-2384
-1546,-678,9600,46,181,-147,-2432
2456,146,5352,-567,31,-198,-2368
1504,-3974,10374,765,117,-256,-2416
266,804,6628,-901,404,-87,-2416
596,1182,6082,807,-419,-59,-2400
2800,2352,6466,-126,-572,-316,-2432
2712,-6928,7942,-260,1077,-311,-2400
-2096,3950,5270,96,-710,117,-2416
6546,986,5120,551,-309,-271,-2416
2242,310,7294,-1069,1559,-317,-2432
-3100,-1354,9984,775,-1096,157,-2432
1940,642,8010,-445,203,-50,-2416
1832,556,7956,-180,297,-294,-2416
-1304,-1412,8704,-12,193,-144,-2416
1106,42,7688,184,-338,-65,-2400
2840,-96,6314,-420,719,-226,-2416
-3004,2182,8968,145,-593,-150,-2416
1966,-4246,9590,97,391,-313,-2416
572,2840,5936,-404,262,-164,-2400
-926,-3200,12038,818,-481,-25,-2400
-2002,1892,8820,-245,-156,-56,-2432
5760,-3690,2106,-1806,1430,-405,-2416
-4136,-4584,13536,2081,-1349,-103,-2416
-502,408,8972,-535,-381,51,-2432
5670,2432,4002,-1002,1500,-423,-2400
-4642,-2720,13648,787,-587,14,-2416
2062,674,6780,-374,-165,11,-2416
946,662,7158,-107,86,-137,-2416
348,-1020,7830,-346,612,-261,-2400
-2288,-566,9196,170,-271,-15,-2432
3566,110,5474,-165,285,-191,-2448
-3406,286,11090,239,-110,-132,-2448
1898,-4030,10146,309,356,-282,-2448
434,1694,6180,-874,418,-105,-2448
492,576,7268,918,-522,-8,-2416
-2218,2116,9672,-231,-452,-207,-2416
4014,-4920,5048,-1095,1409,-350,-2416
-3344,2844,6760,962,-1054,38,-2400
5418,882,7898,346,-565,-137,-2432
3498,744,7366,-938,1497,-391,-2432
-3664,-2030,10154,618,-857,156,-2416
2806,1518,6146,-381,79,8,-2416
1042,-70,8568,-11,184,-234,-2400
-710,-914,8210,-354,495,-177,-2432
452,-282,8034,334,-402,-31,-2384
3174,-172,6092,-417,606,-197,-2416
-3404,1840,9880,326,-644,-156,-2416
2348,-3950,8516,-387,448,-287,-2432
82,1546,7160,44,79,-217,-2416
-820,-2952,11312,349,-284,-75,-2416
-966,910,7388,-449,288,-36,-2416
6944,-52,-476,-998,551,-391,-2432
-2536,-7846,15770,2047,-718,-126,-2400
-618,3010,5168,-1122,-154,58,-2400
6962,1892,1780,-74,835,-438,-2416
-3152,-2324,10982,174,-26,-70,-2384
988,1606,7206,-51,-496,50,-2432
356,-84,8276,-65,130,-116,-2400
2252,600,5266,-558,714,-287,-2448
-2048,-958,8992,257,-219,-42,-2416
2878,-418,6780,42,47,-178,-2416
-2782,66,10756,-58,226,-150,-2400
614,1900,6090,-494,-20,-244,-2400
546,-2424,10184,799,49,-278,-2416
-212,-1054,8418,-1010,476,-79,-2416
158,-480,9108,756,-358,-31,-2432
-952,2120,10658,-40,-553,-286,-2432
860,-7340,11318,-589,1155,-277,-2400
-4354,1844,8130,632,-997,99,-2416
4622,-88,9690,214,-105,-237,-2384
-3988,-1298,11638,194,-263,34,-2416
2474,1130,5636,-322,-72,-13,-2432
190,-94,8558,118,-57,-161,-2416
312,-1404,8554,-422,696,-252,-2416
-208,-130,7716,241,-407,-11,-2416
3086,-218,6614,-214,342,-207,-2400
-3496,728,10796,377,-467,-111,-2432
2848,-3192,6798,-864,612,-242,-2416
-378,-328,9156,607,-148,-230,-2384
-520,-2544,10040,-128,16,-12,-2416
140,1894,5212,-396,269,-7,-2432
412,2020,9578,-46,-342,-357,-2416
-724,-7886,13908,941,170,-174,-2416
-828,4116,4424,-821,-395,121,-2416
6756,940,2760,298,400,-377,-2432
-1494,-1368,8728,-493,643,-129,-2400
-14,976,8288,345,-776,91,-2400
364,-478,9048,-246,276,-98,-2416
2332,1062,5382,-524,557,-276,-2448
-1710,-1222,9192,274,-121,-114,-2432
2204,-512,7256,9,-77,-96,-2432
1142,-260,6946,-201,434,-219,-2384
-198,2174,6672,-367,-193,-204,-2416
688,-3306,10684,767,143,-306,-2416
86,26,7486,-969,439,-102,-2432
6,-1368,10246,950,-517,-28,-2400
-1644,2584,10472,-159,-510,-216,-2416
1556,-7412,10302,-1001,1384,-364,-2416
-4260,1702,7962,855,-970,40,-2400
2982,284,11362,375,-503,-172,-2400
872,-366,7858,-1011,1496,-327,-2432
-4476,-1842,11920,635,-828,127,-2416
3064,390,5630,-397,180,-10,-2416
1576,1162,7748,59,22,-222,-2400
1206,-998,7276,-255,520,-257,-2416
-736,-546,7972,143,-326,-48,-2416
2206,168,6580,-299,537,-203,-2384
-2638,2298,9162,322,-587,-158,-2448
-106,-2190,10430,806,104,-269,-2384
-718,-3162,12812,253,-185,-41,-2448
574,2478,4156,-671,271,-10,-2416
4970,264,3360,-696,519,-403,-2384
-4258,-3094,12320,1373,-505,-131,-2432
-1282,4008,5516,-684,-382,80,-2416
6624,172,3668,-178,901,-430,-2416
-4406,-1720,12288,-64,106,-23,-2416
3050,1352,4662,83,-532,44,-2416
784,-604,8694,-86,92,-123,-2400
2256,300,4628,-636,736,-285,-2432
-1744,-312,9108,437,-282,-59,-2416
1776,22,7276,-179,160,-141,-2416
-998,-422,8754,-16,248,-125,-2432
2816,-86,4912,-639,117,-225,-2400
1126,-4280,10900,923,-23,-262,-2416
448,994,6482,-962,429,-52,-2416
780,1446,5476,529,-270,-48,-2416
2276,2468,7164,63,-651,-304,-2432
2588,-6740,7876,-471,1140,-266,-2432
-1866,4326,5276,254,-748,98,-2416
6106,242,5970,622,-359,-264,-2416
2236,596,7054,-1006,1350,-295,-2448
-2532,-982,9336,770,-1047,158,-2432
1846,182,8430,-414,245,-61,-2432
826,1170,7806,-199,177,-244,-2416
-478,-1654,8748,-83,382,-206,-2416
436,-442,7782,62,-275,-37,-2432
886,-716,7070,-302,573,-202,-2400
-3124,1872,9800,249,-693,-139,-2432
2228,-4286,8806,-246,613,-289,-2384
336,3076,5432,-270,85,-203,-2416
-628,-3410,11814,750,-402,-14,-2400
-1316,2622,7276,-712,206,-52,-2400
5178,-2614,2368,-1090,898,-341,-2416
-3026,-4622,13036,1584,-913,-116,-2384
-426,1736,7700,-382,-479,-25,-2416
630,-190,7586,-546,867,-240,-2416
-1974,-860,9934,521,-941,91,-2400
450,-354,8330,-130,113,-141,-2400
1000,-548,6774,-509,676,-268,-2432
-1984,-1000,9536,288,-332,-62,-2416
3084,-106,6012,-285,328,-167,-2384
-3070,554,10484,364,-245,-120,-2416
3334,-2710,6084,-810,474,-269,-2416
74,-1434,9562,814,-181,-237,-2432
-306,-1884,9512,-446,148,-41,-2432
646,2226,4536,-67,125,-11,-2384
-1082,2166,10948,53,-570,-359,-2448
184,-8144,12880,76,780,-228,-2400
-844,4056,4646,-347,-534,137,-2400
4292,-32,10956,540,-68,-346,-2416
-354,-1124,8162,-734,987,-232,-2416
-990,556,8872,498,-878,113,-2416
914,-210,8348,-485,321,-71,-2432
1690,830,6826,-287,319,-310,-2432
-1368,-1540,9176,37,182,-120,-2416
1726,-258,7364,86,-228,-93,-2416
1624,-298,7062,-149,461,-198,-2384
-1284,2386,7590,-128,-408,-208,-2432
1404,-3558,10042,649,164,-262,-2448
178,626,7372,-823,385,-71,-2416
888,1350,6166,660,-276,-65,-2416
-2446,1924,10680,-81,-500,-241,-2400
2850,-6050,6940,-952,1319,-347,-2368
-2368,3572,5898,823,-931,40,-2416
1414,512,11334,444,-611,-168,-2384
2320,116,7970,-962,1499,-366,-2400
-2652,-1246,9032,441,-719,137,-2400
2424,1378,6326,-447,286,-21,-2416
1966,318,6784,-106,282,-307,-2416
-2068,-1488,9756,-79,197,-94,-2400
586,10,8100,141,-236,-78,-2400
740,-1240,7950,-207,501,-201,-2416
2952,-994,5596,-564,457,-257,-2416
-486,1384,7404,150,40,-221,-2400
-460,-2884,10844,418,-245,-1,-2416
-1474,2036,7672,-506,179,-22,-2416
5960,-1998,1364,-986,666,-384,-2432
-2672,-5860,13850,1791,-849,-126,-2400
-832,2024,7520,-600,-430,53,-2400
5996,1492,3950,-550,1180,-437,-2416
-3770,-1878,11598,252,-147,-1,-2416
1420,1312,7250,0,-503,51,-2400
520,-638,8306,-155,140,-138,-2432
2390,428,4584,-480,663,-294,-2416
-2110,-908,9734,387,-349,-50,-2448
3166,-186,6356,-256,357,-181,-2432
-2970,628,10272,225,-196,-119,-2432
2646,-2390,6764,-655,399,-250,-2400
452,-1088,9002,527,-32,-209,-2416
-506,-1732,9232,-332,93,-30,-2416
170,1610,5652,128,17,25,-2432
202,3512,9032,-419,-264,-398,-2384
-452,-8602,14092,1152,172,-196,-2416
-1284,3494,5116,-963,-256,165,-2448
7874,1712,598,68,501,-355,-2416
-1218,-2150,9710,-244,614,-194,-2400
-890,624,8930,118,-670,139,-2432
1006,390,7930,-203,157,-91,-2416
2266,458,6824,-336,453,-322,-2416
-1782,-1470,8788,112,27,-80,-2400
2312,200,6812,65,-184,-103,-2432
1508,-264,7040,-266,588,-202,-2416
-1560,2544,7628,-122,-461,-164,-2416
1546,-3800,10442,405,342,-275,-2416
264,976,6698,-710,332,-147,-2432
-282,-2682,11422,1062,-599,-4,-2400
-2066,3170,10232,-341,-350,-136,-2416
2522,-6896,8256,-1182,1368,-417,-2416
-4594,516,8988,1075,-1000,-53,-2432
1904,392,11514,382,-701,-112,-2400
-2782,-1934,10556,-39,300,-126,-2416
3010,748,5124,-334,-10,-10,-2432
1788,384,8174,-31,182,-231,-2448
-1494,-1306,8930,-189,382,-213,-2448
-1160,-756,9204,276,-394,-41,-2416
2852,-70,6166,-527,673,-216,-2432
-3204,2374,8944,389,-602,-132,-2400
3070,-1574,5870,-564,565,-295,-2448
78,2486,6128,124,29,-221,-2384
-970,-3324,11996,384,-277,-35,-2416
-1918,2096,8714,-342,101,21,-2432
5326,1940,2884,-1232,807,-429,-2432
-4268,-4990,14100,1985,-767,-153,-2416
-600,690,8942,-1058,-206,108,-2384
7574,1430,1850,-449,1054,-452,-2416
-4758,-2770,13808,358,-94,-58,-2432
2230,912,6212,-209,-350,67,-2400
1310,166,8602,-93,116,-119,-2416
1850,-182,6034,-404,619,-275,-2448
-2256,-610,9266,125,-155,-44,-2432
3512,76,5588,-53,76,-165,-2400
-704,-1070,8914,71,182,-151,-2432
1644,528,5720,-513,-56,-193,-2416
482,-148,8380,828,4,-259,-2416
386,1426,6626,-874,391,-105,-2432
626,430,6878,601,-282,5,-2400
1330,2814,8070,-147,-528,-292,-2448
3440,-5682,6346,-488,1196,-324,-2416
-2762,3402,5938,27,-664,133,-2448
5168,708,7976,661,-502,-205,-2400
3388,1064,7144,-1073,1509,-347,-2448
-3288,-1532,9382,601,-906,159,-2416
2328,1018,7040,-303,117,-6,-2416
2414,462,6550,-153,248,-256,-2432
-704,-952,8484,-142,365,-150,-2400
464,-426,8270,219,-372,-55,-2432
1046,-692,7556,-487,700,-192,-2384
2786,-208,5018,-738,210,-220,-2416
-140,1302,7484,874,-179,-259,-2432
-1004,-3194,11734,-383,136,-64,-2416
852,1898,4966,-303,221,14,-2416
2778,2468,6672,-269,-127,-417,-2416
-2704,-7084,15254,1105,77,-150,-2416
-658,2956,5434,-684,-464,166,-2400
6598,104,6214,276,442,-415,-2400
-3272,-2002,10698,-507,681,-156,-2416
1114,1490,7358,456,-959,114,-2384
2120,372,8142,-340,278,-73,-2416
2168,692,4998,-474,545,-318,-2400
-1982,-986,9276,261,-121,-54,-2400
1024,16,7786,-17,-64,-122,-2416
488,-740,7442,-132,416,-181,-2416
624,1592,6144,-216,-367,-194,-2432
740,-1838,9520,684,163,-296,-2400
416,2290,5712,-966,471,-82,-2400
450,-468,8298,845,-466,-5,-2416
-1004,2792,10408,-39,-530,-244,-2416
5392,-3288,2490,-1506,1499,-382,-2432
-4240,2378,7558,1238,-1159,50,-2400
4388,306,10682,193,-513,-156,-2416
4614,1216,5668,-1016,1557,-360,-2448
-4058,-1810,11006,562,-766,111,-2400
2924,616,6156,-318,110,-11,-2400
242,366,8074,-39,105,-202,-2416
640,-1294,7720,-304,583,-243,-2416
-320,-414,8090,184,-369,-31,-2448
1926,-4,6700,-260,447,-224,-2432
-2004,2448,8348,257,-705,-184,-2400
2940,-2718,6582,-285,637,-288,-2384
-10,3118,5438,-287,137,-177,-2416
-572,-2488,11868,667,-377,-11,-2432
-2378,1700,10684,-618,185,-30,-2400
5896,256,1818,-1083,844,-392,-2416
-4680,-2472,11682,1818,-1010,-122,-2416
1536,908,9710,-628,-367,22,-2416
-1352,-878,8402,-867,1132,-235,-2400
3420,1578,3812,-192,-299,53,-2384
350,-644,8864,104,5,-167,-2416
1800,-106,5612,-609,771,-241,-2416
-1454,-244,8850,368,-414,-23,-2416
2852,-370,6738,-95,238,-182,-2400
-1982,-46,9888,210,-124,-109,-2432
3134,-884,4966,-868,398,-242,-2416
-390,1734,7214,895,-195,-256,-2416
160,54,7382,-813,385,-55,-2432
1088,1450,4432,105,-8,-35,-2432
3454,2116,5580,-3,-475,-397,-2400
1828,-7446,9802,319,665,-227,-2416
-1348,4756,4372,-602,-433,135,-2384
6478,320,4426,520,19,-319,-2400
-3632,-2192,11670,-783,1018,-236,-2400
-2160,-316,9418,478,-880,96,-2400
1268,-264,8994,-255,241,-61,-2416
2412,462,4992,-413,402,-329,-2384
-1908,-470,8794,281,-175,-77,-2400
976,-470,8280,114,-121,-135,-2448
282,-470,7636,-267,487,-129,-2384
1474,1550,5444,-422,-124,-226,-2416
-38,-2002,9998,687,181,-259,-2432
450,2464,5690,-972,436,-86,-2400
322,128,8238,1010,-529,-2,-2416
124,1472,9714,-312,-430,-243,-2416
3994,-4364,4354,-800,1224,-341,-2432
-3364,2122,7094,645,-904,70,-2400
5442,716,7536,148,-173,-206,-2368
3194,690,7662,-689,1327,-346,-2416
-3700,-2128,10768,527,-834,155,-2448
2810,1136,6272,-540,270,-30,-2432
2218,564,6436,173,-35,-258,-2368
106,-1276,8282,-331,515,-235,-2384
226,102,7054,151,-351,-40,-2448
1132,-620,7572,-265,537,-233,-2416
2976,-158,4776,-707,154,-256,-2400
-470,558,7956,1029,-165,-226,-2416
558,874,6424,-790,346,-30,-2416
988,1676,5172,118,-17,-33,-2384
2196,2164,7504,81,-501,-351,-2416
-2330,-7124,15228,389,602,-206,-2384
-2082,4594,5476,-397,-490,137,-2432
5772,-148,6624,519,85,-308,-2400
-2702,-1900,10160,-937,1119,-219,-2384
-2950,-1382,10382,759,-1082,119,-2448
1702,-44,8476,-406,305,-70,-2400
2544,1082,4796,-380,367,-298,-2400
-770,-1816,9086,154,141,-152,-2448
634,-32,7902,-46,-125,-75,-2416
824,-660,7164,-274,592,-208,-2384
414,2112,6300,35,-587,-180,-2400
2094,-4530,9086,274,441,-318,-2400
436,3044,5240,-623,205,-139,-2416
266,-1064,9460,1081,-600,4,-2416
-1614,2814,7762,-487,-182,-114,-2416
5044,-3644,3058,-1396,1345,-401,-2432
-3796,2384,6952,1343,-1085,-22,-2432
-300,1024,8878,82,-594,-76,-2384
4798,1394,5546,-1039,1551,-395,-2416
-3912,-1672,11004,649,-721,71,-2416
2728,560,6226,-178,-122,-5,-2400
400,156,7908,-72,74,-171,-2400
1044,-616,6928,-431,660,-276,-2416
-678,-550,8528,233,-343,-36,-2384
3132,54,6016,-323,394,-177,-2432
-3300,642,10978,429,-383,-113,-2400
3320,-2608,6148,-844,564,-283,-2432
-50,-1242,9660,721,-190,-242,-2416
-328,-2246,9540,-273,89,-36,-2448
464,2476,4230,-228,230,-21,-2432
5332,562,2542,-116,-255,-380,-2400
34,-7492,12636,559,435,-157,-2384
-1042,3788,5062,-553,-487,120,-2384
3884,1690,6116,-1002,1512,-384,-2416
-3698,-2366,11146,821,-995,125,-2368
864,10,8266,-452,326,-92,-2400
1886,246,5594,-386,498,-299,-2432
-1502,-1672,9014,128,-17,-77,-2432
1866,80,7020,0,-96,-115,-2384
-1254,-560,9214,14,310,-158,-2416
-908,3008,7064,-500,-142,-223,-2448
1058,-3894,10726,786,103,-271,-2400
268,578,7230,-963,431,-112,-2432
-20,-1830,10772,856,-420,-37,-2416
-2776,2282,11560,-32,-580,-209,-2384
2890,-6806,7442,-1491,1547,-388,-2432
-2106,4302,5298,1088,-1090,37,-2432
1032,-2,12688,488,-756,-113,-2448
2590,308,7524,-1299,1706,-393,-2448
-2532,-766,8668,719,-874,103,-2416
2476,182,6960,-250,19,-16,-2400
1326,590,7880,-180,205,-192,-2400
-578,-912,8196,-294,526,-251,-2448
-1816,-1060,9534,338,-427,-12,-2384
2906,58,6166,-409,525,-216,-2384
-2846,1738,9134,371,-524,-127,-2432
2892,-1124,5718,-591,518,-256,-2416
-290,1670,7072,223,25,-214,-2416
-484,-2986,11234,192,-127,-16,-2384
-1300,1964,7340,-523,260,6,-2432
3258,1246,5930,-480,215,-378,-2400
-2656,-5430,13496,1235,-222,-131,-2416
-554,2088,7114,-619,-454,75,-2416
6836,288,4076,-184,853,-408,-2448
-3358,-1384,11062,-178,321,-127,-2432
1408,1208,7470,316,-748,76,-2400
548,-780,8486,-163,186,-128,-2416
828,-442,7066,-506,676,-267,-2448
-2044,-1110,9842,428,-426,-52,-2384
3048,-238,6026,-291,297,-182,-2400
1168,1200,6136,-330,-271,-181,-2416
512,-1196,9206,632,207,-268,-2400
-356,-1438,9116,-38,-35,-79,-2416
294,1450,5292,-317,221,-1,-2400
5870,1610,1642,-1019,550,-416,-2432
-4418,-3774,12894,1884,-598,-169,-2416
-1020,4102,4042,-1079,-184,75,-2416
4586,1686,5378,-850,1427,-425,-2400
-5042,-2386,13698,690,-527,37,-2400
2620,1040,5738,-386,-174,43,-2416
1020,322,7628,-29,21,-186,-2416
2022,-438,5636,-416,656,-277,-2400
-2034,-316,8966,199,-316,1,-2400
3398,172,5770,-119,260,-199,-2400
-1022,-900,9012,148,20,-100,-2384
2024,432,5452,-713,251,-220,-2416
-136,298,8304,785,-48,-297,-2432
-662,-2750,10486,-649,213,-91,-2400
626,1086,6720,322,-110,-26,-2400
2386,2382,7254,-247,-388,-367,-2416
-1632,-6740,13924,591,521,-243,-2384
-2180,3638,5378,-441,-454,136,-2400
6252,838,5360,262,156,-288,-2432
-2382,-1858,10034,-646,1073,-238,-2416
-3066,-1650,9848,517,-981,152,-2416
1856,806,7904,-380,229,-42,-2416
2628,432,5260,-250,385,-336,-2432
-1284,-1600,9226,84,81,-127,-2416
1010,-42,7674,70,-220,-70,-2416
982,-952,7344,-359,668,-199,-2448
-242,2390,6682,72,-633,-152,-2400
2312,-4206,8786,175,460,-316,-2400
522,3148,5354,-678,331,-98,-2432
-202,-1460,10096,1094,-630,-17,-2416
-1546,2900,10892,-134,-545,-235,-2416
1366,-7852,10528,-1321,1550,-373,-2432
-4632,1834,8000,918,-1048,39,-2400
7270,1016,2918,-294,959,-447,-2416
-4286,-2380,12380,339,-200,-26,-2400
1950,1172,6332,-175,-359,84,-2432
972,-346,7800,-51,88,-172,-2400
306,-828,7924,-427,651,-285,-2432
-2256,-492,9422,232,-314,-13,-2400
3384,-78,5880,-164,268,-172,-2384
-3456,776,10854,199,-44,-132,-2384
1666,648,5608,-688,219,-214,-2432
518,-334,8592,798,-88,-286,-2432
-684,-2352,9874,-572,217,-71,-2400
620,330,7092,264,-71,-28,-2384
652,3142,8706,-223,-433,-372,-2448
-908,-8318,14422,205,827,-255,-2400
-1384,3452,5588,-512,-479,150,-2400
4988,558,9162,600,-206,-284,-2416
-1190,-1990,9164,-102,368,-173,-2416
-706,456,8596,218,-761,119,-2432
1188,514,7652,-254,239,-107,-2400
2268,498,6548,-395,510,-296,-2416
-1992,-1236,8938,96,-30,-29,-2384
2420,222,6730,46,-55,-149,-2416
-1630,-1160,9772,-164,464,-176,-2400
-1258,2450,7318,-232,-368,-205,-2400
1450,-3458,10422,566,201,-299,-2416
214,684,7054,-843,363,-136,-2416
-142,-2224,10726,889,-460,-27,-2416
-2416,2302,11096,-191,-440,-151,-2432
2850,-6270,7454,-1442,1566,-373,-2432
-4892,-670,9714,1301,-1167,9,-2416
1796,322,11244,269,-597,-142,-2416
2568,680,7184,-1077,1606,-408,-2400
-3336,-1702,10266,767,-904,99,-2400
3320,972,4700,-517,156,13,-2368
1492,838,8236,-14,125,-228,-2416
-1218,-1700,8978,-299,536,-224,-2384
-1372,-656,8902,238,-370,-7,-2432
2718,-280,6580,-330,521,-230,-2432
228,2056,6334,-426,-140,-198,-2416
90,2776,6166,53,88,-221,-2384
-864,-2974,11722,454,-319,-11,-2432
-1806,1058,9010,-348,75,-13,-2416
6088,-2346,1060,-1635,1225,-403,-2448
-3624,-5800,14178,2184,-1146,-85,-2400
-188,1882,7096,-755,-329,10,-2432
5434,1768,4070,-503,1185,-446,-2416
-4280,-1994,12082,404,-325,58,-2448
2110,990,6222,-296,-183,23,-2416
396,294,7948,-73,72,-122,-2432
2418,74,5222,-488,731,-255,-2416
-2320,-424,9322,254,-271,20,-2384
3220,-166,6296,-24,113,-161,-2384
-3366,280,11086,79,58,-140,-2368
1726,1072,5344,-679,185,-196,-2400
142,-848,9330,809,-61,-235,-2368
-358,-2022,9620,-819,369,-71,-2416
470,694,7402,280,-103,-1,-2448
250,1892,9854,44,-567,-327,-2400
-196,-7302,13104,-53,877,-272,-2368
-3574,2840,7366,174,-812,125,-2384
6722,468,3248,130,473,-358,-2432
-1116,-826,8270,-360,491,-154,-2416
-904,426,10010,460,-837,88,-2384
608,-168,8468,-410,318,-65,-2432
2466,960,5976,-446,537,-312,-2416
-1736,-372,9126,381,-348,-51,-2384
2420,-300,6796,-96,169,-178,-2416
-1668,-390,9626,105,102,-119,-2432
3098,-404,4764,-712,232,-220,-2400
862,-3758,10974,940,-85,-245,-2416
166,914,7102,-990,457,-45,-2416
980,1258,4992,343,-134,-33,-2416
2376,2384,6932,239,-766,-345,-2400
2786,-6396,7762,-473,1198,-289,-2432
-1946,4530,5066,376,-876,116,-2416
6006,-154,6556,485,-162,-259,-2416
1942,926,6704,-1131,1411,-306,-2400
-3016,-972,10746,915,-1162,136,-2432
1474,-198,8974,-566,396,-38,-2400
2716,756,4216,-271,251,-305,-2400
-1958,-660,9030,367,-96,-101,-2416
768,-468,7914,67,-117,-110,-2448
602,-228,7106,-295,544,-167,-2400
1046,1754,5794,-231,-324,-194,-2432
1808,-4432,9816,513,294,-265,-2416
636,2594,5430,-942,432,-117,-2416
370,-354,8618,1023,-568,10,-2448
-570,2088,10032,-284,-399,-188,-2400
4630,-3886,3362,-1098,1324,-361,-2432
-3636,2276,7122,999,-1006,33,-2416
4826,412,8800,135,-421,-130,-2416
-394,-790,8044,-758,1276,-334,-2416
-3764,-1968,10958,550,-915,134,-2384
2834,712,5916,-467,224,-16,-2400
2050,956,6886,41,31,-254,-2432
434,-1176,8224,-145,429,-208,-2416
-4,-468,7624,107,-274,-30,-2416
1648,-152,6866,-325,566,-219,-2416
-1618,2840,8178,284,-645,-122,-2400
2870,-3038,6468,-457,707,-270,-2432
-92,3574,5636,95,-100,-182,-2448
-440,-2594,12266,652,-386,-45,-2384
112,1988,5306,-646,241,-66,-2448
5740,36,1684,-1022,785,-405,-2400
-4838,-1618,10996,1740,-966,-129,-2400
-664,3618,4908,-801,-256,49,-2416
6248,762,3766,-332,1081,-424,-2416
-4916,-2552,13286,100,-76,22,-2432
3672,1442,3648,-676,215,-9,-2400
708,722,8844,390,-207,-165,-2416
1816,-248,6028,-584,742,-264,-2416
-1248,-66,8310,176,-307,-35,-2448
2440,-500,7220,-144,283,-195,-2400
28,2154,6880,-194,-393,-201,-2416
-496,1736,7298,155,-25,-200,-2416
-662,-3296,11766,484,-300,-11,-2416
-1446,2176,7858,-472,137,-64,-2416
5770,-2984,1606,-1510,1131,-371,-2384
-3500,-5252,13944,2045,-1084,-123,-2400
-376,1132,7970,-714,-290,22,-2432
5468,2222,4186,-538,1142,-389,-2416
-4088,-2314,12552,581,-434,-8,-2416
1950,744,6858,-272,-235,66,-2432
388,452,7604,-47,17,-134,-2400
2320,112,5724,-436,635,-291,-2448
-2056,-488,9044,97,-173,-47,-2416
3044,-36,6092,-79,169,-155,-2416
-3386,270,11298,154,57,-160,-2432
1932,1734,4920,-809,280,-208,-2400
-146,-1722,10038,1071,-144,-263,-2384
-236,-1930,9236,-982,389,-58,-2416
578,516,7938,614,-290,-33,-2400
-452,1870,10538,-84,-560,-307,-2432
86,-7116,12462,-183,939,-260,-2432
-3530,2694,7228,183,-730,120,-2416
4718,286,9142,370,-114,-288,-2384
-648,-1166,8284,-786,1199,-298,-2432
-1016,-38,9518,635,-962,79,-2432
2474,1234,6520,-463,221,-28,-2384
1952,420,7116,-116,220,-292,-2416
-1550,-1308,9000,-145,287,-121,-2384
-40,-428,8238,157,-270,-87,-2432
1440,-788,7504,-224,554,-188,-2432
-1258,3096,7320,129,-674,-195,-2416
2604,-3838,7698,37,498,-337,-2416
132,3328,5122,-584,241,-147,-2416
-54,-2094,10894,922,-509,-46,-2384
-2892,1982,11730,-378,-62,-69,-2384
6494,142,524,-1695,1385,-403,-2400
-4820,-1068,10372,2101,-1373,-102,-2400
5406,270,8120,633,-62,-327,-2416
-2138,-2288,10148,-489,691,-159,-2400
2798,478,5978,-436,-79,23,-2400
500,200,8020,-106,104,-147,-2416
1672,-492,6334,-374,647,-281,-2416
-1782,-824,9216,185,-245,-24,-2416
2880,-4,6260,-109,219,-196,-2400
-2096,-194,10290,328,-208,-116,-2400
2982,-1192,5514,-739,315,-239,-2448
-338,1910,6980,649,-50,-237,-2416
-208,-494,8208,-408,148,-69,-2416
788,1924,5432,80,53,24,-2432
3542,1360,5428,-307,-255,-335,-2432
1336,-7300,10466,657,440,-236,-2416
-1740,3592,5716,-509,-425,130,-2416
7038,984,2800,265,97,-316,-2432
-3614,-1726,11590,-373,743,-229,-2432
-2164,-606,9228,234,-745,121,-2400
1768,1032,7160,-407,254,-71,-2416
2154,152,5972,-166,376,-304,-2416
-1434,-1328,8988,35,108,-70,-2400
1490,220,7382,117,-232,-102,-2400
-104,-1310,8544,-242,515,-200,-2416
-2486,2568,8422,-144,-470,-162,-2416
1832,-4298,9912,402,285,-284,-2416
390,2154,6066,-745,368,-146,-2432
-512,-2816,11696,924,-521,-14,-2416
-2230,1748,10062,-220,-247,-110,-2416
5014,-3634,2948,-1654,1517,-391,-2384
-3746,3096,6884,1858,-1368,-71,-2432
46,602,9712,-43,-539,-84,-2400
4722,1768,5048,-1226,1735,-421,-2432
-4234,-2240,11186,837,-794,84,-2384
2694,470,6804,-569,285,4,-2448
2142,954,6528,-30,164,-289,-2416
-6,-1326,8442,-136,355,-208,-2400
62,-270,8000,157,-323,-54,-2400
-3544,1388,10362,243,-190,-136,-2416
2134,-86,5562,-709,391,-279,-2448
-102,570,8084,414,13,-220,-2432
-654,-2724,10508,-60,-37,-50,-2432
-604,2106,6346,-184,117,-23,-2432
2450,2666,6854,-743,280,-405,-2416
-1854,-6852,14326,1647,-466,-171,-2416
-1280,2298,6948,-842,-327,95,-2416
6904,1688,2452,-251,862,-410,-2400
-2782,-2166,10762,129,136,-83,-2432
226,926,8860,131,-649,75,-2384
744,-38,7710,-207,147,-100,-2416
2508,124,5574,-409,626,-316,-2416
-2296,-1044,9132,211,-222,-51,-2368
3130,274,6104,-70,43,-118,-2432
722,-948,7640,-110,376,-188,-2416
-134,1896,6790,-370,-194,-164,-2416
968,-2498,10004,621,214,-293,-2400
20,-356,7754,-836,365,-71,-2432
106,-1062,9716,837,-442,-28,-2432
-1340,2852,10584,-86,-620,-220,-2384
1166,-7964,11102,-957,1370,-362,-2448
-4378,1894,7800,758,-978,60,-2432
3432,198,11236,505,-546,-226,-2432
600,-384,7920,-1218,1637,-342,-2384
-4798,-2400,12068,851,-1054,151,-2384
2828,762,6032,-509,190,-27,-2384
2384,798,7084,-71,228,-241,-2400
140,-856,8172,-162,352,-218,-2416
-346,-562,8240,168,-333,-17,-2416
2126,46,6636,-467,688,-209,-2416
-2534,2650,8404,349,-680,-121,-2416
2838,-2840,6642,-418,574,-300,-2400
212,3384,5268,-106,95,-225,-2400
-770,-3226,12066,566,-374,-11,-2384
294,2014,5318,-409,102,-22,-2384
6598,582,854,-1339,942,-386,-2400
-4872,-1816,11348,2144,-1032,-153,-2400
4872,596,9380,858,-555,-239,-2416
-5580,-2662,14504,623,-334,-22,-2416
2746,324,5992,-303,-275,58,-2416
1008,356,8004,-127,131,-131,-2416
1598,-450,6410,-336,615,-284,-2400
-2116,-638,9386,139,-234,-5,-2400
2494,214,6790,-92,210,-198,-2416
-1828,-900,10024,178,7,-130,-2416
2452,-206,5630,-635,174,-217,-2416
182,1082,7370,830,-47,-262,-2400
-824,-3012,11184,-195,33,-34,-2400
734,1578,5572,-179,121,3,-2416
2794,1816,6596,-412,6,-405,-2416
-2288,-6328,13966,852,264,-143,-2400
-2422,3698,6182,-508,-527,132,-2416
6544,532,5360,210,350,-336,-2416
-2740,-1996,10348,-369,615,-180,-2416
646,632,8612,470,-928,113,-2400
2124,1026,7410,-398,301,-56,-2400
2220,394,5724,-340,527,-312,-2432
-2056,-1082,9412,118,22,-51,-2416
1078,10,7846,-11,-73,-103,-2416
334,-1214,7978,-174,482,-181,-2432
552,1992,6038,-217,-443,-182,-2400
2076,-4454,9672,581,224,-299,-2448
612,2692,5352,-963,458,-130,-2416
336,-268,8094,839,-484,-23,-2416
-1516,2488,11386,20,-483,-141,-2432
6086,-2250,942,-1890,1758,-381,-2400
-4644,2138,7744,1826,-1465,1,-2416
3588,-258,12416,87,-490,-94,-2384
5572,2164,3774,-1275,1744,-414,-2416
-4786,-2582,12460,961,-993,120,-2432
3028,580,6172,-566,216,3,-2400
554,234,8082,-4,121,-187,-2384
456,-1082,8018,-309,536,-230,-2384
-598,-500,8098,174,-317,-16,-2400
-398,-758,8206,-178,403,-165,-2416
1918,676,5322,-381,-130,-205,-2400
216,-524,8880,831,-10,-282,-2416
398,1770,6090,-946,468,-78,-2416
512,744,7194,501,-209,-34,-2384
868,2372,8894,-31,-563,-292,-2368
3880,-5388,5320,-608,1175,-301,-2416
-3182,3316,6954,378,-870,122,-2416
5824,-60,7654,293,-106,-267,-2416
-1560,-1084,8864,-770,1164,-306,-2416
-3644,-1830,10736,644,-1014,135,-2400
2488,574,7180,-519,381,-27,-2400
2564,940,5392,-152,209,-295,-2384
-686,-1858,9236,109,215,-153,-2416
440,-230,7778,58,-307,-75,-2400
1326,-602,6704,-262,567,-206,-2400
-3474,1334,10296,269,-743,-204,-2416
2488,-3796,8152,-244,664,-298,-2448
346,3570,5074,-416,168,-166,-2384
-308,-1596,11026,776,-442,-7,-2400
-1106,2220,6868,-591,27,-88,-2400
6086,-1760,1440,-1191,978,-388,-2416
-4944,560,9554,1795,-1135,-107,-2416
-472,2554,6524,-559,-419,7,-2432
5650,1460,4370,-602,1249,-423,-2400
-4882,-2696,12682,398,-385,59,-2400
1662,1450,6448,-329,-133,27,-2448
170,-616,8640,179,-95,-171,-2416
1180,-786,7340,-591,766,-250,-2400
-762,-184,8098,317,-423,-22,-2400
2918,-388,6806,-117,270,-186,-2432
-3010,728,10462,199,-85,-104,-2416
2720,-2512,6382,-853,457,-244,-2384
154,-1462,9640,841,-143,-222,-2400
-230,-1688,9124,-582,248,-69,-2400
248,1914,5062,154,-6,23,-2416
-56,2338,9712,-167,-313,-365,-2384
-314,-7886,13394,592,508,-234,-2432
714,612,10058,73,-526,-98,-2400
3760,1412,6506,-1100,1615,-368,-2448
-3638,-1756,10626,697,-831,116,-2416
2610,132,7114,-476,209,-12,-2384
252,672,8340,73,13,-196,-2352
36,-1500,8862,-168,401,-268,-2416
16,-510,7694,89,-282,-36,-2400
2972,-186,6314,-298,442,-209,-2416
-3478,1028,10724,342,-570,-154,-2416
2648,-3318,7262,-640,702,-292,-2416
16,3410,5710,357,-125,-202,-2400
-502,-2806,10760,292,-185,-11,-2432
-504,2634,5788,-664,237,-46,-2432
5496,-1612,2240,-611,421,-400,-2416
-1756,-5518,13070,1354,-557,-121,-2416
-842,2834,6608,-497,-535,56,-2400
5628,514,4828,-375,1114,-404,-2400
-2582,-836,9554,-105,151,-38,-2384
848,848,8482,125,-527,25,-2400
126,-822,8556,-94,80,-133,-2400
1590,-238,6166,-581,709,-268,-2400
-2042,-1378,9880,419,-377,-41,-2416
2602,-394,6720,-223,265,-149,-2384
-2566,282,10120,127,102,-116,-2400
738,2150,6212,-714,149,-185,-2416
364,-2682,10450,1010,-125,-272,-2416
66,-938,8060,-871,352,-76,-2416
862,1872,4612,249,-77,-1,-2416
-1316,2804,10948,79,-652,-349,-2432
308,-8384,12936,-7,860,-223,-2432
-940,4360,4474,-124,-615,143,-2416
3798,-582,11662,626,-196,-286,-2416
228,-824,7396,-1062,1310,-282,-2432
-1210,676,8692,805,-1077,124,-2432
2864,322,6614,-418,274,-49,-2416
1980,1514,6380,-309,279,-290,-2384
-1382,-1734,8984,100,207,-135,-2416
1374,-364,7862,34,-215,-73,-2368
-3472,794,10960,234,-114,-112,-2448
3048,-2720,6662,-455,671,-272,-2400
-146,3370,5708,-55,19,-177,-2432
-294,-3134,11828,672,-424,-30,-2400
-18,2898,5194,-613,178,-29,-2448
5784,-1390,2054,-1197,1006,-412,-2416
-4384,-608,9630,1612,-962,-103,-2416
1248,532,10902,-190,-573,-14,-2416
6624,1104,2686,-721,1309,-411,-2432
-4462,-1414,12500,433,-426,15,-2432
2782,392,5978,-18,-360,46,-2416
724,306,7572,-235,152,-135,-2416
2160,-266,5510,-460,720,-258,-2448
-1848,-580,9312,244,-288,-18,-2400
2402,286,6534,-238,255,-165,-2416
-2058,-702,10254,320,-133,-103,-2416
3450,-740,4940,-858,371,-248,-2416
-530,1650,7224,968,-181,-258,-2400
192,46,7432,-757,309,-50,-2400
948,1984,5208,133,32,-14,-2432
2876,2000,6128,-4,-636,-295,-2448
2354,-7250,8666,86,838,-219,-2416
-1686,4144,5440,-127,-607,155,-2400
6298,602,5334,656,-230,-305,-2400
2082,352,6946,-976,1299,-264,-2416
-2472,-402,9350,622,-997,144,-2416
1706,280,8288,-331,180,-56,-2416
1964,134,6034,-335,375,-299,-2400
-872,-1102,8272,-44,220,-113,-2400
798,-514,8200,205,-310,-60,-2416
378,-974,7734,-276,569,-227,-2416
-2584,2698,8880,74,-628,-179,-2400
1698,-4676,10022,241,415,-325,-2400
492,2606,5502,-676,291,-176,-2416
-628,-3456,11856,1033,-560,-40,-2384
-1984,2368,8736,-500,-63,-95,-2384
4870,-3908,3286,-1374,1289,-382,-2432
-1352,3614,5468,-769,-372,143,-2416
7462,880,1666,-175,767,-402,-2432
-4394,-1858,12710,106,143,-131,-2400
1830,326,7338,52,-576,67,-2432
1352,760,7516,-319,235,-95,-2400
2114,188,5738,-358,594,-315,-2400
-2198,-904,9626,193,-176,-69,-2416
1968,256,7004,-84,88,-141,-2416
-844,-1164,9074,45,226,-140,-2400
2088,600,5576,-509,-47,-210,-2400
1504,-4034,10232,715,132,-274,-2416
328,1306,6620,-884,380,-84,-2416
652,1274,6880,627,-305,-25,-2416
712,1994,8962,34,-619,-271,-2432
3948,-4818,5082,-899,1312,-329,-2400
-2922,3174,6504,776,-1003,90,-2448
5284,394,7746,435,-481,-184,-2416
3242,798,6790,-965,1459,-345,-2416
-3730,-1870,10500,653,-957,142,-2432
2534,856,6874,-554,250,5,-2432
1060,-66,8652,60,97,-252,-2416
-520,-1332,8724,-137,330,-158,-2384
604,58,7602,221,-387,-37,-2400
1028,-660,7802,-305,565,-206,-2400
-3388,2030,9628,128,-554,-147,-2432
2306,-3966,8426,-309,544,-299,-2416
210,2886,5550,-228,158,-160,-2416
-822,-3114,11228,549,-349,-35,-2432
-1202,1960,7594,-354,48,-9,-2400
6322,-2122,1012,-1327,951,-444,-2448
-2862,-6344,14650,2111,-1141,-134,-2384
-978,1364,7812,-603,-386,30,-2416
6672,2170,2670,-862,1368,-435,-2400
-3866,-2756,12400,552,-319,5,-2416
1172,836,7750,-235,-289,56,-2448
890,372,7186,-120,98,-147,-2384
970,-900,7236,-335,651,-284,-2400
-2238,-736,9180,190,-302,-3,-2400
188,-1034,8106,-433,693,-209,-2432
-2750,2058,8764,-33,-509,-166,-2384
546,-1394,9484,707,-46,-271,-2432
-384,-1462,8936,-515,202,-52,-2432
278,2190,5494,266,-111,9,-2416
-184,2846,9908,-286,-295,-366,-2416
114,-7942,12608,485,551,-228,-2400
-1756,3414,5844,-474,-474,184,-2368
4712,756,9112,270,143,-355,-2416
-654,-1206,8746,-532,917,-253,-2416
-1670,456,10282,562,-981,123,-2448
1192,162,8136,-464,256,-76,-2400
2432,528,6424,-323,476,-313,-2400
-2142,-1600,9098,144,-14,-103,-2416
2364,392,6846,4,-171,-64,-2416
-1254,-1118,9334,-98,415,-157,-2400
-1848,2812,7848,-299,-321,-183,-2416
1496,-4192,10776,754,188,-298,-2416
478,1208,6250,-1059,499,-100,-2416
606,978,6324,1049,-585,-18,-2400
-2408,2954,10834,-123,-583,-225,-2432
3020,-6958,7354,-1119,1495,-359,-2432
-2228,4172,4936,519,-922,75,-2432
936,-252,12824,749,-716,-137,-2416
3300,542,6448,-1464,1831,-370,-2448
-3132,-984,9108,913,-1118,193,-2416
1930,272,8430,-335,96,3,-2400
1586,1184,7382,-254,314,-269,-2400
-960,-1060,8520,-118,378,-179,-2416
632,-552,8262,229,-396,-26,-2416
3078,106,5928,-499,681,-220,-2432
-3218,1954,9402,338,-655,-177,-2432
2012,-4170,9270,434,288,-286,-2432
424,3138,5798,-812,367,-144,-2400
298,-944,9154,937,-560,-31,-2384
-1598,1944,7996,-302,-257,-104,-2384
5562,-2794,2042,-1647,1494,-398,-2400
-1688,3984,5440,-857,-340,113,-2416
7182,916,2790,-342,1000,-392,-2416
-4032,-2084,12284,312,-131,-87,-2416
1582,516,7650,-32,-482,67,-2416
762,418,7428,-236,154,-116,-2384
782,-808,7172,-367,628,-275,-2432
-660,-908,8814,226,-325,-13,-2400
3308,254,5636,-302,400,-240,-2416
-3336,206,11084,396,-222,-98,-2416
2984,-2176,6200,-763,366,-247,-2384
334,-1370,9512,765,-134,-294,-2400
-410,-1930,9444,-449,145,-78,-2400
452,2052,4596,-132,81,-16,-2384
-462,1958,10576,63,-488,-407,-2384
4,-7704,12884,129,764,-214,-2400
-934,4074,4960,-310,-592,166,-2400
4578,36,10410,414,38,-312,-2416
-470,-1052,8028,-753,1031,-242,-2416
-1184,270,9296,620,-1024,157,-2416
904,70,8488,-494,352,-59,-2432
2180,828,6394,-364,461,-323,-2400
-1812,-1808,9204,133,100,-70,-2416
1922,114,7306,71,-227,-76,-2384
1632,-232,7186,-196,512,-199,-2400
-1050,2520,7250,-177,-419,-200,-2400
1244,-3582,10536,586,204,-303,-2400
482,3294,5382,-840,418,-134,-2384
-122,-1990,10294,842,-469,-21,-2416
-2708,2092,11420,-114,-349,-110,-2400
2836,-6636,7676,-1757,1611,-365,-2400
-4786,-510,9354,1602,-1308,-12,-2400
2432,252,11126,-20,-485,-77,-2416
1994,572,7560,-976,1577,-401,-2448
-2964,-950,10138,646,-975,143,-2400
3200,602,5450,-506,246,-27,-2416
1046,824,7820,-42,156,-283,-2416
-1076,-1806,9150,-150,397,-176,-2416
2702,-50,6514,-229,402,-205,-2416
-3068,1670,9670,338,-580,-141,-2400
694,-2470,10314,455,314,-318,-2400
360,2934,5756,-863,396,-101,-2400
90,-350,9504,854,-484,-6,-2432
-1386,1712,11098,-155,-403,-165,-2416
5674,-2376,1818,-1390,1476,-364,-2384
-4512,1262,8676,1432,-1270,0,-2400
4030,-196,10320,-27,-326,-138,-2432
4718,1372,5426,-843,1404,-361,-2416
-4498,-2812,12066,667,-843,135,-2416
3230,1244,5226,-674,344,-8,-2416
2000,1208,7192,269,-84,-238,-2400
626,-1134,8130,-322,540,-212,-2432
-288,-124,7666,190,-369,-40,-2448
1838,-340,7014,-164,391,-206,-2416
-3334,912,10604,270,-608,-140,-2416
2828,-3040,6926,-669,700,-297,-2400
106,3614,5496,199,-51,-235,-2432
-412,-2202,10128,186,-119,-39,-2416
22,1958,5304,-494,246,-14,-2416
6290,420,1184,-728,346,-394,-2400
-4830,-2086,11426,1746,-626,-123,-2400
-922,3644,4662,-960,-233,62,-2400
6716,1216,2612,-100,778,-443,-2416
-4816,-2444,13394,39,89,-29,-2384
20,1210,8174,18,-521,49,-2400
240,-464,9074,23,45,-111,-2400
2096,-338,5958,-602,696,-272,-2384
-1720,-1448,9024,334,-271,-94,-2448
2156,-390,7458,17,33,-126,-2416
-1808,-222,9518,-114,299,-144,-2400
-370,2542,6916,-507,-59,-204,-2384
-580,1140,7478,906,-157,-250,-2416
260,94,7022,-694,277,-70,-2416
780,2124,4908,82,-36,-38,-2416
3676,528,6034,-210,-204,-384,-2368
-4146,1074,8120,629,-893,57,-2416
3858,820,9612,127,-102,-239,-2400
-3344,-1050,10604,-59,132,-51,-2384
1624,616,7376,230,-604,49,-2416
104,-414,8412,-303,204,-145,-2400
2458,498,4444,-460,633,-284,-2432
-2228,-822,10008,403,-295,-87,-2384
2902,-134,6482,-226,176,-153,-2416
-122,-1042,8116,21,210,-147,-2400
1922,1422,5308,-630,63,-219,-2400
-146,-1692,10008,977,-28,-301,-2432
566,2574,5798,-1011,417,-67,-2384
652,628,7252,648,-363,-29,-2416
-342,1730,10368,89,-621,-292,-2432
4442,-3780,3278,-1034,1381,-299,-2384
-3452,2806,7108,686,-988,95,-2384
5064,-160,9120,226,-131,-229,-2416
-952,-960,7886,-919,1380,-307,-2400
-3778,-2484,11576,883,-1144,153,-2432
2734,828,6534,-564,389,-38,-2384
2210,1310,5464,-292,318,-323,-2448
-1838,-1832,9706,193,73,-125,-2432
1818,-274,7568,-148,-72,-77,-2400
1364,-328,7070,-167,489,-169,-2400
-1160,2580,8032,-27,-576,-208,-2448
1194,-4156,10754,263,444,-258,-2416
62,3264,5574,-595,223,-124,-2400
-124,-2358,11170,1046,-583,-27,-2400
-2124,2900,10636,-434,-168,-113,-2448
5938,-1900,1524,-1476,1448,-376,-2384
-4576,912,8618,1372,-1114,-34,-2416
2266,120,11782,84,-571,-83,-2432
1610,60,7844,-1100,1570,-391,-2400
-4654,-1784,12714,779,-825,73,-2400
2824,224,6124,-258,-34,-10,-2416
1194,916,7958,-98,54,-209,-2416
1672,-528,6474,-372,593,-281,-2416
2854,150,6216,-167,202,-165,-2448
-2620,-214,10684,337,-139,-113,-2400
3426,-1286,5394,-860,427,-267,-2432
-562,2140,6614,851,-182,-250,-2432
-24,-832,8132,-525,182,-24,-2400
734,2606,4664,68,43,-46,-2384
4254,1022,4370,-220,-310,-344,-2416
1186,-7538,10798,668,408,-216,-2416
-1472,3652,5466,-452,-462,151,-2400
6966,696,3116,384,163,-367,-2432
756,-576,7480,-621,897,-233,-2384
-1900,-168,9802,494,-926,122,-2384
1354,270,8248,-435,269,-104,-2432
1982,214,5610,-367,434,-311,-2400
-1502,-1432,8860,43,151,-104,-2416
1572,-32,7260,65,-179,-74,-2384
-484,-986,8568,-128,441,-198,-2384
-1846,2860,7814,-166,-454,-194,-2400
1388,-4326,10558,567,241,-295,-2400
366,1860,6472,-859,388,-124,-2384
-432,-2502,11608,941,-548,-28,-2416
-2626,1668,10728,-245,-221,-136,-2400
4018,-5208,4722,-1730,1599,-374,-2400
-4734,-2312,11542,1810,-1386,-75,-2416
772,298,10584,57,-565,-93,-2384
3526,1386,6582,-1123,1619,-405,-2416
-3138,-1528,9872,795,-780,95,-2400
2772,678,6126,-412,53,-9,-2432
624,542,8118,-87,152,-131,-2352
-106,-1200,7974,-401,603,-256,-2416
-1854,-764,9024,222,-365,-29,-2416
2848,-124,6280,-256,350,-216,-2400
-3092,1106,9998,321,-365,-158,-2400
2626,-272,5478,-647,453,-279,-2416
-258,728,7948,408,-3,-241,-2416
-412,-2704,10448,-219,53,-70,-2400
-812,2518,6346,-233,198,-14,-2400
2582,1590,6634,-526,116,-398,-2400
-2178,3582,5830,799,-971,53,-2400
1930,462,11536,457,-467,-223,-2416
1888,-72,7720,-724,1162,-320,-2416
-2940,-1164,9968,501,-920,136,-2384
2062,812,7382,-500,314,-61,-2384
2246,230,5782,-128,287,-305,-2400
-1208,-1274,9158,45,135,-109,-2400
1200,-130,7404,167,-330,-66,-2384
228,-1078,8074,-272,558,-190,-2384
-3106,2306,9046,-2,-562,-148,-2384
2086,-4436,9246,79,508,-285,-2400
360,2848,5842,-622,308,-157,-2400
-706,-3032,11910,867,-527,-29,-2416
-1826,1670,8934,-348,-69,-61,-2384
5718,-2774,1524,-1617,1340,-404,-2432
-4264,2426,7506,2025,-1390,-91,-2400
-414,1222,8568,-450,-401,1,-2416
5536,2034,4042,-1085,1567,-430,-2384
-4550,-2392,11742,780,-641,52,-2416
2188,1198,5976,-456,-29,41,-2400
726,282,7772,45,14,-177,-2432
500,-1148,8250,-375,631,-299,-2416
-1960,-494,9092,199,-308,-15,-2384
3398,-38,6044,-223,351,-214,-2384
-3432,684,10766,229,-118,-105,-2400
1672,642,5560,-710,330,-242,-2384
262,-504,8724,670,-46,-243,-2416
-562,-2304,9786,-467,171,-30,-2416
-154,2500,5850,234,-69,-43,-2400
1214,3030,8392,-460,-178,-408,-2400
-1014,-7676,14020,859,376,-225,-2384
-1628,2868,6544,-677,-374,147,-2416
5700,1026,6820,20,480,-331,-2416
-1886,-1966,9592,-311,718,-227,-2432
-588,354,9432,298,-816,127,-2432
2196,934,7178,-318,173,-88,-2416
2498,196,6206,-230,431,-331,-2416
-2108,-1234,9110,75,38,-89,-2432
3146,-60,6018,-415,504,-216,-2416
-3566,1428,9962,370,-515,-121,-2416
2640,-3640,7978,123,469,-299,-2384
116,3094,5636,-717,290,-142,-2400
-64,-2064,10572,1027,-585,-29,-2416
-2014,2902,10900,-276,-341,-109,-2416
6324,-1904,1284,-1563,1497,-404,-2400
-4554,1102,8472,1484,-1151,-52,-2432
2008,436,12396,193,-675,-24,-2432
6606,2196,2932,-1287,1752,-410,-2416
-5066,-2480,12634,880,-829,125,-2416
2958,634,5610,-383,-43,65,-2432
1830,832,7596,-41,131,-214,-2400
668,-566,7454,-297,505,-218,-2384
-1094,-792,9004,219,-365,-46,-2416
2650,-2,6414,-435,550,-225,-2448
-3186,176,11010,450,-446,-121,-2432
2716,-2112,6630,-707,508,-263,-2432
204,2950,5346,502,-43,-211,-2384
-348,-1860,8990,-74,-24,-58,-2384
442,1658,5288,-233,213,30,-2416
5882,1544,1650,-718,180,-402,-2400
-172,-8958,13840,1383,-7,-181,-2416
-928,3820,4466,-1176,-115,165,-2416
7780,1708,660,163,464,-357,-2416
-4952,-2612,14154,-170,513,-210,-2400
-1238,662,8042,36,-602,100,-2432
1250,606,8154,-107,141,-83,-2416
1926,-496,6336,-358,537,-329,-2384
-1576,-1108,8450,-7,-4,-56,-2384
1854,28,7346,174,-190,-100,-2400
-978,-1226,9322,-249,496,-176,-2400
-1822,2598,7682,-203,-371,-182,-2384
1672,-4128,10306,839,63,-287,-2416
344,1352,6502,-946,435,-102,-2416
772,1376,6312,630,-324,-28,-2416
848,1840,9126,7,-568,-267,-2400
-4722,-2024,11142,1625,-660,-125,-2384
1310,792,9798,-554,-474,9,-2400
7246,706,2424,-676,1331,-451,-2416
-4924,-1832,13060,443,-438,66,-2384
2980,1120,5434,-189,-217,-2,-2416
908,36,8664,-152,155,-155,-2400
1746,-44,5406,-509,703,-267,-2400
-1934,-496,9632,342,-376,-27,-2416
3068,-258,6436,-309,364,-196,-2416
-1758,-554,9796,344,-235,-127,-2384
2810,-962,5564,-737,319,-236,-2432
-24,1594,6762,698,-100,-246,-2400
126,-322,7616,-510,178,-81,-2416
1148,1532,4606,-193,203,-17,-2416
2778,3250,5916,203,-666,-335,-2400
-2686,-7600,15858,218,689,-251,-2400
-1968,4856,5554,-498,-515,179,-2400
6328,4,6392,626,-43,-343,-2416
-3250,-2282,11014,-792,1035,-228,-2416
-2610,-944,9626,625,-997,134,-2400
1872,218,8174,-358,283,-70,-2400
2244,596,5554,-358,389,-319,-2384
-1114,-1726,9058,133,109,-139,-2352
956,-480,8006,91,-228,-78,-2416
502,-436,7422,-293,575,-192,-2400
-2926,1732,9474,107,-602,-198,-2416
2108,-4062,9348,268,402,-299,-2416
220,2698,5998,-764,399,-153,-2384
336,-280,8570,828,-453,11,-2400
-1032,2080,10732,-50,-541,-202,-2432
5376,-3224,2398,-1255,1407,-342,-2384
-4206,1752,7810,1073,-1123,44,-2416
4578,170,10068,125,-338,-187,-2400
-52,-262,7974,-835,1412,-335,-2400
-4106,-2202,11438,582,-874,156,-2400
3144,864,5624,-587,305,12,-2384
2076,798,6916,75,40,-235,-2416
168,-1448,8402,-219,467,-219,-2400
3162,-150,6506,-34,78,-155,-2400
-3694,872,11116,409,-706,-129,-2384
2936,-2880,6860,-649,729,-308,-2416
44,3474,5286,0,31,-213,-2416
-590,-2830,11928,607,-337,-17,-2416
14,1996,5220,-637,274,-29,-2400
6068,22,1516,-970,740,-407,-2400
-4802,-1914,11408,1764,-806,-99,-2416
-876,3782,4930,-810,-349,47,-2384
6720,1000,3038,-283,1030,-414,-2400
-4968,-2434,13120,105,-56,15,-2400
196,1044,8384,-79,-457,52,-2384
172,-698,8942,44,47,-133,-2384
1832,-164,5820,-630,747,-295,-2384
-1548,-224,8618,396,-356,-85,-2400
2272,-504,7152,-43,127,-201,-2400
-1884,68,9624,27,142,-164,-2416
2962,-1006,5392,-767,496,-260,-2416
-310,1736,6994,667,-110,-232,-2400
118,0,7562,-554,233,-49,-2448
668,1548,5186,-8,74,-1,-2416
3990,1282,4802,-416,-69,-382,-2416
-3106,-4972,13330,955,209,-210,-2400
-1670,3824,5356,-687,-438,137,-2400
6766,374,3380,44,609,-375,-2400
-3520,-1320,11238,-350,569,-179,-2416
-1962,-180,10008,332,-751,83,-2384
1366,-156,8262,-299,292,-70,-2400
2578,284,4438,-433,476,-290,-2400
-1260,-2026,9218,314,-51,-132,-2416
1084,-200,7802,21,-83,-93,-2416
-58,-608,7926,-271,503,-153,-2416
1822,1570,5266,-173,-376,-149,-2400
1536,-4778,10158,518,326,-276,-2432
526,2454,5680,-826,326,-63,-2448
554,788,7216,1075,-636,-20,-2384
-1874,1490,9586,-349,-255,-192,-2400
102,-6910,12100,1004,-45,-151,-2416
-1348,4034,5590,-694,-427,64,-2400
6524,-4,3814,-245,964,-429,-2416
-4530,-1788,12548,-15,18,-5,-2416
3146,1282,4802,80,-482,71,-2384
744,-604,8574,-108,100,-127,-2368
2124,486,5072,-606,728,-237,-2432
-1630,-424,9142,414,-329,-61,-2416
2188,76,6814,-258,260,-149,-2384
-1494,-154,9262,83,150,-111,-2400
2948,-870,5162,-674,229,-218,-2400
948,-3770,10608,921,-72,-230,-2384
202,614,7078,-829,339,-74,-2384
872,1300,5164,315,-132,5,-2416
2966,2844,5860,111,-704,-310,-2432
2134,-7380,9418,-199,979,-228,-2432
-1622,4502,4974,36,-688,140,-2384
6298,130,5396,624,-185,-304,-2416
1536,506,7422,-927,1203,-218,-2416
-2412,-626,9728,755,-1062,106,-2400
1556,-148,8824,-399,284,-40,-2432
1048,1304,7744,-226,180,-280,-2448
-644,-1844,8718,39,268,-163,-2416
632,-342,8082,35,-233,-71,-2400
518,-512,7490,-329,568,-192,-2400
-2940,2098,9758,208,-658,-160,-2400
2122,-4382,9392,-133,593,-348,-2416
364,2718,5590,-383,126,-193,-2416
-476,-3268,12074,823,-446,-48,-2400
-1588,2340,8074,-643,94,-71,-2400
4736,-3470,3052,-1223,1051,-383,-2416
-3468,-3592,12212,1539,-957,-74,-2416
20,1430,8368,-350,-500,13,-2400
4230,1112,6308,-647,1241,-465,-2432
-3924,-1358,11770,312,-349,57,-2416
1988,490,6990,-24,-312,14,-2416
400,-12,8456,-173,119,-149,-2416
710,-638,7148,-476,693,-280,-2400
1758,240,6944,65,-181,-70,-2448
-722,-1012,8804,-96,431,-165,-2400
2808,-3202,7170,-761,486,-270,-2368
-246,-274,8954,648,-151,-236,-2400
-396,-2330,10036,-247,63,-32,-2400
-100,1976,5460,-243,214,-34,-2416
134,2710,9550,-220,-274,-389,-2384
-942,-8314,14714,1098,154,-222,-2416
-662,3594,4778,-781,-330,165,-2400
4954,126,9644,512,82,-365,-2384
-1400,-1942,9266,-553,764,-205,-2416
-232,1150,8260,298,-768,131,-2384
652,-54,8248,-296,222,-92,-2400
2036,740,6280,-417,466,-294,-2432
-1628,-1092,8950,132,6,-74,-2400
2256,-280,7038,147,-198,-85,-2384
1378,-376,6868,-206,453,-208,-2384
-360,2480,6592,-241,-343,-209,-2400
922,-3202,10454,662,183,-264,-2400
274,3112,5198,-902,428,-139,-2384
254,-1770,9958,922,-457,-30,-2416
-2246,3012,10926,-189,-475,-142,-2416
1690,-7634,10008,-1350,1447,-392,-2400
-4292,1702,7984,1022,-1009,-9,-2400
1790,-28,12712,547,-830,-101,-2416
1702,-718,7916,-1334,1737,-392,-2416
-4470,-1412,11746,730,-774,95,-2400
2542,288,6626,-183,11,-4,-2400
1584,512,7836,-210,254,-178,-2400
1180,-618,6498,-283,491,-249,-2416
-1376,-984,9584,348,-436,-65,-2384
2616,-150,6368,-439,522,-195,-2400
-2718,-158,10744,424,-450,-130,-2384
1978,-4332,9344,-342,587,-277,-2416
-406,2288,6084,-221,127,-150,-2416
-490,-3394,11580,690,-346,-49,-2416
-2056,2292,8860,-540,152,-4,-2432
786,-7822,11528,-200,1007,-294,-2416
-1392,3794,4966,-273,-554,157,-2400
7708,1036,2038,380,41,-304,-2432
-54,-1230,8334,-616,963,-225,-2400
-1742,236,10018,481,-888,130,-2432
1282,176,8326,-426,274,-63,-2432
2004,664,7102,-273,390,-334,-2384
-1760,-1728,9098,160,-13,-96,-2416
1988,208,6792,-24,-127,-88,-2416
-822,-804,8974,-166,455,-232,-2400
-1956,2764,7968,-249,-388,-179,-2400
1690,-3978,10004,408,358,-342,-2416
80,1330,6862,-800,360,-103,-2384
-444,-2718,11344,966,-529,-37,-2400
-2322,2938,10216,-126,-482,-165,-2368
3082,-6742,7310,-1463,1507,-384,-2400
-4732,-4,9972,1327,-1130,-24,-2416
752,-310,12590,491,-828,-101,-2416
2942,548,7130,-1469,1852,-413,-2464
-5226,-1908,13380,854,-786,126,-2416
2732,132,6104,-296,14,5,-2384
1286,1046,7682,-122,151,-163,-2416
-710,-1314,8682,-216,463,-240,-2416
-1844,-590,9370,229,-369,18,-2400
3306,266,5670,-439,537,-208,-2400
-3402,1504,9860,420,-436,-116,-2384
2928,-656,5126,-744,605,-246,-2416
-326,1408,7428,524,-61,-250,-2432
-660,-3084,11512,-127,-17,-15,-2400
572,1958,5742,-108,67,12,-2416
3966,1446,5254,-693,243,-393,-2416
-2858,-5246,13390,1412,-268,-160,-2384
-850,1198,7982,-763,-360,109,-2432
7056,908,3038,-186,791,-352,-2432
-3694,-1856,11598,-123,420,-159,-2416
1472,1020,7432,292,-751,81,-2416
1776,430,8084,-304,231,-119,-2368
2346,244,5106,-420,612,-305,-2400
-672,-526,8442,183,-350,-33,-2416
2228,-294,6910,-370,646,-192,-2400
-2680,2626,8636,233,-639,-143,-2432
1778,-4520,9950,-229,524,-277,-2432
76,2944,5630,-245,118,-200,-2400
-736,-3188,12072,725,-440,-30,-2400
-2304,2108,9684,-331,49,-23,-2416
6250,1452,1270,-1686,1281,-436,-2384
-4642,-3208,12666,2174,-1292,-84,-2416
-274,-200,10422,-713,-273,43,-2400
7730,1774,566,-730,1258,-420,-2384
-5210,-2858,14478,809,-554,-51,-2384
2320,494,6486,-350,-196,48,-2416
1258,1132,7168,-128,86,-142,-2400
1822,-272,6634,-323,620,-291,-2400
-2170,-778,9244,111,-181,14,-2400
3338,440,5488,-168,243,-192,-2416
-1420,-1062,9570,248,-67,-119,-2384
2150,26,5374,-633,195,-209,-2400
98,706,8214,809,-89,-266,-2432
138,1014,7138,-740,280,-56,-2416
718,1148,6478,331,-104,-28,-2416
2042,2180,7578,-194,-405,-340,-2416
-1438,-6884,13766,12,873,-264,-2400
-2586,3444,6270,-229,-592,173,-2400
6008,820,6524,429,-102,-303,-2416
-2218,-1816,9946,-684,1077,-269,-2384
-3256,-1584,9636,529,-951,139,-2464
2324,1018,7272,-423,256,-67,-2432
2222,218,6050,-208,309,-283,-2400
-1012,-1418,8774,-17,208,-148,-2416
786,-400,7826,140,-285,-87,-2416
1004,-522,7244,-375,616,-203,-2400
-3392,1706,10106,265,-715,-162,-2384
2368,-4150,8562,-10,478,-305,-2416
486,3294,5408,-565,292,-178,-2416
-24,-1084,9594,965,-592,-24,-2416
-1154,1248,7616,-462,47,-62,-2400
2354,-6900,8708,-113,887,-240,-2448
-414,2722,5586,-926,-276,47,-2384
6750,1702,2530,-523,1164,-473,-2384
-5234,-2596,13346,520,-431,7,-2416
1284,1182,7230,-290,-204,37,-2416
556,14,8264,-124,144,-153,-2400
1004,-870,6746,-444,661,-241,-2400
-1850,-1266,9100,258,-302,-40,-2384
2950,2,6322,-118,218,-163,-2416
-2768,450,10494,209,-23,-115,-2400
2810,-1970,6334,-648,220,-247,-2432
780,-1576,9528,669,-21,-280,-2400
-436,-1566,9038,-685,287,-79,-2384
530,1888,5028,126,31,-29,-2384
-764,2416,10214,-24,-561,-326,-2432
232,-7872,12556,188,719,-241,-2432
-1488,3822,5836,-211,-647,151,-2432
4856,374,9964,260,108,-314,-2384
-474,-742,8542,-578,918,-243,-2416
-1718,-24,10038,541,-982,154,-2400
3114,596,5828,-536,400,-41,-2416
1898,832,6844,-190,268,-299,-2416
-1910,-2044,9554,164,129,-127,-2416
1870,214,7522,43,-259,-39,-2400
1710,258,6982,-255,571,-219,-2432
-2038,2342,8550,101,-604,-165,-2432
1564,-4320,10280,-21,569,-284,-2384
-214,2994,5934,-570,235,-139,-2384
-376,-2410,11630,853,-488,-34,-2432
-2402,1286,10766,-409,-33,-98,-2400
5960,480,1414,-1424,1193,-377,-2416
-4666,-2570,11494,1870,-1249,-59,-2416
1658,730,9588,-462,-308,-62,-2416
3014,1566,6260,-606,1287,-430,-2400
-4686,-2310,12878,467,-497,60,-2432
3302,1534,4192,-457,17,16,-2384
802,484,8852,206,-83,-144,-2384
-2082,-1542,9494,375,-177,-107,-2416
2354,-462,7154,-91,62,-148,-2384
-1918,-128,9488,-48,271,-140,-2416
