AcX,AcY,AcZ,GyX,GyY,GyZ,Tmp
-1642,2314,6900,-51,193,-308,-3200
3456,5426,4522,-121,561,-273,-3216
-1470,-2792,11204,451,-55,74,-3200
1528,-316,6908,-697,-96,-64,-3248
138,-1930,7208,184,318,-240,-3232
-664,-2216,8924,-77,96,-155,-3232
3512,1452,7946,121,538,-413,-3200
-3382,-2602,8768,-814,-84,-220,-3216
12,-4108,8108,338,-139,-145,-3216
3640,-1336,6690,-308,780,-438,-3200
-5294,-1420,8468,339,-486,224,-3200
2048,-2076,9038,741,-433,47,-3248
-716,5350,6472,-787,441,-310,-3216
-1128,-254,10620,607,-624,163,-3216
5736,2832,7450,-746,364,-549,-3200
-2790,4434,5366,-115,187,-286,-3200
1532,-8294,11330,449,-76,-24,-3184
3212,6626,5074,-422,470,-229,-3232
-1730,-148,9462,351,-177,116,-3200
1446,-3738,8348,-362,78,-73,-3232
26,4222,7242,-61,319,-253,-3216
-354,-2940,9862,121,-6,-142,-3184
2520,3196,7092,-97,509,-429,-3200
-2540,-4006,9336,-569,-161,-170,-3200
804,-3348,8032,297,1,-212,-3216
2476,-2394,7630,-255,665,-370,-3216
-5042,-302,7398,318,-747,395,-3232
3578,-2548,8514,772,91,-179,-3232
-2522,3074,9258,-846,272,-198,-3216
-366,5008,7292,357,-729,106,-3216
5630,-1116,7912,-398,516,-622,-3200
-3802,6580,4496,-381,53,-182,-3200
2888,-6186,11014,692,116,-53,-3232
-1226,-798,8006,-404,277,-186,-3216
-2414,2628,7066,43,-278,168,-3184
2268,-5112,9572,-56,311,-120,-3232
-846,3242,7364,-324,206,-170,-3232
-226,-1714,9206,166,-133,-157,-3216
1266,5426,5912,-467,521,-433,-3216
-1420,-5834,10138,-298,-195,-94,-3200
4856,3054,4102,-310,325,-360,-3216
-3970,-2684,8550,170,216,-62,-3248
-3978,-1714,8080,499,-850,352,-3200
5626,7448,6304,-315,610,-411,-3200
-6370,-7624,12628,389,-622,132,-3232
5384,4386,6638,-883,-157,-249,-3216
2120,-8340,11426,566,832,-558,-3216
-2204,-492,7996,-576,-529,99,-3200
3358,6518,4406,225,442,-216,-3232
-1888,-3012,9580,238,196,-33,-3216
1392,5918,6678,-683,-103,121,-3184
-202,-986,6912,272,276,-220,-3232
-1678,1338,7026,-277,-26,-130,-3200
2926,32,7464,307,404,-302,-3216
-1928,2932,8050,-1000,210,-264,-3248
-352,-5334,9602,338,-295,-101,-3232
4690,1330,4208,-432,577,-463,-3232
-4824,-2586,9394,306,-5,82,-3184
3278,-2630,8778,690,-677,229,-3216
3602,8844,4942,-660,565,-392,-3184
-4336,-7124,12646,710,-613,203,-3232
5560,72,7764,-1024,179,-379,-3200
474,-2084,9706,321,463,-458,-3248
-984,-6060,8766,0,-307,20,-3216
2578,7214,5710,-194,554,-242,-3232
-1034,-4318,11412,511,76,83,-3200
1098,3090,6624,-698,-164,25,-3216
-196,1024,6550,228,255,-229,-3184
-1376,-1412,7546,-121,116,-147,-3232
3792,1166,8472,148,521,-369,-3232
-2948,-896,8334,-890,-74,-249,-3216
1928,-1640,7642,367,-152,-169,-3184
3972,-652,5546,-355,751,-448,-3232
-5136,-1750,9374,385,-422,219,-3232
4930,-1882,8434,788,-361,-23,-3200
994,7960,5074,-836,443,-334,-3216
1004,7856,5054,-710,-313,-182,-3200
-3858,6708,5548,-579,-28,-99,-3184
3158,-2806,8902,476,283,-197,-3232
-1448,-2974,9142,253,242,-42,-3216
876,6196,6898,-689,-111,98,-3216
184,-980,6920,278,229,-190,-3232
-1246,1468,6996,-249,-4,-125,-3200
2166,110,7328,268,288,-367,-3216
-1392,3270,7970,-951,270,-301,-3184
-538,-5902,9928,304,-254,-50,-3232
4810,1682,4008,-410,531,-427,-3200
-4768,-2310,9168,341,12,47,-3216
3106,-3510,9556,652,-677,210,-3184
4114,9590,5042,-617,552,-455,-3232
-4594,-8060,12934,720,-632,171,-3232
5806,914,7536,-1109,178,-446,-3200
686,-3210,10142,417,548,-446,-3184
-1322,-5382,8720,-55,-358,58,-3216
2906,7432,5448,-307,545,-215,-3232
-2394,1310,8020,450,-75,121,-3200
1500,3540,6914,-541,-36,-22,-3232
-398,540,6504,95,300,-216,-3216
42,-1964,9368,-18,41,-95,-3216
4178,-82,8360,118,590,-422,-3232
-2888,122,8428,-748,-152,-193,-3200
1528,-1310,7350,350,-86,-156,-3248
4160,-770,5508,-290,759,-419,-3200
-5298,-858,9052,275,-603,323,-3200
4978,-1786,8662,817,-94,-102,-3232
-4238,674,10756,-849,364,-244,-3184
-2366,-3304,11574,447,-717,129,-3216
5060,-5324,8208,-358,510,-637,-3216
-3792,6794,5954,-308,96,-217,-3200
548,-8914,10930,690,45,-64,-3232
776,5256,6560,-473,277,-179,-3216
-1702,5168,5628,202,-216,114,-3216
1260,-996,7118,-224,255,-107,-3232
156,3452,7276,-202,223,-203,-3200
-172,-2792,8474,124,-46,-201,-3216
324,7638,5460,-722,485,-393,-3216
-548,-5246,9682,-2,-197,-58,-3216
3430,1298,6394,-165,289,-333,-3232
-1140,-3344,8000,102,361,-177,-3264
-2444,-1832,8926,449,-931,385,-3216
6196,-78,8586,164,562,-387,-3232
-6122,-2244,11912,-172,-466,59,-3232
2696,8094,4446,-591,-363,-120,-3200
1044,-4262,10478,515,930,-621,-3216
-3348,5656,7048,-652,-463,34,-3200
3234,1284,5742,377,360,-218,-3232
-1168,-4000,11072,239,239,-62,-3200
1284,3928,6716,-645,-121,74,-3216
1524,-3838,9382,249,256,-242,-3216
-1446,-204,7064,-314,-32,-163,-3200
3624,148,8346,303,355,-274,-3200
-12,7314,6358,-944,320,-338,-3216
-344,-5116,9018,332,-304,-62,-3216
4270,186,4850,-398,487,-444,-3232
-3100,-3730,8382,344,37,35,-3200
-40,-3886,10348,579,-731,199,-3216
2124,9056,4454,-630,527,-435,-3216
-6560,-6282,12414,633,-599,185,-3232
4542,6776,5526,-1093,85,-348,-3232
-710,1144,7822,481,606,-466,-3200
-286,-8074,9964,-240,-459,76,-3216
3542,4670,4406,-63,527,-263,-3184
-1240,-3290,11236,430,137,27,-3232
1506,584,6936,-714,-166,7,-3232
630,-2022,7710,203,257,-224,-3216
-1082,-2190,8516,-138,17,-144,-3216
3932,594,8464,266,519,-365,-3200
-1118,5590,7348,-966,34,-220,-3200
-142,-4556,8516,421,-221,-91,-3216
3890,-1468,6484,-401,694,-462,-3216
-4092,-2802,8928,348,-201,187,-3232
5374,8648,5944,239,588,-331,-3216
-6064,-8236,12578,721,-640,200,-3216
5490,3486,6920,-1051,216,-406,-3216
-2362,5368,5340,251,415,-384,-3248
-2036,-1732,8204,61,-347,25,-3232
3142,7090,4476,-289,502,-192,-3200
-1430,-1608,10108,528,40,67,-3184
1520,-2432,7708,-693,-68,-37,-3216
-298,-1004,6824,196,252,-220,-3232
-344,-2502,9328,-95,103,-125,-3200
2712,2766,7374,158,555,-375,-3264
-2076,2816,7880,-826,-97,-215,-3248
532,-3202,7864,372,-156,-164,-3216
2792,-2282,7562,-346,726,-423,-3200
-4534,-2672,9604,307,-463,258,-3232
3358,-2724,8942,814,-372,-21,-3216
-1946,3594,8234,-848,453,-284,-3216
-4538,-7516,12560,707,-581,163,-3232
5572,382,7712,-749,326,-540,-3232
-3262,5858,4644,33,231,-304,-3216
-1266,-5674,8646,378,-121,-26,-3168
2650,7348,5764,-429,395,-249,-3200
-1852,2026,7402,342,-149,53,-3232
1566,-5212,9612,-477,36,-27,-3216
-82,1264,6368,-99,316,-212,-3248
-86,-2954,9762,101,72,-174,-3200
1540,4844,6124,-85,454,-407,-3232
-2836,106,8000,-547,-159,-158,-3232
1748,-2124,7968,280,50,-219,-3216
1274,-3284,8086,-219,683,-406,-3216
-4938,-1438,9440,327,-737,352,-3200
4500,-2640,8526,779,78,-178,-3200
-3852,1370,10624,-858,282,-221,-3216
-2772,-4918,12274,473,-679,145,-3200
5140,-4306,8108,-363,489,-614,-3200
-3770,7098,5092,-395,35,-185,-3232
3024,-3468,9446,715,44,-32,-3216
1800,6160,6494,-445,255,-200,-3184
854,6910,6586,-747,-152,73,-3200
276,2814,7090,-30,343,-214,-3184
-1016,-2940,9316,41,66,-170,-3200
3582,1638,8028,-123,482,-398,-3216
-3090,-2528,8620,-587,-160,-164,-3232
3330,626,6796,266,1,-259,-3200
3394,-1670,6848,-258,715,-393,-3216
-5198,-392,8170,277,-775,356,-3216
5870,-170,8248,813,23,-184,-3232
-820,5296,6780,-820,199,-220,-3200
-934,1312,9750,389,-628,102,-3216
4026,-9174,9334,-208,553,-619,-3216
-2782,5864,4806,-380,70,-191,-3200
1822,-8114,11370,724,97,-27,-3200
-514,1690,7620,-474,286,-164,-3216
-840,6994,5426,95,-248,67,-3184
1548,-3968,8384,-189,266,-107,-3200
-72,3950,7412,-240,161,-205,-3200
232,-2306,7282,181,-87,-221,-3216
2028,4306,6668,-460,502,-435,-3216
-1998,-5040,9572,-288,-171,-57,-3200
4480,2600,5272,-14,194,-283,-3232
1536,-2996,8172,-68,451,-246,-3200
-4676,-1416,7694,398,-888,382,-3216
6040,4594,7608,359,450,-284,-3216
-3332,1706,10188,-472,-205,-49,-3200
170,6754,6074,-277,-620,-47,-3200
2930,-9754,11048,285,819,-617,-3216
-3576,6846,5052,-692,-116,-52,-3232
2914,-4352,9962,728,194,-128,-3232
-1302,-2168,8532,-162,149,-133,-3200
640,7220,6394,-299,-80,128,-3248
1818,-5956,10476,167,342,-153,-3216
-792,3076,6528,-383,-10,-166,-3232
1372,-1056,7574,301,64,-222,-3232
528,7336,5814,-891,383,-330,-3200
-790,-4962,9432,43,-215,-68,-3216
4602,2336,4148,-242,302,-355,-3248
-5078,-994,8278,397,-613,342,-3232
5792,-974,8844,711,193,-215,-3232
-5522,-1258,11776,-748,46,-123,-3200
-1348,-68,10398,95,-683,70,-3200
4024,-8340,8752,-49,661,-678,-3216
-3464,6144,7154,-575,-12,-130,-3216
1362,-8160,11780,763,81,-87,-3200
-66,2188,7176,-322,182,-186,-3200
-1374,6506,5602,-207,-157,118,-3264
1998,-4024,9964,59,358,-154,-3248
370,4066,7322,-358,48,-191,-3216
-370,-1970,7500,213,-47,-216,-3200
94,7838,5914,-684,445,-414,-3200
-2408,-4486,9220,-117,-185,-97,-3216
4086,2988,5046,-184,256,-301,-3216
-2608,-4196,8576,132,454,-226,-3200
-4830,-374,7900,402,-920,382,-3232
6076,4682,7232,150,502,-357,-3216
-6610,-6280,12636,-96,-457,22,-3216
134,6780,5924,-534,-465,-163,-3232
3232,-10310,11396,552,922,-621,-3200
-3132,2952,7302,-791,-340,45,-3216
2750,-4966,9754,687,233,-193,-3232
-1360,-1788,8772,-42,258,-130,-3200
500,6844,6574,-517,-121,120,-3264
630,-1982,7390,241,317,-203,-3216
-992,2594,6848,-362,-37,-185,-3184
1606,-336,7074,283,104,-215,-3232
-1000,4966,7348,-948,382,-297,-3232
-950,-5882,9886,239,-256,-61,-3200
4726,2204,4200,-357,435,-417,-3216
-4262,-2700,8924,243,126,-46,-3216
-3212,-1910,8554,551,-793,259,-3232
4974,9212,5352,-445,538,-431,-3232
-5334,-8212,12904,453,-589,183,-3184
2134,8672,4160,-910,-104,-245,-3168
1550,-6082,11264,536,765,-497,-3232
3032,-172,6678,803,175,-137,-3216
-1252,-3988,10450,352,270,-36,-3232
1432,5382,6690,-794,-153,63,-3232
-210,-462,6626,380,215,-203,-3200
-1398,222,7260,-326,10,-125,-3216
3028,488,7706,170,536,-374,-3232
-2016,1294,8394,-790,-39,-201,-3200
656,-2910,8010,363,-152,-148,-3216
2020,-2216,7322,-345,686,-432,-3216
-4958,-2358,9288,357,-380,238,-3232
3904,-2480,8962,785,-350,-22,-3200
-2640,2430,9312,-812,478,-368,-3216
-3536,-6710,12744,658,-620,169,-3216
5354,-1548,7356,-717,365,-526,-3216
-3400,6394,5204,-29,263,-328,-3200
-720,-7004,9554,509,-37,-7,-3200
2120,6508,6312,-433,405,-208,-3216
-2226,3248,6480,292,-178,83,-3184
910,1078,6866,-369,19,-110,-3200
266,2216,6592,-102,321,-250,-3232
-124,-2338,9286,113,45,-166,-3216
3722,1224,8436,-76,443,-418,-3200
-2996,-1320,8264,-591,-143,-174,-3200
2158,-788,7608,242,38,-217,-3232
340,-3782,8024,-234,699,-387,-3216
-5146,-796,8736,320,-786,355,-3216
5366,-1494,8350,752,123,-245,-3216
-4788,-368,11558,-856,194,-160,-3232
-1698,-1608,11074,262,-683,88,-3200
4598,-7178,8840,-226,599,-637,-3216
-3850,7058,6020,-515,6,-133,-3184
814,-8584,11008,722,89,-64,-3200
688,3960,6834,-398,247,-173,-3232
-1770,5564,5782,-305,-172,148,-3216
2254,-4786,9738,182,348,-175,-3216
-1502,870,7106,-333,25,-155,-3200
-254,-1694,7852,220,23,-221,-3200
-2886,-3478,9236,-596,-163,-168,-3216
4864,1812,4226,-356,411,-440,-3216
-1664,-3564,8116,224,203,-72,-3200
-1746,-2878,9432,572,-795,251,-3216
3768,10214,4346,-470,555,-403,-3232
-4632,-7936,13036,560,-574,173,-3232
3028,8370,4474,-1007,-31,-320,-3184
564,-2756,10136,500,691,-501,-3216
-1274,-5218,8528,-462,-508,41,-3200
3438,2316,4992,85,519,-246,-3200
-1256,-4100,11380,374,225,30,-3216
1492,3472,6636,-737,-144,75,-3216
1314,-3722,9310,285,235,-205,-3200
-1610,-642,7270,-229,25,-186,-3232
3848,368,8554,285,459,-320,-3216
-2958,338,8116,-990,156,-284,-3216
-248,-4872,8972,354,-267,-88,-3216
4248,296,4964,-407,632,-438,-3232
-5016,-1778,9690,317,-142,187,-3200
50,-2882,9920,661,-623,194,-3216
1714,7552,4976,-650,546,-407,-3184
-2856,-4758,12192,675,-611,214,-3200
4360,5956,5978,-980,193,-419,-3232
-788,1132,7694,324,481,-420,-3216
-22,-7874,10130,40,-317,33,-3216
3360,4506,4888,-181,530,-228,-3200
-1248,-2832,10928,431,-2,70,-3200
1164,16,7122,-667,-106,-20,-3216
180,2696,7076,154,281,-233,-3184
-698,-2410,8926,-39,96,-77,-3216
3516,1586,7968,172,511,-377,-3200
-3082,-1892,8650,-814,-93,-203,-3168
-72,-4160,8208,392,-114,-131,-3184
3656,-1054,6282,-399,719,-409,-3184
-5244,-814,8244,364,-433,248,-3232
1760,-3006,9442,792,-317,-8,-3200
-88,6540,6062,-844,506,-303,-3216
-1416,-852,10732,668,-591,193,-3216
1886,-7042,11476,593,978,-572,-3200
-2208,-1398,7890,-492,-510,50,-3232
3334,6740,4874,123,425,-283,-3232
-1696,-888,9594,471,39,104,-3216
1388,5250,6832,-663,-141,-28,-3232
-206,-162,6328,173,260,-200,-3232
-300,-2764,9658,-33,103,-122,-3200
2878,2862,7356,163,535,-412,-3216
-1990,2468,8228,-871,-122,-184,-3216
668,-3450,7948,431,-146,-106,-3232
2534,-2954,7892,-370,776,-433,-3232
-4762,-1560,9240,286,-451,318,-3184
3760,-3188,9048,829,-288,-4,-3216
-2590,3074,8980,-892,389,-277,-3248
-3932,-6886,12622,657,-643,187,-3200
5466,-1788,7966,-625,415,-568,-3232
-3524,7104,4896,-111,187,-276,-3216
-502,-7278,9728,489,-88,-33,-3264
2218,7572,5534,-486,379,-184,-3232
-2294,2338,7102,304,-211,112,-3232
2210,-5076,9796,-387,169,-70,-3184
-160,1632,6898,-87,286,-156,-3216
-24,-2434,9412,74,5,-144,-3200
942,5924,5876,-173,467,-425,-3232
-3072,-1554,8532,-551,-201,-80,-3216
2426,-794,7396,201,77,-251,-3184
176,-2666,7886,-230,597,-333,-3216
-4932,-1814,9056,428,-799,402,-3200
5160,-1758,8432,629,243,-224,-3200
-4708,160,11328,-716,103,-131,-3248
-1810,-2532,11442,264,-671,112,-3200
1974,-8104,11524,379,854,-643,-3200
-3678,6382,6260,-729,-287,-11,-3168
3018,-2248,8176,668,206,-168,-3184
-1496,-2952,9362,-110,161,-96,-3216
-1438,5886,5394,-370,-99,63,-3232
1854,-5132,10428,215,365,-209,-3232
44,-2382,8072,228,-25,-241,-3232
108,8092,5640,-951,346,-323,-3200
466,-3126,7698,374,-224,-126,-3216
2562,-2216,7376,-408,734,-426,-3200
-4762,-2740,9550,368,-375,270,-3216
3252,-3266,9194,822,-348,0,-3216
-1886,3868,8278,-780,463,-335,-3200
-4236,-7498,12680,696,-664,187,-3232
5688,588,7476,-898,303,-491,-3216
-3192,5748,4942,19,256,-316,-3248
-1112,-5570,8870,332,-79,5,-3200
2524,6996,5760,-408,422,-174,-3200
-2278,1986,7420,313,-156,115,-3232
1802,-4650,9252,-401,46,-78,-3248
-114,920,6484,-79,328,-223,-3216
30,-2142,9484,56,13,-163,-3200
1162,5932,5942,-175,465,-433,-3200
-2822,-1088,8474,-562,-189,-146,-3248
1906,-1146,7530,176,65,-179,-3216
666,-3468,8022,-183,707,-374,-3200
-5146,-928,8976,287,-801,356,-3232
5080,-2254,8632,792,86,-183,-3216
-4472,58,11166,-819,133,-183,-3248
-1970,-2828,11522,353,-728,59,-3232
4808,-6126,8446,-131,611,-671,-3200
-3884,7198,5812,-575,-37,-133,-3232
3290,-2774,8372,768,115,-73,-3216
656,4802,6618,-437,224,-183,-3184
-1772,5236,5660,63,-199,97,-3200
2172,-5058,10128,-62,349,-163,-3200
-1426,1286,6896,-364,-26,-178,-3216
38,-2450,8094,240,43,-222,-3232
-46,8180,5502,-817,439,-365,-3200
-418,-5504,9806,29,-232,-20,-3216
4670,1572,4226,-307,340,-356,-3216
-1692,-3614,8166,198,236,-76,-3216
-2042,-2494,9122,461,-882,380,-3200
3864,9652,4880,-195,594,-401,-3232
-6188,-3716,12378,136,-536,140,-3216
3050,8376,4348,-808,-219,-182,-3216
662,-2820,10050,571,847,-525,-3216
-3262,5254,7156,-628,-429,68,-3200
3198,2086,5568,300,361,-202,-3200
-1216,-4538,11138,323,169,0,-3232
1518,4214,6464,-728,-84,55,-3216
1210,-3580,9168,296,243,-215,-3184
-1164,-580,7318,-346,-32,-104,-3232
3808,252,8230,344,420,-312,-3168
-438,6866,6610,-998,256,-270,-3216
-196,-4576,8884,358,-276,-40,-3216
3922,-258,5268,-446,575,-435,-3216
-3484,-3310,8436,339,-32,100,-3200
216,-3168,9840,642,-689,183,-3200
1736,8086,5048,-623,563,-383,-3216
-6324,-6320,12292,630,-575,162,-3232
4880,5788,5934,-1011,105,-371,-3232
-1208,1898,7188,387,577,-403,-3168
34,-8178,10334,-124,-384,44,-3216
1186,5496,6560,-394,420,-223,-3200
-1060,-2790,10866,396,-105,78,-3232
1086,-470,7292,-470,37,-46,-3232
258,3214,6890,9,291,-226,-3184
-610,-2422,8862,49,74,-154,-3232
3372,1772,8064,-40,464,-423,-3232
-3084,-2506,8596,-601,-145,-197,-3200
2974,672,6810,284,-34,-191,-3216
3534,-1322,6528,-233,708,-402,-3216
-5172,-376,8230,308,-665,311,-3232
6004,-980,8780,821,-10,-173,-3232
-456,5892,6614,-901,294,-215,-3248
-1124,732,9804,463,-682,163,-3184
3800,-9286,9422,-471,457,-621,-3232
-2804,5690,4960,-348,81,-209,-3200
1452,-8980,11660,654,22,-49,-3248
-106,2518,7090,-475,274,-231,-3216
-1744,-260,8888,219,-208,122,-3232
1826,-3474,8418,-192,279,-115,-3232
-122,3748,7408,-269,202,-162,-3200
-278,-1784,7354,175,-99,-176,-3200
2548,3318,7028,-467,539,-433,-3232
-2602,-4782,9628,-299,-189,-90,-3184
4500,2840,5226,-8,183,-298,-3216
2328,-3210,8038,-17,563,-301,-3200
-4846,-204,7532,371,-941,377,-3200
6322,3454,7844,485,420,-288,-3248
-6556,-5176,12288,-476,-235,-32,-3216
3954,7570,4984,-704,-319,-127,-3232
3014,-9934,10718,599,930,-561,-3232
-2948,3570,7664,-744,-396,50,-3216
3372,3782,4838,475,289,-179,-3216
-1446,-1250,8362,107,199,-43,-3200
554,7590,6060,-625,-112,82,-3232
614,-2918,8128,261,279,-208,-3184
-924,3286,6846,-376,-73,-155,-3200
1136,-962,7052,287,260,-260,-3264
-600,6600,6902,-968,339,-287,-3200
-202,-4902,8644,235,-280,9,-3184
4718,2670,4338,-390,454,-396,-3248
-3884,-3420,8874,274,107,32,-3216
1022,-2644,9662,467,-806,277,-3200
5688,6706,6690,-441,568,-440,-3200
-6298,-7110,12366,408,-599,170,-3184
5058,5102,6406,-962,-31,-258,-3216
2114,-8776,11488,551,796,-518,-3200
-2326,130,8082,-339,-482,39,-3200
3122,6174,4496,135,412,-224,-3216
-1174,-2118,10478,437,165,5,-3200
1054,7096,6410,-804,-164,41,-3200
-40,-1282,7012,251,252,-237,-3200
-458,-3100,9474,-164,129,-110,-3184
3240,2644,7496,217,461,-331,-3216
-3016,-3068,8938,-710,-140,-168,-3200
154,-3706,8096,328,-64,-173,-3232
3080,-1816,7174,-327,729,-429,-3216
-5198,308,7610,290,-692,303,-3216
2624,-3478,9194,827,-141,-59,-3200
-976,4826,7320,-845,279,-193,-3216
-920,1374,9444,503,-666,120,-3232
3708,-9298,9438,-364,470,-599,-3232
-3084,5834,4506,-279,79,-192,-3216
1880,-8030,11764,687,58,-36,-3184
-320,1340,7292,-505,258,-259,-3232
-1988,678,8382,141,-215,79,-3200
1636,-4568,8748,-184,259,-117,-3216
-74,3990,7566,-289,260,-200,-3216
-110,-3064,10082,206,-90,-182,-3200
2008,4078,6492,-395,469,-412,-3232
-1992,-4824,9660,-277,-168,-112,-3232
4522,2958,4886,45,152,-286,-3216
1678,-3308,8170,-35,523,-285,-3248
-4714,-932,7498,296,-909,420,-3232
6106,4806,7546,518,454,-329,-3232
-3394,1142,10470,-595,-105,-122,-3248
206,7116,5886,-170,-671,4,-3216
2788,-9964,10840,229,739,-654,-3232
-3814,7176,4834,-731,-132,-64,-3200
3200,-4320,9980,778,194,-98,-3216
-1584,-2426,8812,-273,171,-136,-3216
-1990,3970,6292,-194,-180,73,-3200
2022,-5744,10162,81,392,-210,-3232
-980,2918,6786,-347,-3,-209,-3200
1680,-808,7302,271,31,-235,-3216
642,7230,5774,-791,441,-361,-3216
-856,-5342,9874,9,-219,-38,-3232
4678,2098,4322,-247,298,-335,-3232
-698,-3262,7974,57,353,-141,-3216
-3000,-2198,8708,462,-852,331,-3248
4714,8884,5474,-3,579,-361,-3200
-5596,-2172,12100,16,-508,81,-3232
2020,8678,4218,-590,-421,-138,-3216
1458,-5444,10932,536,912,-614,-3216
-3388,6014,6772,-710,-353,54,-3232
3206,12,6922,446,275,-160,-3232
-1268,-3926,10290,80,172,-80,-3216
1404,5200,6860,-630,-55,108,-3248
1672,-4578,10150,295,249,-210,-3216
-1416,330,6820,-315,-11,-176,-3216
3154,662,7840,301,299,-286,-3232
-166,8108,5914,-951,253,-275,-3232
-130,-4824,9240,223,-251,-40,-3216
4270,632,4758,-400,513,-392,-3184
-2526,-3544,8140,250,42,49,-3232
-954,-2680,9462,608,-779,236,-3200
2438,8434,4834,-564,551,-406,-3200
-3148,-6296,12590,638,-615,198,-3184
4204,6800,5520,-1008,108,-353,-3216
-198,104,8138,471,649,-449,-3200
-640,-7232,9812,-159,-406,44,-3200
3306,4116,4940,-23,476,-223,-3216
-1206,-3428,11016,434,164,42,-3216
1052,874,6996,-702,-154,69,-3232
804,-2176,7720,223,254,-217,-3200
-840,-2182,8578,-174,78,-128,-3184
3478,1584,8070,235,470,-310,-3216
-646,4670,7542,-928,10,-260,-3200
-240,-3908,8088,390,-207,-117,-3232
3712,-1412,6540,-378,726,-387,-3200
-5228,-998,8488,329,-310,259,-3216
1740,-3456,9766,790,-445,19,-3216
-64,6360,5992,-856,481,-333,-3200
-1390,-754,10704,781,-573,223,-3200
5598,3964,7022,-945,296,-519,-3184
-2410,4844,5372,73,273,-341,-3216
1248,-8974,11402,273,-197,44,-3200
3188,6922,4734,-407,498,-222,-3200
-1880,-722,9540,393,-82,83,-3216
1554,-3134,8100,-442,27,-45,-3216
50,-448,6676,32,297,-221,-3232
-514,-2456,9348,75,3,-168,-3200
2646,3348,7332,-86,518,-423,-3200
-2426,-4476,9306,-645,-172,-183,-3184
842,-3036,8154,222,18,-215,-3216
1884,-2382,7392,-215,691,-354,-3184
-4820,-864,7988,304,-736,388,-3232
3674,-2716,8814,758,102,-148,-3200
-2584,2338,9484,-813,225,-215,-3216
-56,5884,6724,283,-728,83,-3216
5422,-1874,7928,-270,526,-645,-3200
-3726,6636,4902,-462,38,-184,-3200
2722,-5900,10678,770,154,-106,-3232
-1380,-906,7884,-476,181,-180,-3184
-2274,2978,6468,38,-205,143,-3184
2092,-5378,9962,-74,337,-171,-3200
-626,3450,6996,-289,158,-160,-3200
-2,-2900,9354,210,-103,-217,-3216
934,6858,5528,-577,461,-418,-3216
-1250,-5164,9720,-273,-194,-128,-3232
2262,-808,7456,-26,209,-338,-3200
136,-2822,7778,-107,525,-289,-3216
-3636,-1216,7958,438,-934,388,-3216
5370,-1432,8314,442,429,-321,-3232
-4754,-506,11614,-454,-266,-50,-3200
1298,8102,4668,-273,-573,-61,-3232
1872,-7590,11262,283,814,-638,-3216
-3702,6658,5930,-725,-193,-52,-3216
3208,-1824,8306,718,190,-123,-3232
-1496,-3314,9420,-141,169,-138,-3200
1252,5854,6778,-625,-134,78,-3248
2092,-4976,10342,280,300,-141,-3200
-1214,1290,6948,-351,-57,-124,-3200
2478,166,7506,284,332,-309,-3200
-1648,2304,8340,-925,318,-236,-3216
-478,-4612,9484,271,-258,-39,-3184
4348,1238,4320,-380,449,-399,-3200
-4580,-2650,9456,337,71,40,-3200
-1834,-2584,9322,571,-776,307,-3216
3720,9892,4534,-564,552,-407,-3216
-4226,-8288,13230,603,-582,152,-3232
3218,8374,4772,-1068,87,-319,-3200
570,-2574,9878,525,705,-463,-3216
-1426,-5554,8686,-302,-476,85,-3216
3356,2260,4958,58,505,-261,-3200
-1168,-4078,11454,448,107,40,-3216
1252,2832,6660,-712,-201,74,-3200
-140,1542,6310,235,250,-226,-3232
-1610,-1236,7558,-120,74,-168,-3216
3846,898,8392,196,505,-332,-3216
-2904,380,7970,-926,72,-231,-3200
-374,-4866,8726,420,-239,-83,-3232
4220,-4,5196,-383,679,-443,-3216
-5032,-1786,9580,349,-288,261,-3216
344,-3138,10158,704,-609,97,-3200
1456,8518,4510,-791,514,-370,-3200
-2440,-4156,12152,752,-567,215,-3200
4932,-4744,8408,-941,325,-481,-3184
-4080,7332,5094,-268,73,-247,-3200
164,-8504,10134,651,57,-48,-3232
1284,5874,6434,-482,340,-208,-3216
-1760,4274,6006,235,-242,96,-3248
1560,40,7034,-255,234,-117,-3232
-206,2626,7234,-194,229,-166,-3232
-70,-2324,8562,95,-13,-197,-3216
530,6824,5808,-236,518,-432,-3216
-3368,-2298,8790,-427,-184,-92,-3216
3254,-250,7106,191,100,-274,-3232
-674,-3228,8080,-221,603,-333,-3200
-5090,-930,8602,384,-858,391,-3216
5650,-1104,8534,605,274,-229,-3216
-5390,-810,11792,-708,107,-160,-3232
-1292,-1092,10712,118,-668,36,-3232
3978,-7356,8724,-107,630,-611,-3216
-3530,6284,6550,-548,-65,-133,-3216
1414,-8736,11200,746,127,-79,-3200
72,3068,7196,-390,164,-151,-3232
-1042,6460,5260,-1,-198,111,-3216
1666,-4728,10148,15,326,-148,-3248
-132,3454,7438,-304,142,-155,-3232
-66,-1904,7432,236,-67,-179,-3200
68,7508,6258,-599,478,-386,-3200
-2428,-3642,9106,-155,-186,-81,-3232
3972,1570,6268,-173,241,-346,-3232
-2208,-3976,7798,50,397,-158,-3216
-4984,-678,7446,392,-891,403,-3232
6206,1994,8328,284,545,-367,-3232
-6518,-3562,11902,-257,-455,34,-3200
3434,7706,4776,-375,-496,-58,-3184
3358,-9418,10086,442,915,-633,-3216
-3236,4376,7654,-713,-286,32,-3232
3394,2262,5116,606,205,-158,-3232
-1040,42,7640,-75,228,-101,-3216
64,7022,6038,-438,-118,93,-3216
1032,-3178,8694,242,333,-197,-3216
-650,3212,7546,-356,-59,-132,-3200
496,-1386,7046,274,150,-277,-3232
-382,6684,6928,-908,426,-308,-3216
-1446,-5372,9926,134,-233,-8,-3200
4770,2682,4586,-323,364,-373,-3200
-3624,-3276,8784,225,199,-47,-3232
806,-3566,9924,470,-864,338,-3216
5630,7400,6440,-329,567,-389,-3216
-6378,-7486,12662,321,-579,135,-3232
5156,5462,6388,-939,-64,-215,-3200
2276,-8760,11652,578,833,-514,-3216
-2456,346,7618,-534,-506,59,-3248
3468,6238,4770,295,418,-268,-3232
-1616,-3080,9722,284,178,-8,-3200
1222,6348,6506,-702,-148,102,-3200
-316,-1134,6928,260,248,-196,-3216
-370,-2348,9426,-217,36,-131,-3216
2588,-514,7844,292,511,-360,-3200
-1614,3900,7530,-1008,61,-227,-3216
460,-3822,8170,431,-234,-81,-3248
4694,1664,4202,-429,677,-456,-3200
-4668,-2546,9458,311,-243,194,-3232
2892,-2876,8980,754,-588,154,-3216
3852,8958,4938,-691,549,-392,-3168
-4620,-7398,12660,745,-577,226,-3200
5564,410,7848,-947,229,-431,-3200
-3180,5652,4810,138,288,-322,-3200
-1300,-5536,8572,313,-124,19,-3232
2500,7308,5480,-323,460,-226,-3216
-1872,924,8090,420,-63,99,-3248
1268,3572,6704,-574,-7,-19,-3232
-284,516,6580,71,300,-175,-3232
182,-2234,9566,-62,85,-127,-3248
1440,5120,6262,20,497,-415,-3216
-2616,-532,8602,-751,-133,-167,-3200
1624,-1904,7474,309,-38,-200,-3200
1162,-2754,7920,-277,692,-386,-3200
-4932,-1898,9426,386,-629,373,-3216
4616,-2526,8688,766,-60,-137,-3216
-3838,1346,10550,-851,325,-206,-3232
-2412,-4880,12262,434,-691,161,-3232
5044,-3720,7772,-506,450,-575,-3216
-3648,6646,5548,-310,99,-206,-3248
196,-8154,10212,638,43,-43,-3200
1226,5228,6706,-470,266,-174,-3200
-1996,4836,5684,187,-203,91,-3216
966,-86,6924,-250,174,-128,-3232
234,2648,7258,-214,252,-202,-3200
-4,-2682,8626,211,-54,-173,-3232
332,7852,5326,-384,452,-430,-3216
-3016,-2880,8598,-307,-197,-110,-3216
3078,1050,6622,66,150,-272,-3200
-1086,-4524,8484,-35,600,-303,-3232
-5140,162,7952,312,-929,397,-3232
6098,438,8422,545,393,-286,-3184
-6152,-2580,12084,-556,-215,-71,-3216
-758,2280,9110,-85,-665,-7,-3200
3786,-9492,9530,243,813,-678,-3200
-3362,6242,6978,-704,-85,-50,-3216
1950,-8296,11564,784,199,-113,-3232
-728,1790,7326,-318,153,-168,-3200
-666,6848,5550,-201,-140,83,-3200
1578,-3788,9414,77,394,-191,-3216
-270,3708,7502,-324,16,-182,-3216
216,-1644,7376,206,-21,-292,-3216
-276,7686,6118,-840,479,-406,-3216
-124,-5378,9270,358,-246,-53,-3232
4180,-560,5320,-453,518,-411,-3216
-3410,-3350,8580,307,35,38,-3216
-22,-3150,9820,591,-767,218,-3248
1766,8842,4830,-531,511,-417,-3232
-6562,-7042,12742,674,-592,155,-3232
4720,5956,6022,-1073,56,-321,-3248
-1220,2272,7106,465,635,-459,-3248
-2610,1336,7692,-288,-438,83,-3200
3062,5578,4316,-31,511,-232,-3232
-1068,-3080,10956,424,173,53,-3248
1062,7400,6336,-771,-134,49,-3200
182,-2342,7556,310,236,-195,-3200
-564,-1796,8710,-228,38,-96,-3232
3438,1708,7936,315,520,-364,-3248
-1294,3984,7738,-947,15,-250,-3216
100,-3672,8182,403,-214,-86,-3216
3056,-1870,6778,-391,665,-437,-3232
-4592,-2670,9024,383,-351,247,-3232
2590,-3296,9686,745,-490,103,-3216
-942,4934,7242,-801,497,-280,-3216
-4976,-7874,12728,723,-598,197,-3200
5568,2242,7260,-914,315,-488,-3200
-2814,5236,5060,188,341,-352,-3248
-1578,-3942,8392,203,-202,2,-3200
2768,7204,5322,-359,457,-213,-3232
-1664,624,8390,441,-88,102,-3232
1528,-4416,8906,-597,-69,-35,-3280
82,4192,7228,-255,234,-215,-3216
188,-3542,9982,188,-35,-194,-3200
1696,4706,6406,-450,435,-394,-3200
-1890,-4824,9280,-337,-196,-144,-3216
4272,2570,5396,70,191,-263,-3216
1860,-3278,8256,-57,614,-365,-3232
-4714,-582,7546,308,-913,379,-3200
6144,4128,7694,636,304,-268,-3216
-3146,2112,9818,-658,-71,-80,-3216
216,6498,6244,-70,-653,0,-3216
2800,-10164,10920,229,817,-634,-3216
-3862,7446,4728,-657,-110,-69,-3200
2860,-5252,10330,750,186,-132,-3232
-1424,-1742,8710,-277,175,-135,-3216
470,7048,6290,-252,-179,99,-3216
2212,-5400,9942,85,406,-187,-3232
-936,2996,6954,-384,-14,-192,-3200
1302,-974,7016,230,-53,-255,-3248
974,6110,5834,-705,511,-410,-3216
-1128,-5734,10034,1,-254,-38,-3248
4792,2744,4038,-190,265,-372,-3232
-254,-3698,8362,107,340,-150,-3232
-3472,-1400,8252,386,-951,368,-3216
5254,8622,5810,-9,607,-377,-3216
-5196,-1284,11728,-90,-499,75,-3200
1524,8722,4276,-662,-369,-160,-3232
1666,-7356,11262,586,942,-583,-3184
-3696,6712,6326,-755,-338,19,-3200
3176,7194,4504,153,462,-227,-3232
-1592,-3688,10072,408,181,33,-3232
1640,6222,6568,-809,-114,18,-3216
-340,-932,6894,305,236,-220,-3184
-1454,880,6898,-283,-14,-104,-3200
2804,102,7592,312,457,-333,-3200
-1986,3148,7784,-972,171,-241,-3248
-250,-4902,9392,340,-266,-44,-3232
4564,1498,4356,-413,591,-443,-3200
-4780,-2482,9664,279,-134,142,-3232
3516,-2604,8806,668,-689,176,-3216
3716,8682,4826,-640,542,-397,-3184
-4224,-7434,12714,693,-547,229,-3232
5438,-162,7632,-962,202,-384,-3232
400,-2702,9754,369,517,-414,-3216
-1080,-5676,8794,-3,-341,28,-3248
2462,7096,5776,-127,503,-261,-3200
-906,-3892,11172,473,58,2,-3200
1124,3114,6522,-619,-36,-28,-3248
-28,1192,6570,84,278,-214,-3248
-20,-2972,9636,-20,111,-120,-3200
3546,660,8336,83,495,-413,-3264
-2806,-256,8126,-796,-115,-175,-3216
1798,-1650,7736,353,-81,-155,-3216
4152,-238,5338,-326,715,-425,-3200
-5002,-1550,9226,367,-612,317,-3232
4722,-3192,8778,800,-266,-24,-3216
1484,9036,4366,-873,470,-304,-3232
216,6964,5402,230,-662,74,-3200
4786,-4176,8100,-62,625,-656,-3232
-3802,7090,5020,-501,5,-122,-3216
3174,-3850,9650,770,132,-94,-3248
1772,5862,6588,-409,190,-173,-3232
-2160,4636,5880,-93,-186,102,-3232
2172,-5596,10416,-47,366,-202,-3216
136,2698,7022,-326,185,-170,-3200
-324,-2366,8640,238,-80,-211,-3232
390,6984,5640,-577,449,-408,-3200
-448,-5144,9864,-179,-190,-74,-3216
3394,616,6876,-83,191,-323,-3248
-942,-3876,8174,4,467,-213,-3200
-2844,-2736,9006,375,-906,395,-3232
5806,404,8268,332,536,-336,-3216
-5848,-2242,11988,-349,-339,15,-3184
2348,8918,4140,-438,-499,-103,-3216
3960,-9000,9424,441,876,-623,-3200
-3538,6234,7022,-768,-340,-4,-3232
3372,302,6220,359,372,-248,-3216
-1262,-3656,10632,147,259,-59,-3200
1460,4124,6746,-654,-92,92,-3200
1640,-4584,9772,255,292,-208,-3248
-1476,244,6972,-258,-33,-121,-3216
3530,-10,8186,305,307,-288,-3200
-350,8160,6044,-992,217,-260,-3232
-166,-5360,9298,330,-237,-44,-3232
4382,-2,5104,-411,581,-466,-3216
-3016,-2896,8090,266,6,90,-3200
-296,-3122,9796,665,-639,223,-3248
1934,8702,4692,-630,518,-410,-3232
-2718,-5278,12140,730,-600,203,-3232
4454,6590,5576,-1027,174,-359,-3216
-712,1138,8200,336,496,-371,-3184
-184,-8228,9978,-84,-387,-9,-3200
3192,4734,4480,-212,489,-237,-3232
-1082,-3470,10948,472,116,45,-3216
1090,604,6890,-699,-92,-21,-3216
270,-2232,7766,280,231,-210,-3232
-808,-2374,8770,-119,76,-134,-3200
3490,2168,7856,221,489,-379,-3248
-2882,-3100,9252,-826,-54,-234,-3216
170,-3484,8252,310,-157,-156,-3232
3028,-1524,6540,-342,702,-420,-3232
-5110,-1086,8424,333,-415,240,-3216
2004,-3174,9210,809,-353,1,-3248
-370,5208,6986,-787,421,-281,-3216
-1238,-138,10082,646,-624,173,-3200
5568,2758,7152,-739,364,-554,-3200
-2634,4724,5230,-7,222,-326,-3216
1446,-8002,11332,457,-77,-11,-3216
3092,6770,5150,-409,429,-277,-3232
-1658,378,8768,292,-132,69,-3200
1290,-3886,8432,-367,23,-59,-3216
-68,338,6276,-36,323,-232,-3232
-180,-2718,9702,109,7,-202,-3232
2184,3706,7020,-480,452,-357,-3216
-2160,-4454,9210,-225,-189,-79,-3216
4172,2550,5330,-50,191,-305,-3216
1732,-2948,7690,-22,507,-244,-3232
-4756,-894,7878,380,-901,440,-3200
6118,4346,7464,427,463,-300,-3216
-3152,2052,9950,-559,-200,-25,-3232
190,6842,6172,-227,-600,-1,-3200
2864,-9876,10992,390,870,-591,-3232
-2986,2676,7652,-733,-189,-33,-3248
2812,-4810,9804,668,165,-133,-3216
-1482,-1602,8618,-107,205,-98,-3216
510,6334,6600,-340,-162,118,-3232
2306,-5276,10116,170,375,-176,-3232
-958,2206,7070,-283,-34,-164,-3232
1596,-196,7112,192,58,-193,-3216
822,7624,5522,-800,445,-402,-3232
-1008,-5838,9842,73,-203,-15,-3200
4908,2330,4294,-316,391,-348,-3232
-4544,-2746,9088,190,255,-78,-3216
-3096,-1664,8650,490,-896,358,-3216
4734,8646,5318,-214,574,-396,-3200
-5360,-7828,12850,313,-548,188,-3232
2222,8774,4394,-844,-179,-251,-3216
1278,-5832,10932,563,796,-552,-3216
-1770,-2998,8280,-609,-449,74,-3232
3472,-96,6614,271,430,-232,-3232
-1476,-3772,10566,232,239,-26,-3216
1370,4848,6762,-683,-122,10,-3248
-260,-42,6686,263,237,-245,-3200
-138,-2556,9500,-134,59,-154,-3232
3380,212,7974,231,530,-400,-3184
-2248,948,8412,-849,-63,-216,-3216
1020,-2768,7828,350,-175,-137,-3232
4288,148,4900,-339,742,-447,-3232
-4920,-1962,9492,333,-371,237,-3184
4074,-2198,8448,795,-391,9,-3248
2366,8274,4840,-767,474,-330,-3232
-3134,-6272,12692,687,-572,176,-3200
5132,-2186,7584,-862,260,-504,-3216
-3820,6374,5330,-5,221,-361,-3216
-460,-7456,9508,313,-118,-12,-3232
1866,6262,6378,-415,457,-214,-3232
-2036,3614,6168,405,-130,90,-3216
1174,508,6914,-413,38,-73,-3248
70,2408,6856,-37,298,-206,-3184
-108,-2404,8980,65,23,-132,-3232
3560,1490,8292,-144,446,-406,-3200
-3004,-2220,8554,-560,-161,-170,-3216
2518,-228,7274,167,44,-217,-3216
-74,-3042,7802,-220,657,-371,-3216
-5094,-1490,8698,382,-778,370,-3216
5580,-1404,8692,749,107,-178,-3200
-5216,-696,11620,-767,84,-128,-3232
-1450,-1208,10912,306,-707,122,-3216
4156,-7490,8778,-185,639,-659,-3216
-3700,6766,6356,-430,55,-145,-3232
1230,-8560,11266,700,88,-97,-3232
266,3702,6838,-406,246,-208,-3216
-1540,5646,5578,27,-244,135,-3216
1550,-2562,7680,-45,337,-117,-3232
-10,3152,7784,-297,170,-145,-3200
-266,-1572,7506,172,-114,-178,-3216
260,7470,5970,-496,522,-389,-3216
-2820,-3866,9228,-241,-178,-35,-3248
3944,2094,5746,-6,165,-272,-3232
-2190,-3914,8082,12,458,-260,-3200
-5154,-88,7482,370,-926,440,-3248
6378,2080,8434,372,506,-303,-3216
-6606,-3988,12222,-512,-237,-30,-3200
-290,4722,7534,-300,-575,-29,-3232
3056,-10030,10272,326,860,-604,-3248
-3230,4772,7590,-770,-223,-8,-3216
2604,-7376,11274,751,182,-133,-3232
-1334,104,7644,-222,140,-99,-3200
56,7346,5948,-218,-173,119,-3216
2068,-4456,9330,59,408,-225,-3232
-836,3676,7250,-351,-21,-174,-3232
812,-1216,6960,239,39,-199,-3232
-566,6872,7016,-726,533,-365,-3184
-1596,-5336,10076,-21,-241,-6,-3216
4586,2504,4662,-234,255,-333,-3200
-3646,-3300,8502,80,264,-87,-3232
-4192,-1574,7604,479,-839,348,-3248
6068,5204,7478,3,584,-394,-3216
-6566,-6420,12124,49,-561,114,-3248
726,6848,5508,-614,-336,-155,-3264
2300,-8752,11070,533,904,-573,-3232
-2342,826,7978,-633,-435,47,-3232
3192,5490,4320,371,341,-218,-3200
-1544,-2804,9026,197,197,-17,-3184
1222,7108,6278,-664,-73,57,-3216
-34,-1870,7606,306,260,-200,-3264
-1164,2210,6930,-317,-41,-141,-3200
1894,-452,7404,272,311,-323,-3248
-1214,4544,7418,-945,261,-299,-3216
-518,-4946,9496,219,-283,-27,-3200
4666,2332,4064,-372,517,-411,-3232
-4288,-3662,9652,337,118,31,-3216
-2658,-1674,8748,512,-814,311,-3232
4544,8384,5464,-456,552,-409,-3232
-5382,-7418,12566,498,-582,143,-3232
5566,2706,7118,-971,-12,-263,-3216
1398,-5852,10946,489,703,-472,-3216
-1806,-2490,8060,-383,-503,31,-3200
3184,6664,5144,97,501,-306,-3232
-1188,-3750,10420,349,219,22,-3216
1424,4660,6886,-722,-147,44,-3216
-386,344,6262,215,215,-246,-3216
-1790,278,6808,-192,33,-143,-3232
3330,418,7982,277,509,-361,-3232
-2258,1588,8338,-954,63,-248,-3216
-110,-5036,9428,395,-312,-95,-3200
4360,868,4360,-429,647,-451,-3232
-4908,-1532,9708,347,-205,201,-3232
3956,-2578,8566,678,-597,98,-3216
2522,9092,4530,-785,497,-396,-3184
-3418,-6472,12438,784,-577,209,-3232
5384,-2028,8190,-978,287,-470,-3232
-280,-472,8916,264,377,-362,-3216
-572,-7540,9454,163,-255,9,-3248
2000,7284,5940,-281,506,-219,-3232
-1340,-3544,11128,449,-54,66,-3200
1370,2026,6678,-651,-84,-51,-3216
-258,1512,7022,121,285,-217,-3184
-984,-1560,8034,-66,53,-113,-3200
4080,694,8466,118,567,-423,-3200
-3270,-1922,8618,-749,-161,-179,-3200
2752,10,7024,330,-13,-174,-3232
3608,-1198,6238,-305,740,-415,-3248
-5304,-960,8608,305,-686,358,-3184
5502,-1402,8594,797,-15,-158,-3184
90,6782,5970,-841,323,-230,-3232
-1602,-1410,10796,463,-675,105,-3200
4340,-7228,8782,-454,477,-594,-3216
-2194,4686,5686,-241,111,-210,-3232
1322,-9168,11190,675,85,-31,-3200
-42,3138,7214,-483,213,-163,-3232
-998,6566,4978,216,-197,112,-3216
1304,-2464,7754,-190,284,-150,-3248
-90,3876,7420,-203,210,-169,-3200
238,-2656,7814,193,-34,-222,-3232
2546,3212,7162,-369,462,-397,-3216
-2480,-4500,9580,-325,-207,-48,-3216
3888,1822,5774,114,121,-258,-3200
1964,-2744,7656,-125,502,-292,-3232
-4666,-762,7744,395,-846,384,-3232
6228,2736,8082,491,369,-274,-3248
-2248,3366,8980,-646,-47,-65,-3200
-312,4654,7480,-22,-640,52,-3232
3044,-9954,10498,212,776,-601,-3232
-2988,4226,7474,-637,-63,-59,-3216
2460,-6144,10926,720,153,-128,-3216
-1070,-342,7724,-313,151,-105,-3232
154,7240,6060,-258,-87,102,-3200
1866,-5416,9892,105,361,-150,-3216
-532,3484,6988,-345,14,-110,-3216
718,-1058,7218,248,-25,-205,-3232
982,6338,6050,-777,451,-336,-3232
-1256,-5742,9866,-46,-183,-48,-3216
4684,3048,4070,-269,285,-337,-3216
164,-3752,8138,164,351,-179,-3232
-3760,-588,7900,364,-918,394,-3232
5434,7580,6282,146,603,-374,-3216
-6004,-8218,12764,-28,-525,98,-3248
1262,8666,4390,-779,-321,-140,-3216
2008,-7966,11192,605,919,-555,-3216
-2182,-900,8126,-705,-381,47,-3232
3314,-1680,7990,425,284,-189,-3232
-1568,-3532,9532,153,244,-58,-3216
1262,5820,7010,-609,-111,62,-3216
1954,-4826,10268,234,295,-198,-3200
-1296,920,6996,-316,-52,-154,-3200
2960,206,7382,319,311,-287,-3232
-1886,2146,8390,-1037,290,-305,-3216
-170,-5502,9600,386,-249,-39,-3216
4524,636,4608,-416,542,-428,-3200
-5034,-1302,9152,309,-40,136,-3232
3748,-3126,9326,790,-454,16,-3248
3104,9502,4822,-861,522,-420,-3200
-3706,-7174,12660,757,-631,169,-3232
5402,-1680,7958,-949,281,-450,-3248
-3536,6584,4970,138,285,-294,-3216
-676,-7128,9558,247,-176,18,-3232
1926,6862,6164,-372,488,-194,-3232
-2036,2820,6810,381,-130,50,-3232
1344,2468,6396,-532,0,-108,-3216
-232,1956,6704,7,277,-221,-3248
230,-3182,9366,45,58,-123,-3232
3834,482,8362,-11,541,-401,-3264
-3044,-1446,8822,-689,-186,-182,-3216
2306,-398,7120,248,20,-207,-3248
3620,-988,6032,-291,719,-403,-3232
-5134,-1332,8836,346,-715,357,-3200
5318,-1670,8614,762,-98,-110,-3248
-4862,-164,11302,-822,246,-186,-3216
-1716,-2012,11058,459,-658,145,-3200
4454,-6346,8460,-374,495,-607,-3232
-3632,6398,6138,-383,79,-201,-3200
856,-8452,10924,674,106,-36,-3216
414,4190,6972,-462,201,-183,-3216
-1368,5832,5504,192,-178,71,-3232
1076,-2374,7772,-141,256,-121,-3200
246,3780,7240,-304,173,-143,-3232
-194,-2186,7930,183,-31,-184,-3216
2754,3062,7422,-411,455,-392,-3232
-312,-5064,9360,-7,-198,-55,-3232
3620,1456,6136,-235,305,-337,-3200
-1780,-4016,8354,169,307,-113,-3216
-1688,-2300,9112,425,-892,381,-3216
6162,1740,8124,34,573,-407,-3200
-6396,-3688,12278,-4,-515,74,-3200
3210,8478,4490,-649,-356,-145,-3216
3300,-10254,10186,523,947,-615,-3200
-3244,4974,7368,-712,-371,10,-3232
3208,2482,5132,511,261,-188,-3232
-968,-4116,11228,74,219,-74,-3216
-212,7338,5890,-588,-95,87,-3216
1360,-3522,9006,237,309,-253,-3232
-1282,-1064,7442,-367,-56,-186,-3200
434,-1118,6938,273,271,-237,-3200
-304,6524,6906,-900,376,-345,-3248
-380,-5048,8946,250,-278,5,-3216
4620,3132,4570,-393,432,-419,-3200
-3572,-3090,8358,287,92,24,-3232
628,-3606,10262,537,-786,220,-3216
6072,5696,7344,-410,574,-418,-3232
-6500,-7854,12548,553,-604,189,-3232
4900,5684,5928,-1012,15,-350,-3232
-1400,2596,6818,608,755,-472,-3216
-2678,788,8102,-363,-467,59,-3248
3324,5598,4498,143,477,-282,-3232
-1258,-2900,10872,386,180,4,-3200
1358,7130,6312,-763,-129,40,-3248
-28,-1854,7310,194,286,-229,-3232
-584,-2292,8994,-84,76,-138,-3232
3606,1718,7904,132,508,-359,-3232
-3278,-3150,9066,-837,-117,-161,-3248
196,-4086,8272,335,-94,-170,-3216
3168,-1690,6952,-358,744,-408,-3200
-5224,-616,8140,351,-538,360,-3232
2378,-3054,9448,821,-231,-64,-3232
-900,5362,6702,-854,358,-255,-3232
-906,244,10186,614,-582,194,-3248
5570,2104,7714,-735,364,-551,-3232
-2938,5544,5076,-147,130,-255,-3200
1690,-8530,11240,616,26,-26,-3200
-178,2182,7484,-437,380,-170,-3216
-1382,-102,9208,292,-169,121,-3216
1354,-4000,8400,-349,103,-98,-3232
-190,4164,7344,-164,257,-186,-3232
-76,-3476,9964,168,12,-145,-3216
2032,3592,7008,-246,484,-399,-3216
-2172,-3924,9196,-446,-207,-136,-3216
1052,-3356,7892,266,140,-215,-3232
2036,-2628,7944,-204,627,-316,-3200
-4698,-644,7424,361,-840,377,-3248
3826,-2426,8600,674,156,-178,-3232
-2798,3258,9246,-795,123,-91,-3200
-132,5206,7092,168,-700,66,-3232
3000,-9480,10344,-172,593,-624,-3216
-3610,6510,4764,-506,-15,-100,-3248
2596,-5426,10730,682,138,-196,-3232
-1140,-1328,8142,-184,192,-141,-3248
182,7560,6216,-408,-111,107,-3216
2044,-5456,10022,187,356,-226,-3232
-674,3356,6868,-386,-5,-192,-3200
898,-888,7196,275,109,-226,-3232
-536,5884,7128,-792,467,-374,-3248
-1158,-5280,9778,77,-262,-50,-3216
4664,2584,4170,-261,288,-370,-3200
-3876,-3378,9098,197,238,-74,-3200
-3730,-1552,8228,437,-859,334,-3248
5396,7776,6230,-186,570,-417,-3216
-6130,-7934,12556,148,-566,73,-3232
1286,8664,4256,-817,-201,-207,-3264
1972,-7984,11722,602,931,-559,-3216
-2248,-924,7942,-593,-483,65,-3216
3326,-1858,7846,417,323,-216,-3232
-1468,-3170,9648,225,207,-5,-3232
1414,5410,6976,-677,-91,12,-3232
-302,-560,6502,251,220,-242,-3200
-1554,996,6764,-274,-35,-163,-3216
2916,250,7626,298,420,-361,-3216
-1814,2176,8272,-957,213,-280,-3232
-100,-4842,9378,326,-261,-69,-3232
4448,1036,4592,-409,562,-427,-3216
-4872,-2176,9472,278,-77,115,-3216
-1428,-3572,9716,671,-689,217,-3232
3184,8774,4768,-652,543,-370,-3200
-3906,-6944,12716,716,-606,219,-3184
5306,-830,7950,-774,327,-510,-3216
-3446,5686,4902,75,237,-304,-3232
-818,-6740,9006,400,-53,-18,-3232
2320,7034,6022,-431,416,-245,-3248
-1992,2342,6926,354,-125,109,-3248
1080,2786,6322,-484,35,-60,-3232
-10,1260,6778,32,302,-169,-3200
6,-2648,9500,47,56,-150,-3216
3682,1042,8348,12,438,-430,-3232
-3004,-1412,8652,-650,-188,-196,-3232
2278,-1312,7474,253,70,-242,-3200
558,-2684,7696,-291,705,-382,-3248
-5002,-1684,9082,417,-727,338,-3216
5034,-1500,8344,724,-36,-127,-3232
-4536,274,11280,-763,235,-198,-3200
-1852,-2692,11592,268,-684,137,-3232
4604,-5404,8092,-293,513,-655,-3216
-3566,6404,5912,-472,41,-199,-3216
612,-7624,10346,680,86,-56,-3232
816,3812,7148,-396,271,-165,-3200
-1668,6064,5318,70,-199,71,-3184
1136,-2220,7698,-125,236,-110,-3232
138,3802,7174,-302,172,-196,-3232
-166,-2468,8052,222,-57,-209,-3232
390,8002,5812,-495,447,-452,-3248
-2426,-3328,9036,-236,-172,-89,-3216
3534,1024,6336,-30,207,-265,-3216
-1784,-3996,8142,149,307,-102,-3232
-1848,-2324,9332,474,-861,330,-3232
3466,9194,4730,-128,579,-393,-3216
-6478,-3234,12060,144,-592,80,-3216
3266,8422,4558,-778,-284,-191,-3200
556,-2234,9756,583,912,-516,-3200
-3186,4780,7634,-661,-427,71,-3248
3288,2498,4940,362,323,-215,-3216
-1122,-3564,11128,171,276,-16,-3200
-276,6776,6120,-646,-140,104,-3232
1290,-2712,8664,252,240,-207,-3216
-1376,-1352,7802,-268,-20,-162,-3216
636,-944,7002,266,266,-249,-3232
-340,6386,6726,-959,328,-279,-3232
-92,-4696,8750,363,-255,-54,-3200
3784,-770,5838,-442,535,-381,-3216
-3900,-2894,8654,301,-77,99,-3216
888,-3492,9830,615,-726,241,-3232
790,7388,5506,-622,532,-427,-3232
-6186,-7718,12716,663,-613,220,-3216
5174,4280,6450,-1029,184,-377,-3184
-1770,3598,6258,431,608,-446,-3232
-2174,-408,8058,-136,-374,40,-3232
3190,6262,4612,-61,500,-236,-3248
-1660,-2194,10252,466,61,60,-3248
1144,6128,6408,-717,-114,20,-3200
-36,-1400,7060,235,285,-207,-3200
-224,-1854,8958,-205,69,-145,-3248
2852,2388,7734,-90,505,-416,-3216
-2660,-3832,9024,-622,-185,-165,-3232
478,-3978,8148,275,31,-219,-3264
2602,-1392,7144,-335,687,-395,-3216
-5002,-736,7898,401,-730,344,-3184
3130,-2656,8918,742,-58,-142,-3232
-1722,3936,8146,-812,254,-239,-3232
-322,2920,8560,462,-654,156,-3216
5548,532,7602,-492,449,-572,-3232
-3428,5584,5082,-413,71,-159,-3248
2236,-7128,11184,696,74,-60,-3200
-1184,702,7546,-454,195,-208,-3200
-1894,1734,7568,43,-185,68,-3232
1736,-4856,9400,-95,296,-174,-3216
-296,3630,7324,-314,147,-231,-3216
268,-3156,9630,238,-57,-169,-3200
1360,5478,6330,-536,465,-390,-3200
-1664,-4594,9296,-298,-193,-108,-3184
1636,-1910,7714,48,173,-268,-3232
1008,-3102,7818,-85,515,-264,-3232
-4140,-1254,7862,385,-902,384,-3200
5682,5440,7138,483,425,-313,-3184
-4108,1036,10766,-515,-272,-26,-3248
726,7280,5166,-87,-637,-13,-3200
2380,-8698,11476,237,863,-670,-3232
-3802,6810,5858,-679,-146,-54,-3248
3094,-3370,8914,705,170,-144,-3248
-1510,-2890,9188,-238,195,-145,-3232
942,6252,6806,-546,-103,124,-3232
234,-772,6676,218,276,-239,-3248
-1524,2024,6658,-267,-63,-165,-3216
2044,-136,7308,230,226,-270,-3232
-1086,4304,7876,-932,361,-319,-3232
-588,-5394,9988,234,-279,-26,-3216
4630,1986,3912,-408,460,-395,-3216
-4388,-3040,9556,329,146,11,-3232
-2620,-1680,8880,492,-818,275,-3232
4424,9578,5052,-426,543,-440,-3216
-5044,-8212,12986,530,-555,176,-3216
2392,8880,4230,-1015,-40,-308,-3200
970,-5046,10680,540,732,-483,-3264
-1606,-3820,8468,-453,-483,66,-3216
2924,7280,5052,114,461,-271,-3216
-1550,-3802,10630,371,131,60,-3216
1758,4484,6600,-707,-121,-15,-3232
-348,172,6614,266,281,-243,-3232
-1564,-8,7248,-223,-25,-126,-3216
3646,156,8042,302,485,-386,-3248
-2684,1274,8100,-976,36,-222,-3216
-168,-5058,9204,423,-257,-85,-3232
4292,610,4804,-435,707,-448,-3232
-4852,-1634,9582,329,-181,133,-3216
4190,-2480,8348,764,-610,56,-3248
2230,8740,4446,-768,521,-384,-3216
-3128,-5844,12486,770,-570,200,-3200
5236,-2984,8126,-924,279,-473,-3200
-3714,6652,4936,-217,105,-231,-3216
-338,-7812,9656,535,22,-20,-3232
1618,6250,6190,-480,290,-222,-3232
-1824,3510,6512,356,-184,102,-3248
1776,-5606,10144,-315,165,-135,-3216
-240,2182,6886,-119,251,-180,-3200
138,-2750,9104,170,23,-167,-3200
774,6128,6102,-190,508,-396,-3248
-3068,-890,8470,-514,-203,-101,-3216
2566,-1416,7658,272,82,-192,-3200
16,-3570,8086,-227,606,-315,-3200
-5036,-1348,8966,386,-861,407,-3200
5374,-2018,8644,731,183,-182,-3248
-4924,258,11456,-789,77,-155,-3248
-1590,-2362,11472,274,-679,104,-3232
4258,-6194,8440,-130,594,-617,-3200
-3544,6402,6116,-454,4,-129,-3248
948,-8742,11016,687,122,-63,-3232
634,4548,6930,-437,190,-163,-3200
-1594,5946,5320,-45,-174,107,-3232
1870,-5420,10550,-39,347,-148,-3216
-112,3436,7566,-333,126,-140,-3216
-196,-2090,7830,240,-104,-185,-3232
250,7702,5880,-558,477,-412,-3264
-2822,-3624,9158,-246,-203,-46,-3248
3934,1680,6102,-55,218,-294,-3216
-1954,-4430,8422,-3,495,-275,-3200
-5072,328,7490,326,-945,404,-3232
3580,10024,4436,-142,602,-432,-3216
-6518,-3794,12302,210,-565,100,-3216
3254,8402,4428,-884,-180,-211,-3216
438,-2360,10042,587,874,-527,-3184
-3036,4728,7822,-602,-498,18,-3200
3314,2288,5028,269,391,-256,-3232
-1102,-3836,11080,231,237,-16,-3216
68,7244,5692,-618,-86,38,-3232
1000,-3084,9092,249,257,-261,-3200
-1354,-1254,7438,-241,-39,-126,-3200
4064,786,8440,278,373,-359,-3216
-564,7258,6728,-1004,195,-289,-3216
104,-5086,8684,369,-257,-77,-3200
4018,-842,5780,-437,590,-433,-3200
-3820,-2452,8282,283,-30,117,-3216
764,-3756,9976,699,-673,163,-3216
844,7486,5546,-600,554,-409,-3200
-6174,-7160,12754,697,-628,175,-3232
4872,4472,6356,-983,193,-416,-3200
-1716,3162,6786,356,514,-446,-3248
-2062,-174,8072,-141,-359,58,-3232
3054,6264,4512,-153,473,-219,-3200
-1354,-2536,10446,497,49,29,-3232
1288,-900,7326,-730,-74,-8,-3216
-180,-1332,7128,240,249,-204,-3248
-170,-2370,9282,-171,118,-158,-3200
3008,2470,7498,213,560,-394,-3232
-1550,3068,7814,-892,-90,-196,-3216
544,-3360,7826,253,23,-216,-3200
2550,-2738,7474,-214,667,-380,-3232
-4858,-408,7804,345,-759,388,-3200
5986,1458,8184,758,24,-131,-3216
-1674,4070,8030,-758,139,-146,-3216
-460,2796,8538,342,-661,133,-3200
3376,-9700,9850,-233,582,-609,-3232
-3270,5752,4912,-422,57,-192,-3216
2124,-7166,11008,772,108,-71,-3184
-908,416,7808,-481,199,-136,-3232
-1782,1830,7792,88,-171,95,-3200
1524,-5188,9400,-90,270,-116,-3216
-294,4548,7092,-335,130,-174,-3216
602,-1628,7180,273,-16,-202,-3216
1278,5234,6306,-655,444,-377,-3248
-1284,-4498,9242,-223,-188,-86,-3232
4482,2486,4616,-50,247,-297,-3232
710,-3500,7986,0,492,-204,-3216
-4050,-1164,8212,413,-915,413,-3216
5584,6190,6674,335,470,-337,-3232
-4374,572,11010,-380,-366,64,-3264
836,7920,5102,-303,-557,-75,-3248
2334,-8932,11244,422,881,-650,-3248
-3672,6714,5666,-713,-244,-19,-3200
3090,-3034,8832,693,201,-166,-3232
-1384,-2892,9106,-167,206,-144,-3216
1064,6078,6914,-409,-64,89,-3216
2116,-5500,10650,156,382,-181,-3232
-1028,1500,6780,-286,-23,-160,-3200
2136,4,7296,300,324,-269,-3216
-1444,3394,7996,-966,231,-286,-3248
-390,-5866,9898,327,-286,-89,-3200
4748,1788,3950,-433,565,-449,-3200
-4756,-2424,9472,319,-48,91,-3216
-2068,-2102,9136,568,-742,245,-3232
3886,9878,4898,-655,517,-386,-3200
-4322,-8024,12730,696,-582,201,-3264
5672,596,7896,-1075,145,-314,-3248
738,-3188,10110,397,566,-412,-3216
-1180,-5546,8784,-39,-342,6,-3216
2248,7204,5544,-93,509,-207,-3232
-1220,-4254,11038,457,93,62,-3200
1454,4002,6562,-739,-121,2,-3216
-396,688,6638,235,245,-212,-3216
-1270,-860,7484,-162,50,-122,-3232
3834,344,8218,240,534,-376,-3200
-2728,-116,8480,-943,-22,-227,-3216
88,-4506,8762,453,-179,-112,-3232
3904,-224,5374,-399,702,-410,-3232
-5112,-1040,9074,340,-412,294,-3200
4978,-1856,8582,780,-326,-9,-3232
1288,7680,5330,-822,429,-286,-3216
-2226,-4060,11854,662,-596,203,-3216
4790,-4824,8042,-671,373,-550,-3248
-1368,2620,6588,-48,218,-305,-3232
494,-8776,10560,552,10,22,-3232
784,5098,6854,-447,358,-207,-3216
-958,-2444,10794,374,-143,111,-3232
1092,-1212,7180,-391,64,-81,-3200
192,3552,7128,-111,277,-160,-3232
-146,-2544,8298,91,45,-191,-3248
3158,2218,7756,-185,464,-407,-3216
-2978,-3710,9094,-537,-168,-109,-3232
3282,1466,6594,212,75,-202,-3264
2936,-2166,7270,-208,660,-333,-3216
-5106,-396,7996,343,-809,442,-3248
6054,20,8660,756,119,-142,-3200
-1090,4986,7496,-833,113,-192,-3232
-854,1860,8978,360,-695,80,-3216
3704,-9464,9672,-181,611,-616,-3248
-2942,6090,4764,-425,72,-207,-3200
1920,-7878,11536,766,103,-76,-3264
-576,1642,7312,-451,212,-154,-3216
-718,7388,5540,32,-197,139,-3216
1496,-4486,8944,3,343,-145,-3216
-154,4048,7282,-353,157,-190,-3200
-18,-1578,7114,234,-78,-209,-3264
2048,4076,6616,-481,475,-438,-3184
-2064,-4722,9514,-211,-162,-78,-3248
4486,2652,5210,-19,212,-267,-3216
1662,-2802,8038,-38,468,-228,-3232
-4642,32,7350,357,-942,416,-3200
6178,4756,7732,380,505,-366,-3216
-6694,-5712,12310,-394,-319,-4,-3248
192,6516,5920,-249,-615,-58,-3200
2510,-10050,11042,415,880,-652,-3200
-2888,2786,7872,-750,-291,26,-3200
1656,6640,6382,-337,507,-254,-3232
970,7532,6406,-340,-81,36,-3232
2300,-5374,10276,150,348,-233,-3200
-1182,3124,6574,-384,-84,-117,-3216
1500,-992,7278,269,94,-287,-3184
770,6724,5894,-785,486,-352,-3200
-992,-5692,10000,112,-243,-6,-3232
4716,2826,4018,-312,327,-407,-3216
-4228,-2600,9070,154,232,-133,-3248
-3274,-2738,8616,479,-854,353,-3200
5262,7620,6116,-134,580,-399,-3232
-5984,-8352,12696,108,-529,58,-3216
1560,7864,4636,-754,-224,-194,-3216
1728,-6930,11174,571,880,-568,-3248
-2038,-1894,8106,-638,-414,41,-3232
3260,-1162,7438,374,333,-277,-3200
-1384,-3628,10106,185,224,-36,-3184
1286,5662,6592,-661,-105,70,-3216
1696,-5680,10408,314,254,-192,-3232
-1316,1130,6718,-364,-38,-196,-3232
2766,150,7720,302,296,-287,-3248
94,7726,6022,-937,339,-300,-3232
-242,-4266,9146,163,-290,-65,-3232
4322,1430,4172,-354,483,-410,-3200
-4410,-3374,10122,270,115,94,-3248
-1608,-2002,9474,549,-760,244,-3248
3308,9076,4762,-426,507,-435,-3200
-4230,-7176,12632,494,-595,186,-3200
3038,8362,4338,-961,-2,-299,-3216
568,-2856,10092,521,687,-498,-3216
-1288,-5530,8730,-331,-462,59,-3200
3254,2384,5264,43,431,-196,-3232
-970,-3948,11092,431,223,19,-3232
1212,2882,6984,-748,-149,26,-3184
1232,-3516,9332,225,214,-197,-3232
-1378,-814,7126,-184,47,-139,-3200
3638,1176,8146,227,518,-338,-3200
-2762,-628,8598,-896,107,-230,-3216
-122,-4522,8982,370,-277,-103,-3216
3866,-226,5214,-385,679,-411,-3248
-4874,-730,9234,268,-300,247,-3216
490,-3444,10154,728,-534,61,-3200
1260,8272,4668,-844,506,-344,-3232
-2094,-3982,12102,537,-631,174,-3248
4674,-5006,8550,-419,469,-581,-3216
-3886,6898,5384,-269,70,-195,-3232
212,-8402,10368,619,62,-51,-3232
1260,5236,6814,-453,327,-243,-3184
-2070,5234,5540,149,-231,137,-3216
1264,-910,7226,-204,218,-134,-3232
42,2714,7254,-229,242,-193,-3200
-110,-2136,8444,171,-33,-163,-3216
3404,1820,8222,-285,453,-413,-3200
-3056,-3402,8862,-372,-191,-117,-3232
3624,1092,6628,33,170,-325,-3232
-1460,-2854,7650,-141,585,-328,-3216
-5046,-1194,8182,383,-890,395,-3184
5902,818,8266,604,319,-279,-3232
-5982,-2716,12238,-581,-64,-62,-3232
-692,2442,9454,35,-676,55,-3216
3434,-9202,9296,152,711,-658,-3216
-3162,5584,7374,-722,-107,-107,-3248
2150,-7854,11554,748,158,-126,-3200
-854,1134,7450,-263,106,-118,-3232
-310,7060,5402,-136,-113,44,-3216
1466,-4398,8602,48,405,-160,-3232
-104,4560,7500,-374,-7,-156,-3200
298,-2374,7314,251,-5,-250,-3200
-206,7900,6342,-742,434,-408,-3216
-1738,-4146,9360,-90,-187,-65,-3216
4354,2074,5132,-139,259,-329,-3200
-3038,-3840,8520,83,324,-155,-3232
-4376,-1212,8004,473,-875,377,-3216
5850,4938,7264,70,565,-380,-3248
-6500,-5376,12228,-199,-452,24,-3232
482,7182,5774,-591,-403,-162,-3200
2438,-9122,11210,430,905,-614,-3248
-2474,2168,7628,-691,-365,20,-3248
3204,5278,4380,476,279,-196,-3184
-1230,-2344,8672,181,284,-85,-3248
798,6694,6642,-600,-51,69,-3200
142,-1486,7074,309,196,-179,-3216
-600,-2968,9386,-169,108,-163,-3232
3288,2148,7736,254,452,-341,-3248
-686,3458,7908,-929,9,-211,-3216
134,-3156,7752,335,-225,-118,-3200
2990,-1678,6796,-361,682,-438,-3200
-4348,-3352,9456,371,-213,226,-3216
2254,-3022,9432,723,-491,98,-3216
-792,5252,7064,-736,498,-328,-3232
-4924,-8112,12784,770,-564,204,-3232
5538,2310,7498,-1028,247,-426,-3216
-2990,5456,4738,154,284,-346,-3216
-1748,-3678,8160,145,-201,-26,-3232
3030,7058,5158,-318,499,-172,-3200
-2054,462,8602,392,-44,99,-3248
1260,4036,6946,-559,-84,-17,-3200
-188,200,6464,62,301,-212,-3232
-102,-2144,9570,36,36,-120,-3232
1916,4400,6892,-64,502,-414,-3232
-2474,392,8580,-690,-135,-174,-3216
1230,-2788,7842,279,3,-196,-3216
1388,-2362,7568,-295,733,-371,-3232
-5122,-1780,9158,354,-685,388,-3264
4610,-2390,8838,819,-90,-88,-3216
-3648,688,10516,-800,225,-167,-3216
-2606,-5318,12168,465,-655,125,-3232
4946,-3970,8198,-355,530,-639,-3200
-3772,6822,5306,-353,104,-248,-3216
150,-8428,10048,614,64,-65,-3200
1154,5412,6746,-431,314,-216,-3200
-2080,4232,5800,185,-288,154,-3232
2216,-5402,10456,-191,241,-157,-3184
-84,2574,7338,-203,213,-192,-3216
58,-2896,9020,109,-27,-239,-3232
326,7914,5138,-422,459,-423,-3200
-3140,-2798,8632,-259,-182,-67,-3200
3180,1002,6718,-27,188,-275,-3200
-932,-3822,8110,-29,518,-246,-3248
-2724,-2278,8738,407,-918,425,-3184
5834,-102,8294,472,405,-285,-3232
-5588,-1598,12060,-496,-204,-43,-3200
2148,7618,4498,-166,-616,-22,-3216
3688,-8218,9188,253,808,-656,-3248
-3390,6074,6668,-699,-227,-17,-3216
3454,-24,6574,725,215,-163,-3232
-486,2544,7148,-151,126,-80,-3232
-666,6492,5788,-309,-114,104,-3216
1610,-4494,9614,218,342,-195,-3248
-96,3706,7326,-416,-2,-177,-3232
140,-1524,7398,253,65,-288,-3200
-70,7474,6220,-827,440,-362,-3216
-2096,-4664,9302,-44,-187,-45,-3200
4210,1966,5670,-237,324,-346,-3232
-2944,-4114,8410,176,262,-122,-3232
-556,-2498,9674,414,-883,313,-3248
6164,3552,8032,-57,598,-429,-3216
-6540,-5036,12166,-42,-545,94,-3200
4156,7022,5424,-682,-242,-179,-3232
2604,-10048,10960,523,913,-599,-3248
-2634,3188,7546,-671,-387,25,-3216
3218,4180,4516,510,266,-236,-3232
-1380,-1220,8292,146,228,-65,-3232
516,6880,6486,-555,-83,80,-3248
808,-2156,7858,294,286,-219,-3216
-858,3176,6944,-340,-65,-140,-3232
3778,1674,8080,224,433,-352,-3200
-758,5122,7296,-941,124,-224,-3216
-66,-4578,8568,370,-219,-66,-3248
3748,-1044,6082,-419,632,-412,-3200
-4118,-2638,8862,328,-234,198,-3232
1684,-3554,9744,729,-594,161,-3216
24,6116,6502,-761,554,-366,-3216
-5600,-8488,13140,772,-579,189,-3232
5320,3338,6822,-999,243,-434,-3200
-2416,4946,5452,136,342,-325,-3232
1420,-8794,11302,267,-168,28,-3200
3298,6768,5040,-330,487,-191,-3216
-1714,-1074,9404,456,-139,128,-3216
1690,-2414,7998,-569,-31,-59,-3232
-298,-306,6732,50,273,-227,-3232
-176,-2568,9610,-21,49,-129,-3248
2780,2598,7244,41,527,-398,-3216
-2100,3122,7572,-811,-121,-144,-3232
830,-3764,8166,374,-15,-139,-3232
2538,-2282,7600,-319,752,-415,-3280
-5094,-442,7526,355,-669,385,-3216
3428,-3068,8774,812,-200,-57,-3200
-2044,3390,9006,-857,369,-254,-3200
-272,3828,7942,600,-604,164,-3248
5542,-808,8086,-577,420,-585,-3216
-3592,6534,4732,-297,73,-184,-3216
2520,-6852,11066,629,44,-25,-3232
2132,6904,5812,-467,284,-174,-3200
368,7390,5712,-80,-185,87,-3216
1756,-5054,9564,-41,371,-150,-3232
-650,3998,7066,-338,35,-193,-3232
654,-1244,7000,212,-20,-238,-3232
1192,5098,6188,-560,503,-374,-3216
-1380,-4780,9786,-161,-227,-59,-3216
4444,2858,4560,-71,217,-330,-3232
772,-3978,8150,70,396,-200,-3232
-4114,-1208,7994,384,-890,416,-3216
5766,5736,6968,268,532,-352,-3216
-4026,1258,10676,-373,-366,-17,-3200
662,7590,5290,-384,-471,-80,-3232
2290,-8806,11392,374,867,-614,-3216
-3648,6448,5736,-712,-194,-29,-3232
2980,-3314,8978,646,181,-149,-3232
-1308,-2742,9044,-46,168,-72,-3232
1046,6836,6498,-388,-75,99,-3248
2056,-5184,10440,225,314,-203,-3216
-1172,2032,6728,-370,-62,-150,-3216
2000,-302,7488,257,116,-235,-3200
420,7170,5920,-875,444,-334,-3232
-262,-6016,10060,155,-230,-45,-3232
4634,2610,3650,-363,361,-365,-3216
-1106,-3940,8170,260,207,-71,-3232
-2512,-1986,8698,505,-797,323,-3184
4356,9302,5248,-535,551,-449,-3200
-5110,-8430,12952,549,-579,166,-3216
2468,8942,4068,-1001,-35,-317,-3232
1146,-5142,10814,513,722,-506,-3264
-1474,-3948,8374,-321,-482,6,-3200
2976,7540,5066,92,459,-244,-3216
-1250,-3716,10490,436,171,21,-3216
1434,3992,6974,-715,-96,14,-3232
-404,470,6452,265,224,-254,-3200
-1562,-758,7284,-219,41,-130,-3248
3694,456,8230,253,492,-394,-3184
-2600,964,8098,-984,79,-233,-3200
1440,-2672,7920,390,-36,-148,-3200
1378,-3210,8094,-311,742,-395,-3248
-5056,-1426,9442,290,-654,333,-3248
4542,-2276,8448,820,-192,-43,-3232
-3548,880,10660,-833,340,-220,-3232
-2674,-5208,12220,592,-622,204,-3216
5014,-3900,8328,-529,405,-570,-3216
-3806,6502,5198,-185,110,-221,-3200
94,-8984,10102,628,56,-79,-3232
1088,6114,6524,-472,309,-211,-3216
-1624,4400,5830,251,-159,88,-3216
1258,718,6608,-329,197,-134,-3232
-48,2274,7400,-163,253,-150,-3264
-66,-2492,8526,167,-79,-139,-3264
314,7614,5580,-288,472,-388,-3216
-3104,-3034,8896,-380,-162,-82,-3216
3292,622,6864,108,158,-268,-3232
-1200,-3652,7760,-106,570,-307,-3232
-5162,-890,8210,364,-887,375,-3216
5840,148,8260,491,433,-252,-3200
-5668,-2274,12370,-468,-260,-17,-3200
2210,8224,4384,-145,-591,8,-3216
3776,-8484,9210,268,791,-582,-3216
-3306,5716,6682,-693,-121,-66,-3232
3168,460,6618,716,220,-173,-3232
-442,1632,7664,-210,131,-114,-3216
-672,7286,5088,-320,-71,82,-3248
1362,-4306,9944,196,346,-155,-3232
-44,4486,7258,-423,-18,-139,-3232
152,-2036,7472,276,12,-228,-3248
-28,7472,6190,-840,437,-332,-3248
-1806,-4544,9104,-22,-187,-52,-3200
4334,2520,5218,-229,322,-351,-3200
-3018,-4206,8550,229,278,-56,-3200
-302,-2698,9708,382,-901,349,-3216
6040,4606,7456,-124,599,-397,-3184
-6504,-6166,12552,80,-543,83,-3200
4362,7022,5374,-811,-215,-163,-3232
2388,-10404,11288,591,860,-606,-3216
-2676,2152,7652,-618,-405,18,-3248
3448,4888,4396,418,293,-220,-3232
-1094,-1836,8550,245,270,-57,-3232
626,6826,6646,-657,-64,62,-3216
312,-1604,7252,283,215,-201,-3216
-976,2402,6730,-328,-36,-171,-3232
1646,-108,7036,273,295,-323,-3200
-832,4246,7852,-946,327,-341,-3216
-38,-4262,8118,440,-218,-145,-3216
3142,-2108,7026,-421,680,-434,-3232
-4554,-1862,8898,301,-339,217,-3232
2432,-3532,9788,780,-476,86,-3248
-852,5240,7118,-843,469,-314,-3184
-4978,-8680,12976,784,-575,218,-3200
5548,1728,7422,-903,298,-505,-3200
-2942,5924,4928,131,319,-342,-3248
-1632,-4230,8530,209,-228,43,-3232
2792,7448,5174,-372,468,-197,-3232
-1836,602,8442,405,-128,98,-3232
1736,-4098,8888,-449,60,-84,-3232
-180,182,6752,-38,284,-221,-3264
6,-2376,9562,25,49,-156,-3216
1982,4520,6582,-144,478,-401,-3216
-2584,944,8124,-637,-189,-140,-3232
1336,-2030,7750,219,74,-177,-3232
1350,-2844,7888,-226,697,-349,-3216
-5076,-1912,9370,357,-680,410,-3232
4412,-2868,8926,788,-20,-130,-3232
-3394,1472,10354,-825,189,-121,-3232
372,6632,5886,369,-635,114,-3216
5056,-3200,7742,-244,504,-635,-3248
-3628,6632,5324,-381,102,-157,-3232
2756,-4694,10044,779,146,-40,-3200
1292,5614,6828,-449,210,-163,-3216
-1966,4470,5810,97,-200,122,-3216
2038,-5294,10316,-93,325,-153,-3216
-778,2474,6978,-420,-42,-196,-3232
1484,-508,6938,261,39,-266,-3200
488,7132,5460,-779,448,-359,-3216
-588,-4818,9764,19,-203,-35,-3216
4442,2100,4218,-180,314,-348,-3232
-680,-3984,8176,161,290,-71,-3232
-2878,-1516,8548,425,-877,346,-3216
4782,7628,5988,-42,578,-421,-3216
-5450,-1090,11692,-63,-537,76,-3200
1768,8284,4474,-710,-283,-174,-3200
1462,-6068,10866,535,925,-604,-3184
-3582,5994,6494,-693,-302,28,-3232
3098,-44,6912,484,231,-205,-3232
-1062,-4114,10488,170,252,-82,-3232
1254,5116,6742,-608,-111,32,-3216
1928,-4600,10082,261,223,-230,-3216
-1434,548,6716,-344,-60,-148,-3200
3164,176,7902,267,282,-272,-3232
94,7402,6050,-891,411,-337,-3216
-148,-5316,9562,241,-259,-41,-3248
4280,800,4392,-387,461,-461,-3280
-2642,-3540,8208,298,92,-4,-3200
-1028,-2780,9690,522,-787,229,-3232
2904,9830,4504,-570,519,-427,-3232
-3558,-7156,12736,585,-578,181,-3248
3742,7628,4772,-1066,75,-346,-3216
-64,-1018,8942,522,709,-497,-3232
-796,-6550,9346,-248,-463,38,-3232
2214,7078,5928,-321,513,-198,-3216
-1166,-3404,11084,446,-47,100,-3264
1452,1840,6820,-594,-24,-50,-3200
-170,1948,6728,17,326,-219,-3232
-72,-2410,9190,2,80,-134,-3248
3974,392,8390,80,533,-377,-3248
-3268,-578,8376,-779,-142,-160,-3200
2402,-1238,7596,404,-53,-139,-3232
3996,-202,5626,-332,755,-408,-3248
-5072,-980,9212,298,-607,367,-3216
5040,-1878,8342,812,-147,-99,-3216
674,7116,5116,-864,435,-246,-3232
-2016,-3284,11666,571,-616,178,-3200
4540,-5666,8356,-600,388,-579,-3216
-1610,3412,6492,-80,124,-289,-3200
576,-8888,10472,561,22,-4,-3232
826,4798,7054,-461,318,-169,-3232
-1550,5474,5396,264,-210,61,-3216
1174,-1302,7168,-284,180,-130,-3216
-18,3182,7272,-132,285,-174,-3232
2,-2386,8232,168,14,-192,-3232
3048,2102,7772,-178,468,-414,-3248
-2832,-2896,8938,-460,-205,-96,-3216
3376,584,6860,235,85,-223,-3264
2892,-1648,7102,-221,594,-357,-3200
-5072,-1068,8140,368,-758,334,-3216
6034,58,8618,648,201,-203,-3248
-978,5268,7222,-774,165,-163,-3232
2236,7944,4330,-304,-549,-60,-3232
3516,-8052,9006,299,818,-627,-3216
-3300,5282,7350,-662,-215,-51,-3184
3254,644,6194,677,158,-148,-3200
-266,1478,7346,-103,210,-95,-3200
-702,7226,5558,-476,-75,83,-3200
1650,-4428,9840,272,324,-198,-3200
-1432,-530,6894,-409,-39,-164,-3216
-152,-1358,6992,265,109,-240,-3216
64,7346,6422,-797,433,-350,-3232
-92,-4718,9174,53,-200,-35,-3232
4392,2002,5660,-258,320,-349,-3216
-2998,-3952,8276,192,191,-52,-3216
-408,-3048,9922,440,-866,361,-3200
6106,4230,7574,-206,584,-408,-3264
-6630,-5494,12508,149,-568,123,-3216
4134,7440,4958,-822,-200,-252,-3216
2662,-10546,10970,594,902,-546,-3232
-2746,3472,7730,-625,-463,39,-3200
3536,3996,4540,414,352,-197,-3248
-1142,-2852,10926,219,278,-11,-3216
564,7010,6260,-599,-117,65,-3232
632,-1946,7686,227,273,-198,-3200
-1118,-2216,8576,-262,-41,-134,-3200
1408,-1146,7220,259,346,-310,-3216
-668,5288,7358,-939,222,-276,-3248
-58,-3966,8124,299,-267,8,-3200
4722,2522,4102,-393,559,-407,-3232
-4174,-2560,8954,282,-240,212,-3200
1694,-2850,9428,742,-512,53,-3232
-266,5768,6398,-787,499,-382,-3232
-1274,-204,10444,772,-559,171,-3216
5362,2966,7376,-886,285,-502,-3216
-2546,4934,5322,46,222,-318,-3216
1528,-8450,11416,298,-160,-30,-3264
3086,7332,4786,-412,421,-214,-3200
-1672,-850,9540,384,-115,118,-3216
1388,-3110,7920,-489,63,-106,-3216
-450,-368,6444,28,318,-232,-3232
22,-2594,9824,72,43,-172,-3232
1914,3826,6908,-15,484,-410,-3248
-2158,-4388,9276,-573,-165,-185,-3216
986,-2336,7488,216,79,-232,-3216
1938,-2082,7872,-259,634,-357,-3216
-4806,-1406,7646,422,-798,363,-3248
3592,-2692,8476,710,119,-178,-3232
-2424,2522,9334,-623,17,-91,-3216
-122,4486,7306,52,-683,73,-3248
2926,-9678,10432,114,708,-606,-3216
-3500,6024,4944,-604,-29,-131,-3232
2528,-5584,10670,723,149,-113,-3232
-1190,-1016,7932,-239,166,-127,-3232
344,7208,6314,-183,-99,115,-3216
1886,-5590,10050,141,372,-165,-3216
-726,3476,6806,-375,2,-158,-3200
880,-880,7166,253,-25,-216,-3232
846,6076,6046,-729,431,-350,-3216
-800,-4980,9664,78,-231,-21,-3232
4410,2708,4118,-314,372,-386,-3232
-3902,-3460,9050,283,147,-37,-3200
1218,-3310,9574,553,-811,282,-3216
5232,6986,6256,-397,547,-414,-3216
-5754,-7272,12618,399,-574,129,-3232
5274,4024,6756,-950,-19,-336,-3200
1904,-7306,11078,499,785,-505,-3184
-2206,-1016,7960,-406,-478,33,-3184
3304,6650,4646,181,445,-284,-3200
-1178,-3334,9784,322,236,-26,-3200
1008,5342,6834,-690,-142,42,-3216
-4,-296,6480,280,220,-230,-3216
-1318,238,7042,-223,44,-160,-3200
2902,948,7456,271,436,-341,-3200
-1758,1910,8336,-984,135,-243,-3216
614,-3572,8002,378,-247,-97,-3184
4428,848,4408,-417,612,-429,-3232
-4870,-2358,9478,350,-146,161,-3232
3704,-3194,9150,664,-632,134,-3216
3078,9700,4616,-769,511,-377,-3248
-3656,-7292,12822,781,-580,189,-3216
5438,-968,7894,-802,327,-566,-3216
-3620,6456,4836,-101,177,-290,-3216
-760,-6666,9168,421,-55,-6,-3232
2198,6770,6020,-405,434,-198,-3264
-2148,2698,6812,264,-239,95,-3232
2154,-5152,9798,-340,119,-126,-3216
-228,1792,6726,-135,301,-171,-3216
24,-2866,9656,126,-11,-185,-3200
818,6704,5640,-256,481,-433,-3200
-3170,-1222,8436,-498,-205,-114,-3248
2302,-1094,7426,149,125,-240,-3184
208,-3118,7990,-204,664,-367,-3232
-4984,-1484,9036,361,-822,403,-3168
5206,-1322,8424,651,206,-215,-3200
-4720,-380,11632,-708,96,-171,-3216
-1692,-2596,11552,224,-674,68,-3232
4384,-6128,8256,-103,623,-644,-3232
-3542,6104,6350,-581,-5,-119,-3200
3064,-2176,8228,767,124,-143,-3216
258,3814,7266,-393,125,-137,-3216
-1446,5856,5248,12,-177,75,-3200
1948,-4824,10386,-2,368,-164,-3232
64,3934,7252,-327,94,-205,-3216
-36,-2310,8092,223,-38,-224,-3216
154,7098,5842,-588,422,-393,-3200
-2680,-3626,8784,-198,-151,-112,-3232
3710,1088,6562,-15,216,-317,-3216
-1752,-3654,7798,-31,387,-200,-3216
-5012,-1254,7968,450,-880,401,-3232
6034,788,8584,345,505,-359,-3232
-6160,-2580,11914,-347,-390,10,-3200
2936,7212,4888,-297,-541,-62,-3248
3332,-9160,9810,332,872,-638,-3216
-3228,4686,7368,-691,-210,-33,-3232
3364,1638,5318,656,180,-178,-3232
-782,802,7390,-141,220,-111,-3184
-246,7100,5876,-343,-121,72,-3216
1344,-3568,9250,154,388,-182,-3232
-324,3732,7454,-378,-53,-147,-3200
214,-1296,6960,203,116,-253,-3200
-136,6740,6826,-861,422,-391,-3232
-188,-4856,8650,83,-241,-13,-3216
4458,2628,4888,-281,351,-387,-3216
-3208,-3964,8568,250,232,-64,-3200
58,-3496,10496,443,-827,308,-3232
6060,5494,7600,-250,562,-405,-3216
-6678,-6676,12324,276,-613,130,-3248
4756,7040,5458,-864,-202,-245,-3232
2430,-10126,11330,630,914,-497,-3232
-2490,2046,7942,-651,-433,71,-3216
3328,5322,4098,358,353,-236,-3248
-1668,-1936,8600,174,224,-30,-3200
998,7112,6518,-655,-85,86,-3232
218,-1748,7586,235,220,-227,-3232
-686,-2342,8478,-304,-87,-134,-3216
1606,-880,7000,289,427,-317,-3248
-896,5306,7522,-946,281,-271,-3232
50,-4434,8300,305,-284,-58,-3232
4734,2692,3976,-420,510,-427,-3216
-4340,-2638,9002,316,-17,125,-3184
1980,-2866,9664,611,-725,241,-3200
5026,7958,6022,-541,534,-401,-3232
-5904,-8218,12642,662,-583,193,-3232
5420,3014,7206,-996,112,-333,-3216
1510,-6226,11080,458,654,-479,-3200
-1738,-2286,8006,-188,-409,47,-3200
2986,6804,4950,-89,516,-238,-3232
-1360,-1010,9540,471,92,89,-3216
1530,5870,6328,-720,-85,-1,-3216
-322,-716,6972,262,223,-221,-3232
-66,-2610,9460,-168,71,-93,-3200
2880,-178,8060,227,521,-367,-3232
-2142,2568,7814,-979,-9,-212,-3216
774,-3228,7998,402,-200,-92,-3216
4564,1294,4204,-367,689,-404,-3232
-4520,-3106,9896,402,-339,218,-3200
3286,-2918,8906,694,-549,68,-3216
-1934,3940,8524,-802,505,-331,-3216
-4080,-7238,12744,670,-554,183,-3232
5488,180,7532,-878,314,-520,-3248
-3434,6070,4692,-2,211,-279,-3216
-1052,-5628,8644,403,-97,-8,-3232
2524,6918,6020,-387,382,-163,-3232
-2014,2052,7284,363,-150,82,-3248
1706,-4964,9534,-398,26,-93,-3216
-232,1398,6430,-28,322,-190,-3200
100,-2986,9860,89,23,-162,-3200
1210,5318,6064,-158,448,-380,-3200
-2826,-596,8278,-585,-163,-148,-3216
1830,-1922,7876,268,76,-200,-3216
858,-3162,8122,-239,703,-359,-3232
-5012,-866,9142,308,-797,379,-3232
4770,-2116,8410,807,46,-130,-3216
-4024,754,11184,-842,223,-161,-3216
-2276,-4260,12264,407,-660,138,-3200
4846,-5132,8184,-258,542,-615,-3232
-3768,6390,5684,-339,71,-174,-3216
3138,-3252,8988,669,89,-54,-3216
1248,5636,6502,-429,230,-193,-3264
-1870,4862,5690,95,-191,107,-3232
2116,-5264,10516,-178,315,-149,-3248
48,2678,7618,-258,175,-171,-3216
-324,-2324,8270,164,-106,-208,-3216
346,7566,5718,-449,465,-401,-3232
-3130,-3448,8850,-243,-187,-49,-3232
3636,1136,6548,23,167,-306,-3216
-1348,-3150,7856,-53,485,-251,-3216
-5150,-592,8132,400,-908,412,-3232
5882,34,8604,143,577,-310,-3200
-5988,-2646,12190,-4,-530,62,-3216
2446,8612,3982,-629,-382,-157,-3232
1120,-4426,10778,565,904,-568,-3200
-3178,5610,7222,-735,-371,57,-3216
3234,618,6020,526,283,-191,-3248
-1718,112,8746,370,-154,62,-3216
1428,-4048,8614,-258,281,-201,-3216
-158,4006,7570,-216,187,-168,-3216
314,-1812,7022,165,-59,-171,-3216
1686,4552,6596,-487,432,-376,-3216
-1762,-4978,9418,-290,-153,-90,-3232
4436,2366,5314,-12,218,-336,-3232
1240,-3162,8270,-88,487,-225,-3248
-4596,-624,7524,422,-905,397,-3184
5988,4920,7606,458,416,-284,-3200
-3330,1588,10234,-477,-253,-35,-3232
230,6592,6060,-145,-650,-19,-3216
2628,-9850,11022,265,802,-658,-3216
-3592,6180,5088,-686,-97,-70,-3232
2762,-4042,10020,743,176,-159,-3264
-1216,-2106,8250,-149,163,-99,-3264
780,7460,6534,-299,-71,37,-3216
1788,-5922,10772,198,341,-150,-3216
-696,3178,6532,-453,-64,-180,-3232
1414,-640,7222,267,82,-292,-3232
246,7010,5726,-809,398,-383,-3216
-218,-5696,9828,29,-167,-59,-3216
4532,2728,3822,-235,315,-363,-3232
-618,-3780,8046,182,290,-121,-3232
-2960,-1804,8700,425,-886,358,-3248
4626,8276,5838,-68,605,-403,-3216
-5480,-1566,11906,-26,-534,68,-3200
1732,8382,4272,-725,-281,-197,-3200
1472,-6408,11100,597,876,-584,-3200
-1786,-3000,8304,-623,-395,24,-3216
3314,-386,6708,390,333,-227,-3216
-874,-3746,10378,178,278,-57,-3232
984,4650,6914,-662,-110,85,-3232
1720,-4406,9800,262,248,-217,-3216
-1266,-472,7172,-287,2,-153,-3248
3238,576,7712,245,263,-252,-3264
-82,7922,5812,-946,283,-265,-3200
-96,-5214,9412,284,-256,-45,-3216
1770,-2812,7998,-119,616,-316,-3232
-4752,-138,7602,353,-932,390,-3232
6096,4256,7542,307,498,-331,-3232
-6482,-5744,12664,-286,-365,37,-3232
160,6164,6522,-515,-443,-81,-3232
2744,-10552,11046,463,886,-625,-3216
-2886,3208,7710,-757,-302,12,-3248
2612,-5256,10342,658,208,-175,-3232
-1458,-1302,8186,-14,182,-73,-3232
740,6972,6656,-439,-92,98,-3216
2106,-5576,10306,183,346,-201,-3200
-676,2710,7140,-383,-61,-146,-3232
1322,-330,6742,243,118,-268,-3232
-780,5398,7372,-852,429,-363,-3248
-810,-5474,9820,121,-241,-8,-3216
4762,2758,4202,-312,367,-400,-3200
-4260,-2486,8888,169,184,-37,-3232
-3286,-2384,8458,561,-816,325,-3248
5106,7518,6148,-289,571,-385,-3216
-5640,-8128,12648,230,-595,91,-3232
1670,8080,4610,-842,-128,-255,-3264
1504,-6552,11078,538,756,-536,-3232
-1854,-2496,8030,-485,-414,-13,-3216
3014,-672,7004,335,344,-234,-3200
-970,-4174,10464,339,284,-46,-3232
1192,5500,6586,-720,-125,81,-3232
-206,-68,6452,320,196,-237,-3184
-1344,698,6726,-293,33,-185,-3216
2920,158,7776,307,365,-292,-3232
-1816,1440,8374,-954,170,-292,-3232
-110,-4528,9244,286,-236,-87,-3216
4026,502,4514,-350,581,-433,-3216
-4532,-2784,9786,343,-3,88,-3232
-1224,-2024,9530,570,-696,184,-3232
2870,9728,4348,-654,479,-408,-3200
-3588,-7186,12878,648,-532,199,-3216
3518,7556,5008,-1062,116,-333,-3232
-2992,3944,7644,-680,-168,-41,-3216
2350,6394,6336,-268,508,-209,-3248
-2066,2930,6800,414,-5,84,-3216
976,1740,6950,-516,-96,-12,-3216
206,2230,6252,-38,311,-256,-3216
-136,-2780,9606,32,103,-163,-3232
3658,970,8524,-57,432,-357,-3200
-3012,-1066,8270,-685,-138,-206,-3216
1996,-1392,7810,327,22,-165,-3248
3976,-542,5734,-266,723,-353,-3232
-5004,-622,9124,238,-666,361,-3232
4862,-1570,8188,819,-191,-123,-3216
-4238,152,11474,-864,356,-249,-3248
-2046,-3310,11752,573,-630,137,-3232
4650,-5870,8190,-488,446,-602,-3200
-3742,6956,5650,-321,80,-221,-3232
502,-8782,10620,628,69,-20,-3216
908,4858,6906,-437,273,-186,-3184
-1984,5318,5428,169,-235,107,-3200
1162,-1420,7220,-174,249,-184,-3264
-12,2718,7566,-225,277,-197,-3216
-240,-1726,8060,160,-57,-206,-3248
3476,1324,8220,-240,492,-450,-3232
-3246,-3102,8834,-378,-216,-117,-3200
3578,1332,6614,145,121,-275,-3216
-1168,-3220,7930,-141,594,-323,-3216
-5074,-894,8094,348,-883,381,-3232
5914,34,8544,637,324,-214,-3232
-5810,-2132,11952,-615,-37,-101,-3200
-874,1754,9464,69,-667,-1,-3216
3546,-8712,9190,92,731,-651,-3248
-3264,5390,7258,-583,-39,-150,-3232
1936,-8056,11468,764,148,-126,-3232
-596,1766,7328,-342,129,-163,-3248
-536,7078,5538,-98,-135,110,-3216
1500,-4054,8614,11,357,-153,-3200
-174,4012,7488,-403,63,-196,-3232
-124,-1714,7120,218,-64,-195,-3248
-2316,900,8198,-867,-22,-236,-3232
1056,-3090,7996,351,-87,-128,-3232
1828,-2880,8126,-301,703,-364,-3232
-4680,-2626,9880,356,-640,315,-3232
3900,-2642,8564,768,-74,-121,-3200
-2762,2704,9466,-837,414,-226,-3184
-3256,-6354,12636,572,-609,152,-3232
5196,-1890,7814,-551,407,-557,-3200
-3586,6314,4804,-213,104,-188,-3232
2616,-5200,10688,592,22,-8,-3216
2154,6294,6574,-442,280,-182,-3184
-2228,3534,6340,172,-192,56,-3232
1980,-5330,10148,-197,219,-131,-3232
38,2382,6672,-226,287,-216,-3216
-102,-2606,9266,182,-31,-175,-3216
808,5894,6034,-246,431,-370,-3232
-2816,-1586,8478,-407,-145,-106,-3200
2458,-1008,7772,113,137,-226,-3232
108,-3204,7748,-171,575,-335,-3216
-5134,-1126,8814,355,-845,385,-3200
5318,-1326,8344,628,274,-198,-3232
-4742,-404,11626,-633,-26,-130,-3232
1126,8372,4486,95,-697,50,-3216
4364,-6448,8480,72,687,-623,-3248
-3688,6660,6170,-585,-29,-123,-3232
3322,-1928,7858,747,134,-174,-3232
530,3900,6930,-358,205,-172,-3248
-1708,5886,5498,-147,-177,143,-3248
2268,-5006,10360,218,361,-185,-3232
-1732,898,6806,-330,-57,-177,-3232
2794,-60,7748,235,83,-279,-3216
300,7730,5724,-873,418,-325,-3216
-298,-5404,9872,108,-209,-27,-3232
4526,1404,4048,-344,375,-365,-3232
-2106,-3564,7832,182,216,-53,-3216
-1642,-2766,9594,554,-804,307,-3216
3342,9732,4596,-305,556,-371,-3232
3124,8254,4306,-696,-383,-143,-3216
-3536,6480,4402,-279,101,-203,-3216
2374,-6734,11164,675,74,-57,-3248
2306,7084,5790,-469,301,-226,-3232
-2016,1938,7386,176,-224,110,-3200
1958,-5020,9446,-221,254,-130,-3248
-110,1076,6530,-171,266,-145,-3200
160,-2316,9566,161,-31,-150,-3232
906,5446,6036,-380,435,-359,-3232
-1172,-4666,9790,-399,-183,-110,-3216
2076,-1486,7602,70,171,-295,-3216
594,-3278,7856,-174,564,-280,-3232
-4104,-2052,8126,419,-864,394,-3232
4902,-1440,8432,501,362,-251,-3232
-4258,540,11138,-575,-71,-91,-3216
898,7714,5098,-103,-652,15,-3216
4746,-5066,8226,90,714,-625,-3200
-3506,6294,6086,-682,-81,-116,-3232
2952,-2762,8480,757,154,-134,-3248
704,4350,6752,-350,164,-131,-3232
-1644,5932,5340,-156,-100,68,-3232
1888,-5228,10528,119,347,-157,-3232
-1050,1394,6718,-352,28,-182,-3216
-230,-2318,8162,238,10,-208,-3216
444,7570,5880,-676,417,-402,-3200
-226,-5478,9646,-102,-155,-75,-3232
3378,898,6662,-147,234,-294,-3216
-1402,-3926,7982,280,229,-19,-3232
-2208,-1608,9002,513,-832,313,-3232
3850,8998,5060,-375,567,-396,-3232
-4410,-7810,12920,366,-584,153,-3216
2744,8346,4672,-971,-61,-299,-3248
768,-3574,9932,537,699,-467,-3216
-1242,-4886,8826,-462,-440,67,-3232
3390,1902,5502,113,438,-276,-3232
-888,-4032,10958,333,258,2,-3216
964,3484,6808,-682,-154,61,-3216
-244,3572,7402,-317,132,-180,-3232
1532,5214,6336,-125,449,-420,-3200
-2610,-142,8486,-548,-190,-150,-3232
1456,-2170,7684,272,60,-250,-3248
976,-3834,8110,-138,670,-367,-3216
-5180,-750,8896,308,-731,387,-3232
4900,-2276,8798,790,132,-211,-3200
-4208,348,11134,-828,176,-191,-3216
-2036,-3608,11772,364,-679,164,-3200
4656,-5584,8364,-224,551,-615,-3264
-3778,7138,5664,-539,0,-162,-3232
3056,-3274,8710,753,98,-84,-3216
722,5508,6436,-438,193,-127,-3216
-1810,5038,5478,119,-196,134,-3232
2170,-5420,10780,-67,367,-176,-3232
82,3060,7704,-331,70,-201,-3232
-254,-2744,8284,173,-116,-198,-3216
228,8068,5298,-562,493,-402,-3184
-3116,-3432,8768,-237,-145,-67,-3232
3624,1286,6610,-70,230,-253,-3232
-1548,-3302,7842,-57,454,-211,-3216
-5086,-1060,8156,417,-910,384,-3200
5922,328,8422,399,454,-287,-3200
-5932,-2368,12094,-398,-322,-4,-3232
2574,7796,4492,-259,-577,-68,-3216
3456,-9344,9558,367,868,-615,-3184
-3162,5460,7154,-704,-164,-16,-3232
3120,1100,5808,717,221,-136,-3200
-914,1416,7334,-180,141,-81,-3248
-294,6992,5768,-373,-56,106,-3248
1314,-4046,9552,243,320,-174,-3216
-84,3836,7392,-423,-55,-179,-3200
3472,446,8262,286,361,-346,-3232
-188,6728,6670,-956,280,-269,-3184
-76,-4726,8804,315,-268,-92,-3216
4094,552,4854,-406,496,-415,-3232
-2952,-3962,8582,410,10,69,-3232
4604,-2814,8976,668,257,-239,-3200
-6446,-5900,12274,451,-561,176,-3216
4460,6408,5940,-1009,49,-309,-3216
-902,1036,7520,485,649,-475,-3248
-2720,2312,7538,-341,-460,22,-3232
3306,4752,4412,44,481,-253,-3232
-934,-2724,11052,387,194,14,-3216
968,6896,6726,-674,-164,33,-3200
354,-1532,7226,241,207,-199,-3264
-640,-2566,8828,-180,134,-122,-3200
3728,1738,8200,190,461,-327,-3248
-650,4748,7792,-951,47,-231,-3248
-312,-4574,8190,397,-249,-87,-3232
3456,-1900,6640,-383,636,-423,-3232
-4394,-2558,9040,386,-163,163,-3216
2044,-3272,9998,716,-592,138,-3216
-432,6474,6256,-848,515,-354,-3216
-5502,-8786,12846,782,-580,197,-3232
5696,3154,6922,-973,332,-475,-3232
-2672,5500,5268,194,374,-361,-3216
-1834,-2812,8464,128,-330,49,-3232
2988,7134,4844,-318,522,-230,-3232
-1726,-276,9006,456,-77,74,-3264
1702,-3058,8422,-573,-30,-14,-3248
-156,330,6576,59,300,-226,-3248
-178,-2502,9588,-50,59,-141,-3200
2600,2416,7294,84,504,-366,-3200
-2288,2534,7718,-858,-136,-172,-3248
852,-3424,8086,424,-100,-150,-3216
2398,-2960,7964,-281,756,-382,-3184
-4738,-2448,9854,320,-576,350,-3232
3744,-3072,8816,836,-179,-72,-3232
-2362,2908,9168,-897,425,-303,-3216
-3782,-6726,12642,660,-576,211,-3168
5362,-1394,8092,-665,372,-570,-3200
-3602,6748,4492,-203,101,-250,-3232
2516,-6698,11318,591,-8,-46,-3248
2128,7228,6054,-497,293,-168,-3248
528,7952,5834,-726,-81,34,-3200
726,-3378,8780,314,181,-191,-3248
-944,-1362,7612,-245,104,-194,-3232
3794,1278,8346,291,518,-329,-3216
-408,6634,7102,-944,99,-264,-3232
-12,-4592,8316,362,-244,-103,-3200
4064,-590,5754,-361,656,-450,-3232
-5052,-1012,9236,328,-150,183,-3216
736,-2944,9934,662,-632,118,-3248
1116,7666,4990,-749,527,-373,-3248
-2200,-3830,11958,724,-554,203,-3232
4840,5280,6110,-953,273,-469,-3200
-1282,2034,7158,245,424,-401,-3216
164,-8398,10486,186,-243,4,-3216
3252,5428,4556,-271,459,-234,-3232
-1070,-2248,10436,469,-26,47,-3200
970,-1176,7380,-665,-109,-42,-3216
24,-1320,6940,187,282,-185,-3232
-264,-3064,9440,-56,116,-141,-3232
3110,1722,7792,76,472,-389,-3232
-2958,-2660,8804,-835,-115,-167,-3216
36,-4212,8218,389,-79,-179,-3248
3322,-1706,6972,-308,727,-379,-3200
-5130,-2,7932,314,-539,316,-3200
2526,-3514,9472,820,-183,-89,-3200
-882,5286,7150,-908,431,-231,-3248
-1020,1334,9538,618,-605,148,-3216
5570,2030,7354,-712,403,-520,-3200
-2958,6000,4642,-128,126,-250,-3264
1722,-8206,11560,523,-40,21,-3216
3062,7308,5158,-427,389,-231,-3232
-1846,366,8814,288,-165,80,-3200
1518,-3894,8504,-295,158,-120,-3232
-156,3878,7528,-140,316,-160,-3248
-114,-2702,9856,158,-10,-149,-3216
2012,3914,6700,-193,476,-372,-3200
-2144,-4996,9688,-428,-179,-94,-3232
1198,-2774,7996,213,100,-250,-3216
-3112,-3420,8136,317,72,58,-3232
-298,-3822,10322,693,-624,80,-3200
1988,8996,4324,-797,517,-350,-3264
-2834,-5294,12330,806,-542,221,-3232
4994,-3854,8306,-901,294,-485,-3200
-790,1432,7746,186,292,-388,-3248
-188,-8516,10020,307,-164,-31,-3216
1622,6412,6382,-367,479,-237,-3232
-902,-3382,11126,455,-56,73,-3232
1030,954,6684,-623,-63,-76,-3216
-30,2238,7230,91,319,-215,-3248
-722,-2476,8766,-2,92,-158,-3232
3618,1292,8350,35,490,-403,-3232
-3072,-2784,8844,-740,-181,-206,-3248
3084,468,6868,43,166,-273,-3216
-772,-2930,7704,-170,559,-297,-3200
-5078,-1240,8406,410,-873,443,-3200
5718,-778,8554,637,308,-203,-3216
-5578,-1270,12036,-621,-71,-70,-3216
-1076,276,10548,32,-708,63,-3232
3786,-8050,8562,77,706,-621,-3264
-3262,5586,7036,-602,-9,-115,-3216
1462,-7864,11340,761,135,-128,-3200
-72,2142,7372,-312,163,-108,-3200
-1002,6982,5276,-152,-89,106,-3232
1516,-4632,10336,71,346,-137,-3216
190,4082,7512,-427,34,-143,-3248
-90,-2266,7328,276,-39,-188,-3232
-70,7714,6018,-773,402,-327,-3232
-1918,-4300,9034,-79,-167,-117,-3216
4126,2072,5630,-139,265,-358,-3216
-2542,-3762,8286,45,405,-168,-3232
-4646,-574,7670,399,-870,357,-3200
5930,4156,7844,185,536,-337,-3216
-6600,-4544,11998,-244,-439,69,-3216
-124,6006,6464,-461,-533,-88,-3232
2960,-9836,10634,455,916,-633,-3200
-754,-6998,9324,446,-92,5,-3216
-810,-3216,11276,427,172,-5,-3232
820,1150,6830,-667,-188,-9,-3200
158,2110,6818,99,262,-257,-3264
-890,-2134,8192,-10,80,-171,-3200
3700,966,8380,94,518,-399,-3200
-2952,-1698,8450,-801,-158,-147,-3216
-94,-4214,8192,448,-69,-175,-3200
3404,-1726,6812,-331,738,-390,-3200
-5132,-914,8658,315,-609,315,-3232
5570,-978,8384,803,-251,-22,-3216
-148,6554,5966,-857,358,-236,-3248
-1252,132,10530,594,-576,165,-3232
4006,-8064,8816,-559,414,-546,-3200
-2394,5346,4964,-196,130,-244,-3216
1174,-8426,11296,611,33,-30,-3216
8,2816,7328,-464,374,-168,-3232
-1798,-522,9708,233,-234,129,-3232
1252,-3404,8226,-291,141,-76,-3216
36,4190,7176,-205,233,-185,-3216
-154,-2460,9468,163,-16,-162,-3232
2400,3474,7310,-330,470,-406,-3232
-2328,-5096,9238,-438,-208,-129,-3216
4282,2384,5636,116,139,-221,-3216
1918,-2244,7822,-125,574,-256,-3248
-4772,-550,7726,364,-867,403,-3232
6138,3498,7810,574,320,-247,-3232
-2530,1946,9514,-680,56,-94,-3216
-152,5044,7262,-37,-682,28,-3216
2832,-10056,10514,48,663,-660,-3200
-3604,6468,4860,-648,-84,-86,-3232
2454,-5628,10714,803,145,-73,-3216
-1184,-814,7876,-327,139,-119,-3216
-1982,3704,6354,-98,-142,89,-3232
1868,-5740,10168,72,385,-139,-3232
-540,3434,7002,-436,25,-172,-3232
942,-506,6714,264,-2,-240,-3200
-3016,-1752,8370,-618,-163,-199,-3216
3646,-688,6022,-371,645,-436,-3216
-4984,-1234,9008,310,-246,193,-3216
1208,-2684,9744,705,-536,99,-3216
594,6736,5574,-735,510,-378,-3232
-1772,-1990,11352,703,-574,152,-3264
5184,4290,6740,-964,247,-427,-3216
-1964,3204,6116,158,333,-364,-3216
510,-8242,11052,192,-236,-20,-3232
3232,6094,4864,-352,458,-235,-3200
-1298,-788,9750,402,-12,50,-3248
1054,-2626,8048,-516,-46,-85,-3216
228,3790,7266,-35,315,-251,-3248
-332,-3014,9698,105,37,-174,-3216
2816,2358,7448,-51,432,-376,-3232
-2646,-3048,8962,-663,-122,-184,-3232
234,-4010,8328,340,-1,-167,-3216
2894,-1792,7180,-282,706,-379,-3248
-5186,-70,7784,308,-665,303,-3232
3060,-3216,9212,848,-78,-146,-3200
-1586,3726,8300,-924,356,-232,-3248
-642,3658,8194,476,-664,159,-3248
5630,474,7566,-511,420,-618,-3232
-3368,6610,4482,-307,104,-253,-3232
2050,-7532,11474,634,23,-58,-3248
2858,7304,5686,-473,338,-227,-3232
-2234,1480,7672,222,-208,79,-3232
2078,-4596,9236,-213,273,-99,-3232
-476,3726,7348,-207,280,-183,-3248
-86,-2568,9702,162,-75,-214,-3216
1414,4534,6390,-247,479,-382,-3200
-1686,-4824,9802,19,-234,-58,-3200
4490,2624,4804,-274,330,-394,-3232
-3208,-3080,8126,137,209,-79,-3232
258,-3630,10282,553,-811,339,-3216
6204,5420,7674,-217,571,-379,-3184
-6664,-5932,11966,98,-561,64,-3232
4856,-3994,8064,-503,418,-614,-3216
-2582,2090,7796,-541,-455,36,-3232
3336,4830,4316,220,392,-242,-3232
-1070,-3018,11118,283,240,-36,-3216
1028,7474,6384,-728,-141,15,-3248
310,-2134,7452,290,233,-227,-3232
-600,-2492,8860,-279,38,-151,-3232
1660,-550,7212,260,412,-339,-3216
-816,4720,7684,-901,180,-267,-3216
-20,-3654,7778,259,-282,-55,-3248
4512,2204,4142,-320,554,-434,-3232
-3906,-3606,9392,339,-53,93,-3232
1588,-2254,9392,568,-700,210,-3216
5148,7286,6552,-514,528,-406,-3200
-5904,-7430,12136,611,-599,159,-3232
5462,3850,7274,-1015,190,-380,-3232
-2474,4318,5344,396,563,-491,-3216
-2068,-1330,7926,-125,-429,41,-3184
3232,6516,4676,-65,508,-285,-3232
-1340,-704,9770,447,169,29,-3200
1336,5442,7038,-727,-148,18,-3248
-174,78,6142,185,299,-234,-3248
-406,-3126,9986,-122,101,-151,-3232
2652,318,7894,190,467,-372,-3232
-1794,1698,8382,-855,-17,-248,-3248
542,-3568,7888,376,-227,-150,-3248
4396,1318,4024,-371,701,-383,-3232
-4638,-2490,9898,344,-391,228,-3264
3426,-2994,8772,788,-441,24,-3200
-2094,3222,8970,-806,509,-314,-3216
-3816,-7586,12880,765,-526,201,-3216
3112,-10132,10232,319,864,-604,-3216
-2998,4470,7878,-742,-204,14,-3216
2526,-6314,11298,674,148,-174,-3232
-1142,-282,7686,-134,190,-125,-3232
130,6930,6142,-286,-122,93,-3248
1074,-2608,8592,181,387,-161,-3216
-54,-2282,9510,31,64,-131,-3232
1134,5348,6060,-264,442,-433,-3216
-1176,-5490,9908,-402,-190,-99,-3216
2138,-1010,7512,31,171,-274,-3184
522,-3402,7984,-101,589,-273,-3200
-4028,-1782,7944,402,-918,423,-3232
5084,-1276,8148,603,338,-265,-3184
-4544,-64,11550,-578,-90,-95,-3216
966,8038,4692,-67,-697,16,-3232
4428,-6008,8436,179,742,-644,-3232
-3738,6232,6146,-718,-142,-61,-3232
3458,-2184,8194,797,189,-129,-3248
484,4254,6936,-318,162,-117,-3232
-1396,6002,5166,-136,-132,83,-3232
1846,-5378,10562,92,407,-210,-3232
-1376,1590,6492,-396,-3,-174,-3216
-270,-2470,7880,263,17,-278,-3248
202,7974,5774,-740,453,-393,-3232
-152,-4940,9406,-15,-170,-89,-3232
3926,1022,6458,-133,244,-324,-3216
-1882,-3082,7668,225,187,-29,-3232
-1756,-2632,9612,542,-779,337,-3200
3482,8838,5010,-462,550,-397,-3232
-4190,-6682,12266,374,-598,161,-3216
2974,7758,4698,-921,15,-292,-3248
698,-2018,9686,454,750,-482,-3232
-1164,-6302,8840,-326,-424,49,-3232
3176,2370,5154,118,421,-241,-3248
-640,-3864,11040,429,242,17,-3216
930,2936,6802,-751,-129,72,-3200
1096,-2796,8878,297,140,-200,-3232
-1090,-1406,7570,-275,84,-128,-3216
3534,1176,8168,265,425,-281,-3216
-210,6378,6796,-936,141,-255,-3232
-16,-4484,8472,345,-236,-98,-3232
3934,-604,5650,-396,586,-411,-3248
-3384,-3640,8818,360,-73,129,-3232
5666,5686,7114,-396,563,-421,-3232
734,7784,5110,-574,-393,-167,-3216
2184,-8798,11408,522,924,-609,-3216
-2470,314,7646,-699,-382,18,-3232
2968,-2754,8446,481,263,-208,-3232
-1080,-2852,9070,100,275,-73,-3248
914,6086,7000,-567,-81,51,-3248
2448,-4762,10646,247,267,-234,-3232
-1394,1054,6738,-340,-38,-169,-3232
2368,290,7292,250,265,-304,-3232
-1312,3080,8058,-954,379,-299,-3248
-222,-5678,9798,311,-264,-25,-3216
4626,1250,4194,-370,437,-389,-3232
-4906,-2400,9394,323,42,16,-3232
-2182,-2416,9252,556,-814,263,-3216
3916,9688,4952,-544,549,-440,-3248
-4140,-7632,12790,522,-576,153,-3232
3134,8542,4442,-1060,62,-301,-3232
622,-2620,9564,505,712,-454,-3216
-1220,-5998,9114,-274,-429,28,-3216
3522,1924,5390,99,460,-203,-3232
-1252,-3814,11106,378,163,47,-3232
1320,3286,6498,-702,-171,20,-3216
-66,1016,6894,242,272,-229,-3216
-1080,-766,7784,-247,15,-103,-3232
3960,162,8272,293,495,-346,-3232
-3034,-420,8530,-1023,72,-231,-3216
-148,-4636,8728,469,-228,-53,-3184
3940,-880,5652,-403,666,-397,-3200
-5218,-864,9060,332,-274,223,-3200
600,-3278,10006,771,-485,104,-3232
1178,7558,5318,-766,495,-353,-3216
-2032,-3462,11856,725,-556,199,-3216
5100,4840,6552,-956,226,-462,-3232
-1536,2632,6444,117,315,-395,-3264
422,-8642,10732,364,-96,-10,-3232
582,4894,6758,-385,440,-201,-3216
1310,6836,6556,-691,-100,36,-3216
-1084,1478,6926,-387,-46,-190,-3216
2172,-104,7392,206,92,-307,-3216
260,7514,5770,-859,426,-321,-3248
-318,-5438,9554,78,-203,-50,-3200
4640,1748,4028,-285,356,-362,-3200
-1378,-3720,8188,237,198,-32,-3232
-2304,-1356,8672,443,-885,358,-3248
4140,9138,5330,-224,569,-381,-3248
-6076,-2608,12110,125,-591,70,-3200
2528,8042,4558,-875,-140,-226,-3200
966,-4018,10118,547,886,-590,-3216
-3362,5238,7050,-612,-385,16,-3264
3324,1482,5702,411,310,-205,-3232
-878,-3962,10826,284,252,-33,-3232
1136,3742,6936,-678,-107,57,-3216
1652,-3864,9498,252,244,-230,-3248
-1260,-670,7162,-316,-1,-182,-3232
3558,666,8064,237,322,-304,-3232
60,6950,6488,-937,334,-322,-3248
-230,-5262,8902,335,-278,-55,-3216
4304,208,4988,-440,489,-435,-3200
-3176,-3912,8622,442,-2,78,-3200
-202,-3976,10518,554,-763,220,-3248
2112,9278,4356,-659,546,-445,-3216
-6578,-6908,12494,657,-549,187,-3232
4646,7058,5642,-1117,90,-366,-3200
-792,1318,7286,479,618,-463,-3200
-210,-8704,10546,-202,-436,9,-3248
3530,5302,4358,-111,523,-230,-3216
-1158,-3072,10822,477,135,45,-3232
1284,286,7156,-726,-170,-55,-3232
440,-1684,7482,175,261,-214,-3200
-784,-2688,8918,-59,83,-135,-3248
