AcX,AcY,AcZ,GyX,GyY,GyZ,Tmp
-658,11346,6104,-1088,227,-106,-3008
38,-7412,9250,527,-117,-137,-3024
3364,4500,3358,-1755,647,-546,-2992
-5128,1940,8988,1118,-677,275,-2992
3398,-4198,13016,-336,20,-142,-2960
-3234,1574,4522,-214,-251,30,-2976
1386,2318,7168,286,-447,-140,-3008
1492,-4040,11474,420,560,-533,-2976
-2138,6254,11040,-734,77,-36,-2992
-1738,-936,7464,337,-608,31,-3008
4188,-1574,9228,-643,657,-315,-3024
-2026,1264,5204,208,316,33,-3024
362,-2374,7578,371,20,-124,-2992
-834,11834,5784,-305,334,-282,-3024
-836,-10810,11876,-211,-171,5,-2992
5444,15864,-3618,-948,276,-545,-2992
-1928,-12388,12418,707,152,-45,-2992
406,3376,3998,34,-725,192,-2992
660,496,10310,-486,429,-317,-2992
-1438,1460,4274,639,-663,177,-3024
4282,5690,3248,-579,291,-493,-3024
-1738,8294,8646,366,291,-263,-2976
-3070,-2640,14256,-430,-445,219,-3008
4592,5218,2670,-612,193,-245,-3008
-580,-7196,11228,489,594,-161,-3008
816,-1972,6616,226,75,11,-2976
1486,2240,9006,416,431,-298,-3008
-2094,544,8856,-1120,-23,-17,-3040
2760,3362,7248,779,32,-471,-3008
1954,-3462,8968,-623,779,-315,-2960
-3966,6408,5856,-55,-1007,347,-3008
4926,5216,342,-487,447,-363,-3008
-4092,-14162,18556,1003,-392,131,-2992
1670,1684,10958,-631,-79,-313,-2992
1634,10,6042,426,480,-522,-2992
-2460,3264,9074,-569,-33,72,-2992
3326,832,9316,154,-381,-13,-2992
4386,-2346,8726,-622,824,-265,-2992
-2352,2094,4114,159,78,79,-3024
2004,-4656,10480,874,312,-273,-3024
-924,11340,5104,-1247,240,-126,-2992
-196,-9046,10366,531,-182,-62,-2992
4926,14904,-3376,-1751,627,-543,-3040
-5910,-5318,10370,1269,-575,192,-3008
4678,-1086,9784,-35,-103,-94,-3008
-1022,970,10226,-924,-14,-109,-3024
-604,4392,1488,469,-668,0,-2992
1914,-9734,15624,426,586,-574,-3024
-1760,10682,4940,-310,150,-136,-2992
-2582,-1608,11166,-125,-602,125,-2992
4730,3694,4088,-640,493,-314,-2992
-1288,-5792,10764,429,507,-52,-3024
902,-1630,5926,234,51,-66,-3024
1414,4874,7922,172,422,-312,-3024
-2438,-3196,10786,-729,-122,-11,-2992
3868,8854,3740,52,99,-486,-2992
-3684,-9812,9922,67,497,-169,-3024
-3188,8844,3486,-283,-975,328,-3008
4260,4208,1818,-340,537,-374,-3008
-3812,-12532,17582,1065,-525,162,-2976
4744,3670,568,-901,32,-351,-3008
1542,792,4108,768,418,-468,-3008
-2542,514,12596,-548,-49,130,-2976
3652,3612,6510,-157,-173,-59,-3008
832,-5376,7544,-332,836,-244,-3008
-2324,1642,4944,273,94,41,-2976
2128,-4392,11058,952,428,-271,-3008
-928,8568,6094,-1465,79,-58,-2992
804,-5148,9714,1048,-104,-318,-2992
626,-7574,12064,-1216,831,-448,-3024
-5720,-3740,10780,562,-872,370,-2992
5080,3204,5092,-607,234,-251,-2992
-4154,-8500,9588,341,-282,34,-2992
2538,2670,10720,27,-306,-204,-3024
1722,-9202,16180,367,531,-530,-2960
-1622,10682,2448,-790,-12,24,-3024
546,-3784,12264,385,-547,38,-2992
3560,-1960,6734,-723,808,-291,-2992
-1674,-2428,8324,103,148,86,-2992
1382,-1756,6044,700,169,-202,-2992
-1586,13928,5830,-856,282,-219,-2992
258,-9516,9676,221,-183,-15,-3024
4576,13410,-84,-1615,408,-550,-2992
-4780,-9222,9110,1208,-171,63,-2992
2892,-5912,13118,221,-422,31,-3056
-2684,2840,6744,-841,260,-183,-2992
-2752,-5424,11836,447,-667,118,-2992
4196,-1336,3866,54,476,-615,-2992
-1846,3308,13412,512,295,-262,-3008
-2112,-194,7292,-463,-400,212,-3040
4300,5972,3328,-649,176,-219,-3040
-88,-7386,9920,437,639,-171,-3008
-14,-3776,9458,259,61,-5,-3008
-560,10772,5886,635,563,-330,-3008
-1872,5208,7426,-1296,-66,-4,-3008
1470,-272,8536,839,-26,-441,-3008
-932,-11538,13182,-528,754,-302,-3008
-5250,1966,9182,94,-997,364,-3024
5280,5100,1764,-471,390,-348,-2976
-4276,-13748,14844,952,-385,144,-3008
3292,5006,7172,-584,-81,-285,-3008
1296,-6890,14048,431,535,-504,-3024
-1562,9086,2788,-610,-60,85,-3008
1388,-2482,12660,276,-463,-3,-2992
3138,-2420,5360,-614,811,-280,-2992
-1886,1350,5416,93,109,85,-3024
1502,-3280,8268,839,268,-261,-2992
-792,11744,5668,-1110,255,-158,-2992
-16,-6762,9136,351,-152,-76,-3024
4434,14592,-1716,-1640,510,-534,-2992
-5316,-7968,9410,1227,-376,140,-3024
3578,-3952,12758,199,-302,-48,-3024
-3374,1324,4382,-946,57,-111,-2992
1224,2334,7432,453,-552,-130,-2976
1568,-3720,10750,473,602,-591,-3008
-2120,6760,10352,-653,89,-24,-3008
-1458,-1194,7590,186,-673,51,-3008
4326,-1510,9164,-659,679,-330,-3024
-2124,1240,5032,243,333,53,-3024
350,-2540,7680,373,49,-127,-3024
-882,12092,5642,-257,338,-254,-3024
-854,-10174,11822,-425,-162,-11,-3008
5450,16156,-3156,-1639,421,-556,-3008
-5868,-6140,9104,1148,-140,58,-2976
3978,-6520,14012,258,-423,61,-3008
662,1150,9992,-889,300,-186,-2976
-1664,956,5056,532,-675,115,-3008
2768,-7254,11022,-69,437,-555,-3008
282,1126,7130,631,248,-289,-2992
-2888,-3144,14912,-442,-390,218,-3008
4500,5450,2772,-657,141,-216,-3024
-680,-7006,10926,402,687,-218,-2992
-1684,-3648,10086,287,76,-16,-3024
1746,1524,9344,598,528,-284,-3024
-2122,1108,9150,-1257,-44,-27,-2992
2816,2582,7574,925,-31,-423,-2992
2138,-1924,7788,-741,756,-344,-2992
-4254,5628,6418,50,-958,391,-2992
5178,5342,422,-563,399,-368,-2992
-4032,-14128,17996,947,-363,146,-2992
1570,1756,10358,-506,-134,-272,-2992
1692,-1064,7380,452,490,-529,-2992
-2458,4188,8270,-652,-51,104,-3024
3148,874,9346,229,-388,-33,-3024
4222,-2352,8864,-642,834,-263,-2992
-2444,2252,4198,179,64,91,-3024
2094,-4774,10516,874,302,-285,-3024
-716,11462,4728,-1433,201,-68,-3024
200,-7008,10072,939,-139,-213,-3008
4884,15254,-3814,-1761,734,-548,-2992
-5826,-6008,10672,1157,-715,282,-3008
4662,-872,9600,-360,28,-172,-3008
-3852,-3206,5402,-439,-227,-2,-3008
-148,4590,972,479,-557,-88,-2992
1424,810,4970,365,528,-505,-3008
-2558,1504,11326,-735,-31,35,-3008
-494,-2996,10654,362,-468,2,-3008
3786,-2378,8224,-714,789,-242,-3008
-2178,1900,4516,129,99,77,-2976
2554,-5712,11354,785,259,-278,-2976
-1812,14156,5444,-1137,240,-177,-2976
160,-10676,10568,520,-157,-60,-3008
4758,11594,-1580,-1770,543,-556,-3008
-3904,-9882,9820,1185,-212,73,-3024
2252,-3962,9962,269,-328,-41,-3040
-1710,2768,9204,-1019,140,-158,-3008
226,4520,1084,528,-672,120,-2992
4570,2774,1010,30,489,-587,-2992
-1130,1476,13108,338,297,-236,-2992
-2724,-700,9362,-442,-449,217,-2992
4444,1666,5912,-639,180,-245,-2992
724,-5778,8226,502,586,-158,-2992
-608,-4954,11010,240,79,-13,-3024
226,7606,6632,370,431,-301,-2992
-1736,-4216,10422,-1050,36,-31,-3024
768,-5124,10240,787,48,-442,-2992
378,-8348,12466,-562,674,-275,-3024
-2042,8150,1824,-34,-980,376,-2992
3296,1258,6086,-507,453,-355,-2992
-4238,-9378,10530,992,-388,97,-2976
2592,3016,10490,-624,-54,-282,-3008
1636,2624,3066,452,529,-513,-3008
-3254,-1640,15154,-547,-48,61,-2976
688,-3920,12692,178,-369,-16,-3008
3658,-1652,6404,-666,807,-263,-3008
-2218,-370,5924,218,80,87,-3040
2690,-4630,11784,919,343,-306,-3008
-1478,12792,6488,-1255,260,-123,-2976
270,-9080,9530,581,-147,-88,-2976
4292,8732,194,-1861,598,-557,-2976
-4598,-8734,8988,1299,-353,116,-3024
2820,-5058,12414,84,-189,-71,-3008
-2544,3250,6558,-955,33,-61,-2976
972,3286,3392,557,-609,-24,-3040
1278,-8366,15736,387,569,-562,-3008
-1800,3174,13382,-275,157,-103,-3040
-1850,-792,7568,-130,-575,119,-3008
4062,-44,7852,-637,438,-313,-3008
-4,-7016,9554,441,532,-82,-3024
-164,-4398,9698,284,65,-48,-3008
-268,9632,6368,291,451,-298,-3024
-1404,-7314,11188,-879,-97,-9,-3024
1518,-1486,8996,408,86,-477,-2992
-562,-10968,13452,-220,598,-204,-2992
-1176,6774,2008,-160,-980,334,-2992
2346,674,7750,-408,532,-354,-2992
-4198,-12252,13252,1123,-495,168,-3024
3088,4416,8814,-876,63,-380,-2960
1462,2324,3660,689,452,-461,-2992
-3364,-2088,15944,-517,-75,140,-2992
1166,-3042,12728,-167,-195,-85,-2992
3090,-2176,5604,-384,815,-245,-2992
-2158,-1632,8076,270,31,61,-2992
2114,-1650,10350,923,439,-299,-3024
-780,11558,6026,-1323,209,-101,-3008
-6,-7140,9264,643,-136,-136,-3008
3480,5236,2656,-1731,679,-526,-2976
-5134,2026,9198,1255,-613,216,-3008
3270,-4372,13392,-166,-82,-99,-3008
-3294,1878,4560,-711,-164,-38,-2976
1362,2286,6782,461,-594,-51,-3008
1406,-4578,12136,488,561,-606,-3008
-2278,5864,11582,-595,70,-31,-2976
-1690,-870,7378,358,-576,12,-2992
4298,-1468,8734,-694,765,-299,-2992
-2054,992,5836,144,239,97,-2992
2032,-3780,8040,555,106,-203,-2992
-634,12014,5396,-656,310,-225,-2992
-1022,-10860,12352,103,-169,17,-3024
5614,16140,-3692,-1432,389,-562,-2992
-5882,-6082,9182,1147,-148,48,-2976
232,3894,3660,170,-540,89,-2992
-3484,1632,4112,-977,0,-91,-2992
-1524,862,4996,498,-637,-1,-2992
2858,-7050,10628,354,542,-637,-3024
-1810,8008,9322,-289,220,-144,-3024
-1540,-1148,7964,-165,-560,118,-2992
4522,5590,2448,-612,414,-281,-2992
-518,-7214,11156,433,478,-79,-3024
848,-2234,6862,246,87,-60,-3024
-1438,12666,5686,48,350,-273,-3024
-2130,488,9224,-678,-91,-14,-2992
2778,3262,6904,115,183,-478,-2992
-2500,-10590,11458,-186,530,-181,-3008
992,1008,5288,-145,-991,303,-3008
4976,5640,196,-378,514,-387,-3008
-4106,-14672,18634,1081,-519,208,-2976
4390,4964,1990,-908,78,-348,-3008
-126,1050,9392,686,469,-454,-3008
-2300,3752,8274,-480,-123,116,-3008
3000,598,9892,-186,-205,-71,-3008
1814,-3186,5808,-360,793,-241,-2976
-2232,2602,3958,223,77,66,-2992
1990,-4584,10240,940,425,-313,-3008
-976,10988,5476,-1478,204,-69,-2976
204,-6680,9634,741,-165,-158,-3024
4938,15616,-3810,-1749,694,-537,-2992
-5758,-5878,10454,1258,-612,235,-2992
4616,-1528,10262,-165,-67,-131,-2992
-3788,-2734,5078,-744,-94,-4,-3024
-548,4146,1456,539,-557,-75,-3024
2044,-9618,15528,465,609,-580,-3024
-1720,10404,5100,-582,108,-56,-2992
-480,-3552,10660,136,-615,69,-3024
4718,3820,4236,-668,603,-335,-2992
-1190,-5962,10644,313,398,-14,-2992
944,-2010,6304,336,32,-96,-2992
-1606,13972,5406,-113,366,-276,-2992
-2420,-2510,10580,-450,-166,-18,-2992
3582,8100,4222,-410,189,-486,-2992
-3358,-10548,10462,377,308,-97,-2992
1796,-2988,8142,-101,-830,219,-2992
4510,4774,998,-421,534,-355,-3024
-3708,-13600,18174,900,-597,202,-3024
4670,4144,676,-846,205,-468,-2992
-698,1068,11938,874,317,-412,-2992
-2366,1132,11612,-501,-125,187,-3024
3496,3110,7404,-391,-92,-83,-3008
1132,-4928,6882,397,684,-211,-3008
-982,-4968,11522,283,40,26,-3008
534,6992,6690,561,485,-288,-3040
-1826,-2680,10236,-1260,-30,-39,-3008
672,-5526,9780,942,8,-436,-3024
724,-7206,11868,-698,744,-317,-2992
-2736,7698,2964,54,-984,360,-2992
3616,2132,4624,-530,425,-341,-2992
-4136,-7532,8728,1003,-421,142,-2992
4584,890,2432,-792,124,-426,-3024
1588,2046,3744,765,444,-466,-3040
-3086,-320,13784,-564,-116,187,-3008
4324,4132,5472,-192,-99,-96,-3008
226,-5998,8444,-290,825,-249,-3008
-2286,932,5588,316,1,55,-2976
2602,-4568,11358,985,460,-318,-2976
-1450,8968,5684,-1607,144,-54,-2976
844,-4328,10182,1072,-152,-228,-3008
236,-10394,13316,-957,881,-419,-3008
-5800,-1420,10574,409,-901,378,-3024
5184,2774,4654,-572,227,-293,-3024
-4054,-9470,10336,437,-347,75,-2992
2726,3052,10478,-8,-213,-208,-2960
1124,2660,3142,553,420,-450,-2992
-2842,-2112,15332,-488,-29,85,-2992
708,-3150,12426,-69,-219,-41,-2992
3222,-2296,6228,-487,751,-239,-2992
-2008,-532,6790,253,47,41,-2992
2500,-3644,11260,1011,410,-305,-2992
-1518,13238,5542,-1515,167,-78,-3024
364,-8222,9560,873,-141,-180,-3024
3500,5608,2544,-1688,742,-521,-2992
-5402,1908,9130,1136,-669,238,-2992
3340,-6100,13376,-73,-64,-137,-2960
-3060,3052,5324,-804,-151,-33,-3024
1074,3318,4570,543,-579,-103,-3024
1348,-7360,14486,468,582,-583,-3024
-1790,4704,12434,-456,180,-113,-2976
-2138,-314,7204,-36,-650,141,-3008
4392,-1552,8810,-569,482,-323,-2976
-1786,1012,5748,258,465,-59,-3008
130,-3820,8964,320,53,-72,-2976
-616,9940,6046,-61,316,-300,-2976
-998,-6878,10694,-600,-69,-21,-3008
4380,14646,-1442,-38,152,-458,-3008
-1116,-10582,12652,64,340,-126,-3008
-402,4840,2982,66,-866,208,-2976
1210,-970,10458,-406,522,-335,-2976
-4112,-13790,16452,928,-542,174,-2992
3846,4614,5322,-799,110,-375,-2992
542,1474,6392,785,435,-454,-3024
-3374,-1884,14678,-494,-145,178,-2992
2286,-2028,12188,-301,-78,-132,-2992
2374,-2006,5200,-301,798,-199,-3024
-1984,-3062,9372,381,31,52,-2992
2548,-1180,9914,1003,484,-337,-2992
-1428,13624,4942,-1657,135,-44,-3024
250,-7914,9828,1146,-165,-251,-2992
2982,418,6160,-1595,826,-529,-2992
-4916,5916,7098,985,-774,310,-2992
4038,-6452,13970,-149,0,-163,-2976
-3578,2084,3816,-720,-182,12,-2976
1508,1860,7986,608,-525,-123,-3008
1070,-4158,10872,414,542,-524,-2992
-1904,7842,9794,-800,16,-14,-2992
-1504,-1074,7738,266,-616,15,-2992
4042,-2444,9396,-647,649,-309,-2992
-1804,2122,4270,153,331,17,-2992
604,-2524,7136,491,110,-105,-3056
-1232,11992,5552,-455,242,-227,-3024
-112,-8492,10702,-141,-108,-30,-2992
4804,15066,-2524,-609,309,-523,-3040
-2326,-10254,11582,357,166,-37,-2976
4144,-3330,12484,341,-366,16,-3008
-152,30,11342,-940,229,-164,-3008
-1052,3436,2476,461,-697,62,-3008
2668,-8864,13538,181,472,-588,-3008
198,828,9052,402,288,-295,-3024
-3174,-1882,12922,-422,-526,205,-2976
4934,4302,3400,-571,334,-307,-3040
-1110,-6180,10746,370,662,-145,-2992
-1424,-4360,10602,268,50,7,-2992
1644,2792,8328,541,483,-301,-3024
-2284,380,9544,-1207,-3,-10,-3024
2750,4122,6976,964,-1,-424,-2992
1958,-3636,9438,-661,762,-293,-2992
-3854,7962,4780,-5,-967,371,-2992
4516,3502,2088,-497,464,-343,-2960
-3602,-12652,17534,999,-413,133,-3024
2106,1138,11344,-620,-11,-321,-2992
1376,596,5552,511,474,-469,-2992
-2356,2056,10500,-638,-41,79,-3008
3398,2410,8080,190,-315,-63,-3008
3764,-2688,8644,-628,792,-240,-3008
-2100,1686,4408,190,81,67,-3008
2584,-5742,11428,948,309,-322,-2976
-1426,10856,4938,-1409,216,-112,-2976
234,-10548,10478,765,-167,-86,-2976
4870,12192,-1780,-1867,679,-581,-3008
-6028,-2586,10012,1300,-490,191,-3008
2042,-3394,9638,215,-233,-35,-2992
-1618,2700,9190,-1019,-14,-84,-3040
218,4122,1356,561,-617,27,-2976
1538,-10024,16870,418,562,-583,-2976
-1516,11638,2646,-319,211,-118,-3008
-2652,-734,9448,-142,-612,136,-2976
4380,1638,5902,-609,409,-302,-3008
-1318,-2762,8660,364,479,-77,-3008
1248,-2092,6128,286,89,-102,-3008
170,7422,6724,9,289,-261,-3040
-1526,-3866,10130,-684,-86,-43,-3008
3800,9938,2834,94,156,-471,-3008
352,-8272,12338,-226,520,-196,-2992
-1998,7882,2094,-35,-933,301,-2992
3308,1206,5898,-425,550,-359,-3024
-3020,-6966,13310,1015,-531,183,-3024
2648,2820,10534,-842,89,-356,-2960
1522,2972,3006,685,439,-468,-2992
-3214,-1446,14932,-468,-122,160,-2992
4526,4942,4252,-554,103,-217,-2992
186,-6370,9060,188,760,-207,-3024
-620,-4632,10608,404,48,62,-3024
2598,-4136,11546,821,541,-335,-3040
-1582,8588,5536,-1595,82,-16,-3008
948,-3920,10458,1234,-133,-336,-3040
-18,-10862,13322,-1213,875,-453,-2976
-5680,-118,10098,484,-907,349,-3008
5330,2778,3824,-482,249,-266,-3008
-4228,-10698,11862,238,-263,51,-2976
956,3250,3438,268,-358,-198,-2992
1252,-8044,15446,368,553,-501,-3008
-1330,10900,1880,-830,-60,24,-2976
1072,-2964,12498,352,-530,-8,-3008
4312,-258,7720,-680,738,-286,-3024
-1762,-572,7074,102,233,53,-2992
1498,-2800,7064,629,167,-177,-2992
-1514,13042,5760,-740,246,-217,-3056
-1258,-7668,11348,101,-192,-30,-3024
4908,13786,-656,-1332,414,-515,-3024
-5238,-7356,8692,878,-85,31,-2992
3212,-6126,13524,327,-415,49,-2976
-3164,2612,5396,-910,281,-164,-3008
-2590,-2940,9416,473,-689,93,-3024
3708,-3640,6112,212,493,-582,-2992
-1722,4944,12716,128,248,-233,-2992
-2024,-386,6994,-410,-520,218,-2992
4570,5718,2658,-597,314,-275,-2992
-348,-7288,10750,418,609,-125,-2992
238,-3328,8444,244,63,2,-3024
-624,10092,6080,303,380,-296,-3024
-1868,4786,7460,-1072,-19,-21,-2976
1892,-2338,9988,890,-2,-428,-3008
-1312,-10386,12286,-645,677,-280,-3008
-192,4868,2774,10,-933,353,-3008
5326,5098,686,-479,478,-356,-2976
-4208,-13788,16778,1023,-459,171,-3008
4140,4628,4490,-702,-37,-341,-3008
450,1170,7020,519,488,-497,-3008
-2012,6806,5194,-530,-130,139,-3008
2596,-1320,11282,3,-211,-63,-3008
2006,-2698,5678,-564,825,-261,-3008
-2196,1672,4724,211,49,87,-2992
2140,-4752,9258,960,346,-332,-2992
-1278,13100,4844,-1420,186,-88,-2960
254,-7440,9628,812,-158,-122,-3024
5514,16126,-3904,-1902,685,-536,-3024
-5998,-5676,9484,1294,-561,185,-2992
4386,-4572,12700,35,-121,-101,-3024
-3540,142,3922,-933,-70,-35,-3024
-902,2874,2670,487,-576,-48,-3024
2436,-8518,13258,478,565,-558,-2992
-1692,9264,7354,-422,155,-83,-3024
-1328,-1584,8688,-72,-618,130,-2992
4496,4402,3316,-588,409,-300,-2976
-672,-6382,10782,392,465,-69,-3008
1036,-1700,6146,248,102,-53,-2976
-1638,12466,5762,-92,308,-257,-2992
-2020,-1046,9478,-514,-100,-36,-2992
3142,4922,6216,-437,223,-499,-3008
-3050,-10018,10288,318,232,-48,-3008
1536,-1366,7634,104,-800,169,-3008
-1042,752,10740,-549,496,-277,-2992
-3750,-13166,17842,646,-651,176,-3024
4680,3702,1264,-552,295,-534,-2960
-602,674,11604,824,389,-407,-3008
-3008,-956,11114,-519,-221,214,-3040
3582,2204,8090,-499,7,-155,-3008
1380,-4126,6732,94,753,-237,-3008
-1240,-5118,11488,367,63,37,-3008
1136,5262,7134,766,511,-296,-3008
-1052,10276,5142,-1496,114,-29,-3008
296,-6460,10318,1189,-88,-333,-3008
1204,-7074,11778,-1216,852,-457,-3008
-5730,-4510,10924,750,-854,320,-2992
4952,904,7504,-556,228,-259,-3040
-3988,-5794,7278,301,-283,86,-3008
2188,1820,11460,207,-364,-155,-2992
1656,-9674,16458,384,545,-522,-3024
-1740,11214,3446,-776,-33,25,-2992
142,-3172,11296,352,-587,29,-2992
3768,-2336,7662,-714,755,-319,-2992
-1550,-4516,9684,138,252,44,-3024
1284,-1854,5740,577,140,-198,-2992
-1798,13680,5586,-638,258,-211,-2992
316,-9672,10084,78,-170,-7,-2992
4146,10856,2488,-1364,367,-521,-2992
-4192,-9236,9324,932,-75,18,-3024
2420,-5060,10866,139,-603,112,-2976
-2092,2508,8724,-608,453,-271,-3008
-3368,-10158,15556,635,-661,168,-3008
4560,1768,1480,-456,337,-501,-2976
-1242,1968,13406,780,301,-343,-2976
-2420,-358,8246,-567,-307,241,-3008
3928,4872,4874,-618,78,-184,-3008
582,-6100,8476,322,720,-232,-3008
-498,-4834,10614,280,92,25,-2992
66,8362,6356,424,430,-291,-3008
-1256,7300,6526,-1185,4,-13,-2992
1132,-4342,9796,863,15,-431,-3008
-38,-8886,12582,-665,693,-301,-2976
-1766,7462,2178,-13,-894,262,-2992
2726,560,7094,-403,568,-354,-2992
-2928,-4896,11682,960,-604,211,-3024
2912,3304,9512,-797,102,-415,-3024
1450,2466,3530,780,450,-466,-2992
-3354,-1588,15394,-536,-146,165,-2992
4690,5364,3554,-269,-51,-109,-2992
3222,-1874,6218,-264,817,-234,-2992
-2212,-968,7184,353,26,62,-2992
2614,-3352,11014,965,483,-300,-2992
-1792,7286,6184,-1558,169,-59,-2976
158,-8534,9450,1029,-168,-226,-2976
3796,5802,2166,-1699,788,-527,-3008
-5546,1904,9338,1113,-738,311,-3008
5222,3782,2654,-307,77,-182,-3008
-3054,2956,5464,-514,-216,-18,-3008
1508,2574,4904,477,-454,-141,-2976
1066,-6602,14020,445,543,-549,-3040
-1872,5222,12260,-655,104,-46,-3024
-1706,-494,7220,251,-590,42,-3008
3984,-1618,9254,-638,643,-311,-3008
-1774,1064,5488,153,303,-3,-2976
324,-3002,8240,366,92,-103,-2992
-884,11548,5610,-296,308,-248,-2992
-758,-9064,11264,-281,-141,-1,-2992
5074,14838,-2100,-692,270,-536,-3024
-1642,-11552,12732,494,165,-43,-3024
48,4452,2954,49,-774,172,-2992
978,216,10320,-462,485,-299,-2992
-1692,348,5264,689,-613,195,-2992
3830,5470,4554,-680,257,-494,-3024
652,1120,6526,784,375,-362,-3008
-3338,-2410,14990,-521,-378,208,-2992
4684,5618,2404,-636,105,-216,-2992
-496,-6926,11028,407,699,-214,-3024
-1776,-3706,10246,247,80,12,-3024
1616,1668,8762,572,443,-291,-2992
-2066,2342,8458,-1238,35,-26,-2992
2416,1186,8432,1060,-41,-405,-3024
2462,-892,7252,-817,763,-351,-3024
-4342,5530,6468,137,-962,360,-3024
4900,5006,894,-586,368,-343,-2992
-4000,-13802,17556,695,-330,75,-3008
1658,1356,9754,-242,-153,-222,-3008
1540,-1124,7558,371,520,-511,-3008
-2202,4410,7834,-653,-69,74,-3008
2930,356,10094,302,-473,0,-3040
4174,-1762,8800,-751,807,-277,-3008
-2290,1964,4410,142,117,78,-2976
2294,-4962,9746,783,235,-270,-2976
-1348,12378,5718,-873,276,-158,-3024
-360,-10134,11190,402,-203,-43,-3008
5268,15608,-3604,-1769,497,-564,-3008
-6008,-5520,9946,1278,-337,94,-3040
1190,728,5488,254,-388,2,-2992
-438,836,10880,-888,274,-175,-3024
-868,2992,2368,517,-679,129,-2992
2122,-9154,14366,34,464,-596,-2992
-388,514,10222,366,232,-246,-2992
-2632,-1986,12652,-436,-452,194,-2992
4466,4222,3652,-662,243,-242,-2992
-924,-5798,10660,454,620,-173,-2992
-1292,-4752,11096,268,70,-28,-3024
1182,4324,7956,408,455,-286,-2992
-2078,-816,9662,-1051,-37,-38,-2992
3312,5110,6244,775,48,-429,-3056
1446,-5016,10186,-517,695,-267,-2960
-3628,7204,4772,9,-991,372,-3008
4464,4216,1530,-569,436,-368,-3008
-3838,-12686,17730,1088,-446,122,-2992
1894,1698,11604,-711,-54,-312,-3024
1702,1086,4722,556,463,-484,-2960
-2818,1866,11356,-568,-69,93,-2992
3698,2522,7572,38,-281,-50,-2992
4116,-2272,8028,-556,825,-255,-2992
-2420,1710,4630,215,51,86,-2992
2144,-4644,10928,949,382,-315,-3024
-788,10086,5290,-1269,219,-112,-2992
-50,-7734,9790,604,-141,-102,-2960
4662,13712,-3422,-1791,583,-568,-3008
-5904,-4586,11184,1354,-489,183,-2976
5062,1610,6416,-42,-170,-55,-3008
-1898,1360,8928,-867,-72,-79,-3008
344,4256,1426,485,-648,-8,-3008
1646,-9354,16222,498,557,-598,-3008
-1620,10956,2908,-398,176,-115,-3008
-2388,-564,8926,-87,-590,98,-3008
4398,1452,6186,-605,511,-325,-3008
-1420,-3040,8646,348,433,-20,-2976
-570,-4768,10654,220,24,-30,-2992
744,7610,6630,248,458,-308,-3024
-2044,-6350,11478,-770,-96,9,-2992
4552,12668,720,-1066,324,-527,-2992
-4728,-8740,9150,773,66,-10,-2992
2918,-5872,12262,99,-634,152,-3024
3200,1896,5458,-593,419,-289,-2992
-2988,-7244,13344,598,-633,158,-2992
4302,-364,2876,-474,309,-526,-2992
-1554,2766,13662,857,366,-386,-2976
-3176,-1940,15594,-539,-232,227,-3008
4236,5352,3898,-562,20,-130,-2976
274,-6868,9548,232,719,-219,-3008
-4,-4028,9980,304,83,9,-3008
1904,-2640,11044,703,496,-291,-2976
-1416,6232,6432,-1388,79,-10,-3040
1378,-3700,10416,1124,-47,-372,-3008
3560,6196,2040,-1196,839,-455,-3024
-5304,704,9814,329,-931,343,-3008
5380,5266,1608,-609,270,-282,-3008
-4176,-12838,14480,579,-327,55,-3008
3354,4150,7404,-133,-216,-241,-3008
1470,-6092,13446,388,575,-516,-3008
-1796,8810,3414,-713,-46,64,-3040
1568,-2840,12632,316,-520,-15,-2976
4518,-1172,8874,-705,751,-325,-2992
-1956,622,5792,91,151,82,-3008
1626,-3106,7676,757,230,-239,-3008
-1216,12588,5694,-906,275,-180,-3008
-1178,-7712,11312,96,-148,-3,-2992
4762,15514,-1804,-1484,412,-531,-2992
-5246,-8230,9108,1097,-152,42,-2992
3568,-5602,13902,213,-476,4,-3024
1426,-96,9764,-831,292,-206,-2992
-1940,-900,6854,472,-670,122,-3024
3384,-5246,8568,35,462,-581,-3024
-2082,6182,11364,423,308,-263,-2992
-3056,-2514,15418,-487,-477,208,-2992
4616,5992,2358,-646,249,-265,-2992
-484,-7700,10792,439,589,-169,-2992
384,-2986,7892,267,62,1,-3040
2018,-800,10208,669,517,-296,-3008
-2052,3442,8026,-1326,-41,-4,-2976
2246,1246,8204,990,-54,-434,-3008
-1752,-11434,12652,-723,806,-331,-3008
-4786,4122,7964,-6,-1015,350,-3008
5242,5396,454,-487,402,-352,-3008
-4282,-14844,16946,832,-373,110,-3008
1484,1932,7942,-171,-188,-247,-3024
502,1290,7006,731,424,-484,-3024
-1622,6876,5098,-545,-59,116,-2992
2226,-894,11246,-162,-203,-70,-3024
2336,-2850,5428,-380,810,-265,-3024
-1818,-3918,10260,286,69,52,-3024
1700,-3780,9144,900,405,-273,-3024
-564,10632,5834,-1360,174,-43,-2976
160,-6318,9314,942,-59,-281,-2992
2470,-168,6980,-1428,837,-466,-2992
-4496,5396,6782,315,-905,358,-3008
4964,4410,1002,-672,318,-323,-3008
-3880,-13342,17556,748,-357,65,-3008
1612,990,10386,-279,-177,-240,-3040
1586,-548,7254,372,543,-504,-2976
-2332,4228,8272,-674,-73,69,-3008
-844,-2398,9222,352,-455,-7,-2992
4020,-2064,8958,-735,824,-266,-3008
-2296,2054,4168,129,101,83,-3008
2354,-5692,10726,880,283,-282,-2976
-1476,12648,6416,-987,266,-179,-3024
-98,-10314,10792,384,-165,-33,-2992
5344,15234,-3836,-1798,514,-586,-3024
-6222,-4118,9978,1285,-260,84,-2992
1454,-648,7094,159,-335,-4,-2992
-1070,1572,10324,-905,141,-149,-3024
-16,4008,978,435,-706,60,-2992
1708,-9664,15756,205,528,-608,-3024
-682,428,11620,164,237,-196,-3024
-2786,-1482,11514,-380,-489,202,-2992
4378,3080,4380,-632,271,-288,-2992
-1026,-4790,9908,447,578,-157,-2976
-924,-4724,11212,255,82,-19,-3040
746,5728,7320,413,439,-299,-3008
-1890,-3358,10164,-1051,-19,-43,-2976
3798,8574,3946,708,67,-429,-3008
692,-7652,11960,-459,677,-265,-3008
-2832,8630,2960,-98,-988,392,-3008
3968,2766,3702,-450,441,-400,-3008
-4076,-6634,7778,937,-422,138,-3024
2320,2364,11146,-710,2,-328,-3008
1580,2062,3482,551,491,-479,-3008
-3086,-126,13562,-539,-35,111,-3040
8,-3216,11558,125,-355,-23,-3024
3924,-2380,7236,-582,814,-257,-3024
-2152,688,5400,203,61,43,-3008
2198,-3884,11034,930,384,-306,-3040
-1302,8716,5732,-1322,228,-75,-3008
-22,-8014,9498,693,-130,-142,-2976
4318,10850,-1374,-1765,672,-535,-3008
-5542,-2330,10962,1308,-606,230,-3008
2542,-4220,11724,-12,-191,-98,-2992
-2372,2386,7372,-763,-110,-58,-3008
736,3534,2680,516,-570,-82,-2976
1366,-8286,15968,480,584,-584,-3008
-1702,2308,13718,-381,156,-113,-2992
-2146,-22,7532,-64,-616,121,-3024
4334,492,7746,-623,503,-328,-2992
-1670,-1832,7684,345,456,-29,-3024
-402,-3892,9728,243,21,-63,-2992
226,8368,6526,152,420,-311,-2992
-1822,-7054,11740,-707,-122,10,-2992
4818,13886,-36,-51,110,-494,-2992
-206,-11748,13444,194,443,-139,-3024
-1620,8364,1980,-308,-967,272,-2992
2840,1724,5970,-293,499,-394,-2992
-3116,-6742,12574,1041,-525,183,-2976
2830,4042,9588,-882,63,-353,-3008
952,1724,3782,805,393,-474,-3008
-3096,-2010,15740,-535,-92,151,-2976
4236,5826,3268,-240,-168,-62,-3008
3140,-2826,6244,-266,768,-242,-3040
-2150,-1034,7458,263,91,33,-3008
2022,-2016,10388,923,431,-284,-2976
-974,11526,6060,-1332,158,-47,-2992
52,-6658,9258,805,-115,-245,-3008
3584,6060,1700,-1550,769,-500,-3008
-5258,288,10196,1079,-760,276,-3008
3070,-4860,13788,-257,-25,-149,-3024
-3074,2036,4830,-611,-161,-9,-2992
914,2380,5900,506,-567,-118,-3024
1526,-5478,12766,474,518,-589,-2960
-2020,5212,12244,-650,126,-73,-2992
-1976,-586,7216,119,-676,74,-2992
4424,-1016,8666,-666,705,-352,-3008
-2160,560,5704,175,302,16,-3008
298,-2714,8012,350,49,-99,-2992
-654,10204,6142,-115,309,-261,-2992
-920,-8140,11208,-443,-155,-9,-2992
5004,16390,-2896,-537,233,-535,-3024
-1442,-12094,12984,492,216,-51,-2992
-74,5674,2458,-46,-776,186,-3024
904,-120,10030,-399,436,-349,-3024
-1626,572,5406,658,-644,218,-3024
4068,4922,4596,-596,273,-495,-3024
252,1136,6854,821,332,-370,-2960
-2880,-2510,14764,-538,-224,190,-2992
4406,5500,2694,-575,94,-122,-2992
2018,-3002,5666,15,721,-213,-3040
-1612,-3576,9844,346,61,17,-3008
2188,290,9620,945,559,-305,-3040
-2234,956,9068,-1574,53,-1,-3008
386,-6118,9398,1079,-90,-322,-3008
2238,-2240,7918,-1199,877,-464,-3008
-4382,6672,6480,517,-913,357,-3008
5066,5368,358,-487,206,-290,-3008
-3748,140,3664,115,-310,45,-3008
1674,1404,9846,190,-330,-201,-3008
1474,-1622,8010,372,537,-531,-2976
-1858,9114,7598,-795,27,10,-2992
-1308,-1582,8590,320,-628,20,-2992
4180,-2734,9336,-645,715,-295,-2992
-2006,2430,4010,78,258,52,-2992
926,-1860,6098,606,145,-189,-2992
-1180,10636,6576,-543,255,-218,-2992
-208,-7318,9934,-160,-115,-9,-3024
4538,15314,-3376,-1150,336,-516,-2992
-2874,-10388,10614,849,-53,22,-3024
1324,-488,7350,252,-552,65,-2992
-1036,568,10662,-769,328,-247,-3056
-438,4434,1008,438,-699,78,-2976
2034,-9930,15712,271,486,-600,-3024
-752,574,11662,142,280,-222,-2992
-2798,-992,11082,-380,-555,202,-2992
4746,3252,4540,-607,330,-291,-2960
-1302,-5660,10384,400,570,-98,-2992
-1340,-4946,11036,259,19,-25,-2992
1570,3958,7736,503,547,-322,-2992
-2522,-2398,10518,-1097,-76,-8,-2992
3474,8308,4672,710,-4,-469,-2960
1380,-7312,11728,-554,765,-312,-2976
-3362,9750,3304,-186,-1015,379,-3040
4374,3260,2314,-377,411,-383,-3040
-3584,-12618,17150,850,-356,126,-3040
2110,1846,11276,-519,-43,-292,-2976
1222,292,4982,546,440,-480,-3040
-2358,1334,11822,-602,-58,91,-2976
-480,-3082,10918,199,-408,-35,-3024
3782,-2872,8210,-567,781,-238,-2976
-1994,1954,4388,129,85,59,-3008
2064,-4598,10690,924,346,-297,-3008
-1410,12148,5844,-1099,178,-101,-2992
242,-8142,10106,402,-150,-86,-2992
4554,12700,-2450,-1721,559,-550,-3024
-5828,-3882,10646,1206,-422,147,-2992
2130,-3594,9802,219,-229,-75,-3024
-1934,1554,9480,-999,65,-73,-2992
316,4830,632,479,-663,7,-2992
1538,-10294,17138,442,492,-597,-2992
-1050,1272,13280,-157,216,-149,-2992
-2584,-514,8922,-292,-611,159,-3024
4696,1472,5890,-556,442,-330,-2992
-1576,-3096,8988,337,573,-89,-2992
-590,-5062,10838,267,65,-26,-2992
612,6936,6382,349,430,-297,-3008
-1906,-3408,10610,-991,-35,-27,-3008
3784,10566,2890,723,51,-461,-3008
418,-8412,12652,-476,635,-243,-3008
-2256,8882,1888,-86,-959,324,-3008
3194,744,6116,-340,518,-347,-2992
-3144,-7130,13364,937,-547,208,-3024
2766,2566,10318,-751,70,-384,-3024
1120,1988,3838,666,447,-459,-3008
-2960,-938,14448,-551,-112,142,-3008
4162,5328,4198,-131,-173,-76,-3008
3152,-2470,6968,-414,781,-232,-3008
-2068,12,6278,259,26,66,-3008
2716,-4492,11478,1039,436,-334,-3008
-1730,7476,6308,-1585,154,-40,-2976
286,-8750,9650,974,-190,-190,-3008
3960,7126,1190,-1766,776,-549,-2976
-5694,1120,9808,1139,-736,260,-3008
3084,-6540,13558,-43,-72,-139,-3024
-2778,3198,6012,-687,-169,14,-2976
1136,2954,3582,567,-585,-83,-2992
996,-7984,15530,495,532,-576,-3024
-1698,3842,13420,-526,166,-88,-2960
-2286,188,7102,-4,-610,78,-2992
4160,-1024,8590,-586,507,-324,-2992
-1526,412,6086,243,418,-29,-3024
242,-3210,8684,333,110,-108,-2992
-762,9796,6304,-159,275,-265,-3024
-690,-6278,10198,-452,-83,-31,-3024
4196,14072,-798,-305,237,-469,-2992
-1218,-10212,12626,219,258,-80,-2992
3606,-4408,13058,254,-540,54,-3008
1512,-172,9514,-756,339,-220,-3008
-2024,-522,6814,493,-692,154,-3040
3502,-5600,8578,-110,394,-575,-3008
-2028,5870,11360,537,357,-289,-3008
-3358,-2374,15162,-500,-427,229,-3008
4864,5354,2662,-571,128,-230,-3008
-560,-7196,10890,320,716,-211,-3008
-1976,-3114,9196,356,37,51,-2992
-668,10144,6072,340,451,-313,-2992
-2142,4256,7298,-931,-61,-22,-3024
1896,6,9384,583,65,-457,-2992
-1546,-11468,12468,-82,467,-186,-2976
148,4744,2946,-200,-975,306,-3008
884,-416,10568,-324,515,-390,-3008
-3988,-13636,16696,897,-516,189,-3008
4030,5034,4228,-783,131,-369,-3008
230,742,7656,792,392,-428,-3008
-2904,-2128,14410,-556,-330,198,-3008
4646,5458,2700,-600,95,-191,-3008
2092,-3052,5778,164,718,-223,-3024
-1662,-3596,9990,310,63,22,-2992
2016,546,9326,883,564,-281,-3024
-2264,1744,8786,-1508,15,-8,-3024
220,-6570,9722,1099,-88,-336,-2992
2456,-1372,7198,-1084,859,-450,-2992
-4462,5856,6852,405,-917,361,-2992
5112,5360,74,-474,252,-300,-3024
-3614,462,3652,306,-263,97,-3024
1628,1526,9438,96,-279,-209,-2992
1326,-2600,8992,397,502,-517,-2992
-1878,5604,6490,-848,-5,25,-3008
-1332,-1344,8018,322,-613,24,-2976
4224,-2940,9482,-641,755,-314,-3008
-2192,2524,4128,56,226,54,-3008
1848,-4190,9740,679,164,-162,-3008
-1088,10802,6338,-601,222,-189,-3008
-104,-7344,10082,-80,-130,-25,-3008
4728,15358,-3644,-1272,407,-527,-3008
-2714,-10214,10646,749,16,33,-2992
1008,10,6812,265,-502,18,-3008
-718,-50,10534,-810,275,-210,-2976
-634,3960,1792,468,-713,104,-3008
4734,3404,1862,-114,370,-558,-3024
-510,878,10996,552,316,-277,-3024
-2880,-954,11062,-533,-418,232,-2992
4812,3712,4038,-631,200,-234,-2992
1008,-4556,6870,342,673,-172,-2992
-1190,-4668,10944,284,18,9,-2992
1558,4074,7686,616,536,-295,-3008
-2432,-1968,10276,-1268,-59,-10,-3008
392,-5714,9904,1074,-65,-443,-3024
1194,-7578,11660,-723,820,-343,-2992
-3306,9976,3294,-78,-1002,377,-2992
4146,3162,2446,-474,388,-351,-3024
-3912,-4458,6010,822,-410,116,-3024
2292,1524,11832,-406,-83,-276,-3024
1226,1282,4100,415,462,-493,-2992
-2512,840,12480,-631,-28,60,-3024
-444,-2532,10768,164,-368,-24,-3024
3696,-2942,8014,-586,773,-234,-3024
-2016,1324,4850,143,88,76,-3024
2192,-4706,11554,924,339,-285,-2992
-1592,11992,6236,-1227,197,-103,-3024
740,-3970,9852,875,-100,-248,-3040
4050,10298,-862,-1526,752,-502,-3008
-5772,-2514,10758,1026,-776,284,-3008
5214,3220,4804,-369,53,-177,-3008
-2410,2434,7802,-670,-175,-27,-2992
670,4028,1792,444,-452,-112,-3040
1490,-9062,16338,447,569,-557,-3008
-1638,10534,2316,-719,127,1,-3008
-2470,282,7596,114,-685,93,-2992
4592,-58,7720,-557,604,-326,-2992
-1554,-1012,7422,152,370,-13,-2992
1404,-2098,6466,395,70,-107,-2992
-12,7996,6326,-181,294,-264,-2992
-1526,-5108,10748,-322,-97,-28,-3040
4006,12984,604,-789,266,-515,-2976
-4730,-9374,8994,594,88,-33,-2976
2886,-4686,13106,110,-690,125,-3008
2452,-446,8304,-547,430,-288,-2976
-2456,-3664,10008,509,-635,179,-3008
4036,-2794,5226,-361,320,-516,-2976
1006,2020,4200,796,374,-372,-2992
-3120,-1886,15546,-560,-341,248,-3008
4622,5722,3068,-561,110,-195,-2976
-196,-7432,10288,215,689,-192,-3008
-116,-3530,9174,337,31,8,-3008
2690,-3442,11022,840,616,-303,-3008
-1966,5942,6768,-1502,12,17,-3008
1376,-526,9326,1139,-101,-392,-2976
-860,-12322,13406,-922,849,-406,-3008
-5306,2896,8650,187,-1004,381,-2976
5292,3356,2604,-412,323,-332,-3008
-4268,-12992,14154,468,-283,76,-2976
1274,2382,5254,168,-286,-216,-3024
1082,-6944,14144,381,509,-520,-3024
-1274,9786,2470,-831,-13,15,-2992
1324,-2336,12468,309,-569,14,-2992
4182,-1590,8780,-661,732,-299,-3024
-1702,1184,5512,34,224,50,-3024
1480,-3326,8096,722,214,-206,-2992
-784,10916,6050,-800,237,-152,-2992
-558,-6590,10306,89,-161,-62,-3024
4436,14476,-1304,-1431,418,-541,-2992
-5354,-7962,9198,1012,-215,64,-2992
3466,-3870,13148,303,-439,22,-3024
926,-1078,10714,-843,241,-150,-2992
-1802,1026,5252,442,-683,108,-2992
3192,-6808,10152,210,435,-574,-3024
-2126,6818,10698,463,305,-292,-3008
-3336,-1934,14768,-519,-458,217,-2976
4854,5280,2568,-596,209,-258,-3008
-904,-7372,11488,370,657,-164,-3008
460,-1930,6708,246,10,26,-3008
2252,514,9042,589,537,-301,-3008
-2358,2906,8444,-1247,-17,-6,-3008
2266,1640,8510,1013,-50,-420,-3008
2554,-580,7088,-884,822,-386,-2992
-4624,6352,6716,-48,-984,366,-3008
5092,4152,1182,-463,405,-365,-3008
-3978,-13844,17300,889,-444,134,-3008
1836,1078,9648,-316,-112,-260,-2992
1150,-1758,8594,476,480,-454,-3008
-1866,5412,6872,-629,-54,90,-2976
2770,462,10098,81,-280,-73,-3008
3756,-2592,9172,-621,775,-220,-3024
-1932,2166,4434,171,67,48,-2976
2284,-4872,9904,969,391,-297,-2976
-1292,11422,5382,-1433,194,-99,-3008
-106,-10236,10792,660,-171,-106,-2992
5008,14266,-2846,-1839,639,-565,-2992
-6048,-4008,9482,1256,-475,187,-3024
4696,-2226,10838,171,-213,-54,-2992
-924,1222,10724,-1017,-10,-66,-2992
-418,3936,1114,519,-649,-27,-3024
1888,-9878,15536,426,552,-611,-2992
-1578,10454,5142,-252,269,-135,-2992
-3000,-994,11374,-215,-585,126,-2992
4604,3068,4368,-552,407,-298,-2992
-906,-4628,9834,357,475,-73,-2992
1298,-1712,5568,243,85,-74,-3024
670,5682,6914,171,346,-292,-3008
-1816,-1862,9812,-806,-25,-25,-3008
3232,7036,4974,448,121,-446,-3008
-3580,-10092,9692,-261,532,-190,-3008
-2890,8858,2776,-79,-963,291,-3008
3942,2004,4266,-379,497,-349,-3008
-3308,-9698,15262,957,-541,184,-3008
4592,1498,1824,-787,90,-379,-3008
1472,1868,3720,728,480,-457,-3008
-3026,104,13534,-491,-117,157,-3008
4086,4170,5864,-214,-155,-116,-3008
3756,-2132,7454,-486,794,-270,-2992
-2208,1126,4772,275,45,55,-2992
2618,-5292,11606,908,550,-324,-2992
-1426,9966,4944,-1615,86,14,-3024
486,-4198,10412,1237,-134,-352,-2992
490,-10404,13120,-1197,877,-482,-3024
-5830,-972,9880,448,-932,341,-3024
5142,684,6472,-421,227,-292,-3024
-4046,-7750,8852,144,-277,32,-3024
2360,2860,10934,203,-286,-193,-2992
1164,-9480,16886,373,549,-535,-2960
-1180,12088,1614,-805,-36,18,-3024
148,-3300,12606,361,-556,-4,-2960
3494,-2632,6754,-724,717,-287,-3024
-1536,-1928,8092,67,186,51,-2992
1302,-2624,6504,707,208,-226,-3024
-1350,12288,5986,-798,219,-166,-3024
268,-7676,9668,20,-139,-45,-3008
4220,11816,1772,-1270,386,-534,-3008
-4734,-8176,8618,850,-71,26,-2976
2850,-5594,12654,278,-525,36,-3008
-2770,2458,7044,-753,357,-208,-3008
-2894,-6408,12576,510,-685,166,-2976
4334,-1122,3470,-135,404,-581,-3008
-1620,3134,13540,595,297,-289,-3008
-3226,-1654,15654,-577,-318,240,-2992
4452,5262,3634,-623,164,-258,-2976
104,-6604,9466,338,705,-188,-3008
-254,-4138,9612,328,58,26,-3024
2176,-2670,10720,626,491,-291,-2992
-1598,6862,6304,-1327,0,-27,-2992
1380,-3830,10430,1167,-72,-399,-3024
-694,-10630,13406,-987,859,-390,-3024
-5394,506,9980,210,-930,367,-3024
5424,4070,2026,-578,353,-320,-2992
-4184,-12420,14150,738,-375,95,-2992
3528,4110,7104,-264,-137,-270,-2992
1388,-5980,13290,415,511,-488,-3024
-1734,9066,3264,-664,-83,103,-3024
1812,-2026,11944,228,-414,-46,-3024
2498,-2606,5774,-710,798,-250,-2992
-1954,976,5390,121,81,83,-2976
1828,-4048,8250,820,262,-244,-3008
-1386,13574,4860,-1097,228,-146,-3008
222,-7638,9620,494,-172,-35,-3008
5236,15696,-2706,-1829,551,-563,-3040
-5824,-6342,8796,1334,-445,120,-2992
3826,-6270,14144,192,-220,-48,-2992
-3460,2216,4014,-730,-220,-1,-3008
1618,1778,7428,541,-543,-84,-2976
1052,-4386,11390,485,560,-567,-3008
-1870,7286,10242,-658,117,-23,-3008
-1846,-540,7596,109,-654,66,-2976
4048,-2270,9330,-620,559,-331,-3008
-446,-6656,10766,246,394,-57,-2992
768,-2262,7062,390,125,-132,-3008
-1258,11530,5678,-344,233,-250,-3008
-156,-7722,10508,-285,-83,-24,-3008
2504,1220,8482,-303,229,-508,-2992
-2352,-10482,11416,244,270,-69,-2992
836,1686,5222,61,-841,190,-3024
-206,80,10916,-458,502,-320,-2992
-3956,-13694,17808,700,-606,199,-3024
4428,4388,2118,-643,215,-482,-3024
-150,218,10114,856,453,-388,-3024
-3104,-1414,12516,-563,-233,214,-2992
3202,586,9558,-461,20,-144,-3024
1838,-3566,6332,30,777,-249,-2992
-1584,-4608,11010,326,39,44,-2992
1726,2392,8118,823,525,-307,-2992
-820,11408,4970,-1502,112,-37,-2992
134,-7154,10314,1197,-80,-341,-2992
1830,-4534,9976,-1440,814,-476,-3008
-3836,8662,4422,772,-821,344,-3008
4574,-1850,10346,-491,147,-263,-2976
-3780,-2356,5034,-88,-261,27,-3008
2006,864,11256,334,-367,-179,-3008
1290,208,5578,382,546,-513,-3008
-1676,10202,5394,-749,17,10,-2976
-652,-2514,10092,330,-602,28,-3008
3852,-2426,8388,-699,678,-318,-3008
-1054,-5674,10566,133,289,21,-2992
1086,-1420,5514,559,137,-181,-2976
-1660,12870,5826,-630,270,-204,-3008
256,-9456,10280,32,-156,-10,-3008
4848,13662,-2602,-1260,369,-537,-3008
-3450,-10432,10288,890,-30,15,-3040
1874,-2588,8538,192,-540,96,-3008
-1494,2136,9842,-722,381,-236,-3040
-3732,-12616,17336,605,-649,223,-2992
4774,3654,734,-249,373,-553,-3040
-780,824,12508,668,321,-313,-3008
-2648,-886,10172,-572,-313,239,-3024
3642,3338,6774,-608,111,-180,-2992
-1276,-3722,9466,411,583,-126,-3024
-946,-5164,11356,249,84,-8,-3024
486,6312,6874,259,369,-260,-2992
-1758,-2252,9912,-860,-77,-36,-3024
3488,8380,4252,574,85,-473,-3024
748,-6696,11666,-405,589,-227,-2992
-2626,8120,2818,-25,-935,309,-3024
3436,1244,5386,-458,486,-388,-3008
-3240,-8040,13996,993,-479,155,-3040
4538,604,2658,-576,198,-449,-3040
-1388,1786,13244,803,379,-382,-2976
-3126,58,13926,-559,-247,213,-2976
4208,4418,5226,-471,55,-162,-2976
166,-6444,8716,-32,754,-233,-3040
-2286,346,5718,383,23,50,-3024
2602,-5156,11754,908,527,-307,-2976
-1502,8992,5334,-1585,49,8,-3008
752,-4134,10532,1260,-120,-321,-3008
4360,9654,-346,-1492,893,-504,-3024
-5916,-36,10184,749,-849,340,-2992
5274,2196,4242,-436,168,-226,-2992
-4154,-9770,11284,-59,-284,39,-2992
988,2552,3678,307,-393,-167,-2992
1112,-7854,15162,359,524,-512,-2992
-1252,10658,2146,-787,25,11,-2992
716,-2546,12046,284,-545,-4,-3024
3964,-596,8078,-632,709,-290,-3024
-1480,-344,6784,55,237,49,-3024
1646,-2710,7052,600,151,-207,-3024
-1248,12068,5732,-729,227,-172,-2992
-964,-6986,10664,120,-153,-21,-2992
4600,13868,-260,-1359,440,-525,-2992
-5338,-7486,8846,942,-122,48,-2992
3502,-5206,13216,228,-516,44,-3024
1792,200,8884,-798,313,-197,-3024
-2242,-1862,7862,477,-692,128,-2992
3618,-4452,7262,-241,342,-548,-3008
-1864,5330,12012,662,387,-305,-3008
-3484,-1934,15320,-558,-383,236,-3008
4674,5420,2900,-592,116,-218,-3008
-244,-7194,10682,351,690,-205,-2976
458,-2834,7790,264,78,10,-3008
1826,-252,9366,551,479,-273,-3008
-1932,4498,7324,-1242,24,-28,-2976
1828,-1444,10148,1135,-21,-394,-3008
2998,2592,5296,-1093,801,-386,-2992
-4886,5194,7158,105,-948,372,-3008
5172,4254,1564,-515,386,-359,-3008
-3990,-13288,16552,787,-361,122,-3008
1452,1158,8548,-224,-169,-254,-3024
1420,-2550,9434,376,530,-461,-3024
-2040,6268,6258,-631,-66,45,-3024
2492,-992,11120,249,-484,-31,-2992
4294,-2026,8938,-699,792,-244,-2992
-2066,1550,4742,105,104,76,-2992
2084,-4530,8954,1018,471,-336,-3024
-1408,12686,5160,-1542,174,-42,-2992
168,-7220,9818,1014,-194,-190,-2992
2366,-2156,8182,-1863,729,-560,-3008
-5952,-6000,9838,1232,-665,226,-3008
4304,-5262,12756,-54,-44,-120,-2976
-3642,938,3684,-867,-113,-46,-3008
1632,1186,9490,610,-589,-83,-3008
2484,-8006,12404,474,559,-570,-3008
-1986,9222,8322,-822,-12,9,-3024
-1264,-1306,8194,319,-558,-12,-3040
3940,-2618,9220,-681,686,-312,-2976
-1868,2376,4014,89,233,77,-3008
1778,-4620,9802,672,209,-200,-3008
-1248,11196,5890,-647,230,-170,-2976
-68,-7570,10154,-18,-154,-25,-3008
4716,15150,-3228,-1325,404,-527,-3008
-2806,-10498,10848,780,-21,7,-2992
1108,-36,6558,213,-590,105,-2992
-720,526,10318,-715,388,-240,-3024
-666,3544,2024,548,-689,167,-2992
4544,4102,1754,-180,374,-574,-2992
-246,1034,10694,584,300,-304,-3024
-2892,-848,11436,-573,-376,216,-2992
4762,3508,4174,-582,198,-220,-2992
1230,-3890,6544,271,708,-196,-3024
-1324,-4936,11112,311,27,33,-2992
1518,3980,7496,658,520,-292,-3024
-2410,-882,10074,-1309,-17,-3,-2992
386,-6664,10186,1157,-59,-417,-2992
1444,-5970,11084,-897,843,-376,-2992
-3400,9694,3362,25,-971,359,-2992
4286,2176,3098,-488,410,-335,-3024
-3978,-4086,6012,634,-345,93,-2976
2158,1268,11684,-134,-185,-257,-3008
1366,1110,4502,367,503,-500,-3008
-2554,1218,12146,-714,-76,68,-3008
-120,-3076,11018,314,-402,-35,-3008
3564,-2708,8126,-715,792,-266,-2976
-2064,1564,4788,137,92,90,-2976
1390,-1662,5638,800,246,-260,-2992
-1880,13424,6008,-1175,185,-142,-2976
386,-9630,9796,560,-179,-46,-2976
4314,10204,-526,-1866,607,-545,-3008
-4508,-9482,9674,1223,-284,96,-2992
2628,-4712,11276,200,-303,-13,-3024
-2386,2972,8084,-962,141,-140,-2992
932,3850,1570,491,-642,33,-3008
4530,772,1940,220,508,-589,-2992
-1284,2258,13552,-100,264,-161,-3008
-2568,4,8192,-305,-561,178,-3008
4356,310,7266,-582,372,-305,-3008