AcX,AcY,AcZ,GyX,GyY,GyZ,Tmp
2808,2100,6008,-534,780,6,-3024
1538,1550,6966,-762,1089,-129,-3056
14,1102,8752,-1022,1057,-124,-2992
-228,-22,8572,-1144,1017,-96,-2976
-256,-468,8390,-1195,1010,-13,-3024
-2322,-3876,9376,-442,460,-173,-3024
-2702,-3932,7686,302,-189,-162,-3024
-1430,-78,6998,726,-703,-156,-2976
42,-126,8444,394,-601,-237,-2976
1102,-226,8730,292,-369,-187,-2992
1124,178,7966,223,-49,-144,-2992
156,604,8116,154,11,-125,-2976
-226,590,8242,78,-67,-196,-3008
422,390,8436,-156,-92,-174,-2992
930,346,8216,-177,8,-156,-3024
1382,-512,7342,-193,307,-138,-3024
570,-702,7368,-164,486,-157,-2976
-102,-418,7302,-134,403,-285,-3024
-706,254,8398,-141,227,-410,-3024
-824,-118,7590,-145,10,-32,-2992
-72,-918,8146,28,-32,-193,-3008
-644,-2200,8720,308,-178,-65,-3008
-1812,-2168,9052,778,-564,87,-2992
-1708,-120,9122,859,-981,175,-2992
-508,380,7986,638,-1117,-268,-3040
2082,270,7608,465,-637,-318,-2976
3292,2074,6318,-57,160,-243,-3008
3068,2580,5352,-526,647,-150,-3024
2148,1678,6922,-646,1054,-140,-2992
452,1446,7566,-1025,1094,-132,-3008
0,780,8530,-1082,994,-53,-3024
-18,34,8662,-1209,1013,-156,-3024
-1664,-3524,9928,-701,765,-136,-2992
-2744,-4444,8802,299,-152,-129,-3008
-2012,-1702,8170,716,-708,-145,-2976
536,-4,7970,284,-552,-280,-3024
1422,270,7728,230,-255,-144,-2992
918,106,8288,244,-16,-57,-3024
-84,542,7624,61,36,-136,-3008
-10,844,7290,-49,26,-216,-2960
238,800,7724,-189,-103,-226,-3024
976,-34,7778,-166,-4,-150,-3024
1290,-656,7042,-204,258,-142,-3008
658,-102,6622,-283,475,-97,-2976
12,-94,7010,-156,416,-269,-2960
-620,86,7664,-82,188,-345,-3024
-994,148,8190,-61,15,-120,-3040
66,-1158,8212,30,-72,-176,-2976
-382,-1690,8772,204,-139,-93,-2992
-1274,-2302,9062,691,-491,44,-2992
-1628,338,8290,781,-932,121,-3008
366,558,7384,548,-1014,-320,-2992
2172,366,7340,395,-518,-185,-3008
3334,2106,6310,-53,207,-186,-2976
2706,2040,6356,-514,611,-143,-2992
2180,1448,7188,-659,1029,-166,-2992
496,1464,7898,-1013,1063,-78,-3008
-378,404,8552,-1087,966,-114,-3008
-464,-504,9392,-1061,906,-92,-2992
-976,-2690,9358,-736,783,-159,-2992
-2576,-4514,9706,116,-20,-91,-3008
-2274,-2096,8686,717,-558,-173,-2976
-420,520,7870,404,-571,-192,-3008
1020,416,7794,135,-364,-196,-2992
1280,70,8126,113,-67,-143,-2992
668,458,7252,161,61,-85,-3008
-240,546,7820,114,-25,-61,-2976
-192,622,7960,-74,-132,-118,-2976
612,98,8098,-115,-98,-207,-2992
1114,-378,8082,-133,140,-71,-3024
840,-584,7174,-159,366,-118,-2992
-158,-230,7500,-142,373,-329,-3008
-490,60,8058,-116,297,-330,-3008
-912,-134,8494,-26,30,-39,-3008
42,-1036,8550,-8,-25,-169,-2960
-680,-1540,8848,130,-128,-131,-3024
-882,-2494,8802,613,-417,35,-3008
-1954,-748,8942,866,-871,163,-3008
-658,414,8128,671,-1045,-168,-2992
1426,746,7000,404,-723,-394,-3024
3568,1632,5858,88,-75,-163,-2976
3150,2304,5788,-420,503,-150,-3008
2810,1438,7294,-543,987,-52,-2992
792,2168,7290,-904,1075,-165,-2992
-236,1206,8864,-1049,973,-84,-2992
274,-142,8086,-1188,1037,-133,-3008
34,-1122,8114,-1138,1003,-139,-2976
-2434,-3790,8222,-270,296,-100,-2992
-2722,-2944,8234,454,-337,-179,-2992
-1376,-130,7312,503,-666,-127,-2976
480,544,7670,213,-473,-207,-3008
992,78,7784,214,-238,-117,-3024
486,-164,8466,243,-62,-195,-2992
-28,426,7836,125,-10,-126,-2976
-420,730,8178,80,-125,-175,-3008
264,-72,9050,-7,-182,-187,-2992
1100,-452,8398,-114,4,-121,-2992
928,-596,8040,-142,282,-117,-3024
194,-654,7980,-132,448,-210,-3008
-506,-18,8618,-81,319,-341,-3024
-748,-62,8502,-23,151,-247,-2992
-570,-162,7902,-198,-5,-46,-3008
-44,-992,8168,-41,4,-203,-3008
-672,-2412,8564,442,-267,-113,-3024
-1938,-1270,8610,822,-728,48,-2992
-1104,254,8054,718,-1036,-3,-2992
1202,710,7044,483,-941,-390,-3008
2768,592,7574,350,-318,-179,-3008
3200,2274,6516,-210,306,-233,-2992
2818,1386,6736,-523,842,8,-2992
1302,1648,6782,-793,1068,-133,-2992
140,1162,8608,-1002,1023,-109,-3024
-248,104,8332,-1148,963,-113,-2992
152,-796,7870,-1230,1008,-176,-2976
-2112,-3664,8762,-453,490,-75,-3008
-2508,-4066,7600,346,-122,-103,-2992
-1608,-336,6896,681,-719,-48,-3024
-186,96,8194,347,-619,-372,-3008
1358,-242,8354,241,-321,-164,-3008
920,-6,8514,275,-37,-65,-2992
56,688,7886,202,-35,-95,-3024
-274,834,7654,37,-106,-233,-3008
666,560,8006,-205,-115,-189,-2976
982,112,8238,-168,-3,-146,-3024
1482,-296,7400,-209,317,-101,-3024
676,-328,6998,-273,537,-198,-2992
-272,50,7522,-217,412,-314,-3008
-870,-32,8276,-157,251,-219,-3024
-970,-2,8112,-197,60,-22,-3024
-208,-940,7800,11,-41,-306,-3008
-606,-2530,8102,364,-259,-104,-3008
-1948,-2216,9308,847,-690,109,-2992
-1650,190,8970,808,-1087,82,-3024
518,536,7176,556,-1081,-387,-2992
3292,1270,7286,416,-440,-171,-3008
3378,2192,7032,-142,261,-209,-3008
2810,1668,6730,-490,804,-54,-3056
900,1836,7494,-706,1119,-115,-2992
-36,1562,7854,-1037,1044,-93,-3008
-224,422,8112,-1196,988,-121,-2976
-218,-518,8616,-1168,1011,-99,-2992
-2084,-4026,10102,-400,494,-26,-2992
-3072,-4448,8458,287,-166,-246,-3008
-1730,-876,7592,673,-720,-172,-3008
176,160,7922,381,-570,-242,-2992
1058,8,8516,299,-384,-84,-3024
796,-40,8306,288,-103,-188,-2992
-76,610,8368,149,-42,-136,-3008
-56,588,8230,110,-62,-166,-2976
174,472,8386,-119,-152,-192,-2976
928,-112,8220,-167,8,-174,-3008
1520,-198,7284,-245,311,-117,-3024
760,-500,6772,-197,471,-163,-2992
-382,-84,8110,-136,401,-278,-3008
-660,-284,7862,-94,189,-496,-2992
-556,150,7822,-234,69,-67,-2992
-38,-1162,8566,18,-5,-198,-2992
-654,-2346,8544,353,-218,-53,-3008
-1958,-1642,8766,818,-597,113,-3008
-1920,-14,8392,792,-994,151,-2992
-196,660,8120,542,-1058,-339,-2992
2692,542,7192,442,-554,-230,-3008
3442,2132,5818,-88,178,-195,-2992
2792,2478,6034,-550,687,-66,-2992
1660,1636,6802,-702,1103,-77,-2992
256,1334,7890,-1050,1068,-76,-3008
-408,298,8936,-1066,1010,-19,-3008
-302,-326,8534,-1112,930,-222,-2992
-2082,-3974,9678,-630,697,-110,-2992
-2822,-4402,9638,246,-89,-122,-2992
-2704,-2446,9046,759,-655,-164,-3008
-26,68,8448,400,-625,-270,-3008
1226,684,7426,146,-318,-137,-2992
1528,316,7598,170,-60,-113,-2992
180,740,7426,124,39,-119,-3008
-230,742,7982,-8,6,-181,-3008
-94,1112,7638,-207,-74,-232,-3008
866,20,8092,-172,-9,-133,-3024
1430,-520,7006,-146,187,-73,-2992
704,-722,7468,-183,456,-49,-2976
-218,-214,7508,-151,409,-394,-2976
-590,202,7882,-112,244,-308,-2992
-866,38,7666,-29,-10,-54,-3008
-148,-660,8244,78,-58,-212,-3008
-448,-1730,9082,263,-188,-88,-2976
-1682,-2300,9060,766,-537,61,-2992
-1700,-130,8980,867,-954,164,-2992
-924,464,8402,645,-1110,-274,-3056
2014,240,7432,415,-661,-217,-2976
3356,1872,6538,26,51,-152,-3008
3108,2314,5912,-421,553,-93,-2992
2514,1362,7056,-565,1030,40,-2960
312,1662,8136,-953,1029,-128,-3024
-198,542,8802,-1046,989,-139,-3040
78,-374,9186,-1118,1019,-118,-3008
-1244,-2774,9272,-878,813,-101,-3024
-2756,-4266,8964,-32,96,-152,-2992
-2544,-3020,8094,601,-488,-204,-3008
-276,578,7214,395,-590,-149,-3040
934,384,7940,169,-388,-180,-2992
1036,184,7524,147,-126,-141,-2992
692,758,7016,43,71,-159,-3008
226,724,6844,2,53,-157,-3008
-424,584,8142,-76,-100,-113,-2992
544,66,8054,-145,-85,-49,-2992
1260,-342,7452,-187,103,-195,-2976
818,-218,6982,-156,344,-138,-2976
22,-688,8166,-88,375,-271,-2976
-372,-54,8152,-68,241,-395,-2992
-860,88,8238,-9,77,-193,-2992
-14,-1220,8320,-50,-28,-157,-3008
-18,-982,8108,86,-100,-166,-2992
-876,-2256,8840,535,-340,-2,-2992
-2090,-602,8718,818,-818,187,-2992
-718,392,8332,697,-1024,-25,-3008
978,428,7704,471,-844,-286,-3008
3234,1406,6828,256,-189,-128,-2992
2982,2222,6044,-333,377,-246,-2992
2874,1444,6880,-516,914,1,-2976
980,1832,7556,-817,1045,-147,-2944
-166,632,9570,-949,1006,-85,-2992
-338,418,8222,-1137,961,-145,-3024
152,-186,7674,-1295,1051,-140,-2976
-2422,-3736,7780,-444,418,-103,-3008
-2448,-4530,7974,341,-202,-139,-2960
-1862,-974,7790,597,-656,-156,-3008
322,350,7210,206,-504,-303,-2992
1076,128,8262,173,-217,-173,-2992
904,-82,8724,278,-12,-39,-3040
-274,242,7952,177,-37,-14,-3008
-442,550,8202,40,-91,-265,-3024
254,504,8486,-49,-133,-201,-3024
1096,-264,8092,-85,-38,-91,-3008
1278,-574,7436,-192,269,-92,-3008
666,-90,6702,-245,473,-229,-2992
-40,-134,7474,-120,354,-309,-3024
-420,-112,7966,-86,208,-269,-3024
-776,-18,7876,-94,-4,-100,-3008
124,-782,7356,-104,1,-199,-2992
-454,-2328,8074,338,-205,-63,-3024
-1702,-1830,8930,814,-646,146,-3040
-1398,254,8280,811,-959,168,-3008
-52,372,7896,519,-1006,-464,-2992
2450,586,7374,357,-438,-203,-2992
3312,2192,6490,-112,257,-221,-2992
2768,1692,6140,-476,751,-54,-3040
1544,1446,7144,-679,1058,-156,-2976
112,1380,8588,-990,1039,-93,-2992
-166,286,8288,-1145,992,-127,-2992
-364,-424,8926,-1154,983,-121,-3008
-1950,-3914,9432,-538,595,-127,-3008
-2606,-4214,8636,244,-104,-149,-3024
-2800,-2786,9764,800,-642,-180,-3024
-314,6,8592,429,-637,-238,-3024
962,-138,8616,222,-377,-90,-2976
1252,110,7294,184,-97,-207,-3024
360,478,7960,193,21,-141,-3024
-272,366,8124,176,-78,-148,-2992
160,392,8504,-87,-174,-189,-3008
850,398,7728,-158,-90,-186,-2976
1436,-360,7584,-199,232,-93,-3024
800,-560,7240,-215,506,-101,-2992
-58,-194,7280,-216,475,-325,-3008
-432,248,7546,-185,344,-392,-3040
-976,130,7952,-134,101,-93,-2976
-332,-1278,8598,-25,-30,-211,-2992
-852,-2344,8756,300,-197,18,-3024
-1602,-2662,9366,810,-582,66,-3024
-2054,-206,9168,851,-1021,166,-3008
-18,298,7906,668,-1133,-340,-2976
1978,274,7176,504,-657,-227,-3024
3416,2128,6334,-47,138,-258,-2960
2980,2074,6226,-480,647,-67,-3008
2484,1252,6988,-581,1053,-71,-2992
142,1830,8272,-972,1037,-148,-2992
-508,426,8700,-1056,959,-120,-3024
58,-350,8344,-1169,987,-113,-3008
-1166,-2862,9668,-701,754,-133,-3008
-2878,-4622,9174,159,9,-32,-2992
-2622,-2178,8638,718,-640,-90,-2992
-234,750,7184,339,-644,-289,-2992
1218,470,7986,201,-338,-147,-3008
1264,-222,7566,238,-113,-81,-3008
328,590,6824,122,-16,-133,-2992
-26,1004,7204,12,-14,-231,-2992
50,964,7472,-129,-138,-204,-3008
726,-188,8784,-116,-88,-144,-2992
1406,-446,7864,-171,147,-88,-2992
778,-142,6932,-249,477,-186,-3024
-174,-210,7530,-204,496,-259,-3040
-506,-112,8110,-163,321,-393,-3008
-1162,-104,8544,-37,64,-129,-3024
-186,-1152,8772,-91,1,-76,-2992
-90,-1102,8206,118,-78,-165,-2992
-1232,-2566,8640,676,-476,33,-2992
-2062,-314,8544,846,-936,177,-2992
-536,578,8338,628,-1088,-270,-2992
2276,312,7330,403,-737,-284,-3008
3716,1784,5788,32,68,-189,-2976
3018,2486,5646,-457,568,-161,-3024
2092,1502,7412,-598,1047,-45,-3024
292,2336,7848,-993,1094,-149,-2992
152,426,8712,-1062,1065,-149,-3024
-370,-500,9118,-1079,974,-46,-3008
-428,-1576,8384,-913,873,-119,-2992
-2636,-3850,8812,-48,124,-175,-3024
-2688,-3136,8780,700,-519,-221,-3024
-258,288,8640,423,-649,-147,-3008
548,596,7496,225,-460,-164,-2976
1272,286,7426,146,-124,-168,-2976
518,562,7448,138,36,-148,-3024
-32,560,7486,93,33,-133,-2992
-328,886,7680,-88,-116,-246,-2976
770,106,8060,-185,-84,-180,-2976
1266,-428,8232,-146,152,-136,-2992
982,-682,7672,-168,430,-137,-2960
-26,-608,7900,-113,457,-253,-3008
-426,22,7746,-131,310,-381,-3024
-974,-176,8692,-61,169,-143,-3024
-210,-1302,8850,-59,-3,-171,-3024
-426,-1500,8586,53,-56,-143,-2976
-732,-2404,8420,541,-340,-27,-3008
-2108,-518,8408,811,-855,243,-2992
-916,542,8082,674,-1081,-167,-2992
1784,488,6926,417,-770,-395,-2992
3498,1868,5830,153,-53,-203,-3008
3164,2472,6080,-437,488,-201,-2976
2774,1414,6848,-544,989,-30,-2992
344,1994,7856,-900,1067,-133,-2992
98,814,8838,-1023,1001,-29,-3040
86,240,8736,-1228,1004,-155,-3008
-774,-2078,8614,-1154,1022,-164,-3024
-2530,-4062,8168,-186,214,-86,-2992
-2684,-3324,7938,474,-384,-194,-3008
-466,794,6776,431,-654,-254,-2976
486,220,8368,182,-418,-237,-3024
1368,-232,7854,152,-166,-128,-2992
238,542,7680,200,3,-143,-2992
32,778,7314,71,22,-195,-3008
-356,344,8854,14,-62,-217,-2976
712,138,7854,-150,-46,-119,-2992
1590,-400,6504,-210,220,-72,-3008
818,-642,7084,-213,407,-170,-2992
-260,-76,8108,-129,382,-253,-2992
-368,-28,7442,-31,208,-367,-2976
-1008,-408,8870,15,26,-186,-2992
-190,-856,8400,-55,-77,-138,-2992
22,-1262,8378,119,-105,-111,-2960
-1258,-2390,8714,563,-343,-48,-2976
-1956,-738,8514,835,-818,184,-2976
-836,300,8304,664,-1029,-89,-2992
1692,476,7332,387,-804,-333,-2992
3160,1254,7264,190,-92,-184,-3056
3034,2454,5938,-364,443,-102,-2976
2808,1508,6888,-571,987,-24,-3040
836,1932,7566,-839,1033,-152,-2992
164,670,9012,-993,993,-134,-2992
-140,-338,8980,-1070,941,-83,-2976
-162,-234,7754,-1196,976,-215,-2992
-2516,-3842,8506,-252,243,-139,-3024
-2392,-3660,7654,502,-346,-147,-2992
-1004,78,6870,531,-622,-125,-2976
360,652,7760,223,-483,-208,-2976
1060,182,8180,125,-199,-127,-2992
820,154,7894,166,77,-82,-2992
-248,418,7706,159,-1,-117,-3008
-516,574,7906,-1,-136,-309,-2992
570,270,8276,-95,-78,-149,-2992
1016,-494,8326,-86,22,-91,-2992
1018,-462,7628,-155,312,-96,-2976
400,-360,7528,-169,432,-273,-2976
-162,-202,7560,-103,312,-387,-2976
-714,34,8448,-106,179,-183,-2992
-712,-144,7984,-138,33,-102,-2992
-110,-636,7750,-26,-3,-144,-3008
-620,-2282,8278,328,-252,-118,-3008
-1710,-2044,8962,803,-654,174,-2992
-1432,-100,8748,820,-1033,93,-3024
386,740,7486,479,-952,-286,-2976
2966,1016,7186,365,-421,-223,-2992
3134,2126,6752,-166,268,-232,-2992
2964,1424,6624,-445,812,-30,-2976
848,2086,7596,-703,1066,-98,-3008
170,1552,8252,-1006,1039,-132,-3024
-182,534,8246,-1158,968,-142,-3024
-58,-362,8214,-1191,1036,-132,-2976
-1688,-3480,9732,-508,581,-134,-2960
-2666,-3624,7442,375,-198,-164,-3024
-2164,-1568,8132,609,-649,-167,-2992
178,228,8308,303,-542,-218,-3008
910,46,8626,264,-317,-40,-3008
774,-134,8606,287,-57,-145,-3024
132,146,7746,180,-4,-197,-2992
-462,640,8934,133,-110,-166,-2976
318,82,9094,-36,-185,-141,-2976
892,-16,8406,-105,-43,-130,-2992
1326,-672,7510,-191,285,-101,-2992
374,-422,8114,-189,481,-137,-2992
-106,-148,7716,-136,417,-292,-3008
-554,-164,7798,-101,228,-333,-3008
-808,284,7616,-149,24,-105,-3024
-58,-1142,8440,-54,-22,-212,-2992
-666,-2320,9016,332,-178,-25,-2976
-1902,-2238,9282,813,-572,189,-3008
-2054,-168,8450,806,-990,50,-3024
-328,354,7964,607,-1110,-327,-2992
2278,362,7556,475,-651,-238,-3040
3190,2268,6572,-19,137,-197,-3008
3006,2492,5726,-531,629,-137,-3008
1846,1538,7280,-605,1061,-56,-2992
244,1526,7896,-988,1065,-76,-3024
-108,378,9062,-1061,993,-173,-3008
-276,-428,8920,-1089,896,-107,-3040
-1452,-3196,9720,-861,845,-175,-3024
-2710,-4040,9270,97,43,-111,-2992
-2900,-2966,8682,755,-608,-284,-2976
-418,488,8548,420,-662,-277,-2976
1400,-66,7860,164,-362,-151,-2992
1432,60,7322,199,-107,-151,-2992
316,764,7270,163,-24,-144,-2976
-210,876,7260,57,-63,-163,-2976
-494,1042,7888,-139,-134,-220,-2992
974,54,8104,-146,-80,-161,-2992
1418,-232,7930,-117,159,-69,-3008
816,-542,6750,-204,489,-132,-3008
-26,-278,7480,-244,475,-323,-3008
-458,208,8084,-178,363,-339,-3024
-1260,-146,8564,-15,64,-58,-2992
-200,-1272,8722,-24,-5,-297,-3008
-442,-1658,8906,168,-115,-145,-3008
-1576,-2762,9370,675,-436,-28,-2992
-2016,-810,8734,939,-939,172,-3024
-802,616,8244,713,-1104,-194,-3008
1776,382,7332,414,-794,-327,-2976
3694,1596,6342,117,-62,-210,-2960
3494,2328,5526,-441,539,-196,-2992
2464,1488,7140,-584,1042,-43,-2992
272,2000,7614,-924,1102,-119,-3040
104,746,8838,-1050,1047,-83,-3008
136,-192,9148,-1186,1042,-113,-3024
-1306,-2868,9338,-1020,921,-44,-2992
-2470,-3632,8056,-179,254,-243,-3008
-2580,-3028,7690,508,-444,-214,-3008
-362,758,7088,467,-659,-160,-2992
492,330,7888,242,-466,-180,-3024
1228,-106,7674,193,-193,-161,-3008
668,534,7030,161,-22,-106,-2976
-40,786,7858,50,29,-139,-2992
-322,882,7994,-23,-90,-208,-2992
626,142,8450,-86,-102,-137,-2992
1378,-480,7548,-197,70,-88,-3008
1140,-812,7424,-213,411,-72,-3008
200,-506,7996,-166,523,-170,-3024
-500,-70,7720,-164,342,-367,-2992
-824,-100,8130,-92,146,-338,-2992
-418,-458,7740,-190,39,-114,-2992
0,-1028,8136,27,-19,-137,-2976
-1022,-2684,8428,449,-301,-35,-3040
-2054,-770,8272,764,-758,228,-3024
-1120,356,8088,706,-1075,-30,-3008
1354,518,7348,473,-981,-420,-3040
2848,708,7756,373,-269,-178,-2992
3300,2266,6494,-254,377,-238,-3024
2700,1458,7094,-555,885,-34,-3024
650,2136,7854,-798,1063,-200,-3008
144,924,8604,-987,1057,-173,-2976
-462,-212,8948,-1103,976,-93,-2992
76,-940,8136,-1276,1000,-119,-2992
-2440,-4010,9176,-380,432,-136,-3008
-2670,-4056,7628,385,-261,-172,-3008
-1366,-60,7332,676,-727,-132,-3024
128,58,8336,300,-563,-254,-3056
1378,-342,8374,228,-239,-173,-3008
680,42,8572,264,-6,-96,-3008
16,860,7620,95,3,-161,-2960
-298,818,7788,-15,-73,-228,-2992
584,-66,8536,-175,-96,-223,-3024
864,-710,9074,-68,-2,-140,-3008
1270,-270,7010,-202,304,-194,-2976
548,-402,6562,-209,458,-137,-2960
-488,214,7788,-195,387,-337,-2992
-560,154,7688,-120,215,-250,-3008
-630,38,7376,-140,8,-69,-3008
-140,-394,7516,21,-70,-200,-2992
-352,-2014,8610,295,-212,-101,-2960
-1654,-1990,8782,777,-603,85,-2992
-1634,194,8510,812,-943,167,-2976
-658,686,8368,551,-1099,-374,-3024
2202,232,7138,425,-585,-256,-3024
3324,2104,6610,-64,162,-213,-2992
2772,1812,6312,-495,735,-94,-3040
1114,2006,6932,-741,1091,-88,-2976
304,1392,7868,-1026,1068,-84,-3024
-274,614,8586,-1144,989,-139,-2992
-254,-452,8060,-1183,998,-147,-2992
-2306,-4040,8916,-510,560,-133,-2976
-2622,-4362,8750,233,-110,-118,-2976
-2052,-1768,8470,686,-651,-212,-2976
258,394,7934,347,-542,-225,-2992
976,344,8154,217,-285,-147,-3024
888,156,8050,204,-73,-135,-3008
214,540,8052,109,75,-150,-2976
-74,564,7946,86,2,-180,-3024
-222,376,7802,-69,-171,-283,-2992
712,-14,8620,-94,-41,-50,-3008
1198,-764,7654,-172,183,-60,-3008
412,-714,7796,-146,408,-160,-2992
-94,-322,7386,-75,302,-366,-3024
-702,166,8204,-56,182,-378,-3008
-676,-96,7800,-84,4,-66,-3040
-26,-1332,8492,23,-63,-217,-2992
-484,-1652,8988,229,-193,-110,-3024
-1582,-2184,8912,704,-485,43,-2992
-1586,-186,8914,798,-921,145,-3008
-586,322,8184,642,-1052,-286,-3008
2072,376,7364,415,-652,-293,-2992
3180,2128,6126,0,79,-207,-2992
2916,2498,5896,-484,557,-120,-3008
2382,1288,7032,-557,985,-77,-2976
298,1638,8124,-897,1030,-127,-2992
-214,572,9514,-1030,976,-103,-2992
-206,-348,9208,-1083,906,-109,-3008
-728,-2444,9514,-990,943,-188,-3008
-2526,-3860,8386,-133,168,-113,-3024
-2700,-3092,7890,578,-427,-197,-3024
-490,952,7510,367,-642,-193,-2992
1336,458,7398,111,-373,-262,-2976
1136,86,7784,127,-98,-169,-3008
194,526,7178,161,12,-166,-2992
-28,862,6970,84,-14,-124,-2992
-542,640,8562,-41,-121,-197,-3024
542,-204,8532,-73,-175,-118,-2992
1200,-368,8098,-82,29,-107,-3008
922,-604,8136,-136,320,-110,-2992
82,-560,7754,-159,431,-223,-2992
-382,-186,8336,-88,343,-300,-2992
-850,-214,8436,-26,139,-154,-3008
-618,-24,7770,-151,-2,-119,-2976
-160,-674,8146,1,-44,-152,-2976
-952,-2646,8620,454,-288,-65,-3024
-1868,-1588,8686,882,-793,179,-3024
-1220,422,8366,735,-1027,-149,-3008
1054,842,6950,434,-898,-362,-3040
2838,662,7360,278,-302,-186,-3024
3350,2070,6290,-245,398,-175,-3024
2726,1710,6542,-546,827,-44,-2976
676,2074,6996,-849,1058,-139,-3008
10,924,9426,-1022,1006,-142,-2992
-108,416,8826,-1177,1014,-113,-2992
-26,-826,7584,-1189,1011,-172,-2976
-2428,-3670,8082,-340,344,-114,-3008
-2530,-4230,7950,424,-283,-181,-3024
-1620,-222,7142,594,-691,-168,-2992
230,532,7326,255,-587,-337,-3008
1098,184,7670,222,-287,-107,-3008
1158,-166,8164,253,-14,-104,-2976
-48,534,7868,176,-9,-135,-3024
-428,804,7638,43,-135,-207,-2992
490,364,8060,-122,-161,-152,-3008
1340,42,8158,-172,6,-120,-3008
1076,-322,7690,-214,363,-112,-3024
750,-442,7610,-205,536,-168,-3056
-326,-248,7654,-165,394,-400,-3008
-678,-58,8298,-178,310,-234,-3008
-1124,102,8112,-221,38,-63,-2992
-238,-846,8142,-36,19,-189,-2992
-680,-2372,8330,363,-236,-199,-2992
-1996,-1040,8124,819,-654,173,-2976
-1844,-248,8928,826,-1088,97,-2976
168,590,7970,574,-1067,-352,-3008
3032,1032,7230,448,-500,-221,-3024
3386,1858,6668,-101,250,-195,-2992
2850,1792,6726,-468,754,-13,-2992
1012,1806,7734,-668,1080,-132,-3008
-20,1790,8346,-1002,1061,-67,-3024
-542,502,8350,-1145,976,-116,-2992
256,-380,8048,-1242,1053,-119,-3024
-2534,-4134,8964,-461,571,-71,-3008
-2854,-4436,8896,269,-106,-27,-3008
-2360,-1686,8082,738,-710,-301,-3024
278,-64,8226,353,-612,-256,-2992
1298,84,7918,260,-369,-117,-3008
918,-122,8300,294,-100,-58,-3008
-204,256,7898,162,-14,-185,-2992
190,804,6704,29,-42,-192,-2992
198,1028,7890,-173,-110,-172,-2992
944,306,7886,-139,-41,-143,-2976
1346,-420,7656,-199,273,-56,-2992
914,-412,6586,-266,495,-113,-3024
-278,-60,7842,-201,483,-252,-2992
-554,-444,7836,-140,293,-330,-2976
-1008,-154,7810,-100,49,-20,-3008
-280,-1306,8922,-49,-27,-255,-2992
-738,-2420,9232,238,-121,-89,-2992
-1356,-2372,8662,714,-501,49,-3008
-2146,-186,8540,824,-941,190,-2976
-352,370,8158,633,-1101,-307,-3040
1610,480,7044,446,-701,-289,-2992
3682,1896,5914,61,95,-194,-3024
2910,2558,5740,-485,560,-186,-3040
2750,1600,6818,-616,1050,-26,-2992
414,2082,7634,-959,1041,-131,-2992
-76,712,9202,-1049,1039,-113,-2992
-300,-392,8416,-1079,936,-4,-3008
-366,-1764,8536,-957,918,-77,-3008
-2606,-4032,8902,-84,148,-176,-2992
-2622,-2594,9094,631,-465,-183,-3024
-1022,394,7660,460,-681,-154,-2960
640,186,7718,241,-437,-175,-2960
1312,152,8094,189,-180,-195,-2976
484,598,7416,151,28,-141,-2976
-180,442,7804,132,-8,-160,-3024
-476,732,8174,-54,-123,-219,-3024
760,-120,8488,-118,-100,-175,-2992
1196,-594,8612,-122,131,-154,-3008
840,-730,7900,-148,359,-154,-3008
-184,-424,8208,-106,443,-279,-3024
-586,-136,8180,-99,284,-311,-2992
-1204,-112,8940,-38,108,-150,-3008
-232,-1350,8832,-64,-41,-185,-3008
-198,-800,7750,69,-53,-108,-2960
-772,-2478,8192,545,-350,-27,-2992
-2054,-502,8474,800,-799,211,-3008
-840,582,8182,713,-1063,-39,-2976
978,800,7152,410,-906,-398,-2992
3436,1484,6372,233,-215,-207,-3024
3314,2246,5416,-342,426,-199,-2992
2912,1370,6550,-517,937,-72,-3008
740,2248,7700,-838,1072,-192,-2976
24,688,8760,-1029,1056,-100,-2992
-230,442,8204,-1204,954,-68,-3024
80,-580,7740,-1249,1049,-186,-3008
-2620,-3620,8288,-293,347,-123,-3008
-2884,-4190,8756,368,-265,-128,-3024
-1572,-348,6972,515,-684,-168,-3024
682,458,7714,253,-468,-268,-3008
1258,114,7768,249,-219,-116,-3008
414,-136,8774,264,-68,-113,-3024
-218,442,7832,96,17,-144,-2992
-454,708,8882,85,-10,-240,-3008
126,202,9118,-70,-140,-183,-3008
820,-532,8660,-95,8,-194,-3040
958,-884,7772,-133,309,-82,-2992
594,-728,6948,-101,402,-145,-2992
-588,-350,8446,-39,291,-336,-3008
-740,-524,8306,17,131,-317,-3024
-644,40,8420,-134,-25,-92,-3024
44,-1092,8790,39,-72,-226,-2992
-764,-2318,9250,394,-219,-73,-3040
-2046,-236,8328,768,-791,259,-3024
-622,384,7764,649,-1027,-106,-3008
934,534,7294,410,-853,-301,-2992
3308,1226,6786,234,-141,-164,-2960
2942,2632,5816,-326,432,-104,-3008
2704,1506,6992,-542,914,-134,-2992
674,2040,7776,-840,1071,-113,-2992
338,538,8742,-1002,1032,-132,-2992
-248,-228,9216,-1100,948,-87,-2976
-228,-252,8016,-1195,986,-186,-2944
-2336,-3812,8004,-411,380,-114,-3024
-2386,-3578,7644,396,-228,-116,-2992
-1974,-1400,8026,651,-651,-178,-2992
-44,258,7842,285,-541,-222,-2976
1110,-218,8146,177,-229,-185,-3008
1222,-64,7960,229,-27,-91,-2992
-190,452,8044,181,-31,-101,-2992
-576,506,8274,42,-107,-113,-3040
208,714,8066,-131,-146,-259,-2992
1048,-226,7988,-129,18,-97,-3024
1260,-450,7304,-191,278,-87,-2992
130,-470,7740,-214,463,-243,-2976
-138,106,7008,-145,369,-424,-2976
-344,-10,7770,-129,243,-239,-2992
-764,-68,8186,-113,-12,-51,-3024
-262,-764,8620,-23,-36,-231,-2992
-574,-2120,8238,223,-183,-148,-3008
-1818,-1718,8622,769,-567,45,-2976
-1812,-468,8870,870,-985,106,-2992
-248,576,7866,566,-1038,-309,-2992
2306,462,7402,424,-563,-153,-3008
3408,1800,6004,-50,132,-233,-2992
3078,1974,6012,-435,623,-110,-2992
1322,1510,7936,-552,1020,-61,-3024
126,1036,8102,-918,1011,-86,-2992
-396,582,8534,-1129,950,-169,-2992
-100,-288,8824,-1178,1008,-135,-2976
-1984,-3792,9880,-647,710,-99,-2976
-2536,-4254,8664,132,-6,-105,-3024
-2580,-2880,8688,727,-597,-223,-2992
-116,394,8700,391,-575,-234,-3008
914,-10,8658,209,-389,-246,-2976
1188,60,7470,177,-106,-134,-3024
370,362,7260,128,11,-65,-3024
-98,630,8112,89,-17,-190,-3040
-236,1036,7828,-93,-168,-190,-3008
854,-36,7462,-119,-89,-157,-3008
1450,-276,7478,-215,196,-85,-3024
1162,-438,7010,-254,449,-122,-2992
30,-324,7914,-150,491,-219,-2976
-400,-180,7664,-128,283,-380,-2976
-808,-216,8012,-27,81,-212,-2960
-128,-598,8476,-118,-26,-112,-2992
-276,-1534,8294,65,-57,-178,-2976
-1486,-2568,8906,561,-355,-94,-3008
-2058,-580,8384,809,-825,227,-2992
-750,546,7798,647,-1068,-306,-2992
1844,608,6888,438,-744,-299,-3008
3542,2042,5672,68,-6,-191,-3008
3396,2348,5910,-430,539,-190,-3024
2648,1520,6860,-595,1014,-45,-2960
356,2020,7892,-924,1061,-113,-2976
-406,476,8844,-1001,1022,-135,-3008
-202,-232,9042,-1086,932,-110,-3024
-302,-1534,8674,-1125,996,-211,-2992
-2700,-4230,9024,-159,201,-118,-3008
-2886,-3378,8038,522,-432,-258,-3008
-860,338,7158,494,-661,-207,-2976
952,742,7484,186,-471,-212,-3024
1178,-122,8256,187,-185,-150,-2992
414,284,7980,271,-56,-128,-3008
-286,508,7618,175,-87,-125,-3008
-532,732,8274,-11,-175,-206,-2992
698,-152,8864,-64,-124,-186,-2992
1134,-530,8852,-77,52,-82,-2992
984,-746,7380,-184,419,-99,-2992
396,-536,7090,-184,478,-267,-3008
-584,46,8914,-130,353,-331,-3008
-1248,-336,9102,-5,129,-169,-2992
-678,-400,8164,-127,19,-193,-2992
-96,-876,7462,-27,-30,-173,-3008
-1042,-2568,8726,474,-309,-61,-3008
-1876,-1296,8712,841,-781,141,-2992
-1270,412,8044,742,-1089,-34,-2992
1200,858,7020,447,-930,-388,-3040
3672,1738,6086,283,-264,-179,-3008
3534,2124,6624,-243,399,-209,-2992
2794,1400,6904,-540,897,-7,-2992
594,2222,7460,-851,1088,-130,-2992
68,1220,8238,-1049,1046,-61,-2976
-38,318,8454,-1206,1038,-80,-3008
-396,-1092,8286,-1239,1048,-125,-2992
-2330,-4326,9362,-324,360,-178,-3024
-2970,-3826,7886,381,-231,-147,-3008
-1294,218,7012,589,-760,-153,-3008
84,176,8888,318,-551,-239,-2992
1274,-392,8050,267,-299,-183,-2992
782,386,7774,247,-89,-43,-3008
136,730,7376,100,26,-114,-3008
-164,632,8558,78,-72,-191,-2992
414,368,8456,-123,-128,-140,-3024
1266,22,7556,-210,44,-116,-2992
1546,-510,7540,-217,388,-71,-3008
566,-506,7334,-212,515,-138,-3008
-438,12,7668,-142,417,-296,-2992
-744,-10,8286,-138,229,-403,-3024
-758,192,7394,-191,18,-21,-2976
-20,-704,7960,-2,-9,-221,-2976
-646,-2314,9504,370,-236,-73,-2992
-1980,-1992,9064,819,-620,121,-2992
-1706,218,8792,799,-1002,167,-3008
458,504,7458,596,-1081,-371,-3008
2366,0,7630,491,-568,-210,-2976
3290,2106,6796,-66,199,-274,-2976
2664,1652,6674,-496,685,-33,-3024
2142,1548,6910,-660,1049,-136,-2960
246,1638,8066,-1028,1056,-52,-3008
-482,388,8440,-1098,961,-27,-3008
-230,-202,8678,-1183,963,-164,-2992
-1490,-3640,9588,-584,676,-154,-2992
-2724,-4662,9326,214,-78,-82,-2976
-2108,-1750,8200,726,-656,-174,-2976
-36,408,7528,349,-622,-265,-2992
1592,238,8092,148,-254,-186,-3024
1096,-154,8492,190,-12,-99,-3024
178,940,7206,67,44,-139,-3008
-36,894,6762,-34,23,-191,-3008
318,784,7832,-211,-72,-237,-2992
824,-78,8150,-141,-29,-123,-3024
1416,-242,7160,-235,232,-65,-2976
828,-404,6180,-218,449,-82,-3008
-88,-444,7310,-151,392,-406,-3024
-572,172,8532,-81,233,-363,-2992
-1026,16,7974,8,22,-76,-3008
126,-1060,7886,-6,-3,-170,-3008
-222,-1346,8160,149,-122,-182,-2960
-1320,-2204,9080,670,-446,-7,-2992
-1882,-172,8602,874,-897,203,-3024
-1002,404,8392,672,-1072,-211,-3040
1732,408,7592,407,-753,-329,-3008
3598,1760,5912,145,-53,-225,-2992
3158,2254,6284,-399,521,-208,-3024
2686,1412,7036,-576,1001,11,-3008
410,1890,7886,-887,1040,-10,-2976
236,578,8634,-989,953,-157,-2992
80,-164,9176,-1153,1044,-133,-2992
-800,-1850,8842,-1095,965,-100,-3008
-2664,-3854,8664,-221,244,-128,-3008
-2382,-3436,7690,446,-334,-232,-2992
-768,524,7118,469,-593,-167,-2960
638,380,7238,196,-435,-170,-3008
1020,320,7726,141,-170,-128,-2976
806,390,7524,93,88,-134,-3040
-2,536,7274,67,30,-127,-3024
-316,850,7758,-46,-93,-111,-2992
428,140,8516,-119,-104,-280,-3008
1236,-292,7512,-190,91,-148,-2976
984,-676,7038,-201,352,-68,-2992
426,-476,7194,-138,420,-216,-2992
-464,100,8018,-76,242,-409,-3008
-704,-34,8286,-28,107,-119,-3008
-188,-1042,8378,-113,-18,-149,-2992
-236,-1160,8518,46,-54,-139,-2992
-708,-2032,8052,425,-281,-64,-3008
-1982,-784,8534,813,-818,190,-3024
-854,164,8212,709,-1064,-168,-3024
1582,488,7588,449,-820,-344,-2976
3368,1682,6042,174,-97,-116,-2976
2850,2284,6146,-446,505,-207,-2992
2860,1572,7202,-570,1004,-45,-2992
592,1916,7796,-912,1049,-90,-3008
-382,660,8928,-963,973,-117,-3008
-104,-24,8824,-1168,908,-106,-2992
168,-1238,8312,-1134,988,-155,-3024
-2658,-4068,9008,-191,236,-93,-3008
-2538,-3006,8042,463,-356,-192,-3008
-1080,258,6648,437,-620,-206,-2992
974,744,7414,137,-430,-245,-2992
1242,242,7482,174,-162,-129,-3024
472,40,8462,210,-2,4,-3008
-260,270,7416,118,-8,-151,-3008
-310,1044,8224,24,-130,-214,-2992
302,-20,9722,7,-185,-169,-3024
1004,-722,8600,-41,-20,-80,-3008
960,-482,7674,-164,287,-118,-3008
280,-312,7672,-173,461,-201,-2992
-228,-322,8270,-89,338,-289,-3024
-968,-40,8582,6,64,-186,-2992
-240,-1166,8498,-92,-8,-127,-2976
-94,-1018,8058,42,-58,-170,-2992
-1178,-2524,8664,562,-407,-24,-3024
-1996,-490,8672,859,-836,60,-3008
-962,466,7868,665,-1054,-270,-3040
1398,780,6972,388,-808,-294,-3008
3734,1612,5846,176,-100,-212,-2992
3278,2108,6246,-359,472,-197,-3024
2732,1590,7090,-544,983,-16,-3008
486,2192,7688,-903,1083,-100,-3040
148,804,8688,-1005,978,-118,-2992
-236,-182,9200,-1097,951,-116,-3024
-62,-1348,8318,-1175,1018,-159,-3008
-2354,-3760,8254,-356,354,-122,-2992
-2574,-3914,7874,453,-269,-120,-2992
-1266,-44,7028,624,-702,-128,-2992
434,552,7642,256,-572,-337,-3008
996,-120,8344,216,-297,-205,-2976
1082,-106,7882,280,-11,-89,-3008
-246,342,8032,186,-32,-102,-2992
-350,908,7610,67,-159,-195,-3024
458,456,8294,-105,-140,-161,-3008
1348,-372,8214,-161,72,-95,-3008
1410,-488,7448,-195,334,-101,-2992
538,-260,7176,-234,528,-179,-2960
-226,-80,7516,-223,424,-369,-3008
-474,204,7562,-169,288,-247,-2992
-700,68,7300,-231,68,-12,-3024
-58,-796,7496,-58,-19,-89,-2992
-858,-2338,8224,335,-233,-180,-3008
-1906,-1834,8920,791,-666,100,-3008
-1346,68,8200,813,-1049,98,-2992
792,712,7070,532,-1068,-363,-2992
2456,514,7414,390,-424,-232,-2992
3272,2254,6562,-147,244,-212,-3040
2868,1494,6822,-475,793,3,-2976
1636,1496,7184,-683,1092,-134,-2992
-56,1358,8184,-1017,1041,-116,-2992
-428,596,8106,-1176,985,-160,-3024
196,-574,7732,-1270,1034,-170,-2992
-2128,-4082,9498,-456,573,-110,-3008
-2874,-4408,8168,310,-145,-54,-3008
-1872,-542,7442,731,-733,-208,-2992
128,-4,8272,348,-590,-303,-2992
1166,-204,8800,298,-349,-136,-3008
614,-288,8604,343,-113,-57,-2976
106,578,7254,146,-39,-163,-3024
62,708,7720,50,-68,-220,-2992
256,296,8774,-107,-142,-178,-2976
1050,-180,8392,-165,-1,-119,-3008
1608,-344,7146,-207,287,-130,-3008
586,-298,7232,-230,510,-207,-2992
-418,-322,8156,-139,439,-310,-3024
-572,-144,8018,-121,259,-388,-3040
-1070,-218,7988,-85,17,-19,-3008
-286,-1144,9118,-17,-31,-239,-2992
-354,-1860,9038,322,-150,-109,-2992
-1706,-2520,9002,787,-544,63,-3008
-2018,-8,8884,802,-960,193,-3008
-556,476,7710,642,-1120,-333,-2992
1880,514,7332,429,-682,-252,-3024
3690,1978,5706,27,105,-214,-2976
2766,2548,6252,-528,584,-144,-3008
2416,1750,7482,-597,1058,-64,-2976
252,1824,7824,-1069,1051,-100,-3024
-134,364,8330,-1118,1044,-101,-2976
-122,-316,7798,-1155,957,10,-3008
-1124,-2698,9324,-651,678,-187,-3024
-2588,-4320,9154,158,-29,-136,-3024
-2348,-2198,8390,743,-655,-193,-2976
136,110,8010,367,-609,-199,-2976
1010,742,7402,173,-360,-183,-3008
1518,360,7236,133,-84,-158,-3024
164,962,7376,116,16,-119,-2992
-198,634,7800,38,-9,-186,-2976
-86,1102,7652,-170,-107,-220,-3008
1094,214,7476,-191,12,-211,-3008
1520,-282,7016,-200,245,-98,-2976
794,-592,7450,-199,470,-213,-2992
-360,34,7806,-151,423,-320,-3024
-440,184,7290,-154,282,-305,-3024
-1294,-312,9068,-70,35,-73,-2976
-14,-1472,8806,38,-31,-220,-3008
-558,-1944,8612,199,-163,-90,-3024
-1262,-2718,9218,717,-459,73,-3024
-2106,-476,9078,858,-916,211,-3008
-646,484,8252,680,-1127,-199,-2976
1512,474,7300,476,-777,-314,-2992
3450,1766,6504,81,-14,-218,-2992
2968,2200,5766,-417,517,-187,-3008
2018,1458,7554,-537,1013,-105,-2976
480,2148,8062,-909,1068,-220,-2992
-352,486,9226,-1037,982,-96,-2992
134,-472,9052,-1143,1012,-141,-3008
-1790,-3734,10322,-757,808,-134,-3008
-2590,-3918,8546,75,69,-94,-3024
-2664,-2774,8432,640,-556,-214,-2992
120,304,7700,343,-576,-240,-3008
1120,216,8450,145,-318,-189,-3008
1218,362,7184,130,-106,-136,-2992
318,716,6666,37,65,-181,-2992
172,700,7310,-9,55,-204,-3008
-114,646,7716,-89,-112,-212,-3008
634,276,8298,-146,-49,-242,-2976
1414,-422,6482,-164,127,-20,-2992
832,-652,7224,-224,418,-114,-2992
-22,-340,7882,-146,409,-232,-2976
-454,-174,7506,-66,216,-447,-3008
-814,-68,8216,-2,28,-248,-2992
-188,-354,7900,-129,-34,-111,-2992
98,-838,7732,7,-32,-169,-3008
-692,-2118,8508,429,-273,-48,-2960
-1896,-708,8368,776,-698,129,-3024
-910,468,7750,669,-984,-58,-3024
1488,638,6850,395,-894,-400,-3024
2824,720,7454,285,-209,-178,-3024
3080,2314,6324,-241,341,-313,-3008
2860,1478,6846,-529,862,15,-2976
996,1790,7416,-805,1038,-135,-2992
244,984,8836,-1006,1047,-92,-2992
-188,-144,8368,-1087,932,-73,-3008
172,-364,7816,-1250,1008,-207,-2976
-2540,-3836,8092,-370,366,-147,-2992
-2394,-4232,7716,436,-277,-163,-2992
-1444,-392,7396,626,-637,-180,-3008
250,544,7554,218,-489,-241,-3008
1126,22,8300,147,-198,-202,-2992
1080,-168,8182,218,0,-131,-2992
-290,170,8192,188,-15,-233,-3024
-768,758,8486,48,-122,-103,-3008
408,298,8584,-96,-123,-172,-2976
1000,-572,8642,-57,-2,-120,-2992
920,-730,8072,-137,283,-106,-3024
548,-332,6812,-186,458,-191,-2976
-178,-164,7756,-111,344,-349,-3008
-718,-396,8700,-70,218,-198,-2992
-752,164,7646,-147,-39,-54,-3024
-188,-608,7924,-25,-22,-235,-2976
-534,-2408,8138,285,-193,-103,-3008
-1528,-2302,8670,765,-637,34,-2992
-1552,-2,8710,852,-980,30,-2992
186,796,7298,526,-1030,-454,-2992
2708,788,7376,405,-537,-148,-3008
3328,2022,6360,-110,176,-213,-2976
2972,1786,6496,-446,713,-70,-2992
1092,2248,7098,-653,1065,-125,-2992
204,1606,8336,-976,1031,-88,-2976
-270,456,8622,-1128,944,-151,-3008
-196,-350,8512,-1198,1010,-107,-3024
-2192,-3844,8762,-494,569,-125,-2992
-2700,-3858,7454,305,-154,-140,-3008
-2458,-2160,8936,711,-672,-238,-3040
4,108,8588,389,-593,-282,-2992
894,-78,8718,278,-329,-221,-2992
946,-152,8254,277,-126,-81,-3024
174,332,8166,197,-6,-189,-3008
-296,616,8436,119,-79,-193,-3008
-224,714,8174,-67,-189,-197,-2992
810,170,7966,-139,-73,-100,-3024
1342,-442,7732,-185,237,-126,-2992
632,-510,7616,-210,495,-126,-3008
-184,-116,7586,-172,433,-278,-3008
-552,116,7820,-116,251,-422,-3024
-1046,492,8250,-64,13,-77,-3024
-168,-1328,9458,-28,-36,-212,-3008
-592,-2410,9002,264,-155,-107,-3008
-1814,-2522,9350,752,-489,-49,-3024
-2044,-358,8378,862,-985,209,-2992
-452,246,8296,662,-1118,-282,-3008
2096,178,7514,436,-705,-280,-2976
3782,1900,5646,36,53,-221,-2960
3098,2600,5568,-498,558,-100,-2992
2196,1346,7104,-584,1041,-100,-2992
146,1650,8176,-956,1067,-125,-3008
-100,610,9130,-1037,988,-94,-3008
-188,-368,8948,-1089,938,-100,-3024
-1108,-3008,9672,-777,841,-168,-3008
-2634,-4874,9252,154,25,-162,-3008
-2898,-2888,8414,689,-608,-227,-2960
-434,812,7642,354,-646,-128,-3024
1578,292,7600,138,-362,-161,-2992
1452,-148,8162,170,-77,-154,-2976
358,618,7184,191,-11,-137,-2976
-228,932,7466,66,-50,-119,-3024
348,818,7312,-159,-129,-214,-2992
834,-202,8420,-88,-83,-170,-3008
1476,-242,8004,-184,160,-49,-3008
936,-356,6596,-269,489,-185,-3024
18,-170,7464,-238,509,-301,-3024
-420,134,7936,-174,356,-373,-3008
-1130,196,8186,-107,102,-67,-2992
-220,-1144,8332,-31,-24,-301,-2992
-410,-1370,8622,164,-158,-161,-2992
-1478,-2726,9146,724,-471,15,-2976
-1946,-210,8730,870,-917,220,-3008
-1072,610,8278,676,-1129,-232,-2992
1684,612,7204,390,-746,-305,-3024
3826,1704,5740,54,26,-181,-3024
3014,2526,6020,-425,568,-173,-3008
2602,1522,7272,-584,1014,-76,-3008
256,2218,7982,-951,1091,-99,-2992
-104,434,8730,-1102,1025,-160,-3008
-242,-370,9192,-1147,1019,-102,-3008
-1080,-2454,9460,-701,758,-219,-2992
-2896,-4224,8960,104,22,-171,-3024
-2506,-2782,8908,705,-605,-202,-3024
66,166,8798,405,-622,-205,-2976
846,444,7670,243,-435,-153,-2976
1060,142,7618,206,-138,-134,-2992
342,468,7808,161,14,-109,-3024
68,664,7318,87,-27,-160,-3040
-302,994,7926,-76,-139,-177,-2976
814,-4,8286,-111,-64,-152,-3024
1284,-402,8078,-192,182,-44,-2992
904,-660,7542,-174,450,-108,-3008
-258,-434,8300,-106,439,-215,-3008
-570,200,8192,-146,346,-533,-2992
-1092,-190,8240,-39,85,-142,-2992
-268,-1470,9338,-64,-11,-152,-3008
-472,-2178,9088,163,-87,-84,-3008
-982,-2592,8358,629,-384,-29,-3008
-2120,-520,8656,833,-832,259,-2992
-762,412,8460,683,-1117,-73,-2992
1196,708,7256,417,-848,-396,-3008
3596,1844,6056,152,-117,-174,-3008
3164,2624,5460,-393,462,-177,-2992
2864,1368,6750,-555,976,23,-2960
810,2334,7580,-888,1048,-101,-3008
14,598,9090,-1001,1040,-22,-3008
-496,166,8898,-1125,939,-210,-2992
378,-656,7528,-1239,1051,-219,-3008
-2638,-3748,8164,-265,292,-95,-3024
-2858,-2774,7848,458,-334,-157,-2960
-1534,-232,7310,521,-709,-204,-3008
622,478,7432,189,-494,-258,-3008
1308,246,7662,198,-173,-139,-2992
684,-68,8784,223,-13,-108,-2960
-406,498,7996,104,17,-121,-3008
-514,750,8398,-9,-96,-216,-3008
530,-22,8812,-51,-127,-155,-3024
874,-618,9082,-48,4,-79,-3024
798,-886,8158,-66,325,11,-2992
-150,-492,8114,-104,404,-303,-2976
-464,-336,8212,-64,291,-365,-3008
-998,-420,8942,-19,130,-220,-3024
-312,-912,7944,-127,-34,-49,-3024
8,-900,7412,20,-71,-197,-3008
-520,-2448,8876,426,-264,-131,-3008
-2036,-1346,8998,820,-683,147,-2992
-1626,-72,8494,821,-1038,45,-3024
68,584,7990,535,-1035,-365,-3008
2632,670,7540,413,-440,-233,-3008
3520,1928,6224,-109,231,-202,-2992
2720,1908,6464,-461,695,-56,-3024
1000,1858,7674,-688,1036,-38,-2992
264,808,8614,-1004,1043,-140,-3008
-170,564,8368,-1163,1016,-131,-2976
-464,-320,8492,-1110,959,-128,-2992
-2194,-3894,9070,-547,602,-132,-2992
-2546,-4438,8948,223,-85,-175,-3008
-2294,-2178,8888,737,-646,-206,-3040
156,232,8070,351,-561,-234,-2992
994,456,7728,199,-296,-162,-2992
1152,288,7812,139,-75,-151,-2976
320,462,7906,118,94,-165,-3008
-6,520,7642,102,-17,-196,-3024
-494,732,8232,-80,-156,-193,-3024
714,-26,8018,-144,-62,-88,-2992
1340,-438,7680,-127,237,-106,-3024
746,-688,7802,-115,409,-147,-3008
-402,-304,8042,-93,334,-324,-3008
-450,36,7730,-83,223,-334,-2992
-950,-14,8656,-63,23,-97,-2992
-128,-1252,8848,18,-53,-187,-3008
-528,-1676,9088,193,-181,-87,-3008
-1002,-2512,8858,621,-404,-19,-2992
-2058,-768,9122,873,-889,200,-3024
-754,276,8682,703,-1073,-186,-3024
1980,232,7326,466,-753,-329,-3008
3440,1400,6384,132,-37,-321,-3040
3012,2214,5850,-416,480,-86,-2960
2362,1482,7294,-527,993,-41,-2992
770,2286,7878,-894,1079,-137,-3008
-96,812,8802,-1027,967,-139,-3008
42,-36,8634,-1148,958,-88,-2992
260,-716,8130,-1148,1028,-183,-3024
-2600,-3790,8318,-285,309,-123,-3008
-2738,-3300,7656,461,-323,-121,-2976
-1756,-476,7518,487,-643,-157,-3024
456,590,7608,142,-447,-224,-2992
1122,378,7766,178,-183,-137,-3008
344,440,6724,254,-35,-123,-3008
-284,218,8092,99,-29,-228,-3008
-366,676,8114,2,-97,-161,-2992
594,32,8468,-27,-162,-163,-2992
1002,-444,8628,-60,-5,-105,-3008
1118,-682,7642,-172,322,-123,-3008
132,-144,7780,-197,458,-162,-2992
-244,-278,8064,-85,288,-275,-2992
-664,-146,8494,-72,174,-268,-3008
-618,-90,7602,-148,11,-69,-2976
-210,-998,8248,-41,-55,-204,-3024
-732,-2328,9122,371,-236,-35,-3024
-1972,-1654,8922,862,-642,129,-3008
-1154,394,8200,808,-1047,8,-3008
-34,390,8138,564,-1031,-363,-2992
2602,470,8034,419,-455,-195,-2976
3260,2176,6794,-236,358,-212,-3024
2746,1380,7070,-482,862,-12,-3024
588,2242,7914,-752,1060,-98,-3008
78,1084,8830,-1004,1031,-124,-3008
-334,40,8748,-1095,955,-151,-3024
-80,-816,8186,-1192,977,-111,-2992
-2160,-3878,9090,-458,508,-116,-3008
-2564,-4210,8036,332,-162,-89,-2976
-1558,-486,7120,683,-692,-118,-2976
-166,234,8408,357,-613,-267,-2992
1016,-42,8478,259,-350,-246,-3024
1134,-70,8302,235,-71,-65,-2976
264,700,7972,185,-9,-104,-3024
-226,586,7700,109,-116,-207,-2992
342,768,8082,-154,-159,-224,-2992
1270,-128,7902,-205,-5,-130,-3040
1580,-344,7276,-224,313,-57,-3008
1004,-644,6810,-240,537,-133,-2960
-498,-28,8218,-187,448,-334,-2992
-524,418,7846,-187,323,-288,-3008
-924,56,7810,-164,14,-2,-3008
-142,-886,8030,-48,-3,-148,-3008
-774,-1978,9056,246,-173,-107,-2992
-1748,-2248,8784,764,-574,21,-2992
-1640,-2,8530,872,-1047,173,-3008
-562,284,8308,641,-1115,-319,-2992
2148,468,7422,422,-639,-274,-2992
3440,2212,6116,-51,167,-215,-2992
2800,1984,6446,-503,762,-46,-3008
1190,1952,6966,-704,1142,-128,-3008
166,1634,7878,-1040,1067,-71,-2992
-638,646,8474,-1173,951,-137,-2992
216,-470,7974,-1222,1048,-114,-3008
-1718,-3732,9906,-497,580,-114,-2992
-2952,-4578,8944,306,-124,-218,-3024
-2256,-1500,8238,738,-715,-288,-2992
456,-52,8278,337,-584,-223,-3008
1308,-10,8056,274,-347,-111,-3008
840,-272,8462,341,-104,-102,-3008
-306,354,8462,176,-81,-192,-3008
68,806,7028,43,-51,-182,-2992
44,838,8118,-113,-135,-179,-2960
1012,0,8160,-153,-41,-149,-2976
1486,-472,7052,-191,267,-85,-2992
626,34,7342,-290,528,-99,-2992
-202,-376,7268,-171,472,-237,-2960
-722,-70,8594,-87,276,-286,-3008
-1196,-70,8600,-56,10,-101,-3008
-178,-1590,9042,-1,-38,-215,-3024
-784,-2744,9578,327,-159,-48,-2992
-1378,-2662,8856,802,-534,73,-3008
-2186,-158,9120,855,-947,194,-2976
-344,282,8328,632,-1129,-316,-3008
1720,576,6916,432,-716,-250,-3024
3782,1910,5652,30,79,-230,-2992
2888,2586,5722,-503,581,-156,-3008
1768,1490,6928,-662,1064,-43,-2992
162,1476,7950,-1033,1051,-89,-3024
-40,482,8830,-1125,1026,-98,-3008
-370,-320,8670,-1124,944,-123,-3008
-1592,-3764,9308,-717,734,-255,-2976
-2578,-4094,8466,116,0,-79,-2992
-2712,-2514,8960,738,-628,-193,-2992
-82,446,7768,360,-627,-240,-3008
788,768,7356,121,-381,-170,-3024
1464,416,7006,118,-96,-99,-3024
416,852,7042,130,72,-123,-2992
-254,954,7620,63,-26,-134,-3008
-508,884,8110,-131,-125,-186,-3008
824,166,8042,-195,-43,-161,-3024
1602,-414,7068,-170,150,-31,-2992
868,-756,7768,-195,434,-55,-2976
-170,-224,7748,-144,439,-400,-3008
-526,186,8030,-121,294,-429,-3008
-1220,-372,9164,-35,60,-46,-2960
-78,-1382,8980,8,-41,-163,-2992
-456,-1832,8858,177,-168,-139,-2992
-1660,-2330,9260,708,-439,-11,-3024
-2174,-486,9160,848,-905,236,-3008
-858,530,8084,650,-1097,-185,-3008
1970,454,7318,408,-775,-363,-2992
3478,1334,6612,145,-48,-212,-3024
3194,2336,6002,-380,493,-126,-3008
2542,1302,7268,-499,980,-62,-3040
304,1912,8206,-948,1054,-140,-2992
-388,488,8514,-1074,984,-190,-2992
220,-272,8716,-1165,1021,-55,-2976
-1224,-2532,9586,-840,856,-96,-2976
-2704,-4384,8830,-39,112,-136,-2992
-2614,-3214,7886,623,-498,-225,-3024
-200,582,7114,368,-593,-132,-3008
1128,612,7574,145,-356,-166,-3008
1100,-2,7928,157,-96,-120,-2992
360,632,7070,102,56,-112,-3024
264,770,6778,-40,73,-188,-2992
-186,862,7698,-88,-77,-145,-3008
626,-92,8486,-108,-75,-47,-2976
1124,-484,7626,-153,111,-105,-2992
944,-544,6594,-228,412,-164,-2992
166,-628,7590,-145,433,-202,-3008
-556,0,8282,-76,224,-342,-2976
-894,-238,8002,-4,72,-252,-2992
-462,-110,7602,-156,-3,-123,-3024
210,-468,7568,-15,-46,-146,-2976
-760,-2150,7676,432,-290,-68,-2976
-1972,-1472,8702,804,-702,192,-3024
-1132,222,8136,696,-999,-16,-2992
1018,624,6976,466,-923,-375,-2992
3264,1394,6806,385,-328,-173,-3008
3018,2328,6936,-229,335,-144,-3008
2842,1314,6414,-504,782,-50,-3024
748,2094,7826,-785,1046,-150,-3024
108,576,9154,-976,997,-88,-3008
-416,310,8330,-1097,978,-122,-2992
126,-440,7414,-1206,1003,-193,-3008
-2490,-3374,8310,-438,422,-103,-3024
-2496,-3620,7390,385,-217,-125,-2992
-1838,-1464,7524,659,-690,-143,-3008
-32,398,7926,261,-519,-245,-3008
1030,18,8236,166,-221,-118,-2992
1224,64,8362,246,-6,-92,-2992
-292,264,8118,182,-9,-62,-2960
-658,590,8148,52,-98,-197,-3008
264,546,7934,-129,-173,-213,-2960
980,-254,8648,-85,-20,-87,-3024
1262,-786,7516,-155,250,-67,-2992
134,-382,8024,-168,465,-253,-2976
-180,-260,7558,-108,320,-394,-2976
-626,-224,8468,-51,201,-230,-3024
-700,-532,8000,-96,-29,-76,-2992
-44,-1012,7934,-5,-46,-200,-3008
-582,-1892,8604,237,-185,-118,-3008
-1884,-1798,8474,758,-565,114,-2992
-1736,-346,8762,862,-991,78,-2992
-222,682,7604,552,-1056,-223,-2992
2328,612,7470,385,-545,-275,-3008
3402,1790,6202,-60,156,-198,-2992
3090,1964,6052,-454,662,-86,-2992
1344,1792,7300,-636,1038,-64,-2992
64,1554,7960,-985,1048,-119,-3008
-364,750,9084,-1146,958,-164,-3008
-102,-472,8360,-1181,1009,-127,-2944
-2006,-3730,9638,-654,720,-124,-3024
-2694,-4430,9376,223,-32,-94,-3024
-2722,-2632,9152,714,-610,-232,-3040
-44,144,8498,430,-604,-233,-3008
738,322,7714,216,-400,-188,-3024
1064,76,7790,196,-140,-37,-2992
436,428,7384,128,14,-193,-3008
-244,424,8432,127,-12,-183,-2976
-160,904,7636,-68,-171,-169,-3008
792,230,7708,-128,-108,-115,-2992
1330,-232,7558,-208,175,-112,-2992
986,-214,7318,-263,456,-120,-3024
110,-390,7310,-149,480,-208,-3024
-632,122,8166,-131,306,-392,-3008
-1000,-148,8670,-21,56,-145,-3024
-300,-1246,8792,-69,3,-170,-2992
-474,-2098,9202,201,-95,-110,-2960
-1718,-2730,9540,663,-394,-107,-2976
-2074,-612,8554,844,-897,194,-3008
-718,156,8002,705,-1119,-156,-3024
1778,416,7686,461,-806,-311,-2992
3652,1590,6384,146,-87,-204,-2976
3272,2510,5654,-425,470,-149,-3008
2552,1472,7310,-547,994,-19,-3024
844,2264,7442,-897,1100,-123,-3024
238,520,8656,-1020,1008,-99,-3008
-332,-208,9538,-1122,936,-106,-2976
318,-192,7418,-1230,1055,-140,-3024
-2620,-3844,8074,-255,314,-103,-2992
-2786,-3106,7658,479,-367,-124,-2992
-704,756,7238,511,-699,-286,-3008
306,388,7662,198,-542,-243,-3008
1248,-156,8056,255,-268,-177,-3024
404,466,7720,312,-77,-89,-2992
-424,486,8346,175,-65,-163,-3008
-500,696,8308,38,-127,-188,-2976
660,60,8936,-87,-128,-178,-3024
1114,-70,8476,-152,66,-73,-2992
1330,-568,7348,-191,380,-91,-3040
10,-98,7786,-220,489,-251,-2976
-360,-196,8158,-146,413,-278,-3024
-970,-534,8902,-34,202,-159,-2992
-554,-676,8494,-134,-6,-20,-2992
-450,-850,8358,13,-49,-271,-3008
-950,-2764,9132,456,-298,-80,-2976
-2086,-1522,9050,890,-838,153,-2992
-1262,512,8370,801,-1102,-53,-3008
1322,860,7288,451,-941,-373,-3008
2832,764,7952,296,-295,-219,-2992
3478,2154,6612,-290,431,-209,-3008
2736,1476,6846,-504,925,24,-3024
400,2452,7968,-852,1100,-149,-2992
-44,1278,8936,-1055,1032,-61,-3008
0,-172,8432,-1196,1030,-101,-3008
-444,-1266,8588,-1212,1044,-150,-2960
-2312,-4032,8786,-348,372,-231,-3024
-2746,-3796,7358,402,-278,-167,-2992
-1238,124,6828,606,-719,-167,-2976
176,116,8062,298,-555,-236,-2992
1138,-162,8208,278,-314,-161,-2992
834,250,7696,224,-39,-90,-2992
32,596,7852,121,13,-142,-3008
-244,822,8414,54,-73,-181,-3008
402,128,8366,-122,-131,-138,-3024
1066,-186,8270,-217,36,-94,-2992
1492,-348,7232,-235,363,-92,-2976
622,-606,7040,-229,517,-132,-2976
-384,20,7520,-215,408,-408,-2992
-534,88,7568,-119,239,-414,-2992
-638,252,7300,-237,77,-49,-2992
122,-748,7522,-26,5,-171,-2976
-616,-2466,8662,348,-190,-73,-2992
-1914,-1756,8742,828,-632,129,-3024
-1584,358,8676,726,-1064,52,-3008
684,454,7084,479,-1029,-406,-2976
3236,1354,7240,397,-378,-151,-2976
3294,2210,6840,-199,305,-204,-3024
2748,1614,6840,-515,797,33,-2992
1058,1864,7284,-723,1107,-151,-3008
274,1240,7886,-1026,1038,-178,-2992
-540,592,8842,-1157,966,-207,-2992
248,-370,7378,-1259,1032,-111,-2960
-2522,-3846,8214,-421,511,-135,-3008
-2744,-4670,8860,351,-190,-139,-3008
-2060,-1054,8288,719,-691,-185,-2960
344,174,7560,341,-632,-228,-2960
1528,-194,8228,242,-285,-135,-2992
972,-30,8874,270,-10,-75,-3024
-410,478,8022,125,-2,-82,-2944
-122,890,7270,-40,13,-191,-2992
358,490,7892,-177,-75,-159,-2992
924,-118,8516,-111,-9,-34,-2992
1114,-544,7504,-184,279,-67,-2976
580,-332,7074,-197,464,-295,-2976
-210,-446,7374,-105,346,-324,-3008
-894,-112,8760,-93,191,-265,-3024
-922,74,8130,-55,-16,-47,-3024
-292,-1034,8628,40,-52,-236,-3008
-358,-2490,8504,283,-173,-88,-3008
-1402,-2238,8628,771,-547,69,-3024
-1894,-44,8596,827,-969,110,-2992
-180,576,7934,617,-1082,-247,-2976
1798,362,7074,414,-657,-219,-3024
3580,1802,5994,10,75,-159,-2992
2728,2276,6188,-469,618,-56,-2992
1600,1436,7258,-637,1078,-35,-2976
470,1990,7528,-1001,1057,-184,-2976
-22,576,8632,-1081,1007,-124,-2992
-252,-246,8724,-1121,992,-93,-3024
-734,-1740,8748,-860,800,-98,-2992
-2598,-3984,8618,0,66,-164,-3008
-2446,-2724,8712,624,-522,-205,-3008
-754,254,7246,459,-632,-151,-2992
464,582,7830,198,-385,-207,-3024
1138,168,7404,128,-151,-159,-3008
926,346,7288,99,100,-111,-2992
-84,682,7502,89,16,-123,-2992
-460,858,7864,-43,-134,-121,-2992
620,34,8106,-88,-92,-172,-3008
1224,-574,8210,-117,95,-138,-2976
836,-580,7782,-176,366,-107,-3024
-226,-390,7928,-80,377,-227,-3024
-288,-250,7774,-36,243,-430,-3008
-874,-208,8628,-30,88,-191,-3008
-302,-786,9066,-116,-6,-141,-3008
-182,-440,8254,40,-39,-144,-3024
-710,-2416,7954,452,-274,-103,-2992
-2036,-968,8706,827,-768,180,-2992
-1014,296,8770,767,-1046,-55,-3008
640,658,7478,462,-912,-403,-3008
3082,972,6872,313,-273,-229,-3008
2988,2240,6628,-260,323,-146,-2960
2970,1776,6836,-496,881,-68,-2992
918,2038,7238,-788,1049,-137,-3008
126,848,8670,-1000,1001,-71,-3008
-446,504,8242,-1157,950,-124,-2992
162,-152,7814,-1256,1036,-213,-2992
-2556,-3896,8338,-454,480,-121,-3008
-2702,-4758,9038,358,-154,-141,-2992
-2188,-1614,8182,700,-708,-177,-2992
132,488,8200,259,-507,-272,-2992
1024,-120,8100,234,-277,-204,-3008
870,-540,8618,297,-78,-187,-3008
-136,294,8328,208,-58,-174,-3008
-384,566,8514,53,-88,-190,-2992
66,652,8464,-49,-186,-186,-2992
944,-118,8260,-96,-67,-113,-3008
1314,-664,7470,-177,251,-70,-3008
756,-62,6792,-235,497,-184,-3024
-104,-278,7618,-144,418,-267,-2992
-550,-224,8228,-66,231,-296,-3040
-936,-146,8502,-76,17,-147,-3024
-216,-974,8732,-32,-17,-193,-2960
-644,-2406,9012,276,-147,-131,-2992
-1904,-2292,9676,793,-537,-22,-3008
-2052,-476,8896,870,-970,1,-3008
-408,488,8414,648,-1092,-210,-2992
2198,370,7690,443,-688,-252,-2992
3650,1576,6200,56,69,-183,-3024
2916,2260,6260,-454,541,-146,-2976
1770,1338,7346,-562,1057,-40,-3008
492,2208,7624,-970,1024,-113,-3024
-2,572,8894,-1059,1014,-130,-3024
-336,-548,9080,-1109,950,-62,-2976
-1474,-3402,9834,-948,874,-141,-3008
-2536,-3912,8314,-7,85,-77,-3008
-2840,-2882,9182,734,-540,-154,-3008
-282,402,7838,431,-650,-128,-2992
524,608,6912,173,-445,-272,-2992
1388,416,7338,129,-135,-115,-2976
552,600,7116,204,1,-97,-3008
-264,556,7838,126,-78,-128,-2992
-352,886,7494,-55,-185,-216,-2992
796,646,8044,-137,-138,-132,-3008
1696,-164,7184,-167,155,-106,-2976
1074,-544,7850,-220,463,-110,-3008
32,-182,7444,-216,525,-243,-2992
-392,432,7814,-161,347,-377,-2992
-1122,-450,9482,-33,151,-54,-2976
-472,-1358,9148,-66,-35,-133,-3008
-470,-1856,8974,96,-91,-38,-3008
-1630,-2724,9486,657,-397,-12,-3008
-2150,-770,8942,898,-884,175,-2944
-894,344,8638,781,-1137,-144,-3024
1696,430,7464,438,-856,-341,-2992
3640,1248,6624,187,-100,-190,-2992
3338,2322,6134,-375,478,-194,-2976
2620,1240,7230,-511,994,-23,-3040
774,2314,7368,-890,1095,-157,-3024
-4,902,8780,-1039,1006,-114,-3024
130,76,8776,-1226,1020,-151,-3008
38,-728,8236,-1187,1068,-178,-2992
-2502,-3846,8060,-255,295,-179,-3024
-2914,-3112,7690,483,-373,-151,-2992
-476,928,7020,474,-722,-186,-3008
544,332,8064,229,-484,-244,-3008
1296,-204,7720,254,-255,-130,-2992
420,442,7194,236,-29,-53,-3024
-206,578,7884,101,-59,-195,-3008
-276,830,8380,2,-93,-217,-3008
656,-164,8810,-42,-151,-162,-3008
1030,-16,8058,-170,55,-96,-2960
1316,-600,7012,-240,404,-102,-2992
264,-280,7834,-234,566,-191,-3024
-502,-220,7758,-168,393,-337,-3024
-664,-88,7504,-94,206,-416,-2976
-414,90,7328,-243,59,-122,-3008
68,-862,7600,-71,15,-170,-2992
-722,-2248,8442,409,-256,-19,-2960
-2038,-992,8318,810,-701,143,-3008
-1106,606,7718,701,-1059,11,-3008
56,212,8160,504,-1018,-431,-3024
2880,412,7838,426,-385,-177,-2960
3262,2222,6666,-169,312,-224,-2976
2748,1656,6728,-516,818,15,-3008
1204,1652,7114,-792,1061,-110,-3008
52,910,9132,-1025,1040,-101,-2992
-354,-364,8880,-1086,1004,-47,-2992
-98,-426,7870,-1184,1018,-250,-3008
-2380,-3942,9120,-435,470,-147,-3008
-2732,-4012,8166,359,-179,-137,-2992
-2434,-1914,8922,700,-739,-130,-2992
136,-306,7976,376,-628,-280,-3008
992,-182,9002,256,-330,-128,-3008
1604,264,7510,255,-46,-110,-2992
36,718,8036,150,18,-129,-2992
-506,604,8070,48,-42,-141,-2976
498,368,8614,-205,-116,-215,-3008
1094,160,8038,-178,73,-67,-3024
1456,-692,7182,-208,290,-41,-2992
538,-530,7168,-233,476,-74,-2992
-182,-196,7136,-184,432,-495,-3008
-534,54,8028,-135,273,-280,-2976
-732,-166,7404,-126,17,-41,-3024
-98,-1436,8648,20,-38,-182,-2992
-556,-2130,8662,277,-181,-115,-3008
-1878,-1910,8606,761,-562,134,-2976
-1936,-258,8782,831,-942,212,-2992
-468,636,7846,595,-1125,-392,-2992
2362,306,7394,435,-577,-234,-2992
3274,2086,6512,-21,105,-207,-3008
2948,2536,5990,-515,665,-59,-3008
2020,1664,6740,-615,1050,-108,-2976
382,1824,7684,-1042,1056,-15,-3008
-326,550,9316,-1106,984,-171,-3024
146,-412,8496,-1170,1029,-128,-2992
-1768,-3580,10028,-709,766,-119,-3008
-2698,-4000,8960,77,18,-97,-2992
-2688,-2704,8610,668,-605,-270,-2992
164,260,7798,350,-585,-239,-2992
1156,140,8548,159,-311,-165,-3008
1090,196,7584,165,-78,-155,-3008
284,644,6990,67,34,-165,-2992
4,654,7882,7,44,-218,-2992
-474,794,8114,-67,-83,-194,-2976
804,-84,7820,-127,-88,-172,-3008
1132,-348,7618,-141,126,-17,-3008
836,-462,7528,-191,411,-164,-2992
-34,-392,7422,-161,375,-256,-3024
-420,70,7716,-84,268,-400,-3008
-808,-164,8092,-6,43,-224,-3024
-90,-494,7664,-141,-1,-144,-3024
-46,-1076,8216,87,-43,-127,-2992
-1152,-2356,8530,465,-337,-15,-3008
-1848,-776,8058,763,-771,157,-3008
-894,372,7964,671,-1015,-108,-3024
1564,500,6828,402,-837,-383,-2992
2892,730,7040,317,-221,-243,-3008
3106,2402,6316,-285,389,-240,-3008
2936,1334,6836,-529,893,62,-2976
1000,1850,7256,-817,1059,-164,-2960
298,734,8462,-975,999,-139,-3024
-266,-84,9240,-1100,901,-97,-3008
-292,2,7950,-1194,977,-166,-2992
-2200,-3532,8520,-521,514,-156,-2992
-2374,-4140,7602,356,-173,-130,-3024
-1394,-282,7154,720,-671,-154,-3008
-262,84,8302,312,-577,-280,-2976
1128,-118,8634,209,-244,-145,-2976
786,-76,8818,258,-45,-117,-3008
-206,370,8176,216,-29,-198,-3024
-476,498,8256,81,-86,-281,-3024
496,240,8768,-90,-132,-135,-3024
1006,-234,8938,-81,-38,-121,-3008
1164,-534,7934,-122,259,-96,-2976
416,-706,7610,-124,434,-265,-3024
-240,-218,8248,-95,353,-338,-3008
-442,88,8044,-83,226,-231,-3024
-936,-316,8486,-56,-30,-59,-2992
-210,-790,8370,-3,-31,-200,-2992
-782,-2700,8720,274,-169,-135,-3008
-1674,-2254,8830,804,-613,107,-2976
-1608,-154,8748,883,-1059,79,-2976
136,694,7682,570,-1062,-209,-2992
2052,368,7308,417,-552,-229,-2992
3338,1928,6456,-71,135,-226,-3008
2850,1696,6534,-469,716,-51,-3008
1006,2080,7396,-636,1042,-85,-3008
66,1730,8276,-1013,1031,-78,-3008
-52,632,7998,-1190,998,-154,-2976
-168,-394,8074,-1188,1000,-129,-3024
-1394,-3196,9372,-576,649,-111,-2992
-2744,-4504,9298,212,-67,-101,-3040
-2288,-2074,8406,748,-613,-202,-2976
-290,364,7796,380,-590,-258,-3024
952,372,8140,204,-382,-247,-2992
1130,-198,7870,206,-154,-79,-3008
278,396,7794,115,17,-107,-3008
102,652,7242,119,-42,-176,-2976
-70,910,8288,-70,-179,-206,-2992
848,196,7734,-124,-77,-114,-2992
1396,-234,7600,-267,224,-120,-3008
888,-232,6980,-285,502,-131,-3040
-144,74,7374,-188,482,-222,-2992
-598,-194,8508,-153,310,-388,-2992
-1148,8,8428,-61,64,-126,-3008
-268,-1346,9254,-43,-21,-195,-3008
-716,-2250,9400,271,-144,-67,-3008
-1498,-2862,9482,754,-485,-23,-3008
-2374,-564,9430,905,-988,100,-3008
-432,94,8578,707,-1145,-207,-2992
1516,536,7098,487,-768,-246,-2992
3680,1662,6310,144,-9,-215,-2976
2974,2380,6200,-432,575,-145,-3008
2816,1448,6826,-552,1036,-27,-2992
426,2142,8290,-900,1052,-128,-2992
-286,390,9388,-994,988,-123,-3008
-98,-234,8948,-1114,919,-88,-3008
24,-1412,8364,-1114,1024,-128,-2992
-2730,-4072,8754,-131,217,-60,-2992
-2966,-2818,8954,587,-441,-102,-2992
-1146,332,6896,443,-661,-208,-3008
872,748,7260,160,-468,-250,-3008
1580,256,7094,195,-183,-147,-3024
574,-14,8362,234,-21,-54,-2992
-448,628,7676,151,-112,-173,-3008
-166,994,7554,-52,-134,-245,-3040
844,18,8830,-79,-98,-166,-2992
1298,-462,8602,-87,76,-62,-2992
1044,-472,7440,-243,423,-111,-3008
254,-94,7624,-258,535,-244,-2992
-240,-142,7604,-200,417,-279,-2992
-1012,-102,8734,-59,140,-137,-2992
-254,-1020,8040,-182,36,-25,-3008
-310,-570,7918,-31,-9,-233,-2976
-836,-2592,8106,492,-312,-89,-2976
-2054,-562,8450,865,-775,151,-2992
-1516,356,8644,750,-1096,-12,-2992
854,898,7122,438,-962,-428,-2976
3662,1602,6478,266,-269,-166,-3008
3544,2206,7172,-254,396,-190,-3024
2778,1546,6736,-534,903,-26,-3024
740,2080,7348,-791,1086,-120,-3008
-14,1248,8216,-1040,1061,-87,-2992
-242,56,8688,-1157,978,-117,-2992
-242,-912,8292,-1216,1014,-106,-2992
-2562,-3840,8268,-327,383,-4,-3024
-2896,-4142,8274,371,-274,-187,-2992
-1578,-494,7226,614,-702,-166,-2976
374,226,7956,307,-578,-273,-3008
1162,-18,8306,282,-324,-89,-2992
904,224,7832,213,-70,-153,-3024
10,608,7854,139,1,-154,-3008
-134,508,8072,94,-81,-186,-3024
240,664,8496,-167,-136,-189,-3024
1142,-174,7666,-200,64,-190,-2992
1152,-768,7554,-220,377,-152,-3008
818,-494,6666,-216,511,-193,-3008
-360,-82,7532,-176,392,-505,-3008
-878,-98,8220,-118,244,-235,-2992
-818,358,7576,-227,72,-10,-3024
22,-1128,7964,13,-18,-232,-3008
-744,-2346,8412,374,-215,-65,-3008
-2080,-894,8390,805,-687,167,-3024
-1180,252,8378,799,-1048,80,-3008
106,424,7742,526,-1070,-394,-3008
2800,710,7502,427,-459,-239,-2992
3212,2270,6602,-169,289,-240,-2992
2708,2050,6350,-514,749,-74,-3024
1052,1878,7596,-711,1100,-121,-3008
250,796,8008,-1065,1056,-135,-2976
-426,424,8196,-1147,988,-12,-3024
8,-22,8028,-1258,988,-173,-3024
-2444,-4012,8766,-475,563,-106,-3008
-2758,-4726,9506,291,-141,-90,-3024
-2554,-2124,8824,754,-725,-199,-3024
228,204,8112,311,-579,-282,-2992
1344,-74,8182,206,-263,-137,-2976
1248,-110,8044,262,-55,-98,-2976
-216,684,8024,113,-2,-158,-2976
-358,720,7896,-17,11,-219,-2992
192,762,7780,-191,-77,-233,-2992
860,14,8050,-139,-33,-167,-3008
1222,-486,7174,-182,256,-115,-2976
670,-558,7116,-184,464,-113,-3024
-256,-256,7632,-118,386,-329,-3008
-622,-332,7930,-94,220,-314,-2992
-1028,-14,8542,-50,-35,-84,-2992
-176,-1054,8818,38,-72,-187,-3008
-462,-2348,8904,266,-192,-123,-3008
-1800,-2292,9542,829,-549,21,-3024
-1706,-68,9040,872,-1004,99,-3008
256,632,8054,551,-1087,-364,-2976
2118,306,7576,449,-580,-255,-3008
3374,1994,6786,-4,165,-211,-3024
2636,1764,6978,-436,626,-119,-3024
2136,1376,7320,-571,1044,5,-2976
204,1458,8628,-979,995,-103,-3008
-316,348,8750,-1082,986,-155,-3024
-158,-446,9004,-1100,1000,-123,-3024
-1380,-3008,9758,-781,759,-126,-3008
-2574,-4638,8946,85,-4,-180,-3008
-2330,-3214,7822,702,-571,-201,-2992
-346,702,8018,424,-611,-196,-2960
888,482,7882,152,-371,-206,-3008
1218,406,7662,98,-85,-170,-3008
778,440,7410,125,98,-160,-2992
8,620,7462,66,14,-206,-3024
-96,646,7674,-102,-113,-249,-3024
576,-76,8214,-120,-112,-100,-2976
1290,-238,7964,-197,164,-123,-2976
958,-492,6932,-156,406,-144,-3024
-104,-646,8058,-83,391,-307,-2992
-458,-72,8700,-41,224,-412,-2976
-934,64,8646,-34,94,-124,-3008
-376,-814,8470,-58,-55,-143,-2992
-368,-884,8730,83,-89,-107,-2992
-1066,-2644,8890,493,-299,-54,-2976
-2010,-516,9076,853,-828,181,-2976
-520,474,8204,715,-1079,-143,-3024
1230,376,7788,467,-772,-297,-2992
3366,1470,6832,188,-78,-116,-3008
2976,2228,6294,-344,415,-203,-3040
2220,1232,7224,-482,976,-38,-2976
740,1928,7936,-843,1017,-158,-3008
-256,812,9420,-987,965,-71,-2992
58,-154,8950,-1142,942,-131,-2992
248,-816,8088,-1177,1060,-166,-3008
-2588,-3892,8138,-256,250,-84,-2976
-2768,-3148,7868,400,-306,-194,-2992
-1340,-170,6646,466,-628,-155,-2992
706,478,7320,157,-410,-305,-3008
1202,-134,7456,153,-170,-195,-3008
720,-134,7858,229,-41,-75,-2992
-332,648,8042,118,-8,-75,-2992
-190,648,7538,-44,-94,-254,-2992
602,-38,8434,-49,-155,-192,-3008
1230,-326,7848,-77,-10,-93,-3008
1070,-348,7488,-193,367,-91,-3024
192,-568,7454,-256,483,-180,-3024
-176,-126,7322,-123,378,-297,-3008
-666,144,8034,-114,202,-279,-3008
-532,234,7334,-159,26,-85,-2992
-256,-824,8604,-91,-4,-250,-3024
-718,-2358,8488,336,-223,-110,-3008
-1788,-1226,8410,847,-677,3,-2976
-2000,-102,9108,796,-1034,52,-3024
1332,750,6734,438,-914,-396,-2992
3000,284,7284,361,-342,-204,-2976
3226,2406,6534,-236,332,-226,-3008
2944,1600,6214,-557,830,-12,-2992
1016,1910,7180,-833,1108,-156,-2992
238,1070,8166,-1038,1039,-130,-2992
-310,180,8642,-1150,967,-129,-3008
-254,-350,8684,-1182,1013,-139,-2992
-2132,-4012,9024,-444,521,-165,-2992
-2672,-4212,8092,368,-134,-186,-2992
-1636,-382,6806,742,-736,-236,-3008
-202,12,8402,373,-598,-279,-3008
964,-140,8780,273,-389,-109,-3024
1200,-326,8280,289,-48,-144,-2992
306,586,7634,212,-20,-138,-3024
-412,738,7970,114,-127,-190,-2992
314,528,8546,-97,-167,-182,-3008
1030,110,8146,-171,-26,-172,-2960
1480,-446,7412,-199,300,-98,-2992
620,-510,7350,-244,543,-142,-3024
-382,-390,7930,-212,455,-396,-2976
-370,60,7146,-173,329,-276,-3008
-976,58,7868,-186,59,-60,-3008
-262,-890,8120,-20,-12,-248,-3024
-744,-2164,8700,293,-215,-211,-2992
-1868,-2194,8972,796,-612,124,-3008
-1552,-108,8414,870,-1021,139,-3040
-416,500,7718,607,-1101,-346,-2960
3262,1456,6678,271,-324,-212,-3008
3736,1922,6238,-246,328,-234,-3008
2754,1856,6586,-565,891,-27,-2976
770,1690,6852,-684,1109,-88,-3024
-196,1476,8070,-1059,1033,-122,-2992
-390,422,8462,-1166,938,-130,-3024
42,-778,8052,-1250,1044,-145,-3024
-2422,-3866,8758,-221,393,-57,-3024
-2874,-4040,8424,387,-254,-268,-3008
-1750,138,7378,544,-702,-193,-3008
940,336,7512,309,-535,-254,-2992
1266,-276,8470,277,-300,-132,-3024
444,62,8362,293,-99,-142,-2976
-226,716,7910,102,-12,-143,-3008
44,478,8166,53,-46,-209,-2960
38,552,8806,-118,-139,-186,-2992
1078,-100,7976,-126,-28,-86,-3024
1316,-344,7132,-177,336,-86,-3008
512,-388,7898,-235,504,-97,-2976
-340,-360,7776,-115,416,-287,-3024
-690,-154,8314,-128,249,-301,-2992
-1198,-106,8556,-95,22,-228,-3008
-48,-1520,8958,45,-57,-197,-2976
-764,-2280,9446,380,-230,-47,-3008
-1980,-1484,9014,831,-638,86,-3024
-1346,322,8072,745,-1017,107,-2960
-150,50,8216,592,-1073,-373,-2976
2968,860,8102,407,-423,-205,-2976
3326,1934,6642,-116,260,-196,-2992
2842,2238,6060,-553,748,-66,-3024
1496,1190,8090,-638,1082,-64,-3024
60,888,8720,-988,1047,-55,-2976
-492,640,8558,-1111,994,-126,-3024
-262,-430,8276,-1140,948,-252,-2992
-2050,-4330,9420,-464,502,-161,-2960
-2516,-4116,8312,311,-157,-118,-3040
-2266,-2208,8376,762,-695,-139,-3008
-24,-38,8560,436,-621,-265,-2992
1204,-168,8310,201,-358,-122,-3024
1236,496,7712,155,-39,-130,-2976
250,532,7558,98,56,-130,-2976
-232,476,8216,14,2,-130,-2992
-124,1064,7352,-219,-98,-202,-2960
1018,-88,7792,-144,23,-113,-2976
1398,-740,7990,-133,234,-27,-3008
728,-148,7442,-287,476,-139,-2992
-20,-160,6834,-203,469,-454,-2992
-440,248,7616,-154,297,-310,-3024
-938,-50,7918,-101,67,-29,-3008
-72,-1150,8608,29,-35,-166,-2976
-456,-1774,8112,169,-166,-146,-3024
-1602,-2146,8830,727,-477,17,-2992
-1964,-340,8648,841,-928,213,-2976
-698,706,7800,621,-1099,-249,-3040
2350,614,6766,375,-714,-264,-3024
3216,1970,5904,-41,79,-192,-3024
2792,1978,6570,-517,665,-115,-2976
2346,1318,7218,-586,1090,-76,-3008
230,1582,7840,-961,1044,-247,-2992
-546,1038,8614,-1088,904,-97,-2992
46,-138,9082,-1180,986,-110,-3008
-1592,-3674,9606,-688,702,-128,-3008
-2664,-4344,8408,140,-30,-155,-2976
-2194,-1392,8096,683,-602,-183,-3040
198,452,7878,344,-564,-177,-3024
1054,300,8046,178,-337,-131,-2960
756,122,8216,169,-75,-121,-2992
370,746,7368,47,53,-132,-3008
192,648,7462,-26,93,-181,-2976
-84,438,8156,-78,-77,-129,-3024
762,-360,8122,-60,-105,-5,-3024
1152,-406,7908,-154,157,-171,-2976
658,-558,7300,-217,402,-168,-2976
-16,-478,7534,-82,379,-180,-2992
-466,-284,8232,5,193,-366,-2960
-1084,12,8700,-4,19,-246,-3008
-170,-1524,8712,-71,-56,-149,-2976
198,-974,7612,101,-68,-115,-2992
-854,-2208,8454,508,-330,-42,-3024
-2034,-304,8618,769,-743,158,-3024
-1002,350,7704,650,-995,-52,-3008
1316,362,6898,438,-825,-360,-3008
3138,1834,6158,175,-130,-149,-2960
3124,2278,6514,-375,413,-110,-3024
2688,1618,6764,-575,930,-78,-3008
732,1834,7216,-796,1039,-124,-2976
188,582,8792,-916,968,-107,-3024
-406,-242,8974,-1042,865,-100,-2992
52,-542,8172,-1201,932,-222,-2976
-2436,-3850,8246,-337,393,-121,-2976
-2334,-4286,8072,401,-203,-128,-3024
-1506,-280,7548,622,-660,-133,-3024
250,566,7610,270,-503,-264,-2976
1196,108,8320,164,-216,-179,-3008
944,-70,8196,220,14,-104,-3008
-440,412,8264,139,0,-90,-3024
-476,474,8060,81,-117,-89,-2992
274,222,8536,-146,-143,-247,-3008
1042,-424,8380,-76,-33,-123,-2976
1212,-690,7462,-136,235,-77,-2992
330,-440,7890,-155,430,-186,-2960
-180,-488,7762,-93,373,-313,-2992
-804,-194,8872,-62,192,-230,-3024
-866,-268,8266,-32,-63,-51,-2976
-258,-1000,8880,56,-79,-224,-2976
-794,-2354,8968,312,-239,-96,-3008
-1448,-2440,9062,795,-572,20,-2992
-1666,-364,8882,893,-1001,37,-2992
-104,576,7988,599,-1082,-379,-3008
1942,522,7454,416,-524,-154,-2992
3342,2020,6596,-94,159,-239,-2992
3020,1724,6526,-482,701,-117,-2992
1136,1342,7856,-577,1064,-93,-2976
70,1802,8052,-960,1051,-73,-3008
-382,646,8364,-1137,931,-212,-2992
-258,-196,8292,-1172,1004,-129,-2992
-1272,-2786,9322,-705,682,-109,-3008
-2630,-4448,8452,140,-37,-140,-3008
-2232,-2018,8404,722,-557,-201,-2992
-192,484,7568,402,-544,-257,-3024
732,522,8116,136,-333,-152,-2992
916,152,7582,191,-151,-196,-3008
530,332,7420,119,43,-137,-2992
-2,642,7642,71,18,-165,-2992
-160,882,7762,-68,-172,-174,-2992
792,120,8034,-103,-96,-159,-3008
1420,-506,7914,-182,179,-52,-3008
794,-368,7364,-197,443,-123,-2992
-228,-154,7776,-157,459,-228,-2992
-598,-140,8414,-86,241,-348,-3008
-1226,-254,9164,-11,79,-157,-2976
-158,-1176,8864,-92,-24,-127,-3024
-48,-992,8204,134,-89,-109,-2992
-1092,-2664,8580,611,-359,-51,-2992
-2150,-736,8944,859,-853,142,-2976
-1026,152,8022,725,-1060,-89,-2992
1232,524,7226,472,-864,-324,-3024
3366,1822,6136,128,-78,-203,-2992
3220,2382,5826,-435,501,-213,-3024
2684,1564,6610,-621,1039,-22,-2992
646,2070,7212,-873,1050,-112,-3008
-366,732,9394,-966,957,-124,-3008
-326,30,8892,-1074,904,-99,-2992
-80,-1024,8292,-1135,963,-180,-2992
-2678,-4150,8756,-168,273,-63,-2976
-2538,-3832,7682,507,-333,-96,-2992
-1404,286,7108,516,-652,-185,-2992
848,652,7272,176,-482,-285,-2992
1406,122,7616,198,-160,-135,-2976
686,-94,8342,265,-60,-55,-3008
-384,716,7942,123,-33,-178,-2992
-238,856,7542,-4,-109,-243,-2992
482,206,8796,-92,-156,-158,-2976
1234,-188,8268,-148,9,-63,-3008
1230,-352,7098,-234,424,-146,-3008
376,-228,7732,-230,534,-239,-3024
-324,-192,7896,-152,407,-358,-2992
-936,-166,8830,-61,203,-184,-2976
-1010,-160,8466,-128,-37,22,-2992
-12,-1102,7588,5,-35,-231,-2992
-728,-2612,8682,453,-314,-68,-2976
-2018,-792,8476,852,-779,153,-3008
-994,608,7938,747,-1074,-32,-3008
488,642,7730,435,-912,-381,-2992
3366,1250,6626,226,-217,-168,-2992
3512,2350,6208,-300,410,-213,-3008
2688,1974,7002,-579,912,38,-2992
842,1886,7396,-820,1144,-130,-3024
174,824,8270,-1046,1041,-84,-3024
20,62,9076,-1179,1009,-89,-3008
-312,-612,8624,-1182,966,-49,-3008
-2280,-4102,8218,-261,323,-216,-2992
-2460,-3184,8034,373,-295,-194,-2992
-1832,-690,7778,609,-712,-155,-3008
380,294,7934,315,-545,-217,-3008
1254,-448,8058,244,-287,-185,-2992
858,174,7296,206,-27,-86,-2992
-126,688,8036,98,16,-158,-2976
-502,720,8562,66,-65,-197,-2992
452,-72,8878,-99,-133,-195,-2992
878,170,7952,-181,6,-120,-2976
1320,-726,7356,-211,387,-133,-3008
338,-688,7864,-208,521,-134,-2960
-324,-58,7252,-124,393,-323,-2992
-764,-26,7982,-108,222,-344,-2976
-574,-504,7654,-207,35,-96,-3008
-82,-1316,8122,19,-59,-223,-2992
-952,-2604,8444,493,-291,-48,-2992
-2004,-1402,8652,833,-717,163,-2944
-1302,190,8398,747,-1041,56,-3008
1032,542,7494,500,-1022,-404,-2992
2950,860,7488,355,-286,-196,-2960
3416,2136,6532,-215,308,-227,-3008
2786,1418,6546,-573,832,9,-3008
1580,1324,7376,-726,1079,-91,-3024
-4,1176,8834,-1012,1062,-11,-3024
-320,62,8262,-1127,931,-57,-3024
212,-706,7870,-1287,1037,-232,-3008
-2094,-4352,9262,-338,439,-118,-3008
-2684,-3742,8092,333,-205,-127,-3024
-1284,-16,6472,623,-717,-165,-3024
254,-136,7968,300,-577,-306,-2976
1270,-20,8726,201,-225,-128,-3008
696,102,8022,232,0,-82,-2992
-102,684,7556,75,38,-171,-2992
-152,416,7852,25,-26,-230,-2976
374,384,8804,-185,-49,-218,-3008
838,-170,8372,-73,-40,-73,-3024
1272,-752,7374,-125,243,28,-2992
276,-444,7482,-182,440,-166,-2992
-458,-30,7830,-125,380,-346,-3008
-690,-54,8248,-41,151,-282,-3008
-832,-218,7928,-4,-24,-59,-2992
-194,-876,8784,64,-127,-202,-3024
-158,-1916,8612,315,-217,-118,-3008
-1600,-2210,9418,833,-623,99,-2992
-1850,-236,9278,857,-988,43,-3008
-128,524,8302,583,-1016,-330,-2992
2894,716,7644,413,-472,-199,-2992
3298,1908,6660,-62,189,-170,-3008
2626,1792,7158,-455,644,-28,-2976
1244,1326,7650,-587,1055,-81,-2992
198,1350,8106,-927,978,-157,-2992
-430,510,9176,-1087,953,-151,-2976
-422,-572,8530,-1099,949,-90,-2976
-1254,-3034,9170,-593,599,-153,-2992
-2566,-4106,8800,178,-76,-167,-2992
-2214,-2128,8572,746,-636,-181,-3024
60,208,8260,388,-574,-215,-2976
756,536,7970,186,-315,-176,-2976
938,438,7766,128,-77,-156,-2992
402,498,7480,97,126,-160,-2992
-10,564,7780,53,40,-149,-3008
-324,636,7844,-122,-154,-95,-3008
860,52,7714,-169,-44,-193,-3024
1380,-424,7752,-191,181,-119,-2992
796,-358,7398,-193,419,-124,-3024
-86,-134,7092,-160,398,-304,-3008
-402,-152,8312,-70,268,-419,-2992
-1002,-88,8806,-44,82,-105,-2992
-22,-1100,8628,-32,-62,-185,-2992
-430,-1450,8412,145,-139,-168,-2976
-876,-2388,8778,562,-371,-58,-3008
-2034,-694,8860,823,-896,187,-3024
-766,240,8366,679,-1041,-206,-2992
1916,702,7410,440,-693,-183,-3008
3172,1452,6766,71,-27,-258,-2992
2984,2296,6224,-428,501,-163,-2992
2472,1082,7136,-538,976,-64,-3024
152,1714,8480,-843,1022,-85,-2976
-288,750,9318,-980,921,-124,-2976
-56,-214,9040,-1138,933,-133,-2992
-868,-2600,9520,-1066,949,-127,-2992
-2446,-3932,8222,-88,159,-119,-2992
-2588,-3228,7876,544,-386,-205,-2976
-354,684,7352,421,-597,-229,-3008
618,672,7260,154,-403,-244,-2992
1182,-6,7754,178,-149,-172,-2992
294,260,7456,168,-3,-50,-2992
-66,674,7398,79,-11,-161,-3008
-336,702,8224,-37,-122,-234,-3008
564,96,8450,-90,-148,-157,-3024
1248,-612,7774,-129,40,-96,-2992
1166,-340,7070,-226,374,-130,-2976
296,-302,7384,-226,467,-180,-3008
-296,-240,7846,-106,362,-282,-3024
-500,6,7574,-57,116,-277,-2992
-678,444,7786,-183,-7,-73,-3008
198,-552,7452,-75,-22,-259,-2976
-638,-2466,8982,384,-244,-105,-2992
-1736,-1688,8964,834,-719,40,-2992
-1294,462,8190,706,-1017,-102,-3008
1056,688,6676,428,-873,-406,-3008
3584,1536,6164,249,-224,-186,-2960
3400,1978,6710,-305,413,-180,-2960
2734,1776,6426,-587,942,-51,-3008
748,2228,6896,-823,1089,-108,-3008
130,1144,8472,-1018,1030,-81,-2992
-274,252,8440,-1139,950,-157,-2992
-66,-592,7950,-1232,992,-176,-3024
-2344,-3846,7840,-407,410,-163,-2944
-2500,-4308,7912,376,-204,-171,-2976
-1742,-396,7200,668,-690,-161,-3024
200,618,7272,313,-589,-153,-3024
1066,72,8362,191,-331,-210,-3008
1254,-92,7890,239,-41,-112,-3008
-200,552,7884,209,-32,-119,-2992
-262,724,7862,70,-109,-154,-2992
196,572,8240,-136,-157,-236,-2976
1070,-38,8294,-132,-29,-166,-2976
1592,-824,7760,-154,292,-87,-2992
748,-482,7532,-225,533,-191,-2992
-332,-580,7590,-150,442,-367,-2992
-978,-318,9284,-155,272,-309,-2992
-964,206,7808,-154,19,-82,-3008
-266,-1078,8302,-3,-19,-280,-3008
-816,-2728,8716,301,-220,-15,-3024
-1488,-2324,8366,809,-639,82,-2992
-1712,-24,8584,850,-1027,106,-3024
156,452,7590,569,-1044,-352,-2976
3102,878,7634,401,-387,-245,-2992
3432,1998,6994,-174,259,-237,-2992
2942,1902,6436,-490,810,-6,-3008
1026,1712,7726,-692,1104,-144,-2976
132,888,8428,-1036,1066,-146,-2976
-518,816,8024,-1217,969,-168,-2992
296,-174,7750,-1284,1055,-177,-3024
-2448,-4226,8816,-336,486,-126,-3008
-2922,-4558,8576,332,-168,-6,-3024
-2278,-1252,8046,663,-724,-216,-2992
378,176,8396,328,-568,-284,-2992
1266,-396,7988,290,-347,-128,-3008
752,-154,8264,308,-128,-45,-2976
-114,482,7898,152,-2,-162,-2992
-296,604,8640,59,-49,-223,-2992
106,726,8242,-126,-127,-191,-3008
954,108,8102,-163,-4,-168,-3008
1420,-378,7108,-211,330,-97,-3024
692,-434,7342,-254,506,-168,-3024
-350,-308,8068,-133,450,-301,-2992
-650,-314,8088,-105,226,-398,-2976
-1360,136,8718,-117,49,-40,-2992
-138,-1314,8568,-39,-48,-242,-2992
-688,-2180,9408,359,-208,-80,-2992
-1914,-1780,8992,826,-582,63,-2976
-2252,-284,9278,849,-981,196,-2976
-458,296,8562,657,-1127,-339,-3024
2500,522,7872,453,-501,-173,-2992
3316,2228,6776,-68,241,-267,-2976
2834,2524,6136,-516,659,-92,-2992
1860,1192,7510,-617,1072,-115,-2992
-44,1328,8832,-989,1043,-103,-2992
-466,276,8344,-1082,1002,-113,-3008
-450,-460,8856,-1119,909,-17,-2976
-1698,-4108,9808,-511,605,-133,-3008
-2626,-4592,9132,307,-142,-135,-2976
-2574,-2606,9052,799,-691,-180,-3024
-8,-116,8198,415,-646,-235,-3024
1172,182,8526,175,-349,-192,-2976
1456,368,7562,170,-90,-147,-3024
386,800,7568,114,72,-122,-2992
-128,418,7550,37,-1,-212,-3024
38,598,8640,-168,-108,-222,-3008
1004,154,7974,-181,8,-206,-3008
1400,-404,7598,-186,212,-105,-2992
676,-640,7040,-205,465,-205,-2992
-92,-256,7378,-192,425,-253,-3008
-550,260,7694,-180,309,-339,-2976
-916,-10,7620,-62,9,-72,-3008
-66,-1276,8658,-1,-54,-204,-2992
-366,-1584,8466,221,-143,-75,-2992
-1490,-2298,8840,712,-490,26,-2976
-2014,-476,8732,856,-901,197,-2960
-716,370,8170,684,-1090,-204,-2992
1990,544,7254,374,-676,-322,-2992
3364,1970,5862,-62,113,-233,-3008
2906,1964,6536,-515,635,-98,-2976
2642,1356,6814,-583,1060,-61,-2992
228,1856,7662,-983,1054,-2,-2992
-490,768,8720,-1108,970,-166,-3008
140,-140,8962,-1167,1001,-107,-2992
-1344,-2968,9382,-773,720,-112,-3024
-2640,-4324,8608,82,32,-95,-3024
-2336,-2178,8572,659,-546,-238,-2976
-122,586,7154,355,-575,-223,-3008
1024,556,7826,140,-339,-174,-2992
922,100,7742,147,-60,-163,-3024
338,572,7256,82,12,-154,-2992
170,800,7232,-14,79,-227,-3008
-242,814,8100,-97,-120,-235,-2992
836,-88,7818,-98,-82,-243,-3008
1228,-630,7652,-163,158,-90,-3008
706,-386,7634,-203,438,-144,-2992
-224,-550,7792,-88,407,-257,-2992
-342,-338,7638,-30,183,-400,-3024
-1054,-202,8998,17,19,-182,-3008
-208,-1128,8618,-90,-85,-101,-3008
28,-722,7696,81,-54,-136,-3024
-646,-2362,8106,520,-295,-21,-2992
-1988,-510,8472,765,-765,174,-3008
-1222,350,7884,692,-1005,-78,-3024
1076,516,6852,435,-864,-388,-2992
3334,1314,6636,285,-180,-186,-2992
3032,2362,5924,-414,463,-103,-3008
2582,1608,6986,-602,983,-12,-3008
798,2032,7746,-886,1072,-146,-2992
278,542,8522,-949,982,-139,-2992
-312,-192,9528,-1052,918,-80,-3040
-80,-154,8024,-1202,978,-255,-2992
-2438,-3920,8296,-305,309,-160,-2960
-2488,-3362,7934,444,-289,-156,-2992
-732,374,6914,590,-648,-177,-3008
6,502,7756,210,-461,-238,-3008
1230,-100,8046,168,-223,-195,-3024
612,154,7970,249,15,-128,-3024
-318,384,8126,157,-7,-144,-3008
-476,604,8186,34,-130,-124,-3040
614,160,8402,-91,-90,-166,-2976
970,-156,8518,-87,-13,-114,-2992
1218,-504,7514,-184,310,-104,-3024
140,-198,7510,-173,492,-206,-3008
-310,-206,7978,-110,373,-328,-3024
-562,-258,8032,-48,198,-217,-2992
-826,-98,8450,-72,-22,-64,-2992
-206,-618,8030,23,-49,-215,-2976
-600,-2440,8728,336,-248,-106,-3008
-1988,-1974,9510,872,-650,36,-2992
-1440,106,8696,903,-998,2,-2992
-272,590,8056,539,-995,-444,-2992
2410,646,7602,365,-458,-224,-2960
3446,1918,6854,-118,220,-240,-3008
2714,1468,7162,-484,836,-14,-2976
848,2058,7342,-724,1060,-110,-2992
-4,1212,8394,-1011,1037,-96,-2992
-78,384,8502,-1194,1004,-157,-2976
-86,-746,8226,-1215,1029,-159,-3008
-1992,-4126,9470,-413,474,-116,-2992
-2604,-4282,8126,331,-191,-153,-2992
-1890,-630,7966,704,-692,-219,-3008
292,450,7870,345,-579,-278,-3008
900,-42,8858,254,-323,-184,-3024
1030,-174,7950,236,-60,-58,-2992
40,360,8160,150,23,-137,-3024
-188,602,8128,118,-72,-218,-3008
142,380,8428,-65,-199,-212,-2944
1052,-26,8304,-166,-41,-86,-2960
1634,-290,7296,-211,287,-92,-3024
684,-182,7430,-256,534,-165,-2976
-110,-194,6976,-213,479,-260,-3008
-484,-36,7812,-172,279,-405,-2992
-910,312,7828,-158,89,-93,-3024
-96,-1098,8340,-60,-45,-255,-3008
-714,-2462,8730,280,-187,-88,-3008
-1540,-2580,9078,757,-524,-22,-2992
-2100,-62,8920,851,-965,221,-2992
-64,380,7824,653,-1134,-309,-2992
1742,498,7592,437,-657,-245,-3008
3466,2154,5818,-43,106,-237,-3008
2910,2332,6146,-536,617,-130,-2992
1356,1570,7564,-617,1063,-120,-2992
138,1166,8232,-1008,1008,-96,-2976
-594,508,8838,-1101,965,-154,-3008
-18,-74,7918,-1208,959,-117,-2992
-1952,-4256,9112,-609,720,-175,-2992
-2736,-4492,8956,266,-91,-127,-2992
-2594,-2148,8494,729,-680,-290,-2992
4,186,8198,355,-626,-189,-3008
1344,446,7708,192,-363,-195,-2992
1212,-94,7974,245,-88,-117,-2960
72,750,7542,135,-4,-137,-3024
-178,584,7572,22,-38,-156,-2976
52,920,7220,-173,-130,-205,-3008
1020,44,8280,-94,-48,-148,-2992
1486,-558,7368,-205,239,-38,-2992
948,-428,6992,-252,485,-184,-2976
-122,-118,7588,-213,500,-263,-3008
-640,-94,8162,-138,327,-275,-3040
-1148,-204,8640,-76,44,-96,-3024
-272,-1454,8670,9,-76,-306,-2992
-548,-2190,9376,203,-142,-83,-2976
-1030,-2528,8312,706,-488,-44,-3024
-2018,-490,8492,909,-971,145,-3024
-656,420,8190,678,-1110,-249,-2992
2060,402,8008,411,-772,-308,-3008
3650,1936,5770,13,50,-214,-2976
3240,2546,5376,-514,606,-164,-2960
2180,1280,7068,-621,1086,-25,-3024
-102,1718,8298,-1006,1057,-90,-2976
28,822,8838,-1083,997,-179,-2960
-160,-472,8868,-1140,997,-149,-2992
-1876,-3942,10000,-647,675,-187,-2992
-2854,-4546,8350,85,8,-51,-3008
-2484,-2744,8240,731,-622,-199,-3040
-44,320,7958,375,-642,-206,-2992
996,278,8124,209,-446,-191,-3024
1122,184,7530,182,-132,-93,-2960
650,658,7306,106,62,-156,-2976
132,770,7622,29,33,-154,-3008
-402,982,7792,-127,-92,-164,-2992
826,230,7914,-216,-27,-163,-2992
1704,-440,7146,-242,220,-94,-2976
1074,-580,7366,-219,467,-162,-2992
58,-544,7622,-118,451,-271,-2976
-618,180,8252,-144,319,-497,-3008
-1136,178,7956,-97,84,-50,-2992
-300,-1176,8492,-32,-51,-186,-3024
-212,-1618,8552,175,-129,-80,-3040
-1338,-2488,8672,648,-400,-37,-2976
-2190,-586,8400,855,-879,229,-2992
-892,372,8542,694,-1131,-134,-2960
1744,480,7328,466,-837,-334,-3008
3514,2142,5844,146,-24,-133,-3008
3138,2402,6262,-426,462,-183,-3024
2732,1390,7026,-563,985,27,-2992
366,1880,7738,-846,1061,-104,-2976
-528,462,9062,-1001,956,-235,-2976
-192,-150,9028,-1121,959,-60,-2992
-700,-2270,9420,-906,897,-158,-2992
-2674,-4152,9004,-54,131,-115,-3008
-2570,-2618,8746,600,-516,-216,-2976
-574,738,6806,404,-646,-181,-2976
1196,806,7288,113,-358,-200,-2992
1418,264,7438,142,-82,-135,-2992
472,224,7570,149,56,-73,-3008
-230,876,7488,10,-3,-195,-3008
-104,968,7490,-114,-83,-191,-3024
540,-202,9166,-118,-83,-162,-2992
1194,-666,8100,-127,54,-159,-2976
814,-450,7426,-184,385,-254,-3008
40,-402,8000,-162,457,-154,-2992
-454,-226,8046,-78,288,-363,-2992
-856,-482,8738,11,66,-194,-3008
-298,-906,8756,-128,-26,-135,-2976
-276,-218,8172,1,-33,-132,-2976
-510,-2324,7792,446,-256,-81,-2992
-1838,-584,8222,785,-736,170,-3024
-1360,524,8272,719,-1017,39,-2976
894,978,6976,396,-885,-365,-2976
3534,1464,6144,269,-254,-187,-3024
3396,1964,6856,-238,332,-184,-2992
2582,1810,7126,-518,766,-104,-3008
878,1948,6982,-771,1072,-209,-2976
360,836,8344,-1024,1045,-78,-3008
-188,358,8190,-1182,979,-113,-2976
-188,-210,7536,-1228,985,-148,-2992
-2326,-3656,7956,-415,440,-187,-2992
-2466,-4498,8558,336,-186,-98,-3008
-1814,-1064,8098,688,-630,-146,-2976
108,520,7826,318,-535,-263,-2992
876,252,8580,193,-294,-131,-2992
1124,274,7754,126,-22,-90,-3008
-68,314,8038,139,78,-96,-2976
-216,510,7932,89,-68,-77,-3024
-4,510,8222,-157,-104,-151,-2992
812,-344,7964,-130,-23,-181,-2992
946,-698,8160,-163,242,-71,-2976
734,-340,7250,-166,410,-119,-3008
-202,-152,7320,-165,363,-338,-3024
-624,-98,7846,-111,194,-371,-2992
-734,208,7624,-139,40,-72,-3008
-44,-808,8448,-3,-38,-192,-2976
-600,-2004,8124,204,-162,-98,-3024
-1176,-2474,8582,716,-497,35,-2992
-1820,-544,8512,826,-943,145,-2992
-324,528,7922,631,-1071,-221,-3008
1618,668,7370,391,-675,-167,-2992
3274,2124,5668,-49,88,-203,-2992
3090,2282,5678,-518,615,-172,-2992
1768,1536,6958,-555,1035,-51,-3008
436,2054,7942,-942,1037,-111,-2976
-534,746,8780,-1009,911,-161,-2992
-26,-78,8626,-1134,906,-138,-2992
-244,-1794,9200,-914,917,-142,-3008
-2666,-4264,9242,19,126,-95,-2976
-2644,-2896,8870,616,-472,-193,-2992
-830,608,6796,378,-577,-239,-2992
1036,674,7522,151,-323,-234,-3024
1232,22,7662,143,-132,-165,-2976
434,36,7514,196,-45,-17,-2992
-152,550,7310,81,11,-205,-2992
-240,904,7998,-35,-137,-231,-2992
800,50,7934,-69,-145,-182,-2992
1130,-432,8426,-134,93,-81,-2992
984,-704,7164,-172,392,-152,-2976
-92,-410,8230,-169,459,-213,-3008
-428,-8,8316,-81,276,-289,-2992
-894,-392,8522,11,101,-231,-2960
-468,-606,8522,-148,2,-113,-2976
-32,-566,8094,-8,-21,-241,-3024
-850,-2348,8346,473,-287,-99,-2992
-1842,-996,8586,872,-790,17,-2992
-814,280,7978,721,-1035,13,-3008
748,708,7214,454,-891,-312,-2976
3338,1182,6508,253,-258,-237,-3024
3220,2274,6218,-265,396,-244,-2992
2728,1630,6564,-545,912,0,-3024
714,2198,7416,-820,1108,-130,-3008
180,904,8194,-1047,1033,-135,-3008
-294,226,8510,-1132,975,-115,-2992
-88,-462,7802,-1208,977,-143,-3024
-2318,-3836,8122,-390,468,-106,-3008
-2470,-4508,8406,360,-190,-201,-2992
-2104,-882,7714,685,-709,-206,-2992
14,350,7790,340,-604,-374,-2992
1218,-180,7654,205,-290,-97,-3008
1336,-120,7674,217,-54,-119,-3008
28,574,7616,165,-49,-107,-2992
-498,826,7938,49,-111,-206,-2992
182,710,7782,-153,-165,-168,-3008
1232,146,8040,-194,35,-122,-2976
1216,-418,7692,-196,319,-84,-3008
776,-628,7422,-206,499,-146,-2960
-352,-174,7628,-208,451,-349,-2992
-642,-278,7874,-179,331,-236,-3008
-938,-134,7658,-142,18,-76,-2992
-254,-1164,8658,-4,-28,-210,-2992
-792,-2690,8646,320,-221,-230,-3024
-1960,-1816,9228,794,-596,168,-2976
-1794,-410,8594,896,-1060,117,-3008
-266,384,8260,631,-1107,-328,-3008
2826,482,7534,443,-536,-244,-3008
3494,2120,5486,-101,169,-207,-2992
3004,2186,6164,-491,729,-70,-2992
1408,1324,7792,-605,1079,-117,-3008
196,2100,7520,-1001,1047,-61,-2992
-274,364,8840,-1165,954,-130,-3024
14,-130,8552,-1288,1085,-115,-3024
-2208,-4496,9008,-377,460,-100,-2976
-2854,-4122,8036,357,-185,-263,-3008
-2368,-2162,8410,705,-733,-153,-3024
252,10,8722,360,-581,-247,-2992
1124,-114,8498,286,-362,-153,-2976
546,158,7896,279,-97,-162,-2976
44,574,7632,141,-32,-130,-2992
40,644,8172,26,-46,-185,-3024
356,348,8730,-132,-129,-200,-3008
866,32,7968,-125,-40,-89,-2976
1432,-494,7604,-216,278,-123,-3008
696,-386,7138,-264,525,-61,-2960
-228,-500,7894,-160,442,-251,-2992
-602,-276,8058,-88,266,-321,-2976
-1098,108,8200,-104,17,-175,-2976
-236,-1078,8956,-35,-63,-173,-3024
-418,-2244,8476,300,-196,-86,-2992
-1798,-2166,9432,798,-532,57,-3008
-2128,-182,8746,839,-959,177,-2992
-654,362,8130,651,-1111,-259,-2992
2210,570,7600,444,-642,-264,-3024
3440,2218,6582,-5,66,-227,-2976
3028,2546,6044,-501,594,-132,-2976
2282,1286,6970,-636,1078,-38,-3024
116,1712,8424,-973,1070,-63,-3024
-70,562,9118,-1037,1006,-93,-2992
-324,-468,9008,-1086,906,-67,-2976
-1542,-3592,9966,-771,777,-246,-2976
-2594,-3884,8298,63,58,-64,-3024
-2580,-2786,8628,692,-544,-184,-2992
-204,276,8020,407,-614,-196,-3024
1088,230,8160,139,-411,-224,-2976
1474,300,7396,158,-98,-147,-3008
470,666,7934,166,62,-114,-2992
-240,550,7674,89,-7,-181,-2992
-400,844,7716,-146,-96,-210,-2992
1018,88,7990,-175,-22,-193,-2976
1418,-376,7700,-192,174,-110,-2976
1110,-562,7468,-222,485,-51,-3024
190,-562,7450,-169,464,-196,-2992
-644,222,8288,-129,309,-449,-3008
-1110,-32,8148,-13,68,-91,-3008
-354,-1014,8694,-75,-44,-152,-2960
-220,-1290,8128,95,-113,-131,-2992
-1178,-2336,8576,561,-345,-65,-2976
-2060,-734,8710,855,-834,221,-3008
-936,552,8184,696,-1080,-88,-2976
1796,302,6998,410,-845,-396,-2960
3298,1384,6614,158,-128,-257,-3024
3292,2416,6226,-378,445,-187,-3008
2828,1452,6458,-576,980,-76,-2976
750,1966,7644,-898,1074,-66,-2992
152,1010,8646,-1036,1022,5,-2992
196,-48,8428,-1208,999,-186,-3040
52,-500,8016,-1245,1040,-147,-3024
-2356,-3980,8370,-257,317,-71,-2992
-2632,-3146,7616,432,-342,-167,-2992
-320,762,6424,446,-605,-210,-2976
532,500,7856,176,-392,-282,-3008
1300,102,7830,154,-146,-135,-3008
544,532,6860,187,-26,-117,-3024
-18,296,7920,43,51,-199,-2992
-448,384,8940,69,-35,-238,-3008
410,-256,8578,-79,-168,-234,-2976
814,-396,7998,-111,-15,-50,-2992
988,-642,7758,-164,327,-72,-2992
280,-674,7578,-128,454,-168,-3008
-424,-444,8026,-38,237,-344,-3008
-1038,-202,8896,10,95,-265,-3008
-568,418,7470,-172,-39,-120,-2960
-8,-634,7952,51,-68,-192,-3024
-758,-2366,8596,440,-284,-30,-2992
-1926,-934,8866,812,-653,94,-2976
-1424,288,8254,697,-982,-4,-2976
636,566,6946,444,-966,-405,-2992
3146,1142,7016,355,-297,-233,-2992
3342,2340,6350,-224,299,-236,-3008
2866,1724,6042,-540,739,45,-3008
878,1954,7432,-679,1067,-172,-2992
346,1020,8292,-944,1033,-113,-2960
-514,508,8894,-1112,920,-118,-3008
-112,-138,7386,-1180,943,-138,-2976
-1154,-3272,9254,-575,633,-159,-3024
-2404,-4734,9130,336,-112,-125,-2992
-2168,-1780,8264,751,-647,-155,-2992
-174,338,8150,344,-593,-263,-2976
1218,414,8028,171,-266,-163,-2976
1122,-56,8466,187,12,-153,-3024
-82,392,7720,115,33,-194,-2992
-194,592,7460,62,-18,-125,-2944
166,676,7898,-136,-135,-149,-2976
906,-172,8406,-124,-67,-151,-2992
1406,-580,7822,-131,190,-109,-3024
688,-552,7392,-186,436,-130,-2976
-260,-86,7728,-171,358,-387,-3008
-524,-124,8106,-88,242,-223,-2992
-776,-212,7644,-56,2,-73,-3024
-142,-1060,8386,0,-61,-241,-2976
-590,-2088,8768,271,-205,-146,-3008
-1798,-2250,9196,790,-530,21,-2992
-1764,-700,9000,944,-987,66,-3024
-588,452,8084,676,-1072,-180,-3008
2128,480,7846,445,-641,-184,-2976
3316,1726,6146,-6,89,-242,-2992
3148,2126,5756,-464,639,-126,-3024
1778,1312,7548,-563,1043,-105,-2992
-38,1338,8406,-961,1047,-98,-3024
-240,922,8494,-1115,959,-152,-2992
-120,-340,8592,-1155,990,-117,-3008
-1772,-3732,9826,-723,732,-87,-2976
-2552,-3900,8480,57,31,-111,-3024
-2564,-2832,8280,722,-570,-193,-2992
-122,286,8348,427,-600,-215,-2976
640,716,7252,187,-450,-258,-2992
946,118,7480,176,-137,-166,-2992
460,458,7506,156,7,-81,-2992
86,624,7840,100,10,-146,-2976
-334,942,7736,-61,-122,-195,-2976
674,184,8010,-98,-130,-159,-2992
1616,-236,7506,-226,160,-68,-2992
1110,-504,7392,-233,456,-132,-3008
108,-338,7758,-171,470,-229,-3008
