AcX,AcY,AcZ,GyX,GyY,GyZ,Tmp
-1018,-2584,7966,619,-399,25,-2992
-2022,-654,7964,927,-933,60,-2976
-710,390,7578,786,-1171,-137,-2992
1596,608,7346,485,-907,-320,-2992
3334,1188,6602,295,-227,-207,-3008
3324,2638,5454,-338,440,-250,-3008
2700,2038,6470,-586,958,-15,-2976
1098,2494,6990,-946,1063,-162,-2960
284,1428,7996,-1171,1020,-143,-2960
-70,-48,8330,-1218,1045,-94,-2976
44,-508,8042,-1286,1127,-152,-2992
-2664,-4306,8196,-379,461,-99,-2992
-2966,-3930,7736,477,-242,-175,-2992
-1152,354,6474,765,-791,-218,-2976
-70,98,8296,343,-651,-389,-3008
1104,-90,8426,314,-366,-125,-2976
1064,-56,7996,371,-77,-101,-3024
84,652,8048,258,-61,-111,-2960
-332,1066,8004,45,-163,-203,-2976
684,540,8580,-224,-90,-132,-3008
1466,208,7896,-292,146,-155,-2992
1646,-266,7370,-346,491,-81,-2992
656,-458,7052,-360,715,-99,-3008
-414,-210,7300,-314,580,-338,-2992
-888,-272,8220,-177,307,-226,-2992
-1016,-372,8216,-220,43,-43,-2960
-432,-1372,7844,-18,-42,-265,-2976
-996,-3202,8962,505,-362,-143,-2976
-2066,-1906,9124,1001,-794,177,-3024
-1224,262,8452,953,-1207,-14,-2992
44,690,8166,661,-1150,-381,-2992
2676,438,7928,516,-574,-209,-3008
3586,2126,6822,-87,254,-204,-2976
2990,2056,6426,-414,789,14,-3024
1294,1982,7588,-667,1067,-139,-3024
-60,1606,8748,-1078,1049,-71,-2976
-270,700,9178,-1213,1006,-100,-2960
296,-762,8232,-1297,1140,-77,-2992
-2634,-4822,9776,-390,568,-32,-2992
-3152,-4612,8364,388,-109,-116,-2992
-2782,-2412,8892,826,-817,-268,-3024
308,106,8376,395,-670,-248,-2976
1220,-178,8612,317,-402,-124,-2976
1338,236,7834,321,-128,-107,-2992
-100,872,7876,139,-52,-96,-2976
-54,1096,7490,17,-67,-196,-2992
382,678,8584,-169,-100,-182,-3008
1412,-158,7696,-294,100,-95,-2976
1742,-434,6950,-374,515,-97,-2992
808,-342,7190,-378,722,-82,-2960
-480,-96,7564,-275,531,-264,-2992
-1138,-320,8346,-179,312,-259,-2976
-1220,184,7562,-253,30,-102,-3008
-122,-1454,8000,-34,-59,-204,-2992
-1026,-2638,8094,523,-319,3,-3024
-2118,-2230,9592,988,-769,180,-2976
-1782,254,8806,892,-1148,-17,-2976
684,888,7386,625,-1137,-403,-2992
2332,444,7884,507,-614,-209,-2992
3768,2106,6536,-94,281,-268,-3008
2796,2100,6456,-478,784,-55,-2976
782,2392,7408,-733,1068,-148,-3008
128,2020,8658,-1121,1052,-160,-2992
-146,296,8572,-1233,1035,-226,-2992
118,-762,7720,-1236,1063,-61,-2976
-1720,-4096,9690,-491,615,-121,-3024
-2680,-4890,8896,333,-112,-146,-2960
-2450,-1666,8584,837,-773,-217,-2960
154,220,8024,403,-653,-246,-3008
1332,172,7992,245,-403,-138,-3008
1628,266,8012,213,-60,-156,-3024
-18,792,7220,143,34,-124,-2992
-166,1120,7184,4,-69,-248,-2976
202,1038,7614,-268,-96,-194,-3008
1238,214,7754,-251,45,-179,-2992
1560,-614,8136,-311,392,-106,-2992
830,-546,7062,-343,674,-223,-2992
-556,-120,7420,-274,534,-401,-2960
-880,-150,7964,-190,327,-281,-2976
-1498,-40,8476,-180,-21,-42,-2992
-486,-1708,8666,36,-55,-218,-2992
-858,-3126,8866,435,-317,-75,-2976
-1822,-2682,9048,996,-680,157,-2992
-1910,-186,8896,971,-1154,113,-2992
-110,756,8056,679,-1223,-439,-2992
2596,552,7650,490,-679,-170,-2976
4044,1858,5954,3,144,-235,-2976
2898,2284,6214,-458,641,-17,-2992
1370,1816,7350,-599,1079,-51,-2992
646,2258,7438,-1064,1045,-126,-2976
-58,618,8798,-1181,992,-217,-2976
248,-500,8444,-1274,1083,-82,-2976
-1238,-2840,9188,-703,798,-69,-3024
-2766,-4564,8312,138,-1,-124,-2992
-2720,-2510,8750,706,-620,-263,-2976
-224,722,7018,407,-624,-189,-2992
1046,474,7664,237,-414,-162,-3024
1110,50,7990,232,-129,-168,-2992
82,990,7832,133,18,-131,-3008
-120,1164,7934,37,36,-198,-3008
-168,960,7586,-170,-127,-167,-3024
1094,-140,7630,-160,-31,-72,-2992
1622,-636,7418,-305,256,-98,-2976
1000,-466,7460,-295,580,-154,-3040
-350,-432,7978,-193,564,-209,-2992
-750,-234,8458,-115,278,-361,-3024
-1424,-196,8994,-10,-14,-200,-2960
-370,-1378,9034,-98,-41,-159,-2944
-44,-1320,8292,169,-137,-124,-2992
-1272,-2722,8502,714,-461,38,-2960
-2194,-510,8606,928,-924,147,-2992
-768,392,8510,812,-1219,-247,-3008
1144,450,7524,554,-904,-333,-3008
3272,1096,6994,386,-274,-206,-3024
2896,2618,6454,-280,381,-143,-3024
2736,1980,6666,-521,918,54,-2992
928,2408,7352,-924,1043,-143,-2992
344,728,8554,-1064,1048,-135,-2992
-240,-294,9218,-1134,980,-36,-2976
260,-400,7540,-1295,1065,-162,-2976
-2836,-4052,8244,-389,403,-141,-2992
-3062,-3598,7536,457,-282,-175,-2960
-2136,-1466,8322,680,-714,-141,-2992
72,304,7658,282,-566,-285,-2976
1094,-40,8316,260,-279,-142,-3008
1320,18,8434,303,-11,-123,-2992
-134,520,7918,195,-41,-198,-3024
-602,886,8238,6,-130,-174,-3008
556,864,7596,-195,-92,-184,-2992
1314,52,8030,-227,96,-115,-2992
1488,-338,7124,-341,445,-103,-2992
230,-262,7432,-311,631,-193,-3008
-514,-312,8218,-220,482,-309,-3008
-724,-156,7674,-139,209,-201,-2992
-734,-294,7534,-166,-35,-102,-2992
-530,-788,7996,-28,-48,-220,-3008
-988,-2918,8134,479,-378,-93,-2976
-2070,-1702,8746,967,-815,64,-2992
-1146,388,8310,927,-1184,-161,-2992
1290,1100,6954,527,-1007,-366,-2992
2412,740,7852,384,-468,-169,-3008
3552,2272,6138,-164,308,-232,-3008
2760,1930,7186,-412,787,-43,-2992
1106,2048,8002,-712,1022,-125,-2960
-112,1540,8818,-1042,1045,-115,-3008
170,150,8696,-1211,1026,-153,-3008
-44,-618,8742,-1235,1072,-106,-2960
-2428,-4620,9932,-402,528,-101,-2992
-2990,-4840,8580,377,-123,-134,-3008
-1930,-808,8216,894,-762,-219,-3008
2,286,8754,421,-635,-270,-3024
1074,-46,9142,314,-430,-234,-2992
1042,6,8478,292,-129,-59,-2976
430,836,7374,171,-31,-128,-2976
-124,792,7800,91,-89,-169,-3008
174,738,8724,-136,-156,-185,-2976
1036,420,7942,-236,33,-119,-3024
1734,-372,7218,-378,425,-82,-2992
958,-476,7206,-360,673,-109,-3040
-422,-256,7692,-280,526,-276,-2976
-942,-194,8098,-190,317,-362,-2992
-1240,354,7552,-300,81,-77,-2992
-218,-1184,7724,-75,-36,-260,-3008
-952,-2560,8214,436,-276,-120,-3008
-1956,-2710,9442,962,-747,163,-3024
-1970,4,9026,891,-1135,87,-2992
380,634,7456,652,-1154,-397,-2976
2814,684,7354,529,-631,-243,-3008
3878,2336,6268,-31,224,-256,-2976
2900,2322,5844,-479,689,-86,-2960
1084,1988,7282,-664,1016,-120,-2960
570,2200,7740,-1048,1041,-109,-2976
-188,664,9170,-1166,1021,-122,-3008
142,-544,7794,-1246,1047,-97,-3056
-1010,-3184,9058,-662,769,-127,-3024
-2800,-4774,9158,153,59,-116,-3008
-2896,-2578,9126,808,-714,-320,-3008
-536,1198,6992,413,-695,-202,-2960
1600,306,7304,218,-432,-167,-2992
1678,264,8068,254,-115,-121,-2992
74,940,7380,224,-44,-142,-3008
-226,1134,7360,28,-54,-186,-3008
432,1170,7234,-230,-130,-215,-3024
1282,424,7684,-217,-12,-154,-3024
1684,-494,7950,-264,287,-32,-3008
856,-738,8002,-287,629,-82,-3008
-346,-612,8222,-272,660,-222,-2992
-874,-212,8286,-222,366,-316,-2992
-1204,-20,7584,-101,19,-130,-2976
-684,-1658,9284,-3,-86,-203,-3008
-866,-3182,9252,418,-278,-67,-3024
-2024,-2354,9426,1018,-717,81,-3024
-2046,-404,8980,1043,-1187,32,-2960
-354,726,8546,723,-1226,-356,-2992
2292,498,7872,516,-732,-246,-2976
4060,1770,6232,31,96,-229,-2992
3076,2252,6084,-412,613,-48,-3024
1554,1764,7930,-559,1001,-56,-3024
128,1698,8156,-1055,1067,-108,-3008
52,464,8898,-1167,1031,-117,-3008
80,-440,8630,-1282,1096,-124,-2992
-2338,-4560,10016,-674,762,-144,-2992
-2744,-4542,8330,134,54,-124,-2976
-2888,-2788,8728,752,-657,-178,-2976
30,504,8170,411,-700,-216,-2992
806,508,7740,275,-463,-207,-2960
1354,100,7490,264,-173,-142,-3024
376,676,7496,171,21,-101,-3008
22,932,7442,105,-12,-165,-2992
-178,1258,7688,-178,-131,-182,-2960
1044,-68,7864,-200,-56,-131,-2992
1804,-636,7700,-355,320,-55,-2976
1278,-570,7418,-303,595,-75,-3008
-166,-530,8086,-217,634,-210,-2960
-902,-238,8700,-168,370,-509,-3024
-1348,282,8206,-184,62,-41,-2976
-380,-1628,9030,7,-79,-205,-2992
-820,-2704,9544,424,-224,-63,-2992
-1938,-2730,9524,945,-652,108,-2992
-1896,-156,8874,940,-1067,150,-2976
-566,588,7908,681,-1206,-353,-3008
2092,614,7768,518,-776,-254,-2992
4084,1974,5824,86,73,-226,-2992
3004,2646,6188,-441,556,-167,-2976
2404,1712,7308,-567,1052,-79,-2976
516,2242,7738,-1019,1085,-162,-2992
110,788,9190,-1124,1019,-245,-2992
-102,-338,8662,-1201,999,-110,-2960
-1170,-3190,9796,-973,991,-148,-3008
-2780,-4720,8964,14,125,-83,-3008
-3344,-3004,8308,680,-560,-266,-2976
-240,864,6984,412,-685,-180,-2992
1640,420,7270,124,-401,-190,-2992
1498,206,7472,169,-110,-118,-3008
426,978,7184,200,31,-95,-3008
-180,1204,6988,42,-16,-148,-2976
-486,972,8226,-174,-90,-187,-2992
890,-88,8698,-184,-29,-159,-2992
1602,-600,7820,-260,186,-53,-3008
1242,-522,7670,-277,576,-208,-2992
68,-668,7528,-261,614,-203,-2960
-804,-128,8582,-189,374,-298,-2992
-1490,-280,8810,-12,112,-127,-3008
-370,-1428,8920,22,-95,-190,-2976
-250,-1562,8100,217,-173,-106,-2992
-1354,-2768,8838,843,-556,34,-2992
-2034,-450,8918,983,-1050,190,-2976
-854,656,7874,765,-1197,-279,-2960
1668,742,6964,473,-800,-321,-2992
3898,1542,6544,189,-112,-230,-2992
2752,2424,6562,-313,476,-201,-2976
2762,1924,6998,-558,1017,-132,-3008
826,2216,7102,-947,1100,-90,-2992
86,880,9466,-1134,989,-121,-2992
134,210,8564,-1257,1074,-69,-2992
-340,-1582,7724,-1173,1058,-167,-2976
-2618,-3844,8032,-261,331,-100,-2976
-2730,-4252,7870,481,-343,-169,-2992
-1318,112,7430,590,-696,-168,-2992
598,648,7038,226,-530,-229,-3008
1222,-64,8322,232,-268,-165,-2960
1150,380,7798,188,28,-80,-2960
-80,766,7774,130,31,-149,-2992
-512,904,7932,-8,-94,-233,-3008
526,330,8428,-128,-121,-270,-2976
1326,-92,8242,-278,153,-66,-3024
1184,-616,7480,-264,448,-103,-2992
414,-666,7962,-237,652,-151,-2976
-506,-394,7890,-178,394,-392,-3008
-1254,56,8702,-116,197,-217,-2976
-532,-1122,8486,-173,9,-38,-3008
-346,-1488,8534,52,-103,-138,-2992
-984,-2602,8360,569,-368,9,-2960
-2208,-928,8598,931,-880,184,-2976
-868,344,8196,823,-1144,-126,-3008
408,794,7590,564,-1006,-379,-2992
2728,782,6990,404,-377,-318,-2992
3096,2514,6314,-164,300,-201,-3008
2888,1636,7270,-444,788,-4,-3008
836,2220,7538,-792,1036,-117,-2976
216,1364,8346,-1076,1012,-127,-2960
10,232,8468,-1189,1004,-86,-2992
230,-206,7778,-1354,1128,-122,-2944
-2666,-4218,8736,-460,516,-108,-3008
-2992,-4360,7868,357,-102,-77,-2992
-2618,-2662,9472,862,-748,-191,-2992
20,160,8468,381,-615,-265,-2976
1120,-38,9204,303,-367,-122,-3008
1508,50,8018,299,-72,-66,-2992
-56,528,7590,241,-86,-247,-2992
-248,1026,8024,6,-83,-211,-3024
494,430,8736,-168,-122,-141,-2976
1216,78,7660,-192,45,-101,-2976
1606,-292,7192,-354,412,-118,-3024
560,-298,7326,-377,648,-94,-2992
-314,-236,7672,-287,582,-222,-2976
-712,-136,7918,-169,279,-323,-2976
-1222,248,8044,-96,2,-74,-2992
-616,-1136,9334,-49,-40,-180,-2960
-918,-2710,8208,403,-259,-65,-2976
-1978,-2670,9432,1021,-750,138,-2976
-1770,172,8936,934,-1148,-115,-2992
600,914,7276,652,-1163,-331,-3024
2124,220,8000,482,-656,-219,-3008
3776,2014,6724,20,170,-236,-3008
2804,2230,6312,-417,665,-97,-2992
1944,1712,7692,-637,1044,-59,-2992
256,1788,8522,-1042,1005,-128,-2992
56,474,9036,-1169,1023,-104,-2960
-14,-744,8072,-1195,1023,-41,-3008
-1468,-3454,9628,-622,706,-93,-3008
-2820,-4952,9382,198,26,-56,-2992
-2678,-2410,9140,845,-661,-169,-2992
-408,1004,7562,411,-679,-182,-2976
1130,296,7972,271,-488,-267,-3008
1860,16,7846,212,-144,-103,-2992
676,732,7040,184,0,-98,-3024
-304,1090,7278,124,-87,-140,-2992
120,1264,7556,-199,-151,-247,-3040
744,352,8484,-257,-21,-127,-3024
1908,-604,7332,-335,357,-81,-2992
1072,-282,7492,-374,666,-88,-2992
-358,-366,7616,-313,625,-210,-3008
-758,-70,8164,-264,427,-373,-2976
-1526,82,8596,-150,122,-37,-2992
-358,-1468,8714,-55,-27,-167,-2960
-680,-2084,8604,262,-187,-46,-3008
-1730,-2848,8962,937,-645,172,-2992
-1936,-308,8790,964,-1131,85,-2992
-104,652,8012,742,-1219,-371,-2992
2468,612,7852,516,-773,-281,-2976
4030,1904,6058,43,131,-222,-3008
3154,2192,5938,-423,641,-88,-2992
1426,1842,7784,-568,1025,-96,-2992
412,2660,7834,-1043,1099,-52,-2976
-50,582,8696,-1161,1031,-115,-2976
160,-272,8756,-1278,1032,-60,-3008
-908,-2688,9398,-743,865,-95,-2928
-2880,-4678,8710,131,63,-29,-2992
-3124,-2654,9062,770,-640,-354,-2976
-542,1026,6758,384,-673,-167,-2992
1376,524,7384,234,-450,-182,-2992
1562,50,7498,298,-129,-123,-2992
152,968,7184,198,-29,-148,-2976
-80,1288,7266,-21,15,-177,-3008
162,1384,7032,-226,-116,-235,-3008
1196,422,7602,-219,-26,-177,-2976
1648,-468,8050,-287,294,-38,-2992
1134,-508,7348,-372,642,-79,-2992
-88,-416,7760,-304,689,-157,-2976
-636,-34,8366,-230,434,-305,-2992
-1614,-166,8700,-79,70,-114,-2960
-510,-1350,8942,-85,-30,-219,-2992
-620,-2924,8904,215,-132,-92,-3008
-1524,-2840,8542,787,-527,73,-2976
-2204,-156,8474,957,-1102,117,-2992
-452,540,7936,726,-1263,-352,-2992
2086,496,7978,515,-815,-267,-2976
3952,1582,6548,180,5,-221,-2960
2926,2660,6034,-391,539,-96,-2992
2142,1702,7556,-594,1023,-49,-2992
326,1978,8066,-1045,1100,-96,-2976
462,664,8484,-1145,1069,-123,-2976
-70,-280,8932,-1205,1040,15,-3008
-1426,-3730,9534,-940,890,-235,-2992
-2660,-4012,7814,-38,160,-105,-2960
-3002,-2980,8470,645,-504,-187,-2944
-268,1002,7554,439,-665,-181,-3008
370,494,7918,237,-501,-250,-3024
1440,110,7496,212,-187,-114,-2992
576,712,7702,260,20,-93,-3008
-144,1040,7540,154,-37,-155,-3008
-534,1092,8212,-125,-132,-165,-2960
704,306,8606,-204,-72,-187,-2992
1808,-772,7664,-282,283,-84,-3024
1314,-932,7656,-281,578,-40,-2976
-120,-504,8560,-214,614,-129,-2976
-698,-274,8064,-200,425,-444,-3024
-1222,-222,8232,-132,145,-119,-2960
-572,-1344,8838,-84,-86,-124,-2976
-684,-2150,8524,141,-131,-88,-2976
-1020,-2730,8204,691,-443,-5,-3024
-2222,-446,8194,927,-916,224,-2992
-810,782,8006,741,-1228,-335,-2992
1962,700,7058,472,-798,-238,-3008
4100,1834,6020,129,-54,-213,-3008
3254,2600,5914,-421,516,-81,-2992
2796,1834,6888,-567,1040,-3,-3024
658,2328,7490,-991,1094,-89,-2976
-74,768,8880,-1151,1071,-200,-3008
346,234,8056,-1311,1051,-111,-3008
-920,-2502,8890,-1093,1051,-81,-2992
-2628,-4450,8440,-157,185,-85,-2992
-3070,-3480,7542,550,-457,-226,-3008
-564,780,6730,479,-675,-169,-2976
1172,698,7458,197,-413,-243,-2992
1352,-22,8142,195,-158,-140,-2992
650,606,7278,170,33,-70,-2976
16,1064,7108,44,23,-178,-3008
-40,738,7884,-84,-81,-180,-2960
598,162,9314,-117,-125,-101,-2992
1260,-554,7966,-231,123,-48,-2976
1070,-636,7366,-324,531,-184,-2976
312,-572,7708,-257,600,-162,-3008
-798,-176,8370,-164,382,-340,-2992
-1254,-288,8526,-35,109,-233,-2992
-630,-222,7298,-151,-32,-129,-3008
-46,-1092,8270,35,-73,-153,-2976
-1032,-2764,8092,554,-359,6,-2992
-2026,-1512,8758,932,-818,125,-2992
-1268,280,8348,822,-1148,-50,-3008
1030,746,7152,540,-925,-301,-2976
3202,1142,6816,334,-322,-184,-2992
2952,2550,6010,-276,416,-164,-2992
2782,1932,6336,-487,837,-123,-3008
790,2332,7406,-862,1035,-108,-3008
282,1192,8612,-1090,1033,-107,-3024
-210,-16,8870,-1167,993,-103,-2992
144,-984,7558,-1222,1071,-152,-2976
-2808,-3926,8758,-401,448,-107,-2976
-2816,-3896,7418,440,-234,-149,-3024
-2114,-1732,8172,734,-757,-186,-2992
-92,320,8422,341,-597,-252,-3040
1058,-124,8328,260,-316,-168,-3008
1506,112,7904,260,-1,-100,-2960
-36,670,7818,173,14,-163,-2992
-632,1084,8116,25,-98,-58,-2976
344,894,7712,-216,-135,-269,-2992
1410,-56,7734,-239,80,-138,-2992
1356,-394,7224,-280,389,-81,-2960
390,-180,7606,-335,650,-122,-2976
-516,-34,7654,-249,505,-324,-2976
-676,-278,7742,-185,294,-284,-2976
-776,-300,7870,-161,19,-52,-2992
-264,-1320,8256,-9,-56,-235,-2960
-958,-2604,8700,385,-282,-91,-3008
-2016,-1896,8736,953,-765,61,-2976
-1864,-620,8918,988,-1128,-2,-2992
-148,668,8160,688,-1145,-419,-2992
2266,498,7782,500,-641,-142,-3008
3452,2182,6374,-33,181,-226,-3008
3006,2200,6284,-411,660,-77,-3024
1396,1840,7538,-589,1026,-130,-3024
154,1630,8698,-991,1018,-104,-2976
-180,736,8920,-1127,1005,-184,-2976
134,-376,8566,-1291,1079,-131,-3008
-2254,-4384,9898,-708,798,-101,-3024
-2706,-4628,8564,190,49,-156,-2992
-2994,-2902,9204,784,-660,-229,-2976
194,332,8254,414,-614,-243,-2976
958,556,6966,213,-427,-230,-3024
1284,252,7474,239,-166,-223,-2992
308,852,7096,169,7,-39,-3008
-40,960,7788,60,-35,-201,-2976
-336,1090,7800,-87,-156,-203,-3024
1040,158,7872,-193,-67,-142,-2992
1650,-340,7460,-315,290,-86,-3024
1138,-454,7624,-318,597,-111,-3008
-64,-440,8026,-259,646,-216,-2976
-676,-170,8106,-165,401,-298,-2976
-1384,-458,8894,-30,41,-190,-2992
-562,-1092,9390,-107,-35,-120,-2992
-660,-2668,8938,258,-199,-67,-2992
-1852,-2648,9322,777,-526,46,-3008
-2140,-460,8520,972,-1039,24,-3008
-648,390,7998,783,-1251,-240,-3024
1954,588,7334,517,-845,-275,-2992
3498,1308,6846,284,-144,-249,-3008
3212,2636,6140,-351,490,-205,-2976
2494,1692,7244,-507,951,1,-2992
900,2372,7564,-949,1082,-131,-2992
322,1068,8608,-1151,1054,-122,-2976
94,-110,8222,-1233,1025,-53,-2976
90,-788,7694,-1276,1105,-137,-2992
-2832,-3982,8432,-285,372,-30,-2992
-3148,-3560,7316,539,-340,-107,-2992
-814,1120,6716,633,-804,-187,-2976
108,322,8060,263,-625,-345,-3008
1412,116,8004,250,-289,-126,-2992
704,512,7218,333,-62,-87,-3024
-228,418,7942,232,-81,-119,-3008
-592,1152,8604,-15,-172,-228,-3008
694,268,8800,-153,-110,-152,-2992
1466,-30,8272,-256,175,-82,-2992
1540,-570,7248,-339,511,-67,-2976
176,-372,7736,-356,709,-155,-3008
-610,176,7678,-311,581,-290,-2992
-1002,-376,7930,-152,277,-173,-2960
-690,-800,8166,-227,16,13,-2976
-552,-1636,8144,-35,-35,-209,-3008
-952,-2906,8142,559,-388,-114,-2976
-2072,-924,8272,970,-874,158,-2992
-892,760,7790,866,-1210,-90,-2992
478,1052,7756,558,-1061,-366,-3008
3046,1114,7040,378,-420,-236,-2976
3534,2560,6362,-141,339,-205,-2992
2878,1974,6968,-479,852,0,-2992
934,2328,7320,-828,1094,-173,-3024
180,1474,8034,-1177,1091,-115,-2960
196,246,8126,-1293,1043,-142,-3008
84,-772,8366,-1290,1140,-120,-3008
-2572,-4492,8762,-307,451,9,-2960
-3126,-3754,7814,394,-227,-110,-2992
-2216,-1572,8506,736,-798,-215,-3008
274,294,8410,359,-645,-293,-3008
1380,-442,8142,332,-358,-104,-2960
1162,60,7826,268,-77,-118,-3024
98,872,7662,142,-27,-178,-2976
-298,1184,8292,31,-77,-210,-2944
282,1036,8066,-207,-104,-210,-2960
1384,106,7460,-286,89,-125,-3024
1644,-264,7242,-379,503,-141,-2976
630,-736,7180,-339,682,-153,-2976
-406,-226,7708,-248,543,-371,-3008
-950,0,7968,-184,322,-266,-3024
-900,220,7416,-292,25,-22,-2992
-406,-1674,9098,-9,-58,-237,-3008
-786,-3122,8364,523,-312,-51,-3008
-2036,-1594,8700,943,-717,227,-2992
-2028,120,8710,895,-1148,49,-2992
-28,696,7974,653,-1162,-383,-2976
2690,494,7354,523,-662,-211,-3008
4002,1968,6314,13,167,-291,-2992
2836,2284,6066,-479,700,-85,-2960
1398,1980,7010,-655,1049,-134,-2976
228,1544,8302,-1080,1068,-155,-2976
2,356,8728,-1140,1003,-240,-2976
-62,-342,8422,-1217,995,0,-2992
-2306,-4534,9874,-627,765,-116,-2992
-2744,-4454,8992,195,1,-120,-2976
-2890,-2664,8716,786,-669,-241,-2976
52,178,8328,385,-655,-178,-2992
1412,736,6800,177,-371,-218,-2992
1732,400,7162,176,-78,-117,-3008
136,1004,7268,140,54,-98,-2976
-222,1086,7196,-20,-7,-208,-3024
-116,1492,7458,-270,-75,-218,-2992
1048,0,7742,-217,46,-187,-2992
1598,-616,7368,-265,306,-61,-2960
932,-696,7536,-301,618,-235,-3008
-210,-380,7434,-235,575,-244,-3008
-920,-44,8604,-145,342,-298,-2992
-1616,-380,9310,-30,2,-73,-2960
-260,-1740,8986,31,-92,-215,-2976
-766,-2492,9142,276,-198,-81,-2976
-1220,-2786,8594,865,-576,20,-3024
-2044,-310,8890,1003,-1068,142,-2992
-636,620,8198,783,-1244,-268,-2992
2084,400,8066,482,-810,-273,-3008
3730,1618,6544,168,-79,-191,-3008
2996,2300,6380,-333,501,-132,-2992
2254,1748,7058,-574,1017,9,-3024
752,2404,7584,-956,1079,-244,-2976
14,772,9192,-1121,1004,-88,-2976
216,-408,8888,-1227,1078,-96,-2992
-466,-1424,8426,-1054,980,-122,-2992
-2582,-4218,8048,-158,211,-111,-2976
-3082,-3018,8432,587,-436,-145,-3008
-1396,-424,7710,589,-697,-149,-2992
496,502,7966,228,-497,-233,-2992
1314,-166,7336,233,-194,-109,-2992
498,574,7634,183,29,-99,-3008
-110,830,7854,98,25,-195,-2992
-546,830,8374,-79,-153,-235,-3024
666,-58,8306,-164,-72,-232,-3008
1492,-562,7950,-300,213,-41,-2976
1222,-642,7458,-283,575,-118,-3024
190,-432,7486,-225,605,-202,-2960
-704,-20,8134,-161,313,-413,-2992
-1498,106,8980,-60,106,-163,-2976
-446,-556,8246,-155,-34,-132,-2976
-54,-1660,7788,96,-103,-175,-2992
-1414,-2562,8902,584,-390,64,-2992
-2078,-798,8502,885,-879,164,-2976
-1000,252,8106,789,-1151,-114,-3008
1526,668,6950,520,-957,-301,-2976
2626,728,7052,345,-377,-215,-3024
3184,2420,5956,-227,360,-332,-2992
2746,1724,7258,-477,858,19,-2992
958,2368,7654,-805,1034,-125,-3008
276,1290,8350,-1059,1050,-82,-2976
-28,262,8612,-1178,1013,-121,-3024
322,-832,7666,-1319,1094,-105,-2992
-2522,-4082,9286,-450,506,-95,-2976
-2778,-4744,8028,402,-226,-138,-3008
-1876,-806,7664,862,-787,-186,-2976
-170,324,8838,360,-629,-274,-2960
1342,-174,8996,279,-307,-104,-2960
1052,-236,9190,341,-29,-44,-3008
-298,564,8052,215,-70,-243,-2992
-416,1130,8060,-28,-139,-140,-2992
518,376,8836,-112,-111,-161,-2992
1246,-54,8706,-203,95,-85,-2976
1396,-518,7518,-303,486,-124,-2976
594,-346,7402,-318,657,-114,-2992
-472,-272,8062,-236,489,-290,-2960
-930,-362,8562,-116,260,-225,-2976
-1338,20,8360,-164,18,-53,-2992
-504,-984,8040,-70,-87,-250,-2992
-884,-3026,8544,481,-313,-39,-2992
-2078,-1394,8606,995,-768,104,-3008
-1710,-104,8780,958,-1184,-64,-3008
452,892,7608,588,-1111,-448,-2976
2850,906,7064,404,-538,-221,-2976
3934,1970,6474,-87,257,-217,-2992
3004,2186,5902,-462,737,-16,-2992
1130,2352,7284,-712,1070,-155,-2992
30,1486,8182,-1058,1055,-74,-2976
56,500,8930,-1185,1037,-114,-3008
-50,-554,8440,-1285,1109,-115,-2992
-2792,-4664,8800,-25,111,-111,-2976
-3126,-3354,8490,730,-598,-200,-3024
-436,782,7572,462,-670,-211,-2960
1036,556,7640,208,-478,-138,-2992
1576,140,7378,204,-176,-91,-2960
800,388,7222,225,19,-159,-2992
-206,1014,7652,152,-93,-172,-3008
-64,1162,7526,-135,-172,-211,-2976
754,276,8526,-195,-58,-141,-2992
1758,-422,7940,-318,325,-130,-2992
1186,-492,7082,-386,681,-74,-2960
-348,-136,7708,-297,646,-219,-3008
-658,-182,8268,-200,394,-398,-3008
-1584,18,9184,-103,96,-158,-2992
-442,-1450,8752,-79,-37,-189,-2992
-528,-2126,8480,246,-174,-182,-2944
-1550,-3032,8896,794,-511,-47,-3008
-2164,-548,8886,958,-971,211,-2992
-810,522,7564,756,-1256,-290,-2992
1710,826,6714,486,-875,-326,-2976
3948,1952,6278,204,-132,-220,-2976
3294,2796,6150,-386,485,-195,-2992
2782,1706,6656,-550,987,-6,-2992
722,2490,7386,-984,1104,-141,-2992
60,834,9006,-1140,1051,-105,-3008
-72,346,8402,-1258,1020,-95,-2976
-72,-2048,8096,-1231,1132,-119,-2992
-2884,-4450,8762,-175,247,-70,-2992
-3108,-3734,7428,514,-373,-293,-2976
-1084,998,6830,489,-734,-195,-2976
1360,538,6466,178,-537,-242,-3024
1330,-304,7946,241,-270,-127,-2992
688,412,7890,344,-65,-136,-2976
-218,868,7382,160,-76,-140,-2976
-398,1198,8226,-60,-143,-234,-2992
766,282,8788,-134,-128,-158,-3024
1422,-168,8534,-243,167,-53,-2992
1316,-846,7172,-342,559,-95,-2976
-380,-222,7548,-310,679,-158,-2960
-1372,-252,8422,-98,161,-195,-3008
-572,-1088,8620,-102,-37,-253,-2976
-580,-2558,8968,126,-91,-70,-2960
-1200,-2784,8176,737,-521,31,-2992
-2110,-260,8318,957,-975,173,-2960
-704,620,7750,768,-1237,-285,-3008
1206,966,6976,466,-917,-311,-2992
3818,1412,6262,256,-184,-229,-2960
3070,2752,6020,-317,490,-213,-2992
2454,1736,7282,-527,974,39,-3008
768,2616,7560,-950,1108,-123,-3008
418,872,8576,-1149,1048,-101,-2992
54,-128,8590,-1245,1069,-48,-2992
-232,-1238,8060,-1214,1046,-98,-3008
-2622,-3984,7826,-248,330,-226,-3008
-2964,-3318,8014,494,-333,-151,-2960
-1788,-858,7718,654,-792,-142,-2960
190,424,8680,326,-588,-222,-2992
1230,-130,7944,335,-346,-198,-3008
1292,-50,8348,282,-31,-101,-2992
-80,656,8144,189,-32,-107,-2992
-690,998,8692,-16,-117,-210,-2992
676,30,8746,-182,-93,-157,-3008
1346,-42,7916,-281,147,-130,-2976
1254,-716,7852,-283,489,-48,-2992
278,-648,8042,-282,700,-89,-2992
-606,-36,7454,-232,472,-394,-2976
-1214,-158,8154,-179,239,-303,-3008
-726,-946,8454,-247,16,-68,-2992
-358,-1264,7856,43,-70,-166,-2992
-900,-2778,7834,576,-390,-22,-2960
-2160,-502,8304,966,-863,184,-3008
-1560,84,9044,853,-1191,-60,-2992
518,1056,7490,520,-1094,-398,-2992
3072,1316,6714,380,-436,-246,-2992
3386,2476,5856,-172,315,-234,-2976
2864,1750,6600,-490,804,-3,-2976
1048,2382,7222,-769,1079,-124,-2992
158,1450,8456,-1108,1074,-24,-2992
-316,492,9048,-1228,1002,-58,-3024
270,-708,7948,-1336,1163,-176,-2960
-2724,-4174,8340,-319,369,-82,-2976
-2988,-3636,7342,446,-291,-173,-3008
-900,488,6660,607,-771,-238,-2992
462,280,8050,213,-544,-271,-2992
1366,146,8438,234,-251,-107,-2976
768,356,7290,255,0,-109,-2976
-324,760,7882,110,-5,-134,-2960
-96,1090,7830,-88,-1,-232,-2992
782,224,8320,-233,-50,-163,-2976
1312,-312,8012,-243,52,-49,-2976
1584,-788,7276,-287,439,-78,-2992
468,-358,7582,-309,660,-209,-2992
-694,60,7586,-241,458,-304,-2992
-1010,-180,8230,-127,230,-304,-2976
-982,190,7616,-187,-3,-58,-2976
6,-1010,7432,21,-77,-230,-2992
-708,-3078,8888,518,-303,-69,-2992
-2022,-1854,9172,961,-806,121,-2944
-1380,186,8648,918,-1147,-47,-3008
-198,768,8196,591,-1101,-393,-2960
2434,416,7702,460,-574,-222,-2992
3710,2072,6276,-12,226,-218,-2976
2800,1922,6286,-435,693,-20,-2976
1736,1708,7084,-663,1042,-97,-2992
468,1478,8432,-1045,1022,-152,-2992
-188,190,8852,-1154,983,-148,-2992
-144,-476,8756,-1191,1009,-62,-2976
-1898,-3996,9890,-596,696,-117,-2976
-2616,-5030,8904,134,10,-146,-2960
-2778,-2862,8318,766,-670,-201,-2960
-6,788,7776,402,-594,-246,-3008
1194,304,7802,193,-370,-183,-2976
1482,332,6982,127,-95,-192,-2960
606,1004,6972,108,68,-152,-2960
-266,1082,7202,51,-37,-187,-3008
308,780,6976,-200,-103,-138,-3008
942,74,7666,-256,-26,-110,-3008
1572,-204,7532,-315,334,-98,-2976
1008,-352,6680,-313,574,-106,-2992
-76,-410,8102,-262,565,-218,-2992
-602,-94,8000,-157,369,-363,-2976
-1340,256,8462,-112,63,-109,-2976
-674,-1152,9234,-11,-51,-171,-2992
-618,-1972,8778,220,-140,-104,-2992
-1540,-2806,9140,759,-525,-11,-2976
-1996,-280,8964,964,-1033,151,-2976
-786,370,8508,819,-1195,-279,-3008
1826,336,7064,512,-871,-390,-2992
3738,1756,6902,211,-136,-242,-2960
3160,2624,6154,-300,462,-159,-2976
2724,1590,7152,-500,974,-30,-3008
726,2226,7868,-912,1050,-153,-2960
194,1308,8140,-1110,1003,-88,-2992
184,324,8310,-1273,1033,-86,-2976
-226,-1706,7756,-1315,1124,-153,-2976
-2808,-4312,8186,-322,358,-108,-2992
-2948,-4054,7246,488,-352,-167,-2992
-916,542,6542,555,-716,-149,-2992
972,804,7174,210,-483,-258,-2976
1096,-30,8576,225,-269,-103,-2976
714,224,7492,292,-46,-180,-3024
-20,832,7246,114,-4,-149,-2992
-236,1000,8010,-23,-114,-197,-3040
648,360,8516,-129,-124,-162,-3008
1422,-442,8122,-238,69,-153,-2992
1414,-302,7018,-342,461,-81,-2992
512,-178,7526,-337,690,-133,-2976
-356,-462,7738,-229,502,-265,-3008
-746,-106,7426,-163,243,-288,-2992
-884,418,7256,-257,50,-67,-2992
28,-1194,7120,-83,-8,-197,-2992
-1122,-2780,8284,486,-320,33,-2976
-1964,-1920,8832,937,-826,226,-3008
-1376,294,8220,894,-1156,-190,-3024
882,936,7338,599,-1085,-348,-2960
3384,1108,6712,383,-362,-191,-2992
3160,2610,5978,-269,383,-281,-2992
2792,1884,6482,-501,886,33,-2976
778,2518,7708,-845,1054,-125,-3008
356,1178,8142,-1110,1058,-107,-2992
-212,-174,8908,-1174,999,-111,-2992
-16,-678,8210,-1231,1054,-111,-2944
-2640,-4034,8212,-370,477,-84,-3008
-2952,-5346,9552,480,-178,-91,-2992
-2520,-2128,9062,907,-870,-116,-2992
-144,-14,8864,466,-724,-347,-3008
1074,-74,8722,368,-386,-172,-2976
1404,-234,8998,350,-77,-78,-3008
-202,596,8372,278,-74,-75,-2960
-466,998,8056,44,-121,-203,-3024
440,1002,7410,-199,-137,-195,-2976
1488,58,8100,-280,83,-143,-3008
1536,-606,7516,-292,466,-86,-2992
1014,-638,6980,-323,670,-113,-2960
-614,-106,7728,-320,570,-293,-3008
-914,-238,8160,-253,379,-227,-3008
-1580,32,8334,-226,25,-19,-2992
-326,-1232,8044,-45,-22,-115,-2960
-946,-2910,8198,428,-264,-169,-2976
-1874,-2822,9392,1011,-744,141,-2992
-1870,-164,9224,976,-1198,52,-2992
194,674,7786,701,-1204,-367,-2992
2732,994,7814,525,-699,-259,-3008
3570,2330,5902,-175,326,-233,-2976
2990,2156,6328,-473,818,-26,-2992
1288,1952,7192,-735,1119,-125,-2960
30,1754,8542,-1134,1114,-89,-2976
-6,300,8122,-1273,1019,-69,-2976
272,-712,8432,-1313,1149,-114,-2960
-2702,-4584,9334,-369,473,-9,-2992
-3156,-4234,8024,355,-153,-300,-3008
-2658,-2044,8772,779,-783,-176,-2976
396,238,8218,358,-630,-247,-3008
1354,-306,8536,325,-376,-107,-2976
1214,112,7922,314,-97,-151,-2960
-4,1050,7554,139,-36,-165,-2960
-72,1040,7668,2,-11,-173,-3008
646,630,8282,-213,-114,-182,-2976
1186,414,7648,-289,47,-115,-2992
1802,-376,6690,-427,464,-87,-3024
726,-356,7216,-354,677,-77,-2992
-530,-478,8406,-219,565,-238,-2976
-952,-220,8374,-182,311,-241,-3008
-1158,330,7508,-217,36,-145,-2992
-622,-1780,9226,-2,-96,-236,-2992
-902,-3036,9244,497,-278,-50,-3008
-2016,-2014,8926,1024,-751,223,-3008
-2060,-260,8804,944,-1126,41,-3024
-194,676,8276,678,-1180,-387,-2992
2576,362,7862,546,-706,-218,-2976
3794,1978,6358,10,125,-279,-2976
2688,2216,6614,-493,731,-34,-2992
1622,1756,7448,-716,1104,-74,-3024
344,1500,8118,-1100,1073,-101,-2976
-300,40,9114,-1170,1018,-53,-2976
-42,-310,8212,-1224,1041,-221,-2960
-2040,-4230,9824,-483,638,-110,-2992
-2852,-4908,8652,298,-83,-88,-2976
-2922,-2820,8616,823,-737,-222,-2992
30,342,7972,417,-687,-294,-2960
1296,-42,8372,258,-401,-110,-2992
1282,-74,8788,258,-72,-135,-2976
262,924,7344,179,-5,-110,-2976
-412,908,7780,47,-77,-151,-2976
342,730,8226,-231,-114,-168,-2992
1032,116,8138,-231,73,-115,-2960
1556,-822,7470,-250,326,-46,-2976
684,-730,7590,-281,655,10,-2976
-82,-342,7366,-206,537,-415,-2992
-784,-92,8314,-149,326,-323,-2992
-1530,30,8464,-136,9,-23,-2992
-284,-1322,8090,37,-118,-193,-2960
-628,-2350,8834,348,-238,-104,-3008
-1724,-2502,9004,934,-645,72,-2976
-1736,-26,8900,973,-1075,144,-2992
-650,734,8184,709,-1224,-379,-3024
2120,526,7514,493,-724,-282,-3008
3752,2008,6634,68,62,-248,-2976
3060,2580,6234,-426,597,-55,-2992
1284,2314,6914,-698,1076,-10,-2992
598,2290,7732,-1103,1116,-233,-3008
-78,762,8296,-1207,1023,-164,-3008
206,-312,8040,-1285,1107,-89,-3024
-1490,-3522,9716,-600,701,-111,-2960
-2852,-4574,8922,162,-6,-147,-2976
-2540,-2042,8404,743,-713,-206,-2976
-138,620,7686,360,-578,-200,-2992
1292,348,7860,232,-369,-158,-2992
1040,202,7926,225,-99,-81,-2976
20,870,7598,95,26,-143,-2976
-10,966,7612,-35,46,-161,-3008
410,582,7922,-215,-131,-145,-3008
952,134,7886,-258,44,-77,-3008
1598,-692,7196,-268,343,-152,-3024
578,-438,7370,-299,615,-100,-2992
-416,-200,8224,-197,510,-237,-2976
-766,-204,7714,-104,262,-354,-2976
-1072,416,7722,-124,19,-135,-2992
-234,-1544,9014,7,-104,-196,-2992
-588,-2460,9084,339,-239,-83,-3008
-1856,-2298,9268,884,-624,98,-2944
-2162,-270,8900,915,-1043,168,-2992
-578,460,8002,683,-1157,-316,-2992
2178,346,7578,516,-729,-219,-3008
3728,1822,6518,177,-48,-153,-2976
2824,2738,6310,-410,514,-222,-3024
2420,1566,7014,-553,979,-92,-2992
622,2172,8514,-975,1047,-165,-2960
118,200,8226,-1142,1004,-155,-3008
68,-460,8114,-1167,1000,-75,-2992
-646,-2240,8828,-926,950,-83,-2992
-2628,-4714,9176,50,93,-108,-2960
-2800,-2958,9484,693,-518,-212,-3008
-576,882,6572,445,-677,-189,-3008
1154,852,7168,110,-408,-213,-3024
1674,178,7384,150,-100,-129,-2960
76,692,7590,178,19,-157,-2976
-198,962,6726,41,-25,-148,-2992
-50,1028,7432,-172,-137,-142,-2992
1076,110,8002,-204,-22,-157,-2992
1524,-506,7328,-269,286,-75,-2976
1220,-684,6880,-311,596,-118,-2976
-304,-182,7940,-287,558,-232,-3008
-526,-408,8010,-160,426,-215,-3008
-1254,-416,8454,-59,47,-85,-2960
-498,-1064,8784,-29,-76,-127,-2960
-772,-2420,9030,202,-183,-133,-2976
-1240,-2958,8668,811,-540,17,-2992
-2030,-796,8768,1043,-1056,116,-3024
-694,652,8530,839,-1206,-224,-2992
1966,390,7802,472,-817,-359,-3008
3568,1574,6346,170,-81,-198,-2976
3086,2286,6484,-303,498,-146,-2992
2146,1834,7754,-499,951,-41,-2992
792,2492,7862,-899,1055,-118,-2976
-96,1134,9006,-1131,1025,-93,-3008
322,-194,8384,-1285,1090,-103,-3024
-302,-1556,8328,-1108,1006,-120,-2960
-2598,-4140,8460,-170,276,-63,-2992
-3084,-3482,8128,544,-362,-190,-3008
-1582,-694,7304,644,-712,-144,-2960
252,676,8162,273,-561,-178,-2992
1258,16,7860,283,-296,-125,-3024
716,620,7024,267,-47,-166,-2976
-256,1098,7968,93,-65,-191,-2976
450,510,8038,-176,-157,-207,-2992
1110,292,7230,-286,27,-116,-2992
1970,-306,6936,-343,452,-67,-2976
808,-482,7244,-350,673,-95,-2976
-540,-274,7898,-278,557,-291,-2960
-692,226,7652,-232,356,-327,-2992
-1200,588,7520,-310,102,-11,-2976
-216,-1304,7456,-64,-38,-186,-2976
-862,-2894,9086,407,-264,19,-2992
-2054,-2298,9270,928,-739,200,-2960
-1478,40,8290,924,-1140,34,-2976
534,972,7664,711,-1194,-354,-3008
2288,298,8152,558,-698,-195,-2960
3766,1964,6470,28,106,-236,-2960
2806,2192,6412,-431,699,-71,-2992
1920,1548,7616,-610,1058,-105,-2976
226,1998,8554,-1050,1045,-118,-3008
-218,238,8816,-1153,949,-90,-2992
164,-300,8186,-1271,1069,-67,-3008
-2724,-4468,8684,-473,637,-76,-3008
-3010,-5016,9274,330,-113,-101,-2992
-2546,-2050,8838,840,-773,-250,-2992
154,236,8374,426,-708,-276,-2976
1516,-48,8170,330,-418,-107,-2976
1350,-38,8706,341,-100,-65,-2976
-206,658,7842,209,-46,-168,-2992
-280,1134,7024,25,-102,-212,-2992
438,1164,7922,-246,-103,-196,-2976
1294,268,7912,-231,8,-123,-2976
1582,-480,8052,-293,402,-46,-2960
1090,-768,6992,-328,679,-103,-2992
-624,-50,8374,-293,604,-191,-2976
-850,-78,8642,-193,392,-275,-2992
-1736,-386,8730,-98,34,-42,-2992
-688,-1548,9188,20,-86,-270,-3024
-1010,-3308,9414,371,-259,-72,-2976
-1782,-2696,9300,973,-704,84,-3008
-1512,306,8698,872,-1247,-112,-2992
1118,934,7234,490,-934,-319,-3008
3766,1530,6270,266,-222,-252,-2976
3372,2486,5754,-320,499,-192,-2976
2396,1750,7318,-553,970,32,-2976
818,2442,7436,-947,1119,-152,-2976
134,1034,9138,-1157,1026,-165,-2992
100,-148,8674,-1284,1048,-135,-2976
-1300,-3224,9352,-992,941,-182,-2976
-2642,-4166,8376,-119,214,-15,-2960
-3030,-3308,7994,630,-485,-242,-2992
-560,954,7732,506,-702,-185,-2992
1046,470,7404,275,-530,-242,-3008
1156,-114,8298,255,-218,-95,-3008
900,560,7178,190,-5,-140,-2992
44,1064,7640,129,12,-163,-2992
-376,944,8280,-47,-129,-201,-3008
726,188,8828,-174,-89,-192,-3008
1770,-524,7798,-299,192,-139,-2992
1428,-858,7608,-269,546,-128,-2992
178,-554,8526,-246,636,-229,-3008
-828,-60,8156,-220,409,-466,-3008
-1362,-260,8418,-116,168,-140,-2992
-632,-1122,8122,-145,-14,-142,-2992
-374,-1818,8664,135,-91,-107,-2992
-1372,-2976,8454,608,-429,-4,-2976
-2124,-124,8682,915,-958,160,-2960
-906,762,8038,733,-1218,-256,-2992
1740,794,6704,472,-882,-301,-2976
3994,1820,6026,240,-130,-272,-3008
3354,2624,5990,-368,496,-194,-2960
2862,1564,7218,-536,984,-57,-2992
714,2466,7764,-933,1077,-171,-2992
-34,534,9098,-1094,1038,-114,-3008
-28,-40,8286,-1225,1005,-11,-2976
-122,-1700,8114,-1281,1120,-166,-2992
-2752,-4350,8618,-224,272,-123,-2992
-984,362,6608,640,-778,-210,-2960
1052,710,7158,195,-522,-284,-3008
1580,284,7408,162,-134,-127,-2992
178,700,7288,199,-18,-104,-3024
-204,924,7588,40,1,-160,-2992
92,984,8460,-175,-98,-225,-2992
770,48,8702,-205,-16,-172,-2960
1558,-710,7676,-244,279,-34,-2976
824,-522,7348,-304,612,-8,-3008
-88,-302,7848,-258,584,-293,-2960
-722,-276,8168,-146,300,-328,-3024
-1552,-206,9126,-35,24,-115,-2976
-548,-1156,8450,29,-106,-182,-2960
-506,-2138,8642,241,-173,-123,-2960
-1668,-2870,9458,851,-560,18,-2992
-2086,-166,9138,1005,-1025,136,-2976
-900,710,8084,759,-1215,-344,-2976
1784,630,7186,473,-846,-300,-2992
4060,1766,6442,170,-107,-240,-3024
3226,2656,5968,-344,527,-250,-2992
2762,1688,6768,-527,965,-3,-2976
620,2610,7990,-963,1085,-61,-2976
130,1522,8906,-1162,1013,-172,-2992
356,68,7890,-1281,1061,-98,-2992
-472,-1640,8194,-1220,1046,-110,-2976
-2460,-3746,7808,-211,226,-131,-2960
-2608,-2732,8100,528,-407,-206,-2992
-1004,134,7106,482,-608,-178,-2992
482,808,7666,220,-498,-230,-3008
1316,328,7012,210,-207,-130,-2976
976,32,8170,171,45,-132,-2992
-300,774,8416,134,11,-141,-2992
-394,964,7722,-62,-150,-107,-3008
504,52,8776,-143,-118,-224,-2992
1730,-438,6976,-309,318,-101,-2976
1196,-754,7788,-294,564,-61,-2960
-160,-308,8286,-239,575,-234,-2960
-832,114,7894,-109,203,-289,-3024
-1010,-206,7982,-169,14,-82,-2976
-154,-1182,7710,31,-78,-168,-3008
-1048,-2854,8384,500,-322,9,-2976
-2216,-826,8760,933,-808,203,-2976
-1310,164,8354,845,-1150,-79,-2976
860,858,7126,581,-1059,-308,-2992
2958,1268,6716,429,-441,-96,-2960
3536,2236,6138,-147,264,-325,-2976
2914,1992,6302,-478,779,14,-2976
1082,2518,7012,-747,1063,-128,-2992
462,1680,8396,-1077,1065,-111,-3024
-88,544,8474,-1174,962,-125,-3008
300,-404,7616,-1342,1124,-120,-2976
-1904,-3974,10068,-482,587,-79,-2992
-2798,-4838,9396,313,-125,-111,-2992
-2364,-2068,8538,863,-745,-194,-2960
316,350,8164,333,-592,-274,-2976
1362,198,8476,292,-341,-139,-3008
1270,-56,8626,289,-72,-19,-2992
-46,622,7754,171,-10,-76,-2960
-192,1064,7344,32,-60,-263,-2976
256,1008,8076,-181,-148,-182,-2944
1352,288,7652,-183,-5,-85,-2992
1484,-336,7722,-349,367,-95,-2992
818,-142,7032,-355,628,-136,-2976
-332,-154,7492,-246,590,-215,-2976
-842,-380,8916,-150,310,-337,-2992
-1460,-230,9022,-88,-14,-173,-2992
-526,-1282,8948,-36,-76,-166,-2976
-888,-2778,9016,348,-248,-126,-3008
-1846,-3056,9736,928,-652,55,-3008
-2068,-424,9054,998,-1083,168,-2992
-70,612,8232,738,-1215,-293,-2960
1718,622,7228,504,-771,-307,-2976
3942,1840,6422,125,-19,-261,-2944
2958,2306,6056,-393,541,-122,-2960
2694,1922,6864,-610,1079,-74,-2960
278,1568,8518,-1063,1042,-82,-2992
68,34,8038,-1237,1068,-91,-2992
-308,-1590,7868,-1095,1024,-152,-3024
-2656,-4218,8090,-132,199,-134,-2960
-3044,-2898,8930,602,-487,-228,-2960
-876,918,6224,440,-666,-277,-3008
706,1064,7056,174,-498,-242,-2976
1724,412,6402,161,-200,-131,-2992
1016,142,7702,226,55,-142,-3024
-128,772,7478,144,-74,-174,-3008
-396,1322,7502,-79,-169,-196,-3008
682,542,8504,-231,-101,-189,-2992
1754,-296,8162,-296,235,-129,-2992
1362,-264,7188,-369,611,-91,-2992
-38,-156,7254,-346,717,-198,-3008
-674,-34,8402,-268,499,-315,-2976
-1470,-280,8894,-117,187,-182,-2992
-528,-1522,8878,-149,-35,-156,-2992
-452,-1478,7938,119,-134,-243,-2976
-1312,-2936,8360,671,-487,3,-3008
-2094,-482,8390,965,-950,141,-3024
-964,350,8102,840,-1230,-198,-2960
1290,1038,6986,518,-962,-336,-2976
3826,1856,6066,135,-54,-246,-3040
3262,2574,5624,-412,505,-179,-2992
2136,1686,7578,-507,995,-39,-2992
722,2614,7752,-928,1109,-151,-3008
-88,942,9224,-1085,1026,-157,-2976
230,-310,8600,-1287,1065,-153,-2992
-106,-1614,7986,-1079,1046,-144,-2992
-2726,-4276,8316,-172,257,-162,-2976
-3350,-3284,8356,604,-465,-136,-2976
-1398,40,6678,520,-732,-200,-2992
856,530,7410,233,-513,-272,-2992
1540,38,7504,267,-237,-127,-3008
434,806,7210,300,-47,-56,-2976
-88,766,7588,123,-45,-182,-2992
150,1368,7794,-214,-104,-215,-2976
1154,514,7700,-306,69,-104,-3024
1178,-494,7516,-341,536,-108,-2976
134,-724,8018,-267,681,-162,-2992
-860,-332,8662,-224,480,-294,-3008
-1348,-84,8470,-68,195,-269,-3008
-700,-982,8076,-175,-34,-126,-2992
-292,-2016,8814,63,-98,-97,-2992
-978,-2740,8226,644,-417,14,-3008
-2062,-510,8168,967,-927,172,-3008
-886,680,7920,805,-1203,-150,-2992
768,834,7512,473,-980,-344,-2960
3338,1058,6858,367,-359,-199,-3008
3264,2706,6180,-365,486,-185,-2976
2790,1852,6772,-573,995,-43,-2992
764,2470,7470,-981,1090,-143,-2992
148,1222,8546,-1151,1073,-153,-3008
-60,38,8558,-1219,1009,-184,-3008
-416,-2034,7970,-1235,1076,-110,-2992
-2658,-4042,8282,-299,318,-62,-2992
-2908,-3628,7764,502,-333,-180,-2976
-918,752,6808,583,-727,-200,-2976
-30,298,8850,282,-615,-219,-2992
1284,-194,8280,251,-285,-149,-2992
1046,504,7772,263,41,-131,-2992
-156,972,7488,181,-19,-126,-3008
-562,1176,8166,-71,-97,-164,-3008
656,488,8348,-236,-93,-199,-2992
1586,-412,7980,-263,166,-87,-3024
1496,-696,7446,-301,483,-103,-2976
374,-612,7596,-278,658,-268,-2976
-780,4,7976,-217,470,-376,-2992
-1386,-48,8558,-116,157,-117,-3040
-484,-1718,9120,-56,-76,-164,-3008
-288,-1256,7650,163,-161,-155,-2992
-1118,-2708,8300,710,-463,36,-3024
-2152,-252,8468,939,-940,186,-3008
-98,942,8238,610,-1130,-393,-2944
2628,616,7352,440,-487,-202,-2960
3422,2322,6650,-169,308,-203,-2992
2896,1434,6970,-474,892,-26,-2960
742,2284,7818,-846,1071,-153,-2992
8,840,9198,-1094,1042,-171,-2976
-66,160,8612,-1227,980,-62,-2976
-88,-1480,8286,-1315,1141,-126,-2992
-2844,-4264,8742,-229,299,-84,-3024
-2972,-4222,8076,413,-248,-168,-3008
-1302,-440,6964,641,-773,-143,-2976
734,594,8060,268,-536,-280,-2992
1278,24,8822,268,-310,-113,-2992
872,150,7990,264,5,-117,-2976
-142,832,7572,81,33,-148,-3008
36,1026,7540,-38,-10,-196,-2992
482,638,8026,-221,-79,-161,-2992
1302,-158,7426,-278,95,-172,-2992
1168,-648,7184,-339,457,-91,-3008
786,-408,6852,-325,625,-81,-3008
-606,-272,7552,-195,479,-254,-2992
-1074,-258,7962,-115,193,-348,-2992
-1146,106,7422,-203,-33,-31,-2976
-66,-1010,7942,-19,-72,-235,-3008
-884,-2572,8188,471,-285,-32,-2960
-1798,-2480,9366,962,-729,178,-2992
-1754,144,8726,936,-1114,80,-2976
236,834,7566,616,-1145,-363,-2976
2202,190,7656,518,-623,-232,-2960
3812,1848,6650,24,176,-178,-2992
2718,1968,6466,-432,618,-218,-2976
884,1910,7478,-615,999,-102,-2976
748,1912,7844,-1048,1046,-104,-2976
-90,548,8998,-1158,1019,-118,-2992
-238,-590,8252,-1164,1011,-139,-2960
-676,-2592,8534,-779,838,-101,-3008
-2632,-4792,9540,159,20,-83,-2976
-2848,-2896,9606,750,-608,-198,-3024
52,584,7928,314,-623,-242,-2976
1630,272,7622,183,-77,-168,-2992
-262,784,8306,231,-9,-165,-2976
-516,996,8272,36,-107,-290,-2992
362,712,8184,-215,-84,-134,-2944
1346,-32,8146,-217,53,-96,-3008
1384,-534,7750,-287,438,-87,-2992
670,-538,7274,-276,614,-177,-2992
-532,-4,8096,-214,491,-305,-2976
-700,-134,8568,-166,315,-257,-2992
-1354,-330,8554,-96,-5,-74,-2992
-372,-1072,8354,5,-61,-159,-2992
-898,-2808,8438,395,-298,-105,-3008
-1922,-2640,9518,980,-713,104,-2976
-1690,-340,8958,982,-1150,73,-2976
222,1030,7822,674,-1171,-338,-2992
1998,676,7774,457,-634,-314,-2992
3864,1842,6248,2,137,-197,-2976
2842,2154,6508,-413,680,-29,-2976
2148,1676,7716,-616,1028,-94,-2960
560,2270,8128,-1066,1083,-122,-2960
128,770,7958,-1216,1025,-88,-3008
362,-218,8168,-1329,1110,-105,-2992
-1534,-3220,9584,-742,783,-96,-2992
-2688,-4648,8588,88,63,-111,-2992
-2562,-2542,8822,749,-599,-178,-2976
-288,880,7310,403,-649,-169,-3008
1110,558,7696,214,-443,-133,-3024
1432,102,7304,191,-156,-106,-2992
514,854,7070,114,6,-198,-2992
130,1078,6944,53,-30,-129,-2976
-24,1244,7504,-135,-113,-200,-3008
634,204,8698,-171,-84,-126,-2992
1876,-114,6596,-446,439,-118,-2976
1122,-186,7238,-427,696,-101,-3024
-62,-244,7102,-308,610,-244,-2992
-1580,12,9172,-66,114,-186,-2960
-450,-1648,8952,-90,-15,-193,-2976
-858,-2676,9370,306,-184,-77,-2992
-1602,-2888,9108,869,-565,45,-3024
-2276,-322,8910,958,-1075,6,-2992
-234,430,7944,749,-1217,-311,-2992
2228,516,7766,518,-826,-264,-2976
3716,1670,6774,171,-23,-226,-3008
2892,2414,6428,-349,518,-173,-2992
1968,1448,7882,-534,1016,1,-2992
958,2352,7566,-950,1058,-121,-3008
194,676,9012,-1090,1015,-136,-2976
-36,-346,8998,-1206,991,-48,-2992
104,-994,7754,-1153,1043,-129,-2992
-2684,-4264,7874,-179,258,-80,-2944
-3374,-3094,8698,624,-429,-135,-3008
-1576,82,7162,518,-722,-185,-2992
560,816,7182,185,-546,-296,-2960
1744,58,7162,224,-208,-153,-2992
436,754,7344,276,-22,-69,-3008
-272,856,7736,167,-90,-148,-3008
-306,1194,7410,-107,-139,-229,-2992
994,282,8434,-176,-89,-157,-2960
1610,-116,8106,-258,215,-65,-3008
1506,-488,6838,-374,602,-94,-3008
70,-262,7756,-348,733,-174,-2960
-444,44,7676,-296,513,-278,-2992
-1270,-310,8318,-135,243,-123,-2976
-772,-1204,8394,-163,17,-37,-2976
-470,-1040,7490,36,-107,-189,-2992
-1036,-2892,7720,616,-415,-68,-2960
-2076,-800,8086,985,-959,142,-2960
-748,752,8210,844,-1236,-135,-2976
942,1252,7198,499,-986,-348,-2976
3688,1370,6128,308,-311,-210,-3024
3488,2606,5792,-308,418,-202,-2992
2872,1850,6672,-516,948,-17,-2976
962,2496,7040,-877,1127,-154,-2976
-48,868,8936,-1194,1028,-140,-2976
214,-466,8154,-1324,1110,-72,-2992
-2682,-4204,8400,-227,310,-113,-2960
-3180,-3094,8128,487,-380,-116,-2992
-1758,-704,8002,615,-745,-184,-2992
538,84,8014,331,-589,-257,-3008
1218,-134,8590,370,-306,-134,-3008
930,160,8370,302,-94,-93,-2960
-122,670,8324,171,-20,-147,-2992
-492,1020,8584,28,-116,-218,-2960
660,222,8762,-155,-129,-163,-2976
1174,-24,8002,-249,122,-107,-3008
1436,-866,7794,-287,542,-101,-2992
290,-656,8548,-265,659,-133,-2992
-640,-140,8034,-215,505,-401,-3008
-1204,-166,8494,-143,250,-421,-2976
-744,-530,7892,-314,37,10,-2960
-292,-1508,8196,-9,-49,-178,-3024
-934,-2738,7948,515,-305,-11,-2976
-2054,-684,8220,931,-810,171,-2944
-1800,104,8910,862,-1165,-8,-2992
528,698,7614,580,-1128,-414,-2992
2874,964,7298,527,-543,-218,-3008
3446,2472,5744,-143,299,-196,-2976
2798,2126,6238,-505,769,4,-2992
1056,2142,7250,-768,1079,-128,-2960
176,1442,8424,-1112,1084,-78,-2992
-208,418,8858,-1173,1024,-194,-2976
-40,-408,7954,-1313,1084,-69,-2992
-2688,-4294,8992,-373,445,-165,-2992
-2898,-4050,7610,406,-206,-147,-3008
-1290,30,6826,757,-806,-184,-3008
68,242,8190,287,-631,-227,-2976
1614,-264,8396,300,-268,-157,-2992
1010,138,8336,303,-6,-81,-2992
-6,1062,7684,112,1,-111,-2992
-316,1300,7638,-73,-61,-230,-3008
1146,128,8172,-219,25,-105,-2992
1632,-592,6798,-339,463,-136,-2992
466,-366,7254,-326,668,-67,-2992
-630,-98,7868,-264,529,-251,-2960
-884,-172,8116,-173,284,-255,-3024
-1054,-14,7578,-156,-7,-110,-2976
-596,-1530,9176,27,-86,-183,-2992
-788,-2904,9162,473,-345,-75,-2992
-1936,-1844,8992,1005,-757,103,-2992
-1372,482,8520,992,-1142,94,-2944
-418,792,8558,650,-1153,-343,-2976
2356,236,7878,515,-640,-288,-2992
3674,1902,6854,13,149,-254,-2960
2994,2300,6308,-419,651,-87,-2976
1688,1806,7202,-633,1046,-224,-3008
336,1912,8202,-1082,1098,-45,-3024
112,878,8852,-1194,1025,-139,-3024
134,-476,8264,-1249,1114,-87,-3024
-2174,-4340,9746,-627,653,-96,-2976
-2604,-4084,8236,89,49,-72,-3024
-2740,-2670,8602,710,-627,-231,-3024
222,458,7652,411,-599,-199,-2960
1130,446,8652,204,-429,-169,-2976
1184,418,7698,192,-82,-125,-2976
582,646,6988,140,80,-100,-2960
-102,978,7528,4,16,-132,-2960
-416,1196,7916,-172,-113,-207,-2976
912,-10,7590,-191,-71,-300,-2976
1818,-676,7324,-341,308,-91,-3008
1088,-584,7484,-317,576,-63,-2992
-22,-268,7756,-238,595,-206,-2960
-684,110,7606,-196,336,-418,-3008
-1226,-134,8690,-102,113,-145,-2992
-448,-1278,8624,-76,-83,-158,-2992
-348,-1838,8480,185,-171,-96,-2992
-1576,-2690,8834,691,-445,51,-3008
-2194,-540,8412,910,-956,187,-2976
-622,392,7872,779,-1170,-191,-2960
2398,390,7572,509,-583,-153,-2976
3082,2542,5896,-293,388,-282,-2992
2706,1600,7066,-501,918,37,-2992
992,2338,7298,-848,1066,-124,-2992
196,1218,8538,-1088,1016,-135,-2944
98,-166,8434,-1181,967,-115,-2976
310,-302,7494,-1337,1131,-103,-2960
-2782,-4178,8320,-370,380,-82,-2992
-2764,-3728,7076,397,-236,-170,-2960
-998,326,6626,692,-719,-165,-2976
218,332,7738,269,-573,-294,-2976
1184,136,8518,245,-268,-110,-2992
652,236,7898,303,-10,-18,-2992
-254,668,7982,185,-11,-166,-3008
-196,804,7334,-35,-100,-286,-2976
566,506,8802,-191,-89,-164,-2992
1180,350,8244,-206,84,-74,-2992
1538,-414,6750,-353,427,-128,-2944
594,-334,7026,-364,671,-141,-3008
-256,-142,7510,-298,567,-217,-2992
-720,-94,7754,-177,289,-254,-2992
-964,78,7406,-165,26,-109,-2992
-304,-868,7460,-74,-50,-209,-2976
-736,-2826,8780,410,-280,-67,-3040
-1808,-2220,8958,954,-759,105,-2960
-1472,228,8380,954,-1176,59,-2992
8,712,7980,665,-1113,-397,-3040
2298,516,7590,471,-631,-285,-3008
3530,2218,6256,-6,172,-231,-2992
2928,2338,6456,-431,691,-51,-2992
1764,1602,6986,-612,1043,-131,-2976
152,1872,8652,-1060,1041,-113,-2976
178,850,9104,-1161,1016,-136,-3024
-10,-616,8560,-1205,1029,-96,-2992
-1892,-4246,10156,-657,714,-117,-2960
-2914,-5078,9066,150,28,-153,-2944
-2978,-3100,8874,834,-649,-209,-3008
674,890,7122,248,-557,-367,-2976
1054,16,8320,224,-281,-237,-2992
1070,234,7780,197,-5,-119,-3008
-72,826,7450,135,-49,-138,-2976
-392,1108,7310,-50,-128,-179,-2992
640,554,8396,-200,-109,-187,-2992
1682,-200,7994,-301,169,-126,-2976
1424,-208,7096,-368,573,-68,-2944
572,-400,7836,-334,708,-186,-3024
-632,-158,7886,-258,456,-343,-2992
-1346,-64,8862,-115,201,-243,-2992
-540,-1468,8342,-172,20,-117,-2976
-394,-1562,7698,100,-106,-215,-2976
-1266,-2560,8264,585,-420,94,-2992
-2004,-456,7898,961,-920,132,-2992
-1118,140,8134,858,-1223,-163,-3008
1202,924,7126,533,-980,-355,-2976
3658,1598,6294,343,-333,-191,-2992
3454,2510,6538,-258,404,-247,-2960
2806,1690,6788,-514,879,-16,-2976
1010,2396,7216,-866,1125,-143,-3008
152,1730,8010,-1143,1058,-142,-2960
-254,412,8306,-1251,996,-128,-2960
204,-1170,7862,-1341,1154,-171,-3024
-2764,-4182,8126,-323,433,-117,-2944
-3026,-4666,7966,423,-238,-253,-2944
-1850,-358,7324,736,-821,-96,-2992
786,288,7500,307,-625,-306,-2992
1398,-230,8400,313,-329,-150,-3008
914,36,8400,371,-67,-94,-2976
-328,760,7818,199,-62,-119,-2960
-94,1034,7266,19,-92,-234,-2960
478,630,8398,-176,-121,-189,-2976
1482,-134,7960,-288,83,-75,-3008
1854,-62,6762,-390,525,-143,-2992
764,-250,6448,-411,713,-154,-2992
-414,-216,7506,-294,579,-282,-2992
-1110,-306,8142,-207,320,-356,-3008
-660,-1618,9230,-31,-95,-244,-2992
-738,-2930,9426,380,-233,-145,-2976
-1850,-2480,9234,1000,-799,136,-2992
-1710,390,8580,898,-1188,-35,-2976
592,978,7426,586,-1084,-391,-2992
3248,1084,6766,441,-518,-177,-2992
3800,1942,6506,-100,283,-258,-2976
2742,2224,6746,-491,777,-28,-2976
908,2182,7292,-671,1071,-111,-3024
90,1836,8332,-1109,1051,-53,-2992
-100,208,8740,-1189,1036,-86,-2976
-226,-836,8598,-1227,1048,2,-2976
-2016,-4290,9994,-390,518,-233,-2960
-2898,-5106,9254,369,-124,-153,-2960
-2378,-1886,9062,865,-758,-171,-3008
88,102,8510,388,-653,-296,-2944
1140,-146,8894,374,-376,-101,-2960
1332,344,8290,251,-42,-75,-2992
82,700,7836,161,-8,-146,-3008
-498,1148,8466,49,-59,-167,-3008
-14,1124,8014,-237,-112,-202,-2992
1154,458,7726,-352,134,-138,-2992
1632,-600,7024,-324,458,-100,-2976
652,-426,7508,-350,669,-92,-2976
-634,-2,8042,-255,525,-444,-2976
-910,-152,7884,-168,294,-342,-2976
-1080,-110,7998,-225,-14,-33,-2992
-590,-1782,9348,78,-123,-175,-2960
-908,-2892,8812,489,-358,-116,-3008
-2124,-1212,8870,1019,-797,148,-3008
-1914,-324,9550,973,-1168,86,-2992
-148,536,8522,684,-1191,-399,-2992
2372,712,7970,510,-567,-221,-2992
3448,2124,6426,-82,212,-232,-3024
2854,2096,6206,-446,731,-70,-2992
1344,1818,7544,-655,1037,-147,-3008
304,1370,8346,-1098,1119,-76,-3008
220,28,8516,-1300,1071,-183,-2960
-1200,-3076,9258,-690,794,-101,-2960
-2718,-4388,8794,158,5,-121,-3024
-2782,-2410,8602,735,-659,-259,-2992
384,438,8228,359,-604,-210,-2960
1218,678,7834,170,-305,-133,-3008
1484,252,7446,199,-46,-109,-3008
0,946,7370,116,31,-89,-3024
-214,1134,7550,-28,4,-175,-2992
-90,1026,7928,-189,-76,-184,-3008
1084,208,7710,-199,13,-56,-2976
1398,-772,8138,-256,293,-163,-2992
712,-466,7786,-307,551,-191,-2960
-188,-610,7960,-207,548,-180,-2960
-970,-52,8318,-117,285,-305,-3008
-1498,-198,9218,-28,14,-147,-2976
-496,-1522,9048,11,-108,-175,-2992
-392,-2492,8910,250,-176,-91,-2992
-1170,-2638,8574,739,-499,42,-2944
-2080,-134,8380,921,-967,151,-2976
-554,886,8176,784,-1209,-230,-2992
1136,878,7688,472,-845,-278,-3024
3618,1322,6478,258,-133,-194,-2976
2880,2600,6306,-355,446,-114,-2976
2802,1940,7046,-526,974,-112,-3024
894,2334,7352,-964,1067,-156,-2992
410,1076,8528,-1119,1042,-132,-3024
-16,-360,8656,-1217,1035,-71,-2976
68,-720,7662,-1255,1042,-161,-2976
-2660,-3712,7850,-368,341,-105,-2960
-2860,-3256,7334,455,-294,-144,-2992
-1776,-908,7732,646,-722,-187,-2976
216,496,7648,271,-526,-252,-2944
1184,166,7672,230,-252,-135,-2960
1322,28,8492,259,39,-89,-2992
-60,590,8114,154,3,-109,-3008
-586,1250,8026,16,-107,-85,-3008
176,778,8644,-213,-127,-260,-2992
1456,-664,7672,-237,281,-74,-2976
770,-534,7464,-281,630,-138,-2960
-516,-160,7886,-256,476,-343,-3008
-830,-80,8104,-158,267,-252,-3008
-728,-288,7522,-197,5,-60,-2992
-360,-1026,8616,-21,-48,-201,-2960
-762,-2736,8236,421,-284,-82,-3008
-1966,-1252,8334,925,-765,100,-2976
-1808,-358,9304,906,-1130,-16,-2992
146,824,7732,651,-1102,-416,-2992
2538,776,7432,467,-576,-124,-2976
3388,2222,5826,-80,210,-213,-3008
3000,1806,6166,-406,681,-68,-3024
1140,2242,7464,-655,1038,-153,-2992
264,1454,8244,-1026,1046,-80,-2992
-116,710,8646,-1186,1009,-170,-2976
194,-468,8240,-1280,1101,-130,-2976
-2640,-4516,9846,-609,672,-72,-2992
-2612,-4592,8882,234,-22,-158,-2960
-2764,-2674,9004,806,-704,-217,-2976
212,308,8286,388,-597,-296,-2976
1282,754,6998,208,-355,-207,-2992
1366,344,7370,223,-114,-201,-2960
322,790,6750,119,15,-43,-2976
-54,970,7368,-15,17,-237,-2976
38,1248,7168,-168,-143,-198,-2992
1068,542,7414,-256,-13,-150,-2992
1870,-376,6300,-367,327,-105,-2976
1094,-546,7060,-362,614,-135,-2976
-176,58,7880,-296,642,-204,-2976
-494,-26,7338,-170,369,-321,-2960
-1424,-408,8932,-97,63,-182,-2960
-460,-1162,8808,-101,-50,-141,-3008
-702,-2582,8960,261,-169,-140,-3008
-1406,-2856,8760,809,-546,-29,-2960
-2156,-346,8606,946,-1027,48,-2992
-420,490,7840,788,-1206,-236,-2976
2708,522,7666,475,-470,-203,-2992
3340,2392,6196,-197,338,-215,-2976
2690,2014,7086,-513,851,-24,-2976
978,2206,7174,-836,1062,-168,-2976
252,1580,7968,-1153,1072,-97,-2944
-44,304,8166,-1235,1053,-68,-2976
62,-764,7552,-1301,1091,-139,-2992
-2478,-4430,9344,-409,478,-77,-2960
-2858,-4754,8312,413,-221,-182,-3008
-1844,-726,7200,817,-794,-206,-3008
-142,64,8588,403,-676,-332,-2960
1210,-74,8978,314,-416,-100,-2992
1288,-88,8468,354,-9,-111,-2976
-188,672,7916,234,-93,-155,-3008
-510,1112,8138,-31,-167,-192,-2960
666,1010,8026,-202,-110,-212,-2992
1694,-44,7782,-284,143,-129,-2976
1488,-424,7312,-368,511,-90,-2976
870,-200,7198,-376,753,-192,-2960
-458,26,7350,-341,582,-321,-2992
-872,-468,7908,-222,332,-255,-3008
-776,-646,8508,-231,16,-146,-2976
-566,-750,8104,-77,-38,-153,-2992
-882,-2934,7118,483,-328,20,-2960
-1994,-732,7936,935,-860,110,-2992
-1520,172,8666,914,-1188,-89,-2976
772,1278,6936,531,-1086,-356,-3008
3434,1476,6366,422,-456,-224,-2992
3572,2056,6842,-158,314,-252,-2992
2890,1584,6824,-418,811,4,-3008
898,2366,7588,-751,1105,-113,-3008
184,2036,8252,-1115,1100,-160,-3024
-302,542,8316,-1274,1036,-130,-2960
26,-1052,8204,-1331,1157,-135,-3008
-2790,-4388,8850,-296,435,-188,-2976
-3078,-4650,8732,391,-217,-224,-3008
-2046,-1138,7960,771,-793,-149,-2960
574,298,8338,355,-610,-268,-2992
1338,196,7326,256,-196,-149,-2976
274,996,6864,133,34,-165,-2992
64,1200,7486,11,28,-178,-2992
-22,1380,7330,-203,-117,-212,-2960
1070,216,7726,-194,-88,-196,-2992
1870,-444,6964,-321,292,-103,-2976
1228,-444,7428,-355,627,-129,-2944
-22,-350,7820,-278,717,-200,-2992
-748,-88,7958,-210,422,-413,-2992
-1542,-194,8604,-103,87,-81,-3008
-560,-1408,8846,-121,12,-164,-2976
-632,-2740,8836,280,-182,-110,-2976
-1190,-2618,8016,765,-545,52,-2992
-2084,-136,8088,945,-1007,201,-2992
-546,696,7736,713,-1223,-306,-2976
1308,848,7132,476,-875,-329,-2992
3812,1772,6052,229,-120,-197,-3024
3032,2700,5854,-380,499,-261,-2960
2444,1752,7380,-518,999,-22,-3008
790,2446,7932,-940,1097,-165,-2976
130,692,9366,-1097,1037,-174,-2992
-124,-546,8720,-1158,997,-163,-2992
192,-1190,7502,-1213,1062,-59,-2976
-2700,-3932,8230,-248,278,-150,-2976
-3026,-3238,7998,544,-389,-208,-2976
-1704,-444,7340,565,-712,-167,-2992
600,344,7362,229,-554,-212,-2992
1418,98,8010,263,-263,-196,-2976
1166,36,8436,312,-8,-117,-2992
-214,718,7892,109,-40,-145,-2992
-522,908,7948,-74,-104,-225,-2992
800,-98,8834,-236,-62,-203,-2976
1464,94,7782,-251,164,-142,-2976
1378,-668,7212,-301,467,-139,-3008
146,-740,7946,-283,646,-213,-2960
-502,146,7268,-249,489,-248,-2992
-1310,-254,8452,-136,233,-185,-2976
-582,-1430,7834,-203,-31,-83,-2976
-898,-2974,8972,392,-281,-85,-2960
-1810,-2262,9348,976,-800,140,-2960
-1476,224,8654,920,-1168,-2,-2976
588,1086,7296,559,-1095,-450,-3008
3086,1088,6716,414,-468,-239,-2992
3756,1940,6194,-163,287,-263,-3024
2834,1782,6662,-439,775,-34,-2976
936,2278,7414,-691,1046,-205,-3008
516,1960,8066,-1108,1095,1,-2960
88,538,8186,-1209,1001,-176,-2992
-226,-570,8378,-1304,1107,-127,-2976
-2664,-4424,8790,-405,520,-81,-2976
-2760,-4910,8654,291,-106,-126,-2992
-2242,-1772,8856,817,-723,-259,-2992
296,288,8292,370,-573,-279,-2976
1258,236,8002,264,-340,-145,-2976
1124,76,8206,242,-68,-121,-2976
76,658,7780,94,34,-186,-2992
174,948,7018,15,44,-202,-2992
-22,856,7796,-186,-132,-260,-2976
1074,6,7488,-263,-38,-188,-3008
1704,-494,6812,-319,361,-55,-2992
940,-560,7220,-283,599,-112,-2992
-368,-380,7728,-217,518,-281,-2976
-710,182,7956,-190,324,-339,-2992
-1152,104,7708,-134,53,-118,-2992
-396,-1240,8904,-40,-80,-225,-2992
-718,-2932,8832,309,-186,-65,-3008
-1332,-2766,8550,852,-592,98,-3008
-2022,-198,8456,904,-990,134,-2992
-414,514,8146,725,-1194,-333,-2992
1744,784,7168,492,-754,-281,-2992
3742,1590,6156,189,-62,-329,-2976
2826,2472,6390,-395,513,-190,-2976
2790,1868,7048,-523,985,-22,-2992
984,2194,7692,-944,1067,-147,-2960
100,732,8908,-1094,1004,-142,-2976
-52,-372,7842,-1264,1047,-165,-2960
-2612,-4210,8924,-444,534,-136,-2944
-2808,-4310,7762,362,-173,-152,-2976
-1366,-540,6672,807,-728,-180,-2976
-6,174,8208,377,-589,-279,-2944
1304,-18,8818,267,-306,-135,-2976
916,-154,8744,310,-60,-120,-2960
-22,684,7694,229,-46,-193,-2992
-366,1064,7802,-12,-60,-164,-2976
676,338,8274,-204,-72,-140,-2976
1280,300,7322,-257,61,-109,-2992
1634,-14,6662,-376,441,-95,-2960
846,-138,6322,-409,678,-97,-3008
-294,-72,7542,-337,572,-223,-2976
-606,152,7618,-229,356,-245,-2992
-1080,88,7588,-145,27,-50,-2992
-368,-924,7370,-53,-76,-176,-2992
-758,-2630,8758,351,-278,-99,-3008
-1830,-2350,8898,942,-737,88,-2976
-1428,82,8338,1011,-1138,36,-2992
-242,776,8234,683,-1122,-427,-2992
2252,516,7640,469,-693,-201,-2976
3766,2092,6328,3,138,-229,-2976
3116,2158,6382,-393,656,-92,-2992
1964,1708,7478,-600,1020,-106,-2992
338,1768,8166,-1019,1087,-80,-3008
-56,344,8978,-1161,1006,-142,-3008
204,-228,8648,-1281,1092,-78,-3008
-1752,-3898,9720,-739,792,-56,-2992
-2860,-5052,8888,270,-21,-154,-2976
-2652,-2208,9462,873,-711,-217,-2976
-302,730,8092,437,-647,-281,-2992
966,80,8164,288,-429,-249,-2992
1254,94,8274,255,-141,-152,-3024
156,486,7982,182,13,-130,-3008
-150,882,7346,128,-43,-148,-2976
-10,884,7792,-145,-184,-220,-2992
966,328,8078,-207,-63,-130,-2960
1342,-482,7486,-329,531,-88,-2976
236,-334,7722,-320,682,-169,-2992
-690,-12,8264,-267,504,-362,-2992
-1166,-238,8052,-116,155,-263,-2960
-490,-696,8490,-204,50,-129,-2992
-554,-2186,8204,119,-136,-178,-2992
-1164,-2740,8002,591,-391,-7,-2976
-2088,-440,8106,912,-928,241,-3008
-584,558,7474,789,-1224,-227,-2992
826,846,7554,530,-967,-359,-2992
3346,1262,6508,325,-299,-203,-3008
3294,2544,5964,-282,395,-216,-2976
2752,1978,7094,-518,911,10,-3024
1058,2210,7134,-865,1109,-134,-3024
168,1212,8710,-1108,1047,-116,-3008
6,24,8430,-1216,1015,-152,-2944
392,-624,7780,-1367,1100,-174,-2992
-2820,-4400,8456,-318,409,-158,-2992
-3292,-3600,8048,471,-291,-239,-3024
-2268,-1268,8116,729,-778,-183,-3008
480,264,7468,280,-599,-218,-2944
1322,0,8442,271,-341,-202,-2992
1192,-114,8390,376,-79,-112,-2992
-198,744,7554,178,-69,-118,-2976
-484,1202,8158,-16,-120,-198,-2976
514,912,7854,-184,-91,-200,-2960
1422,14,7904,-244,74,-138,-2992
1610,-666,7060,-366,479,-136,-2976
332,-614,7570,-389,714,-158,-3008
-242,-202,7052,-302,596,-234,-3008
-1034,-476,8568,-174,314,-253,-2992
-936,-396,7658,-231,15,-148,-2992
-498,-1404,8088,-30,-90,-214,-3008
-816,-3104,8432,504,-301,-33,-3008
-1946,-1640,8584,967,-776,96,-2960
-1808,120,8462,939,-1181,-31,-2992
418,982,7246,608,-1150,-362,-2976
3038,1060,7152,450,-559,-218,-2976
3126,2474,6160,-349,504,-202,-2992
2294,1444,7498,-610,1087,-88,-2992
96,2140,8252,-1092,1085,-113,-2976
-38,418,8676,-1174,1046,-153,-2992
-196,-676,8718,-1209,1064,-156,-3024
-1620,-3906,9530,-572,659,6,-2976
-2868,-4682,8830,221,-37,-104,-2976
-2652,-2322,9008,855,-700,-264,-3008
-162,586,7620,440,-677,-253,-2960
1056,388,7968,259,-432,-111,-2992
1132,194,7888,251,-122,-165,-2976
788,586,7150,168,12,-148,-2992
-92,904,7792,105,-27,-190,-2992
-142,832,7988,-186,-111,-213,-2992
986,122,8038,-233,-30,-182,-2976
1898,-798,7366,-292,357,-148,-3008
852,-618,7900,-282,619,-109,-2992
-434,-386,8006,-225,588,-206,-2960
-1076,-90,8848,-151,308,-373,-2976
-1738,26,9224,-153,65,-49,-2960
-576,-2206,9220,127,-199,-207,-2992
-962,-2850,9454,462,-300,-66,-2992
-2132,-1874,9656,1023,-709,83,-2976
-2056,-382,9362,1014,-1107,130,-2976
-478,370,8602,754,-1248,-350,-2960
2126,440,8354,577,-727,-277,-2992
3802,2062,6090,38,103,-262,-2960
2844,2420,6102,-470,593,-124,-2944
1704,1692,7568,-597,1051,-124,-3008
708,2436,7586,-1033,1095,-132,-2992
-86,708,8756,-1134,1021,-39,-2992
6,-18,8680,-1258,1006,-111,-2976
-622,-2170,8866,-894,906,-108,-2992
-2748,-4402,8400,76,68,-110,-2960
-2970,-2752,8870,708,-605,-190,-2960
54,464,7960,420,-665,-247,-3008
1194,654,7180,160,-389,-248,-2976
1248,-138,8454,316,-21,-87,-2960
-238,298,7870,170,-61,-147,-3008
-394,1046,8582,-51,-37,-167,-2976
652,-78,8682,-176,-72,-155,-3008
1098,-376,8742,-187,38,-24,-3008
1426,-778,7594,-263,476,-17,-2976
216,-824,7892,-264,629,-195,-2992
-796,-564,8642,-178,422,-281,-2992
-834,-204,7620,-77,191,-257,-2976
-914,-88,7734,-154,-22,-60,-2976
-270,-1060,8002,1,-133,-225,-2992
-688,-2838,8486,541,-340,-49,-2992
-1966,-1846,9006,1003,-778,122,-2944
-1500,432,8692,895,-1166,-50,-3008
26,884,7778,621,-1092,-358,-2960
2438,506,7502,436,-537,-202,-2992
3584,2068,6524,-87,260,-240,-2992
2710,1792,6900,-433,703,49,-3008
1540,1890,7138,-723,1035,-43,-2976
278,1678,8276,-1065,1039,-145,-2960
-62,130,8532,-1166,1011,-159,-2992
-128,-620,8570,-1192,1023,-60,-3008
-2146,-4444,9894,-472,603,-108,-2944
-2746,-4822,8952,240,-65,-137,-2960
-2650,-2686,8836,817,-701,-188,-2992
4,408,8168,431,-587,-248,-2992
966,304,8982,231,-365,-153,-2976
1262,566,7658,151,-73,-162,-2992
484,910,7450,109,97,-145,-2992
-112,830,7324,50,-11,-226,-2960
226,926,7942,-173,-132,-89,-2976
900,-10,8088,-197,-27,-145,-2976
1448,-768,8140,-225,269,-136,-2992
676,-534,7776,-222,558,-117,-2992
-128,-498,8198,-198,526,-246,-2976
-816,-206,8170,-129,330,-382,-2976
-1480,42,9162,-58,23,-103,-2976
-530,-1202,9144,14,-80,-177,-3024
-852,-2612,7334,398,-306,-103,-3008
-1974,-1644,8460,880,-812,175,-2992
-1070,304,8096,841,-1154,-52,-3024
1106,1042,6670,515,-974,-293,-2960
3352,1554,5936,351,-339,-167,-2960
3414,2184,6326,-269,350,-296,-2992
2978,1824,6646,-442,828,8,-2976
1118,2258,7208,-765,1038,-125,-2976
348,1544,8508,-1042,1041,-118,-2992
-158,336,8874,-1183,963,-139,-2992
182,-666,8124,-1292,1095,-113,-2976
-2874,-4484,8692,-367,490,-93,-2976
-2908,-5088,8976,406,-183,-160,-2976
-2198,-1690,8470,865,-773,-207,-2992
200,154,8674,384,-591,-305,-2960
1364,280,8522,259,-332,-135,-2976
1148,-270,8574,334,-76,-47,-3008
-260,596,8168,156,-28,-140,-2992
-58,1160,7018,27,-27,-247,-2992
280,872,7740,-177,-149,-181,-2976
1282,34,7876,-220,-7,-98,-2976
1764,-260,6750,-338,396,-116,-2960
946,-276,6554,-374,653,-152,-2960
-248,-256,7524,-298,601,-243,-3008
-836,-224,7758,-192,318,-341,-2976
-1246,-76,8206,-106,34,-162,-3008
-366,-1458,8418,-33,-12,-206,-2992
-1038,-3038,9376,371,-255,-136,-2992
-1634,-2750,9018,912,-651,62,-2976
-1868,-372,8222,962,-1098,109,-3008
-142,760,8292,713,-1188,-352,-2960
1830,944,7000,436,-687,-281,-2992
4136,1974,5540,65,73,-231,-3008
3030,2636,5704,-452,582,-122,-2976
2554,1642,7090,-604,1040,-67,-3024
704,2440,7636,-1009,1087,-107,-2960
138,684,8828,-1163,1035,-156,-2992
-152,-534,8494,-1214,1020,-113,-2944
-2628,-4050,8232,-425,486,-115,-2992
-2882,-3768,7634,648,-453,-162,-2992
-1054,800,7038,494,-697,-256,-2976
704,492,7298,235,-533,-120,-2992
1534,300,7742,214,-226,-179,-2992
796,262,7950,286,-5,-120,-2976
-258,688,7562,184,-91,-153,-2976
-354,1198,7974,-58,-167,-183,-2976
648,324,8508,-171,-107,-212,-2992
1698,-390,8122,-283,242,-103,-2992
1194,-638,7636,-298,579,-83,-2976
698,-542,6902,-331,708,-237,-2960
-482,160,7694,-283,499,-352,-2992
-1446,-206,8850,-152,237,-157,-2992
-802,-1502,9454,-136,5,-162,-2976
-516,-1466,7846,109,-112,-180,-3008
-1288,-3040,8238,669,-447,56,-2976
-2158,-458,8712,971,-977,117,-2992
-1048,436,8054,832,-1228,-202,-2992
1456,798,6710,556,-984,-347,-2976
3898,1744,6140,221,-189,-204,-2976
3562,2508,6158,-301,441,-215,-2928
2868,1716,6700,-538,954,-14,-2960
840,2540,7518,-876,1126,-125,-3008
26,1078,9060,-1102,1050,-130,-2976
-6,310,8340,-1264,1003,-132,-2960
-394,-1698,8634,-1305,1118,-136,-2992
-2680,-4290,8322,-232,302,-124,-2992
-3082,-4218,7760,478,-348,-237,-2944
-1364,412,7250,584,-767,-107,-2976
842,798,7432,270,-564,-317,-2992
1186,-240,8962,289,-306,-134,-2992
732,72,7996,323,-109,-98,-2976
-142,1022,7856,182,-65,-100,-3008
-170,998,8514,11,-107,-219,-2960
330,326,9176,-136,-115,-148,-2992
1378,-286,8236,-232,82,-59,-2960
1094,-478,6786,-383,691,-115,-2960
-338,-494,7854,-258,620,-278,-2976
-1374,-252,8658,-110,224,-368,-2960
-1250,-62,8020,-219,43,-166,-2992
-462,-1460,8550,32,-91,-154,-3008
-1126,-2616,8282,587,-378,-22,-2976
-2014,-2410,9792,1079,-877,135,-2992
-1754,104,9434,912,-1235,-63,-2960
744,738,7666,615,-1122,-381,-2992
3308,1276,7202,481,-524,-209,-2976
3648,2148,6856,-125,311,-260,-3008
2858,1824,6650,-502,791,10,-3024
888,2230,7558,-762,1097,-123,-2992
290,1704,8034,-1104,1055,-95,-2976
-336,230,8770,-1173,1044,-44,-2976
-46,-724,7970,-1251,1010,-170,-2992
-2110,-4400,9834,-407,537,-168,-2960
-2788,-4678,8604,369,-121,-100,-3008
-2114,-1278,7956,797,-754,-158,-2976
98,230,7824,435,-636,-279,-3024
1296,196,8380,280,-357,-145,-3024
1430,256,7990,213,-28,-130,-2960
2,862,7552,101,54,-108,-3040
-254,1140,7372,-24,-9,-188,-2976
406,998,7096,-299,-66,-208,-2992
1352,328,7606,-328,96,-118,-2992
1632,-346,7726,-330,407,-45,-3008
962,-528,6908,-341,644,-19,-2976
-484,214,7276,-288,573,-257,-2976
-902,-16,8876,-217,353,-337,-2992
-1402,-76,8070,-183,20,-57,-2992
-374,-1080,8166,33,-89,-198,-3008
-1024,-2312,9832,402,-296,-109,-2992
-1838,-2666,9320,964,-697,91,-2992
-1708,-26,9076,911,-1178,32,-2992
258,1000,7550,586,-1159,-406,-2992
2854,986,6962,464,-551,-167,-2976
3720,1982,6652,-94,213,-199,-2992
2380,1510,7468,-527,1009,30,-2976
760,2718,7608,-1004,1117,-70,-2992
-40,18,8310,-1213,964,-80,-3024
126,-492,7942,-1337,1146,-102,-2992
-2622,-4654,9554,-323,437,-104,-2992
-2970,-4412,8060,402,-168,-212,-2992
-1204,-104,7286,751,-791,-137,-3008
340,320,8466,322,-537,-267,-3008
1312,-272,8912,294,-299,-115,-2992
592,162,8638,287,-54,-70,-2960
64,732,7848,136,21,-112,-3008
-176,826,8256,-11,-5,-150,-2976
292,270,8784,-149,-133,-141,-2960
1048,-154,7264,-204,27,-125,-2960
1528,-582,7490,-310,383,-144,-3008
616,-736,7496,-250,607,-135,-2976
-682,-128,8422,-163,440,-295,-2992
-1102,-234,8240,-100,218,-319,-2992
-1312,-182,8110,-118,-55,-36,-3008
-432,-1344,9074,47,-109,-233,-3008
-932,-2764,8742,498,-302,-64,-2992
-1926,-2706,9678,1011,-787,174,-2992
-1832,-198,9380,970,-1120,45,-2992
112,462,8224,692,-1170,-373,-2976
2190,260,7344,528,-637,-243,-2992
3720,1908,6582,46,143,-322,-2960
2702,2050,6452,-437,620,-195,-2960
1098,1830,7586,-631,1035,-6,-3008
840,1912,7856,-1017,1055,-100,-3008
16,578,9044,-1118,993,-157,-2992
-306,-442,8544,-1155,979,-88,-2992
-622,-2250,8644,-852,858,-113,-2976
-2580,-4388,9188,14,86,-118,-3008
-2640,-2858,8990,804,-644,-189,-2976
-178,410,8544,399,-650,-247,-2976
978,934,7420,145,-363,-182,-2992
1670,400,7232,134,-58,-185,-2992
-232,478,8054,216,-35,-214,-2976
-254,934,7486,-43,-143,-149,-3008
534,-36,8936,-131,-89,-224,-2976
1362,-476,8470,-192,179,-99,-3008
1036,-540,7736,-279,518,-75,-2992
336,-526,7798,-246,619,-175,-2992
-588,-350,8456,-166,403,-282,-2992
-1558,-476,9586,-50,140,-148,-2976
-876,-374,7788,-111,-61,-144,-2960
-508,-1050,7918,59,-126,-193,-2992
-1320,-3000,8952,646,-430,-45,-2992
-2010,-772,9026,1040,-942,98,-3008
-1102,110,8352,929,-1231,-255,-3008
1080,858,7468,530,-981,-307,-2960
3538,1538,6484,288,-322,-139,-2960
3544,2252,5870,-246,370,-238,-2944
2870,1674,6842,-460,894,-27,-2976
818,2436,7736,-809,1040,-156,-3008
16,1646,8500,-1093,1052,-77,-2992
48,276,8368,-1255,1038,-157,-3024
-230,-1158,8326,-1289,1095,-143,-2976
-2616,-4204,8234,-271,324,-97,-2992
-2924,-3466,7874,462,-315,-194,-2960
-1606,-750,7420,581,-715,-226,-2992
322,800,7884,266,-528,-309,-2976
1304,-74,7378,270,-286,-177,-2976
1014,82,8128,218,-25,-36,-2992
82,722,7572,142,-14,-216,-2992
-362,1214,7910,5,-122,-222,-2976
260,634,8466,-137,-145,-139,-2960
1256,140,8232,-244,82,-99,-2960
1492,-452,7504,-351,520,-120,-2992
260,-476,7808,-270,675,-114,-3008
-548,-262,8168,-246,498,-325,-2976
-1040,-14,8278,-177,306,-343,-2992
-704,-202,7236,-311,71,-95,-2960
-548,-1514,8548,-13,-81,-225,-2992
-1262,-2662,8150,813,-563,-20,-2960
-2116,-486,8284,997,-1086,43,-2960
-420,372,8216,765,-1236,-297,-2992
2118,346,7848,554,-772,-255,-2992
3622,2170,6596,94,41,-228,-2992
3082,2702,6056,-440,565,-196,-2976
2264,1448,7266,-538,987,-35,-3008
440,2032,8542,-970,1108,-100,-2960
370,864,8874,-1112,1036,-160,-2960
-8,-290,8644,-1183,965,-100,-2992
-1134,-3322,9730,-1004,1008,-143,-2976
-2786,-4060,8044,-36,143,-92,-2960
-3318,-2930,8034,653,-517,-203,-2960
-420,1050,7212,436,-698,-72,-2992
1564,400,7484,183,-472,-312,-2976
1512,146,7580,199,-159,-146,-3008
486,718,7084,275,-16,-93,-2992
-272,1262,7170,130,-85,-137,-2992
-556,1100,8428,-96,-174,-269,-2976
832,132,8892,-161,-93,-166,-2944
1746,-316,7880,-274,257,-79,-3008
1424,-604,7362,-338,604,-136,-2992
130,-264,8000,-348,714,-188,-2992
-660,-214,8314,-242,482,-308,-3008
-1446,-688,9084,-62,176,-189,-2992
-900,-1016,8846,-75,-30,-116,-2992
-698,-2114,8592,154,-199,-52,-2992
-1538,-2896,9254,765,-507,-70,-2976
-2148,-878,8942,1045,-1015,108,-2976
-924,604,8328,883,-1258,-199,-3024
1640,936,7458,514,-930,-307,-2960
3344,1230,7210,238,-179,-256,-2992
3540,2408,6024,-328,459,-225,-3008
2690,1768,7214,-510,997,18,-2976
1090,2284,7104,-882,1117,-153,-2992
-16,1364,9078,-1132,1054,-134,-2992
148,-250,8538,-1278,1088,-174,-3008
-182,-1022,7914,-1240,1048,-163,-2992
-3052,-4652,8836,293,-66,-143,-2992
-2850,-2752,9090,819,-748,-165,-2992
498,422,7864,382,-608,-280,-2992
1304,-138,8032,259,-247,-174,-2992
922,552,7028,177,27,-98,-2992
156,890,7148,63,51,-154,-2992
-268,1124,7778,-86,-105,-189,-2976
688,426,8090,-178,-87,-121,-3008
1480,-308,7790,-328,163,-115,-2960
1506,-570,7458,-338,558,-45,-3024
696,-524,7126,-310,713,-129,-2976
-650,132,7714,-279,476,-265,-3008
-1108,94,8002,-173,237,-360,-2960
-570,-286,7024,-259,36,-55,-2992
-102,-1552,7402,66,-93,-168,-2992
-1188,-2680,8278,560,-385,-18,-2976
-1964,-892,8272,917,-829,139,-2976
-958,606,7658,790,-1162,-57,-2992
1496,918,6670,491,-1013,-379,-2960
2722,850,7262,386,-389,-218,-3008
3538,2418,5892,-255,366,-223,-3008
2890,1768,6776,-549,874,-8,-2976
1092,2006,7476,-838,1106,-95,-2992
370,1390,8200,-1125,1069,-134,-2992
-184,324,8626,-1194,1000,-37,-2976
-28,-386,8628,-1306,1112,-198,-2960
-2622,-4546,9298,-383,461,-103,-2960
-3030,-4374,8022,405,-190,-157,-2992
-1508,-316,7342,830,-779,-170,-2976
52,6,8516,368,-630,-302,-3008
1386,-370,9044,296,-305,-143,-2992
870,18,8758,315,-14,-108,-2992
34,718,7652,178,-14,-182,-2992
-202,858,7780,-35,-23,-170,-2976
562,496,8706,-198,-51,-175,-2992
1276,-316,8322,-223,106,-59,-2992
1054,-822,8098,-266,459,23,-3024
-228,-136,7202,-297,601,-279,-2992
-684,-88,7466,-215,359,-313,-2976
-1372,-210,8592,-141,58,-109,-2960
-328,-1312,8384,3,-98,-211,-2960
-554,-2434,8356,268,-234,-132,-2976
-1818,-2190,8748,880,-630,51,-2944
-1982,-224,8678,961,-1063,146,-2992
-318,764,7700,718,-1215,-309,-3024
2246,522,7654,478,-687,-253,-2992
3772,2032,6406,65,22,-233,-2976
3046,2284,5590,-426,561,-114,-3008
2086,1866,7202,-561,1041,-166,-2992
860,2478,7804,-1025,1053,-161,-2960
-32,1062,9314,-1114,1031,-83,-3008
224,-534,8326,-1213,1071,-87,-3008
-468,-1800,8158,-995,927,-141,-2992
-2640,-3982,8508,-92,166,-79,-3024
-2766,-3234,8062,550,-432,-204,-2976
-86,602,7910,520,-652,-192,-2976
934,312,8194,211,-441,-218,-2960
1164,152,7340,194,-123,-156,-2960
736,638,7088,117,77,-168,-2976
-266,814,7786,104,-8,-197,-2976
-514,784,7952,-95,-110,-288,-3024
748,26,8160,-168,-52,-99,-2992
1510,-738,7738,-281,243,-81,-2992
814,-586,7994,-276,516,-113,-2976
146,-648,7840,-175,558,-201,-2976
-702,-196,8370,-168,345,-337,-2960
-1340,-216,8610,-80,108,-156,-2992
-414,-960,7722,-96,-45,-164,-2976
-342,-1658,8184,153,-167,-101,-2976
-1418,-2934,9106,648,-414,-73,-2960
-1972,-742,7870,923,-912,174,-2992
-860,400,7756,820,-1201,-219,-3008
1518,622,7348,538,-913,-330,-3008
2794,1204,6708,305,-262,-328,-2992
3186,2642,5652,-323,417,-180,-2992
2004,1628,7722,-617,994,-83,-2976
370,1544,8378,-1078,1059,-119,-2992
-120,142,8362,-1181,973,-79,-2960
248,-940,7834,-1360,1115,-142,-2960
-2808,-4496,9336,-367,400,-111,-2992
-2942,-4246,7506,375,-220,-110,-2976
-1538,-352,7102,789,-764,-196,-2976
66,192,8590,342,-596,-249,-3024
1302,378,7534,220,-223,-164,-2992
748,-210,8792,305,-35,-155,-2976
-352,618,7860,139,-28,-151,-3008
-252,1136,7798,-34,-101,-233,-2960
770,386,8384,-128,-131,-154,-2944
1580,-262,7192,-202,167,-56,-2976
1300,-734,7726,-314,523,-108,-3008
158,-244,7898,-329,618,-166,-2992
-576,-46,7950,-204,429,-265,-2960
-1214,-418,8896,-109,168,-213,-2960
-694,-412,7816,-179,5,-117,-2944
-384,-1286,8138,-15,-63,-207,-2976
-1180,-2876,9062,600,-394,-40,-2992
-2132,-1368,9004,1013,-936,41,-2992
-1042,722,8278,905,-1237,-76,-2976
1538,1094,6620,532,-1004,-276,-2976
2826,666,7630,382,-411,-234,-2992
3286,2516,6526,-197,351,-266,-2960
2826,1600,6928,-458,884,-6,-2992
1036,2070,7530,-795,1050,-127,-2976
156,1522,8582,-1110,1077,-140,-2976
-70,124,8494,-1216,1037,-124,-2992
-262,-740,8456,-1273,1075,-117,-2960
-2544,-4380,8890,-438,503,-116,-2944
-2860,-4386,7764,410,-159,-165,-2976
-2748,-2308,9348,856,-767,-218,-2992
-28,82,8550,388,-653,-383,-2992
1190,-232,8674,313,-411,-35,-2976
1150,30,8118,273,-65,-105,-3008
-210,1060,7448,143,-46,-165,-2992
-234,1320,7778,-83,-181,-247,-3008
1326,466,7198,-328,61,-183,-2992
1612,-130,7376,-330,482,-83,-2992
822,-546,6768,-345,721,-161,-3024
-326,-370,7456,-326,576,-305,-2976
-1242,-290,8558,-248,371,-271,-2976
-1178,100,7378,-277,68,-117,-2992
-250,-1380,7160,6,-98,-205,-2960
-1082,-2810,7932,505,-328,-91,-3008
-1870,-1906,8610,931,-852,188,-2992
-1238,368,7990,847,-1226,-108,-2960
1030,1102,6688,545,-1057,-379,-2960
3450,1424,6444,410,-508,-226,-2944
3454,2432,6118,-207,331,-232,-2976
2974,2056,6314,-524,828,1,-3024
1156,2318,6630,-773,1125,-151,-2992
300,1516,7720,-1105,1107,-66,-3008
-330,546,8812,-1229,989,-138,-2976
168,-916,7784,-1327,1134,-127,-3024
-2570,-4734,10028,-314,481,-79,-2992
-3088,-4958,8702,416,-167,-202,-3024
-1972,-1118,8056,832,-828,-216,-2976
106,272,8126,387,-664,-271,-2992
1330,-248,8808,372,-389,-116,-2992
920,-340,9058,397,-126,-111,-2992
-342,598,8478,212,-57,-147,-2976
16,1200,7176,12,-87,-172,-2976
318,948,8398,-195,-100,-192,-2992
1208,10,8170,-226,30,-123,-2992
1770,-410,6932,-353,457,-80,-2976
748,-326,6992,-392,714,-72,-3008
-538,-296,8154,-273,614,-246,-2992
-820,-224,8042,-173,333,-257,-2960
-1460,-284,8322,-137,30,-91,-2992
-736,-1402,8876,-10,-109,-274,-2960
-996,-3036,8486,500,-297,-31,-2976
-2054,-104,8248,957,-941,183,-2992
-448,638,7694,781,-1239,-260,-2976
1432,962,6784,462,-919,-326,-3008
4120,1786,5916,185,-85,-217,-3008
3118,2624,5608,-423,520,-151,-3008
2842,1854,6740,-592,1033,-69,-3024
748,2422,7460,-970,1113,-120,-2992
188,748,9186,-1093,1080,-127,-2992
30,-394,8680,-1214,1021,-148,-2944
-378,-1436,8222,-1135,1004,-233,-3008
-2520,-4002,7762,-142,230,-96,-2976
-2942,-2918,8404,549,-412,-214,-2992
-1420,-68,7518,548,-711,-180,-2960
386,342,7792,314,-552,-293,-2976
1388,278,7602,248,-278,-103,-2976
1238,-26,8244,251,42,-118,-2960
-164,656,8022,199,-41,-137,-2960
-660,1112,8448,-47,-131,-163,-2976
702,-32,8424,-193,-95,-162,-3008
1586,-456,7822,-249,171,-99,-2960
1226,-756,7996,-293,504,-47,-2960
-138,-766,8466,-232,668,-96,-2960
-654,42,7644,-229,468,-447,-3008
-1074,-514,8328,-135,222,-162,-3008
-848,-1316,9140,-221,-7,-61,-2960
-270,-962,7528,58,-106,-149,-2992
-862,-2830,7588,540,-412,-22,-2976
-1992,-834,8438,962,-884,222,-3008
-1250,266,8018,863,-1191,-93,-2960
836,1190,6980,509,-1002,-394,-2960
3212,1362,6472,387,-384,-178,-2976
3578,2052,5910,-194,312,-188,-2960
2988,1786,6348,-504,819,37,-2960
920,2464,7346,-803,1095,-47,-2992
144,1230,8738,-1091,1086,-161,-2976
92,238,8380,-1263,1029,-41,-3008
182,-944,7848,-1309,1122,-144,-2960
-2958,-4236,8840,-244,320,-106,-2992
-2958,-2726,8616,788,-732,-243,-2944
638,330,7980,251,-480,-292,-2960
1344,-44,8380,290,-244,-114,-2992
502,486,7672,270,-2,-26,-2992
-244,672,7942,103,34,-152,-2976
-302,812,8604,-42,-72,-177,-2976
612,52,8932,-163,-119,-160,-2960
1086,0,8102,-223,74,-100,-3024
1330,-698,7578,-296,435,-157,-3008
390,-586,7674,-295,604,-89,-2976
-450,-244,7852,-180,484,-252,-2992
-1108,-228,8346,-110,185,-289,-2992
-910,-38,7654,-158,-11,-82,-2976
-432,-1668,8708,44,-165,-199,-2992
-964,-2964,9786,572,-375,-34,-2992
-2142,-1924,9390,1040,-812,134,-2960
-1328,326,8554,969,-1154,34,-2992
-220,482,8422,693,-1151,-345,-2976
2336,308,8324,532,-601,-168,-2976
3386,2000,6840,23,142,-193,-2960
2792,2310,6298,-450,662,-91,-2992
1438,1826,7472,-631,995,-120,-2976
418,1606,8700,-1044,1065,-87,-3008
54,978,9346,-1178,1040,-137,-2992
-248,-496,8236,-1187,1001,-114,-2992
-1800,-3816,9678,-722,760,-105,-3008
-2650,-4938,9192,163,7,-93,-3040
-2862,-2792,9210,791,-598,-180,-3008
-144,616,7794,398,-631,-192,-2992
1248,598,8220,179,-391,-205,-2960
1522,364,7572,145,-100,-130,-2976
354,874,7418,167,51,-69,-2976
-150,994,6972,59,12,-53,-2992
-376,698,7554,-155,-141,-197,-2992
794,342,8398,-215,-51,-151,-3008
1572,-258,7570,-287,271,-84,-3008
1174,-598,8154,-300,542,-52,-2992
-484,-332,8132,-213,470,-324,-3008
-1234,-312,9100,-139,249,-180,-2992
-734,-1158,8892,-40,-75,-232,-2992
-692,-2032,8854,231,-176,-154,-3008
-1574,-2914,9204,756,-558,-8,-2992
-2032,-742,8790,995,-1025,108,-2992
-776,532,8374,857,-1215,-260,-3008
1712,828,7218,476,-862,-217,-2944
3080,1186,7026,249,-163,-251,-2960
3182,2506,6452,-335,485,-192,-2992
2674,1562,7242,-482,951,-30,-2976
730,2288,7956,-869,1045,-126,-2976
-82,1362,8892,-1073,1005,-146,-2992
398,206,8494,-1294,1049,-136,-2992
-930,-2156,8848,-1266,1103,-98,-2976
-2830,-4274,8628,-277,293,-112,-2976
-3058,-3774,7674,486,-344,-197,-2976
-742,424,6694,614,-706,-214,-2960
258,462,8214,267,-543,-315,-2992
1114,-134,8474,290,-315,-177,-2976
628,172,7384,281,-1,-9,-2976
62,598,7838,168,-21,-174,-2992
-376,1060,8336,0,-123,-230,-2992
558,372,8538,-118,-162,-179,-3008
1522,-156,7982,-246,89,-78,-3008
1516,-350,7448,-349,482,-118,-2960
512,-352,7552,-350,710,-160,-2992
-458,-346,7996,-253,536,-286,-2976
-804,-136,7636,-177,275,-345,-2976
-972,394,7456,-292,74,-89,-2944
-194,-1228,7362,-82,-75,-242,-2992
-1102,-2804,9114,486,-338,-77,-2992
-2068,-1746,8906,1020,-828,97,-2976
-1270,518,8250,901,-1189,38,-2944
-88,454,8826,646,-1123,-399,-2992
2382,392,8304,511,-505,-196,-2976
3356,2150,6344,-88,246,-245,-2992
2752,2050,6690,-474,755,-8,-2960
656,2366,8158,-973,1104,-136,-2992
0,494,9288,-1128,1008,-179,-2992
-108,-500,8634,-1231,995,-115,-2992
-2088,-4334,9830,-575,694,-145,-2992
-3018,-4856,9114,326,-49,-139,-2960
-3186,-2684,9456,807,-726,-296,-2976
82,196,7914,429,-676,-296,-2976
1332,98,8946,200,-421,-143,-2960
1840,608,7198,216,-78,-127,-2992
342,1038,6666,162,6,-157,-2976
-178,1318,6670,5,-50,-179,-2976
-140,1350,7420,-272,-108,-223,-2960
1156,308,7576,-263,30,-159,-2960
1754,-320,7204,-289,331,-50,-2976
948,-484,6830,-385,658,-86,-3008
-190,-384,7750,-328,677,-236,-2976
-654,-162,7960,-270,485,-296,-2992
-1428,14,7958,-117,68,-55,-2992
-680,-1374,9040,-50,-38,-306,-2976
-752,-2692,8696,331,-261,-111,-2976
-1834,-2694,9446,947,-650,45,-2960
-2114,-250,8856,1009,-1153,78,-2992
-310,788,7720,757,-1250,-338,-2976
2210,612,7308,469,-744,-246,-3008
4016,2106,5942,11,28,-278,-2960
3310,2576,5696,-468,628,-103,-3024
2120,1582,6858,-550,1080,-70,-2976
398,2296,7782,-1046,1108,-112,-2976
8,916,9160,-1158,1041,-117,-2960
228,-288,8388,-1302,1093,-93,-2992
-2028,-4288,10112,-794,808,-32,-2960
-2704,-4234,8390,17,135,-227,-2976
-3096,-2918,8358,703,-575,-236,-2976
14,618,8098,435,-689,-212,-2960
922,582,7650,241,-462,-181,-2992
1286,36,7468,263,-210,-180,-3008
512,838,7082,150,14,-87,-3008
-278,1138,8560,25,-45,-179,-2944
576,438,8236,-185,-129,-180,-2960
1436,-94,8000,-303,131,-141,-2960
1614,-564,7400,-333,516,-93,-2960
758,-574,7176,-330,704,-119,-2960
-610,134,7646,-284,528,-290,-2992
-1386,-198,8182,-156,279,-431,-2976
-1010,328,7346,-327,81,-43,-3008
46,-1530,6920,22,-68,-224,-2960
-946,-2538,7808,525,-329,-9,-2992
-1926,-1596,8788,954,-810,155,-2960
-1262,390,8208,855,-1155,-24,-2976
1162,774,6750,527,-1067,-405,-2976
2644,636,7568,460,-474,-227,-2992
3574,2342,6194,-186,311,-236,-2992
2932,1852,6148,-547,807,-3,-3008
1584,1952,7212,-758,1079,-85,-2960
368,1700,7864,-1133,1109,-107,-2992
-214,256,8410,-1196,1005,-66,-2992
56,-610,7568,-1248,1065,-189,-2976
-2210,-4598,9810,-396,524,-95,-2976
-2862,-4584,8694,366,-122,-108,-2992
-1982,-1054,7756,824,-778,-188,-2992
-6,118,8190,438,-670,-261,-2992
1530,-176,8690,291,-343,-116,-2976
1178,-82,8880,322,-18,-92,-2976
238,986,7460,170,-18,-127,-2992
-162,1036,7328,-24,-38,-159,-2960
430,602,7974,-271,-61,-211,-3008
1050,224,7642,-277,30,-102,-3024
1754,-684,7074,-301,376,7,-2960
824,-668,7054,-343,667,-69,-2960
-666,-210,7724,-272,543,-329,-2976
-630,-74,7690,-204,353,-244,-3008
-1242,-228,7738,-154,20,-16,-2992
-496,-1164,8156,36,-126,-230,-2992
-518,-2222,8250,368,-278,-84,-2976
-1640,-2420,8536,949,-655,85,-3008
-1236,364,8882,850,-1232,-176,-2976
1354,1016,7294,468,-837,-249,-3008
3690,1820,6338,168,-133,-214,-2976
3128,2540,5500,-386,507,-128,-2976
2952,1318,7154,-530,986,54,-2960
918,2462,7850,-935,1116,-60,-2960
-36,1080,8688,-1138,1027,-192,-2992
268,-110,8842,-1249,1072,-113,-3008
-570,-1562,8928,-1126,1007,-78,-2976
-2512,-4202,7904,-198,242,-133,-2992
-2964,-3138,8416,517,-414,-251,-2992
-1256,-206,7406,582,-694,-187,-3008
486,572,7780,238,-472,-244,-2976
1342,-18,7350,206,-201,-177,-3008
970,288,7582,165,36,-109,-2992
52,936,7696,49,12,-199,-2992
-288,758,7832,-29,-37,-185,-2976
428,522,8004,-169,-101,-47,-2992
1176,154,7878,-277,138,-106,-2992
1278,-830,7128,-298,497,-155,-2992
126,-544,8050,-260,606,-146,-3008
-492,-120,7798,-194,426,-321,-2976
-908,-88,7658,-135,185,-304,-2960
-630,-508,8140,-227,-7,-105,-2992
-284,-842,8358,-18,-65,-187,-2992
-648,-2494,7340,415,-272,-86,-3008
-1856,-820,7874,893,-739,112,-2976
-1642,254,8632,807,-1113,-21,-3024
418,984,7334,545,-1072,-438,-2992
2810,912,6384,430,-511,-248,-2976
3638,1796,6540,-77,230,-153,-2960
2658,2010,6646,-428,703,-51,-2960
1092,2010,7150,-681,1024,-158,-2992
348,1422,8060,-1046,1069,-108,-2976
-182,388,8892,-1140,980,-83,-2976
-14,-100,8206,-1240,1020,-154,-3024
-2518,-4520,9320,-599,720,-150,-2992
-2674,-4950,9252,277,-62,-84,-2976
-1704,-1008,7484,599,-700,-201,-2992
1352,762,7470,170,-300,-210,-2992
1648,94,7142,194,-59,-168,-2992
-6,834,7578,155,10,-228,-2992
-352,1032,7582,10,-50,-88,-2976
76,1144,7352,-210,-99,-170,-3008
1140,-26,7782,-175,-37,-159,-2992
1494,-290,7298,-305,286,-101,-2992
1080,-268,7176,-349,634,-86,-2976
-38,-382,7210,-337,589,-193,-3008
-722,-244,8352,-187,382,-256,-2992
-1278,-270,8690,-60,65,-128,-2960
-480,-1168,8688,-50,-53,-201,-2976
-730,-2542,8984,212,-185,-93,-3008
-1196,-2716,8228,777,-549,-25,-2960
-1888,-452,8120,993,-1057,73,-2960
-388,726,7730,759,-1174,-395,-2960
2148,366,7302,409,-801,-220,-2976
3988,1788,5486,112,-54,-216,-3008
3234,2514,5830,-402,518,-173,-2992
2250,1672,6842,-570,1002,-35,-2992
770,2660,7282,-981,1132,-81,-3008
260,1094,8558,-1183,1064,-131,-2976
182,-266,8146,-1298,1086,-97,-2960
-230,-1298,7864,-1180,1040,-104,-2992
-2586,-4112,7848,-215,272,-112,-2976
-2958,-3218,8132,583,-377,-154,-2976
-1528,-462,7472,589,-719,-178,-2992
414,578,7500,235,-537,-242,-2960
1170,172,7652,267,-275,-200,-3008
740,474,7128,269,-21,-72,-3008
-52,748,7710,152,-48,-129,-3008
-504,966,7972,10,-156,-201,-2992
756,314,8382,-153,-170,-211,-2992
1480,24,8062,-282,173,-99,-2976
1264,-754,7732,-297,532,-84,-2976
220,-512,8182,-280,685,-130,-2960
-658,76,7706,-282,416,-324,-2976
-1146,318,7304,-284,86,-81,-2992
-444,-1280,7640,10,-101,-204,-2992
-908,-2834,9150,423,-314,-95,-2992
-1972,-2272,9226,980,-785,27,-2960
-1468,98,8412,938,-1140,62,-2976
854,794,6820,674,-1115,-331,-2976
2360,572,7310,499,-674,-265,-2992
3680,2322,6124,-63,213,-245,-2992
2990,2266,6102,-492,718,-17,-2992
1206,2406,6812,-791,1116,-142,-2976
350,1968,8178,-1102,1100,-83,-2992
-238,458,8176,-1231,1019,-147,-2960
224,-460,7848,-1326,1117,-84,-2976
-2748,-4448,8462,-406,526,-106,-3008
-3012,-5078,8808,391,-138,-153,-2976
-2508,-1822,8486,900,-811,-265,-2960
296,158,8308,377,-677,-235,-2960
1502,152,8432,301,-332,-177,-2976
1236,-274,8366,386,-106,-91,-2976
-306,810,8144,195,-44,-140,-2992
-94,1298,7106,-5,-51,-146,-2960
302,1048,7898,-226,-90,-220,-3008
1236,202,7846,-226,2,-113,-3008
1800,-590,7290,-318,372,-82,-2992
872,-274,7436,-372,696,-92,-2960
-418,-570,7896,-250,638,-214,-2976
-1008,-368,8910,-163,365,-281,-2976
-1680,-216,8984,-101,47,-49,-3008
-668,-1708,8804,9,-135,-279,-3024
-1070,-3076,9460,467,-285,-53,-2992
-1758,-2908,9358,1028,-747,78,-2976
-2086,-378,9210,1073,-1199,85,-2976
-62,594,8618,769,-1241,-329,-2992
1936,658,7132,533,-741,-229,-2992
3992,1856,6370,70,85,-239,-2976
2720,2258,6668,-430,614,-133,-2976
2510,1756,7034,-589,1077,-20,-2992
330,960,8716,-1150,1075,-87,-2976
-22,184,8404,-1215,1056,-150,-2992
-358,-1152,8232,-1214,1020,-213,-3008
-2554,-3968,7844,-236,294,-76,-2976
-2808,-3336,7764,509,-379,-206,-2976
-1582,-558,7250,599,-752,-171,-2992
370,534,8010,291,-547,-259,-2960
1304,-94,7500,280,-280,-125,-3008
1200,228,7986,212,9,-131,-3024
-28,818,7830,127,21,-119,-2992
-458,1256,7722,-82,-82,-160,-2992
792,122,8276,-192,-84,-235,-3008
1370,-282,7704,-267,88,-75,-3008
1292,-654,7990,-285,543,-49,-2976
158,-902,8152,-237,650,-134,-2960
-534,-194,7432,-226,500,-442,-2992
-1234,-204,8502,-142,247,-202,-2976
-992,-1468,8760,-206,-7,-72,-2976
-350,-1282,7616,98,-142,-151,-2960
-892,-2786,7814,567,-402,-92,-2960
-1990,-926,8420,979,-888,192,-3008
-1286,224,8076,883,-1193,-49,-2992
660,934,7276,575,-1059,-374,-2960
3028,1128,7080,409,-414,-163,-2960
3352,2410,6238,-229,341,-208,-2976
2960,1778,6178,-492,845,57,-2976
1074,2330,7106,-802,1101,-98,-2992
222,1316,8528,-1129,1102,-73,-2992
-324,486,8376,-1213,985,-217,-2960
188,-296,7970,-1361,1135,-87,-2944
-2892,-4420,8728,-324,474,-68,-3008
-2956,-4914,8962,380,-203,-134,-2992
-2282,-1674,8558,783,-794,-237,-2992
396,166,8344,368,-610,-237,-2976
1506,118,8360,284,-302,-108,-2992
1202,2,8246,293,-24,-79,-2992
-282,790,8072,130,-1,-106,-2992
-234,930,8010,-37,2,-189,-2976
938,-132,8088,-194,-67,-135,-2960
1588,-480,7398,-295,337,-82,-2976
732,-496,7110,-332,606,-40,-3008
-488,-398,8142,-213,529,-200,-2976
-820,-230,8260,-135,291,-328,-2992
-1438,-318,8734,-31,-2,-116,-2960
-586,-1468,8732,54,-127,-195,-2944
-298,-2008,8216,350,-237,-164,-2992
-1504,-2860,9146,898,-645,33,-2992
-2002,-290,9028,1016,-1069,155,-2960
-338,590,8566,751,-1217,-326,-2992
