AcX,AcY,AcZ,GyX,GyY,GyZ,Tmp
3120,1822,6426,338,-362,-199,-3664
2822,2512,6126,-204,163,-277,-3632
2592,1922,6820,-537,582,-242,-3648
3032,1078,7356,-731,1225,-44,-3632
1010,1164,8368,-1007,1219,-103,-3664
-436,302,9196,-1152,1110,-169,-3616
-382,-138,8648,-1206,996,-109,-3648
-1280,-3382,9648,-827,691,-154,-3648
-2788,-5024,9886,226,-115,-153,-3648
-2122,-2644,9152,856,-663,-128,-3648
-306,978,7348,451,-614,-213,-3616
1166,304,7808,164,-237,-169,-3648
1254,-438,8334,220,13,-124,-3648
-24,388,8326,139,30,-119,-3648
-264,572,8390,77,86,-178,-3648
-48,366,9540,-77,-23,-206,-3648
354,18,9038,-168,68,-96,-3648
856,-786,7252,-171,254,-119,-3616
182,-494,7636,-147,402,-198,-3648
-352,-632,7900,-35,342,-111,-3648
-684,-200,7808,-21,105,-122,-3648
-1148,-532,8112,70,-206,-132,-3600
-458,-1012,8700,204,-357,-223,-3632
90,-1918,8106,364,-410,-145,-3632
-834,-1892,8220,792,-690,-52,-3664
-766,-330,8286,971,-926,-45,-3632
438,1208,7352,655,-887,-299,-3632
2224,2144,5910,123,-106,-263,-3664
2784,2526,5886,-361,319,-280,-3664
2294,2336,5864,-720,821,-154,-3648
1536,1746,6650,-871,1186,-89,-3648
406,1290,7844,-1133,1184,-75,-3648
-350,262,8966,-1271,1060,-122,-3648
-804,-1134,7614,-1341,983,-117,-3632
-2610,-4338,8668,-266,217,-124,-3600
-2174,-3826,7968,391,-338,-199,-3632
-856,-244,7292,636,-625,-183,-3632
532,552,7082,202,-433,-236,-3632
930,120,7426,111,-154,-166,-3616
866,48,8024,136,82,-142,-3648
248,312,7496,64,194,-111,-3616
-322,890,7830,10,9,-125,-3648
56,-10,8302,-80,-60,-95,-3616
716,-640,8358,-118,61,-166,-3616
654,-1036,7724,-135,280,-112,-3648
28,-604,7942,-65,336,-126,-3648
-336,-284,8100,46,223,-158,-3648
-802,92,7970,2,19,-191,-3600
-780,-614,8256,30,-216,-175,-3632
-190,-944,8856,240,-349,-209,-3632
-72,-1686,8628,500,-432,-116,-3664
-982,-1724,8900,870,-742,0,-3664
-522,-120,8146,864,-924,-139,-3632
1168,1236,7394,574,-710,-255,-3632
2238,2300,6892,31,-29,-284,-3664
2952,2232,6324,-380,407,-222,-3632
2872,1706,6584,-681,896,-62,-3664
946,1802,7952,-893,1161,-149,-3632
288,1226,8952,-1078,1176,-75,-3616
-502,346,8350,-1236,991,-113,-3648
-118,-110,7282,-1393,1032,-123,-3648
-2714,-4320,8190,-372,315,-95,-3648
-2152,-4584,8260,408,-239,-153,-3648
-1122,-812,7326,699,-633,-153,-3648
492,642,7406,161,-413,-293,-3616
1066,338,6706,0,-130,-194,-3648
888,-352,8058,202,52,-196,-3680
100,430,7702,108,85,-141,-3648
-314,984,7758,-1,13,-148,-3632
248,416,7810,-136,-58,-149,-3664
964,-442,8032,-92,56,-83,-3632
868,-636,7004,-166,260,-148,-3600
134,-474,7372,-130,406,-89,-3632
-180,-238,8130,-14,285,-133,-3616
-584,36,7798,30,62,-138,-3664
-760,-200,7934,15,-195,-168,-3600
-418,-862,8900,168,-311,-249,-3600
-208,-1540,8610,436,-396,-152,-3648
-798,-2072,8448,866,-727,-73,-3616
-674,118,8540,927,-943,-148,-3616
1002,1148,7344,630,-790,-239,-3648
2336,1766,6436,51,-88,-211,-3616
3146,1952,6268,-338,438,-215,-3632
2632,1760,6952,-660,863,-98,-3632
994,1784,8092,-1054,1205,-162,-3632
-432,-136,8934,-1181,1005,-105,-3648
-506,-496,8240,-1319,982,-167,-3648
-2772,-4482,7912,-271,209,-153,-3632
-2386,-3542,8100,483,-306,-121,-3616
-1512,-1158,8034,704,-679,-129,-3648
-22,480,7832,250,-488,-193,-3648
794,302,6906,85,-182,-147,-3648
700,470,7672,196,46,-163,-3648
172,222,8628,185,88,-128,-3648
-576,688,8164,58,-45,-166,-3648
34,796,7740,-133,-113,-132,-3616
1176,-102,7326,-180,146,-113,-3648
1128,-846,7602,-190,312,-77,-3664
238,-576,7798,-113,440,-87,-3632
-558,-250,8348,-35,323,-135,-3632
-926,-124,8230,-47,122,-94,-3632
-1030,-476,8194,-3,-171,-143,-3632
-414,-982,8642,195,-310,-229,-3632
-380,-2248,8586,564,-466,-86,-3632
-1176,-1836,8758,896,-791,-15,-3648
-678,144,8242,918,-1016,-176,-3664
1632,1450,7038,515,-705,-261,-3648
2410,2354,6994,1,-18,-227,-3616
3136,2366,6568,-425,503,-199,-3648
2972,1628,6548,-718,1022,-43,-3648
822,1698,8412,-897,1194,-128,-3648
-232,804,8616,-1115,1165,-59,-3648
-348,182,8372,-1255,1045,-119,-3648
-640,-978,8332,-1278,967,-152,-3648
-2888,-4658,8404,-162,148,-137,-3632
-2554,-3388,8478,522,-412,-113,-3632
-708,564,6462,547,-664,-163,-3664
760,996,7538,170,-400,-230,-3632
1136,128,6522,44,-140,-161,-3632
330,682,6974,174,3,-160,-3664
368,578,7292,89,86,-105,-3632
-36,498,8924,-54,-81,-133,-3648
1048,-290,7646,-154,22,-117,-3632
888,-628,7754,-189,321,-102,-3616
286,-552,7730,-162,438,-80,-3616
-396,-532,8400,-54,362,-98,-3648
-722,-448,7896,-3,141,-170,-3616
-1212,-320,7710,-45,-186,-61,-3616
-122,-1018,8526,175,-269,-226,-3648
-414,-2212,8946,547,-459,-140,-3680
-1238,-1676,8926,928,-758,-18,-3632
-516,138,8130,892,-1003,-122,-3632
2200,1508,7030,526,-757,-296,-3600
2276,2136,6722,29,-1,-240,-3632
3072,2034,6854,-402,514,-224,-3632
2908,1454,7548,-692,943,-58,-3632
756,1426,7936,-892,1216,-132,-3616
16,912,8890,-1107,1204,-95,-3648
-528,-356,8826,-1174,990,-27,-3648
-872,-1500,8546,-1303,948,-151,-3680
-2552,-4552,8610,-240,226,-208,-3648
-2192,-3890,7592,499,-376,-155,-3648
-676,690,7228,645,-656,-114,-3616
706,986,6888,224,-516,-202,-3648
1010,380,7610,19,-113,-187,-3648
888,308,7642,166,56,-122,-3632
274,516,7624,119,111,-139,-3632
-274,1108,7556,4,3,-157,-3664
82,410,8898,-192,-1,-143,-3664
990,-496,7866,-203,149,-87,-3664
928,-592,7114,-212,369,-77,-3600
192,-718,7900,-126,426,-150,-3616
-468,-378,8342,-46,314,-190,-3632
-836,-326,8016,-14,74,-100,-3632
-714,-488,8380,18,-241,-169,-3648
-374,-928,8854,226,-350,-196,-3616
-34,-2280,8454,599,-462,-122,-3648
-1214,-1454,8840,959,-828,17,-3648
-128,368,8062,753,-1001,-277,-3648
2198,2294,6372,-42,8,-270,-3616
3046,2116,6626,-450,540,-223,-3648
3258,1114,7018,-687,1059,-66,-3648
982,1520,8890,-928,1231,-201,-3648
-60,1220,8456,-1112,1132,-81,-3680
-376,-276,8848,-1225,1026,-106,-3664
-1358,-2332,9034,-930,748,-155,-3632
-2766,-4834,9344,129,-58,-177,-3632
-2218,-2768,8922,667,-544,-129,-3632
166,470,8200,383,-532,-177,-3632
1044,410,7312,182,-290,-178,-3664
956,-60,7694,68,-25,-99,-3632
366,792,6968,45,120,-128,-3632
392,456,7340,52,166,-135,-3648
90,368,8804,-132,5,-147,-3648
378,314,7634,-197,18,-80,-3680
738,-260,7222,-144,188,-177,-3616
448,-838,7658,-107,350,-145,-3616
-276,-502,8216,1,302,-132,-3648
-672,-210,8154,66,87,-203,-3648
-1208,-18,8354,30,-129,-134,-3664
-226,-1048,8076,132,-299,-231,-3632
78,-1186,8238,335,-360,-172,-3632
-470,-1934,8602,671,-557,-62,-3632
-1078,-728,8558,957,-892,20,-3632
-52,456,7648,748,-920,-232,-3664
2064,1298,7314,378,-364,-230,-3616
2254,2056,7180,-121,113,-194,-3632
2350,2068,6848,-487,536,-268,-3680
2522,1322,6948,-714,1134,-13,-3616
994,1088,8434,-1025,1200,-101,-3648
-568,260,8822,-1134,1038,-74,-3632
-490,52,8558,-1208,932,-134,-3616
-1228,-3370,9370,-798,651,-197,-3648
-2398,-4990,9710,251,-146,-146,-3648
-828,182,7466,597,-569,-138,-3648
722,926,6566,67,-320,-234,-3632
1228,632,6998,-24,-44,-229,-3632
402,446,7130,144,87,-100,-3648
-76,568,7726,96,80,-208,-3632
-362,816,7892,-64,-41,-139,-3632
128,756,7796,-224,11,-134,-3664
882,-272,7040,-136,116,-66,-3632
744,-666,7118,-144,353,-134,-3632
202,-370,7320,-97,363,-137,-3664
-562,18,8118,-13,211,-141,-3632
-1106,-232,8322,80,-36,-121,-3632
-682,-592,8042,47,-265,-177,-3648
-186,-802,8422,251,-327,-218,-3616
-546,-2156,8670,594,-490,-157,-3648
-1048,-1538,8772,1001,-868,-35,-3648
-490,-78,7640,908,-989,-232,-3648
1866,1334,7198,439,-453,-239,-3648
2314,1988,7162,-83,-3,-265,-3648
2614,1830,7094,-405,517,-200,-3616
3098,1456,7056,-652,1072,-11,-3616
918,1832,7962,-952,1205,-174,-3648
-196,1010,9042,-1167,1129,-93,-3632
-298,-180,8500,-1257,1063,-87,-3600
-408,-1264,7706,-1174,878,-139,-3664
-2686,-4630,8900,-49,122,-151,-3632
-2596,-3312,8952,586,-452,-187,-3632
-1008,2,7482,545,-581,-165,-3616
444,388,7378,220,-400,-204,-3600
722,128,7862,120,-143,-206,-3664
650,274,7294,182,49,-130,-3664
202,68,7816,169,74,-130,-3616
-656,658,8760,43,-83,-122,-3648
46,422,7994,-109,-112,-151,-3616
1200,-174,7194,-170,109,-158,-3616
912,-1024,7814,-139,346,-159,-3616
240,-832,7942,-48,361,-98,-3680
-600,200,7366,-43,166,-179,-3616
-990,-424,8174,-14,-244,-213,-3632
-258,-1010,8442,229,-325,-138,-3648
-444,-2242,8328,612,-500,-67,-3648
-1132,-954,8526,966,-869,-21,-3616
-582,-68,8124,870,-1013,-187,-3632
1894,1624,7608,470,-548,-224,-3664
2650,2232,6480,-25,46,-221,-3632
2436,2098,6774,-418,533,-241,-3632
2976,1530,7244,-699,1083,-39,-3664
1040,1792,8202,-962,1223,-182,-3632
-170,930,8238,-1166,1140,-78,-3664
-306,-112,8360,-1222,1019,-94,-3648
-376,-1358,8326,-1186,919,-152,-3632
-2774,-4610,8570,-100,93,-128,-3648
-2670,-3136,9096,664,-481,-149,-3648
-794,580,6774,469,-652,-196,-3616
966,1050,7236,158,-334,-216,-3648
1128,160,7218,68,-98,-178,-3616
180,638,7372,198,28,-72,-3616
152,264,7768,135,73,-108,-3616
-60,902,7638,-103,-18,-207,-3648
476,460,7520,-208,-30,-133,-3616
1112,-112,7100,-231,235,-111,-3632
556,-462,7008,-234,443,-156,-3632
-118,-490,8176,-157,457,-143,-3632
-676,-266,8104,-20,189,-157,-3632
-1388,-348,8712,18,-75,-141,-3632
-500,-990,8196,74,-243,-257,-3664
-276,-1014,8272,282,-365,-162,-3648
-748,-2398,8550,763,-611,-91,-3648
-1100,-760,8540,1037,-983,32,-3632
112,834,7592,674,-962,-294,-3632
2458,1916,6408,171,-208,-203,-3648
3298,2284,5934,-344,301,-258,-3648
2220,2106,6072,-681,783,-151,-3648
1018,1698,8200,-1053,1226,-137,-3632
-144,754,8682,-1235,1125,-128,-3632
-814,-636,7966,-1342,961,-133,-3616
-2646,-4694,7930,-320,268,-118,-3648
-2248,-4522,7698,432,-307,-192,-3648
-1194,-770,8040,760,-680,-139,-3648
272,424,7662,305,-564,-233,-3648
894,414,6850,118,-207,-184,-3648
1086,-128,8002,142,44,-114,-3616
270,494,7890,114,115,-104,-3648
-350,742,8048,47,-4,-139,-3680
86,554,8468,-99,-57,-168,-3632
906,-398,8606,-142,96,-104,-3664
690,-926,7956,-192,376,-109,-3632
56,-740,7846,-112,429,-177,-3664
-456,-386,8156,-7,316,-159,-3632
-820,-110,8084,-20,72,-98,-3632
-1152,-582,8690,38,-231,-130,-3664
-448,-1106,8840,282,-349,-193,-3632
-140,-2188,8638,551,-446,-117,-3648
-1148,-1780,8986,935,-757,72,-3648
-700,-46,8640,914,-1028,-77,-3648
1504,1244,7062,607,-819,-262,-3648
2432,1668,6152,86,-59,-232,-3648
3060,2366,6586,-401,418,-264,-3616
2914,1558,6336,-714,876,-98,-3648
878,1892,7832,-923,1241,-160,-3648
298,1180,8662,-1118,1185,-148,-3648
-560,418,8462,-1263,1020,-85,-3616
-228,-624,7004,-1424,1030,-166,-3664
-2728,-4386,8046,-306,268,-129,-3664
-2330,-4168,7758,393,-309,-169,-3632
-832,154,6876,627,-642,-150,-3664
806,698,6882,148,-339,-162,-3632
1208,414,6918,-16,-15,-140,-3664
388,608,6774,86,86,-99,-3632
156,634,7666,27,134,-139,-3664
134,178,8930,-109,-9,-199,-3664
648,-558,8834,-118,43,-63,-3632
730,-826,6826,-122,284,-47,-3648
280,-888,7238,-121,391,-162,-3680
-508,-438,8406,26,242,-151,-3616
-854,-222,8188,74,19,-177,-3616
-938,-368,8436,76,-262,-142,-3648
-236,-986,8236,228,-354,-197,-3648
-44,-1718,8704,499,-410,-149,-3632
-832,-1536,8986,852,-685,-5,-3664
-590,194,8034,934,-957,-29,-3632
292,646,7598,622,-847,-270,-3664
2226,1852,6658,98,-85,-212,-3664
3022,2066,6498,-371,347,-244,-3632
2170,2316,6036,-650,739,-111,-3616
1616,1440,6870,-806,1177,-74,-3632
474,1054,8712,-1054,1222,-120,-3632
-540,-228,8834,-1191,1035,-112,-3616
-692,-190,8100,-1216,911,-95,-3616
-2198,-4452,9862,-523,439,-129,-3648
-2058,-4776,8068,345,-185,-136,-3648
-1294,-1196,8160,852,-670,-141,-3648
-236,574,8356,348,-547,-184,-3648
872,188,8130,123,-204,-183,-3616
1136,-466,8080,182,76,-154,-3648
128,108,8422,137,90,-106,-3632
-378,638,8522,100,30,-102,-3632
-38,540,8152,-99,-65,-126,-3664
914,-746,8472,-160,42,-156,-3632
764,-1222,8080,-148,217,-95,-3632
654,-714,6782,-106,348,-127,-3632
-162,-330,8086,-23,342,-141,-3664
-674,-192,8044,-18,80,-107,-3632
-1140,-244,7988,14,-177,-140,-3616
-252,-716,7938,110,-277,-178,-3616
32,-1560,7836,358,-390,-127,-3648
-920,-1898,8940,785,-638,-40,-3616
-400,118,8398,853,-983,-225,-3648
2280,2002,6216,113,-157,-277,-3664
3120,2172,6092,-359,300,-228,-3648
2864,1776,6604,-676,797,-110,-3648
1980,1644,6806,-838,1195,-94,-3616
482,1420,8018,-1079,1176,-97,-3616
-392,612,8894,-1261,1023,-181,-3648
-502,-262,7570,-1361,1023,-150,-3648
-2442,-4804,10200,-464,395,-139,-3632
-2368,-4536,8228,355,-207,-172,-3632
-1348,-720,7672,773,-639,-169,-3632
548,518,7176,195,-426,-268,-3632
884,272,7364,53,-140,-225,-3664
748,-104,8520,172,32,-136,-3648
452,370,7014,81,94,-121,-3664
-346,974,8014,32,-6,-166,-3616
122,394,7902,-129,-73,-179,-3616
948,-26,7842,-171,78,-119,-3616
1106,-564,6646,-217,305,-85,-3648
184,-82,7654,-138,428,-105,-3616
-392,-324,7606,8,235,-137,-3648
-966,-122,8920,47,25,-165,-3664
-686,-960,8572,-5,-210,-135,-3664
-144,-972,8372,213,-260,-159,-3664
-332,-2322,8814,574,-487,-111,-3632
-1236,-1436,9064,960,-807,88,-3632
-452,20,8390,917,-1002,-162,-3664
1060,1256,7566,473,-629,-285,-3632
2362,2318,6788,4,-13,-248,-3632
2884,2184,7042,-387,492,-248,-3664
2536,1904,6706,-682,968,-2,-3616
1292,1650,7638,-1015,1245,-128,-3616
-264,1148,8514,-1211,1123,-102,-3648
-532,160,9248,-1242,1001,-58,-3648
-774,-2354,8272,-1057,802,-169,-3648
-2546,-4816,9308,84,-23,-150,-3648
-1504,-1300,7934,873,-742,-182,-3632
1086,984,6906,111,-329,-173,-3616
1358,-14,7462,137,-71,-153,-3632
148,672,7914,151,56,-90,-3632
136,688,7802,123,41,-182,-3680
-10,888,7222,-103,-77,-176,-3616
618,670,8020,-243,15,-140,-3648
1240,-430,6930,-248,260,-86,-3616
1010,-468,6590,-230,482,-153,-3648
-4,-140,7174,-167,427,-159,-3616
-616,110,7856,-98,260,-184,-3648
-1282,-470,8194,6,-38,-118,-3648
-534,-896,8032,91,-271,-222,-3648
-332,-1264,8240,262,-362,-175,-3600
-924,-2140,8336,745,-570,-79,-3632
-942,-600,8350,1022,-961,7,-3632
-266,232,7890,830,-1027,-258,-3632
2862,1758,6624,304,-309,-273,-3600
3030,2442,5740,-276,161,-258,-3632
2722,2012,6882,-572,635,-179,-3648
1310,1570,6958,-775,1260,-50,-3648
858,1578,8218,-1089,1263,-66,-3616
-252,736,8340,-1256,1095,-172,-3664
-792,56,8676,-1326,1010,-80,-3648
-2658,-4742,8762,-468,426,-146,-3648
-2738,-4808,8638,306,-250,-121,-3648
-1928,-1728,8584,817,-725,-209,-3616
164,278,8418,377,-543,-223,-3680
922,152,7750,212,-268,-166,-3648
920,-344,8184,261,-25,-159,-3616
332,500,8284,112,107,-138,-3648
-144,626,8502,104,-2,-135,-3616
348,452,8164,-113,-29,-138,-3632
696,6,8114,-170,51,-124,-3600
880,-216,7472,-258,324,-135,-3632
448,-594,7218,-182,492,-142,-3664
-426,-228,8556,-30,346,-184,-3632
-850,-202,8724,1,119,-233,-3632
-1246,-224,8246,-26,-127,-104,-3632
-304,-1338,8720,220,-310,-205,-3648
-132,-2156,8620,489,-423,-169,-3648
-1276,-1560,8790,909,-749,54,-3616
-828,-154,8026,916,-961,-43,-3616
658,868,7160,606,-853,-296,-3616
2402,2362,6534,61,-31,-222,-3648
3218,2278,6258,-420,429,-215,-3648
2206,2242,5794,-723,856,-95,-3648
954,1586,7418,-841,1202,-149,-3648
-146,904,9284,-1030,1202,-48,-3632
-430,-194,8710,-1170,1005,-21,-3632
-598,-98,7796,-1353,961,-164,-3632
-2886,-4814,9246,-334,288,-176,-3664
-2220,-3900,7182,423,-311,-161,-3632
-546,850,7034,725,-691,-129,-3632
74,238,8152,267,-501,-208,-3632
1042,288,7764,66,-156,-157,-3632
774,184,7650,137,118,-147,-3648
258,534,7480,56,122,-143,-3616
-22,1152,7122,-115,31,-161,-3648
314,240,8430,-195,3,-143,-3648
844,-796,8628,-123,137,-56,-3616
816,-642,6822,-231,383,-44,-3616
-36,-202,7096,-149,419,-184,-3648
-506,-368,8478,18,263,-128,-3632
-976,-324,8518,27,-22,-106,-3632
-742,-532,8292,105,-274,-159,-3632
-136,-824,7768,217,-391,-197,-3632
40,-2040,8688,605,-482,-168,-3632
-982,-1614,8992,969,-831,-45,-3664
-504,234,8092,881,-962,-125,-3632
2396,1530,6932,495,-578,-214,-3600
2224,2358,6736,-41,4,-247,-3648
3132,1840,6558,-398,514,-196,-3648
2944,1204,7506,-710,975,-26,-3664
738,1488,8350,-1075,1199,-55,-3664
-344,280,8412,-1239,1089,-143,-3664
-892,-288,8298,-1302,955,-84,-3648
-2438,-4516,8416,-472,389,-136,-3648
-2426,-4302,8826,295,-217,-172,-3648
-1340,-1682,7860,752,-652,-200,-3616
66,486,8142,306,-544,-243,-3648
812,240,7222,114,-166,-169,-3616
1104,-210,8018,150,28,-147,-3648
396,320,7962,107,151,-95,-3680
-380,744,8610,50,76,-140,-3616
-80,224,8308,-72,-90,-101,-3616
692,-20,8084,-173,47,-160,-3632
882,-750,7584,-177,274,-123,-3632
380,-478,7488,-93,354,-107,-3632
-248,-430,7792,-20,286,-131,-3664
-734,-4,8038,7,71,-199,-3664
-1056,-562,8560,82,-220,-157,-3664
-206,-1014,8478,212,-334,-200,-3664
-232,-1820,8392,475,-430,-161,-3648
-978,-1712,8696,828,-679,-55,-3616
-816,-352,7976,895,-932,-86,-3616
412,1126,7274,576,-759,-242,-3648
2090,2100,6158,79,-88,-262,-3648
2972,2354,6496,-395,389,-305,-3648
2300,2448,6008,-740,883,-73,-3616
1384,1636,6222,-882,1196,-140,-3648
104,1414,8740,-1045,1165,-65,-3600
-384,82,8550,-1225,987,-151,-3632
-494,-64,7850,-1316,1017,-158,-3632
-2648,-4838,9322,-448,392,-164,-3632
-2226,-4040,7666,380,-207,-148,-3632
-940,54,6752,739,-663,-149,-3632
-18,344,7654,253,-488,-247,-3664
722,270,8560,120,-186,-165,-3632
570,-252,8088,269,8,-79,-3664
-120,74,8508,171,53,-158,-3648
40,380,8390,-115,-20,-187,-3648
330,-142,8716,-167,-61,-146,-3632
990,-832,7196,-107,230,-125,-3648
170,-580,8186,-100,398,-152,-3632
-240,-554,8250,12,264,-132,-3632
-750,172,8490,50,87,-136,-3632
-1198,-284,8632,57,-191,-133,-3648
-344,-824,8552,131,-298,-179,-3632
-54,-1876,8526,438,-371,-148,-3648
-916,-1722,8680,870,-708,-28,-3680
-872,-352,8368,936,-954,-26,-3648
354,1198,7284,579,-793,-254,-3648
2300,2204,5704,17,-88,-276,-3648
3302,2298,6136,-413,398,-265,-3648
2324,2334,6042,-714,838,-77,-3648
1140,1800,6586,-886,1197,-106,-3616
360,1336,8052,-1114,1220,-92,-3632
-472,158,8854,-1242,1035,-135,-3632
-746,-80,8252,-1294,959,-114,-3664
-2538,-4444,8558,-494,434,-150,-3632
-2112,-4354,7400,345,-200,-132,-3696
-1084,-236,7204,848,-688,-108,-3664
-192,276,8126,345,-552,-158,-3664
984,274,7376,126,-237,-150,-3632
1142,-198,7804,196,6,-163,-3632
286,448,7918,201,58,-129,-3648
-316,640,8426,123,-41,-134,-3616
180,232,8424,-61,-95,-123,-3616
922,-646,8778,-138,39,-120,-3616
1230,-366,7268,-185,280,-115,-3616
560,-698,7438,-166,456,-114,-3584
-334,-534,8242,-66,365,-142,-3648
-916,-254,8788,-21,103,-101,-3616
-1074,-758,8544,33,-238,-156,-3616
-444,-930,8646,173,-344,-116,-3616
-454,-2246,8340,624,-480,-141,-3616
-868,-388,8396,983,-984,-64,-3664
2246,1530,7174,473,-555,-244,-3616
2546,2422,6852,-79,68,-304,-3632
2530,2112,6262,-417,562,-227,-3632
3172,1058,7250,-659,1090,8,-3664
916,1606,8728,-940,1212,-145,-3600
-424,758,9022,-1150,1095,-107,-3632
-224,-94,8490,-1274,1028,-96,-3632
-890,-2166,8602,-1039,877,-123,-3632
-2812,-4662,9278,64,-11,-128,-3632
-2572,-3016,8918,739,-583,-228,-3632
-394,914,6576,423,-588,-162,-3648
924,626,7496,190,-340,-166,-3632
1140,68,7310,85,-85,-141,-3632
428,784,6746,87,56,-150,-3616
424,554,7080,99,86,-209,-3648
-84,816,8056,-49,-56,-189,-3648
562,192,7630,-206,9,-127,-3648
754,-304,7866,-173,150,-90,-3616
640,-342,7442,-261,452,-123,-3648
166,-480,6956,-175,442,-127,-3648
-614,-148,7974,-10,239,-148,-3584
-1472,-372,8654,77,-75,-107,-3648
-834,-770,8412,44,-243,-197,-3632
-382,-1246,8412,274,-350,-156,-3632
-624,-2454,8454,721,-558,-88,-3632
-1176,-570,8622,1018,-904,67,-3632
-398,304,8128,789,-1010,-252,-3632
2754,1634,6382,329,-379,-256,-3632
2582,2272,6868,-132,94,-260,-3632
2978,2068,6552,-471,592,-262,-3648
2986,1310,7460,-756,1185,41,-3632
1200,1580,7946,-1024,1242,-168,-3648
-244,796,8882,-1163,1120,-93,-3648
-750,-230,9138,-1191,983,-14,-3648
-930,-2320,8400,-1024,810,-213,-3648
-2586,-4658,9120,86,-57,-179,-3616
-1342,-1186,7888,844,-724,-147,-3632
992,802,7122,151,-317,-164,-3648
1330,176,7454,113,0,-160,-3632
438,836,7504,94,139,-84,-3632
-100,638,7944,77,95,-140,-3600
60,722,8550,-151,-9,-189,-3632
622,622,7794,-281,61,-171,-3632
1008,-422,6924,-226,232,-110,-3664
560,-648,7302,-182,420,-147,-3664
-12,-384,7352,-138,424,-176,-3648
-652,364,7610,-85,214,-120,-3616
-1276,-434,8112,64,-136,-113,-3648
-308,-926,8496,166,-289,-179,-3616
-112,-1210,8166,385,-446,-203,-3648
-660,-2100,8314,825,-632,-78,-3648
-980,-788,8726,987,-974,-20,-3616
200,836,7592,698,-929,-266,-3600
2230,1914,6726,146,-124,-216,-3632
3080,2020,6218,-360,299,-274,-3632
2292,2076,5946,-660,745,-156,-3632
1718,1634,7238,-808,1212,-110,-3632
302,1296,8260,-1069,1233,-72,-3600
-412,630,8906,-1234,1063,-146,-3648
-624,-300,8816,-1296,1040,-80,-3600
-2512,-4780,9684,-459,369,-136,-3632
-2364,-4060,7546,363,-202,-176,-3648
-2112,-2544,9090,813,-688,-126,-3648
228,412,8636,301,-503,-168,-3616
1054,174,8060,141,-226,-137,-3648
570,-8,7920,215,16,-139,-3616
222,488,7980,58,104,-143,-3648
-136,516,8866,61,80,-180,-3648
-94,232,9190,-73,-48,-179,-3648
802,-726,7808,-128,24,-170,-3664
720,-902,7298,-137,214,-65,-3616
316,-794,8258,-79,357,-129,-3616
-614,-196,7674,70,101,-184,-3616
-1288,-242,8550,64,-162,-118,-3664
-194,-876,8550,246,-351,-215,-3616
-130,-1798,8250,532,-464,-121,-3648
-808,-1708,8878,891,-732,11,-3616
-546,-44,7964,843,-928,-118,-3648
1196,1132,7074,528,-679,-269,-3648
2088,2284,7032,50,-30,-210,-3680
2878,2206,6562,-378,416,-238,-3648
2666,1898,6288,-726,878,-119,-3648
962,1608,7614,-854,1158,-124,-3632
-282,1058,9236,-1017,1142,-85,-3632
-668,122,9302,-1161,979,-90,-3632
-474,-366,7612,-1303,957,-160,-3632
-2674,-4410,8524,-383,357,-175,-3632
-2256,-3526,7348,434,-259,-150,-3664
-1412,-1564,8124,759,-656,-127,-3632
42,524,7280,230,-502,-263,-3632
900,460,7360,44,-130,-171,-3600
1098,-464,8710,233,48,-135,-3648
-36,0,8054,177,85,-90,-3616
-736,766,8580,80,-47,-190,-3616
54,500,8176,-121,-59,-201,-3616
732,-460,8588,-117,0,-100,-3648
920,-1070,7484,-102,238,-92,-3648
20,-704,7960,-32,352,-130,-3648
-576,-402,8892,41,276,-144,-3616
-700,-200,8682,49,50,-156,-3600
-1084,-878,8550,73,-214,-166,-3632
-418,-864,9106,158,-302,-208,-3600
-260,-2420,8706,440,-374,-145,-3600
-932,-1984,8502,867,-725,-53,-3632
-812,-164,8612,963,-958,-44,-3632
984,1060,7234,565,-682,-240,-3648
2102,2008,6940,12,-51,-255,-3616
3066,1846,6780,-376,451,-242,-3648
2680,1952,6366,-691,942,-43,-3616
752,1810,8496,-1051,1213,-114,-3616
-246,974,8438,-1238,1098,-175,-3648
-598,-234,7804,-1383,979,-131,-3632
-2624,-4188,7924,-299,247,-156,-3648
-2134,-3414,7112,578,-401,-225,-3648
-390,706,6882,513,-573,-161,-3648
656,472,7660,191,-411,-261,-3616
914,40,7812,54,-149,-195,-3616
700,312,7284,130,94,-123,-3664
282,116,7724,200,70,-159,-3632
-416,644,8590,32,-90,-138,-3632
270,346,7850,-129,-88,-192,-3664
1002,-260,7474,-181,154,-81,-3632
944,-984,7534,-111,346,-131,-3648
-150,-574,8798,-71,397,-118,-3648
-476,-308,7666,-32,209,-148,-3616
-1256,116,8758,-6,-14,-104,-3648
-872,-710,9260,55,-221,-156,-3680
-332,-1584,8392,289,-353,-168,-3616
-658,-2404,8644,745,-570,-3,-3648
-1168,-702,8472,988,-920,48,-3648
-520,30,8562,844,-1029,-268,-3616
2672,2020,6102,272,-228,-201,-3632
2742,2172,6514,-244,186,-289,-3632
2288,2340,6204,-604,691,-209,-3664
1944,1084,7194,-722,1175,-73,-3632
1056,1686,8078,-1016,1242,-116,-3616
-342,694,8674,-1182,1072,-109,-3632
-434,84,8212,-1311,1002,-86,-3632
-2374,-5076,9804,-701,666,-146,-3616
-2418,-4708,8760,393,-204,-172,-3648
-1436,-650,7456,720,-727,-87,-3648
418,602,7460,272,-482,-240,-3616
972,474,7468,127,-183,-149,-3648
790,-350,8720,283,-41,-154,-3616
-58,46,8292,166,54,-168,-3648
146,926,7676,-114,-29,-165,-3632
578,330,7834,-186,1,-135,-3632
1044,-252,7570,-221,264,-49,-3648
494,-710,6898,-192,464,-106,-3648
-166,-582,8352,-116,415,-107,-3648
-570,66,7954,-62,143,-137,-3616
-1208,-144,7986,7,-120,-53,-3616
-420,-1318,8282,133,-301,-182,-3648
-204,-2014,8924,406,-403,-178,-3648
-918,-2256,8694,840,-704,-91,-3632
-1122,-346,8438,1017,-981,15,-3632
310,1082,7386,742,-958,-275,-3600
2354,2180,6292,194,-180,-240,-3632
2948,2372,6198,-363,312,-267,-3664
2144,2266,5994,-688,776,-151,-3632
1160,1512,7416,-781,1218,-64,-3632
812,1498,8422,-1072,1209,-65,-3616
-234,594,8616,-1263,1107,-132,-3600
-750,-112,8100,-1312,953,-34,-3648
-2598,-4966,9148,-459,458,-103,-3648
-2566,-4736,8912,319,-192,-200,-3648
-1850,-2030,8542,845,-713,-185,-3648
-88,378,8612,393,-614,-222,-3648
1098,216,7508,188,-271,-158,-3648
1088,-186,7934,209,-43,-104,-3648
502,444,8074,123,99,-94,-3648
-262,726,8892,90,67,-114,-3648
186,376,8032,-110,-13,-133,-3632
712,298,7850,-263,57,-118,-3632
1002,-348,7380,-247,342,-75,-3632
420,-354,7248,-187,463,-100,-3632
-22,-346,7284,-84,331,-167,-3632
-1110,144,8778,-27,119,-195,-3632
-1470,-434,8912,25,-213,-140,-3648
-256,-1414,8212,239,-326,-199,-3616
-104,-2198,8822,512,-421,-119,-3584
-1330,-1546,8932,927,-798,-3,-3648
-122,604,8012,778,-969,-271,-3616
2280,2200,6822,75,-84,-261,-3632
3066,2186,6612,-420,467,-264,-3648
3068,1366,7158,-717,919,-102,-3616
1044,1438,7426,-879,1206,-184,-3648
-44,988,9182,-1077,1132,-104,-3616
-394,-70,8634,-1223,980,-88,-3648
-746,-1756,8316,-1338,998,-157,-3648
-2776,-5060,8956,-168,180,-139,-3648
-2398,-3728,8060,443,-349,-197,-3632
-528,728,6826,609,-654,-141,-3632
1064,744,7076,158,-436,-181,-3632
1032,360,7784,14,-68,-136,-3664
498,356,7446,168,74,-133,-3632
334,518,7048,36,145,-154,-3632
-216,606,8428,-56,88,-174,-3648
-2,300,8938,-182,-50,-169,-3632
882,-636,7814,-130,129,-158,-3632
572,-896,7052,-158,318,-75,-3648
90,-684,7682,-102,389,-128,-3648
-564,-346,8518,31,222,-147,-3648
-926,-28,8096,26,-10,-174,-3616
-810,-534,8476,104,-293,-164,-3648
-286,-1086,8744,258,-375,-191,-3648
-248,-1958,9186,575,-446,-108,-3616
-1020,-1640,8958,928,-780,0,-3648
-440,-38,8114,900,-974,-86,-3632
528,1014,7238,555,-761,-271,-3600
2120,2114,6696,44,-25,-240,-3632
2928,1914,6714,-358,440,-298,-3664
2886,1330,7444,-696,849,-132,-3632
960,1520,8352,-914,1176,-159,-3664
-146,498,9166,-1068,1127,-102,-3632
-556,-298,8740,-1153,956,-113,-3664
-588,-918,8464,-1252,918,-151,-3664
-2500,-4570,8264,-189,133,-137,-3632
-1836,-2270,8986,830,-624,-165,-3616
438,662,7470,212,-460,-240,-3600
1144,368,6474,-34,-56,-172,-3632
536,648,7470,103,117,-121,-3648
-28,504,7900,122,87,-100,-3616
-480,806,7878,-51,-16,-157,-3632
274,508,7176,-226,-2,-182,-3632
852,-82,7670,-201,145,-100,-3664
804,-704,7120,-153,322,-143,-3632
142,-520,7564,-87,373,-107,-3632
-468,-372,7954,37,189,-176,-3632
-1064,-140,9042,33,-16,-124,-3632
-958,-322,8794,47,-264,-165,-3648
-206,-1166,8022,282,-356,-157,-3632
-428,-2248,8874,611,-495,-115,-3648
-1232,-1332,9126,990,-856,18,-3616
-554,-76,8428,904,-974,-134,-3648
1488,1096,7266,488,-539,-174,-3648
2058,1922,7724,14,-23,-276,-3616
2578,1634,7238,-379,476,-202,-3648
2794,798,7894,-629,1104,0,-3648
822,1482,8650,-937,1171,-152,-3632
-284,1064,9118,-1156,1075,-140,-3632
-126,-26,8506,-1273,1024,-98,-3632
-1478,-3444,9612,-1038,813,-138,-3664
-2530,-4966,9322,56,8,-169,-3632
-2442,-2964,8078,647,-497,-183,-3664
-184,1138,7368,388,-540,-194,-3600
962,384,7940,154,-288,-186,-3632
974,-506,8144,141,-73,-150,-3648
272,108,8096,139,55,-111,-3648
320,404,7384,162,46,-172,-3616
-180,630,8748,-41,-112,-161,-3648
484,-224,7886,-159,-38,-131,-3648
700,-582,7954,-149,148,-100,-3648
820,-488,7200,-178,414,-89,-3632
-302,-122,7640,5,196,-177,-3616
-1198,-142,8206,-28,-147,-149,-3648
-292,-970,8360,159,-263,-190,-3632
-170,-1928,8592,472,-415,-88,-3632
-900,-1704,8524,869,-703,25,-3664
-1032,-444,8410,923,-964,-79,-3648
384,766,7326,624,-861,-273,-3632
2384,1982,5972,113,-99,-262,-3648
3260,2372,6242,-388,357,-272,-3648
2272,2424,5908,-726,857,-130,-3648
978,1808,7774,-894,1200,-139,-3616
368,1132,8292,-1110,1219,-59,-3680
-382,-62,8564,-1168,979,-96,-3648
-304,-506,7838,-1391,993,-168,-3648
-2812,-4488,8242,-375,359,-175,-3664
-2104,-4788,7400,491,-313,-171,-3632
-1230,-184,7766,717,-670,-190,-3632
330,708,6844,260,-541,-268,-3632
1002,452,7492,100,-180,-181,-3632
988,-438,8426,292,-15,-104,-3632
18,100,8614,230,38,-113,-3632
-528,712,8082,65,-77,-201,-3632
132,438,8890,-129,-41,-139,-3648
1084,-718,8672,-115,83,-132,-3632
972,-946,7706,-190,358,-103,-3632
-46,-474,7656,-127,428,-147,-3680
-214,-502,8212,-43,351,-132,-3680
-754,-804,8578,52,59,-156,-3648
-1234,-480,9242,24,-207,-141,-3616
-462,-1352,8210,204,-345,-269,-3648
-82,-2236,8092,567,-450,-123,-3648
-1206,-1680,9194,960,-865,-23,-3648
-510,138,8070,944,-1018,-133,-3616
2436,1570,6966,473,-643,-228,-3648
2238,2332,6410,-26,-26,-285,-3664
3276,2088,6550,-435,538,-259,-3632
3090,1242,7178,-695,1002,-36,-3632
444,1530,8230,-1093,1254,-74,-3616
-324,458,8306,-1264,1080,-169,-3648
-704,-276,8170,-1348,994,-112,-3664
-2666,-4636,8478,-375,346,-162,-3632
-2322,-3676,7362,375,-268,-238,-3664
-1458,-1262,7660,737,-726,-140,-3632
278,518,7992,283,-522,-198,-3632
922,168,7286,151,-227,-155,-3664
786,-122,8046,189,-12,-175,-3648
290,608,7746,115,80,-102,-3648
-330,810,8948,-7,39,-127,-3616
134,154,8142,-145,4,-146,-3616
1134,-192,7342,-220,144,-115,-3648
992,-776,6886,-265,428,-164,-3648
322,-430,7574,-155,442,-133,-3648
-338,-488,8152,11,290,-232,-3648
-1118,-102,8378,-1,53,-106,-3664
-864,-926,8322,24,-236,-158,-3632
-184,-1544,8538,283,-376,-166,-3664
-248,-2302,8570,673,-493,-96,-3648
-1284,-1168,8678,995,-870,104,-3632
-426,62,8378,871,-1057,-196,-3632
2768,1684,7094,439,-538,-252,-3648
2178,2272,7056,-64,47,-218,-3648
3018,1844,6370,-414,555,-256,-3616
3084,1158,7820,-686,1072,25,-3616
1192,1358,8290,-970,1228,-135,-3648
-166,926,8632,-1126,1118,-105,-3648
-456,-120,8922,-1191,976,-8,-3648
-932,-2286,8822,-1186,907,-171,-3648
-2590,-4818,8948,-54,52,-156,-3648
-2436,-3446,7672,602,-459,-188,-3632
-396,1148,7450,503,-621,-128,-3632
1192,950,7136,131,-378,-186,-3632
1448,114,7274,21,-59,-161,-3664
626,356,7402,132,102,-85,-3632
118,394,7812,86,86,-124,-3664
142,562,8866,-168,12,-203,-3648
826,-262,7276,-233,247,-142,-3648
518,-918,6782,-152,430,-210,-3632
-302,-572,8612,-44,331,-156,-3664
-800,52,8240,31,136,-119,-3648
-1172,-322,7886,64,-166,-131,-3648
-302,-1076,7688,179,-320,-215,-3616
26,-1528,8712,355,-394,-190,-3616
-580,-1928,8352,781,-647,-73,-3616
-900,-752,8338,1014,-936,-35,-3616
76,618,7776,718,-936,-264,-3680
2168,1898,6644,193,-197,-229,-3648
2546,2340,6528,-331,243,-254,-3680
2274,2102,5982,-613,695,-139,-3616
1986,1484,7112,-748,1202,-98,-3632
554,1240,8336,-1066,1203,-129,-3664
-308,728,8954,-1213,1100,-129,-3664
-620,-354,8766,-1186,944,-76,-3632
-2406,-4564,10242,-618,531,-104,-3664
-2326,-4264,7818,266,-154,-205,-3632
-2076,-3042,9284,816,-631,-209,-3632
-158,606,8476,375,-529,-179,-3632
838,216,8590,205,-233,-164,-3632
978,124,7816,108,-40,-187,-3616
526,586,7720,65,165,-156,-3648
-234,374,8702,152,64,-129,-3648
-32,282,8808,-46,-46,-147,-3648
120,368,7992,-171,-9,-201,-3648
760,-358,7442,-197,214,-98,-3616
648,-922,7698,-75,323,-106,-3648
-94,-500,8136,-28,321,-100,-3648
-758,6,7892,17,30,-232,-3616
-998,-182,8662,22,-190,-144,-3648
-492,-1002,8994,171,-300,-226,-3616
-18,-1716,8168,437,-384,-177,-3616
-760,-1824,8958,787,-632,-52,-3616
-358,-168,8062,867,-945,-185,-3632
1948,1378,7520,450,-490,-188,-3648
2858,2188,6252,-260,217,-305,-3664
2496,2148,6000,-598,669,-166,-3664
2324,1116,7600,-741,1177,-86,-3648
734,1196,8716,-989,1176,-61,-3632
-636,314,8964,-1157,1001,-157,-3632
-408,-114,7908,-1270,978,-143,-3632
-1868,-3926,10230,-616,549,-156,-3632
-2330,-5136,9016,337,-200,-148,-3664
-1920,-1902,8886,868,-650,-172,-3632
-154,1044,8218,324,-521,-237,-3648
1116,-8,8094,169,-216,-138,-3664
860,-550,8674,244,-1,-73,-3632
54,228,8078,163,68,-94,-3632
-38,680,7840,81,48,-148,-3616
94,426,8228,-63,-80,-156,-3648
696,-168,8760,-129,-19,-101,-3648
684,-712,7380,-124,172,-84,-3616
558,-400,7072,-139,437,-138,-3680
98,-612,7568,-41,342,-146,-3648
-732,-238,8634,36,88,-172,-3648
-1302,-334,8766,30,-169,-92,-3648
-420,-704,8062,108,-267,-187,-3648
-104,-1772,8080,345,-375,-184,-3664
-872,-2184,9138,787,-602,-48,-3664
-980,-292,8382,982,-943,-2,-3664
-138,388,7574,730,-939,-309,-3632
2592,1550,6596,232,-247,-223,-3632
2970,2090,6470,-258,231,-280,-3632
2440,2024,6486,-565,660,-156,-3648
2362,1156,7456,-692,1165,-32,-3632
758,1304,8510,-1072,1260,-142,-3632
-480,250,8772,-1231,1078,-158,-3616
-672,-68,8460,-1220,917,-81,-3648
-1820,-3916,10070,-659,583,-151,-3648
-2636,-3440,9558,871,-629,-194,-3632
-378,742,8470,449,-601,-181,-3632
932,192,8438,236,-355,-242,-3600
1372,-396,8126,196,-30,-179,-3616
272,242,7940,164,64,-137,-3648
80,582,7994,178,19,-131,-3584
-50,882,8342,-104,-55,-106,-3616
1080,346,7432,-276,59,-138,-3648
1090,-546,7458,-234,295,-87,-3616
880,-536,6998,-206,483,-101,-3616
22,18,7528,-178,462,-135,-3648
-488,288,7220,-118,236,-138,-3648
-1386,-340,8490,-9,-122,-108,-3648
-582,-866,8658,67,-239,-213,-3648
-58,-1786,7328,321,-382,-102,-3600
-1020,-1862,8638,805,-629,-63,-3632
-898,-372,8294,971,-1009,-35,-3632
934,1156,7222,633,-864,-254,-3632
2648,2132,5648,100,-123,-251,-3648
3046,2560,6122,-378,364,-280,-3632
2600,2014,6032,-726,863,-96,-3648
850,1874,7624,-806,1266,-103,-3648
496,1068,8384,-1063,1168,-80,-3648
-634,532,9008,-1268,1015,-111,-3648
-538,-550,7758,-1404,1068,-117,-3616
-2764,-4540,8494,-287,288,-119,-3648
-2526,-4830,8512,458,-338,-145,-3648
-1302,-506,7662,681,-726,-199,-3648
472,582,7574,283,-528,-250,-3616
894,366,7394,170,-202,-154,-3600
704,-320,8556,289,-34,-103,-3632
220,366,7922,97,41,-190,-3600
-100,762,8068,37,11,-210,-3664
174,688,8630,-109,-72,-175,-3664
718,-206,8964,-149,101,-113,-3632
1014,-582,7020,-228,391,-125,-3632
126,-430,7710,-154,459,-98,-3632
-606,-92,7430,-40,208,-138,-3616
-1444,-138,8628,6,-65,-118,-3648
-382,-1334,8406,100,-289,-167,-3648
-160,-1424,7968,356,-389,-153,-3648
-828,-2404,8528,851,-643,-17,-3632
-1168,-446,8496,977,-953,21,-3632
168,804,7464,761,-1016,-337,-3632
3064,1448,6540,270,-231,-220,-3616
2748,2244,6586,-263,245,-233,-3632
2098,2298,6206,-620,660,-191,-3632
1628,1472,6972,-783,1226,-51,-3632
1148,1390,8112,-1035,1214,-125,-3648
-376,758,8928,-1210,1082,-126,-3616
-606,-44,8026,-1233,946,-161,-3648
-2390,-4810,9930,-627,553,-178,-3648
-2536,-4846,9330,309,-171,-117,-3616
-2150,-2546,9140,886,-729,-162,-3616
-94,242,8350,392,-605,-186,-3616
1088,406,7836,143,-306,-210,-3648
1210,-94,8122,148,21,-170,-3632
352,528,7696,115,95,-145,-3632
-158,452,8550,117,84,-156,-3600
156,430,8694,-136,-6,-177,-3664
686,402,8178,-251,65,-116,-3632
974,-100,7218,-265,314,-82,-3664
498,-732,6860,-174,437,-210,-3632
-236,-194,7898,-106,379,-100,-3616
-854,-246,8008,-37,145,-146,-3648
-1220,-462,7852,59,-225,-154,-3648
-406,-1156,8628,239,-332,-226,-3648
38,-1856,8132,406,-422,-139,-3648
-1136,-1750,9202,880,-753,-35,-3648
-872,-264,8310,960,-983,-44,-3616
450,988,7306,654,-830,-302,-3648
2302,1968,6404,69,-56,-208,-3632
3108,2042,6802,-371,327,-269,-3632
2300,2364,6168,-698,773,-157,-3632
812,1890,8254,-963,1224,-201,-3648
-332,998,8852,-1180,1107,-132,-3584
-666,-62,8562,-1340,1018,-131,-3616
-2634,-4894,9374,-299,297,-131,-3632
-2428,-3962,8038,415,-345,-201,-3648
-672,176,7334,719,-674,-201,-3616
122,376,8596,236,-446,-284,-3616
892,118,8016,104,-178,-170,-3648
586,-16,8014,212,54,-141,-3616
502,344,7356,89,160,-107,-3648
-354,422,9030,-1,65,-152,-3616
18,142,8714,-75,-75,-106,-3648
536,-536,8714,-84,20,-146,-3632
918,-938,6684,-164,277,-106,-3632
308,-852,7376,-112,405,-104,-3600
-372,-382,8376,53,250,-110,-3664
-972,94,8430,76,19,-174,-3632
-752,-348,7990,45,-243,-162,-3664
-356,-1078,8502,183,-282,-189,-3664
-20,-1862,8778,499,-430,-140,-3632
-910,-1548,9218,863,-694,10,-3664
-1056,-520,8942,907,-896,-32,-3616
316,484,7162,639,-845,-249,-3680
2162,1944,6756,72,-47,-253,-3648
2972,2174,6176,-382,393,-318,-3648
2722,1960,6674,-688,854,-89,-3616
792,1506,8194,-830,1154,-134,-3680
436,1200,8752,-1067,1176,-57,-3632
-530,28,8496,-1179,999,-116,-3664
-414,-86,7798,-1315,968,-157,-3600
-2782,-4558,8344,-400,375,-143,-3632
-2232,-4756,8676,410,-213,-126,-3632
-566,1110,7220,601,-607,-139,-3616
300,670,7220,128,-357,-262,-3616
886,380,7154,16,-80,-198,-3648
450,256,7426,189,85,-102,-3616
104,432,7696,127,92,-194,-3648
94,362,9086,-81,-37,-138,-3664
966,-398,7478,-119,50,-100,-3616
884,-898,7452,-124,335,-148,-3648
46,-478,7616,-107,379,-150,-3664
-412,-390,8446,6,236,-157,-3648
-1066,-184,8802,37,1,-119,-3616
-682,-594,8486,66,-291,-158,-3616
-384,-838,8546,179,-308,-201,-3616
-298,-2104,8602,537,-456,-146,-3632
-1146,-1446,9066,972,-820,-30,-3632
-412,354,8122,944,-1001,-150,-3632
1036,1274,7542,487,-597,-265,-3664
2278,2222,7058,14,-16,-270,-3632
2916,1928,7132,-365,490,-232,-3632
2696,1814,6940,-682,961,-36,-3616
956,1730,7160,-908,1189,-125,-3632
-154,1224,9072,-1116,1125,-126,-3648
-292,-180,8970,-1249,1048,-116,-3648
-624,-578,8174,-1302,936,-151,-3648
-2560,-4498,8190,-213,217,-181,-3648
-2364,-3488,7880,469,-371,-143,-3616
-402,996,7036,596,-629,-121,-3616
74,534,7496,176,-442,-187,-3648
838,236,7074,86,-163,-185,-3648
796,352,7138,154,70,-160,-3616
246,350,7620,127,71,-118,-3600
-512,1064,8030,2,-30,-121,-3600
148,580,7474,-159,-89,-121,-3632
1188,-8,7156,-227,146,-154,-3632
990,-658,7044,-221,400,-127,-3632
442,-558,7246,-120,443,-125,-3632
-388,-342,8276,-35,299,-151,-3632
-980,-164,8258,-62,132,-122,-3632
-760,-1066,8672,76,-292,-211,-3632
-412,-1394,9006,264,-315,-166,-3632
-396,-2238,8768,644,-533,-169,-3648
-680,164,7898,921,-975,-50,-3648
2764,1724,7044,294,-270,-228,-3632
2820,2334,6386,-263,203,-289,-3616
2268,2378,5842,-602,666,-211,-3616
1656,1710,6932,-817,1218,-42,-3648
322,1246,8226,-1031,1213,-104,-3648
-560,660,8750,-1197,1032,-131,-3648
-434,292,8264,-1385,1034,-152,-3632
-2526,-4848,9266,-444,441,-154,-3616
-2370,-4612,7966,395,-244,-152,-3616
-974,-270,6894,804,-723,-193,-3648
138,190,7996,322,-539,-240,-3648
1080,8,8192,166,-236,-160,-3616
734,-334,8512,290,-33,-116,-3600
138,172,7914,182,39,-140,-3632
70,666,7992,74,-8,-223,-3632
82,602,9204,-78,-48,-179,-3664
896,-522,8552,-101,4,-91,-3632
958,-480,7476,-192,311,-111,-3648
340,-612,7350,-145,467,-183,-3632
-354,-816,8562,-34,359,-148,-3632
-828,-500,8634,16,125,-171,-3648
-1100,-554,8434,31,-223,-126,-3648
-366,-966,9064,183,-320,-180,-3648
-168,-2018,9016,555,-416,-142,-3648
-1112,-1762,8614,988,-825,-7,-3616
-724,276,8590,903,-1000,-131,-3616
2050,1392,6764,518,-716,-250,-3648
2336,2198,6164,2,3,-228,-3632
3356,2244,6268,-424,486,-238,-3632
3008,1662,7178,-717,908,-55,-3632
898,1550,7762,-884,1224,-147,-3664
282,994,7864,-1117,1183,-99,-3632
-520,58,9286,-1207,1005,-143,-3600
-742,-1482,8204,-1353,971,-219,-3632
-2738,-4688,8754,-275,219,-103,-3648
-2494,-3200,8888,607,-445,-206,-3648
-658,378,7168,511,-617,-174,-3648
678,650,7172,207,-417,-218,-3632
938,392,7120,60,-126,-138,-3632
620,710,7344,116,126,-136,-3648
118,508,7782,125,101,-113,-3616
-504,800,7818,-123,-8,-173,-3648
356,602,7246,-271,4,-160,-3632
876,-274,7780,-179,230,-120,-3632
600,-920,7658,-144,407,-113,-3616
-110,-826,7762,-112,404,-209,-3648
-716,-216,8162,5,222,-248,-3616
-1450,-304,8646,53,-122,-120,-3648
-428,-1400,8580,178,-297,-171,-3648
-338,-1690,8842,428,-438,-172,-3648
-946,-1776,8410,830,-635,-6,-3632
-1300,-1040,9140,1034,-957,39,-3664
-178,340,8248,781,-1019,-256,-3632
2858,1810,6198,258,-242,-223,-3632
2930,2278,5912,-247,220,-273,-3632
2374,2036,6502,-577,627,-198,-3632
2400,1210,7562,-770,1183,-37,-3616
680,1348,8432,-1068,1219,-33,-3616
-562,432,8416,-1235,1060,-129,-3648
-214,-182,7284,-1354,1029,-135,-3616
-2054,-4346,9728,-523,454,-158,-3616
-2548,-4804,8792,394,-212,-130,-3616
-1702,-1344,8300,836,-761,-143,-3648
472,350,7910,308,-504,-212,-3616
1194,134,8256,144,-185,-142,-3648
922,-362,8244,226,11,-114,-3648
96,310,7976,110,106,-120,-3632
-292,590,8586,9,140,-136,-3632
110,520,8650,-107,-27,-159,-3632
662,-354,8582,-144,14,-71,-3632
444,-778,7494,-149,408,-83,-3632
-164,-670,7974,-18,295,-135,-3664
-790,-312,8428,56,67,-182,-3664
-1130,-106,7934,47,-166,-138,-3616
-60,-726,8202,250,-335,-189,-3648
-308,-1838,7736,683,-536,-38,-3632
-1032,-786,8296,936,-914,2,-3680
86,488,7550,745,-900,-266,-3616
2626,1554,6642,242,-243,-242,-3632
2780,1944,6220,-224,164,-240,-3632
2376,2076,6194,-591,657,-162,-3616
2570,1516,6994,-783,1188,-60,-3600
792,1230,8426,-1042,1185,-103,-3632
-254,426,8692,-1183,1111,-124,-3664
-542,-232,8810,-1199,941,-40,-3632
-1410,-3268,9594,-830,683,-209,-3632
-2362,-4882,9296,198,-135,-192,-3664
-2432,-3284,9110,768,-553,-178,-3680
-452,976,8094,419,-567,-172,-3632
1024,358,8194,202,-302,-188,-3632
1304,-398,8664,112,-6,-171,-3616
186,488,8192,129,102,-127,-3616
56,486,7690,112,105,-112,-3648
-70,780,8172,-76,-37,-204,-3648
634,58,8228,-230,-20,-146,-3616
840,-374,7494,-195,171,-112,-3616
766,-732,7526,-136,353,-111,-3648
-46,-346,7448,-76,347,-112,-3616
-460,48,7880,-23,195,-163,-3616
-1252,-156,8710,-12,-70,-131,-3632
-410,-776,8040,81,-298,-179,-3632
-208,-1434,8474,316,-329,-175,-3632
-708,-2208,8412,696,-566,-66,-3632
-1152,-1222,8674,988,-910,1,-3632
-256,326,7926,853,-950,-214,-3632
2522,1994,6910,317,-344,-198,-3632
2160,2266,7778,-154,81,-285,-3648
2722,1664,6416,-507,602,-194,-3632
2602,1180,8192,-641,1121,-7,-3648
792,1258,8454,-948,1184,-86,-3648
-478,868,8774,-1168,1036,-145,-3632
-128,-220,8984,-1255,1007,-92,-3616
-1932,-3644,10460,-741,651,-98,-3648
-2482,-4970,8696,201,-92,-167,-3648
-1968,-2172,9102,796,-615,-215,-3616
-216,898,8062,415,-565,-167,-3632
1036,284,8368,193,-326,-177,-3632
926,-436,8402,186,-70,-105,-3632
412,372,7658,113,99,-100,-3632
244,376,7774,145,69,-162,-3632
-6,566,8390,-63,-66,-168,-3632
664,-130,7808,-156,-28,-165,-3664
1120,-172,6472,-223,185,-66,-3648
726,-758,7592,-135,378,-109,-3632
12,-746,7994,-36,384,-62,-3616
-612,-162,8314,-20,207,-177,-3616
-1108,292,8018,-12,-61,-132,-3616
-488,-842,8024,44,-203,-192,-3648
-26,-1598,8154,266,-341,-170,-3616
-940,-2236,8852,722,-553,-120,-3616
-1016,-794,8272,977,-946,50,-3648
-274,348,7870,756,-964,-271,-3648
2910,1600,6468,325,-313,-233,-3632
2980,2232,6060,-177,149,-283,-3632
2742,2018,6386,-531,610,-203,-3664
2628,1170,7608,-694,1185,1,-3632
930,1084,8526,-988,1186,-113,-3632
-714,432,9382,-1178,1072,-119,-3632
-444,-74,7564,-1299,963,-116,-3632
-1432,-3512,9620,-650,597,-133,-3648
-2478,-5062,9556,318,-149,-113,-3648
-2156,-2200,8952,889,-660,-105,-3616
-154,88,8260,449,-636,-198,-3648
1208,194,8196,186,-322,-210,-3616
1092,-374,8730,235,-53,-173,-3648
242,438,7646,157,71,-142,-3648
-314,900,7914,-5,-43,-143,-3632
904,86,8194,-167,12,-105,-3616
1042,-372,7540,-249,299,-106,-3600
342,-570,7324,-197,460,-103,-3632
18,-324,7326,-147,428,-146,-3648
-578,326,7906,-82,202,-172,-3632
-1158,-74,7672,-39,-122,-159,-3632
-462,-1150,8514,129,-261,-227,-3616
-238,-1586,7864,349,-353,-127,-3648
-886,-1888,8126,831,-696,-75,-3616
-854,-58,8146,971,-996,-33,-3648
780,1268,6992,658,-903,-301,-3616
2736,1966,6078,61,-106,-246,-3648
3356,2408,5316,-425,371,-253,-3648
2418,2366,6074,-727,836,-99,-3648
982,1902,6862,-830,1238,-119,-3648
650,1170,8134,-1078,1210,-75,-3664
-484,614,9014,-1272,1122,-175,-3632
-718,-370,7608,-1356,1004,-125,-3664
-2642,-4554,8162,-417,400,-187,-3632
-2470,-4614,8260,407,-270,-172,-3632
-1356,-1034,8320,767,-724,-151,-3664
264,436,7792,342,-565,-220,-3664
934,-38,8842,166,-273,-182,-3648
918,-198,7848,193,-12,-191,-3600
468,506,7968,93,113,-100,-3616
-396,754,8524,105,47,-109,-3616
36,274,8720,-72,-53,-167,-3648
800,-426,8308,-147,8,-111,-3616
806,-524,8054,-224,347,-139,-3616
314,-624,7086,-177,457,-120,-3616
-218,-666,7756,-71,365,-207,-3648
-1166,-242,8330,20,84,-95,-3648
-1106,-452,8234,-3,-210,-165,-3648
-204,-1022,8556,218,-339,-179,-3648
-278,-2092,8506,547,-462,-152,-3648
-1262,-1060,8436,935,-838,63,-3648
-28,638,7832,755,-1026,-279,-3600
2816,1872,6012,123,-61,-230,-3648
3102,2558,6254,-397,404,-272,-3664
2602,2066,5926,-708,796,-135,-3632
814,1754,7486,-883,1211,-136,-3616
556,1114,8448,-1096,1192,-32,-3648
-598,364,8886,-1203,1004,-119,-3648
-386,-326,7382,-1369,987,-140,-3648
-2864,-4578,8454,-195,216,-141,-3632
-2478,-3522,7744,533,-347,-152,-3632
-314,1246,7236,592,-669,-169,-3664
406,814,7336,142,-429,-217,-3632
1198,498,6806,19,-79,-177,-3600
470,412,7440,197,55,-98,-3632
168,252,7952,96,114,-140,-3616
-418,912,8312,-83,18,-198,-3632
46,504,8210,-192,-26,-186,-3632
742,-632,7820,-108,96,-129,-3648
660,-1132,7820,-126,352,-148,-3648
-12,-660,7394,-109,348,-135,-3648
-552,-432,8736,21,250,-111,-3616
-1136,-750,8754,66,-12,-107,-3648
-1016,-628,7776,108,-295,-169,-3616
-240,-798,8962,255,-363,-212,-3648
-288,-2182,8804,603,-477,-126,-3648
-974,-1288,8818,971,-847,2,-3616
-728,-210,8416,918,-1010,-168,-3664
1224,1278,7338,525,-643,-258,-3632
2226,2244,7326,37,-43,-261,-3632
2800,1838,7160,-345,451,-253,-3632
2562,1606,7152,-660,935,-133,-3632
782,1754,7754,-908,1198,-169,-3664
-88,1172,8628,-1113,1164,-67,-3632
-248,-84,8572,-1247,1056,-95,-3648
-2298,-4730,9828,-419,355,-192,-3616
-2260,-4306,8110,387,-256,-126,-3648
-1162,-1162,8008,767,-646,-143,-3680
126,522,7910,190,-419,-224,-3632
882,424,6468,0,-106,-171,-3616
608,406,7150,109,107,-145,-3664
282,226,7796,114,158,-132,-3664
-370,526,8414,-36,-16,-133,-3632
106,542,7726,-175,-28,-87,-3632
984,-350,7406,-207,138,-116,-3664
832,-722,7258,-173,337,-113,-3632
-86,-492,7758,-65,395,-133,-3664
-312,-294,8038,24,244,-196,-3664
-1050,78,8254,-16,20,-89,-3632
-722,-740,8508,55,-255,-147,-3632
-148,-750,8680,226,-308,-202,-3616
-224,-2032,8262,544,-457,-103,-3616
-1126,-1314,8912,938,-787,8,-3648
-240,10,7586,826,-942,-152,-3616
952,970,7020,513,-633,-275,-3648
2074,2196,6814,-1,-18,-269,-3648
3018,2032,6568,-399,466,-192,-3648
3128,1244,7478,-648,964,-50,-3648
866,1706,7584,-895,1164,-143,-3616
-242,1024,8948,-1044,1138,-87,-3632
-158,66,8454,-1236,993,-67,-3632
-640,-1752,8558,-1346,1000,-130,-3632
-2822,-4698,8816,-261,234,-152,-3632
-2304,-3830,7468,468,-311,-143,-3664
-596,900,7012,582,-602,-153,-3664
148,440,8088,158,-373,-222,-3648
890,234,7352,11,-118,-177,-3632
636,112,7354,171,56,-166,-3600
186,354,7560,134,69,-124,-3648
-238,496,8282,20,-11,-176,-3648
14,410,8854,-112,-84,-141,-3648
944,-384,7294,-162,69,-116,-3648
98,-382,7916,-129,367,-144,-3632
-240,-408,8070,7,253,-125,-3648
-886,-38,8514,32,54,-117,-3648
-956,-436,8588,55,-244,-128,-3632
-452,-952,8976,206,-307,-222,-3616
-238,-2256,8654,565,-469,-159,-3648
-1066,-1580,9088,988,-797,-69,-3616
-490,108,8124,925,-1007,-199,-3616
740,946,7258,518,-664,-228,-3648
2206,2016,7070,22,-46,-258,-3680
2986,1834,7084,-347,461,-228,-3664
2872,1318,7968,-616,934,-83,-3632
670,1774,8076,-861,1188,-133,-3632
-14,812,8494,-1109,1151,-70,-3632
-514,-192,9476,-1172,954,-97,-3632
-530,-104,7936,-1371,991,-167,-3616
-2784,-4528,8354,-295,227,-191,-3664
-2288,-4056,7522,528,-308,-174,-3632
-798,750,7298,658,-615,-129,-3632
-270,412,8212,254,-509,-322,-3616
882,426,6796,45,-196,-163,-3648
938,164,7556,184,63,-138,-3648
216,114,7650,174,67,-82,-3616
-440,834,7854,48,-83,-200,-3648
148,760,7996,-176,-49,-207,-3648
1192,-256,7710,-212,125,-139,-3648
1010,-712,7292,-236,399,-100,-3632
242,-692,7198,-161,447,-121,-3632
-816,50,8866,-44,278,-168,-3664
-1064,-306,9184,45,30,-110,-3664
-832,-1054,8706,72,-246,-198,-3632
-418,-1536,9018,266,-350,-225,-3632
-106,-2366,8406,646,-509,-96,-3648
-1250,-1482,9284,1039,-887,4,-3664
-446,-216,8192,931,-1074,-202,-3648
2504,1446,7426,429,-515,-248,-3616
2520,2392,6468,-78,49,-234,-3648
2940,1964,6626,-464,574,-202,-3648
812,1690,7518,-909,1221,-139,-3680
-384,746,8750,-1194,1088,-131,-3616
-442,-262,8502,-1245,981,-123,-3632
-2660,-4868,10338,-666,590,-127,-3664
-2902,-4814,9570,278,-145,-222,-3632
-1134,36,7530,866,-727,-164,-3632
162,-44,8590,366,-568,-243,-3632
982,-152,8704,210,-277,-171,-3632
516,-312,8680,284,-94,-130,-3632
268,486,7832,134,39,-103,-3648
78,506,8602,107,74,-195,-3616
208,140,8772,-95,-44,-178,-3616
680,-448,8838,-111,45,-81,-3648
962,-432,7428,-176,303,-72,-3616
508,-812,7668,-129,448,-104,-3648
-440,-804,8924,-21,370,-129,-3616
-998,-496,8500,34,113,-145,-3648
-1424,-314,8142,10,-207,-76,-3648
-236,-1252,8260,183,-287,-226,-3680
-358,-2302,9288,473,-462,-144,-3632
-1326,-1814,9194,924,-721,-29,-3600
-1136,-410,8496,957,-1008,22,-3632
416,822,7090,664,-941,-268,-3632
2392,1952,6858,124,-120,-218,-3632
2770,2416,6560,-366,286,-214,-3648
2118,2226,5710,-680,781,-146,-3632
1324,1458,7152,-822,1192,-98,-3664
270,1100,8868,-1078,1231,-97,-3632
-468,782,9000,-1244,1061,-111,-3648
-630,-90,7440,-1280,964,-44,-3680
-2522,-4716,9594,-481,458,-145,-3648
-2262,-4432,7802,364,-240,-159,-3680
-2004,-2366,8718,845,-716,-183,-3616
-30,192,7986,397,-608,-224,-3648
1046,408,7970,111,-210,-160,-3648
1022,-72,7658,195,47,-139,-3648
312,520,7596,118,98,-93,-3616
44,906,7718,-101,-8,-173,-3632
740,424,7992,-304,88,-141,-3616
1024,-494,7198,-216,275,-138,-3632
742,-956,7166,-186,425,-169,-3616
-272,-230,7554,-124,348,-123,-3632
-912,-266,8412,-35,117,-98,-3648
-1220,-410,7936,31,-214,-133,-3648
-210,-660,8052,175,-311,-227,-3616
-14,-2048,8134,474,-404,-159,-3648
-1068,-1510,8890,886,-755,-29,-3648
-794,-386,8250,935,-996,-67,-3648
670,1444,7162,548,-787,-314,-3648
2330,2192,6046,-6,-60,-259,-3648
3266,2074,6570,-389,403,-270,-3600
2406,2160,6120,-672,837,-146,-3632
1100,1602,7220,-839,1221,-171,-3632
28,1200,8356,-1096,1167,-112,-3632
-54,140,8496,-1270,1052,-121,-3632
-602,-268,8238,-1335,1013,-95,-3632
-2560,-4814,8824,-354,313,-140,-3664
-2356,-3722,7576,381,-277,-219,-3632
-1570,-1778,8340,745,-642,-162,-3648
148,326,8484,268,-497,-233,-3664
836,10,8014,152,-201,-173,-3616
606,-76,7734,204,23,-167,-3648
320,396,8134,82,153,-150,-3648
-294,584,8614,56,69,-188,-3648
60,136,8758,-90,-55,-170,-3648
662,-608,8188,-115,52,-140,-3680
786,-544,7310,-195,312,-110,-3648
272,-640,7712,-61,349,-104,-3616
-464,-464,8644,76,192,-137,-3616
-836,22,8188,84,11,-216,-3632
-1142,-416,8468,72,-241,-177,-3632
-332,-1148,8998,211,-334,-213,-3632
-142,-2192,8714,504,-435,-136,-3632
-1008,-1660,9580,868,-665,-44,-3664
-1044,-446,8682,957,-953,-35,-3664
274,524,7910,650,-821,-225,-3632
2048,1674,6738,115,-72,-257,-3648
2900,2048,6872,-325,342,-241,-3616
2866,1496,6770,-657,827,-78,-3616
1470,1288,6988,-828,1149,-113,-3616
224,962,8966,-1007,1155,-74,-3648
-536,-38,9048,-1157,972,-110,-3632
-142,-682,7286,-1332,971,-133,-3632
-2316,-4574,9156,-465,404,-114,-3632
-2062,-4466,8154,408,-220,-110,-3632
-1218,-866,7538,808,-602,-151,-3664
310,588,7266,243,-491,-233,-3632
978,200,7634,54,-155,-215,-3632
922,-32,8524,218,47,-143,-3632
150,2,7684,153,93,-168,-3664
-328,666,7880,40,17,-103,-3648
148,420,8364,-107,-49,-201,-3648
926,-648,8598,-123,17,-93,-3616
874,-1042,7418,-150,246,-139,-3680
570,-500,6860,-128,402,-117,-3616
-70,-308,7922,-6,320,-91,-3648
-738,-100,8406,0,77,-103,-3680
-1010,-584,8540,35,-205,-168,-3648
-374,-816,7724,138,-318,-210,-3648
-6,-1682,8450,453,-378,-166,-3616
-806,-2194,8834,842,-710,-29,-3600
-758,-80,8430,966,-955,-131,-3600
380,866,7072,649,-838,-246,-3664
2364,2156,6122,48,-107,-257,-3632
3338,2026,5982,-405,366,-266,-3632
2450,2338,5782,-664,780,-163,-3616
808,1724,7852,-856,1198,-115,-3632
-288,984,9270,-1099,1173,-79,-3632
-364,168,8696,-1234,1039,-108,-3632
-472,-600,7798,-1383,976,-152,-3632
-2670,-4486,7962,-315,236,-160,-3632
-2212,-2716,9028,805,-611,-203,-3648
-206,464,8762,430,-598,-178,-3616
896,122,7912,190,-277,-169,-3664
1116,-90,7652,194,1,-135,-3648
296,406,7764,183,103,-122,-3616
-330,492,8796,146,-52,-100,-3616
68,470,8692,-61,-119,-159,-3600
914,-264,8478,-147,19,-157,-3632
970,-762,7574,-171,318,-137,-3664
602,-710,7594,-176,454,-88,-3616
-218,-344,8152,-43,374,-180,-3648
-940,258,8476,-61,112,-181,-3616
-896,-350,7752,10,-157,-127,-3648
-226,-1658,8532,165,-277,-204,-3648
-306,-2028,9172,492,-417,-107,-3648
-1274,-2002,8900,895,-718,-59,-3680
-738,-20,8234,979,-998,-64,-3648
298,654,7616,608,-871,-270,-3648
2394,2134,6420,95,-51,-222,-3648
3162,2388,6044,-400,380,-306,-3632
3012,1822,6278,-725,862,-102,-3632
1418,1372,7032,-834,1225,-124,-3600
198,1300,8756,-1073,1174,-86,-3664
-392,400,8230,-1255,1067,-127,-3632
-598,-44,8314,-1403,1030,-142,-3648
-2632,-4980,9214,-368,332,-140,-3632
-2306,-4326,7680,421,-271,-99,-3632
-1058,316,6612,780,-722,-209,-3648
92,154,8084,256,-531,-211,-3648
1074,104,7960,135,-173,-157,-3648
680,-26,8008,261,-20,-110,-3616
386,276,7324,109,57,-112,-3648
18,734,7950,52,37,-220,-3616
148,374,8974,-80,-87,-192,-3648
1084,-740,8354,-128,95,-103,-3616
386,-556,7316,-229,508,-93,-3648
-350,-798,8718,-24,384,-155,-3648
-970,-672,9228,17,107,-166,-3648
-1378,-46,8010,2,-199,-188,-3648
-340,-980,8066,162,-316,-246,-3632
-236,-2468,8990,557,-461,-139,-3632
-1258,-1936,9552,993,-816,-14,-3632
-612,-176,8476,1017,-1013,-90,-3664
640,1050,7122,593,-794,-301,-3632
2338,2150,6976,57,-39,-241,-3632
3238,1928,6296,-427,471,-253,-3632
2422,2144,5498,-716,889,-88,-3648
834,1748,7512,-874,1213,-121,-3600
60,1156,8752,-1127,1203,-44,-3616
-506,-92,8854,-1254,1032,-81,-3616
-844,-198,8098,-1364,968,-63,-3616
-2520,-4574,8220,-293,256,-175,-3648
-2238,-3824,7586,472,-361,-190,-3648
-478,704,7110,692,-715,-156,-3648
40,384,8202,260,-517,-197,-3680
1040,440,6978,62,-168,-120,-3648
1116,366,7098,144,81,-148,-3616
242,386,7832,134,98,-124,-3600
-366,806,8408,4,22,-141,-3632
168,642,8170,-177,-25,-138,-3632
1022,-266,7774,-183,152,-108,-3632
1034,-540,7044,-227,408,-73,-3632
288,-596,7590,-181,450,-83,-3600
-240,-292,7668,-48,348,-123,-3632
-1032,-44,8626,-62,94,-136,-3632
-1302,-314,8590,-5,-251,-182,-3616
-346,-1270,8730,239,-342,-181,-3616
-130,-2076,8500,638,-500,-123,-3648
-1280,-1146,8832,946,-855,34,-3648
-368,130,8080,897,-1030,-224,-3616
2606,1686,7228,449,-543,-256,-3616
2302,2270,6976,-25,12,-271,-3648
2966,1958,6654,-414,523,-237,-3648
3154,1256,7284,-728,1050,-35,-3632
574,1080,8468,-1035,1204,-61,-3664
-610,400,8788,-1244,1005,-93,-3648
-328,-286,7608,-1411,1058,-114,-3632
-2696,-4672,8342,-274,257,-132,-3632
-2530,-3438,8040,447,-326,-155,-3664
-1372,-878,8288,680,-695,-187,-3664
468,316,7818,231,-444,-274,-3664
974,390,7350,77,-135,-162,-3632
340,494,7024,210,38,-127,-3632
234,304,7878,78,172,-147,-3600
-58,542,8064,5,29,-158,-3632
-8,440,8976,-110,-35,-103,-3632
700,-568,8944,-125,36,-94,-3648
730,-850,7100,-174,298,-158,-3616
-36,-944,8078,-64,393,-122,-3648
-572,-716,8968,70,215,-143,-3616
-816,-64,8166,78,0,-155,-3616
-1028,-506,8192,54,-232,-134,-3648
-134,-1364,8610,237,-379,-242,-3616
-398,-2114,9520,526,-452,-158,-3616
-732,-1898,8914,939,-719,20,-3616
-854,-364,8362,947,-936,-39,-3664
592,770,7870,659,-820,-276,-3632
1912,1812,7462,145,-99,-240,-3632
2770,2212,6274,-336,303,-210,-3632
2428,1894,6380,-638,778,-144,-3632
820,1458,7770,-833,1184,-130,-3632
1006,1420,7968,-1046,1193,-95,-3616
-488,-216,8820,-1174,991,-81,-3648
-582,-236,7862,-1312,938,-168,-3616
-2530,-4582,8880,-365,320,-161,-3616
-2102,-4028,7378,402,-229,-117,-3648
-752,80,7092,742,-642,-133,-3648
-184,348,7768,215,-467,-229,-3616
796,680,7660,5,-141,-213,-3648
1130,-34,7140,161,94,-125,-3648
-520,818,8276,111,17,-164,-3600
190,642,7980,-143,-60,-160,-3632
696,86,8506,-189,61,-133,-3616
954,-706,7222,-170,239,-139,-3664
284,-294,7624,-128,401,-151,-3648
-166,-364,7714,-31,322,-111,-3648
-806,-112,8480,9,82,-99,-3616
-1150,-290,8342,8,-229,-128,-3648
-324,-610,8228,136,-313,-227,-3680
-60,-1716,8216,442,-392,-157,-3648
-924,-1636,8454,868,-689,-75,-3648
-906,-534,8412,968,-957,-125,-3664
490,1366,7660,607,-794,-290,-3632
2184,2168,6212,74,-103,-278,-3664
3264,2100,6500,-380,366,-248,-3632
2500,2092,6536,-669,837,-93,-3600
1018,1648,7382,-786,1193,-120,-3632
-20,1324,8186,-1092,1179,-105,-3632
-388,386,8606,-1233,1035,-105,-3648
-660,-92,8746,-1346,1034,-99,-3616
-2546,-4736,8646,-416,375,-148,-3648
-2296,-3870,7494,372,-251,-156,-3648
-1800,-2178,8628,822,-685,-184,-3648
2,264,8648,299,-502,-264,-3616
752,42,7766,149,-231,-207,-3584
682,96,7210,213,-13,-170,-3648
262,180,7976,155,101,-117,-3616
-258,664,8664,123,-19,-140,-3648
20,70,8568,-37,-127,-131,-3632
930,-252,8162,-116,5,-143,-3632
1038,-624,7706,-165,297,-111,-3632
366,-684,7690,-140,443,-121,-3664
-400,-476,8422,7,326,-123,-3632
-1014,24,8524,50,95,-191,-3600
-1326,-202,8606,27,-182,-159,-3664
-302,-1432,8554,194,-301,-245,-3632
-440,-2506,9586,545,-480,-141,-3632
-1008,-602,8516,984,-985,-66,-3632
408,670,7868,600,-776,-264,-3648
2104,1876,7182,80,-68,-247,-3632
2976,1974,7132,-374,457,-287,-3632
2984,1420,7378,-675,935,-31,-3632
1146,1922,7840,-877,1189,-157,-3632
-174,932,9364,-1088,1151,-79,-3632
-492,-276,8658,-1194,1000,-128,-3632
-314,-1090,8032,-1206,942,-192,-3600
-2844,-4628,8588,-94,102,-122,-3648
-2672,-3100,9124,623,-442,-197,-3648
-870,584,6984,501,-664,-99,-3648
780,1062,6574,133,-392,-229,-3648
1266,168,7230,44,-97,-187,-3648
288,678,7660,250,27,-94,-3616
84,252,8048,153,45,-170,-3648
-168,644,7592,-30,-56,-166,-3616
352,382,8194,-188,-54,-116,-3616
988,-102,7560,-193,145,-68,-3632
988,-606,7434,-226,441,-97,-3632
54,-560,7306,-179,469,-116,-3632
-780,-332,8872,-20,297,-122,-3632
-1372,-406,8868,37,8,-128,-3632
-1058,-682,8788,67,-265,-198,-3632
-406,-1504,8774,286,-363,-169,-3632
-750,-2744,9164,740,-578,-144,-3632
-1232,-1776,9392,1107,-947,-2,-3648
-614,142,8630,928,-1068,-206,-3648
2598,1424,6934,435,-473,-202,-3648
2596,2232,7274,-88,42,-260,-3648
3102,2010,6912,-429,592,-222,-3648
3088,1136,7470,-698,1149,3,-3616
916,1662,8194,-953,1212,-155,-3616
-276,862,8878,-1178,1144,-156,-3616
-242,0,8792,-1260,1061,-107,-3616
-1524,-3210,9236,-894,753,-157,-3680
-2812,-4688,9024,80,-39,-141,-3632
-1258,-610,7714,764,-726,-142,-3632
240,570,8242,327,-554,-208,-3648
992,-24,7486,119,-54,-204,-3648
382,584,8028,98,106,-175,-3664
354,670,7666,105,109,-167,-3648
-158,880,7770,-118,-18,-180,-3616
450,600,7812,-225,29,-133,-3616
1032,-370,7194,-275,244,-123,-3616
922,-732,7112,-180,468,-141,-3648
-22,-578,7570,-133,426,-96,-3648
-662,-238,7892,-19,205,-223,-3616
-1392,-314,8494,-9,-62,-117,-3616
-626,-870,8308,99,-302,-194,-3616
-150,-1392,8172,341,-423,-158,-3648
-678,-2096,8264,745,-568,-48,-3632
-1046,-322,8364,970,-932,9,-3664
-218,260,8006,790,-1014,-300,-3632
3036,1652,6768,299,-301,-232,-3664
2796,2288,6138,-182,133,-280,-3664
2712,1928,6882,-482,573,-247,-3616
2970,1022,7734,-734,1182,-5,-3632
1128,1330,8288,-1033,1229,-101,-3664
-436,372,8896,-1156,1078,-78,-3632
-276,-24,8276,-1219,968,-126,-3648
-1308,-2996,9646,-916,749,-143,-3616
-2660,-4948,9010,172,-129,-147,-3648
-2194,-2408,9086,797,-646,-162,-3648
-272,1104,7352,409,-597,-215,-3616
1326,544,7534,129,-285,-213,-3648
1330,-250,7746,104,26,-163,-3648
14,730,8144,111,115,-131,-3648
-40,702,8198,62,132,-162,-3632
44,564,7704,-154,-1,-165,-3632
530,274,8364,-242,60,-104,-3632
826,-352,6918,-189,198,-73,-3632
458,-384,7002,-192,451,-80,-3632
-560,-720,8326,101,139,-132,-3648
-1450,-474,9532,100,-156,-91,-3648
-716,-1044,8704,127,-323,-185,-3648
30,-1224,8280,345,-408,-194,-3632
-756,-1774,8454,742,-602,-99,-3632
-942,-50,8014,1006,-950,-20,-3648
-376,134,8436,764,-946,-237,-3616
2646,1606,6820,330,-276,-179,-3632
2494,2284,6780,-200,113,-261,-3664
2286,2280,5686,-506,602,-199,-3632
2860,1080,7644,-707,1177,50,-3632
1026,1606,8210,-1043,1209,-109,-3632
14,642,8376,-1213,1102,-130,-3600
-310,-320,8826,-1207,975,-94,-3648
-1210,-2774,9274,-833,677,-152,-3632
-2544,-4608,9068,149,-85,-134,-3632
-2078,-2412,8922,711,-583,-204,-3616
-312,1016,7758,428,-543,-150,-3648
1044,278,7470,173,-305,-169,-3648
1174,-62,7816,71,-21,-174,-3648
500,410,7848,71,138,-121,-3680
146,632,7716,94,103,-125,-3648
-212,640,7762,-78,-15,-143,-3680
508,472,7730,-284,-13,-108,-3648
968,-574,6998,-204,193,-136,-3584
528,-606,7884,-120,398,-85,-3632
-168,-630,7896,-47,326,-123,-3664
-606,-100,7538,38,137,-194,-3632
-1386,-582,8990,92,-164,-153,-3632
-390,-1316,8814,143,-332,-187,-3632
34,-1200,8018,354,-386,-167,-3648
-582,-2116,8176,749,-571,-52,-3616
-1086,-878,8574,970,-901,2,-3616
46,578,8032,769,-940,-226,-3648
2572,1642,6706,307,-263,-170,-3648
2568,1984,6546,-204,148,-290,-3648
2304,2054,6396,-551,630,-177,-3648
958,1618,8498,-918,1164,-129,-3632
-250,656,8278,-1199,1086,-128,-3664
-476,-84,8920,-1261,1024,-139,-3648
-926,-1988,8802,-914,736,-131,-3648
-2630,-4846,9276,136,-57,-165,-3648
-2326,-2744,9050,773,-575,-180,-3648
92,772,7858,364,-545,-176,-3616
1034,694,7596,138,-273,-214,-3664
1096,-250,7916,136,-30,-140,-3664
284,468,7186,138,66,-172,-3632
-8,768,8348,116,119,-143,-3632
-300,744,8652,-65,-62,-143,-3600
298,294,7834,-192,-61,-113,-3664
1014,-210,6960,-155,191,-113,-3664
868,-778,7028,-175,384,-153,-3616
38,-426,8040,-87,386,-131,-3632
-602,-176,8064,22,161,-156,-3648
-1342,46,8880,64,-90,-154,-3648
-950,-538,8980,53,-269,-191,-3616
-160,-1088,8446,235,-330,-202,-3616
-496,-2126,7958,673,-553,-95,-3648
-1058,-470,8312,975,-898,2,-3616
-388,124,8058,793,-992,-268,-3648
2532,1610,6946,307,-358,-199,-3648
2696,2226,6616,-161,112,-274,-3648
2380,2386,6050,-489,619,-179,-3648
2996,1216,7416,-695,1139,-41,-3632
1082,1882,8054,-1009,1236,-139,-3664
-42,876,8528,-1204,1103,-139,-3632
-634,106,8558,-1197,978,-85,-3632
-828,-1900,8908,-1036,832,-160,-3632
-2606,-4860,9000,76,-15,-165,-3664
-2550,-2868,9652,754,-538,-167,-3632
-796,836,7580,485,-602,-188,-3648
832,840,6886,186,-391,-242,-3632
1186,-200,7828,137,-107,-179,-3632
264,388,8136,251,42,-99,-3648
-394,800,8242,120,-51,-96,-3648
104,674,8192,-135,-61,-158,-3664
1092,-86,7684,-194,92,-80,-3616
974,-752,7884,-252,326,-101,-3648
388,-428,7268,-166,475,-129,-3632
-384,-130,8158,-80,376,-167,-3632
-748,-338,8128,-85,157,-158,-3632
-1272,-170,8088,-63,-200,-184,-3616
-264,-684,8004,153,-303,-243,-3632
-254,-2214,8400,615,-482,-96,-3648
-1240,-1282,8590,963,-921,-17,-3616
-330,366,7686,882,-1039,-228,-3648
2828,1732,6868,418,-488,-246,-3648
2356,2296,6906,-81,67,-235,-3648
2974,1906,6668,-449,601,-175,-3648
2902,1048,8040,-680,1135,-10,-3616
964,1476,8218,-955,1209,-140,-3648
-310,1152,8672,-1159,1124,-103,-3664
14,-26,8538,-1287,1061,-99,-3664
-1682,-3728,10100,-1060,863,-124,-3664
-2768,-4906,9312,83,13,-177,-3632
-2570,-3354,8312,717,-584,-146,-3664
-62,864,7836,442,-623,-183,-3632
1178,318,7734,217,-368,-151,-3632
1028,134,7230,120,-138,-177,-3584
420,608,6962,105,35,-182,-3632
354,492,7590,101,72,-156,-3664
4,750,8692,-43,-30,-121,-3680
152,574,8388,-213,-11,-120,-3648
920,-112,6860,-220,184,-101,-3648
796,-408,7152,-257,461,-137,-3648
126,-362,7234,-161,465,-137,-3648
-562,-216,8336,-51,245,-219,-3648
-1258,-130,8242,-4,-24,-151,-3648
-486,-716,8242,21,-212,-157,-3648
-170,-1650,8004,265,-368,-153,-3616
-386,-2612,8682,708,-538,-113,-3664
-1014,-242,8104,970,-1031,-4,-3616
1816,1280,7254,554,-720,-266,-3664
2350,2380,7448,17,3,-217,-3648
3082,2270,6558,-410,482,-276,-3616
2942,1440,6664,-691,982,-63,-3648
800,1768,8578,-926,1211,-155,-3616
-254,714,9164,-1101,1137,-112,-3616
-620,-188,8908,-1153,978,-147,-3648
-1398,-3604,9726,-1144,881,-160,-3632
-2788,-4638,8646,52,30,-168,-3632
-2548,-3374,8658,711,-562,-172,-3664
-158,942,8084,470,-647,-187,-3632
1200,426,7514,161,-370,-175,-3664
1316,424,6906,41,-27,-143,-3632
658,452,7044,148,105,-86,-3632
-58,408,8276,101,128,-139,-3664
-262,920,7678,-107,-3,-169,-3616
294,702,7922,-273,68,-118,-3648
930,-582,7206,-180,205,-85,-3648
624,-686,7474,-210,419,-96,-3616
-30,-256,7452,-133,437,-116,-3648
-658,-234,7700,-24,202,-147,-3648
-1366,-606,9146,91,-151,-126,-3648
-660,-1236,8712,168,-338,-162,-3632
-206,-1580,8324,348,-386,-198,-3632
-904,-1912,8726,776,-604,-96,-3632
-1186,-1244,9186,1060,-960,6,-3632
-208,222,8104,824,-1016,-239,-3632
2616,1540,6910,323,-292,-199,-3600
2346,2168,7206,-151,112,-271,-3616
2498,1754,6804,-518,617,-165,-3664
2482,1224,7808,-735,1204,-95,-3648
760,1340,8300,-1030,1192,-170,-3616
-412,514,9060,-1246,1058,-103,-3648
-784,-258,8330,-1239,985,-71,-3616
-2074,-4304,10518,-525,489,-117,-3648
-2252,-2988,8866,731,-604,-202,-3648
206,400,8518,238,-442,-241,-3632
908,38,7384,62,-144,-166,-3648
530,128,7552,176,28,-136,-3648
334,344,7840,71,166,-136,-3616
-336,610,8652,-9,62,-136,-3648
186,114,8166,-81,-65,-92,-3680
662,-556,8558,-127,34,-127,-3648
730,-1024,7348,-145,308,-145,-3616
354,-888,7326,-76,355,-109,-3648
-514,-570,8594,58,215,-117,-3632
-1080,-218,8742,73,-4,-177,-3632
-824,-656,8594,79,-288,-167,-3632
-244,-1230,9020,294,-378,-203,-3632
-144,-1948,8842,589,-492,-122,-3648
-1036,-1856,9134,963,-805,-19,-3664
-578,-72,8594,902,-966,-129,-3632
1448,1242,7678,615,-750,-258,-3648
2032,1748,7170,59,-18,-254,-3616
2962,1916,6626,-363,420,-304,-3648
2838,1590,7316,-642,890,-56,-3680
800,1544,8370,-931,1163,-173,-3616
0,910,8478,-1091,1117,-98,-3648
-348,192,8504,-1190,967,-76,-3632
-264,-346,7708,-1370,982,-152,-3632
-2664,-4464,7834,-231,200,-139,-3664
-2338,-3192,8082,492,-341,-139,-3632
-534,1260,7310,578,-585,-151,-3632
456,728,7166,129,-382,-273,-3632
930,536,7116,-14,-71,-188,-3632
416,302,7208,195,68,-151,-3632
140,216,7804,116,97,-114,-3648
-386,838,7824,-62,7,-140,-3664
54,342,7854,-148,-68,-156,-3616
860,-442,7978,-136,128,-106,-3648
1126,-774,7110,-153,302,-138,-3648
-16,-368,7644,-128,417,-128,-3680
-706,-88,8488,25,140,-139,-3632
-1328,-310,8156,38,-181,-126,-3632
-398,-426,8034,91,-292,-188,-3648
-10,-1710,8172,359,-359,-137,-3648
-760,-1924,8556,828,-701,-60,-3632
-1000,-420,8336,950,-982,-37,-3616
312,1036,7326,644,-783,-219,-3600
2128,2156,6414,95,-150,-272,-3616
3278,2192,6176,-347,337,-249,-3648
2336,2160,6320,-664,795,-109,-3648
1566,1628,6950,-793,1188,-90,-3616
260,1240,8440,-1050,1174,-79,-3648
-364,196,8876,-1256,1027,-110,-3616
-722,-196,8790,-1290,937,-92,-3648
-2468,-4622,9808,-460,427,-160,-3648
-2192,-4342,7520,323,-194,-176,-3680
-1296,-616,7636,850,-658,-161,-3632
-20,350,8400,383,-581,-221,-3600
782,78,8390,187,-283,-125,-3632
1156,-248,7626,197,-29,-158,-3632
164,280,7972,175,83,-131,-3664
-108,418,8392,172,-10,-154,-3632
56,556,8590,-81,-77,-169,-3632
970,-386,8060,-160,46,-94,-3664
1256,-366,6690,-176,274,-123,-3648
510,-776,8096,-138,429,-94,-3680
-226,-538,7914,-76,369,-108,-3648
-750,92,8330,-38,197,-180,-3616
-1236,-424,8440,19,-148,-135,-3648
-566,-1418,9250,139,-267,-198,-3648
-178,-2402,8260,443,-395,-187,-3616
-1242,-2042,9134,931,-698,-8,-3648
-964,-564,8476,999,-1029,-51,-3648
208,668,7714,697,-942,-273,-3648
2232,1958,6536,175,-182,-271,-3632
3040,2276,6448,-333,320,-246,-3632
2284,2428,6178,-695,822,-101,-3632
842,1790,8222,-970,1194,-137,-3616
-576,558,8938,-1189,1069,-107,-3616
-88,264,8014,-1295,1021,-83,-3648
-1576,-3652,9748,-696,664,-136,-3632
-2756,-5072,9462,264,-157,-181,-3632
-2256,-2220,9102,895,-708,-180,-3632
-112,1016,7670,385,-589,-227,-3648
1112,288,7870,198,-317,-161,-3632
1094,-568,8278,243,-62,-134,-3632
12,424,8516,159,13,-144,-3616
52,800,7966,78,59,-119,-3616
92,734,8082,-100,-41,-177,-3680
644,90,8716,-178,-9,-101,-3648
998,-420,7444,-178,250,-92,-3648
574,-706,7434,-239,491,-144,-3616
-42,-586,7796,-113,448,-159,-3648
-896,-82,8642,11,159,-205,-3616
-1074,-286,7550,32,-104,-185,-3616
-538,-1212,8142,107,-266,-206,-3616
-218,-1368,8518,327,-374,-174,-3664
-928,-2022,8036,804,-642,-62,-3632
-812,196,7776,992,-954,14,-3632
-128,568,7762,721,-1019,-292,-3632
2932,1966,6264,199,-201,-215,-3632
3032,2470,6134,-288,226,-256,-3632
2330,1844,7308,-585,646,-204,-3648
2520,1148,7164,-788,1259,-35,-3664
806,1664,8246,-1102,1264,-155,-3648
-356,340,8516,-1237,1104,-151,-3648
-586,-384,8582,-1215,933,-132,-3648
-1836,-4380,10392,-609,569,-138,-3680
-2528,-4718,9120,297,-173,-132,-3648
-1702,-1568,8132,866,-708,-186,-3616
-98,528,8260,416,-602,-183,-3648
1250,152,8232,230,-304,-230,-3648
1074,-374,8690,213,-44,-151,-3648
244,368,8182,140,103,-84,-3632
-296,996,7460,-71,-8,-186,-3632
340,720,7230,-269,-6,-141,-3632
826,102,7690,-256,247,-100,-3648
848,-612,7792,-222,462,-115,-3616
104,-622,6814,-150,429,-179,-3616
-840,116,8122,-38,212,-139,-3616
-1390,-358,8472,17,-16,-101,-3680
-762,-640,8470,87,-264,-186,-3616
-220,-1328,8130,325,-418,-196,-3616
-478,-2018,8566,727,-547,-69,-3616
-994,-736,8214,1001,-896,59,-3648
-488,240,8214,822,-1012,-233,-3632
2836,1606,6732,365,-427,-224,-3632
2478,2144,6760,-114,83,-269,-3632
2302,2106,6254,-483,599,-213,-3632
3094,1208,7498,-689,1158,-38,-3632
1054,1500,8226,-981,1200,-222,-3632
-328,826,8946,-1157,1100,-120,-3632
-82,94,8672,-1279,1046,-113,-3616
-1206,-2614,8948,-932,747,-97,-3632
-2618,-4862,9016,96,-27,-176,-3648
-2476,-2668,9140,725,-572,-191,-3616
-258,1274,7246,328,-546,-133,-3648
1230,682,6768,114,-264,-148,-3648
1168,80,7696,78,-2,-158,-3616
112,488,7364,97,98,-133,-3648
496,718,7026,1,181,-199,-3616
-74,682,8086,-105,14,-204,-3648
150,544,8068,-231,-11,-150,-3648
778,-466,6942,-182,200,-127,-3664
560,-994,7156,-142,374,-104,-3632
-206,-726,8170,-31,307,-110,-3632
-868,-176,8678,83,126,-150,-3632
-1292,-308,8274,90,-130,-142,-3632
-782,-1132,8536,145,-367,-190,-3632
-36,-1188,8896,327,-352,-173,-3632
-794,-2066,8862,737,-528,-102,-3632
-614,130,7514,853,-882,-64,-3648
2152,1366,7770,367,-390,-194,-3616
2466,2048,6902,-58,67,-216,-3648
2298,2038,6826,-400,550,-209,-3648
2906,1104,7992,-658,1091,-50,-3616
1158,1606,8566,-1014,1212,-140,-3648
-34,900,8420,-1174,1109,-131,-3648
-386,10,8168,-1226,988,-59,-3648
-472,-1006,7774,-1155,839,-170,-3648
-2560,-4368,8592,-23,52,-181,-3616
-2260,-3106,8618,657,-490,-163,-3648
-468,1218,7916,498,-567,-150,-3664
568,856,7220,126,-346,-212,-3632
1322,412,6868,-49,-55,-189,-3632
476,456,7092,142,135,-113,-3600
-24,448,7844,86,82,-78,-3632
-318,996,7418,-67,-23,-191,-3600
338,688,7358,-264,16,-172,-3632
812,-156,7298,-193,142,-105,-3664
768,-878,7564,-188,354,-94,-3648
204,-468,7162,-95,430,-132,-3616
-514,-108,8050,-7,204,-145,-3680
-1226,-346,8706,19,-41,-136,-3648
-802,-548,8270,62,-296,-181,-3648
-84,-930,8286,222,-335,-195,-3616
-456,-2332,8538,625,-503,-84,-3648
-1024,-1382,8860,1009,-841,20,-3648
-530,302,8088,841,-999,-164,-3648
2024,1660,6810,362,-425,-175,-3616
2450,2072,6584,-106,-9,-289,-3632
2692,1908,6406,-463,560,-205,-3632
2334,1286,7664,-644,1138,-2,-3600
664,1394,7958,-1012,1209,-103,-3648
-306,882,8524,-1210,1080,-163,-3632
-190,56,8442,-1293,1036,-119,-3632
-1954,-4312,10232,-852,693,-124,-3632
-2590,-4812,9170,164,-77,-147,-3664
-722,232,7122,717,-661,-149,-3648
536,718,7832,221,-426,-247,-3632
914,12,6986,76,-147,-204,-3632
756,-130,7142,149,52,-172,-3616
332,322,7836,140,82,-100,-3616
-260,726,8070,12,-67,-132,-3632
206,234,7884,-109,-94,-169,-3600
994,-592,7714,-115,87,-119,-3632
940,-820,7732,-185,349,-136,-3632
94,-454,7706,-119,416,-120,-3664
-490,-178,7998,2,277,-168,-3664
-1006,-178,8466,7,43,-193,-3632
-924,-574,8370,-25,-227,-186,-3632
-468,-1244,9090,252,-326,-204,-3664
-390,-2246,9092,611,-472,-179,-3616
-1346,-1918,9294,977,-834,-18,-3616
-612,-62,8448,936,-1018,-137,-3648
1904,1350,7440,579,-724,-238,-3616
2204,1938,6840,24,-21,-206,-3616
3098,2108,6802,-393,460,-248,-3648
3000,1250,7494,-649,1005,-55,-3648
848,1774,8698,-889,1168,-152,-3680
-84,1028,9448,-1070,1149,-77,-3648
-560,-248,8828,-1177,999,-86,-3648
-268,-1172,7902,-1398,1013,-206,-3664
-2862,-4550,8852,-229,184,-173,-3632
-2290,-4230,7618,529,-340,-181,-3664
-708,548,6700,606,-682,-211,-3632
782,1156,6980,175,-444,-210,-3632
818,208,8012,86,-175,-157,-3648
864,26,7736,202,45,-105,-3632
304,316,7464,154,36,-118,-3632
-142,1040,7680,-34,-52,-224,-3632
220,776,8758,-210,3,-171,-3680
1198,-344,7740,-196,134,-116,-3648
1100,-608,6860,-241,398,-150,-3616
92,26,7206,-203,503,-140,-3648
-932,-108,9174,-16,180,-176,-3632
-818,-356,8350,-13,-221,-86,-3632
-478,-1240,8366,208,-348,-199,-3648
-636,-2572,8478,644,-505,-137,-3648
-1174,-1620,8808,1041,-922,-16,-3616
-552,476,8212,879,-1036,-207,-3632
2826,1642,6330,316,-363,-269,-3632
2728,2298,6752,-177,73,-300,-3632
2384,2188,6354,-560,639,-221,-3632
3152,1060,7720,-665,1172,-50,-3616
770,1602,8752,-1025,1254,-117,-3632
-160,790,8796,-1214,1136,-134,-3632
-670,-222,8834,-1245,1019,-103,-3616
-1248,-2862,9166,-782,653,-123,-3648
-2900,-4912,9132,212,-103,-224,-3648
-2422,-2766,9188,869,-733,-169,-3648
-14,512,8554,391,-600,-192,-3616
1142,-88,7968,227,-289,-146,-3616
926,54,8272,228,-46,-193,-3648
656,634,7624,112,53,-99,-3632
-38,594,8588,123,53,-140,-3664
40,458,8764,-69,-65,-159,-3632
912,-198,7988,-232,45,-146,-3664
1200,-214,7018,-244,314,-139,-3664
574,-680,7494,-194,472,-123,-3664
-190,-750,7804,-112,403,-189,-3632
-576,-94,7310,-49,195,-182,-3648
-1218,-154,8130,25,-151,-110,-3664
-370,-1436,8710,134,-311,-196,-3648
-230,-2184,8442,387,-420,-137,-3648
-732,-2064,8102,821,-640,-60,-3616
-752,-284,8604,995,-1002,23,-3648
248,678,7286,684,-909,-298,-3648
2554,1776,6372,154,-139,-238,-3648
3056,2316,6444,-381,390,-260,-3616
2638,1798,6520,-700,822,-106,-3648
1130,1580,8282,-997,1218,-186,-3632
-662,112,9014,-1189,1041,-65,-3648
-464,16,8256,-1321,1004,-126,-3616
-2544,-5088,9934,-389,405,-161,-3648
-2334,-4414,8144,361,-230,-170,-3648
-1170,-482,7444,843,-723,-141,-3648
64,292,8102,309,-540,-195,-3616
1152,58,8282,145,-210,-157,-3648
860,-290,8622,233,38,-86,-3648
48,316,8066,135,56,-114,-3648
-292,726,8538,-31,70,-188,-3616
286,378,8682,-130,-4,-148,-3632
892,-660,8768,-162,55,-67,-3632
834,-836,7448,-163,286,-70,-3632
334,-708,7608,-144,444,-85,-3664
-262,-616,8230,-29,310,-170,-3632
-878,-174,8784,45,63,-157,-3632
-1504,-336,9046,26,-235,-127,-3648
-388,-938,8026,161,-336,-161,-3664
154,-1790,8148,446,-432,-152,-3632
-926,-1676,8858,872,-696,-12,-3664
-1042,-300,8574,945,-937,-14,-3616
248,996,7326,667,-858,-240,-3616
2324,2116,6296,101,-123,-236,-3616
3194,2362,5960,-339,290,-230,-3616
2118,2242,6394,-694,749,-185,-3616
1910,1816,6538,-836,1192,-11,-3648
620,1410,7908,-1120,1238,-98,-3648
-390,212,8436,-1231,1085,-107,-3648
-632,-196,8312,-1284,967,-115,-3648
-2234,-4480,9748,-556,458,-139,-3632
-2248,-4116,7740,246,-146,-141,-3632
-1124,-1084,7492,797,-626,-149,-3664
-176,754,7930,301,-538,-216,-3616
986,448,7856,135,-219,-156,-3616
1286,-232,7844,127,78,-167,-3616
194,312,8110,108,142,-129,-3616
-322,542,8166,-33,-24,-203,-3664
906,-194,7976,-198,58,-128,-3632
892,-826,7266,-187,287,-106,-3632
2,-584,8332,-75,364,-109,-3664
-294,-386,8368,-6,315,-140,-3632
-746,-172,7916,12,87,-218,-3632
-1236,-506,9120,63,-246,-197,-3664
-290,-1132,8506,196,-328,-165,-3648
-122,-1820,8732,465,-395,-146,-3632
-838,-2176,8510,872,-692,-3,-3664
-918,-166,8904,954,-941,-24,-3680
94,506,7672,738,-876,-218,-3648
2476,1642,6628,168,-170,-236,-3616
2860,1986,6484,-285,263,-299,-3648
2486,2020,6830,-618,739,-128,-3648
2016,1524,7560,-764,1191,-107,-3648
660,1174,8002,-1053,1198,-62,-3616
-494,360,8794,-1209,997,-122,-3616
-456,-328,8558,-1305,1009,-159,-3632
-2140,-4376,10422,-507,485,-142,-3632
-2474,-4940,8780,353,-185,-160,-3632
-1568,-1326,8120,823,-679,-123,-3632
310,460,7652,277,-508,-224,-3632
1004,168,8452,143,-218,-141,-3664
892,-778,8194,253,-16,-51,-3600
132,430,8468,149,64,-131,-3664
-170,670,8430,107,11,-144,-3648
36,474,8806,-79,-68,-143,-3648
864,-214,8102,-138,-16,-75,-3648
1026,-472,7120,-215,231,-100,-3616
708,-504,7220,-196,419,-142,-3648
-410,-396,8308,35,296,-133,-3648
-640,-46,8098,38,78,-182,-3648
-1184,-14,8340,-12,-174,-177,-3648
-68,-1136,7934,106,-266,-211,-3648
-248,-2136,8936,459,-415,-146,-3648
-1182,-716,8690,979,-948,-64,-3616
2268,1352,7382,490,-584,-232,-3648
2302,2150,6784,-28,-2,-265,-3616
3154,1878,6574,-409,518,-239,-3648
3028,1242,7604,-627,1025,11,-3616
976,1574,8668,-902,1185,-159,-3648
-144,918,9080,-1115,1114,-100,-3616
-588,-278,9206,-1172,961,-51,-3648
-364,-1702,7926,-1281,961,-149,-3648
-2772,-4846,9338,-131,110,-126,-3648
-2304,-3964,7536,567,-374,-119,-3600
-806,500,6976,580,-648,-66,-3632
710,988,7290,209,-432,-229,-3632
1252,122,7374,75,-62,-140,-3664
526,316,7498,178,56,-118,-3632
-188,626,8598,194,36,-100,-3632
-350,876,8176,-39,-104,-187,-3664
406,488,7708,-240,-24,-201,-3632
1078,-54,7372,-227,215,-117,-3632
920,-636,7538,-263,434,-145,-3648
112,-320,7136,-189,500,-144,-3632
-514,-184,7812,-57,271,-116,-3664
-1460,-566,8896,60,-147,-144,-3648
-492,-1290,8702,121,-279,-253,-3680
-344,-2172,8588,373,-405,-201,-3616
-730,-2592,8492,852,-641,-82,-3616
-1032,-956,8830,1080,-1007,-2,-3648
38,792,7858,788,-998,-262,-3648
2366,1904,6554,225,-241,-266,-3648
2682,2256,6528,-266,176,-273,-3632
2326,2122,6272,-614,722,-123,-3632
1598,1326,7404,-810,1198,-108,-3632
416,1260,8060,-1066,1206,-91,-3632
-536,264,9164,-1224,1023,-139,-3632
-542,-342,8916,-1301,1022,-86,-3648
-2686,-5112,10194,-399,411,-161,-3648
-2520,-4376,7818,356,-265,-111,-3648
-1092,34,7310,822,-736,-173,-3616
102,126,8850,340,-576,-216,-3648
1038,-84,8240,177,-236,-151,-3632
570,776,6560,196,-6,-96,-3664
314,452,7884,70,122,-117,-3632
-234,932,7844,-33,37,-125,-3632
274,406,7770,-148,-67,-131,-3632
1076,-160,7416,-187,140,-97,-3632
1046,-698,7172,-232,410,-135,-3664
130,-600,7734,-169,441,-118,-3664
-572,-340,8602,12,307,-185,-3632
-1008,-290,8716,42,83,-85,-3648
-750,-1056,8658,47,-276,-218,-3648
-480,-1330,8724,301,-378,-186,-3648
-512,-2404,9172,726,-548,-117,-3616
-1304,-848,8910,1012,-904,88,-3648
-262,330,7880,892,-1042,-203,-3648
1624,1062,7684,418,-496,-228,-3648
2386,2210,7716,4,57,-237,-3632
2676,1810,6792,-423,532,-208,-3632
2830,1110,7972,-684,1071,0,-3632
900,1592,8406,-932,1195,-111,-3632
-382,892,9528,-1108,1162,-71,-3600
-484,-286,8764,-1179,1007,1,-3632
-594,-1028,7684,-1230,917,-192,-3648
-2770,-4526,8202,-7,36,-154,-3600
-2518,-3280,8546,674,-526,-189,-3632
-326,942,7920,530,-662,-112,-3648
484,866,7094,159,-408,-190,-3648
1214,392,7106,55,-68,-207,-3648
550,628,7226,139,105,-136,-3616
178,298,7446,118,60,-160,-3632
16,670,8522,-112,33,-179,-3664
568,28,8366,-271,42,-82,-3600
958,-488,7332,-214,212,-46,-3664
644,-710,7398,-202,454,-54,-3632
-28,-416,7436,-111,403,-138,-3632
-1018,-72,8634,23,56,-114,-3648
-964,-470,8304,34,-270,-152,-3648
-226,-938,8076,238,-389,-219,-3648
-278,-2338,8626,550,-464,-74,-3664
-1098,-1520,8844,983,-838,39,-3632
-504,284,8384,909,-1022,-167,-3664
1954,1644,6764,488,-629,-232,-3632
2328,2256,6916,-54,1,-251,-3632
3354,2112,6292,-418,498,-266,-3632
2988,1398,7260,-656,972,-84,-3600
874,1716,8064,-907,1187,-196,-3632
164,1336,8480,-1130,1181,-69,-3648
-234,66,8592,-1275,1086,-135,-3616
-700,-1060,8066,-1356,952,-115,-3648
-2588,-4486,7894,-204,210,-182,-3616
-2206,-3704,7372,433,-342,-149,-3648
-610,222,7174,565,-604,-126,-3648
672,634,7230,159,-398,-205,-3616
904,534,6590,-4,-130,-166,-3648
930,38,7442,121,100,-162,-3648
338,316,7640,73,151,-160,-3616
-304,826,7838,-17,41,-151,-3632
116,564,7808,-159,-67,-228,-3664
818,-576,8048,-148,73,-77,-3632
734,-1028,7672,-168,287,-96,-3632
152,-854,7718,-70,386,-86,-3664
-676,-392,8758,44,206,-188,-3632
-992,186,8424,54,-18,-179,-3664
-874,-700,8454,57,-254,-169,-3632
-60,-1136,8674,215,-376,-181,-3632
52,-1686,8368,559,-454,-147,-3584
-808,-1832,8578,911,-729,-5,-3648
-628,-308,8408,925,-988,-139,-3648
1114,818,8054,592,-754,-266,-3616
2472,1864,5942,109,-63,-269,-3648
2890,2186,6526,-349,367,-301,-3648
2904,1544,6624,-697,898,-51,-3648
736,1478,8416,-860,1143,-134,-3616
-146,746,7988,-1186,1007,-163,-3616
-600,188,8068,-1279,980,-153,-3648
-2374,-4762,9960,-602,544,-136,-3616
-2270,-4814,8760,367,-169,-134,-3648
-2374,-2636,9490,883,-678,-185,-3616
-174,540,8112,307,-546,-217,-3648
1200,76,7954,123,-207,-208,-3648
912,-458,8638,236,6,-112,-3648
162,510,7572,167,68,-160,-3632
-286,564,8326,123,30,-150,-3600
-36,418,9210,-42,-76,-166,-3600
960,-574,8394,-136,-62,-87,-3664
822,-562,7598,-133,201,-93,-3664
506,-512,7158,-147,398,-153,-3632
-84,-550,8028,-63,379,-154,-3632
-584,2,7830,29,111,-141,-3648
-1324,-26,8874,19,-151,-116,-3632
-266,-918,7702,89,-273,-201,-3648
-172,-1502,8870,371,-362,-204,-3648
-724,-2484,9252,839,-654,-83,-3648
-1202,-860,8992,1012,-952,-69,-3616
100,708,7288,742,-924,-307,-3648
2286,2038,6690,231,-207,-236,-3616
2662,2036,7208,-278,228,-260,-3648
2430,1958,6332,-576,715,-126,-3648
1680,1634,7230,-722,1182,-19,-3680
586,1378,8110,-1066,1231,-118,-3632
-292,822,8824,-1264,1100,-161,-3600
-762,-162,8414,-1234,959,-94,-3664
-2188,-4768,9956,-609,572,-147,-3664
-2310,-4522,8326,340,-197,-200,-3664
-1276,-788,7008,832,-697,-149,-3632
136,706,7420,338,-605,-289,-3600
948,190,8548,186,-261,-191,-3632
1212,-432,8012,232,2,-141,-3632
-190,494,8538,212,15,-92,-3648
16,642,8850,-48,-97,-127,-3664
974,-348,8302,-198,35,-91,-3648
1034,-138,7360,-255,303,-107,-3616
974,-690,6944,-142,461,-99,-3632
-154,-472,8302,-106,407,-136,-3632
-764,-126,8112,-90,197,-180,-3664
-1376,-324,8354,-23,-132,-97,-3648
-318,-1214,8554,118,-260,-220,-3648
-132,-2130,8296,417,-384,-145,-3648
-1166,-2060,8766,865,-722,-6,-3648
-1000,-550,8132,1004,-1039,-58,-3616
288,882,7504,695,-916,-272,-3648
2494,1938,6250,151,-137,-255,-3648
3220,2268,6332,-358,339,-254,-3680
2344,2368,5806,-676,789,-93,-3648
1502,1454,7012,-818,1230,-107,-3616
256,1056,8420,-1056,1179,-57,-3696
-488,182,9146,-1221,1016,-126,-3664
-410,-124,8278,-1354,1044,-160,-3664
-2838,-5070,9764,-396,400,-154,-3632
-2456,-4560,8040,423,-248,-216,-3632
-2274,-2148,8826,875,-749,-117,-3616
74,42,8520,354,-588,-220,-3632
1116,-106,8250,190,-237,-134,-3632
594,-336,8606,301,-71,-172,-3616
84,506,7776,184,34,-130,-3648
-152,676,8796,67,23,-152,-3648
188,410,8988,-84,-62,-150,-3616
988,-462,8222,-137,48,-111,-3648
1014,-534,7450,-200,326,-96,-3648
462,-578,7662,-189,487,-153,-3648
-382,-652,8530,-15,345,-157,-3648
-920,-360,8704,-13,134,-216,-3616
-1480,-44,8568,-14,-159,-99,-3632
-122,-906,7984,103,-283,-216,-3632
-228,-1978,8666,443,-422,-144,-3664
-1282,-1058,9302,1050,-1004,15,-3616
670,1362,6714,542,-797,-289,-3648
2364,2520,6652,-43,26,-236,-3648
3348,2260,5644,-482,564,-239,-3632
3100,1590,6932,-677,1063,-56,-3648
736,1662,8850,-933,1203,-128,-3664
-260,672,8830,-1120,1125,-105,-3648
-554,-444,8914,-1183,979,-43,-3648
-934,-1556,8718,-1169,892,-133,-3616
-2692,-4714,8336,-63,39,-208,-3616
-2468,-3282,9276,659,-467,-171,-3648
-538,496,6948,534,-653,-180,-3616
560,682,7570,216,-469,-156,-3616
1176,192,7178,72,-65,-168,-3648
652,584,7430,96,100,-142,-3616
252,462,7776,118,100,-131,-3632
-258,834,7688,-57,4,-173,-3664
294,466,7714,-234,-13,-130,-3632
918,-280,7744,-186,203,-84,-3632
784,-732,7562,-212,413,-87,-3632
22,-452,7540,-176,435,-84,-3632
-744,-172,7824,-21,270,-191,-3664
-1068,-194,8320,-29,47,-92,-3648
-914,-524,8644,32,-292,-168,-3616
-228,-1154,8100,246,-343,-184,-3648
-440,-2138,8304,648,-514,-80,-3616
-1336,-1210,8866,973,-883,57,-3616
0,542,7700,774,-981,-241,-3648
2572,1798,6664,285,-312,-234,-3648
2580,2406,6524,-186,168,-268,-3648
2414,2080,6064,-506,599,-256,-3664
2150,1332,7500,-698,1176,-25,-3664
968,1884,8432,-1026,1236,-190,-3632
-192,1106,8198,-1219,1104,-159,-3632
-136,80,8182,-1315,1019,-66,-3600
-2324,-4762,10166,-794,662,-154,-3648
-2358,-2624,8830,801,-681,-116,-3600
506,392,7764,267,-512,-227,-3648
1178,124,8148,136,-219,-145,-3616
822,-396,8396,230,59,-130,-3600
236,338,7930,59,127,-140,-3664
-338,718,8468,33,60,-181,-3600
38,364,8974,-88,-14,-151,-3648
750,-410,8572,-165,44,-88,-3648
832,-692,6978,-191,273,-81,-3648
152,-636,7852,-120,422,-115,-3616
-134,-582,8060,28,242,-120,-3648
-894,-212,8484,78,34,-185,-3616
-1150,-348,8266,30,-201,-132,-3616
-228,-878,8624,198,-345,-172,-3616
-138,-1448,8770,451,-394,-128,-3616
-820,-1708,8440,816,-699,-37,-3648
-768,154,8016,892,-953,-32,-3648
792,1114,6702,620,-877,-276,-3632
2846,1784,6262,123,-110,-236,-3632
2888,2416,5938,-332,303,-301,-3632
2450,2408,5648,-664,725,-151,-3632
1034,1820,6592,-822,1195,-48,-3632
998,1474,8134,-1115,1259,-111,-3632
-170,634,8124,-1247,1068,-95,-3664
-558,154,7446,-1275,951,-133,-3632
-1222,-3252,9342,-710,594,-134,-3648
-2382,-4794,9422,294,-137,-117,-3616
-1910,-2070,8568,814,-637,-153,-3648
-126,500,7618,354,-559,-211,-3648
1120,442,7722,114,-207,-207,-3648
1340,-336,8144,151,35,-127,-3648
226,214,7974,162,94,-154,-3648
-560,704,8592,113,49,-194,-3616
64,716,8174,-96,-67,-146,-3648
682,-140,8276,-163,12,-132,-3664
920,-642,7688,-187,200,-85,-3632
308,-492,7402,-115,393,-126,-3632
-502,116,7940,-49,294,-111,-3664
-1066,-120,8108,19,-127,-129,-3616
-502,-740,8168,108,-287,-177,-3600
-134,-1430,8286,320,-376,-154,-3632
-872,-2356,8722,769,-616,-54,-3632
-1070,-1136,8626,988,-925,-34,-3648
4,630,7348,752,-915,-208,-3632
2622,1650,6302,223,-248,-228,-3632
2946,1936,6256,-250,149,-254,-3616
2732,1928,6220,-557,665,-202,-3616
2612,1270,7200,-666,1183,-29,-3648
574,1374,8182,-1018,1201,-102,-3616
-406,556,8890,-1245,1086,-120,-3616
-184,120,8314,-1324,1021,-52,-3648
-1754,-3722,9704,-709,597,-111,-3648
-2612,-5050,9222,222,-91,-155,-3648
-1906,-2410,8872,806,-621,-144,-3632
-62,844,7578,406,-563,-186,-3632
962,360,8476,198,-315,-174,-3632
1012,-498,7988,160,-72,-109,-3664
474,262,7878,102,82,-124,-3632
278,550,7608,147,52,-156,-3632
-64,732,8394,-48,-96,-168,-3664
500,150,8184,-192,-44,-110,-3664
1022,4,6966,-249,231,-98,-3648
806,-342,7284,-213,422,-123,-3680
24,-378,7716,-108,406,-110,-3648
-600,12,7864,-35,212,-129,-3648
-1298,-106,8350,-27,-23,-138,-3648
-504,-990,8252,46,-271,-163,-3616
-190,-1616,8596,310,-354,-174,-3648
-836,-1970,8104,752,-589,-65,-3648
-1258,-902,8670,951,-945,46,-3680
-128,622,7828,761,-965,-272,-3648
3066,1822,6246,296,-333,-234,-3664
3130,2400,5784,-323,301,-249,-3632
2274,2678,5616,-669,692,-164,-3632
830,1642,8856,-919,1190,-178,-3616
-384,770,8726,-1227,1058,-130,-3648
-492,46,7410,-1364,1015,-80,-3600
-1562,-3824,9876,-619,589,-119,-3648
-2446,-5040,9254,309,-133,-102,-3648
-2000,-1894,8584,888,-739,-110,-3648
-2,308,7832,379,-595,-245,-3616
1258,320,7976,177,-271,-187,-3616
1316,-426,8142,222,-27,-134,-3616
58,522,7916,151,30,-112,-3680
-330,874,8168,79,-6,-89,-3616
136,816,8420,-111,-36,-196,-3616
804,-96,8008,-172,25,-110,-3664
1044,-578,7514,-243,294,-73,-3632
158,-544,7728,-216,477,-89,-3632
-146,-404,7886,-121,443,-115,-3632
-834,-256,8230,-14,159,-133,-3664
-1576,-98,8564,27,-149,-67,-3632
-696,-1298,8976,168,-296,-223,-3648
-238,-2124,8460,429,-419,-183,-3632
-1148,-2160,9010,923,-736,-54,-3648
-850,68,8302,1063,-1029,-29,-3648
-80,632,8106,737,-952,-240,-3648
2576,1690,6474,162,-153,-273,-3616
3166,2166,6524,-327,299,-260,-3616
2362,2094,6322,-682,786,-134,-3648
2098,1150,7418,-759,1217,-58,-3648
396,1402,8608,-1107,1243,-88,-3616
-254,382,8348,-1271,1109,-105,-3616
-756,-310,8174,-1292,967,-79,-3632
-2448,-5064,10648,-412,392,-67,-3632
-2256,-3562,7568,380,-276,-187,-3632
