AcX,AcY,AcZ,GyX,GyY,GyZ,Tmp
-380,-1738,8750,281,-297,-51,-3088
-938,-1616,9016,719,-622,36,-3088
-774,256,8260,693,-766,-167,-3072
740,628,7498,359,-531,-265,-3104
2178,1554,7246,-158,-34,-205,-3088
3068,880,6866,-430,533,-146,-3120
2298,956,6332,-540,958,-71,-3072
346,1000,7634,-674,972,-106,-3104
-1016,954,9178,-870,840,-153,-3088
-684,52,8816,-946,726,-144,-3072
382,-1362,8816,-917,807,-206,-3104
-1850,-3696,9216,-213,223,-80,-3072
-2754,-2838,8510,471,-277,-52,-3088
-1198,442,8190,376,-448,-140,-3120
240,284,7918,69,-292,-272,-3104
802,-478,8646,-18,-98,-205,-3072
368,-458,8204,116,25,-106,-3056
-120,-348,7864,183,-46,-97,-3056
-380,68,8190,120,-99,-179,-3104
-26,-294,8912,57,11,-164,-3072
318,-104,7922,23,-22,-128,-3088
570,-590,7418,-38,75,-214,-3088
304,-432,7430,34,85,-156,-3104
-54,34,7508,152,90,-142,-3104
-328,10,8264,210,2,-97,-3120
-466,362,8468,64,-139,-77,-3088
290,210,7650,-3,-164,-212,-3072
224,-1462,8614,215,-207,-132,-3104
-752,-1808,8770,650,-563,-68,-3072
-1106,206,8100,688,-763,-84,-3056
362,886,7558,355,-588,-253,-3088
2072,1644,6708,-54,-108,-220,-3104
3294,1592,6184,-463,397,-166,-3072
2576,636,7418,-503,877,-74,-3120
598,1206,7836,-667,1024,-157,-3088
-592,1058,8384,-791,947,-131,-3040
-372,76,8814,-942,836,-105,-3120
352,-1162,8598,-985,783,-154,-3072
-1782,-3546,8234,-365,296,-109,-3072
-1840,-3426,8166,361,-166,-107,-3088
-1086,94,7758,429,-467,-143,-3088
134,292,7854,82,-343,-231,-3104
600,12,7520,-87,-146,-209,-3040
1306,-460,7810,42,54,-135,-3104
-22,-44,8084,108,48,-128,-3088
-688,250,8036,95,-57,-125,-3088
-50,-48,8178,40,16,-152,-3072
246,-438,8310,-23,32,-200,-3072
534,-592,7514,-35,84,-192,-3088
470,-480,6868,42,104,-192,-3056
-102,-28,7352,168,23,-223,-3072
-282,376,7684,156,-12,-171,-3120
-526,392,7916,45,-129,-179,-3088
24,120,7980,68,-161,-210,-3088
102,-1454,8526,187,-228,-122,-3104
-862,-1756,8920,593,-527,-41,-3056
-1006,-300,7900,680,-714,-14,-3072
424,856,7120,395,-614,-306,-3072
2002,1378,6774,-21,-138,-240,-3120
3172,1236,6302,-425,345,-177,-3088
2706,1030,6372,-526,857,-6,-3104
574,1296,7194,-701,1013,-135,-3072
-108,794,8600,-754,968,-42,-3088
-308,254,8226,-972,783,-171,-3056
418,-306,8298,-1072,782,-177,-3072
-1646,-3310,9186,-630,537,-155,-3072
-1588,-3478,8368,178,-15,-80,-3072
-1916,-722,7168,397,-405,-161,-3088
-68,790,7662,24,-303,-251,-3056
1044,660,7638,-141,-58,-190,-3072
1340,-530,7274,-61,69,-166,-3104
290,-76,7224,-25,112,-182,-3072
-480,276,7772,9,22,-184,-3088
80,-56,7842,24,23,-179,-3056
48,-742,8420,121,-34,-163,-3088
114,-460,7778,-34,-28,-148,-3088
306,-622,7642,49,28,-92,-3088
246,-604,7596,223,-12,-152,-3104
-234,50,8020,252,-107,-194,-3072
-634,368,8068,200,-155,-151,-3088
60,-268,8522,135,-227,-165,-3088
430,-716,8794,96,-214,-139,-3072
-650,-1738,8788,400,-348,-99,-3104
-1008,-1276,8550,686,-612,39,-3072
-574,276,8002,579,-738,-219,-3088
1644,946,7774,221,-363,-212,-3088
2380,1548,6624,-230,111,-236,-3040
2956,908,6432,-432,604,-180,-3104
1280,944,7208,-585,968,-95,-3088
654,1298,7162,-740,1002,-83,-3120
-560,772,8030,-901,850,-145,-3072
-818,-16,8928,-905,716,-122,-3104
546,-742,8316,-916,756,-192,-3088
-1544,-2982,8326,-371,274,-109,-3056
-2192,-2588,7776,333,-140,-123,-3072
-1242,468,8126,367,-376,-136,-3072
-154,462,7792,-3,-280,-223,-3088
842,-346,7910,-121,-43,-185,-3056
968,-612,7802,-1,124,-126,-3072
-48,-272,7662,127,69,-93,-3104
-802,390,7904,79,-86,-223,-3104
24,-408,7800,-5,-46,-151,-3088
316,-844,8520,118,-57,-94,-3088
620,-902,7808,102,-61,-122,-3104
190,-542,7606,126,5,-237,-3104
112,72,7536,217,18,-216,-3088
-130,24,8006,262,-57,-72,-3088
-324,168,8752,119,-143,-150,-3072
0,240,8550,55,-145,-151,-3088
246,-894,8010,101,-204,-62,-3120
-554,-2048,8492,527,-433,-3,-3088
-1192,-158,8554,706,-658,-19,-3104
-80,904,7280,383,-631,-193,-3072
2208,1008,6508,12,-176,-240,-3072
3066,960,6784,-313,248,-214,-3072
2796,816,6474,-430,763,-48,-3088
940,1420,7362,-630,982,-80,-3088
-314,950,8452,-750,916,-118,-3104
-366,666,8478,-956,830,-144,-3088
28,52,8086,-1060,762,-171,-3088
-480,-1408,8324,-852,729,-204,-3088
-1838,-3746,8704,-20,60,-81,-3104
-2372,-1584,7562,395,-322,-153,-3072
-558,872,7468,136,-302,-176,-3056
916,168,7270,-96,-101,-170,-3056
732,-560,8014,-91,13,-116,-3056
574,-422,7200,53,36,-186,-3072
-354,216,7756,185,-35,-138,-3072
-446,-102,8548,138,-79,-134,-3088
-16,-522,8474,123,-69,-145,-3056
152,-396,7908,39,-72,-176,-3072
552,-906,7834,68,50,-133,-3056
342,-612,7780,171,84,-140,-3088
-140,46,8006,206,-24,-240,-3120
-908,410,8704,217,-118,-129,-3104
-22,202,8238,40,-96,-197,-3104
296,-376,8458,5,-152,-162,-3088
-784,-2076,9144,320,-321,-112,-3088
-738,-1514,8170,677,-578,46,-3104
-816,146,7964,610,-764,-231,-3104
1288,852,7432,251,-430,-230,-3072
2342,1614,5920,-199,-32,-227,-3088
3356,1256,5928,-483,553,-131,-3024
1910,958,6150,-592,965,-60,-3072
662,1328,6688,-756,1018,-131,-3088
-620,1216,7930,-899,894,-135,-3088
-636,94,8468,-942,776,-165,-3088
612,-1166,8618,-947,790,-256,-3104
-1366,-2926,8638,-415,344,-187,-3072
-2278,-3212,8490,402,-166,-94,-3088
-1348,4,7810,430,-471,-154,-3088
-332,528,7374,50,-349,-212,-3072
904,-326,7980,-76,-86,-224,-3072
832,-706,8396,135,29,-109,-3104
28,-78,7500,178,7,-120,-3088
-720,204,7870,104,-107,-125,-3120
198,84,8088,2,-38,-161,-3056
338,-338,8244,44,-7,-154,-3120
518,-518,7492,6,56,-146,-3088
298,-610,7434,77,131,-146,-3056
-54,-84,7728,152,68,-148,-3088
-604,-40,8686,211,-4,-30,-3072
-510,74,8120,88,-161,-101,-3104
-254,280,8562,41,-183,-245,-3088
-110,-1586,8382,197,-249,-148,-3088
-744,-1966,8510,624,-540,-54,-3072
-1226,16,8370,722,-760,-67,-3104
670,1146,7370,344,-554,-244,-3088
2192,1926,6672,-161,-38,-203,-3088
3368,1212,6180,-451,485,-138,-3104
2422,832,7002,-568,946,-74,-3072
488,950,7376,-692,989,-89,-3088
-852,1346,8596,-834,911,-79,-3056
-132,134,9382,-965,840,-126,-3072
256,-996,9144,-940,804,-154,-3072
-2054,-3500,9098,-412,347,-229,-3088
-1772,-3770,8586,357,-208,-124,-3088
-1486,-386,7818,481,-477,-153,-3104
-116,374,8468,126,-327,-228,-3072
558,316,7632,-53,-143,-210,-3056
1246,-614,7370,22,31,-122,-3088
230,-190,8318,106,59,-113,-3072
-536,52,8338,109,-51,-130,-3104
-30,242,7850,-9,0,-119,-3056
200,-142,8188,7,20,-129,-3088
556,-800,7872,-86,48,-108,-3088
352,-556,7796,20,145,-106,-3040
196,-456,6934,198,34,-164,-3104
-514,424,8308,221,-25,-281,-3056
-760,676,8194,46,-160,-140,-3088
54,-100,8434,124,-143,-171,-3120
378,-1006,8246,125,-200,-106,-3088
-810,-1404,8198,462,-462,-41,-3072
-996,-492,8342,687,-656,-8,-3072
52,998,7566,457,-689,-277,-3120
2112,1570,6362,-37,-139,-222,-3072
3360,1398,6134,-431,356,-148,-3072
2748,708,6900,-532,852,-20,-3088
714,1496,7540,-722,1026,-104,-3088
-348,922,7950,-812,1000,-86,-3088
-326,162,8270,-964,817,-190,-3072
172,46,7856,-1097,792,-250,-3072
-1026,-2532,8622,-636,552,-174,-3088
-1764,-3346,8194,195,-57,-45,-3056
-2206,-986,7892,444,-429,-178,-3104
-426,892,7118,60,-339,-274,-3104
1208,178,7266,-120,-72,-174,-3088
1386,-476,7866,-52,89,-123,-3056
354,26,6934,-46,164,-100,-3072
-552,674,7322,16,12,-120,-3040
-6,116,8254,-33,36,-117,-3088
80,-798,8592,93,-1,-93,-3088
92,-404,7588,-6,-32,-68,-3072
374,-674,7092,66,35,-232,-3072
306,-542,7490,201,40,-183,-3072
-282,268,7728,181,-31,-169,-3088
-444,282,7640,188,-121,-105,-3088
94,-114,8188,110,-172,-190,-3072
506,-290,8202,64,-194,-161,-3072
-634,-1436,8372,349,-333,-91,-3088
-818,-1332,8864,692,-562,-41,-3088
-672,220,7898,585,-750,-200,-3104
1676,1154,7332,188,-348,-203,-3072
2924,1314,6668,-289,165,-215,-3088
2558,754,7034,-465,653,-66,-3088
1670,1194,6882,-608,998,-158,-3072
208,728,8166,-698,973,-147,-3072
-214,348,8784,-916,889,-151,-3088
-564,-90,8758,-997,749,-89,-3088
282,-1354,8562,-886,755,-216,-3056
-1602,-3618,8266,-151,119,-82,-3104
-2052,-1436,8020,416,-269,-109,-3072
-818,616,7688,244,-352,-174,-3104
350,246,7888,-28,-215,-226,-3088
994,-402,7878,-84,-41,-201,-3088
1028,-356,7966,16,165,-83,-3072
-326,-50,8224,123,58,-72,-3072
-548,-102,8004,79,-83,-92,-3088
-212,-284,8500,39,-77,-202,-3088
172,-616,8112,55,-56,-113,-3072
512,-954,7718,108,-8,-152,-3104
286,-556,7576,169,11,-152,-3088
56,-148,7160,247,-34,-286,-3056
-462,482,8462,205,-44,-79,-3104
90,-116,8412,70,-125,-190,-3072
50,244,8342,28,-177,-194,-3072
-142,-1332,8448,211,-243,-107,-3088
-880,-1682,8850,598,-498,-28,-3088
-1108,64,8016,634,-671,-68,-3072
442,906,7174,345,-548,-281,-3040
2172,1266,6742,-31,-140,-156,-3088
3104,1146,6358,-422,457,-137,-3072
1746,1126,7004,-519,860,-77,-3072
550,1182,7566,-683,985,-73,-3104
-732,948,8366,-835,831,-111,-3088
-550,30,8892,-945,787,-146,-3088
562,-318,8004,-1025,794,-198,-3072
-1234,-2556,8412,-597,505,-120,-3104
-2284,-3346,8428,246,-37,-76,-3088
-1950,-638,7386,369,-421,-167,-3056
-70,934,7070,-35,-245,-219,-3104
988,-334,7718,-125,-11,-160,-3104
1220,-506,7314,35,50,-84,-3056
140,-246,7166,72,64,-204,-3056
-414,146,7584,57,-27,-80,-3104
-126,-64,8368,59,-47,-135,-3104
192,-384,8036,49,-67,-164,-3088
530,-260,7142,0,-26,-166,-3104
352,-340,7118,71,21,-166,-3088
274,-78,7420,208,26,-173,-3088
-22,4,8226,227,-8,-97,-3120
-698,406,8606,133,-150,-123,-3104
-112,-2,8910,58,-153,-175,-3072
194,-760,8964,140,-187,-150,-3088
-764,-1672,8544,590,-504,-96,-3088
-1238,-522,8560,690,-728,-105,-3088
272,796,7630,350,-589,-209,-3088
2174,1408,6654,11,-167,-247,-3072
2946,1090,7142,-296,279,-192,-3088
2550,566,7544,-411,778,-56,-3120
520,1186,7966,-617,933,-110,-3088
-438,1004,8266,-766,940,-128,-3072
-174,-8,9004,-914,798,-123,-3104
-90,-374,9052,-1003,739,-148,-3088
-1200,-2472,8478,-747,594,-169,-3088
-1534,-3930,8578,142,65,-124,-3104
-2106,-998,8104,470,-431,-150,-3072
-696,932,7348,147,-382,-303,-3088
866,60,7316,-116,-134,-175,-3056
1396,-642,8086,0,68,-181,-3072
348,-222,7476,150,17,-138,-3104
-760,254,7678,135,-110,-106,-3088
132,216,7984,49,-52,-168,-3088
366,-286,8378,39,-24,-166,-3072
546,-338,7704,-46,2,-109,-3072
420,-420,7284,28,110,-158,-3056
182,-340,7726,109,101,-255,-3088
-144,256,7462,120,64,-185,-3104
-720,392,8718,106,-103,-176,-3072
-136,50,8932,83,-140,-207,-3056
252,-874,8360,60,-199,-110,-3088
-752,-1996,8480,479,-460,-33,-3088
-1166,-224,8312,712,-689,-19,-3072
-340,850,7710,497,-732,-283,-3072
2284,1550,6538,56,-196,-245,-3104
3188,1334,6550,-344,197,-194,-3104
2626,842,6530,-477,772,-30,-3072
1252,1148,7290,-614,994,-141,-3088
-216,1020,8550,-740,960,-91,-3088
-216,368,8356,-990,845,-119,-3088
-16,212,8112,-1103,808,-122,-3104
-600,-1826,8786,-783,690,-140,-3072
-1576,-3682,7998,31,53,-79,-3088
-2430,-1824,7948,467,-416,-200,-3088
-514,1048,7574,155,-367,-163,-3040
808,380,7396,-30,-163,-168,-3072
1258,-442,7138,-25,-3,-186,-3056
382,12,7420,58,65,-112,-3088
-204,178,7770,108,-23,-146,-3104
26,230,7918,29,-12,-122,-3072
304,-186,7674,7,39,-120,-3120
66,-256,7708,-76,23,-130,-3088
430,-668,7870,6,89,-145,-3040
274,-704,7390,208,42,-133,-3072
-346,-52,7800,197,-5,-271,-3088
-872,530,8208,157,-128,-186,-3056
-84,-310,8916,80,-138,-163,-3072
300,48,8476,71,-170,-147,-3056
-410,-1794,7912,390,-411,-101,-3056
-1006,-812,8528,717,-629,13,-3088
-354,676,7814,578,-761,-202,-3104
1440,1254,7108,145,-335,-232,-3104
2730,1658,6732,-293,99,-216,-3056
2818,780,6882,-470,660,-66,-3088
1938,896,6446,-588,978,-10,-3088
324,804,8186,-735,1011,-91,-3104
-698,234,8912,-879,850,-105,-3072
-646,-76,8474,-957,724,-208,-3088
578,-1422,8636,-901,757,-257,-3088
-1630,-3728,9012,-139,163,-71,-3072
-2330,-2784,8292,480,-302,-120,-3120
-1046,404,7570,318,-449,-188,-3088
274,246,8328,49,-238,-232,-3088
1142,-652,8390,-54,-55,-180,-3088
344,-386,8110,92,97,-110,-3104
-498,-214,8556,124,18,-78,-3088
-360,-64,7864,41,-58,-147,-3088
136,-616,8960,37,11,-146,-3088
6,-340,7742,49,-32,-114,-3072
444,-968,7802,33,37,-167,-3104
310,-864,7890,182,49,-223,-3088
-288,120,7980,196,-45,-141,-3120
-632,64,8804,233,-115,-60,-3104
96,-168,8392,126,-146,-162,-3072
20,-34,8866,93,-219,-181,-3088
-150,-1354,8990,315,-337,-98,-3088
-828,-1766,9176,715,-580,-12,-3104
-974,340,8544,688,-776,-126,-3072
490,874,7474,364,-560,-213,-3056
1962,1340,7468,-116,-48,-177,-3088
3064,966,6878,-439,492,-104,-3088
1802,904,7068,-559,913,-47,-3072
630,1152,7084,-714,1024,-117,-3072
-844,1110,8656,-835,898,-158,-3088
-412,-114,8948,-946,840,-111,-3088
242,-788,8334,-969,765,-151,-3072
-1904,-3374,9086,-362,314,-136,-3072
-2342,-3038,8420,354,-171,-85,-3088
-1602,-296,7450,353,-426,-127,-3056
24,474,7720,39,-247,-242,-3072
502,-316,8252,-101,-61,-178,-3072
1124,-300,7546,-13,83,-105,-3088
-32,-160,8510,73,83,-109,-3088
-426,204,8150,102,-24,-149,-3104
-472,-102,8844,45,-39,-194,-3104
-110,-720,8346,89,-46,-156,-3088
402,-922,7836,45,2,-107,-3056
280,-732,7546,156,-8,-137,-3104
-178,-62,7834,236,-29,-192,-3072
-282,442,7916,239,-59,-147,-3088
-340,506,7614,32,-155,-134,-3088
170,172,8248,90,-166,-177,-3088
44,-1014,8710,151,-185,-100,-3088
-680,-1560,8432,462,-450,4,-3072
-968,-112,7886,655,-631,2,-3072
384,988,7228,396,-626,-246,-3056
1848,1140,7346,66,-213,-184,-3088
3008,1300,7024,-314,248,-231,-3104
2550,830,6872,-430,736,-138,-3072
1142,844,7374,-569,965,-85,-3088
-170,782,9480,-684,938,-105,-3088
-310,-38,9030,-868,772,-160,-3104
202,-218,8456,-1006,720,-184,-3104
384,-1316,8582,-848,718,-218,-3088
-1466,-3734,9118,2,86,-56,-3056
-2180,-1338,7836,459,-328,-169,-3120
-1138,492,7516,200,-381,-212,-3104
892,316,8280,-102,-119,-190,-3072
1330,-730,8076,-12,11,-155,-3120
252,-610,8268,120,59,-39,-3120
-706,446,7350,127,-63,-149,-3072
-140,-222,8588,105,-89,-124,-3056
222,-884,8830,149,-86,-157,-3088
310,-550,7610,39,-45,-110,-3088
468,-774,7622,87,15,-225,-3072
224,-258,7820,204,25,-198,-3040
-62,242,7906,193,-9,-102,-3088
-508,84,8718,174,-134,-120,-3120
-12,330,8332,30,-93,-107,-3072
384,-278,8270,-14,-168,-132,-3104
-334,-1652,8734,327,-342,-67,-3088
-854,-1464,8800,704,-560,34,-3088
-666,454,7800,583,-742,-258,-3072
652,936,7460,214,-411,-228,-3088
2272,1610,6788,-222,39,-207,-3088
3214,1166,6108,-456,569,-112,-3088
1672,1228,6410,-580,946,-98,-3104
448,1284,7270,-720,973,-120,-3104
-670,1172,8552,-892,863,-134,-3088
-484,36,8460,-974,792,-126,-3088
260,-1066,8748,-917,757,-210,-3088
-1920,-3100,9216,-356,301,-133,-3056
-2360,-2754,7904,371,-191,-74,-3072
-1776,-670,8380,427,-381,-118,-3088
-240,306,7908,55,-318,-168,-3056
584,-294,8208,-32,-128,-213,-3088
928,-714,8186,101,58,-138,-3072
166,-418,8194,231,-46,-87,-3072
-756,308,8304,125,-131,-163,-3056
-86,-98,8354,39,-38,-179,-3088
436,-438,7884,-23,-22,-139,-3072
752,-754,7564,8,98,-138,-3088
466,-618,7142,101,112,-144,-3056
-238,196,8046,187,58,-195,-3056
-642,66,8182,150,8,-48,-3040
-166,80,7602,8,-124,-125,-3072
-110,340,8552,8,-153,-162,-3088
-424,-1740,8234,226,-250,-194,-3088
-798,-1692,8458,618,-568,-33,-3056
-984,36,7742,676,-748,-60,-3072
780,1012,7568,367,-553,-282,-3072
2214,1700,6590,-119,-65,-251,-3056
3324,1118,6076,-455,469,-162,-3088
2268,1010,6340,-530,873,-67,-3104
760,1272,7482,-710,978,-127,-3056
-630,1126,8438,-823,923,-112,-3056
-414,106,8556,-963,757,-141,-3088
762,-966,8746,-1042,808,-143,-3104
-1014,-2612,8684,-515,459,-112,-3072
-2030,-3488,8744,255,-65,-29,-3056
-1550,-392,7562,438,-437,-160,-3088
-244,848,6888,58,-327,-240,-3072
896,140,7672,-73,-92,-166,-3072
1086,-538,7916,31,56,-129,-3056
362,-128,7582,90,29,-147,-3056
-354,318,7286,61,-79,-156,-3088
232,96,7936,43,-11,-91,-3072
182,-262,8180,64,-18,-170,-3104
566,-606,7386,-59,64,-134,-3072
532,-622,7128,16,108,-89,-3088
166,-132,7468,174,54,-91,-3088
-482,-44,8210,234,-36,-80,-3104
-758,584,7908,99,-156,-230,-3088
2,-90,7976,79,-216,-202,-3088
94,-1124,9160,220,-198,-122,-3056
-804,-1820,8634,639,-568,-23,-3088
-1008,178,8192,683,-779,-174,-3056
1176,1114,7428,314,-530,-222,-3088
1990,1638,6722,-131,-36,-246,-3072
3192,1300,6466,-465,466,-187,-3072
2284,978,6610,-550,920,-58,-3088
504,1178,7722,-716,1009,-129,-3120
-570,1004,8410,-848,948,-88,-3104
-588,-50,9052,-923,813,-96,-3104
-122,-366,8680,-998,805,-115,-3056
-1600,-3076,8836,-439,346,-218,-3088
-1988,-3126,8530,329,-114,-54,-3072
-1944,-814,8124,455,-457,-114,-3088
-446,520,7758,122,-358,-242,-3056
434,106,7962,-80,-142,-201,-3088
1426,-452,7672,-39,69,-136,-3072
374,-198,7802,76,98,-108,-3104
-682,82,7858,121,-77,-136,-3056
-150,92,8404,12,-1,-177,-3088
208,-420,8516,13,29,-171,-3088
204,-624,8128,-1,11,-88,-3072
426,-866,7328,83,71,-137,-3072
278,-706,7650,183,47,-176,-3088
-414,410,7926,184,-24,-215,-3088
-612,236,8132,133,-149,-137,-3040
48,-208,8808,139,-176,-168,-3056
412,-746,8226,106,-224,-128,-3056
-768,-1504,8416,428,-436,-70,-3056
-1132,-118,7880,721,-653,-9,-3072
-440,396,8064,530,-720,-260,-3072
2098,1468,7134,46,-182,-166,-3088
3024,1442,6498,-353,241,-206,-3088
2694,820,6438,-477,721,-111,-3072
1170,1044,7544,-622,998,-132,-3072
-50,842,8514,-712,959,-171,-3056
-296,386,8772,-936,819,-99,-3088
-472,86,9128,-1054,786,-154,-3104
-394,-2130,8716,-775,703,-191,-3104
-1420,-3742,8324,40,50,-64,-3088
-2484,-2074,8188,484,-443,-166,-3088
-612,1190,7740,128,-369,-182,-3104
1030,274,7310,-69,-96,-189,-3072
872,-752,8136,-39,14,-143,-3088
376,-98,7896,-28,111,-110,-3088
-266,430,7676,7,62,-75,-3088
-78,88,8006,61,-33,-176,-3072
-218,-544,8952,40,10,-120,-3072
2,-494,7504,20,-66,-241,-3056
220,-714,7616,101,14,-114,-3088
212,-982,8144,221,0,-136,-3072
-170,-2,7674,261,-80,-174,-3040
-752,578,8376,228,-121,-122,-3088
-166,282,8300,70,-177,-161,-3088
330,104,8554,27,-186,-170,-3040
-138,-1512,8176,270,-272,-91,-3072
-694,-1622,8356,623,-517,55,-3056
-954,180,8312,637,-724,-99,-3088
940,798,7056,273,-489,-201,-3120
2390,1644,6860,-129,-61,-222,-3104
3082,1444,6446,-453,467,-137,-3072
2334,1238,6426,-567,929,-161,-3056
670,1136,7092,-761,992,-102,-3088
-438,858,8386,-835,905,-118,-3072
-366,66,9058,-935,770,-113,-3072
500,-928,8520,-989,735,-215,-3088
-934,-1916,8708,-561,442,-130,-3088
-1586,-3704,8446,277,-71,-76,-3040
-1604,-166,8162,456,-409,-116,-3040
-822,880,7654,75,-344,-188,-3056
820,126,7838,-137,-109,-175,-3088
1536,-604,7858,7,125,-99,-3088
-268,-98,8074,118,75,-80,-3088
-950,278,7912,82,-41,-118,-3040
48,-124,7864,64,-80,-210,-3072
308,-508,8820,81,-60,-144,-3056
626,-770,7530,52,1,-124,-3088
282,-476,7150,114,12,-249,-3072
120,-86,7650,205,-1,-246,-3072
-78,316,8148,159,8,-74,-3088
-104,150,7850,88,-133,-188,-3088
-78,-68,8444,20,-158,-156,-3072
250,-964,8328,89,-202,-78,-3104
-648,-2110,8482,476,-425,-23,-3088
-1042,-684,8030,716,-680,17,-3088
-146,936,7552,389,-675,-210,-3088
2200,1224,6448,24,-156,-286,-3072
2894,1514,6892,-315,214,-179,-3088
2716,954,6808,-446,746,-61,-3120
920,1188,7368,-589,977,-97,-3088
-350,1002,8720,-711,918,-126,-3104
-418,720,8762,-988,813,-156,-3072
-80,-14,8440,-1070,794,-141,-3088
-624,-1714,7980,-902,741,-209,-3088
-1730,-3782,8502,-74,99,-90,-3104
-2244,-1390,7692,398,-337,-104,-3072
-366,952,7048,200,-344,-157,-3088
332,256,8218,-52,-182,-126,-3056
1038,-544,7814,-54,-36,-205,-3072
582,-266,7350,64,61,-177,-3072
-274,-202,8434,179,-9,-67,-3088
-484,198,8308,105,-92,-115,-3088
160,-340,7982,77,-61,-171,-3088
376,-144,7222,-5,-55,-170,-3072
552,-354,7216,43,62,-136,-3056
224,-584,8102,136,83,-149,-3088
-74,130,7580,167,39,-207,-3104
-814,730,8294,138,-68,-41,-3104
30,44,8400,34,-100,-158,-3088
260,-180,8118,15,-156,-117,-3104
-656,-1806,8234,324,-341,-67,-3056
-1034,-968,8412,720,-623,-42,-3056
-798,342,8034,585,-789,-167,-3072
1476,1026,6880,204,-378,-232,-3072
2774,1674,6890,-267,66,-199,-3072
3212,1172,6380,-462,607,-110,-3056
1742,998,6428,-590,958,-77,-3088
414,694,8052,-709,1002,-127,-3104
-654,986,7614,-893,846,-142,-3088
-572,258,8498,-964,732,-147,-3056
542,-1168,8692,-967,826,-249,-3088
-1760,-4016,8930,-228,245,-66,-3072
-2344,-3118,8112,473,-241,-71,-3104
-1328,320,8178,371,-433,-136,-3088
580,120,7972,-1,-278,-311,-3088
822,-370,7870,-40,-86,-180,-3072
890,-678,8164,104,37,-77,-3104
-512,-338,8476,183,-29,-113,-3056
-558,492,7536,91,-97,-166,-3088
230,-150,8022,44,3,-163,-3056
288,-302,8092,54,5,-104,-3104
494,-338,7370,-57,58,-186,-3088
304,-752,7446,93,127,-129,-3120
82,88,7098,120,55,-146,-3072
-568,280,8258,221,-48,-56,-3072
-118,114,8294,55,-122,-201,-3056
-186,424,8470,-25,-161,-250,-3120
-158,-1776,8372,307,-310,-100,-3088
-866,-1470,8962,722,-602,-44,-3072
-1270,0,8496,693,-843,-116,-3056
872,1018,7346,302,-527,-242,-3056
2306,1800,6750,-178,-25,-202,-3088
3278,1138,6496,-464,469,-134,-3104
2404,706,6748,-540,948,-90,-3072
438,1046,7598,-713,1029,-111,-3088
-718,958,8694,-847,905,-106,-3056
-282,102,9030,-971,820,-101,-3088
308,-1164,8646,-973,773,-168,-3056
-2108,-3614,9172,-297,265,-79,-3072
-1710,-3664,8272,385,-202,-142,-3088
-1254,12,7564,420,-459,-106,-3088
92,302,8008,95,-296,-232,-3088
302,-316,8626,-25,-151,-192,-3104
1190,-340,7822,15,29,-158,-3104
314,-396,7956,101,66,-125,-3056
-684,240,8564,113,-108,-140,-3088
-124,82,8232,26,0,-191,-3072
168,-540,8534,37,17,-213,-3072
482,-1192,8444,-37,48,-135,-3088
444,-690,7326,88,72,-137,-3088
-260,-104,7848,204,-2,-160,-3072
-482,28,8196,229,-63,-216,-3072
-142,50,8260,70,-145,-129,-3088
62,170,8690,81,-164,-173,-3088
116,-1344,8830,239,-271,-108,-3072
-926,-1812,9050,612,-537,-23,-3072
-1028,12,8398,713,-700,-32,-3088
46,948,7636,417,-634,-276,-3088
1938,1624,6908,-52,-121,-246,-3056
3308,1208,6484,-435,341,-220,-3072
2690,784,6766,-517,882,-28,-3088
724,1284,7516,-710,1007,-78,-3088
-688,1202,8540,-771,950,-105,-3088
-282,206,8096,-940,816,-96,-3072
16,-282,8438,-1092,768,-261,-3104
-1242,-2870,8868,-589,535,-138,-3088
-1850,-3392,8108,262,-63,-55,-3088
-2288,-986,8168,490,-457,-153,-3072
-462,766,7180,69,-372,-273,-3072
1038,354,7670,-100,-60,-185,-3056
1200,-568,8538,1,55,-133,-3088
230,-6,7422,0,101,-160,-3072
-338,440,7342,14,-3,-159,-3040
74,-242,8406,19,-16,-118,-3088
30,-792,9098,100,-7,-169,-3088
100,-610,7638,-61,14,-224,-3056
178,-488,7272,68,64,-129,-3104
78,-272,7224,187,27,-182,-3072
-124,54,7920,184,-14,-133,-3088
-770,390,7998,95,-168,-149,-3056
4,-6,8032,96,-193,-172,-3072
274,-980,8968,156,-202,-153,-3072
-666,-1666,8756,504,-445,-47,-3056
-1182,-608,8294,723,-653,-57,-3088
-4,934,7616,488,-669,-297,-3072
1572,1104,7232,119,-262,-261,-3088
2856,1462,6938,-309,194,-204,-3088
2670,620,6504,-461,698,-162,-3088
612,1222,7980,-607,980,-35,-3072
184,1096,8482,-738,955,-111,-3104
-232,180,8574,-948,886,-152,-3072
-428,-202,8736,-1004,728,-167,-3088
234,-1346,8572,-837,702,-196,-3088
-1554,-3518,8452,-92,112,-110,-3104
-2104,-1446,7976,449,-311,-149,-3040
-1108,438,7886,237,-369,-154,-3088
268,334,8120,-36,-215,-191,-3088
1274,-364,7824,-104,-31,-239,-3072
904,-448,8498,76,123,-159,-3056
-324,-204,8138,153,9,-118,-3088
-496,118,8332,65,-96,-206,-3056
88,-578,8164,56,-36,-100,-3104
120,-454,8486,7,-41,-146,-3072
664,-994,7416,82,35,-153,-3120
326,-500,7222,167,28,-203,-3056
-68,146,7740,206,9,-258,-3088
-344,206,8168,172,-104,-98,-3056
50,-16,8602,95,-138,-155,-3088
218,26,8348,22,-199,-211,-3088
-528,-1652,8178,273,-297,-125,-3104
-774,-1710,8894,708,-549,-32,-3072
-908,118,8138,637,-724,-158,-3088
1142,916,7360,283,-474,-295,-3088
2094,1296,6774,-162,-2,-153,-3056
3144,1106,6384,-415,501,-98,-3088
1842,1190,6600,-544,903,-112,-3040
520,1164,7656,-690,976,-126,-3088
-800,930,8470,-824,861,-78,-3088
-330,72,8582,-991,788,-150,-3056
540,-1392,9084,-965,778,-166,-3104
-1382,-2568,8548,-476,381,-106,-3072
-2018,-3222,8080,279,-91,-124,-3056
-1358,-282,7914,367,-409,-155,-3088
-102,858,7164,-11,-260,-294,-3072
836,-116,7644,-103,-36,-204,-3072
882,-836,7772,2,83,-185,-3104
386,-22,6656,83,41,-87,-3056
-256,454,7060,62,-61,-152,-3088
-50,100,7774,24,-65,-132,-3104
182,-154,8166,18,-34,-155,-3088
540,-294,6782,-41,7,-152,-3088
580,-300,6890,29,94,-116,-3088
274,30,6904,167,58,-184,-3072
-144,220,7710,185,-21,-126,-3072
-534,778,7592,11,-128,-182,-3088
74,164,8300,7,-168,-220,-3088
-14,-1320,8792,157,-213,-139,-3072
-710,-1898,8644,535,-491,-38,-3088
-1146,-472,8250,716,-678,24,-3088
216,908,7784,420,-614,-263,-3088
2122,1256,6754,43,-217,-226,-3104
3000,1156,6694,-336,257,-190,-3104
2644,576,7092,-429,792,-37,-3088
426,1146,8168,-592,909,-167,-3088
-40,840,8752,-719,939,-131,-3056
-444,-6,9338,-886,804,-108,-3072
126,-390,8608,-1036,739,-147,-3072
130,-1266,8172,-831,687,-232,-3088
-1444,-3788,8862,122,58,-112,-3088
-2090,-1146,7800,465,-362,-153,-3072
-1006,628,7288,192,-387,-218,-3088
532,250,7872,-37,-198,-168,-3072
1490,-600,8126,-37,25,-207,-3088
342,-484,7444,124,61,-104,-3088
-638,-228,7766,170,-81,-141,-3088
-188,230,8126,65,-103,-124,-3104
312,-610,8618,80,-8,-164,-3104
216,-434,7924,32,-47,-89,-3088
504,-762,7440,21,101,-115,-3056
272,-490,7552,126,127,-158,-3072
-138,202,7480,133,43,-163,-3088
-732,418,8276,129,-77,-83,-3088
8,-84,8216,76,-158,-255,-3088
162,-582,8548,79,-196,-48,-3072
-674,-1972,8282,449,-447,-115,-3104
-796,-1178,8322,760,-690,-62,-3120
-386,726,7846,542,-760,-256,-3088
2186,1630,6798,59,-217,-202,-3040
2538,1774,7104,-346,141,-236,-3088
3150,624,6360,-475,708,-83,-3056
1076,1368,7710,-577,965,-65,-3088
-224,878,8512,-697,1016,-136,-3072
-706,798,8836,-935,909,-150,-3104
-268,186,8662,-1043,812,-193,-3088
-728,-1938,8748,-872,752,-229,-3120
-1910,-3922,8936,20,59,-168,-3088
-2574,-1656,8126,502,-428,-99,-3104
-528,1030,7512,193,-412,-194,-3072
474,76,8446,35,-180,-218,-3088
688,-552,8292,-23,-81,-206,-3088
648,-322,7616,63,63,-89,-3104
26,-210,8076,139,17,-140,-3056
-468,106,8730,112,-116,-128,-3088
0,-284,8554,41,5,-104,-3088
-46,-244,7818,25,7,-120,-3104
402,-1132,8298,45,77,-134,-3072
382,-1154,7886,157,94,-156,-3088
-420,30,8342,224,1,-255,-3088
-820,214,8616,252,-131,-197,-3088
-136,-52,8796,77,-159,-120,-3104
246,-354,8724,94,-204,-166,-3072
-22,-1576,8560,343,-320,-101,-3088
-898,-1570,9026,687,-608,-15,-3088
-854,124,8370,675,-778,-159,-3088
1572,1132,7540,297,-485,-245,-3072
2110,1726,6578,-159,-34,-257,-3072
3260,1176,6546,-513,539,-103,-3088
2024,1014,6728,-606,980,-16,-3088
482,1426,7492,-756,1034,-81,-3072
-738,1286,7982,-900,947,-83,-3072
-582,76,8594,-945,769,-87,-3104
274,-522,8630,-1015,781,-259,-3056
-1594,-3422,8722,-356,308,-101,-3088
-2278,-2796,8170,418,-167,-102,-3072
-1912,-380,7828,401,-448,-159,-3088
-342,646,7980,54,-347,-275,-3088
1008,-76,7696,-99,-83,-193,-3120
1108,-394,8012,72,100,-105,-3072
52,-54,7948,80,67,-122,-3136
-738,394,7936,44,-16,-152,-3120
104,-120,8280,-19,42,-129,-3088
134,-796,8874,89,2,-111,-3104
294,-696,7992,-50,20,-45,-3072
184,-602,7092,75,41,-157,-3072
104,-378,7764,168,20,-204,-3088
-170,22,7970,219,3,-106,-3088
-414,230,7932,136,-165,-153,-3072
-66,-192,8556,119,-220,-193,-3056
384,-866,8484,153,-217,-134,-3088
-628,-1760,8356,491,-450,-33,-3056
-1106,66,7924,683,-672,-27,-3104
-258,924,7622,426,-651,-313,-3104
2160,1450,6656,71,-188,-198,-3056
3352,1380,6018,-358,239,-167,-3056
2764,738,6902,-487,728,-34,-3072
882,1222,7604,-612,979,-26,-3104
-264,786,8476,-718,951,-130,-3088
-574,628,8654,-979,853,-170,-3056
-434,-18,8744,-1055,785,-169,-3088
-856,-1984,8638,-777,666,-191,-3088
-1388,-3582,7810,20,43,-92,-3072
-2228,-1574,8042,426,-366,-154,-3040
-424,940,7292,179,-416,-207,-3088
612,524,7784,-73,-164,-164,-3056
766,-438,8520,-51,-8,-216,-3072
734,-240,7428,14,108,-178,-3104
-506,526,7752,93,22,-144,-3104
-630,-6,9118,63,-53,-165,-3088
-172,-634,8546,50,-23,-138,-3088
178,-308,7640,-3,-60,-149,-3104
582,-1574,8254,150,-12,-119,-3088
150,-888,8422,266,-16,-162,-3088
-468,36,8334,282,-73,-264,-3088
-622,498,8340,216,-130,-108,-3072
44,-70,8662,88,-133,-173,-3104
176,12,8948,54,-162,-179,-3056
-462,-1586,8660,297,-297,-87,-3120
-798,-1612,8772,637,-528,-12,-3072
-950,-74,8026,655,-702,-159,-3104
886,936,7820,319,-513,-275,-3072
2052,1494,6928,-125,-65,-294,-3088
3204,1164,6404,-410,461,-115,-3056
2146,1036,6602,-555,887,-85,-3104
660,1210,7562,-691,1008,-153,-3088
-708,1148,8566,-818,906,-140,-3088
-386,98,8324,-928,746,-136,-3056
734,-910,8856,-1052,777,-255,-3072
-1004,-1910,8818,-574,505,-129,-3104
-1782,-3556,8352,249,-35,-37,-3056
-1538,-352,7710,406,-377,-134,-3088
-520,1002,7260,11,-306,-269,-3072
916,258,7944,-147,-39,-194,-3040
1202,-630,7638,-4,102,-162,-3056
34,-420,7664,79,53,-225,-3056
-690,296,7504,87,-71,-116,-3088
-30,120,8380,83,-59,-153,-3104
32,-780,9176,157,-96,-169,-3056
138,-568,7738,28,-59,-174,-3104
250,-338,7460,78,9,-153,-3120
230,144,7510,194,4,-140,-3056
-260,48,8718,266,-44,-130,-3104
-638,144,8654,187,-104,-102,-3072
-146,100,8680,78,-162,-131,-3120
232,-240,8760,53,-163,-113,-3088
-524,-1948,8556,438,-414,-74,-3088
-1122,-690,8186,734,-651,-41,-3072
-698,382,7894,506,-714,-287,-3088
1594,1080,7430,128,-296,-189,-3088
2850,1460,6828,-254,114,-205,-3056
2876,800,6440,-428,671,-111,-3104
1652,1076,6722,-599,951,-115,-3072
146,1144,8478,-736,999,-110,-3088
-228,316,8862,-937,857,-153,-3088
-584,68,8764,-1004,731,-147,-3072
268,-1274,8712,-899,761,-237,-3040
-1638,-3572,8608,-171,154,-54,-3088
-2420,-2864,8922,472,-278,-81,-3088
-1156,328,7982,338,-407,-130,-3088
340,178,8046,46,-261,-213,-3104
532,-416,8244,-63,-121,-262,-3088
992,-634,8454,123,94,-106,-3088
-390,-270,8174,243,-19,-47,-3088
-368,262,7874,113,-143,-125,-3072
-70,120,8654,17,-36,-220,-3072
324,-320,8100,61,12,-130,-3056
728,-766,7440,23,41,-129,-3056
370,-920,7504,135,84,-167,-3104
-282,-30,8318,212,27,-223,-3072
-724,118,8846,215,-67,-100,-3072
-466,102,8534,68,-114,-117,-3088
-178,116,8690,28,-175,-157,-3056
-384,-1504,8550,249,-276,-117,-3072
-942,-2082,8928,690,-576,-30,-3088
-1176,18,8438,725,-777,-133,-3120
892,1058,7274,347,-572,-217,-3088
2394,1876,7002,-174,-75,-234,-3056
3182,1410,6626,-461,479,-155,-3088
2514,776,6384,-550,952,-71,-3088
430,1060,7620,-717,1014,-104,-3104
-602,1224,8364,-868,947,-147,-3088
-398,434,8608,-1036,785,-168,-3088
868,-1204,8202,-1050,843,-234,-3056
-2008,-3672,9502,-220,210,-76,-3104
-2746,-2444,8238,455,-245,-52,-3088
-1522,346,7372,333,-428,-179,-3088
548,284,7632,50,-240,-227,-3072
618,-284,8480,-46,-105,-194,-3072
912,-478,8078,87,15,-97,-3088
136,-272,7710,127,-3,-129,-3088
-358,22,8400,118,-114,-158,-3088
50,-326,8558,31,1,-141,-3072
296,-204,7930,1,25,-169,-3072
538,-710,7378,-59,61,-185,-3088
536,-808,7416,41,112,-197,-3088
116,-274,7450,153,72,-137,-3072
-320,164,7900,197,0,-152,-3072
-388,318,7852,14,-133,-81,-3088
74,-50,8148,35,-168,-214,-3088
126,-1162,8810,203,-214,-125,-3104
-772,-1708,8412,579,-559,-65,-3104
-1218,-418,8460,706,-766,-75,-3088
292,974,7252,425,-643,-273,-3088
2034,1630,6506,-44,-137,-199,-3072
3298,1324,6166,-433,327,-183,-3104
2726,612,6696,-525,827,-118,-3088
428,1242,7758,-667,1012,-154,-3088
-578,992,8212,-752,982,-133,-3072
-394,6,8980,-925,824,-192,-3072
-144,-362,8652,-1029,748,-85,-3088
-1548,-3200,8780,-578,493,-141,-3056
-1930,-3536,8282,356,-165,-66,-3104
-1882,-1054,7658,528,-484,-96,-3088
-634,540,7920,142,-388,-235,-3088
570,-22,7768,-90,-135,-274,-3088
1270,-722,8258,32,70,-143,-3120
450,-208,7446,108,54,-107,-3088
-762,276,7766,60,-60,-178,-3072
-68,-122,8298,-8,-41,-220,-3104
422,-500,7822,57,28,-201,-3088
254,-656,8028,-20,41,-162,-3088
254,-962,7830,55,81,-154,-3072
286,-372,7320,159,90,-211,-3056
-180,294,7362,154,26,-165,-3056
-592,352,8144,92,-143,-139,-3088
-70,-100,8172,91,-156,-190,-3072
452,-700,7904,134,-211,-128,-3072
-824,-1798,8546,467,-493,-69,-3056
-1152,-330,8434,764,-667,43,-3088
-424,684,7798,506,-736,-221,-3088
2002,1442,7018,70,-223,-248,-3072
3094,1258,6636,-362,199,-246,-3104
3010,928,6560,-447,711,-110,-3056
1272,1126,7414,-607,989,-141,-3056
-96,844,8780,-697,1011,-114,-3104
-1074,798,8750,-916,801,-112,-3088
-316,-172,9080,-999,763,-183,-3088
-722,-2132,9688,-761,663,-178,-3088
-1608,-3864,8630,49,44,-59,-3072
-1832,-690,7662,478,-413,-206,-3088
-548,800,7718,119,-328,-217,-3088
702,526,8108,-99,-90,-201,-3088
1152,-546,7754,-39,12,-223,-3040
574,-626,7958,63,62,-140,-3088
-422,52,8564,91,3,-132,-3088
-302,-84,8396,64,-21,-144,-3120
0,-652,8250,115,-38,-86,-3072
-260,-618,7924,3,-65,-85,-3104
454,-1014,7940,83,49,-175,-3088
120,-636,8150,273,-28,-140,-3056
-310,-12,8028,288,-80,-222,-3072
-772,378,8890,223,-141,-108,-3104
90,-328,8598,95,-160,-166,-3072
206,160,8364,62,-189,-194,-3088
-184,-1500,8490,308,-301,-67,-3056
-884,-1120,8532,687,-558,27,-3088
-676,302,8154,583,-747,-217,-3104
768,960,7382,269,-439,-287,-3104
2216,1628,6820,-179,-23,-252,-3088
2986,1138,6606,-413,486,-217,-3088
2228,1082,6640,-554,941,-8,-3104
534,1380,7570,-796,1030,-139,-3072
-630,884,7724,-877,897,-129,-3088
-440,-244,8498,-925,730,-136,-3088
562,-590,8548,-992,761,-214,-3072
-1482,-3150,8702,-462,404,-130,-3072
-1474,-3738,8588,339,-78,-70,-3088
-1250,528,7860,351,-371,-182,-3088
-372,650,8114,-9,-265,-282,-3104
1010,-452,8088,-121,-38,-255,-3104
816,-646,8304,89,126,-124,-3088
-94,-360,8002,145,45,-117,-3056
-888,256,8238,91,-137,-102,-3104
116,-486,8242,52,-51,-189,-3072
288,-866,8438,181,-90,-129,-3056
426,-652,8044,67,-25,-158,-3088
234,-444,7608,141,-7,-209,-3072
90,192,7228,234,5,-197,-3072
-128,-44,8330,234,-25,-61,-3104
-310,348,8502,98,-125,-135,-3056
-74,18,8306,27,-164,-207,-3088
270,-1132,8204,168,-223,-177,-3104
-706,-2090,8916,571,-508,-104,-3104
-1258,-38,8358,720,-680,-78,-3088
-126,848,7464,401,-654,-282,-3056
2032,1166,7114,46,-192,-204,-3072
3252,1006,6416,-340,262,-203,-3072
2880,716,6554,-419,738,-80,-3088
936,1328,7568,-626,955,-113,-3088
-330,948,8510,-723,931,-137,-3072
-22,170,8930,-970,848,-156,-3104
-320,102,8640,-1068,750,-155,-3072
-536,-1402,8170,-847,699,-160,-3104
-1386,-3696,7818,35,59,-56,-3088
-2382,-1830,7918,409,-380,-108,-3056
-148,814,7268,65,-300,-257,-3072
574,124,7608,-77,-124,-247,-3104
1384,-478,7360,-45,13,-96,-3088
574,-266,7436,60,103,-128,-3120
-424,454,7842,112,-39,-153,-3072
-132,368,7410,4,-99,-175,-3072
400,-132,7694,23,-4,-137,-3056
328,-378,7790,-61,-13,-163,-3056
504,-264,7376,9,75,-136,-3072
382,-274,6782,150,93,-132,-3072
-268,-196,7910,198,7,-213,-3088
-864,618,8526,104,-112,-134,-3056
30,-24,8186,26,-105,-206,-3056
254,-1206,8340,53,-193,-201,-3072
-502,-1868,8082,408,-418,-189,-3072
-1042,-796,8310,723,-650,43,-3056
-180,780,7532,560,-768,-250,-3088
1536,1130,7192,210,-339,-222,-3072
2806,1584,6942,-306,93,-243,-3072
2992,510,6398,-487,685,-62,-3088
1914,1114,6284,-617,1004,-87,-3088
226,1114,7888,-742,1025,-116,-3072
-536,394,8504,-954,857,-113,-3104
-492,266,7970,-1041,753,-165,-3088
718,-1116,8496,-959,795,-193,-3088
-1704,-3978,8776,-143,186,-113,-3104
-2626,-1602,7986,480,-328,-201,-3104
-1280,466,7522,309,-449,-162,-3088
792,422,7760,-50,-164,-258,-3088
1212,-678,7840,-23,-39,-169,-3072
268,-352,7786,117,42,-115,-3072
-300,-262,8194,169,-52,-76,-3088
-170,76,8188,88,-95,-162,-3088
214,-400,8600,55,-17,-131,-3040
202,-458,7492,-8,10,-129,-3072
668,-872,7056,13,72,-109,-3088
482,-576,7470,110,125,-101,-3056
-240,40,7676,131,68,-103,-3056
-916,340,8070,181,-88,-71,-3040
-110,76,8160,59,-164,-219,-3072
474,-136,7998,-37,-171,-133,-3056
-620,-1716,8060,337,-402,-105,-3056
-752,-1510,8514,753,-597,-1,-3104
-612,358,7802,625,-815,-228,-3104
1824,1384,7188,232,-362,-224,-3056
2352,1818,6732,-282,56,-225,-3088
3126,1092,6828,-492,612,-121,-3088
1778,962,6634,-571,1023,-94,-3104
464,980,7450,-704,1004,-75,-3088
-832,1160,8568,-930,885,-103,-3120
-498,-48,8536,-1014,776,-102,-3056
-216,-1610,8958,-922,768,-96,-3072
-1998,-3778,8834,-176,154,-140,-3072
-2478,-2446,8592,471,-312,-104,-3088
-902,722,7810,395,-485,-104,-3056
-42,178,8026,95,-311,-206,-3072
458,-268,8196,-32,-139,-252,-3072
928,-462,8090,86,70,-122,-3088
214,-224,8160,153,3,-96,-3088
-610,-10,7860,87,-118,-161,-3072
-274,-120,9082,44,8,-171,-3072
272,-176,8342,-1,32,-125,-3088
530,-958,7888,1,55,-118,-3088
336,-1110,7634,101,99,-81,-3072
-380,-114,8224,187,33,-181,-3072
-512,528,7880,160,3,-180,-3056
-118,-92,7644,37,-113,-147,-3088
14,222,8668,89,-203,-215,-3088
200,-1204,8448,225,-272,-108,-3072
-864,-1778,8722,623,-546,-39,-3104
-1082,54,8412,711,-732,-61,-3088
156,930,7374,426,-632,-262,-3056
1960,1690,6600,-104,-91,-245,-3088
3308,1376,6354,-460,413,-238,-3104
2462,822,6604,-545,872,-96,-3040
630,1174,7406,-686,988,-180,-3040
-648,972,8814,-745,968,-107,-3088
-408,318,8654,-963,767,-66,-3056
-2,-38,8696,-1112,805,-242,-3104
-1360,-3200,8930,-513,472,-152,-3072
-1730,-3362,8114,251,-74,-63,-3024
-2094,-1090,7934,450,-448,-140,-3056
-396,944,7580,55,-352,-257,-3104
694,262,8030,-75,-78,-197,-3072
1202,-800,8504,2,33,-121,-3088
164,-288,7990,46,105,-126,-3120
-498,418,7858,44,4,-178,-3072
-6,4,8202,55,-24,-200,-3072
-58,-898,8972,126,-30,-197,-3088
28,-566,7918,-13,-48,-155,-3056
106,-778,7844,117,-22,-110,-3056
200,-1002,8256,319,1,-142,-3072
-372,-126,8584,294,-123,-172,-3104
-852,448,8432,214,-179,-119,-3088
-60,94,8532,132,-194,-141,-3088
520,-482,8274,68,-201,-157,-3072
-590,-1578,8672,362,-396,-90,-3072
-870,-1124,8750,701,-607,40,-3120
-684,446,8034,553,-729,-194,-3088
1698,1168,7268,241,-394,-270,-3072
2150,1408,7194,-185,56,-256,-3056
2972,998,6740,-449,568,-199,-3088
1636,1052,7098,-563,971,-112,-3056
360,760,8310,-724,971,-101,-3072
-680,880,8296,-892,864,-121,-3072
-738,30,9064,-935,745,-120,-3088
280,-1450,8868,-943,744,-221,-3056
-1624,-3154,8702,-273,216,-87,-3104
-2314,-3006,8432,441,-220,-92,-3072
-1350,658,8342,410,-405,-141,-3072
-350,498,8158,44,-271,-202,-3088
638,-418,7958,-89,-92,-190,-3072
1042,-660,8438,92,156,-79,-3104
-526,-200,8644,167,40,-36,-3088
-922,174,8142,109,-115,-68,-3088
-36,-224,8238,6,-35,-215,-3072
176,-608,8558,108,-63,-126,-3072
506,-820,7624,94,-27,-133,-3088
342,-682,7692,175,-23,-156,-3056
-124,12,7738,247,2,-260,-3072
-122,376,7692,199,-23,-86,-3056
-182,400,8178,56,-112,-164,-3088
-90,52,8340,57,-141,-220,-3056
-212,-1412,8850,166,-201,-113,-3072
-688,-1998,8290,556,-482,0,-3072
-1132,-116,8232,705,-686,-36,-3072
396,940,7410,386,-612,-211,-3088
2110,1348,6912,-24,-175,-174,-3088
3204,1164,6416,-352,304,-214,-3104
2582,948,6626,-463,837,-58,-3072
1114,1328,7130,-656,958,-117,-3088
-730,1136,8362,-801,922,-133,-3104
-176,426,8626,-986,796,-116,-3072
372,-296,8492,-1094,809,-166,-3088
-1436,-2972,8352,-667,567,-170,-3088
-1534,-4022,8176,241,-31,-77,-3088
-1884,-560,7710,387,-412,-82,-3072
-48,728,7328,11,-307,-205,-3072
742,430,7798,-125,-48,-115,-3056
1238,-608,7436,-19,27,-108,-3088
350,52,7708,85,32,-186,-3072
-498,92,8560,161,-11,-83,-3088
-170,-24,8164,107,-68,-111,-3120
232,-390,8382,94,-49,-128,-3088
510,-282,7368,-11,-27,-164,-3072
358,-712,7768,52,50,-141,-3072
326,-508,7704,215,38,-117,-3072
-230,340,7954,212,4,-171,-3056
-602,886,7552,114,-126,-149,-3056
-20,-292,9024,25,-131,-210,-3088
232,-802,8668,99,-182,-155,-3072
-868,-1848,8532,450,-474,-149,-3072
-1030,-1154,8774,728,-701,7,-3088
-388,506,7744,527,-710,-218,-3088
2112,1144,7244,148,-269,-220,-3088
3162,1392,6334,-332,151,-236,-3072
2968,830,6670,-472,726,-52,-3104
1208,1296,7052,-608,989,-78,-3088
-74,858,8728,-737,1005,-121,-3088
-708,802,8558,-928,842,-131,-3072
-442,78,8376,-1022,758,-107,-3104
-290,-1540,8644,-915,763,-196,-3056
-1682,-3756,9036,-62,130,-81,-3056
-2656,-1786,7972,460,-340,-115,-3072
-1086,1130,7118,238,-410,-272,-3040
130,498,8124,-37,-209,-188,-3088
1200,-420,7806,-70,-61,-211,-3088
492,-304,7760,160,14,-113,-3072
-306,-344,8654,199,-49,-103,-3056
-418,78,7966,108,-128,-162,-3088
232,-250,8590,36,-10,-127,-3088
312,-274,7642,-2,12,-130,-3072
580,-758,7520,-22,107,-142,-3072
366,-636,7516,105,81,-171,-3072
-228,300,7778,137,52,-113,-3088
-642,-12,8962,205,-26,-66,-3056
-146,-248,8224,97,-122,-135,-3072
-40,266,8784,11,-181,-261,-3040
-260,-1524,9480,291,-345,-93,-3088
-702,-1858,8688,723,-615,5,-3088
-862,370,8270,699,-808,-130,-3072
564,1172,7476,328,-531,-269,-3088
2090,1736,6922,-160,-36,-211,-3088
3364,932,6448,-462,495,-143,-3088
1904,846,6820,-556,956,-47,-3072
550,1130,7456,-683,1033,-97,-3072
-976,1274,8382,-882,885,-77,-3088
-288,48,8562,-1028,851,-129,-3056
238,-874,8634,-998,818,-146,-3088
-1764,-3880,8666,-282,252,-27,-3088
-2444,-2700,8434,415,-222,-187,-3072
-1542,-52,7724,393,-463,-86,-3088
36,426,7480,84,-294,-213,-3088
322,-144,8122,-51,-131,-197,-3088
830,-574,8046,39,-1,-182,-3072
444,-136,7858,124,13,-137,-3072
-518,284,8032,109,-78,-96,-3088
-106,-48,8450,-7,1,-169,-3088
284,12,8000,-14,49,-198,-3088
628,-536,7474,-144,119,-177,-3072
550,-882,7096,42,115,-113,-3104
326,-582,7230,166,68,-146,-3056
-442,232,8302,205,10,-87,-3056
-438,396,7694,37,-140,-181,-3072
-60,-300,9120,79,-206,-182,-3088
338,-1420,8190,187,-243,-158,-3088
-950,-1690,8844,555,-517,17,-3088
-1124,-108,8130,733,-709,-10,-3136
-268,738,7686,475,-726,-258,-3104
2118,1580,6768,70,-192,-210,-3088
3228,1380,6430,-400,246,-239,-3088
2826,704,6870,-467,776,-106,-3072
708,1296,7892,-628,1011,-134,-3072
-294,462,8744,-708,1013,-100,-3088
-810,360,8690,-896,803,-84,-3088
-314,92,8534,-1091,752,-113,-3056
-952,-2746,8938,-702,636,-227,-3072
-1546,-4016,8776,159,21,-44,-3088
-2254,-1336,8118,519,-426,-137,-3056
-750,852,7178,113,-357,-186,-3088
822,176,7826,-104,-87,-229,-3072
1356,-488,7744,-37,11,-173,-3072
390,-26,7508,-15,144,-135,-3088
-666,314,7256,74,-10,-144,-3088
-110,60,7908,-26,20,-204,-3072
188,-666,8358,62,35,-188,-3104
-32,-246,7478,-37,-17,-194,-3104
616,-874,7270,21,86,-108,-3088
232,-552,7406,148,65,-105,-3088
-196,168,7418,166,-18,-142,-3088
-656,528,8058,168,-134,-133,-3072
-22,206,8322,70,-135,-167,-3072
314,-98,8044,66,-233,-150,-3088
-518,-1486,8350,372,-375,-88,-3056
-990,-594,8112,740,-588,17,-3104
-900,306,8102,613,-779,-272,-3088
1590,1070,7512,199,-313,-312,-3088
2790,1368,7158,-264,114,-253,-3088
2712,732,6876,-454,619,-128,-3072
1806,880,6826,-575,964,-129,-3072
262,782,8424,-709,1003,-56,-3056
-372,510,8844,-932,860,-180,-3088
-434,-198,8406,-952,788,-122,-3072
176,-1556,9410,-894,738,-222,-3104
-1754,-3910,9008,-139,141,-110,-3088
-2072,-2910,7684,468,-301,-135,-3088
-914,660,7834,346,-400,-152,-3104
368,190,8282,-4,-204,-239,-3072
450,-62,7688,-89,-74,-244,-3056
1108,-390,7720,24,100,-165,-3088
-196,-306,8498,163,86,-123,-3072
-670,-216,8522,109,-88,-201,-3072
-232,-328,8180,64,-62,-177,-3104
-56,-490,8758,76,-33,-123,-3088
568,-1338,7898,51,16,-165,-3088
506,-702,6784,145,45,-135,-3104
-74,26,7608,233,-23,-236,-3072
-444,356,8122,213,-57,-153,-3088
-274,504,7476,22,-153,-149,-3056
124,212,8392,62,-160,-152,-3072
12,-1152,8406,130,-196,-86,-3104
-742,-1714,8354,489,-470,-64,-3088
-972,-68,7814,669,-650,-85,-3088
352,1140,7176,407,-611,-302,-3072
2152,1518,6340,20,-181,-279,-3040
3168,1198,6738,-348,290,-214,-3104
2576,960,6912,-465,791,-6,-3104
700,1182,7256,-627,958,-109,-3088
-178,792,8864,-740,932,-108,-3088
-486,158,9162,-920,780,-122,-3072
282,-190,8308,-1067,739,-161,-3104
108,-1554,8986,-820,696,-187,-3120
-1502,-3988,8808,127,58,-58,-3088
-2126,-1044,7960,458,-374,-120,-3088
-418,1058,7348,102,-346,-184,-3072
764,234,8100,-116,-82,-197,-3072
1192,-810,7822,2,59,-109,-3088
260,-318,7498,46,87,-168,-3088
-424,296,7662,81,-25,-123,-3072
-20,-126,7720,99,-61,-118,-3072
198,-562,8482,139,-74,-134,-3088
-46,-398,8046,29,-43,-174,-3088
312,-480,7530,41,25,-182,-3072
508,-722,7248,180,69,-125,-3104
-62,208,8202,228,15,-144,-3088
-746,448,8106,136,-121,-169,-3088
-44,164,8562,32,-184,-199,-3088
318,-616,8672,82,-189,-93,-3104
-648,-1938,8616,440,-407,-80,-3072
-1098,-392,8032,708,-669,32,-3072
-600,320,7980,519,-701,-287,-3056
1742,1088,7510,146,-274,-245,-3056
2986,1226,6998,-269,144,-198,-3072
3058,886,6710,-430,627,-61,-3088
600,1304,7692,-604,945,-99,-3088
156,956,8662,-719,970,-113,-3072
-274,254,9076,-934,850,-152,-3104
-138,-318,8524,-1052,738,-162,-3056
130,-1190,8574,-874,727,-203,-3088
-1346,-3892,8534,24,74,-55,-3120
-2168,-1222,7834,481,-349,-69,-3040
-1146,604,7674,228,-401,-164,-3056
308,272,8058,-49,-205,-222,-3072
1536,-524,7738,-73,-11,-210,-3088
526,-230,7454,135,79,-126,-3088
-646,250,7394,148,-66,-93,-3040
-298,330,7962,27,-109,-130,-3072
358,-182,7926,-7,-15,-203,-3056
524,-286,7420,-16,-7,-133,-3088
542,-806,7660,19,121,-131,-3056
284,-420,7614,111,91,-243,-3072
-162,394,7174,114,60,-154,-3104
-688,-68,8476,157,-91,-167,-3088
-248,-36,9132,72,-98,-165,-3088
320,-600,7954,9,-181,-196,-3104
-406,-1910,8258,351,-387,-61,-3088
-698,-1428,8634,782,-651,-24,-3088
-636,584,8252,641,-786,-217,-3088
2018,1336,6774,211,-357,-232,-3104
2560,1550,6622,-279,88,-206,-3072
3110,964,6742,-463,599,-116,-3088
1456,816,6926,-578,953,-93,-3088
304,1192,7434,-704,1053,-86,-3072
-950,992,8162,-928,839,-111,-3072
-172,222,8456,-1084,815,-178,-3104
462,-1078,8814,-970,828,-199,-3088
-1800,-3914,8668,-177,149,-114,-3056
-2590,-2098,7878,456,-289,-178,-3072
-1334,208,7390,320,-462,-135,-3088
422,328,8052,23,-244,-228,-3088
748,-376,7908,-66,-116,-215,-3088
592,-438,7764,64,44,-160,-3072
204,-210,7894,150,15,-109,-3072
-360,272,8478,114,-99,-139,-3056
68,-430,8422,73,-19,-147,-3056
128,-340,8150,-6,18,-104,-3072
648,-810,7634,-58,98,-105,-3072
448,-928,7684,86,111,-99,-3072
-26,-82,7728,171,36,-151,-3088
-480,72,8208,247,-66,-176,-3088
-372,112,8316,43,-152,-210,-3056
224,146,8272,32,-179,-168,-3056
44,-1354,8918,233,-303,-118,-3104
-854,-1666,8616,654,-593,13,-3040
-922,194,8046,717,-780,-111,-3088
334,978,7582,333,-560,-255,-3088
2542,1814,6708,-186,-15,-252,-3072
3256,1318,6446,-504,527,-85,-3056
2200,996,6656,-596,962,-22,-3088
554,976,7478,-749,1029,-116,-3072
-732,886,8446,-880,937,-135,-3072
-628,76,8786,-936,772,-108,-3072
490,-1208,8750,-992,814,-283,-3088
-1682,-3340,9098,-302,256,-91,-3088
-2130,-3430,8670,434,-189,-108,-3104
-1214,416,7644,435,-485,-105,-3072
-480,326,7500,116,-334,-271,-3088
502,190,8124,-112,-117,-196,-3088
1318,-792,8138,44,89,-129,-3104
452,-114,7344,62,96,-106,-3056
-810,336,7742,74,-76,-99,-3088
-32,100,8212,-40,26,-116,-3088
110,-780,8562,32,28,-149,-3072
234,-578,7252,-22,-21,-77,-3072
278,-744,7602,62,86,-199,-3088
-80,-168,7292,151,91,-240,-3088
-212,150,7390,188,-29,-97,-3072
-448,282,7614,101,-142,-156,-3040
-82,292,8174,76,-202,-152,-3072
438,-626,8138,146,-232,-136,-3088
-678,-1736,8190,531,-513,-47,-3088
-1040,-118,8282,761,-702,-4,-3104
-410,838,7692,431,-703,-281,-3120
2070,1560,6508,-15,-167,-186,-3120
3142,1384,6302,-435,368,-170,-3088
2724,818,6500,-537,888,-31,-3072
518,1250,7188,-729,1023,-129,-3072
-82,822,8468,-779,937,-162,-3056
-270,242,9058,-1004,824,-87,-3088
186,-438,8438,-1079,830,-191,-3056
-1680,-3466,8642,-531,453,-144,-3088
-1662,-3932,8578,285,-70,-93,-3072
-1630,-460,7658,460,-486,-159,-3072
78,710,7878,99,-320,-222,-3056
596,426,8088,-96,-74,-180,-3088
984,-540,8076,-4,8,-160,-3040
620,-198,7574,8,90,-94,-3072
-374,-6,8204,81,-6,-91,-3088
-362,-58,8554,35,-41,-73,-3056
34,-884,8568,85,-2,-156,-3072
-142,-330,7550,-20,-34,-165,-3088
252,-876,7766,98,-3,-101,-3088
304,-592,7696,247,0,-112,-3056
-376,252,8398,297,-116,-208,-3104
-908,580,8626,207,-175,-152,-3072
230,-278,8442,80,-159,-195,-3104
498,-584,8542,89,-151,-154,-3088
-298,-1590,8522,344,-387,-135,-3056
-920,-1138,8654,706,-596,9,-3072
-548,348,7796,589,-731,-196,-3072
984,986,7128,238,-380,-206,-3056
2320,1756,7178,-213,51,-160,-3088
2928,958,6722,-454,610,-45,-3104
1310,1212,7166,-585,953,-119,-3088
568,1026,7834,-706,1012,-121,-3056
-886,860,8366,-900,836,-152,-3072
-654,24,8818,-957,736,-130,-3072
460,-1562,8640,-907,766,-209,-3056
-1412,-3956,9168,-70,151,-54,-3120
-2492,-2428,8476,445,-301,-146,-3072
-1162,746,7454,250,-367,-202,-3072
760,528,7794,-59,-177,-258,-3088
912,-408,8558,-58,-12,-188,-3120
518,-658,8252,137,76,-61,-3072
-586,-208,8184,194,-6,-22,-3072
-698,36,8346,88,-122,-218,-3056
-6,-284,8744,61,-38,-139,-3120
102,-392,8022,86,-61,-110,-3088
460,-716,7600,63,8,-197,-3056
224,-422,7612,136,30,-235,-3104
0,120,7578,165,52,-143,-3104
-472,246,8728,231,-50,-118,-3072
-494,316,8480,69,-127,-177,-3088
-12,104,8356,-17,-191,-196,-3088
-334,-1754,9026,268,-254,-155,-3072
-668,-2062,8626,673,-566,-25,-3088
-1256,112,8170,678,-764,-184,-3088
634,1122,7242,302,-553,-225,-3088
2340,1558,6494,-77,-89,-253,-3072
3308,1188,6294,-418,420,-197,-3040
2450,982,6730,-489,814,-66,-3056
378,1266,7764,-644,968,-93,-3056
-494,1110,8984,-798,870,-103,-3104
-88,194,8836,-1013,878,-167,-3104
244,-986,8722,-1030,744,-131,-3088
-718,-1874,8196,-650,495,-124,-3056
-1434,-3666,8252,209,-5,-130,-3040
-1712,-682,7754,434,-414,-159,-3072
-704,1074,7308,113,-317,-266,-3056
576,298,7572,-74,-153,-274,-3088
1536,-550,7460,-76,48,-123,-3072
534,-212,7524,106,97,-143,-3072
-498,328,7634,134,-80,-111,-3072
-42,438,7740,47,-50,-167,-3056
370,-28,7960,24,-52,-154,-3088
328,-426,7948,-32,4,-129,-3104
574,-624,7520,41,125,-113,-3072
200,66,7146,128,99,-162,-3056
-396,188,8300,139,32,-173,-3056
-780,590,8176,80,-97,-121,-3072
104,-74,8206,82,-127,-183,-3104
170,-544,8680,57,-163,-175,-3056
-802,-1876,8624,428,-431,-163,-3088
-1028,-738,8350,767,-685,29,-3072
94,776,7376,573,-743,-201,-3104
1718,1120,7194,180,-323,-218,-3072
2818,1550,7180,-310,132,-251,-3104
2920,762,6372,-463,686,-41,-3120
1756,1060,6850,-650,1005,-123,-3088
368,946,8080,-713,1041,-106,-3072
-778,556,8826,-928,816,-139,-3072
-588,470,8602,-1096,765,-125,-3056
262,-1640,8692,-923,767,-153,-3056
-1538,-3850,8696,-58,103,-34,-3072
-2292,-1264,7486,505,-343,-87,-3040
-1148,860,7706,249,-400,-240,-3056
832,294,7486,-34,-167,-206,-3088
1318,-512,7748,-60,-62,-177,-3024
696,-674,7888,100,21,-114,-3072
-468,-122,8244,202,-49,-138,-3104
-84,70,8100,91,-118,-142,-3056
-2,-298,8606,94,-30,-126,-3088
50,-234,8032,1,8,-162,-3072
526,-628,7350,-57,128,-168,-3040
420,-558,7644,75,160,-101,-3088
10,-120,7172,132,9,-137,-3088
-732,490,8540,215,-37,-16,-3104
-562,248,8434,43,-154,-231,-3056
-46,234,8490,-12,-195,-260,-3120
-230,-1694,8450,300,-313,-126,-3056
-928,-1386,8636,727,-612,-16,-3072
-1202,162,8508,690,-758,-121,-3072
1060,1040,7114,295,-515,-273,-3072
2382,1796,6836,-176,-32,-213,-3088
3256,1258,6338,-465,476,-172,-3088
2384,836,6862,-565,992,-86,-3072
362,934,7624,-704,996,-172,-3072
-524,858,8334,-838,939,-103,-3120
-500,8,9072,-983,816,-135,-3056
266,-1074,8858,-1038,798,-108,-3072
-1568,-2964,8910,-394,319,-187,-3120
-1586,-3704,7834,372,-170,-92,-3088
-1278,266,7752,439,-467,-141,-3056
168,286,8122,91,-307,-230,-3088
396,432,7554,-103,-136,-203,-3056
1632,-456,7688,1,95,-148,-3056
188,-488,8220,150,66,-133,-3104
-560,242,7460,106,-130,-124,-3088
-106,308,8318,-6,4,-136,-3056
312,-556,8092,-11,50,-193,-3088
504,-768,8024,-56,49,-174,-3040
474,-652,7550,38,121,-178,-3072
140,-350,7180,148,102,-214,-3056
-452,288,8026,169,-26,-91,-3056
-620,292,7892,85,-135,-137,-3072
-80,148,8602,75,-174,-171,-3088
114,-1450,8362,246,-246,-105,-3056
-890,-1860,8824,636,-592,-31,-3056
-994,-16,8156,743,-742,-44,-3072
316,1122,7018,393,-627,-266,-3072
2016,1858,6382,-81,-138,-273,-3056
3376,1272,6014,-483,377,-220,-3088
2908,662,6110,-539,849,-87,-3072
568,1366,7522,-690,995,-166,-3072
-668,1022,7908,-781,983,-44,-3056
-630,308,8894,-989,825,-85,-3088
216,-154,8254,-1095,832,-244,-3072
-1504,-3206,8740,-565,472,-152,-3072
-1554,-3970,8962,241,-46,-65,-3056
-2038,-848,7766,493,-493,-134,-3088
-344,722,7760,77,-321,-264,-3056
578,168,8042,-86,-73,-222,-3040
1020,-808,8214,13,30,-121,-3072
260,-302,7788,15,103,-166,-3088
-318,140,7750,4,10,-159,-3088
-58,74,7812,2,-10,-163,-3072
108,-530,8328,41,-16,-210,-3072
178,-564,7354,-45,10,-98,-3088
464,-950,7032,85,30,-116,-3056
408,-622,7792,224,24,-123,-3072
-194,56,7958,233,-65,-204,-3072
-690,512,8014,187,-152,-140,-3088
60,118,8206,73,-173,-159,-3088
604,-518,8152,145,-199,-149,-3088
-542,-1722,8490,428,-388,-97,-3104
-1088,-544,8220,730,-621,-76,-3072
-614,360,7686,568,-705,-281,-3088
1710,1184,7532,158,-276,-261,-3088
2776,1312,7242,-237,145,-258,-3088
2720,620,6758,-468,686,-78,-3072
1634,1050,6646,-612,952,-31,-3072
218,886,8716,-711,957,-151,-3088
-432,188,8976,-921,872,-156,-3088
-514,-150,8580,-961,712,-161,-3072
354,-1474,8878,-829,702,-237,-3072
-1322,-3818,9038,-138,150,-112,-3088
-2264,-2720,8468,459,-280,-136,-3056
-1226,466,7680,304,-398,-179,-3104
248,428,8210,8,-262,-236,-3072
844,-156,7948,-105,-54,-249,-3088
908,-570,8470,119,126,-136,-3088
-524,-284,8102,167,1,-140,-3072
-430,4,8298,125,-141,-161,-3072
-28,-428,8538,80,-77,-167,-3088
-50,-532,8954,124,-99,-137,-3056
682,-1120,7770,79,-25,-156,-3104
256,-726,7560,169,33,-196,-3072
-86,168,7594,159,-24,-173,-3104
-528,-32,8760,218,-13,-67,-3056
-240,406,7770,74,-122,-148,-3056
-22,182,8424,15,-189,-172,-3072
-276,-1460,8756,238,-303,-161,-3088
-784,-1748,8800,691,-568,-11,-3088
-880,282,8174,704,-740,-168,-3088
468,1066,7120,299,-519,-200,-3072
2064,1388,6844,-123,-49,-180,-3072
3240,866,6484,-413,432,-190,-3120
2664,946,5954,-509,847,-84,-3056
474,1436,7658,-686,991,-72,-3104
-884,1146,8210,-848,877,-85,-3104
-62,512,8436,-1074,838,-179,-3088
356,-506,8068,-1052,813,-186,-3088
-1490,-2852,8570,-578,472,-126,-3088
-2018,-3230,7682,271,-105,-73,-3088
-1816,-838,7228,397,-406,-178,-3072
-168,708,7712,80,-291,-260,-3072
472,-74,8150,-121,-110,-253,-3056
1178,-430,7772,-13,48,-177,-3056
666,-398,7080,112,72,-120,-3072
-520,518,8106,116,-96,-125,-3072
-86,224,8158,73,-76,-162,-3088
134,-232,8308,41,-56,-158,-3088
618,-510,7204,-74,32,-153,-3072
578,-874,7270,44,88,-172,-3088
238,-168,7688,139,90,-134,-3120
-322,302,7888,188,-15,-147,-3088
-484,788,7652,90,-94,-124,-3072
0,-318,8924,49,-137,-197,-3104
224,-1236,8698,115,-224,-177,-3088
-984,-1980,8890,524,-492,-137,-3056
-1084,-1122,8660,753,-700,-14,-3088
-356,544,7756,535,-730,-233,-3072
2010,1424,7238,140,-248,-222,-3072
2624,1722,7032,-293,125,-222,-3056
2922,744,6984,-434,712,-61,-3088
1056,1102,7458,-590,987,-98,-3104
-202,810,9096,-685,957,-117,-3072
-874,608,8732,-912,810,-138,-3072
-374,80,8356,-1044,754,-144,-3120
-270,-1602,8614,-918,781,-163,-3056
-1672,-3842,9170,-58,173,-61,-3072
-2614,-1880,8078,473,-351,-66,-3072
-1038,1108,7288,278,-415,-262,-3088
308,392,8148,-54,-193,-229,-3056
1056,-508,7958,-49,-65,-205,-3072
416,-514,7964,128,13,-101,-3072
-310,-440,8584,242,-104,-124,-3056
-534,132,8314,84,-132,-168,-3056
160,-312,8710,67,-13,-143,-3088
36,-46,7556,42,-29,-129,-3088
474,-774,7900,-31,91,-205,-3088
474,-810,7316,123,128,-175,-3104
-332,260,8104,155,40,-156,-3072
-596,64,8778,217,-68,-67,-3088
-318,-88,8462,97,-128,-120,-3056
72,-68,8604,12,-189,-182,-3072
-16,-1784,8986,326,-354,-119,-3056
-772,-1926,9160,775,-646,-44,-3056
-856,368,8112,669,-808,-163,-3088
1818,1390,7060,273,-450,-256,-3072
2158,1654,6758,-227,-11,-237,-3072
3314,948,6920,-473,560,-153,-3056
1838,700,6844,-520,951,-87,-3056
504,1144,7382,-724,1018,-144,-3088
-970,1350,8212,-953,896,-148,-3072
-454,290,8344,-1026,855,-181,-3072
214,-746,8448,-1032,841,-207,-3088
-1858,-3768,8656,-265,220,-52,-3056
-2376,-2570,7970,391,-226,-152,-3104
-1380,-120,7578,415,-482,-109,-3088
98,462,7724,81,-291,-236,-3056
190,-74,8188,-59,-144,-176,-3088
1076,-578,7658,22,26,-168,-3072
564,-222,7732,110,80,-122,-3072
-494,364,7948,74,-48,-100,-3088
-74,-28,8230,-12,-4,-156,-3088
94,-248,8040,-6,55,-136,-3072
564,-770,7508,-54,50,-100,-3056
556,-900,7596,92,110,-70,-3088
-224,-204,7468,190,43,-104,-3056
-812,404,8338,196,-63,-206,-3104
-334,316,8008,45,-142,-153,-3072
36,72,8280,86,-168,-196,-3088
-244,-1508,8562,248,-284,-112,-3056
-902,-1820,8732,623,-597,-57,-3104
-956,-30,8134,724,-731,-96,-3072
782,1442,7338,379,-561,-271,-3104
1768,1846,7106,-127,-73,-275,-3056
3386,1174,6240,-510,407,-222,-3088
2584,764,6690,-511,938,-72,-3152
530,1098,7560,-684,979,-137,-3072
-616,992,9074,-818,973,-163,-3072
-528,-52,8684,-932,780,-30,-3088
606,-702,8490,-1087,757,-210,-3088
-1284,-3058,9522,-472,417,-161,-3072
-1598,-3864,8332,391,-136,-86,-3072
-1600,142,8104,536,-511,-90,-3088
-710,658,7740,134,-391,-231,-3088
718,78,8170,-76,-94,-232,-3040
1238,-806,8382,48,52,-124,-3072
404,-138,7228,21,93,-131,-3056
-606,418,7544,70,-57,-161,-3088
-24,86,8294,-37,8,-194,-3056
56,-884,8728,77,26,-154,-3104
52,-342,7110,-40,36,-231,-3072
176,-640,7306,28,68,-90,-3088
40,-430,7780,181,1,-165,-3056
-370,330,7924,179,-29,-147,-3040
-654,360,7626,159,-157,-174,-3040
-50,128,8072,93,-160,-150,-3088
486,-118,8316,39,-173,-148,-3088
-576,-1640,8260,413,-450,-117,-3072
-1016,-448,7986,749,-633,34,-3072
-770,240,8286,595,-743,-233,-3088
1590,1290,7372,153,-287,-270,-3088
2860,1482,6786,-286,163,-259,-3056
2726,850,6564,-481,651,-142,-3104
1844,916,6868,-582,963,-184,-3072
170,992,8600,-729,1002,-33,-3056
-342,342,8590,-947,850,-167,-3056
-482,28,8536,-1039,836,-120,-3104
282,-1638,8538,-911,733,-224,-3072
-1616,-3564,8774,-177,174,-103,-3056
-2084,-2902,8174,454,-263,-122,-3088
-1008,554,7554,332,-391,-123,-3072
266,356,8066,27,-221,-194,-3104
1122,-358,7818,-118,-102,-190,-3104
1134,-604,7966,53,130,-88,-3104
-258,-408,8230,163,26,-60,-3056
-602,-84,8472,79,-87,-100,-3056
-166,-92,8166,50,-31,-210,-3072
120,-402,8160,29,-46,-122,-3104
724,-1200,7956,78,0,-134,-3088
384,-828,7278,189,39,-158,-3088
-92,130,7620,226,-24,-256,-3104
-302,166,7986,176,-38,-77,-3072
-418,580,7638,-43,-74,-188,-3088
232,352,7628,9,-136,-206,-3056
-90,-1316,8620,199,-217,-101,-3088
-772,-1996,8928,592,-509,37,-3072
-976,-128,7834,680,-682,-33,-3072
370,1190,7068,364,-604,-241,-3088
2002,1828,6700,-50,-153,-145,-3056
3066,1200,7002,-366,314,-261,-3104
2758,650,6340,-460,796,-42,-3040
596,1422,7944,-637,991,-98,-3088
-58,1102,8848,-751,957,-95,-3056
-400,494,8476,-985,810,-145,-3072
452,-282,8204,-1128,807,-180,-3104
-146,-1648,8642,-769,651,-140,-3088
-1454,-3792,8880,136,55,-63,-3088
-2084,-990,7664,473,-401,-150,-3072
-78,858,7272,43,-310,-191,-3040
732,334,7712,-76,-88,-172,-3056
1336,-716,7764,-29,20,-90,-3056
378,-340,7462,79,86,-97,-3056
-384,80,7562,100,-73,-153,-3072
-74,226,8056,70,-88,-145,-3072
168,-456,8444,131,-27,-114,-3056
-80,-330,7930,4,-50,-149,-3056
500,-902,7390,40,34,-151,-3072
312,-514,7956,191,52,-133,-3072
-88,244,7942,187,-14,-160,-3088
-698,480,8218,171,-104,-163,-3056
6,80,8424,3,-133,-201,-3088
338,-794,8454,36,-182,-196,-3088
-326,-1808,8556,358,-349,-121,-3072
-946,-1212,8624,752,-636,-23,-3072
-414,474,7532,599,-751,-180,-3056
1226,1020,7172,216,-383,-260,-3056
2590,1542,6712,-231,44,-263,-3056
3094,994,6700,-460,597,-113,-3072
2270,1168,6742,-605,965,-76,-3088
568,1136,7462,-736,1013,-144,-3056
-670,1148,8442,-948,918,-142,-3088
-538,306,7978,-992,745,-129,-3072
448,-1330,8952,-941,832,-227,-3072
-1740,-3868,9152,-261,234,-144,-3056
-2588,-2420,8276,479,-269,-138,-3088
-1152,924,7640,350,-417,-103,-3104
-108,64,8594,70,-272,-207,-3088
730,-406,8358,-85,-95,-266,-3056
748,-624,8138,156,42,-129,-3088
-728,-20,8102,261,-58,-24,-3104
-714,-22,8288,178,-193,-148,-3104
136,-308,8872,36,-41,-204,-3056
-16,-344,8550,72,-17,-117,-3056
580,-692,7828,-35,62,-144,-3072
488,-876,7442,125,115,-186,-3072
-356,158,8170,155,41,-221,-3088
-386,108,8328,211,-62,-106,-3088
-360,-300,8488,102,-125,-168,-3072
-86,-274,8934,21,-190,-158,-3072
94,-1372,8222,232,-285,-129,-3056
-664,-1942,8528,692,-590,-60,-3088
-980,198,8350,750,-786,-103,-3072
1416,1242,7334,325,-519,-251,-3072
2126,1860,6254,-208,-39,-235,-3072
3494,1348,6152,-511,496,-159,-3056
2224,922,6730,-508,916,-73,-3024
584,1072,7526,-691,1031,-126,-3136
-886,952,8568,-811,928,-149,-3072
-362,258,8916,-1001,805,-153,-3072
322,-440,8676,-1052,856,-240,-3088
-1820,-3696,9002,-335,305,-187,-3088
-2326,-3124,8486,437,-216,-119,-3088
-1062,798,7440,401,-512,-107,-3104
714,302,7880,75,-262,-243,-3088
290,-118,8270,-20,-97,-186,-3088
808,-520,8028,67,-14,-128,-3072
236,-224,8064,143,19,-156,-3040
-468,168,8442,142,-107,-124,-3088
-44,-162,8388,13,-33,-132,-3088
144,-428,8102,15,59,-172,-3072
470,-762,7770,-92,88,-210,-3072
544,-692,7738,57,129,-131,-3072
-82,-160,7682,186,69,-192,-3056
-546,252,8026,215,-13,-162,-3056
-722,454,8044,55,-151,-109,-3072
-88,-22,8626,74,-203,-206,-3104
-66,-1652,8822,255,-237,-127,-3088
-996,-2026,8958,637,-562,-28,-3088
-1074,-320,8516,773,-736,-42,-3072
444,1136,7434,417,-683,-249,-3072
2010,1600,6976,-43,-126,-219,-3088
3194,1364,6256,-445,335,-167,-3088
2768,726,6786,-515,878,-77,-3104
460,1266,7778,-678,978,-169,-3072
-194,804,9124,-749,1018,-151,-3072
-524,-194,8804,-935,826,-185,-3056
66,-530,8940,-1059,783,-194,-3056
-740,-2192,8834,-620,529,-189,-3072
-1414,-4040,8620,265,-49,-68,-3072
-1650,-564,7478,496,-443,-154,-3088
-930,1054,6684,110,-400,-241,-3088
790,628,7290,-132,-74,-219,-3040
1702,-442,7498,-73,60,-155,-3104
508,-128,7530,-7,120,-89,-3088
-402,318,7254,49,-2,-82,-3088
182,298,7658,-54,13,-178,-3104
318,-630,8474,-19,61,-180,-3072
70,-150,7462,-97,17,-130,-3072
382,-470,7332,-8,126,-225,-3072
334,-232,7096,151,85,-186,-3088
-370,362,7814,124,45,-82,-3088
-764,148,7818,179,-152,-117,-3104
-104,154,8350,90,-174,-172,-3072
168,56,8492,60,-202,-150,-3056
-648,-1646,8338,425,-436,-74,-3088
-932,-912,8456,820,-648,0,-3072
-174,1042,7488,630,-796,-225,-3104
1490,1314,7586,191,-327,-159,-3088
2742,1500,7160,-263,63,-172,-3088
2702,820,7034,-451,628,-67,-3056
1898,796,7146,-561,955,-48,-3104
344,658,8502,-674,1019,-153,-3072
-714,754,8982,-913,822,-130,-3088
-346,142,8596,-1029,849,-153,-3088
134,-1556,9016,-947,754,-176,-3104
-1682,-3838,8718,-135,136,-116,-3072
-2166,-2872,7966,471,-291,-139,-3056
-840,668,7494,315,-430,-127,-3056
542,332,8074,9,-200,-241,-3072
378,104,7848,-136,-79,-171,-3088
974,-374,7658,-11,105,-102,-3056
-32,-270,7932,99,81,-64,-3056
-334,2,8068,73,-59,-89,-3104
-296,-140,8214,32,-34,-60,-3104
-186,-336,8174,49,-70,-204,-3072
688,-1264,7756,34,13,-116,-3088
416,-804,7578,157,24,-152,-3056
-68,128,7564,232,-18,-199,-3072
-440,458,7936,255,-68,-175,-3072
-624,438,8124,33,-135,-134,-3088
108,8,8426,82,-157,-165,-3088
-68,-1184,9020,217,-231,-151,-3072
-750,-1796,8850,562,-508,0,-3088
-962,-598,8324,735,-669,-10,-3088
134,990,7610,398,-625,-245,-3088
1804,1552,6692,38,-182,-226,-3056
2982,1208,7080,-384,323,-116,-3088
2658,786,6616,-473,794,-63,-3072
778,1194,7418,-684,968,-125,-3056
-824,1196,8848,-766,893,-92,-3088
-418,-2,8492,-941,775,-163,-3072
52,-236,8014,-1091,741,-216,-3072
-1178,-2408,8752,-671,573,-153,-3088
-1620,-3644,8184,233,-26,-75,-3088
-2128,-1126,7784,437,-411,-155,-3088
-624,1016,7122,25,-318,-243,-3136
722,284,7852,-189,-79,-187,-3072
1420,-608,8116,-34,102,-113,-3056
276,-350,7224,54,84,-25,-3056
-708,456,7286,90,-64,-198,-3072
88,18,7820,32,-42,-123,-3056
248,-514,8472,105,-40,-138,-3120
230,-284,7046,-42,-38,-95,-3088
478,-560,6940,1,62,-201,-3104
560,-426,7142,171,62,-145,-3104
-196,380,7988,177,-23,-116,-3088
-620,460,7830,144,-96,-144,-3056
-176,136,8328,48,-159,-181,-3072
444,-420,8046,1,-169,-180,-3072
-636,-1944,8446,403,-403,-65,-3072
-850,-1380,8790,768,-636,1,-3056
-582,602,7786,562,-754,-135,-3088
1832,1254,7282,175,-350,-269,-3072
2412,1586,7156,-221,74,-212,-3088
3136,902,6930,-410,618,-115,-3056
1494,930,7064,-555,896,-58,-3088
82,1062,8690,-731,966,-73,-3072
-284,250,8668,-934,871,-166,-3072
-616,-184,8956,-1015,752,-148,-3120
-48,-1556,9448,-901,745,-200,-3088
-1584,-3844,8768,-39,105,-55,-3072
-2558,-2854,8750,514,-333,-87,-3088
-1154,278,8094,319,-440,-141,-3072
222,74,8618,25,-240,-99,-3072
1100,-500,7888,-46,-144,-207,-3072
892,-892,8480,138,77,-123,-3088
-448,-418,8556,248,-51,-90,-3056
-416,12,8172,117,-143,-137,-3024
208,-382,8362,41,-26,-171,-3072
354,-360,7920,-8,-30,-169,-3072
636,-836,7690,8,54,-126,-3056
352,-574,7732,134,119,-141,-3056
-122,-118,7880,215,15,-242,-3072
-798,258,8700,182,-55,-126,-3104
-38,-348,8770,37,-107,-183,-3056
104,126,8190,20,-179,-237,-3088
-344,-1596,8606,290,-309,-51,-3072
-836,-1448,8516,717,-636,2,-3072
-962,100,8194,690,-776,-166,-3056
1108,1312,7056,286,-431,-265,-3056
2364,1778,7016,-226,-19,-235,-3088
3190,844,6624,-463,518,-122,-3072
2392,732,6720,-551,977,-78,-3072
466,1092,7560,-744,1019,-91,-3056
-978,1068,8548,-896,853,-144,-3072
-492,228,8452,-1043,791,-197,-3104
754,-988,8578,-999,859,-220,-3056
-1656,-3938,8818,-160,178,-67,-3056
-2804,-2268,8604,520,-270,-15,-3104
-972,942,7256,328,-477,-170,-3040
430,364,8114,6,-208,-252,-3072
638,-246,8292,-65,-105,-216,-3056
442,-430,7914,119,18,-81,-3120
120,-364,8236,171,-27,-121,-3072
-396,0,8354,136,-126,-175,-3104
-80,-236,8868,58,-20,-142,-3056
230,-484,8554,58,-6,-148,-3088
386,-690,8232,-32,88,-212,-3072
408,-1102,7644,88,110,-186,-3040
138,-682,7522,224,26,-130,-3088
-496,-100,8910,250,-21,-165,-3088
-528,-56,8246,93,-153,-122,-3088
116,14,8586,28,-154,-153,-3088
232,-1698,8678,294,-269,-150,-3040
-814,-1912,9318,725,-630,-55,-3104
-1022,-142,8522,757,-808,-83,-3056
264,1090,7258,373,-618,-257,-3056
1992,1804,6572,-111,-64,-247,-3104
3352,1350,6528,-459,422,-176,-3104
2842,668,6574,-525,914,-43,-3088
452,1288,7586,-711,998,-98,-3088
-618,1046,8242,-851,999,-169,-3072
-506,178,8564,-997,857,-137,-3072
-120,-368,8346,-1064,815,-280,-3056
-1618,-3280,8462,-533,402,-128,-3056
-1906,-3370,8012,341,-79,-110,-3072
-1926,-906,8124,545,-485,-122,-3040
-562,700,7726,119,-399,-266,-3104
420,160,7226,-78,-150,-183,-3088
1518,-548,7564,-36,39,-165,-3088
738,14,7536,35,84,-97,-3104
-698,502,7530,66,-17,-69,-3072
-74,498,7914,-60,10,-101,-3088
390,-308,7804,-43,70,-126,-3088
274,-170,7544,-116,43,-165,-3104
390,-818,8146,-11,97,-211,-3056
260,-600,7642,165,89,-261,-3088
-268,358,7674,154,0,-113,-3056
-486,404,7522,131,-133,-125,-3072
-94,-310,8692,139,-168,-177,-3072
304,-728,8614,119,-204,-135,-3088
-878,-1776,8400,467,-488,-60,-3056
-824,-1332,8696,811,-704,21,-3088
-536,666,8234,627,-778,-257,-3072
1942,1466,7018,137,-247,-218,-3040
2644,1516,6854,-322,127,-196,-3056
2898,794,6848,-479,695,-27,-3088
1144,1050,7602,-612,986,-82,-3072
514,1124,8130,-727,1033,-173,-3056
-876,880,8130,-956,845,-219,-3056
-256,196,8506,-1103,777,-147,-3088
-942,-2476,9434,-844,758,-177,-3088
-1668,-3916,8602,-9,77,-64,-3072
-2448,-1636,8112,512,-383,-184,-3072
-444,1034,7042,139,-366,-181,-3104
828,520,7438,-54,-99,-193,-3088
940,-204,7830,-118,-28,-221,-3088
584,-364,7316,6,111,-128,-3040
156,-316,7940,78,15,-52,-3088
-376,184,8514,45,-27,-106,-3088
-28,-660,8110,51,-20,-89,-3088
-120,-56,7454,-10,-22,-150,-3040
538,-1036,7796,13,45,-193,-3072
482,-778,7796,178,19,-103,-3088
-166,150,7200,220,-59,-189,-3056
-368,218,8100,253,-126,-160,-3072
-200,328,8110,53,-149,-182,-3104
270,226,8574,57,-164,-200,-3088
178,-1264,9070,253,-260,-120,-3088
-864,-1700,8982,646,-522,-29,-3072
-890,-16,8234,674,-707,-127,-3104
94,898,7422,384,-598,-224,-3056
1850,1372,6892,-63,-102,-198,-3120
3204,1236,6572,-405,394,-171,-3088
2282,1054,6744,-460,858,-16,-3104
598,1176,7722,-683,971,-151,-3104
-524,860,8726,-766,936,-111,-3056
-566,-118,8806,-945,785,-117,-3056
-200,-42,8258,-1068,724,-202,-3072
-1024,-2252,8696,-667,568,-205,-3072
-1468,-3660,8180,222,-4,-74,-3056
-2160,-1342,8182,469,-381,-128,-3088
-776,1002,7400,79,-312,-262,-3072
568,404,7438,-164,-107,-243,-3104
1544,-540,8028,-52,92,-162,-3088
416,-262,7700,99,106,-134,-3056
-924,508,7534,114,-53,-50,-3040
96,174,7462,12,-33,-155,-3072
238,-670,8706,110,-46,-188,-3104
56,-278,7744,6,-86,-151,-3104
506,-582,6946,71,40,-183,-3088
394,-664,7694,200,57,-166,-3088
-278,506,8114,148,-2,-138,-3072
-590,470,8034,150,-127,-144,-3072
-196,46,8904,68,-134,-164,-3088
132,-426,8818,48,-178,-166,-3088
-508,-1998,8342,369,-399,-133,-3072
-954,-756,8032,783,-614,-25,-3072
-774,296,7890,591,-758,-271,-3104
1600,1150,7632,218,-342,-216,-3088
2826,1166,7222,-186,73,-188,-3088
3172,852,6690,-396,568,-122,-3072
1666,990,7064,-541,942,-57,-3104
192,996,8454,-714,1023,-76,-3056
-838,1450,8210,-942,873,-116,-3056
-296,180,8316,-1059,825,-167,-3072
242,-1602,8738,-929,811,-186,-3072
-1672,-3722,8440,-229,207,-64,-3056
-2438,-2586,8146,427,-262,-82,-3088
-994,516,7450,348,-410,-193,-3104
546,210,8006,-5,-190,-242,-3072
314,-136,7904,-77,-97,-276,-3040
1008,-360,7734,30,73,-118,-3088
-56,-434,7830,198,17,-96,-3056
-630,-50,7824,167,-155,-133,-3104
-126,86,8758,68,-76,-181,-3104
106,-266,7876,43,0,-134,-3088
540,-672,7768,-3,58,-104,-3088
610,-750,7500,81,112,-133,-3104
10,12,7376,147,66,-171,-3072
-298,392,7682,188,21,-133,-3056
-498,582,7788,-14,-87,-99,-3056
132,90,8120,-1,-150,-217,-3104
-268,-1430,8866,224,-235,-108,-3072
-952,-1892,8996,605,-553,-134,-3088
-1008,-192,8416,758,-737,-52,-3088
752,1068,7264,397,-627,-250,-3056
1920,1472,6812,-70,-133,-226,-3088
3286,1456,6474,-447,359,-201,-3072
2578,668,6514,-485,851,-17,-3104
960,1112,7096,-654,988,-124,-3088
-476,950,9216,-732,938,-113,-3088
-588,-14,9042,-909,802,-107,-3072
442,-606,8756,-1072,760,-198,-3072
-748,-2282,8916,-626,525,-131,-3072
-1372,-4016,8368,269,-8,-11,-3056
-1886,-522,8056,521,-447,-41,-3088
-938,1162,7094,106,-415,-307,-3040
860,140,7564,-88,-103,-207,-3072
1464,-896,8068,32,5,-115,-3088
502,-154,7056,68,29,-130,-3056
-618,462,7364,107,-98,-166,-3072
354,544,7322,-33,-43,-165,-3104
232,-462,8770,37,19,-160,-3088
460,-516,7466,-135,70,-168,-3120
408,-348,7230,-36,124,-136,-3072
448,-272,6998,111,156,-87,-3072
-196,66,7990,116,68,-98,-3088
-984,570,8158,68,-113,-77,-3120
-102,78,7740,-27,-138,-197,-3088
450,-1282,7888,71,-183,-137,-3104
-604,-1936,8036,463,-506,-104,-3088
-922,-406,7962,757,-700,1,-3088
214,1238,6892,488,-735,-265,-3088
2074,1878,6158,52,-180,-222,-3072
2986,1524,6792,-398,231,-202,-3072
2838,874,6662,-514,741,-81,-3088
864,1110,6984,-606,982,-117,-3056
132,812,8326,-756,1047,-84,-3072
-286,524,8528,-980,877,-135,-3072
-296,-198,8760,-1076,831,-99,-3088
-412,-1986,9044,-757,637,-103,-3088
-1530,-3922,8778,95,39,-148,-3104
-1998,-1260,7764,552,-445,-120,-3072
-928,950,7462,219,-462,-165,-3088
642,218,7846,33,-179,-172,-3088
984,-430,7770,-57,-79,-218,-3056
686,-258,7808,61,92,-151,-3088
-10,-100,7888,138,7,-121,-3104
-218,384,7966,14,-80,-155,-3104
216,-200,8090,-18,31,-188,-3056
62,-250,7948,-110,83,-208,-3088
504,-830,7560,7,113,-88,-3040
380,-982,7746,192,99,-81,-3040
-448,-18,8216,219,12,-293,-3056
-940,396,8316,150,-106,-124,-3056
-28,-648,8758,168,-184,-187,-3104
174,-782,9074,130,-226,-105,-3040
-978,-2040,8650,429,-420,-95,-3088
-810,-1302,8244,764,-726,22,-3088
-490,486,7732,635,-771,-255,-3072
2024,1590,7104,175,-287,-274,-3072
2448,2082,6626,-342,84,-247,-3056
3092,1000,6372,-491,685,-92,-3088
1458,1156,7394,-607,1019,-80,-3088
260,578,8362,-705,1040,-92,-3072
-1102,920,8214,-930,840,-38,-3040
-538,388,8450,-1076,778,-227,-3088
-262,-2192,8894,-942,831,-210,-3088
-1782,-3994,9008,-56,71,-60,-3104
-2498,-2136,8092,520,-358,-120,-3072
-842,1512,7086,274,-461,-192,-3088
510,340,8328,4,-145,-227,-3088
754,-82,8280,-118,-38,-197,-3040
592,-462,7600,58,72,-147,-3072
38,-696,8260,149,31,-121,-3088
-380,20,8552,70,-81,-179,-3056
-162,-382,9002,31,-18,-119,-3104
-216,-82,7650,59,-48,-139,-3072
334,-1090,8202,13,19,-70,-3072
436,-1122,7816,195,43,-124,-3056
-322,-94,7974,247,-52,-186,-3040
-692,172,8400,262,-70,-102,-3072
-108,6,8534,77,-164,-223,-3072
130,252,8422,35,-205,-198,-3072
-342,-1570,8824,326,-363,-126,-3072
-824,-1258,8626,743,-634,-45,-3088
-974,-58,8504,708,-777,-236,-3088
806,1000,7580,326,-479,-280,-3072
2226,1600,7350,-127,-36,-230,-3072
3216,1312,6586,-429,458,-157,-3088
2488,738,6762,-531,945,17,-3056
424,990,7892,-713,974,-140,-3072
-434,970,8310,-833,900,-112,-3120
-384,30,8830,-973,832,-128,-3088
392,-966,8312,-1026,751,-160,-3088
-1730,-3528,8730,-495,372,-181,-3072
-1268,-3676,8052,356,-93,-103,-3104
-1436,-194,7690,455,-423,-132,-3088
-62,350,7600,10,-271,-271,-3056
420,452,7178,-156,-128,-245,-3088
1606,-444,7964,-29,78,-199,-3040
246,-338,8354,134,98,-123,-3072
-992,394,8248,89,-75,-119,-3088
-150,54,7978,18,-18,-115,-3056
348,-636,8536,61,-11,-203,-3072
104,-360,8044,-16,-53,-154,-3088
558,-812,7346,78,49,-151,-3088
236,-222,7734,228,24,-221,-3088
-274,556,8372,181,-37,-114,-3072
-192,344,7616,63,-112,-157,-3072
-68,-322,8638,55,-152,-211,-3056
-4,-904,9116,170,-220,-165,-3056
-740,-2118,8544,532,-523,-44,-3104
-900,-1162,8412,778,-692,29,-3088
-332,758,7810,486,-672,-247,-3088
1906,1302,7184,96,-219,-144,-3088
3122,1166,6616,-288,170,-249,-3040
2744,580,7052,-419,730,-85,-3072
890,1370,7614,-616,943,-89,-3056
-222,904,8404,-696,961,-94,-3056
-638,558,8350,-938,789,-192,-3088
-264,154,8662,-1099,755,-178,-3120
-438,-1838,8532,-844,734,-184,-3088
-1530,-3924,8482,41,101,-49,-3104
-2470,-1844,7958,444,-373,-145,-3040
-706,1122,7158,141,-354,-261,-3056
780,464,7632,-104,-78,-241,-3056
714,-602,8374,-45,-31,-271,-3072
392,-470,7468,84,55,-91,-3072
-374,270,7734,158,-22,-124,-3088
-574,182,8696,112,-91,-149,-3088
0,-422,8288,69,-46,-191,-3072
70,-136,7280,11,-66,-135,-3072
434,-932,7796,6,64,-164,-3088
552,-580,7620,127,46,-129,-3088
-44,126,7254,191,23,-169,-3072
-858,776,8114,158,-95,-174,-3104
-84,176,8332,0,-128,-214,-3088
120,-58,8728,40,-175,-174,-3056
-546,-1848,8712,360,-382,-112,-3072
-906,-1084,8328,761,-636,50,-3040
-898,134,8216,632,-801,-230,-3120
1348,1166,7596,225,-385,-261,-3088
2634,1480,7000,-198,33,-251,-3072
2902,904,7024,-430,581,-86,-3072
1966,928,7196,-546,943,-25,-3072
370,896,8214,-697,968,-148,-3088
-704,810,8988,-894,867,-141,-3088
-754,-150,9186,-944,751,-157,-3104
556,-1468,8928,-913,764,-235,-3072
-1686,-4246,9660,-284,258,-153,-3088
-1904,-3658,8414,537,-253,-121,-3056
-1570,32,8382,459,-472,-173,-3072
114,162,8442,92,-329,-191,-3104
622,140,7498,-107,-122,-280,-3056
1302,-820,8376,170,30,-125,-3056
6,-600,8510,207,-27,-100,-3104
-670,-64,8358,153,-127,-115,-3072
232,350,7660,6,-10,-157,-3072
414,-414,8388,61,-12,-127,-3072
732,-766,7752,-60,92,-133,-3056
484,-574,7236,42,111,-149,-3088
-36,22,7490,134,106,-163,-3072
-362,-58,8344,223,-39,-120,-3104
-250,-154,8258,81,-99,-174,-3088
-144,-174,8982,8,-217,-158,-3088
-74,-1588,8500,289,-283,-153,-3072
-692,-1892,8590,727,-663,-42,-3072
-804,276,7958,690,-797,-113,-3088
668,1360,6842,301,-510,-260,-3088
2148,2042,6540,-209,-34,-262,-3072
3510,1072,6182,-512,488,-156,-3072
2750,640,6396,-518,940,-34,-3088
522,1218,7604,-725,1018,-122,-3056
-1018,1194,8268,-836,925,-143,-3072
-294,442,8520,-1087,853,-197,-3072
202,-576,8708,-1091,835,-198,-3056
-1826,-3892,8692,-343,313,-200,-3088
-2318,-2822,8076,426,-227,-71,-3056
-1566,-444,7746,477,-502,-146,-3040
76,442,7906,104,-350,-243,-3072
102,62,8550,-19,-134,-230,-3120
1140,-576,7996,69,-25,-124,-3056
484,-96,8022,90,49,-105,-3072
-382,96,8108,115,-54,-148,-3072
112,230,7534,5,-16,-98,-3056
286,-124,8212,11,78,-123,-3056
392,-644,7564,-140,96,-193,-3072
614,-764,7060,-3,118,-168,-3088
176,-586,7896,206,66,-199,-3088
-448,-152,8222,231,-30,-254,-3088
-774,418,8176,44,-148,-159,-3072
-12,-50,8400,108,-189,-193,-3104
336,-1394,8508,250,-225,-137,-3088
-928,-1890,8940,651,-620,-6,-3056
-1010,-246,8836,794,-762,-47,-3104
682,1034,7576,461,-694,-271,-3072
1878,1632,6678,-33,-166,-236,-3072
3204,1582,6714,-491,367,-136,-3104
2860,406,6226,-531,910,-50,-3088
812,1176,7000,-719,972,-138,-3056
-354,762,8800,-748,1010,-144,-3072
-732,92,9016,-948,795,-206,-3072
-258,196,8050,-1115,802,-119,-3088
-1174,-2910,8832,-568,460,-150,-3088
-1372,-3690,7890,252,-49,-67,-3072
-2142,-1294,7972,527,-472,-177,-3056
-688,1088,7210,93,-420,-202,-3056
774,374,7426,-102,-97,-215,-3088
1546,-420,7834,-84,47,-184,-3040
490,-56,7662,-18,121,-79,-3072
-500,486,7230,43,-18,-112,-3040
310,376,7324,-69,16,-160,-3088
136,-634,8768,-4,64,-170,-3088
2,30,7382,-91,19,-179,-3072
480,-752,6900,-10,74,-266,-3104
318,-1020,7924,199,78,-100,-3056
-296,48,7994,198,-38,-154,-3056
-698,356,7950,212,-182,-125,-3040
-192,152,8576,89,-154,-192,-3072
574,-1282,7978,84,-196,-152,-3056
-550,-1830,8086,480,-471,-68,-3088
-926,-574,8316,768,-665,-21,-3072
16,970,7154,532,-738,-242,-3072
1878,1262,7248,109,-226,-289,-3088
2832,1326,6770,-328,162,-290,-3088
2658,872,6968,-481,714,-111,-3040
1668,1004,6990,-629,968,-111,-3088
304,856,8478,-713,1014,-15,-3056
-426,680,8564,-1010,883,-176,-3056
-430,-210,8648,-1041,778,-158,-3088
60,-1884,8930,-824,699,-225,-3072
-1666,-4014,9116,53,28,-56,-3072
-2054,-1492,8144,530,-401,-160,-3088
-798,944,7296,201,-388,-163,-3056
622,276,8078,-19,-99,-200,-3072
1026,-582,7848,-85,-24,-166,-3088
770,-238,7464,-21,116,-106,-3088
20,-150,8014,134,32,-74,-3072
-552,32,8258,66,-81,-75,-3072
192,-664,8060,4,6,-227,-3056
100,-206,7588,-22,-17,-152,-3056
490,-884,7782,30,32,-139,-3072
614,-880,7248,203,75,-100,-3072
-170,-170,7942,204,-52,-253,-3088
-512,644,7870,150,-87,-143,-3088
58,122,8148,59,-148,-157,-3072
412,64,8340,47,-167,-203,-3040
-82,-1438,8824,254,-286,-107,-3072
-778,-1702,8618,666,-549,44,-3088
-802,214,8100,705,-711,-77,-3056
202,1144,7738,347,-573,-218,-3072
1968,1550,6658,-101,-85,-156,-3104
3252,1306,6480,-447,529,-125,-3056
2204,982,6612,-534,909,-55,-3056
588,1038,7688,-702,1018,-115,-3072
-818,1076,8392,-880,872,-101,-3072
-596,282,8496,-981,776,-152,-3056
1004,-1330,8184,-1071,794,-198,-3056
-1218,-2810,8410,-478,365,-128,-3072
-1780,-3320,8014,352,-83,-69,-3072
-1462,208,7464,420,-390,-119,-3088
-328,1024,7190,-24,-286,-230,-3056
592,194,7928,-140,-40,-198,-3104
1142,-818,7994,59,37,-105,-3072
132,-380,7544,104,26,-213,-3056
-736,426,7404,69,-53,-145,-3056
58,-92,7738,29,-78,-140,-3072
226,-492,8438,87,-43,-142,-3072
406,-244,7088,-20,-14,-184,-3072
432,-296,6976,50,78,-135,-3056
258,-170,7288,174,79,-116,-3088
-10,294,7690,178,5,-114,-3072
-680,670,7790,103,-152,-137,-3104
-44,252,7978,-18,-155,-167,-3104
388,-524,8440,28,-128,-115,-3056
-576,-1936,7982,489,-473,-48,-3088
-988,-296,7708,699,-666,15,-3104
262,1062,6780,441,-685,-308,-3072
1932,1198,6910,79,-230,-252,-3104
2942,1414,6824,-289,152,-208,-3088
2740,982,6694,-435,698,-36,-3056
1288,1114,7674,-578,967,-101,-3072
138,762,8516,-723,985,-110,-3104
-382,446,9366,-952,869,-149,-3056
-556,178,8870,-1050,778,-166,-3056
-244,-1724,8866,-879,706,-197,-3072
-1464,-4110,8960,-14,90,-104,-3072
-2540,-2630,8408,558,-385,-96,-3056
-1090,778,7766,263,-442,-163,-3056
444,72,8068,31,-263,-109,-3088
1408,-606,8132,-61,-59,-265,-3072
898,-726,7924,150,41,-116,-3072
-324,-94,8076,215,-41,-66,-3088
-336,112,8158,136,-174,-117,-3056
-36,38,8132,12,-56,-197,-3072
296,-222,7906,-41,3,-156,-3072
682,-836,7778,-7,90,-162,-3088
412,-602,7578,111,134,-232,-3088
-144,-32,7710,157,54,-240,-3072
-770,4,8624,176,-24,-132,-3072
-164,222,7672,41,-123,-157,-3056
-82,202,8680,-13,-163,-168,-3056
-424,-1894,8306,249,-289,-77,-3072
-796,-1470,8438,733,-627,-35,-3072
-812,104,7792,711,-784,-121,-3088
1248,1582,7290,291,-458,-254,-3056
2524,1712,6642,-227,-38,-226,-3056
3490,1240,6274,-479,514,-159,-3072
2384,850,6568,-561,983,-64,-3072
354,1028,7840,-685,1009,-104,-3120
-938,1040,8850,-878,939,-125,-3088
-548,384,8702,-1050,819,-143,-3088
512,-1182,8716,-1051,839,-243,-3088
-1688,-4028,8950,-210,188,-78,-3088
-2162,-3436,8608,483,-263,-185,-3072
-1216,534,7646,387,-501,-95,-3072
658,338,8106,80,-285,-252,-3056
336,78,8182,-52,-104,-188,-3120
946,-628,8416,99,36,-154,-3040
180,-488,8154,183,-4,-87,-3072
-360,-22,7698,128,-109,-154,-3056
58,40,8530,44,-15,-108,-3056
128,-406,8190,2,48,-114,-3072
458,-880,8020,-124,90,-160,-3072
694,-870,7122,33,143,-136,-3056
-12,-192,8030,161,84,-121,-3056
-498,-104,8222,221,20,-205,-3104
-756,534,7444,38,-126,-218,-3072
-76,224,8332,10,-171,-169,-3072
-42,-1790,8842,163,-236,-122,-3088
-792,-1900,8178,623,-600,-35,-3088
-956,-284,8064,744,-747,-64,-3072
464,1178,7196,439,-650,-214,-3072
2038,1622,6578,-39,-117,-235,-3088
3088,1694,6260,-466,338,-223,-3088
2972,570,6304,-529,838,-11,-3040
956,1180,7174,-681,997,-77,-3056
40,620,8414,-746,1023,-86,-3088
-618,214,9392,-953,840,-98,-3056
72,-630,8504,-1076,791,-236,-3072
-880,-2778,9052,-591,491,-212,-3104
-1296,-4028,8706,281,-53,-46,-3072
-1678,-512,7766,559,-484,-141,-3088
-946,1210,7240,146,-437,-192,-3088
662,354,7416,-28,-117,-231,-3040
1512,-340,8138,-79,28,-190,-3104
778,-328,7736,59,102,-132,-3088
-622,184,8112,121,-38,-88,-3088
30,54,7766,-8,-36,-127,-3072
470,-454,8576,12,66,-125,-3072
206,-562,7710,-72,51,-129,-3072
548,-690,7584,-22,117,-179,-3056
528,-664,7214,140,98,-265,-3088
-390,374,8058,147,5,-112,-3056
-548,318,7482,120,-144,-121,-3104
-310,-202,8888,113,-161,-185,-3072
300,-1128,8468,151,-244,-147,-3088
-788,-1930,8558,509,-503,-76,-3088
-768,-1158,8588,811,-726,18,-3040
-302,792,7640,564,-783,-265,-3072
1946,1624,6718,87,-218,-184,-3056
2702,1662,6720,-354,152,-192,-3056
2826,814,6724,-529,719,-39,-3072
928,1210,7202,-622,993,-45,-3104
392,728,8242,-705,1019,-90,-3088
-920,938,8706,-966,866,-223,-3056
-360,74,8350,-1108,814,-173,-3088
-1056,-2840,9076,-827,740,-186,-3040
-1692,-4142,8760,86,26,-73,-3040
-2348,-1402,8076,507,-420,-197,-3056
-536,1150,6992,136,-365,-183,-3088
836,500,7906,-39,-115,-201,-3072
836,-366,7684,-92,-53,-233,-3072
690,-86,7046,-27,95,-130,-3056
278,-134,7896,72,88,-93,-3056
-320,164,8216,85,-101,-89,-3072
-28,-334,8182,5,3,-81,-3072
-72,138,7074,-107,5,-232,-3088
568,-640,6958,9,52,-93,-3088
572,-1060,7670,217,43,-100,-3072
-220,252,7722,223,-27,-178,-3072
-816,588,8026,223,-113,-167,-3056
-318,178,8224,54,-138,-173,-3088
268,92,8762,45,-157,-179,-3104
-388,-1724,8204,300,-318,-110,-3072
-872,-1046,8308,719,-618,56,-3104
-962,-176,8670,702,-786,-157,-3072
956,1112,7514,274,-438,-245,-3104
2302,1618,7134,-156,-27,-201,-3072
2920,886,6968,-418,543,-68,-3072
2220,758,7084,-527,916,-83,-3088
644,848,7826,-701,988,-127,-3088
-988,1132,8722,-870,897,-126,-3072
-716,82,9208,-959,775,-137,-3104
572,-1036,8206,-1042,748,-221,-3072
-1576,-3474,8800,-415,360,-130,-3056
-1478,-3820,8670,432,-123,-67,-3088
-1638,-368,7882,460,-417,-149,-3040
-238,432,8170,31,-307,-243,-3072
732,354,7844,-161,-63,-264,-3056
1448,-768,8176,54,97,-137,-3056
-44,-256,8176,152,36,-139,-3040
-668,132,7576,80,-89,-61,-3072
22,-180,8320,20,-18,-157,-3056
436,-560,8428,136,-71,-127,-3056
520,-740,7702,6,-18,-139,-3072
428,-674,7124,76,50,-196,-3072
402,-118,7300,203,44,-159,-3088
-232,320,8200,211,7,-72,-3056
-344,444,7432,43,-111,-187,-3040
14,234,8032,-52,-112,-264,-3072
364,-1132,8052,112,-216,-114,-3088
-670,-1896,8372,580,-544,-36,-3088
-1062,230,7866,736,-750,-89,-3088
-52,948,7486,417,-647,-172,-3104
2006,1326,6684,0,-161,-231,-3072
3320,1264,6548,-323,287,-187,-3088
2610,978,7146,-462,780,-55,-3056
838,1122,7204,-612,941,-99,-3040
-474,1202,8626,-767,952,-104,-3040
-350,766,8794,-1015,859,-155,-3088
-300,-116,8514,-1127,791,-154,-3056
-968,-2318,8650,-807,651,-187,-3040
-1608,-3718,8206,164,30,-102,-3040
-2290,-1518,8350,507,-382,-155,-3088
-664,900,7200,157,-362,-203,-3056
370,300,8028,-58,-184,-271,-3056
1060,-302,7574,-71,-26,-170,-3056
684,-222,7402,86,54,-150,-3072
-534,196,7886,186,-48,-109,-3072
-442,260,8032,73,-112,-131,-3056
204,-330,7834,31,-29,-154,-3088
270,-162,7520,-89,16,-174,-3072
594,-826,7610,0,99,-114,-3104
448,-702,7350,140,116,-116,-3040
-210,82,7590,178,38,-200,-3088
-870,622,8284,142,-86,-135,-3056
-206,8,8460,10,-112,-219,-3104
278,-488,8192,14,-179,-186,-3104
-668,-1912,8412,388,-384,-163,-3056
-800,-1532,8786,760,-675,54,-3088
-546,374,7748,636,-750,-202,-3040
1928,1424,7120,241,-363,-242,-3072
2242,1974,6526,-263,41,-254,-3088
3396,1028,6668,-455,613,-70,-3088
1744,1038,7062,-565,937,-68,-3088
306,868,8582,-679,1023,-125,-3104
-1128,924,8706,-885,872,-94,-3072
-546,412,8558,-1050,768,-128,-3056
348,-1608,9006,-987,823,-189,-3056
-1796,-3994,9388,-165,193,-101,-3072
-2668,-2962,8582,545,-266,-96,-3072
-1402,880,8226,448,-504,-201,-3088
-156,460,8320,62,-286,-211,-3088
228,-76,8580,-37,-138,-214,-3040
742,-786,8352,157,-3,-112,-3104
152,-616,8172,222,-21,-103,-3088
-574,234,8144,110,-159,-145,-3056
42,-288,8572,33,-17,-135,-3072
72,-284,8318,56,42,-143,-3104
506,-552,7436,-84,84,-135,-3088
376,-720,7644,15,106,-93,-3088
-54,-294,7620,151,64,-86,-3056
-818,210,8602,243,-31,-99,-3072
-458,346,7708,66,-140,-167,-3056
-150,278,8304,4,-180,-137,-3104
-244,-2150,8852,319,-324,-197,-3072
-602,-2068,8488,765,-647,-51,-3088
-1048,210,8402,740,-801,-125,-3056
1162,1322,6914,327,-539,-232,-3072
1950,1918,6106,-192,-61,-242,-3056
3344,1484,6090,-540,479,-143,-3024
2648,564,6418,-545,992,-35,-3088
296,1028,8206,-730,1019,-137,-3072
-658,1046,8458,-846,947,-147,-3040
-476,150,8676,-1004,882,-148,-3072
