AcX,AcY,AcZ,GyX,GyY,GyZ,Tmp
766,-476,9248,-344,-15,-175,-3040
1624,392,7114,238,108,-353,-3088
-1066,-4182,9102,-396,274,-214,-3056
-3592,418,6766,157,-573,287,-3072
4918,-1350,10076,287,380,-261,-3040
-4734,-1122,8812,-715,-142,-54,-3056
1530,4170,4976,186,-615,-14,-3088
2796,-7026,8092,372,619,-498,-3104
-1260,5562,8620,-320,92,-56,-3072
800,3060,6112,575,52,-126,-3040
-1216,3010,7608,-514,-175,-40,-3088
208,7340,4448,-594,154,-57,-3088
670,-5220,10754,-2,516,-234,-3072
-314,2174,7602,-403,-152,-48,-3072
1352,-730,6142,342,200,-184,-3120
-630,2772,7044,-8,137,-182,-3088
-1016,2402,5906,-374,34,-197,-3072
1794,-3480,10728,472,182,-310,-3072
490,-132,7230,-689,274,-269,-3072
-2952,1404,7156,131,-593,263,-3040
3368,-4902,9338,617,219,-159,-3056
-1394,1862,9754,-892,218,-137,-3056
-1312,3156,4922,528,-708,96,-3072
3200,-1188,6210,35,278,-506,-3072
-1808,5482,5802,-29,246,-125,-3056
2320,-3252,11516,748,247,-50,-3088
920,7184,8028,-748,-56,-100,-3072
-348,4068,5818,-175,-91,-61,-3040
632,-6196,9770,-378,391,-219,-3088
-60,904,7586,-347,-18,-34,-3088
2960,-4860,9508,431,335,-218,-3056
-1258,2828,7180,-34,87,-178,-3072
304,546,7432,-390,-123,-126,-3072
998,-4102,8484,425,250,-301,-3088
2326,4276,7322,-756,400,-332,-3088
-3666,-492,6898,252,-422,184,-3104
1218,-2780,8370,493,-200,-36,-3072
960,5096,5994,-770,552,-279,-3088
-2074,-3698,11124,406,-729,74,-3072
2724,-4900,6664,263,480,-511,-3056
-1202,5628,7764,-269,185,-52,-3088
1170,2182,7974,633,140,-89,-3072
-418,4920,8218,-521,-248,-63,-3072
-246,7490,3798,-459,102,-31,-3088
582,-6720,11602,-49,520,-205,-3056
-738,2662,6918,-475,-93,-26,-3072
2238,-2210,7568,415,263,-220,-3104
-1164,2966,6322,-86,91,-135,-3040
1132,-646,9582,-358,50,-204,-3088
1656,-4134,10758,463,236,-320,-3088
816,1032,7176,-508,214,-245,-3040
-3214,1500,6568,127,-585,230,-3088
4894,1502,9186,399,416,-243,-3056
-502,2616,9214,-809,-15,-82,-3072
-1616,1902,6078,86,-561,-8,-3072
3130,-8834,9946,627,785,-483,-3088
-1732,4894,8768,-365,-192,11,-3088
722,5334,4772,320,29,-156,-3056
-1782,1106,7442,-211,-2,-48,-3072
1876,2300,7016,-1052,196,-117,-3072
192,-3536,9456,35,69,-156,-3088
192,-3684,6222,-15,-78,-110,-3056
868,908,8384,267,440,-269,-3072
-554,2102,8226,-201,124,-147,-3072
682,-2020,9210,-111,-136,-217,-3056
1930,3674,4430,-25,239,-372,-3056
-796,-1666,7302,-174,263,-163,-3040
-1656,240,8680,129,-602,230,-3104
3916,6006,5386,-5,359,-309,-3088
-4956,-7278,10854,-259,-363,40,-3056
68,4646,3940,-56,-412,-123,-3072
2932,-7446,12036,659,747,-505,-3072
-2070,1092,7576,-369,-220,3,-3072
1524,808,8852,334,23,-168,-3056
-1504,-2496,8972,-112,13,-59,-3056
2472,5574,7320,-845,292,-110,-3072
768,-7252,11372,108,314,-189,-3072
434,156,6562,-373,-218,-104,-3056
176,1476,5248,262,263,-237,-3056
-916,2052,6614,-31,203,-201,-3072
796,-280,9068,-345,53,-217,-3040
1530,688,6930,409,114,-339,-3088
1684,1902,7110,-602,282,-271,-3072
-3610,1108,6700,141,-602,247,-3072
4970,-280,9480,412,315,-259,-3104
-4918,-2532,9228,-786,13,-68,-3088
-1808,26,7682,296,-703,18,-3088
3122,-7878,9022,226,484,-562,-3072
-1736,5590,8416,-222,171,-69,-3072
2204,-4996,12594,649,131,-107,-3104
-1382,2704,7550,-624,-129,-100,-3088
422,6946,5162,-453,-11,-46,-3088
564,-5226,8160,-90,535,-232,-3104
-222,1694,7738,-391,-103,-43,-3104
1098,304,5456,310,188,-213,-3072
-326,2292,7440,12,178,-238,-3072
-868,1962,6170,-389,39,-162,-3120
1986,-2902,10790,470,211,-347,-3056
6,-576,6870,-751,290,-328,-3072
-3766,-1718,8170,175,-593,198,-3072
3830,-4110,9422,577,218,-151,-3072
-1712,1144,10022,-858,396,-190,-3088
-2534,-7550,13324,563,-650,132,-3072
2946,-1564,5864,-148,142,-481,-3104
-1764,5524,6234,6,250,-151,-3072
2254,-2130,11140,732,315,-69,-3056
638,6888,8304,-753,-71,-107,-3056
-342,4818,5316,-68,-152,3,-3040
634,-6910,10264,-428,385,-258,-3072
-2276,1858,5698,-320,46,-53,-3056
2824,-4300,9234,459,357,-169,-3088
-1194,2124,6928,49,145,-220,-3072
-1580,3046,6972,-423,-164,-162,-3104
902,-4978,9384,439,177,-237,-3088
2380,4150,7064,-726,426,-362,-3088
-2278,-5780,11706,294,-261,115,-3040
1156,-3168,8316,402,-390,25,-3072
1182,5606,6072,-783,576,-302,-3072
-2222,-3852,10912,762,-342,193,-3056
3998,2960,7534,-606,-76,-396,-3056
-1354,2268,5132,517,250,-297,-3072
1218,-6264,12022,379,-16,1,-3072
1204,8198,5432,-450,328,-143,-3056
1008,-1762,11290,180,110,3,-3056
304,-2312,6548,-918,52,-198,-3104
-1964,118,5378,-164,-36,-102,-3104
1480,-5778,8692,319,286,-144,-3088
256,634,9520,174,396,-219,-3056
-470,2126,9520,-346,-154,-120,-3072
28,-3696,7856,228,-104,-218,-3072
2900,5388,5512,-431,408,-409,-3088
-3090,-3330,9780,192,90,-10,-3088
-364,-1286,9294,200,-649,132,-3088
2616,8498,2824,-630,441,-319,-3056
-3396,-9056,13504,755,-335,157,-3104
3496,448,6538,-574,-75,-375,-3072
-1814,4940,4960,481,245,-336,-3088
-1158,-4218,8484,462,30,-37,-3088
1126,7804,7656,-536,312,-143,-3072
170,2786,7080,232,46,-7,-3040
2096,3488,6568,-950,102,-250,-3056
-2600,1560,5002,-135,-31,-92,-3088
2916,-5850,9844,318,302,-194,-3072
834,1398,7756,117,363,-245,-3072
-1392,2062,8460,-281,-198,-153,-3088
672,-4602,8306,196,-20,-265,-3088
1730,2864,4658,-393,451,-392,-3040
-1790,-6062,11864,216,31,0,-3072
530,-2102,8376,138,-656,162,-3088
1674,6026,4962,-486,428,-349,-3088
-5214,-6928,10490,515,-259,112,-3088
3850,3260,7546,-473,-56,-229,-3072
-658,898,6198,631,418,-435,-3072
-2134,1860,7812,-47,-345,15,-3056
864,7290,4956,-194,260,-161,-3088
1162,-2546,11976,232,304,-49,-3104
2092,6000,7306,-1090,138,-113,-3040
-1310,-606,6470,33,-8,-132,-3088
1110,-5982,7812,82,48,-142,-3088
288,1960,4498,245,452,-223,-3072
-102,1866,9752,-237,84,-137,-3072
38,-3648,7992,-65,-164,-212,-3120
2802,5784,4762,-480,451,-377,-3088
-2878,-4812,10910,232,125,-22,-3072
-792,-724,9402,181,-650,147,-3072
2962,8144,3098,-533,426,-333,-3056
-3898,-9510,13168,528,-289,150,-3088
2026,4716,5086,-533,-70,-268,-3072
1606,-3894,10632,692,430,-421,-3072
-1572,-2706,7926,-153,-393,2,-3056
1374,8304,7292,-138,358,-209,-3088
-378,-3978,11532,215,200,0,-3056
2344,3390,6972,-1026,144,-130,-3056
-2392,1478,4854,10,7,-168,-3072
-24,-2442,6106,137,76,-98,-3104
768,836,7386,209,442,-275,-3088
-902,2334,8750,-228,41,-200,-3088
892,-1800,9724,-49,-159,-202,-3072
1682,2610,4894,-145,286,-414,-3072
-1866,-6194,11498,-1,292,-99,-3088
408,-1444,8766,83,-651,239,-3088
4404,4322,7096,-285,329,-342,-3056
-5344,-5830,9962,-11,-370,36,-3104
3672,3684,7192,-281,-195,-199,-3072
3076,-7880,11546,663,706,-462,-3088
-1886,2924,7844,-301,-306,-32,-3088
572,7010,4900,192,107,-173,-3072
-1958,-674,8104,57,136,-44,-3072
1976,6068,6650,-952,266,-107,-3088
-900,-1350,7342,103,198,-209,-3088
876,-5544,7424,63,38,-101,-3072
806,830,9252,207,428,-228,-3072
182,2102,9090,-242,135,-203,-3056
-268,-3020,8518,-18,-221,-159,-3056
2796,5622,3908,-113,214,-358,-3072
-1156,-4554,8478,110,322,-103,-3104
-1092,560,9486,-9,-679,262,-3088
3368,8032,3594,-197,340,-307,-3056
-4414,-1672,9518,-134,-375,61,-3072
1162,5432,3900,-242,-195,-180,-3104
2282,-6116,11886,722,787,-439,-3088
-1490,6292,8172,-422,-253,3,-3104
1284,2276,7052,321,89,-165,-3072
-1078,-3710,10226,-87,21,-34,-3104
2834,4576,7458,-805,262,-70,-3088
970,-5836,11038,71,320,-226,-3088
-216,-1542,6382,-303,-265,-69,-3104
1082,1180,5924,270,320,-250,-3136
-1122,2732,6500,-65,267,-192,-3056
910,-1574,10046,-278,-20,-163,-3088
1740,2350,5120,212,120,-350,-3088
588,884,6940,-437,193,-185,-3072
-3042,876,7106,74,-566,280,-3072
4836,2206,8576,258,358,-281,-3104
-5320,-3802,9032,-679,-160,-36,-3088
-1586,2168,5690,146,-574,-11,-3056
2948,-8372,10460,412,604,-535,-3104
-1444,4242,8314,-326,90,-34,-3072
438,6010,4842,276,48,-157,-3056
-1870,950,7498,-112,-33,-65,-3072
1566,7420,5658,-903,329,-128,-3072
-324,-3728,9368,106,258,-184,-3104
284,-4082,6288,-374,-247,-96,-3056
1070,240,4718,313,381,-282,-3088
-446,2076,8500,-45,222,-146,-3104
590,-1826,9114,-291,-18,-189,-3072
1742,-2270,9904,271,80,-375,-3072
-464,-2170,7464,-472,235,-234,-3088
-1886,452,8472,102,-559,245,-3088
4314,-4016,10230,407,395,-239,-3104
-2704,932,9586,-722,-152,-84,-3072
-554,4776,3626,273,-683,12,-3056
2856,-3162,6010,248,482,-532,-3072
-1570,5868,7130,-235,152,-56,-3104
1890,-674,9630,645,108,-129,-3072
-1628,-2052,8444,-607,-188,-64,-3088
-640,6342,4298,-459,101,-51,-3088
824,-6936,11210,-103,532,-233,-3072
44,-248,6708,-417,-122,-38,-3072
2588,-3650,8534,420,247,-200,-3088
-1338,2870,6534,-64,114,-161,-3088
964,-544,8964,-321,-19,-177,-3104
1688,-4428,10112,423,246,-291,-3072
1430,2748,6950,-758,258,-304,-3088
-3450,358,6670,205,-543,205,-3088
2028,-4042,8426,603,65,-79,-3072
-4808,-1998,8864,-725,-76,-55,-3104
-1930,-100,7840,229,-664,-7,-3104
2842,-8052,8664,425,638,-498,-3072
-1166,5398,8552,-278,154,-46,-3088
2214,-5416,12902,642,154,-107,-3104
-1438,2782,7386,-566,-200,-113,-3072
378,7938,4682,-544,128,-47,-3040
416,-5088,10424,-43,499,-219,-3088
-112,2282,7244,-433,-115,-36,-3088
1472,-158,5844,376,302,-221,-3072
-596,2076,7274,-43,79,-180,-3072
-302,2064,6056,-375,32,-219,-3056
1642,-3040,10482,465,210,-355,-3088
244,-366,7180,-778,297,-308,-3104
-3572,-2516,8816,198,-542,198,-3104
3654,-3810,9358,570,195,-168,-3104
-1944,1506,9470,-870,341,-183,-3088
-2750,-7584,13024,604,-638,91,-3072
3128,-1486,6170,-175,152,-536,-3104
-1686,5130,6188,52,255,-183,-3104
2104,-1398,10766,644,232,-43,-3088
996,6628,8386,-656,-16,-163,-3088
-934,5116,5156,-185,-119,-21,-3072
804,-6700,10340,-310,337,-255,-3104
-1736,2110,5482,-332,98,-84,-3056
2596,-3436,9406,419,339,-194,-3088
-888,2690,6224,24,89,-231,-3072
-1414,3128,6488,-445,-132,-167,-3104
1944,-94,8312,508,244,-327,-3088
2134,2724,7818,-716,293,-293,-3088
-3990,638,6296,192,-599,249,-3072
4888,-1568,10024,565,151,-150,-3072
388,4112,7320,-863,395,-148,-3056
-1634,-1144,9304,535,-685,133,-3088
2764,-7264,7896,-143,120,-518,-3104
-1842,3442,4806,-1,215,-171,-3104
2096,-6352,12614,720,306,-59,-3088
-1296,3738,7844,-696,-45,-85,-3056
536,-526,9860,-85,-117,-4,-3104
536,-3656,7266,-374,367,-245,-3072
-676,1672,7724,-334,11,-72,-3104
1776,-460,6162,386,317,-174,-3104
-146,1536,8714,5,79,-196,-3056
-902,2192,5914,-414,-70,-175,-3088
1724,-3882,10942,491,258,-257,-3040
3074,5452,6220,-782,404,-336,-3072
-3596,-2910,9218,330,-394,170,-3088
3458,-4048,9210,449,-243,3,-3088
2154,7272,3588,-768,567,-267,-3072
-2718,-8444,13470,702,-458,125,-3072
3198,-654,5970,-475,-56,-463,-3104
-1776,4614,5878,369,234,-264,-3056
-446,-5810,9426,560,205,-45,-3056
922,7122,8350,-585,260,-126,-3104
-482,5146,5182,39,-64,15,-3072
1292,1322,6428,-734,93,-213,-3088
-2090,2058,5212,-414,74,-55,-3104
2766,-3996,9636,447,316,-200,-3072
-1034,1894,6892,-10,101,-207,-3072
108,236,7872,-414,-102,-186,-3056
738,-5030,9120,531,241,-273,-3056
2452,3528,7526,-750,448,-378,-3072
-3952,280,6538,216,-467,180,-3104
1460,-3762,8434,557,-261,-14,-3056
1108,5334,6526,-881,563,-284,-3088
-2222,-3276,10634,777,-430,148,-3136
4140,2554,7716,-542,-31,-446,-3104
-1612,2856,4858,428,225,-272,-3088
1532,-6564,12388,521,127,-17,-3088
1038,8440,5804,-574,277,-149,-3072
830,-2236,11090,185,-65,17,-3104
562,-2190,6634,-868,117,-194,-3088
-1110,2438,7250,-186,-17,-91,-3088
1728,-5970,9064,400,394,-203,-3056
-162,1642,8718,94,357,-226,-3072
-1422,2226,6292,-344,-233,-131,-3104
214,-3134,7588,249,6,-270,-3088
2760,5154,5944,-528,478,-369,-3056
-2958,-3900,9810,231,-142,60,-3056
-350,-942,8994,235,-627,140,-3104
2490,8168,3060,-606,503,-326,-3072
-3404,-9006,13388,544,-248,153,-3088
3504,1294,6406,-557,-61,-271,-3120
1348,-2730,9674,628,381,-387,-3072
-1524,-3954,8476,500,110,4,-3104
1410,7540,7650,-534,236,-130,-3088
184,2744,7354,117,74,-14,-3088
1932,3292,6996,-879,92,-218,-3104
-2326,1570,4662,-201,-14,-82,-3072
2580,-5536,9784,390,384,-194,-3056
-982,1078,8254,130,278,-220,-3088
-1020,2236,8434,-311,-146,-158,-3104
358,-4766,8512,249,-21,-254,-3072
2882,5222,6530,-507,403,-419,-3088
-1840,-5920,11394,230,-1,0,-3088
420,-2522,8772,219,-604,111,-3088
1938,7254,4266,-567,473,-351,-3072
-5340,-6938,10424,612,-259,123,-3072
3728,3694,7236,-554,-58,-260,-3088
-452,542,6636,716,404,-379,-3056
-2148,2578,7938,-67,-344,-42,-3104
1042,7316,4718,-224,352,-206,-3136
800,-4004,12480,256,255,-13,-3088
2154,6144,7006,-1073,185,-134,-3072
-1080,-1564,7038,29,5,-195,-3072
686,-4970,7282,84,43,-134,-3072
508,446,9572,243,462,-251,-3088
-228,1798,9356,-212,62,-147,-3088
290,-2290,8346,-110,-148,-224,-3072
2432,4882,4838,-123,274,-382,-3104
-1136,-3524,8532,-111,268,-129,-3056
-1046,-186,9076,115,-614,184,-3088
3198,7678,3840,-506,401,-322,-3040
-4368,-8706,12356,450,-283,137,-3072
3836,2162,7158,-478,-71,-205,-3088
2124,-4954,11134,649,433,-377,-3088
-1768,-1528,7756,-12,-312,26,-3088
1248,7492,6694,-234,334,-158,-3088
-532,-4094,10700,232,263,2,-3104
2306,4404,7264,-1042,117,-125,-3072
-2312,1086,4920,16,-25,-130,-3088
90,-1940,6154,36,20,-107,-3072
524,1178,6606,260,436,-212,-3104
-388,2890,9122,-275,58,-154,-3072
-230,-4516,7654,-53,-198,-200,-3088
1782,2704,4766,-214,259,-389,-3088
-1792,-6360,11188,66,313,-92,-3072
82,-1592,9318,35,-660,259,-3072
4892,3122,8170,-142,375,-334,-3120
-5772,-5286,9452,-2,-396,100,-3088
3590,4118,6770,-203,-219,-129,-3104
3134,-9062,11078,719,730,-471,-3104
-1794,4018,8402,-325,-380,2,-3072
714,6178,4432,217,108,-144,-3088
-2254,60,7594,-91,72,-52,-3072
1722,6534,6356,-896,289,-114,-3104
-450,-1988,8214,42,242,-162,-3104
272,-4488,6630,-212,-214,-59,-3088
816,1442,4190,274,329,-245,-3088
-196,2594,8808,-154,273,-212,-3104
206,-3046,8988,-15,-200,-186,-3088
2472,4930,3898,-203,284,-427,-3088
-1338,-3278,7898,-11,282,-86,-3104
-1250,162,9240,79,-647,218,-3104
3406,7604,4068,-307,336,-365,-3104
-4484,-8580,11906,2,-382,33,-3056
958,4674,4194,-304,-171,-158,-3088
2294,-5772,11644,711,713,-443,-3072
-1754,-1098,7560,-311,-329,-20,-3072
1128,2814,6978,225,98,-153,-3088
-934,-4054,10392,44,140,-8,-3120
2630,4914,7374,-938,313,-119,-3072
626,-6500,11436,94,178,-185,-3104
116,-1192,5972,-264,-240,-66,-3056
758,1446,6234,267,413,-231,-3088
-724,1876,9360,-138,196,-154,-3088
892,-1208,9576,-171,-119,-200,-3088
1582,1918,5354,184,142,-360,-3104
-1634,-6234,11148,-223,295,-165,-3104
-2902,1536,7100,71,-594,260,-3088
4848,2242,8412,134,383,-326,-3056
-5388,-4292,9318,-574,-298,-17,-3072
-1464,2268,5544,77,-483,-35,-3104
3262,-8934,10634,511,734,-529,-3088
-1812,4520,8300,-357,-38,6,-3088
2060,-2958,11918,548,49,-110,-3040
-1806,634,7602,-335,-113,-58,-3072
1406,7056,6088,-635,165,-70,-3088
-138,-2720,8732,90,179,-185,-3056
182,-4632,6730,-228,-216,-97,-3104
1018,948,4534,253,398,-254,-3104
-386,2268,8512,-108,265,-182,-3088
336,-2386,9108,-215,-87,-160,-3088
1918,-1184,9328,182,134,-360,-3072
-908,-2538,7548,-289,240,-157,-3104
-1480,-102,9206,94,-595,244,-3088
4696,-3064,10310,314,377,-254,-3072
-3322,-284,9646,-609,-220,-49,-3040
8,4774,3676,81,-538,-41,-3072
2868,-7556,12388,466,691,-542,-3056
-1428,5840,7736,-363,4,-51,-3056
1572,598,8570,557,51,-153,-3088
-1432,-3134,9230,-427,-170,-70,-3072
-270,7120,4134,-656,199,-103,-3136
730,-7448,11506,4,526,-230,-3088
120,78,6220,-472,-253,-52,-3056
2644,-2878,7838,410,315,-268,-3072
-1442,2480,6868,-69,127,-166,-3072
1086,-188,9042,-317,36,-199,-3088
1542,-4592,10590,427,209,-342,-3072
1268,3314,6452,-760,211,-291,-3104
-3128,646,7060,190,-501,219,-3072
4688,-592,9768,527,242,-173,-3072
378,3436,8400,-865,165,-147,-3104
-2150,-494,7828,494,-721,68,-3088
3052,-7262,8646,42,329,-541,-3088
-1480,5358,8596,-293,22,-36,-3040
858,3676,5762,557,54,-103,-3088
-1194,2832,7418,-461,-136,-52,-3056
312,7312,4852,-645,179,-68,-3056
698,-5034,10508,16,508,-223,-3104
-62,2084,7712,-400,-170,-39,-3040
1018,-152,5690,314,197,-209,-3088
-410,2388,7180,18,131,-178,-3088
-658,2276,6012,-399,57,-152,-3104
1844,-3214,10770,469,198,-289,-3040
278,-708,7138,-716,276,-317,-3088
-3506,-2350,8624,180,-552,219,-3072
3436,-3832,9102,593,138,-123,-3104
-1700,1336,9930,-895,293,-150,-3072
-942,3842,4490,545,-671,115,-3120
3150,-1580,6314,-61,221,-491,-3088
-1862,5708,5742,58,203,-136,-3072
2578,-2794,11414,710,308,-81,-3040
804,7068,8378,-757,1,-104,-3088
-418,4462,5492,-161,-120,-34,-3120
534,-6670,10062,-400,342,-261,-3072
-2312,2010,5516,-324,31,-54,-3072
2810,-4076,9440,415,321,-184,-3072
-936,2566,6752,-11,66,-195,-3088
-1186,3070,6944,-405,-149,-192,-3072
792,-4970,9354,458,208,-302,-3040
2414,3950,7100,-772,429,-362,-3072
-3864,-248,6964,329,-340,143,-3088
4638,-2418,10152,577,108,-112,-3104
680,4308,6876,-857,306,-183,-3104
-1944,-2512,10036,579,-642,100,-3088
2808,-5926,7324,-127,148,-509,-3088
-1440,2950,4934,115,243,-158,-3104
1654,-6274,12398,694,291,-49,-3072
-820,4034,7866,-692,-79,-115,-3040
-222,7432,4302,-257,-70,-60,-3072
110,-3520,7174,-322,369,-234,-3088
-470,2278,7220,-383,10,-96,-3088
1634,-1008,6932,432,330,-185,-3104
212,1204,9200,-4,72,-221,-3072
-1190,2170,5690,-414,-47,-167,-3072
1774,-3372,10782,504,248,-263,-3056
3286,5800,5904,-751,458,-357,-3072
-3630,-2482,9366,229,-484,200,-3072
3228,-4430,8854,585,-140,-70,-3072
-1138,2108,9902,-866,595,-261,-3056
-2844,-8616,13808,703,-519,143,-3088
3354,-862,6242,-486,-33,-409,-3072
-1932,5414,5340,282,209,-250,-3104
-564,-5558,9182,541,182,-22,-3088
852,7644,8116,-659,184,-106,-3088
-444,3792,6148,135,-33,12,-3040
1754,1560,6578,-706,184,-210,-3104
-2310,1866,5192,-175,-9,-78,-3088
2970,-4636,9816,395,369,-169,-3120
1062,982,8790,66,279,-238,-3104
368,518,7624,-342,-89,-173,-3072
1006,-4186,8820,437,273,-308,-3088
2166,4062,7384,-760,376,-343,-3088
-3800,-676,6954,286,-431,147,-3072
1310,-2674,8220,492,-178,-45,-3072
912,4806,6506,-796,534,-279,-3056
-2012,-3212,10550,643,-493,97,-3088
4004,2460,7598,-484,-69,-413,-3072
-1352,2760,5010,311,187,-264,-3072
1354,-6546,12344,509,196,-70,-3088
-552,4540,8096,-626,202,-129,-3088
1112,-1464,10778,72,-41,15,-3088
162,-2740,6794,-739,130,-219,-3104
-688,2444,7032,-233,-15,-131,-3104
1916,-6252,9036,404,396,-196,-3088
-254,1460,8878,48,187,-213,-3056
-1060,2470,5988,-379,-166,-188,-3088
1636,-4216,10716,414,169,-281,-3056
2976,5746,5732,-713,443,-344,-3088
-3282,-3358,9584,285,-331,126,-3088
2922,-4422,9222,414,-449,28,-3104
2496,8000,3234,-789,574,-336,-3072
-3300,-9224,13486,763,-325,120,-3088
3538,512,6228,-638,-94,-365,-3056
956,-2298,9210,525,285,-364,-3072
-1308,-4584,8824,335,-42,-11,-3104
1412,7736,7706,-424,352,-165,-3088
-254,2936,7008,216,90,-15,-3088
1928,2646,6848,-875,73,-210,-3056
-2334,1552,4866,-107,-68,-133,-3072
2724,-5194,9808,450,397,-176,-3056
-1202,1590,7742,46,167,-249,-3088
-1486,2324,8182,-366,-205,-129,-3072
770,-4208,8316,366,194,-268,-3104
2572,4726,7232,-620,460,-353,-3120
-3606,-1556,7516,250,-237,73,-3088
706,-2488,8454,328,-533,101,-3072
1560,6534,4946,-706,544,-295,-3072
-2402,-5656,12316,722,-333,118,-3104
3776,2858,7686,-583,-61,-308,-3088
-836,1634,5962,484,230,-324,-3088
444,-6038,11052,251,-138,-22,-3072
794,7530,4910,-479,314,-145,-3104
1030,-3170,12056,272,174,36,-3088
756,-380,6240,-1008,73,-167,-3056
-1346,-798,6436,-25,-36,-144,-3104
1198,-6078,8084,277,340,-143,-3104
114,1200,9236,182,369,-215,-3056
-140,1784,9496,-238,-42,-166,-3072
56,-2682,7986,59,-142,-196,-3072
2676,5458,4952,-338,367,-370,-3104
-2514,-5330,10958,129,225,-99,-3088
-1188,-248,8942,80,-690,175,-3088
3308,7872,3598,-323,385,-323,-3072
-4346,-9546,12878,240,-312,78,-3072
1248,4844,4674,-411,-95,-189,-3040
2082,-5532,11416,695,518,-398,-3072
-1992,-1572,7802,-233,-413,24,-3088
1664,7772,6536,-33,262,-139,-3088
-810,-3558,10436,105,223,-51,-3104
2632,4348,7266,-1018,204,-114,-3104
-2268,978,4814,38,106,-171,-3088
-262,-2038,6318,-68,-83,-92,-3088
708,1224,6406,255,349,-202,-3104
-516,2836,9144,-169,225,-170,-3104
842,-1838,10254,-95,-167,-152,-3072
1904,2712,4970,-23,140,-404,-3088
-1812,-5366,10574,-118,341,-125,-3088
-3066,1078,7016,83,-586,246,-3072
4878,2668,8240,-29,394,-331,-3072
-5512,-4752,9354,-361,-373,13,-3088
-1178,3250,5114,-15,-479,-77,-3104
2940,-8590,10784,594,731,-510,-3104
-1474,3780,8350,-405,-142,-36,-3072
534,6436,4452,420,69,-141,-3088
-2186,248,7594,-199,-11,-71,-3056
1752,7272,5974,-761,227,-135,-3104
-598,-2988,8626,70,417,-194,-3104
64,1326,7510,-371,-271,-68,-3088
800,988,4650,319,258,-247,-3056
-190,2030,8606,-71,226,-168,-3120
270,274,7728,-325,38,-204,-3104
1878,-1286,9206,326,135,-359,-3072
-910,-3082,8020,-553,227,-266,-3088
-4054,-360,7066,151,-599,260,-3072
4638,-2960,10122,447,372,-238,-3104
-3554,30,9414,-757,-51,-100,-3072
416,4762,4074,347,-684,23,-3088
2892,-4900,6840,246,486,-556,-3056
-1412,5518,7700,-154,224,-76,-3104
1406,1582,8104,652,158,-97,-3072
-278,4914,8250,-611,-175,-99,-3088
-518,7282,4130,-451,47,-39,-3088
840,-6420,11078,-65,493,-238,-3056
-862,2278,6738,-414,-64,-63,-3072
2226,-2062,7708,354,242,-250,-3072
-1084,2828,6272,-61,121,-206,-3072
980,-868,9608,-365,20,-168,-3056
1902,-3490,10434,455,257,-319,-3120
622,1254,7192,-742,246,-302,-3072
-3194,816,6778,186,-616,236,-3104
2962,-4078,8466,529,270,-197,-3072
-644,2298,9650,-851,318,-164,-3088
-1472,2304,5710,481,-703,49,-3056
3456,-146,6450,-117,180,-478,-3104
-1916,5066,4884,-14,265,-153,-3072
2342,-4050,12596,724,311,-81,-3088
996,7834,8008,-740,-17,-78,-3072
-108,3028,6848,-112,-97,-31,-3072
410,-6222,9078,-357,385,-241,-3072
128,1976,7796,-342,36,-41,-3088
3176,-5642,10192,450,374,-199,-3120
-1468,2574,7176,-57,77,-191,-3072
150,1260,7038,-321,-110,-145,-3104
794,-4008,8312,427,298,-291,-3072
2374,5028,7078,-720,389,-334,-3088
-3792,-1340,7280,278,-432,171,-3056
830,-2188,8178,433,-280,7,-3072
1420,5774,5562,-786,565,-244,-3072
-2240,-4942,11718,688,-410,150,-3088
3908,2866,7544,-537,-78,-383,-3072
-950,2006,5426,382,237,-269,-3104
664,-6352,11640,509,102,-7,-3104
250,5172,8470,-560,279,-109,-3056
1124,-2426,11794,74,42,-18,-3088
390,-1424,6302,-804,28,-171,-3104
-986,2354,6552,-201,1,-90,-3072
1330,-5954,8406,381,389,-189,-3056
220,812,9358,97,257,-217,-3088
-1310,3104,6012,-379,-168,-155,-3088
-92,-3442,8054,278,3,-221,-3104
2884,5456,5112,-624,466,-403,-3088
-2984,-3914,10430,221,-311,96,-3104
2282,-4078,8614,477,-367,-4,-3072
244,3568,8478,-831,594,-286,-3040
-3876,-9334,13242,741,-379,156,-3056
3728,1442,6762,-571,-67,-430,-3088
-1944,4062,4796,475,262,-300,-3072
-1744,-3122,7978,413,33,-14,-3072
1682,8118,7162,-503,354,-166,-3056
104,854,8616,200,14,-16,-3056
2454,3584,7102,-925,87,-173,-3072
-2324,1382,4856,-130,0,-131,-3040
2302,-5948,9730,361,338,-179,-3072
-622,1094,8494,158,377,-237,-3088
-1010,2322,8974,-333,-174,-165,-3088
208,-4026,7822,186,-59,-246,-3072
2990,5378,6532,-456,466,-395,-3072
-1502,-5534,11156,173,81,0,-3088
-28,-1396,8644,139,-680,197,-3088
2084,7494,3674,-421,401,-321,-3104
-5434,-4676,9438,414,-288,98,-3072
3230,3578,7026,-454,-38,-214,-3088
92,-466,7766,650,454,-396,-3088
-1810,3624,8106,-146,-377,12,-3072
604,6226,4808,-100,225,-156,-3072
730,-4330,12434,199,226,4,-3056
1442,1626,6378,-1081,194,-120,-3088
-428,-1736,8026,52,40,-172,-3072
482,-4910,7026,-13,-20,-100,-3104
732,504,8942,218,406,-232,-3104
82,2318,8624,-133,181,-189,-3088
184,-2904,9134,-109,-199,-166,-3088
2610,4746,4064,-3,149,-341,-3072
-584,-3150,8004,-49,312,-140,-3104
-1748,658,8632,35,-626,246,-3088
3798,6974,4700,-34,391,-303,-3088
-3592,6,9566,-333,-372,33,-3072
206,4830,3842,-100,-335,-108,-3040
2770,-7338,12208,617,778,-452,-3088
-2056,342,7620,-413,-238,3,-3056
1742,708,8358,343,88,-164,-3088
-1626,-2532,9300,-125,55,-39,-3088
2694,5498,7216,-830,249,-92,-3072
930,-6168,11018,72,318,-192,-3072
-212,-662,6602,-304,-253,-57,-3056
878,1496,5194,278,272,-225,-3088
-1174,3412,6228,-64,234,-170,-3040
924,-1370,9782,-258,13,-142,-3072
1858,1348,6246,274,127,-376,-3088
-1740,-5066,9602,-438,232,-205,-3088
-3432,1056,6380,141,-583,273,-3072
4988,406,9632,363,417,-251,-3104
-5150,-2986,8966,-738,-73,-50,-3088
-1522,1212,6752,214,-683,-1,-3088
2858,-8090,9338,409,638,-494,-3120
-1224,4690,8524,-294,138,-103,-3072
2264,-4408,12512,611,121,-136,-3040
-1802,1450,7578,-518,-221,-76,-3056
1018,8014,5188,-567,158,-93,-3056
30,-5896,9020,-63,503,-200,-3072
76,2212,7396,-441,-175,-48,-3072
1316,184,5238,364,278,-250,-3088
-980,2642,7764,-59,71,-192,-3072
-132,926,6868,-356,33,-191,-3104
1890,-2354,10102,485,242,-354,-3072
-646,-2152,7488,-755,281,-312,-3056
-3936,-588,7388,184,-599,199,-3056
4250,-3704,9860,604,162,-151,-3072
-2792,602,9868,-909,331,-160,-3072
-2244,-5564,12336,565,-661,106,-3088
2906,-3766,6098,-118,156,-546,-3088
-1528,5682,7194,99,277,-158,-3104
624,-6820,11316,695,267,-64,-3072
202,5910,8372,-683,-86,-120,-3040
-734,6862,4090,-191,-124,-15,-3056
906,-7064,11160,-38,504,-233,-3072
190,-374,7074,-431,-92,-68,-3104
2816,-2922,8558,367,209,-226,-3072
-1446,2630,6288,-74,135,-157,-3072
960,-262,9136,-322,32,-143,-3088
1710,-4036,10164,456,245,-321,-3072
984,2204,7226,-694,192,-260,-3072
-3284,648,6570,180,-583,227,-3104
4888,698,9702,543,250,-169,-3056
-120,2732,8994,-869,213,-116,-3056
-1748,1064,6816,453,-721,98,-3072
2918,-7926,9228,33,284,-488,-3104
-1882,3966,4882,-35,296,-156,-3056
2196,-4348,12756,722,241,-57,-3088
-1736,1852,7318,-722,-111,-73,-3072
132,2230,7488,-222,-42,-47,-3104
166,-5732,8668,-213,461,-208,-3072
126,2192,7652,-381,-24,-58,-3056
2818,-6022,10190,474,356,-227,-3072
-1122,1964,7512,-51,35,-201,-3104
-8,1670,6638,-344,-33,-150,-3072
1648,-3270,10432,458,265,-280,-3088
2764,5310,6700,-789,326,-309,-3120
-3684,-1810,7746,305,-403,157,-3072
4046,-3934,10028,493,-156,-11,-3072
1812,6430,4840,-824,551,-294,-3088
-2466,-6540,12534,691,-515,131,-3088
2968,-2378,5800,-508,-81,-433,-3072
-1538,4810,7314,-6,313,-170,-3104
1874,-654,9660,671,214,-74,-3088
680,6278,8144,-654,-67,-90,-3088
-836,5854,4626,-211,-112,-21,-3072
1000,-7080,10960,-15,518,-206,-3056
182,-172,7004,-405,-100,-49,-3088
2232,-3366,8690,321,201,-219,-3072
-858,2396,6662,5,142,-181,-3072
434,-92,8584,-388,72,-175,-3104
1792,498,7766,492,223,-273,-3088
1978,2848,7524,-721,255,-296,-3088
-3840,722,6444,196,-592,250,-3072
5116,-1124,9994,561,187,-149,-3072
574,4150,7614,-863,269,-136,-3104
-1958,-912,8866,509,-727,101,-3056
2734,-7414,7864,10,245,-478,-3088
-1338,5912,8526,-108,252,-110,-3120
2132,-5962,12826,744,209,-142,-3072
-1286,3348,7652,-689,-175,-81,-3088
260,7538,4430,-326,-41,-58,-3056
544,-3686,7270,-203,496,-231,-3072
-590,2078,7530,-431,-42,-41,-3072
1698,-692,6280,403,269,-213,-3056
-314,872,8856,0,79,-190,-3040
-924,2722,5888,-409,-36,-154,-3104
1644,-3868,10816,498,223,-288,-3104
730,570,6954,-760,354,-329,-3056
-3308,-3438,9492,246,-475,213,-3088
3066,-4106,9028,516,-178,-45,-3072
-998,2490,9468,-841,542,-242,-3072
-3058,-8906,13698,708,-474,174,-3056
3252,360,6038,-426,-30,-437,-3056
-1780,4388,5598,365,209,-243,-3072
-868,-5052,9030,552,187,-14,-3072
1260,7396,7996,-684,147,-76,-3104
-268,3810,6256,63,-69,-20,-3088
1694,2338,6492,-725,132,-251,-3072
-2178,1896,5018,-257,41,-67,-3104
2496,-5120,9862,443,385,-167,-3072
-750,2330,7520,97,255,-234,-3088
-1332,3202,7772,-441,-220,-147,-3120
472,-4732,8468,358,-3,-232,-3072
2774,4386,7428,-651,504,-384,-3072
-2202,-5890,11860,258,-108,60,-3088
974,-3162,8662,333,-570,102,-3056
1258,5878,5242,-663,487,-369,-3072
-5132,-7916,10804,749,-256,142,-3104
4084,3156,7972,-651,-19,-293,-3056
-1216,2066,5348,604,269,-361,-3088
-1890,612,7666,81,-266,-41,-3104
940,7890,4956,-318,393,-184,-3104
972,-3014,12124,308,202,6,-3072
502,-1374,6128,-1011,72,-187,-3072
-1992,-868,5924,-83,-73,-90,-3104
1314,-5566,8242,261,225,-165,-3056
228,1202,9506,170,448,-250,-3088
-652,1410,9936,-282,-170,-105,-3104
258,-2948,7666,130,-89,-262,-3040
2610,5482,5232,-327,423,-406,-3088
-1514,-4414,9368,111,174,-49,-3104
-418,-862,9428,112,-615,157,-3072
2514,8386,3154,-469,351,-334,-3072
-3662,-9530,13136,288,-330,92,-3056
1976,4386,5300,-455,-72,-223,-3088
1736,-3674,10524,692,608,-469,-3072
-1568,-3900,8208,-123,-364,-27,-3072
478,4686,5276,15,157,-139,-3088
322,-5012,11834,227,273,-65,-3056
1882,3312,7106,-1093,187,-140,-3088
212,-4658,10214,94,-13,-167,-3104
234,-3548,6246,-35,-12,-160,-3072
762,1616,7450,288,447,-263,-3088
-482,1794,7862,-157,163,-161,-3104
798,-1178,9134,-135,-154,-197,-3104
1854,3764,4464,-80,226,-375,-3072
-2008,-5706,11526,-143,298,-172,-3056
-2094,506,8124,55,-658,207,-3088
4158,5868,6002,-36,366,-308,-3072
-5402,-7128,10458,-183,-375,26,-3072
-528,4272,3954,-77,-338,-111,-3056
3098,-8674,12154,667,790,-458,-3088
-2176,2088,7818,-397,-192,-18,-3104
2026,-516,9742,344,39,-169,-3104
-1920,-1714,8422,-201,-5,-51,-3088
2372,6520,6886,-867,238,-70,-3056
982,-6704,10622,108,401,-221,-3072
134,-64,7102,-335,-231,-67,-3104
812,1412,4766,329,314,-249,-3104
-406,2188,9240,-158,176,-136,-3056
870,590,8442,-244,3,-211,-3088
1546,-82,7624,221,166,-373,-3088
-1386,-4090,8960,-494,203,-206,-3104
-3454,316,6638,172,-566,239,-3072
4736,-296,9734,191,405,-265,-3104
-4768,-1708,8936,-642,-183,-60,-3088
-1748,8,7938,209,-649,10,-3072
2854,-7250,8468,416,631,-498,-3104
-1362,5196,8542,-337,40,-80,-3072
798,3830,5650,598,87,-89,-3088
-1488,2516,7604,-455,-130,-85,-3088
562,7724,4644,-596,122,-67,-3072
434,-5110,10596,34,490,-225,-3072
94,2280,7622,-454,-124,-44,-3088
946,-226,5690,339,176,-227,-3088
-258,2514,7326,-27,137,-190,-3072
-548,2302,6106,-374,68,-182,-3072
1620,-3590,10874,520,203,-300,-3088
200,-840,7188,-713,276,-304,-3056
-3766,-2142,8526,224,-582,233,-3104
3768,-4458,9666,580,194,-120,-3072
-1888,1488,9546,-891,249,-148,-3104
-858,3786,4506,556,-662,106,-3088
3184,-1672,6104,-33,248,-533,-3088
-1950,5236,6324,45,272,-142,-3072
2404,-2142,10896,720,275,-59,-3072
894,6974,8202,-721,-20,-104,-3088
-684,5006,5268,-175,-154,-3,-3088
946,-6694,10278,-339,380,-260,-3072
-1928,2166,5672,-331,16,-73,-3072
2474,-3842,9252,397,275,-174,-3120
-980,2306,6712,28,129,-213,-3056
-1860,3230,6714,-436,-128,-167,-3072
1106,-4604,9330,493,265,-268,-3072
2182,3514,7560,-738,456,-346,-3056
-2412,-5328,11744,292,-342,111,-3072
1446,-3478,8242,448,-345,-22,-3072
840,4868,6808,-779,583,-286,-3072
-2022,-2722,10226,720,-342,149,-3056
3916,2394,7708,-548,-57,-407,-3088
-1706,3016,4806,374,194,-250,-3088
1698,-6420,12444,542,188,-33,-3088
-860,4222,8112,-720,-75,-116,-3104
32,7756,3992,-189,-84,-45,-3104
378,-2410,6660,-409,369,-254,-3088
-928,2176,7328,-371,24,-84,-3056
2166,-1764,6992,465,376,-224,-3072
-148,1204,9042,-17,92,-215,-3072
-1254,2532,5986,-373,-140,-153,-3088
1676,-4012,10872,440,226,-308,-3088
3036,5782,5724,-720,397,-356,-3072
-3206,-3808,9790,263,-388,154,-3072
2778,-4276,8936,444,-351,34,-3088
2524,8540,3068,-750,585,-318,-3072
-3370,-9440,13638,759,-352,178,-3072
3534,1040,6186,-574,-54,-399,-3072
-1874,4380,5316,507,255,-310,-3088
-1298,-4128,8642,399,33,-6,-3088
1430,7706,7642,-494,315,-123,-3072
-170,3060,7002,143,42,27,-3104
1880,3474,6636,-803,109,-229,-3104
-2416,1302,5010,-167,-4,-80,-3088
2688,-5462,10034,415,367,-166,-3088
1078,1034,8070,131,382,-240,-3072
-1406,2376,8272,-363,-261,-131,-3104
618,-4408,8364,247,-69,-196,-3088
1980,3428,4318,-397,493,-423,-3072
-1916,-5754,11818,199,35,35,-3072
700,-2680,8370,239,-630,123,-3072
1488,6028,5014,-559,380,-322,-3056
-5244,-7180,10458,555,-251,160,-3056
3862,3374,7816,-531,-54,-250,-3104
-858,1386,5782,665,375,-375,-3072
-1974,1110,7768,-59,-329,21,-3088
828,7620,4906,-187,299,-172,-3088
1158,-3100,11964,306,251,27,-3056
2530,6660,7124,-1089,151,-111,-3104
-1720,-964,6292,22,-41,-117,-3072
1374,-5790,8082,148,135,-156,-3104
90,1156,9398,200,461,-243,-3104
-406,1666,9676,-233,-34,-122,-3088
350,-2636,7796,24,-132,-231,-3088
2642,5340,5142,-162,335,-387,-3040
-1216,-4204,9254,85,203,-50,-3072
-826,-512,9196,91,-641,220,-3088
2902,8004,3358,-299,336,-321,-3088
-4788,-1846,9030,34,-344,76,-3072
1778,4662,5074,-298,-188,-192,-3072
1898,-4672,10826,688,724,-468,-3088
-1920,-2608,7976,-248,-369,17,-3088
852,3938,5838,59,147,-185,-3056
-208,-4142,11128,103,213,-39,-3104
2114,3416,7378,-1018,230,-75,-3072
726,-4714,10324,98,216,-169,-3088
4,-2790,6314,-157,-163,-118,-3056
634,1064,7146,285,344,-223,-3072
-422,1902,7328,-145,209,-186,-3072
766,-1396,9652,-198,-62,-181,-3088
1834,3256,4500,86,146,-367,-3088
-250,-1032,7326,-295,246,-205,-3072
-2474,560,7900,108,-614,270,-3104
4438,5058,6690,133,386,-291,-3088
-2226,688,9906,-543,-230,-46,-3072
-514,4004,4236,41,-493,-79,-3072
2976,-8586,11756,599,748,-525,-3072
-2016,2400,8160,-385,-51,-38,-3056
2250,-1408,10388,485,107,-179,-3120
-2146,-1008,8266,-388,-151,-75,-3104
2224,6444,6674,-695,184,-79,-3072
854,-6830,10454,93,452,-201,-3104
116,590,7312,-398,-219,-76,-3120
586,1158,4672,301,214,-252,-3056
-942,2400,6398,-61,201,-195,-3104
682,138,8576,-335,62,-173,-3072
1662,-642,8014,429,173,-341,-3088
-1246,-4110,8616,-630,227,-266,-3088
-3788,418,6490,198,-576,267,-3088
4906,-1348,10122,80,384,-295,-3104
-4150,-9194,12528,583,-284,100,-3088
3966,1822,7194,-582,-46,-337,-3088
2100,-5224,11256,617,346,-406,-3072
-1758,-2016,7594,126,-211,-35,-3072
1206,8106,6644,-343,354,-156,-3072
514,286,9420,280,205,-5,-3056
2458,3968,7470,-997,89,-153,-3088
-2180,1218,4764,-29,-60,-194,-3072
2010,-6070,9752,202,211,-184,-3104
822,1080,6780,195,396,-230,-3072
-676,2938,8790,-337,-19,-200,-3088
-336,-4666,7732,132,-214,-220,-3088
1688,3186,4308,-281,352,-405,-3104
-1690,-6328,11620,199,212,-42,-3072
88,-1554,9166,23,-710,182,-3088
4918,3120,8014,-269,337,-363,-3104
-5636,-5436,9420,150,-342,69,-3072
3442,4236,6886,-393,-86,-231,-3104
108,-336,7700,709,645,-439,-3056
-1866,4204,7946,-273,-363,21,-3088
696,6472,4624,147,162,-171,-3104
512,-4798,12638,91,139,-40,-3072
1730,7056,6246,-967,217,-132,-3120
-386,-2590,8526,60,179,-157,-3120
330,-3934,6564,-227,-248,-83,-3072
1326,996,4448,277,469,-287,-3104
-550,2472,8502,-103,227,-166,-3088
464,-2450,9004,-190,-101,-183,-3120
1918,-1200,9336,181,141,-372,-3072
-886,-2398,7518,-320,244,-156,-3104
-1436,374,8988,113,-590,264,-3040
3586,6120,4986,198,367,-265,-3088
-3368,142,9280,-501,-282,-34,-3088
160,4326,4086,109,-512,-37,-3072
2778,-7112,12166,506,768,-489,-3104
-1206,5456,7882,-342,-83,-37,-3072
948,7940,5572,113,95,-133,-3120
-1142,-2532,9164,167,182,-10,-3088
2480,5938,7312,-1022,285,-138,-3072
-1844,-350,5818,104,91,-170,-3072
60,64,6170,-237,-173,-96,-3056
650,1616,5310,269,441,-224,-3056
-278,1634,9596,-59,230,-169,-3104
1090,-446,9268,-267,-96,-190,-3104
1414,634,6742,223,109,-339,-3088
-1086,-4966,9696,-316,288,-233,-3120
-3430,702,6656,82,-547,230,-3104
5082,-644,9870,249,418,-255,-3072
-5036,-2384,8826,-552,-293,4,-3104
1868,4626,5254,148,-550,-29,-3056
2992,-7790,8852,499,731,-537,-3056
-1450,5602,8312,-324,15,-24,-3072
904,3976,5934,522,69,-117,-3072
-1278,2938,7680,-470,-165,-155,-3056
224,7252,4810,-656,170,-58,-3088
608,-4966,10428,2,537,-254,-3072
-336,1834,7646,-446,-143,-82,-3104
1744,-118,5648,358,235,-256,-3088
-704,2342,7312,-66,97,-155,-3120
-420,1738,6228,-304,53,-185,-3072
1956,-3206,10840,392,213,-372,-3072
-190,-174,6712,-731,199,-297,-3088
-2314,610,7990,185,-514,215,-3088
3588,-3276,9432,538,218,-173,-3072
-1894,1132,9846,-597,-226,-39,-3072
-946,3428,4392,205,-611,3,-3088
3154,-8104,11544,440,660,-513,-3088
-1504,5278,6424,-259,107,-47,-3072
2024,-1192,10660,521,71,-109,-3104
-1858,-942,7752,-468,-181,-87,-3088
2092,6750,6840,-614,185,-39,-3120
604,-7286,10674,17,523,-214,-3104
476,606,7298,-435,-121,-73,-3072
316,1846,4312,330,194,-204,-3072
-1136,2352,6408,-20,127,-170,-3040
628,338,8338,-384,94,-174,-3088
1698,-896,8528,477,167,-305,-3088
2276,3368,7194,-707,265,-258,-3104
-3914,648,6444,193,-576,267,-3072
4814,-2116,10212,562,236,-165,-3088
-4222,-802,9316,-887,173,-116,-3088
-1826,-1814,9506,488,-703,102,-3104
2928,-6588,7700,23,315,-481,-3104
-1518,5722,8126,-100,218,-86,-3072
1834,-5852,12342,696,255,-83,-3152
-856,4046,7692,-659,-85,-85,-3088
-288,6718,4680,-291,-117,-7,-3072
466,-3980,7416,-165,457,-238,-3072
-534,1582,7650,-405,11,-61,-3088
1536,-288,6352,376,217,-176,-3120
16,1280,8950,12,70,-242,-3072
-1074,1896,5912,-412,-21,-173,-3104
1920,-3272,10722,411,180,-359,-3088
236,126,6986,-681,238,-303,-3072
-2902,1044,7146,189,-584,232,-3104
3438,-4144,9014,510,327,-212,-3072
-1480,1240,9900,-825,173,-139,-3088
-1046,2754,5066,395,-698,51,-3056
3128,-1890,6410,36,298,-499,-3072
-1702,5286,5734,-115,214,-130,-3072
2380,-2656,11408,735,292,-109,-3088
666,7168,8198,-689,-87,-59,-3072
-436,3856,5954,-234,-126,-37,-3104
574,-6612,9950,-183,483,-272,-3072
172,1352,7502,-408,7,-66,-3088
2920,-4130,9438,421,284,-198,-3088
-1050,2290,6944,-53,65,-198,-3072
342,736,7776,-405,-37,-184,-3104
740,-4726,9206,473,248,-264,-3088
2276,4368,7090,-797,378,-338,-3088
-3840,344,6628,320,-435,180,-3072
1396,-2822,8250,497,-158,-54,-3072
932,5304,6506,-871,509,-216,-3072
-2002,-3358,10482,662,-577,158,-3072
2846,-5458,6888,-444,-27,-454,-3056
-1454,2636,4892,245,277,-223,-3088
1420,-6516,12522,594,198,-8,-3104
-598,4602,7828,-676,118,-139,-3072
704,-1134,10624,-19,-116,-25,-3072
310,-3104,6976,-540,188,-219,-3088
-602,2428,7338,-439,-3,-109,-3072
1902,-1282,6876,385,235,-209,-3104
-988,2866,6692,-47,100,-210,-3088
-1528,2488,5970,-379,-53,-152,-3120
1918,-3806,10728,515,288,-270,-3072
650,1120,6960,-757,328,-347,-3104
-3334,-2714,9506,224,-528,196,-3088
3038,-4460,8800,580,-80,-98,-3088
-714,2366,9480,-888,511,-234,-3088
-3172,-8898,13708,703,-534,139,-3104
3300,-152,6354,-369,0,-467,-3104
-1954,4772,5206,284,266,-243,-3088
-1088,-5052,8982,587,178,-52,-3104
1218,8014,7624,-670,176,-103,-3072
88,2826,7088,90,-87,-26,-3072
424,-5932,8990,-748,170,-255,-3088
-2466,1880,4962,-250,-6,-105,-3088
2992,-5644,9966,417,397,-221,-3072
-1434,2204,7490,31,233,-270,-3104
-1616,1960,8216,-323,-272,-147,-3088
908,-4270,8410,280,140,-279,-3088
2552,5486,6876,-538,485,-393,-3104
-1704,-5970,11740,260,-158,40,-3072
532,-2096,8186,263,-535,86,-3104
1664,6246,4994,-607,486,-349,-3088
-5170,-6348,10358,593,-245,122,-3104
3726,3506,7622,-612,-58,-325,-3072
-672,980,6088,579,287,-357,-3104
376,-6224,11124,507,99,-15,-3088
658,5884,8410,-539,287,-115,-3104
1176,-3426,12268,78,-25,22,-3072
530,-306,6170,-710,110,-204,-3104
-1392,2332,6046,-258,41,-114,-3104
2518,-3426,8838,453,443,-163,-3088
350,1166,9310,51,171,-202,-3088
-1440,2988,6342,-381,-226,-165,-3072
1334,-4706,10046,336,68,-264,-3104
2726,5334,4700,-587,509,-367,-3088
-2578,-4700,11104,248,-124,70,-3088
1864,-3794,8334,272,-581,115,-3104
3074,8442,3284,-676,499,-294,-3072
-4308,-9616,12926,726,-281,166,-3072
3968,2116,7098,-632,-49,-305,-3088
1988,-5182,11202,667,326,-357,-3072
-1834,-2314,7952,113,-247,32,-3072
1512,8080,6612,-348,375,-187,-3072
212,468,9174,255,203,10,-3088
2462,4570,7078,-999,105,-125,-3088
-2390,1038,5004,-19,-34,-146,-3104
2258,-5658,9562,203,194,-132,-3104
888,1396,6828,221,443,-245,-3088
-856,1928,9290,-299,-95,-125,-3088
256,-3804,7612,7,-168,-237,-3072
1654,2132,5096,-293,388,-400,-3072
-1660,-5706,11034,55,232,-41,-3088
60,-1544,8832,144,-633,195,-3088
1960,6772,3784,-582,475,-358,-3072
-2738,-7256,13106,620,-275,127,-3072
3370,3842,7024,-574,-70,-308,-3088
74,-358,7686,584,305,-393,-3088
-230,-5692,9666,83,-250,14,-3072
672,6364,4642,-337,366,-156,-3104
844,-3554,12162,260,258,-35,-3120
1092,430,6496,-1012,116,-153,-3088
-736,-1876,7672,-28,-55,-143,-3072
656,-4578,7188,192,183,-153,-3072
768,-96,9498,264,408,-253,-3120
-1278,3302,6694,-346,-9,-173,-3088
76,-2678,8634,117,-168,-183,-3088
2566,5174,3876,-388,397,-414,-3088
-2502,-5920,11974,251,155,-42,-3056
-1206,-38,9306,122,-672,211,-3072
3406,7854,3990,-486,346,-339,-3072
-4636,-9442,12100,353,-369,101,-3088
944,5066,3976,-437,-95,-218,-3072
2328,-6000,11854,694,600,-414,-3072
-1888,-1072,7454,-172,-383,29,-3072
1304,8046,6190,14,258,-202,-3088
-1162,-3494,10210,187,201,25,-3088
2654,4166,7452,-960,218,-109,-3040
-2286,728,5254,26,52,-168,-3072
-130,-1770,6520,-43,-144,-109,-3120
1060,708,6286,247,463,-239,-3088
-850,2262,9282,-233,142,-139,-3056
84,-3882,7740,164,-140,-221,-3072
2954,5422,6076,-342,437,-398,-3088
-1898,-5824,10952,228,127,2,-3088
222,-1386,9026,130,-685,203,-3104
2040,7088,3748,-451,391,-353,-3104
-5374,-5032,9612,245,-335,106,-3088
3320,4216,6676,-442,-55,-259,-3088
52,-848,7822,661,511,-429,-3072
-1760,3524,7996,-153,-323,-11,-3040
494,6444,4874,-77,264,-170,-3072
864,-4578,12388,242,205,-3,-3088
1912,7300,6142,-1053,246,-130,-3072
-746,-2612,8372,88,21,-132,-3104
698,-4694,6890,-53,-13,-134,-3040
762,1250,8834,249,454,-281,-3088
-178,1850,8876,-191,120,-137,-3088
178,-2122,8568,-156,-152,-205,-3104
2344,4854,4030,13,209,-365,-3072
-934,-3366,7982,-126,267,-175,-3088
-1420,456,9190,42,-634,240,-3088
3668,7158,4384,7,354,-344,-3104
-3794,-240,9444,-332,-370,6,-3104
456,5354,3720,-117,-291,-136,-3040
2764,-7300,12300,673,785,-486,-3072
-2304,-258,7340,-356,-238,-8,-3088
1314,1168,7758,296,54,-178,-3056
-1102,-3242,9690,-121,60,-82,-3072
2526,5302,7304,-868,243,-100,-3072
-1864,258,5434,56,41,-141,-3056
-78,-1022,6334,-85,-106,-93,-3104
1074,1856,5418,243,482,-259,-3104
-786,2108,9430,-184,109,-129,-3104
86,-3288,7600,-123,-165,-175,-3088
1604,1808,5762,-14,237,-408,-3088
-1446,-4898,10150,-151,272,-117,-3072
-216,-984,9290,105,-577,275,-3104
5038,1028,9326,-35,324,-321,-3088
-5294,-3218,8740,-256,-388,45,-3056
2524,4312,5956,-63,-341,-85,-3072
2994,-8600,9806,650,795,-458,-3072
-1504,4706,8640,-367,-137,1,-3088
532,5332,4782,353,25,-133,-3088
-1748,1508,7338,-200,-78,-37,-3104
1078,7848,5176,-844,299,-92,-3104
130,-4424,10146,76,319,-178,-3104
170,-3270,5978,-390,-261,-69,-3088
1232,12,5032,328,371,-228,-3088
-602,2134,8114,-51,171,-145,-3072
852,-1394,9258,-331,30,-193,-3104
1576,-3110,10452,363,107,-323,-3088
-12,-790,7104,-604,257,-203,-3088
-2196,1124,8032,170,-522,217,-3072
3896,-3822,9942,461,301,-222,-3072
-2170,1620,9160,-836,80,-114,-3120
-790,3638,4528,353,-698,22,-3088
3090,-1722,5838,125,433,-524,-3104
-2204,2888,7640,-357,-162,-22,-3104
2010,-1366,10182,458,-1,-168,-3120
-1668,-624,8014,-259,-40,-103,-3088
1880,6148,7056,-686,170,-55,-3040
804,-6900,10792,48,418,-237,-3104
66,546,6924,-351,-193,-98,-3104
372,1848,4706,254,195,-222,-3088
96,2180,8944,-3,226,-187,-3056
532,-34,8504,-360,38,-193,-3104
1806,-114,8248,340,113,-365,-3104
-1090,-3658,8426,-537,275,-255,-3104
-3894,288,6656,162,-594,266,-3088
4924,-1690,9836,416,381,-271,-3088
-4364,-1258,9462,-799,85,-101,-3072
-1884,-1414,9244,303,-711,33,-3072
2680,-6902,7856,184,418,-514,-3056
-1306,6112,7906,-233,141,-106,-3056
2102,-6244,12308,735,243,-89,-3104
-1108,3910,7874,-656,-171,-73,-3072
-90,7180,4490,-326,-19,-55,-3056
302,-3834,7506,-239,476,-225,-3104
-750,2414,7106,-382,-37,-41,-3104
1788,-850,6680,367,265,-218,-3072
-604,2728,6606,-48,58,-193,-3088
-884,2748,5610,-404,5,-149,-3088
1636,-3876,10840,489,250,-295,-3104
604,632,7002,-805,330,-318,-3072
-3388,-3198,9454,280,-477,217,-3088
3140,-3716,8846,500,280,-204,-3072
-1270,2218,9628,-819,130,-123,-3072
-1214,2306,5384,359,-723,55,-3072
3096,-8444,10708,86,357,-524,-3088
-1668,4816,5744,-153,214,-134,-3088
2170,-2598,11726,676,217,-91,-3072
-1954,418,7410,-638,-189,-54,-3072
-582,4420,5698,-344,-58,-50,-3088
566,-6358,9984,-144,485,-251,-3088
242,910,7770,-381,-21,-57,-3104
2604,-4516,9862,364,173,-212,-3072
-910,2736,6718,-36,103,-246,-3104
128,132,7830,-383,-20,-193,-3120
704,-4918,8958,536,268,-274,-3072
2476,3440,7708,-765,367,-370,-3072
-4198,810,6188,173,-597,205,-3104
4896,-2690,10382,620,113,-137,-3104
778,4734,6528,-893,490,-212,-3088
-1860,-2478,10588,564,-683,121,-3088
2620,-6220,6850,-287,35,-516,-3104
-1772,2784,4620,90,235,-160,-3072
1844,-6610,12368,728,329,-62,-3072
-820,4570,7956,-728,28,-117,-3088
718,-1258,10604,-7,-143,-8,-3072
462,-2768,6918,-487,294,-274,-3104
-840,2368,7326,-344,32,-92,-3072
2474,-1646,7020,417,388,-240,-3120
-250,2064,8894,-51,115,-255,-3056
-1160,1750,6142,-323,-12,-178,-3104
2034,-3764,10614,461,327,-310,-3088
250,1202,6838,-748,262,-249,-3088
-3254,-3478,9600,244,-560,217,-3104
3078,-3744,8804,560,95,-123,-3072
-1052,2000,9542,-849,354,-164,-3072
-1336,2076,5678,572,-624,104,-3056
3250,-654,6382,-189,112,-480,-3056
-1698,4590,5458,171,259,-183,-3072
2098,-2746,11928,687,300,-14,-3072
1096,6980,8282,-676,11,-89,-3088
-194,4568,6050,-164,-127,-32,-3088
202,-6944,9712,-470,262,-209,-3072
-2194,2106,4974,-398,53,-59,-3104
2814,-4768,9690,493,399,-220,-3088
-1080,1674,7262,-28,92,-212,-3056
-1280,2688,7286,-386,-125,-144,-3072
780,-4914,9146,468,188,-268,-3104
2366,4416,6996,-700,439,-357,-3088
-3842,-60,7006,270,-310,142,-3088
1044,-3080,8366,427,-452,80,-3104
1426,5574,5852,-803,589,-348,-3072
-2276,-4674,11450,783,-368,140,-3104
4126,2708,7802,-659,-81,-358,-3088
-1326,2330,4906,503,223,-297,-3088
1060,-6558,12146,432,65,-19,-3088
1312,7876,5552,-495,339,-168,-3104
782,-2176,11494,180,-6,19,-3104
564,-1784,6432,-483,282,-263,-3056
-1022,2352,6910,-347,31,-98,-3120
2386,-2880,7754,467,372,-200,-3072
82,1008,9226,4,117,-259,-3104
-1460,2308,6338,-350,-204,-164,-3088
1754,-4148,10358,397,234,-291,-3088
2752,4774,5736,-672,438,-373,-3104
-2716,-4990,10512,280,-313,63,-3072
2106,-3680,8434,422,-336,34,-3104
130,3154,8536,-740,541,-300,-3088
-3768,-9076,13086,716,-342,126,-3120
3720,1690,6756,-587,-59,-367,-3072
-1898,3770,4932,458,233,-301,-3104
-1700,-3090,8012,327,-63,-16,-3088
1488,8124,7112,-501,333,-167,-3088
238,1374,8504,250,127,26,-3104
2232,3844,7024,-947,40,-162,-3072
-2298,1504,4794,-102,-27,-145,-3088
2364,-5734,9802,328,336,-172,-3120
560,1922,7130,162,338,-197,-3104
-754,2370,8682,-305,-92,-154,-3104
140,-4712,8380,124,-105,-209,-3088
3038,5754,6014,-426,380,-381,-3056
-1624,-6382,11164,203,118,-30,-3104
52,-1800,8888,117,-676,194,-3072
2112,7594,3692,-467,439,-374,-3104
-5592,-5308,9778,366,-310,137,-3088
3436,4108,6816,-508,-54,-246,-3056
12,-482,7684,616,258,-317,-3072
-216,-5748,9612,136,-233,16,-3120
892,6254,4672,-265,390,-211,-3072
528,-3876,12398,234,152,29,-3072
1582,1096,6156,-937,103,-180,-3072
-2148,1804,5664,-86,5,-178,-3088
280,-4402,7084,231,215,-148,-3056
964,214,9092,218,409,-239,-3088
-1488,3144,7114,-381,-108,-135,-3120
172,-2890,9130,153,-171,-233,-3104
2548,4712,4134,-405,416,-401,-3072
-2360,-5552,11632,180,188,-51,-3088
-1360,264,8652,114,-639,163,-3072
3510,7210,4614,-422,354,-365,-3072
-4780,-8688,11774,397,-323,101,-3040
4022,2622,7454,-463,-94,-235,-3088
2410,-6416,11676,703,525,-402,-3088
-1638,-520,7790,-213,-359,-9,-3104
912,8212,5674,-35,226,-178,-3072
-1184,-3980,9894,225,237,10,-3072
2566,5698,7098,-1064,236,-174,-3056
-2302,14,5648,69,13,-167,-3088
44,-754,6330,-70,-89,-135,-3072
750,1380,5938,281,494,-281,-3072
-508,1830,9676,-205,147,-221,-3120
918,-1082,9878,-169,-163,-207,-3072
1646,1022,5752,50,203,-377,-3072
-1586,-5728,10512,-51,283,-132,-3072
-326,-1590,9254,112,-685,211,-3088
2324,7756,3366,-366,387,-348,-3104
-5474,-3728,9276,276,-338,131,-3104
2956,4764,5974,-369,-132,-199,-3088
766,-2132,9140,681,604,-430,-3088
-1656,4538,8472,-225,-380,14,-3104
558,5516,4582,-2,228,-177,-3072
568,-4878,12448,228,276,17,-3072
1644,2086,6790,-1045,224,-100,-3088
42,-2804,8974,41,-10,-145,-3088
132,-4188,6316,-77,-127,-109,-3072
1016,652,8912,275,502,-218,-3104
-398,1874,8742,-219,178,-164,-3120
568,-2544,9010,-53,-173,-212,-3088
2106,4488,3970,-8,195,-375,-3104
-1188,-2446,7534,-61,254,-120,-3072
-1434,-368,9234,97,-571,252,-3088
3670,7318,4708,-89,346,-305,-3120
-4880,-8398,11290,-140,-396,75,-3088
380,4922,3590,-255,-227,-143,-3120
2706,-6992,12172,703,789,-473,-3072
-2012,-208,7502,-360,-266,8,-3072
1402,1614,7990,316,43,-144,-3088
-1332,-3600,9622,-13,81,-26,-3056
2650,5706,7384,-889,285,-86,-3072
758,-6862,11458,112,264,-170,-3072
68,-640,6216,-263,-249,-73,-3104
886,1244,5692,316,383,-261,-3056
-702,1502,9508,-152,54,-149,-3104
268,-2924,7472,-115,-151,-248,-3104
1332,768,6078,26,258,-384,-3088
-1306,-5138,10406,-87,253,-133,-3088
-420,-536,8864,98,-632,208,-3072
4712,1184,8886,-140,352,-311,-3104
-5216,-3138,9026,-258,-359,47,-3088
2614,4286,5984,-136,-270,-154,-3088
3236,-7850,9768,629,783,-497,-3104
-1830,4674,8378,-332,-254,17,-3104
652,4972,5096,244,66,-153,-3072
518,-4074,11850,-101,89,-81,-3120
898,6954,5714,-917,249,-107,-3120
354,-3220,9304,95,314,-186,-3072
140,-4012,6544,-263,-202,-106,-3072
776,670,4952,248,291,-223,-3120
-184,2448,7896,-78,230,-198,-3088
408,-2310,9470,-293,30,-185,-3072
1758,-2046,9830,261,100,-350,-3072
-318,-1822,7454,-464,280,-253,-3088
-2020,360,8576,116,-604,281,-3120
4354,-3522,9914,387,396,-228,-3104
-2766,252,9820,-690,-115,-40,-3072
-278,5010,3660,229,-696,22,-3088
2912,-8448,12336,374,631,-489,-3056
-1692,5704,7246,-294,138,-66,-3072
2144,-482,9454,667,128,-110,-3104
-1978,-1710,8636,-612,-167,-76,-3088
2410,6172,7014,-806,232,-92,-3088
-1278,-1068,6544,96,335,-223,-3120
-132,432,6770,-345,-275,-76,-3104
910,1564,4872,291,319,-233,-3136
-370,2010,9290,-45,209,-176,-3088
834,-12,8782,-314,21,-181,-3088
1470,-224,7628,327,124,-323,-3072
-918,-3858,8870,-531,247,-210,-3104
-3648,-82,6884,156,-550,249,-3072
4958,-2050,10258,446,340,-239,-3088
-4424,-830,8956,-743,-115,-69,-3056
-1928,-1634,9102,307,-684,-10,-3104
2858,-6532,7702,313,539,-518,-3104
-1348,5432,8324,-179,184,-80,-3088
1934,-5792,12488,682,177,-80,-3104
-916,3320,7912,-618,-189,-135,-3136
-134,7718,4232,-462,-2,-56,-3072
836,-5936,11016,-82,510,-235,-3120
-404,2078,7452,-467,-43,-108,-3088
1482,-978,6560,391,226,-214,-3072
-624,2564,6762,21,83,-189,-3104
-1116,3024,5708,-433,-9,-172,-3120
1710,-3864,10820,527,226,-313,-3088
788,110,7186,-765,320,-339,-3088
-3440,-2734,9344,185,-537,216,-3072
3190,-4328,9128,631,90,-145,-3072
-1134,2500,9426,-916,483,-227,-3120
-3104,-8346,13462,679,-605,156,-3072
3038,-8930,10848,205,453,-523,-3072
-1822,5386,5640,-174,199,-84,-3088
2388,-3844,11796,741,214,-67,-3120
-2080,866,7564,-689,-163,-88,-3072
-344,3638,6258,-332,-40,-29,-3072
596,-6100,9486,-232,524,-251,-3088
-128,1350,7606,-392,-63,-18,-3088
2866,-5076,9688,403,310,-236,-3072
-1102,2592,7204,-64,98,-178,-3104
136,384,7504,-330,-56,-118,-3104
1968,-1224,9370,419,283,-313,-3088
2350,4410,7278,-751,283,-337,-3056
-3792,-930,7110,223,-529,219,-3088
4526,-2794,9988,566,14,-63,-3104
1068,5242,5990,-874,436,-199,-3104
-2046,-4010,11278,587,-602,118,-3088
2740,-4464,6516,-260,65,-463,-3088
-1164,2100,5430,197,252,-206,-3072
1192,-6302,11810,681,281,-73,-3104
-278,4888,8228,-692,57,-108,-3088
-406,7180,4102,-63,-55,-21,-3120
116,-2394,6794,-560,246,-222,-3104
-918,2260,6864,-312,2,-75,-3104
2284,-2472,7728,475,395,-212,-3088
-54,1200,9264,-31,111,-194,-3088
-1172,2354,5904,-345,-176,-187,-3120
1718,-4248,10786,421,210,-297,-3104
2902,5658,5686,-713,443,-326,-3104
-3256,-3872,10038,237,-528,196,-3104
2784,-4082,8682,586,27,-97,-3104
-430,2746,9286,-897,441,-199,-3104
-1666,1034,6180,662,-614,123,-3088
3558,350,6206,-304,71,-458,-3088
-1868,4634,5154,238,261,-202,-3072
2320,-4008,12452,652,255,-53,-3104
1444,7370,7986,-680,119,-126,-3088
-372,3130,6856,-66,-125,11,-3088
366,-5970,9006,-557,177,-209,-3104
-2450,1920,4718,-312,44,-117,-3104
2888,-5444,10136,452,399,-232,-3104
-1126,2834,7138,-7,149,-184,-3088
-1362,2164,8014,-335,-242,-107,-3072
778,-4074,8280,381,208,-299,-3104
2360,4532,7446,-691,486,-332,-3104
-3808,-1012,7214,269,-292,113,-3088
956,-2120,8292,412,-393,5,-3088
1128,5484,5602,-727,527,-284,-3104
-2056,-4336,11696,682,-335,170,-3104
4100,2986,7740,-535,-66,-377,-3072
-1276,1940,5348,369,206,-277,-3072
946,-6618,11762,464,65,-16,-3056
922,7560,5464,-535,293,-130,-3104
1088,-1950,11408,206,66,15,-3072
342,-1900,6622,-807,86,-210,-3072
-958,2624,6624,-149,-35,-117,-3088
1672,-5930,8496,351,400,-163,-3088
-132,1220,9142,1,99,-219,-3104
-1046,2968,6064,-394,-123,-183,-3120
1326,-4882,10456,436,193,-255,-3088
2794,5860,4960,-712,443,-366,-3104
-3422,864,6748,243,-526,190,-3104
2464,-3626,8616,586,25,-99,-3088
-102,3226,8430,-892,420,-188,-3088
-1738,22,7516,677,-612,162,-3104
3720,970,6864,-299,117,-523,-3072
-1836,5374,8440,-162,168,-58,-3088
2220,-4756,12402,654,148,-77,-3088
-1538,2192,7706,-609,-127,-78,-3072
442,7050,5200,-416,-40,6,-3104
470,-5514,8380,-141,490,-239,-3088
-86,1564,7724,-413,-23,-87,-3088
1076,564,5274,382,233,-186,-3072
-382,1188,8182,16,113,-202,-3072
-596,2010,6290,-406,-2,-155,-3088
1834,-2698,10526,518,247,-303,-3056
2990,4678,7102,-787,377,-303,-3104
-3772,-1554,7898,239,-530,212,-3072
4044,-3948,9538,581,51,-120,-3104
-2192,1016,10120,-840,527,-252,-3088
-2486,-6996,13288,578,-614,131,-3120
2874,-2080,5674,-346,-7,-477,-3104
-1668,5426,6608,149,240,-188,-3104
322,-6492,10426,629,255,-53,-3088
454,7008,8236,-710,85,-115,-3088
-516,5098,4970,76,-130,-28,-3104
1166,742,6112,-604,231,-272,-3104
-1982,2050,6058,-226,11,-84,-3088
2724,-4240,9122,440,379,-210,-3088
-1150,2266,6822,39,183,-256,-3088
-1466,3224,6624,-421,-212,-161,-3104
950,-5102,9722,396,140,-248,-3072
2182,3714,6988,-636,485,-394,-3088
-2342,-6132,11714,326,-228,73,-3120
1308,-3042,8232,567,-121,-59,-3104
916,4948,6876,-891,556,-262,-3072
-2078,-2882,10160,684,-528,153,-3120
4042,3340,7252,-515,-65,-413,-3072
-1556,2684,4828,335,263,-258,-3072
1672,-6178,12520,580,211,-36,-3072
-660,4176,7746,-635,170,-107,-3088
716,-1192,10380,35,-93,13,-3088
412,-3378,7110,-637,184,-256,-3104
-702,2346,7158,-285,56,-110,-3104
1740,-5810,9250,456,353,-155,-3088
26,780,9076,72,211,-232,-3088
-1286,2628,6000,-412,-232,-151,-3088
24,-4242,7928,407,57,-244,-3104
3122,5192,5890,-666,512,-340,-3072
-3366,-2852,9400,252,-167,86,-3088
-154,-1540,9340,300,-603,105,-3104
2172,8056,3110,-706,526,-329,-3072
-3190,-8422,13586,709,-266,172,-3104
3344,50,6240,-651,-33,-318,-3120
718,-1694,8846,553,238,-345,-3088
-718,-4944,8738,164,-189,0,-3104
1138,7520,8044,-400,345,-131,-3072
586,-4946,12532,296,195,-3,-3088
1774,2452,6544,-999,115,-173,-3088
-2546,1732,5146,-3,-64,-118,-3104
276,-3836,6486,214,220,-167,-3104
780,1100,8346,219,498,-250,-3088
-1434,1654,8166,-335,-269,-168,-3056
1020,-4478,8616,277,76,-269,-3072
2272,4892,6926,-731,417,-335,-3088
-3762,-1022,7288,262,-440,187,-3120
4366,-3082,10044,500,-118,-59,-3120
1118,5402,5710,-822,520,-220,-3088
-2078,-4250,11556,650,-488,126,-3104
2828,-4078,6272,-388,-38,-470,-3104
-1164,1452,5388,327,241,-202,-3120
1038,-6104,11712,589,234,-9,-3120
72,4922,8232,-636,191,-115,-3104
1062,-1624,11184,13,-39,-4,-3104
148,-2338,6852,-665,137,-186,-3088
-796,2932,6310,-291,32,-117,-3088
1606,-5994,8448,472,407,-173,-3072
10,1338,9422,-10,144,-196,-3072
-1214,2352,5856,-359,-179,-162,-3072
1642,-4078,10530,337,109,-244,-3120
2884,5958,5226,-672,491,-343,-3120
-3174,-3626,10240,266,-188,104,-3072
2738,-3924,8466,397,-519,57,-3104
2458,7884,2960,-722,543,-304,-3056
-3386,-9180,13618,740,-313,156,-3088
3644,236,6466,-642,-27,-340,-3072
990,-2454,9556,525,264,-310,-3136
-1196,-4490,8382,236,-159,-6,-3088
1366,7608,7880,-404,405,-135,-3088
122,-4662,12334,243,141,24,-3072
2034,2466,6864,-931,74,-169,-3072
-2424,1822,4830,-104,-73,-128,-3104
2788,-5134,10070,278,275,-158,-3120
770,1242,8428,107,362,-251,-3088
-1250,2096,7930,-275,-120,-174,-3072
710,-3974,8436,114,-63,-222,-3104
1946,3916,4346,-338,428,-370,-3088
-1938,-6174,11742,193,90,37,-3088
718,-1702,8288,122,-666,197,-3104
4052,5972,5812,-465,374,-329,-3104
-5184,-7460,10786,302,-340,54,-3120
4004,3004,7648,-433,-50,-254,-3088
2886,-7696,12188,671,546,-415,-3072
922,-6544,11550,213,-154,6,-3088
960,7258,5430,-408,361,-128,-3088
988,-2236,11574,219,128,-3,-3120
490,-1732,6536,-875,38,-192,-3088
-1406,-390,6042,-117,-34,-172,-3104
1302,-5372,8290,283,310,-161,-3072
402,498,9248,175,337,-221,-3088
-66,2140,9164,-359,-39,-198,-3072
-280,-3242,8130,142,-163,-185,-3072
3074,5412,4802,-417,404,-403,-3072
-3026,-4346,10892,196,184,-47,-3088
-674,-148,9418,121,-717,161,-3088
2780,8470,3136,-448,376,-331,-3104
-3766,-9006,12994,371,-322,125,-3104
2060,4940,4874,-456,-49,-256,-3120
1586,-3840,10632,701,538,-382,-3056
-1588,-3278,7936,-219,-390,30,-3104
1130,3486,5698,-11,280,-175,-3072
-530,-3930,11410,119,169,-6,-3088
2552,3682,6968,-982,184,-84,-3056
722,-4528,10092,40,128,-193,-3072
-302,-2370,6244,-54,-96,-119,-3072
1244,704,7262,245,429,-264,-3072
-1206,2318,8838,-161,194,-126,-3088
604,-2008,9900,-110,-161,-174,-3088
1970,2912,4618,31,154,-361,-3072
-1806,-5902,11286,-128,268,-109,-3072
-2446,1024,7572,88,-575,262,-3088
4582,3362,7594,21,373,-321,-3056
-5420,-4924,9402,-440,-343,32,-3104
-958,3714,4552,-31,-368,-78,-3072
2970,-8760,11408,547,740,-475,-3056
-1656,3308,8076,-384,-143,7,-3088
2204,-2252,11164,493,61,-149,-3104
-2000,-528,7848,-222,-64,-4,-3104
2022,7218,6396,-710,247,-122,-3056
-890,-2222,7972,62,403,-182,-3120
88,1456,7070,-394,-255,-38,-3088
964,1062,4682,324,320,-266,-3104
-294,2080,9016,-51,204,-161,-3072
570,308,8136,-317,14,-164,-3072
1602,-888,8668,337,113,-338,-3088
-828,-3206,8180,-509,227,-202,-3120
-1346,288,8964,61,-599,251,-3104
3496,7570,4180,22,359,-297,-3104
-3732,-276,9256,-421,-340,-35,-3088
460,4934,3928,-29,-372,-120,-3088
2648,-7230,12152,578,748,-516,-3072
-1518,5912,7836,-367,-167,2,-3104
1426,1262,7864,466,6,-174,-3088
-1170,-3322,9640,-229,-35,-76,-3088
-434,6952,4200,-691,196,-83,-3104
936,-6248,11274,41,434,-237,-3072
-184,-1082,6324,-376,-257,-96,-3104
1052,1622,5596,327,264,-250,-3088
-1228,2980,6678,-77,200,-173,-3088
1110,-1040,9610,-290,11,-190,-3072
1706,1546,5836,302,135,-343,-3104
660,1630,6920,-571,182,-225,-3088
-3076,422,7164,166,-537,243,-3120
4766,1728,8848,461,347,-215,-3072
-618,2206,9486,-767,-18,-67,-3104
-1532,1874,5972,322,-714,54,-3120
3060,-8428,10052,246,467,-557,-3088
-1808,4602,5124,-165,204,-90,-3072
2348,-3872,12374,658,169,-70,-3072
-1766,1104,7356,-645,-200,-88,-3088
4,3430,6570,-337,-27,-31,-3104
86,-6156,9258,-184,508,-212,-3104
174,1834,7468,-434,-79,-53,-3104
1200,784,4888,443,301,-229,-3088
-462,1722,8392,-71,141,-136,-3120
290,1040,7122,-328,33,-211,-3104
1660,-2164,9806,401,162,-329,-3072
-582,-1682,7362,-679,221,-236,-3088
-3832,-1142,7480,212,-524,195,-3072
4250,-3366,10136,513,313,-218,-3072
-2906,852,9420,-821,42,-97,-3072
-122,4408,4008,331,-705,42,-3104
3024,-3556,6314,272,551,-520,-3072
-1562,5552,7320,-184,195,-105,-3120
1710,320,8960,642,138,-119,-3088
300,5392,8264,-602,-124,-104,-3072
-912,6448,4494,-505,41,-40,-3104
996,-6468,10994,-84,464,-228,-3056
-1038,2264,6490,-398,-5,-87,-3104
2172,-2070,8032,342,187,-182,-3104
-914,2390,6410,-46,96,-246,-3104
848,-462,9360,-391,12,-187,-3120
1610,-4048,10354,482,260,-310,-3088
1074,1920,7126,-777,306,-356,-3072
-3448,738,6698,223,-559,212,-3072
2514,-3404,8324,537,161,-132,-3104
-408,2464,9134,-861,381,-194,-3056
-1468,1044,6784,531,-678,69,-3120
3630,430,6800,-194,131,-499,-3104
-1986,4818,4880,52,252,-130,-3104
2550,-4804,12500,698,297,-87,-3088
1262,7564,7616,-684,91,-119,-3104
866,7422,5128,-451,-28,-46,-3104
328,-5678,8450,-106,527,-227,-3120
60,1710,8002,-439,-86,-65,-3088
1216,240,5048,395,214,-202,-3104
-710,1742,7666,-76,92,-188,-3104
-188,1568,6774,-374,26,-146,-3120
1732,-2912,10164,503,242,-288,-3088
2730,5024,6702,-767,310,-284,-3072
-3806,-1618,7862,303,-536,210,-3072
4178,-3712,9954,546,107,-106,-3072
-2718,1188,9392,-868,422,-168,-3088
-2348,-5612,11984,537,-675,118,-3088
2986,-3024,6164,-254,123,-509,-3104
-1534,5114,7314,110,279,-152,-3072
646,-6592,11352,656,244,-37,-3088
210,6046,8030,-666,16,-104,-3088
-658,6116,4632,-173,-128,5,-3120
746,-1106,6454,-395,319,-225,-3072
-1196,2396,6618,-375,54,-68,-3072
2046,-2718,8254,420,248,-180,-3104
-850,2580,6616,18,122,-229,-3088
-1710,3364,6022,-440,-82,-132,-3088
1414,-4890,10390,497,176,-244,-3104
1638,2356,7252,-769,434,-344,-3104
-2912,-4302,11026,293,-390,128,-3088
2138,-4362,8542,512,-299,41,-3088
320,3870,8250,-837,585,-337,-3104
-3942,-8924,12884,749,-407,148,-3104
2888,-7704,8538,-218,132,-523,-3088
-1940,3928,4770,60,255,-152,-3120
2230,-5864,12694,718,266,-91,-3072
-1546,3080,7636,-730,-24,-97,-3104
290,240,9072,5,-141,-2,-3088
524,-4044,7760,-468,355,-295,-3120
-574,1858,7784,-303,21,-83,-3072
2390,-5942,9774,453,342,-231,-3104
-622,1596,8328,30,176,-245,-3088
-842,1836,6430,-361,-171,-143,-3088
428,-3978,7762,398,216,-286,-3104
2890,5314,6694,-704,423,-377,-3072
-3516,-3026,8598,288,-286,123,-3088
40,-1584,8692,321,-515,59,-3072
2026,7562,3636,-678,573,-305,-3072
-2744,-8244,13578,676,-317,127,-3104
3044,-510,5768,-594,-51,-334,-3120
152,-850,7804,477,236,-313,-3088
-596,-5518,9526,297,-97,12,-3072
1122,6972,8318,-443,326,-138,-3072
1038,-4360,12580,223,89,0,-3104
1150,1738,6310,-991,48,-166,-3088
-2050,1986,5228,-101,-44,-127,-3088
480,-4916,6890,286,337,-134,-3104
648,1324,8764,157,356,-217,-3072
-1428,2544,7242,-294,-156,-145,-3056
418,-2344,8754,98,-119,-216,-3104
2348,4350,4456,-416,444,-354,-3088
-2244,-5666,11768,255,-249,78,-3104
1048,-3062,8134,440,-431,34,-3072
1204,5622,6128,-758,574,-322,-3088
-4948,-8712,11788,728,-292,136,-3104
4094,3198,7476,-657,-90,-339,-3104
-1488,2394,5032,512,252,-298,-3104
1374,-6426,12130,260,-138,-7,-3088
1336,8052,5572,-458,351,-206,-3088
792,-1768,11068,258,118,-14,-3072
518,-2222,6674,-942,109,-191,-3072
-1872,92,5550,-72,-12,-142,-3088
1582,-5952,8754,303,277,-187,-3120
-128,1410,9240,137,393,-216,-3088
-528,1564,9584,-292,-190,-145,-3072
1864,-3976,10564,396,256,-318,-3120
856,2174,6628,-761,342,-326,-3072
-2920,-4416,9964,273,-403,153,-3120
2466,-3174,8560,496,-153,-37,-3088
-466,2594,9084,-768,581,-251,-3072
-3450,-8660,13280,675,-515,142,-3104
3478,480,6420,-467,-49,-402,-3088
-1720,4332,5312,302,219,-268,-3088
-1192,-3960,8496,543,144,-36,-3136
1380,7200,7800,-605,222,-147,-3104
-38,3104,6988,111,18,0,-3088
1680,2608,6874,-801,107,-199,-3104
-2322,1692,4918,-195,-7,-125,-3104
2666,-5416,9984,444,420,-189,-3072
-844,2002,7572,80,227,-241,-3088
-858,2926,7870,-366,-188,-205,-3088
360,-4890,8580,294,21,-251,-3072
2904,4958,6820,-616,477,-382,-3104
-2002,-6550,11862,287,-9,-2,-3120
674,-1992,8458,266,-592,133,-3088
1328,6128,5118,-610,453,-372,-3104
-5374,-7702,10822,673,-291,124,-3072
4144,3382,7508,-659,-43,-354,-3072
-1022,1246,5896,585,292,-352,-3104
914,-6260,11282,158,-201,-8,-3120
1186,7328,5152,-363,420,-198,-3120
602,-2306,11532,239,173,27,-3104
756,-1536,6678,-910,75,-195,-3104
-1458,-150,6154,-91,-73,-184,-3088
1086,-5668,8286,296,206,-151,-3088
642,738,9630,177,461,-245,-3072
-158,2446,9372,-348,-86,-176,-3104
-126,-3628,8014,161,-116,-213,-3104
2930,5488,4920,-359,433,-398,-3120
-1672,-4870,9494,175,193,-38,-3104
-432,-660,9490,138,-688,171,-3104
2640,7744,3288,-446,364,-359,-3072
-3538,-8594,13014,287,-316,56,-3088
2266,4546,5400,-462,-53,-226,-3056
1204,-3216,10058,658,555,-416,-3072
-1118,-3738,8064,-140,-308,-7,-3072
680,4804,5176,35,235,-170,-3088
-136,-4544,11682,204,194,7,-3088
2296,3192,7158,-1020,228,-113,-3072
198,-4302,10174,44,12,-164,-3040
330,-3070,6112,-43,3,-136,-3072
796,1316,7916,235,424,-228,-3088
-330,2546,7782,-158,208,-180,-3104
440,-2130,9510,-178,-175,-180,-3072
2028,4072,4092,-20,204,-368,-3104
-1966,-6538,11894,-99,292,-108,-3088
-2246,1352,8030,41,-649,224,-3088
4352,5072,6354,46,354,-287,-3104
-5330,-7030,10378,-282,-363,62,-3104
-468,4220,4120,-30,-354,-114,-3056
3056,-8780,12110,630,770,-507,-3088
-2198,2400,7500,-389,-157,52,-3072
1796,-842,9850,406,15,-121,-3104
-1822,-1698,8436,-219,-33,-63,-3088
2212,6212,7276,-800,234,-84,-3056
956,-6726,11078,51,364,-199,-3072
-18,318,6836,-343,-224,-55,-3072
926,1328,4974,297,332,-278,-3104
-376,2094,9158,-122,242,-153,-3072
654,-602,8970,-253,-26,-132,-3088
1746,572,7244,234,122,-350,-3088
-1376,-4348,8978,-440,241,-201,-3072
-3734,140,6562,111,-537,281,-3072
5098,-746,10042,384,397,-256,-3088
-4726,-1880,8954,-687,-161,-72,-3088
-1930,-858,8480,231,-683,23,-3104
2742,-7434,8152,390,632,-503,-3072
-1350,5580,8400,-281,156,-57,-3088
894,3296,6120,688,132,-101,-3088
-1336,3294,7600,-593,-238,-46,-3072
364,8020,4412,-453,71,-83,-3104
566,-6170,11214,-28,515,-233,-3104
-474,2286,7484,-500,-123,-63,-3088
2084,-1452,6146,436,289,-239,-3088
-1196,2576,7302,-84,101,-156,-3104
-756,2094,6282,-341,26,-148,-3104
1932,-3410,10708,444,257,-307,-3120
214,1070,6568,-786,216,-269,-3088
-3286,-3488,8884,230,-494,169,-3104
3258,-4048,9406,576,106,-129,-3104
-1044,2392,9300,-885,441,-182,-3120
-2964,-8800,13758,653,-600,89,-3104
3190,160,5720,-332,60,-489,-3104
-1734,4528,5846,166,280,-188,-3072
2220,-2770,11694,614,233,-32,-3088
1576,7202,8136,-657,67,-164,-3088
-480,4400,5872,-77,-108,-22,-3104
432,-6928,9986,-475,290,-230,-3104
-2032,1748,5266,-304,68,-144,-3120
2632,-4874,9766,475,396,-232,-3088
-1164,1816,7438,39,97,-201,-3120
-1278,2718,7532,-407,-170,-183,-3104
664,-4622,8946,420,186,-283,-3104
2604,4100,7220,-658,474,-372,-3088
-3806,-558,7000,214,-318,134,-3088
984,-2802,8276,489,-354,21,-3056
1162,5538,5772,-800,588,-330,-3088
-2260,-3910,11274,731,-340,136,-3104
4092,3204,7640,-538,-78,-394,-3104
-1340,1986,5416,462,229,-319,-3088
1338,-6474,11760,442,64,-63,-3088
1298,7832,5410,-493,339,-157,-3104
674,-2108,11286,155,3,40,-3072
582,-1776,6472,-783,141,-261,-3072
-1242,2034,6842,-157,-11,-123,-3088
1456,-5514,8420,396,374,-182,-3088
184,810,9614,124,346,-223,-3072
-1126,2870,5806,-386,-238,-182,-3104
144,-2892,7572,172,-48,-237,-3088
2832,5330,5432,-504,451,-376,-3088
-2894,-4792,10518,254,61,1,-3072
-540,-654,9248,205,-628,153,-3072
-278,2790,8848,-753,582,-272,-3072
-3676,-9074,13316,671,-467,150,-3040
3808,1108,6692,-456,-27,-473,-3104
-1876,4138,4948,344,210,-243,-3088
2302,-4480,12474,560,171,-27,-3088
1400,7340,7618,-592,235,-155,-3072
-110,2434,7520,61,-34,3,-3072
272,-5486,8594,-598,174,-243,-3104
-2256,1748,4766,-239,26,-102,-3056
2422,-5402,9928,422,384,-194,-3056
-424,1822,7846,92,200,-238,-3104
-880,3260,8046,-428,-162,-151,-3104
100,-4944,8286,362,16,-228,-3120
3168,4798,7032,-651,532,-405,-3088
-4118,-890,7524,273,-475,200,-3104
4220,-3992,9856,519,-262,-15,-3088
1358,6666,4524,-873,549,-262,-3088
-2170,-5622,12484,721,-440,172,-3072
2926,-3570,6278,-487,-51,-476,-3072
-1000,1012,6080,284,186,-244,-3104
876,-6596,10926,689,313,-82,-3104
98,6262,8178,-701,-32,-101,-3072
-794,5850,4818,-210,-147,-23,-3072
1034,-6460,10738,-359,387,-280,-3088
-1616,1810,6428,-344,-8,-79,-3120
2724,-2496,8488,383,311,-206,-3072
-1242,2712,6382,-31,82,-223,-3072
-1626,2122,6318,-380,-125,-136,-3088
1596,-4132,10028,459,274,-325,-3088
1226,2730,7128,-730,439,-324,-3104
-2848,-4782,11052,291,-473,183,-3072
2146,-3484,8148,483,-288,-26,-3088
-54,3054,8640,-807,534,-260,-3120
-3724,-8914,13058,697,-417,149,-3104
3724,964,7000,-483,-25,-433,-3072
-1714,4308,4576,361,225,-271,-3088
2096,-5170,12818,580,204,-6,-3088
-1692,2352,7624,-689,-85,-75,-3104
202,1456,8396,-229,-107,-22,-3104
120,-5118,8034,-334,336,-245,-3056
96,2258,7696,-403,21,-102,-3088
2706,-5680,10000,453,346,-234,-3104
-764,1368,8112,-35,82,-220,-3104
-460,1866,6272,-388,-112,-167,-3056
238,-4548,8002,479,219,-294,-3104
2970,5300,6798,-735,427,-356,-3104
-3718,-1508,7968,256,-444,125,-3104
3956,-4386,9892,484,-337,-21,-3088
1810,7308,3926,-866,620,-318,-3088
-2476,-7384,13224,774,-384,170,-3072
3020,-1754,5574,-601,-57,-430,-3104
-416,566,6558,418,215,-279,-3104
-88,-6484,10506,473,51,12,-3056
842,6846,8246,-581,261,-146,-3088
860,-3944,12652,143,7,-8,-3104
1148,648,6094,-770,125,-239,-3104
-1686,2256,5926,-182,18,-137,-3088
660,-5086,7498,354,334,-171,-3072
762,1084,9082,95,369,-289,-3072
-1858,2424,6762,-313,-258,-129,-3104
1530,-4564,9678,283,64,-256,-3104
2466,4392,4988,-546,497,-398,-3104
-2358,-4994,11336,219,-114,40,-3088
1506,-3150,8126,276,-568,82,-3088
2988,7700,3774,-630,469,-336,-3104
-1998,-2036,9554,678,-381,158,-3120
3874,2214,7598,-502,-68,-376,-3120
-1666,3290,4620,336,241,-246,-3088
1696,-6064,12554,478,64,-37,-3104
1258,8070,6206,-603,229,-136,-3104
814,-714,10236,207,31,32,-3088
102,-3228,7080,-835,124,-195,-3120
-2214,888,5048,-111,-39,-124,-3072
2024,-6556,9410,378,391,-149,-3104
-504,1334,8872,120,274,-219,-3088
-542,1490,9466,-283,-157,-157,-3104
170,-3710,7812,177,5,-203,-3072
2944,5866,5836,-492,415,-369,-3104
-3166,-4290,9674,235,37,-23,-3088
-502,-1108,8794,175,-639,123,-3088
2578,8118,3376,-492,456,-343,-3072
-3520,-9472,13546,500,-295,146,-3072
2584,4298,5968,-500,-79,-261,-3088
940,-2646,9318,667,457,-401,-3088
-1264,-4194,8784,-14,-317,34,-3088
1050,4848,4986,-116,329,-206,-3072
164,-4338,12150,224,244,-34,-3104
1860,2890,6574,-1074,104,-112,-3120
310,-3154,9060,34,35,-214,-3072
-182,-3656,6310,50,15,-142,-3104
940,662,8386,221,447,-221,-3072
-1118,2712,8064,-203,129,-167,-3120
498,-2428,9748,-39,-199,-190,-3056
2206,3794,4234,-422,444,-386,-3072
-2004,-5980,11552,221,42,37,-3072
730,-2564,8716,182,-651,141,-3056
4192,5454,6214,-480,398,-347,-3072
-5406,-7168,10548,549,-296,135,-3088
3852,3486,7384,-558,-22,-257,-3072
-888,1314,6262,648,403,-390,-3104
-1836,1460,7890,-77,-356,22,-3088
942,7512,4894,-161,321,-180,-3088
866,-2918,11770,247,207,12,-3088
2384,6686,6780,-1065,144,-179,-3072
-1486,-870,6484,7,-5,-156,-3104
1234,-5576,8198,69,40,-147,-3088
570,1084,5230,239,462,-264,-3104
-82,1786,9550,-212,94,-189,-3104
-22,-2926,7876,-56,-206,-189,-3104
2912,5382,4954,-88,240,-385,-3088
-1330,-4904,9380,62,283,-103,-3088
-832,-342,9262,71,-652,264,-3072
2844,7782,3382,-182,367,-328,-3104
-4974,-1642,9044,-137,-367,33,-3088
1896,4814,5004,-227,-236,-187,-3120
1644,-4514,10910,653,758,-461,-3072
-1450,5124,8484,-322,-343,22,-3072
834,3564,5690,179,118,-179,-3072
-206,-4176,11248,-11,136,-15,-3056
252,7386,4834,-868,278,-65,-3072
692,-4556,10452,80,276,-192,-3104
-142,-2608,6142,1,-63,-125,-3088
1088,788,7318,278,473,-269,-3120
-984,2864,8612,-268,131,-179,-3104
674,-1756,9730,1,-213,-199,-3104
2010,3346,4186,-219,318,-371,-3104
-2066,-6030,11708,55,259,-83,-3088
-2276,800,7944,65,-648,225,-3104
4412,5124,6770,-232,328,-353,-3104
-5546,-6696,10036,47,-409,74,-3072
3988,3436,7382,-273,-189,-203,-3088
2924,-8706,11896,730,712,-483,-3056
-1874,2238,7944,-371,-301,22,-3104
690,7106,4612,239,121,-219,-3104
-2130,-1636,8324,-28,71,-24,-3088
2370,6904,6842,-918,282,-128,-3088
-1326,-1254,7140,69,155,-179,-3088
26,1102,6954,-257,-284,-116,-3072
1052,666,4772,271,476,-298,-3104
-406,1980,9476,-174,181,-161,-3104
242,-2330,7678,-218,-82,-185,-3088
1536,-442,7612,169,209,-372,-3088
-1282,-3928,8802,-323,240,-192,-3072
-740,-360,9436,149,-555,251,-3072
4968,-846,10096,139,361,-310,-3088
-4590,-1234,8838,-497,-309,-43,-3088
1526,4444,4914,73,-491,-67,-3072
2962,-6582,7822,539,737,-510,-3104
-1362,4780,8624,-340,-72,-51,-3072
714,3598,6070,131,90,-128,-3088
-308,-4290,10990,86,166,-50,-3040
2284,4204,7506,-994,277,-93,-3072
606,-5282,10944,102,161,-161,-3056
216,-2610,6080,-195,-173,-113,-3056
736,1902,6794,251,399,-255,-3072
-624,2450,7436,-116,188,-150,-3072
762,-1282,9314,-234,-81,-195,-3088
1740,3090,4820,165,140,-353,-3088
76,-356,7030,-303,267,-156,-3104
-2510,784,7994,47,-606,263,-3104
4622,3824,7304,145,375,-310,-3104
-5492,-5628,9800,-567,-254,-20,-3088
-1126,4064,4412,32,-466,-67,-3088
3170,-9454,11672,521,770,-516,-3072
-2112,3652,8004,-369,-82,-2,-3104
2352,-2554,11130,590,55,-105,-3088
-2062,-478,7806,-350,-68,-97,-3088
1828,7144,6556,-603,125,-65,-3104
820,-6650,10218,-1,509,-231,-3136
-20,1588,7042,-462,-231,-82,-3088
1068,846,4812,373,290,-226,-3088
-1478,2036,7184,-70,140,-181,-3072
578,1020,7872,-322,51,-179,-3072
1480,-1428,8800,381,133,-306,-3104
-708,-2572,8078,-658,219,-211,-3104
-3518,-1168,7262,203,-505,214,-3088
4592,-2898,10230,529,284,-220,-3088
-3508,150,9114,-573,-226,-61,-3072
344,4176,4350,96,-464,-86,-3072
2554,-7004,11978,442,680,-521,-3088
-1428,5164,7982,-336,-24,-32,-3120
1494,1000,8044,577,56,-130,-3104
-1278,-2478,9394,-381,-82,-111,-3072
-462,7446,4218,-626,138,-44,-3088
790,-7288,11468,51,499,-234,-3120
156,-348,6254,-468,-146,-82,-3104
1912,-2070,7622,326,206,-207,-3072
-728,2304,6540,8,148,-189,-3088
826,-738,9550,-408,70,-199,-3120
1312,-4698,10834,507,165,-296,-3072
1450,1932,6964,-738,290,-245,-3072
-3378,1382,6592,173,-549,257,-3136
5062,-438,9586,604,230,-166,-3088
-56,3584,8472,-903,241,-137,-3056
-1786,488,7286,527,-726,105,-3104
2912,-8206,9296,-39,267,-536,-3136
-2032,4190,4874,-2,234,-129,-3088
2622,-5490,12738,748,259,-73,-3088
-1808,2992,7364,-714,-35,-121,-3104
-54,1446,8280,-200,-167,-4,-3072
456,-4812,7996,-371,398,-247,-3088
-246,1786,7980,-355,59,-58,-3120
2384,-5152,9772,401,322,-199,-3072
-386,1500,8398,-33,102,-201,-3104
-604,1670,6168,-418,-151,-142,-3088
1956,-2540,10566,416,226,-336,-3088
-294,-1050,7066,-727,286,-281,-3072
-3732,-2230,8272,203,-573,250,-3104
3718,-3604,9370,584,150,-194,-3120
-2150,1198,9978,-868,336,-148,-3120
-2434,-6190,12636,516,-660,73,-3104
3088,-2644,6288,-87,191,-511,-3104
-1566,5498,6408,-37,238,-153,-3104
2010,-1078,10340,714,269,-91,-3104
230,6498,8262,-698,-112,-97,-3088
-524,5964,4714,-258,-68,-31,-3088
552,-7188,11142,-216,470,-250,-3088
-1716,2212,6112,-394,-2,-58,-3072
2630,-3762,9056,403,270,-199,-3072
-1196,3122,6106,-72,31,-212,-3088
-1530,2764,6152,-339,-71,-180,-3072
1316,-4896,10200,452,229,-297,-3136
1696,2982,7056,-750,359,-346,-3072
-3928,1030,6336,267,-459,156,-3088
1790,-3354,8174,585,-97,-87,-3088
412,4158,7988,-850,552,-271,-3104
-1868,-1240,8650,695,-516,110,-3104
4058,1962,7008,-500,-19,-473,-3088
-1824,3636,4718,296,237,-250,-3088
2042,-5724,12706,538,165,-31,-3104
1528,7510,7040,-632,218,-144,-3072
208,558,9132,31,-107,0,-3104
244,-4066,7560,-663,173,-240,-3088
-344,1930,7756,-378,16,-59,-3104
1960,-428,5846,396,280,-213,-3104
-442,2454,8236,-63,94,-186,-3088
-798,1182,6358,-351,-96,-158,-3088
2286,-2848,10492,447,301,-275,-3072
2780,4940,6828,-753,361,-287,-3072
-3696,-1864,8286,227,-505,184,-3088
3696,-3772,9220,571,-123,-75,-3120
1494,6962,3696,-840,564,-228,-3072
-2280,-6594,13288,628,-500,154,-3072
2976,-2280,5890,-370,-6,-469,-3072
-1528,5786,6170,257,268,-249,-3056
38,-6212,10088,644,266,-10,-3088
582,6882,8310,-662,167,-115,-3072
-562,5518,4992,69,-72,-19,-3104
988,614,6412,-724,170,-225,-3088
-1782,2498,5656,-255,10,-72,-3088
3008,-4258,9344,418,450,-212,-3056
424,1874,9050,-5,144,-244,-3072
-1508,1922,6860,-295,-193,-127,-3072
1264,-4772,9692,343,213,-264,-3072
1676,4016,7020,-638,457,-369,-3088
-2374,-5788,11750,295,-296,132,-3088
1438,-2856,7982,313,-517,73,-3104
934,4396,7416,-698,561,-329,-3104
-4384,-8610,12348,646,-293,125,-3088
3962,2490,7334,-597,-54,-361,-3088
-1694,3210,4682,511,291,-348,-3072
1580,-5780,12652,587,212,-38,-3072
-684,3668,7900,-594,171,-156,-3088
492,-210,10074,-55,-100,-35,-3088
208,-3496,7064,-591,149,-230,-3104
-350,1904,7526,-288,77,-107,-3104
1910,-5832,9376,428,393,-177,-3120
-78,478,9240,73,181,-266,-3088
-1080,2616,5806,-407,-188,-130,-3104
-74,-3962,7688,421,98,-270,-3104
3074,5164,6194,-612,501,-381,-3088
-3406,-2994,9298,252,-203,93,-3088
-34,-1818,9372,325,-577,115,-3072
2174,7996,3090,-690,489,-298,-3104
-3128,-8858,13684,744,-277,163,-3072
3382,-92,6242,-640,-10,-339,-3056
446,-1274,8656,528,245,-328,-3088
-846,-5178,8860,184,-190,4,-3104
1346,7754,7864,-394,386,-188,-3104
152,-4350,12296,265,130,58,-3088
2004,2324,6476,-989,101,-173,-3056
-2296,1676,5142,-18,-50,-149,-3072
234,-3558,6386,215,208,-143,-3104
734,934,8364,193,431,-232,-3088
-1316,2356,7976,-286,-89,-121,-3120
482,-2062,9292,-15,-175,-202,-3104
2138,3534,4382,-227,376,-349,-3104
-1830,-6388,11810,162,199,-17,-3072
516,-1742,8222,67,-686,200,-3040
1426,6126,5108,-605,498,-316,-3088
-5282,-6722,10594,562,-258,126,-3104
3832,3670,7582,-608,-32,-304,-3072
-952,1272,5770,564,266,-336,-3072
702,-6332,11158,95,-216,-3,-3088
1012,7398,4994,-318,396,-149,-3056
848,-3480,12208,255,194,-16,-3072
744,-466,6094,-1017,78,-190,-3072
-1294,-110,6154,-21,-69,-168,-3088
808,-5688,8034,200,236,-170,-3088
776,116,9716,238,426,-263,-3104
-10,1756,9608,-325,-15,-172,-3072
-36,-3392,8188,141,-185,-171,-3104
2906,5214,4548,-277,374,-402,-3088
-1338,-4714,8852,108,264,-55,-3104
-838,-412,9418,79,-690,200,-3072
2972,8486,3094,-360,349,-348,-3104
-4164,-9588,12972,154,-361,51,-3088
1536,4766,4628,-437,-56,-211,-3088
1914,-5004,11248,728,654,-469,-3104
-1682,-2550,7656,-282,-399,1,-3104
1002,3456,5956,147,144,-165,-3088
-658,-4530,11278,119,165,-12,-3056
2668,4814,6882,-989,258,-111,-3104
474,-5024,10588,72,128,-201,-3072
-218,-1940,6020,-213,-209,-85,-3056
1198,1092,6928,283,439,-270,-3088
-790,3194,6972,-138,212,-162,-3136
438,-3642,7480,42,-152,-220,-3072
1762,2068,5012,-176,310,-363,-3088
-1772,-5772,11024,90,227,-81,-3120
180,-1784,9076,130,-623,238,-3072
4570,3334,7862,-326,355,-323,-3104
-5482,-5242,9558,39,-360,76,-3088
3438,3892,6904,-351,-136,-194,-3088
3124,-8252,11052,673,702,-432,-3104
-1768,3120,8092,-274,-349,-1,-3104
468,6492,4616,73,144,-142,-3072
1080,-3798,12258,212,244,-12,-3072
1780,7460,6436,-1045,267,-98,-3088
-832,-2334,7976,118,60,-154,-3056
716,-4810,7166,-188,-152,-117,-3072
810,1280,4584,281,460,-254,-3104
-178,1474,9218,-153,168,-181,-3088
358,-2200,8278,-177,-149,-192,-3088
1754,-910,8504,122,170,-364,-3072
-1204,-3696,8328,-177,300,-115,-3104
-1120,-246,9462,70,-588,261,-3104
3260,7580,3882,41,363,-305,-3088
-4198,-620,9190,-328,-358,39,-3088
1018,4970,4254,-39,-427,-93,-3072
2420,-6180,11816,624,789,-512,-3104
-1404,5706,8160,-401,-96,-26,-3088
1094,2082,6882,440,35,-141,-3120
-854,-3586,10338,-252,-17,-77,-3104
-280,7630,4336,-789,220,-85,-3104
-2294,764,5232,51,83,-180,-3088
-32,-1440,6260,-108,-170,-117,-3088
986,1574,5942,276,466,-251,-3072
-856,1750,9594,-182,169,-145,-3072
1138,-894,9528,-156,-105,-215,-3088
1490,1710,5448,37,213,-374,-3088
-1672,-5484,10692,-248,224,-143,-3104
-2632,436,7296,145,-562,206,-3072
4634,3018,8404,26,376,-278,-3120
-5422,-4654,9200,-333,-405,24,-3088
-1142,2836,5054,-27,-454,-72,-3104
3178,-8240,10646,587,784,-461,-3072
-1740,3326,8464,-363,-65,3,-3056
614,5984,4612,420,17,-110,-3056
-1954,-364,7802,-135,10,-71,-3088
1592,7198,6198,-799,225,-69,-3104
-496,-2556,8470,107,343,-217,-3104
522,1610,7464,-399,-232,-70,-3056
516,834,4602,315,300,-221,-3088
-4,1914,8818,-68,214,-178,-3056
538,916,7714,-303,46,-167,-3072
1520,-1806,9288,356,103,-318,-3104
-752,-3022,7948,-473,248,-227,-3104
-1564,464,8806,152,-594,255,-3120
4644,-2668,10118,359,384,-247,-3088
-3492,-12,9510,-777,-53,-53,-3104
458,4704,3978,243,-659,40,-3104
3040,-4822,6608,273,543,-536,-3120
-1706,5482,7930,-244,167,-27,-3056
1742,914,8046,663,126,-104,-3072
-218,4902,8074,-555,-156,-55,-3104
-790,6508,4450,-468,34,-55,-3072
1176,-6122,11128,-73,526,-211,-3120
-898,1856,7200,-401,-34,-88,-3072
2094,-1666,7396,335,187,-193,-3072
-792,2720,6508,-6,154,-181,-3136
590,-808,9532,-421,-2,-134,-3088
1654,-4152,10508,475,224,-267,-3120
964,1466,7016,-743,300,-299,-3072
-3312,812,6796,213,-559,254,-3104
2488,-3496,8350,573,61,-109,-3088
-290,2750,9130,-872,413,-218,-3120
-1578,1760,6608,540,-620,144,-3104
3582,1078,6700,-201,89,-495,-3104
-2204,4158,4774,134,223,-185,-3120
2602,-4702,12680,707,294,-35,-3120
1358,8370,7510,-687,90,-90,-3072
68,1790,7710,-32,-152,-10,-3104
322,-5394,8550,-418,319,-269,-3104
-138,2338,7532,-312,32,-86,-3088
2728,-5494,9892,440,385,-222,-3088
-758,1192,8054,39,103,-221,-3072
-404,2158,6602,-397,-146,-158,-3104
350,-4296,8214,410,116,-254,-3120
2892,5636,6296,-736,444,-369,-3088
-3664,-2270,8294,337,-229,76,-3104
268,-1898,8724,368,-429,10,-3072
1806,7354,4180,-690,567,-336,-3088
-2628,-7300,12834,715,-334,140,-3088
3120,-1870,6022,-642,-41,-365,-3088
-288,186,6884,467,244,-284,-3088
18,-6146,10350,329,-31,14,-3104
836,6374,8238,-481,307,-168,-3104
790,-4068,12264,243,76,30,-3088
1122,738,6258,-847,67,-200,-3088
-1894,1894,5994,-144,6,-178,-3104
496,-5128,7540,325,326,-196,-3072
960,494,9230,188,421,-268,-3120
-1756,2894,6834,-381,-168,-137,-3088
142,-3148,8622,204,-104,-253,-3072
2686,4678,4520,-474,482,-420,-3136
-2634,-5028,11478,205,-12,26,-3104
1458,-3144,8008,207,-702,139,-3120
3022,7992,3634,-585,427,-372,-3088
-4426,-9102,12362,468,-267,110,-3104
3992,2370,7468,-552,8,-287,-3072
2262,-5982,11870,696,438,-413,-3088
-1934,-1646,7466,-46,-347,-29,-3088
1208,7938,6232,-94,265,-140,-3104
-804,-4548,10482,307,272,2,-3104
2752,5366,7364,-1107,191,-164,-3088
-2616,400,5028,65,-37,-149,-3088
-84,-1732,6058,-27,-63,-143,-3072
936,1586,6020,260,558,-292,-3104
-752,1328,9822,-186,45,-137,-3120
372,-3494,7398,-111,-162,-195,-3056
1552,1494,5458,-99,264,-365,-3088
-1654,-5326,10638,-56,226,-105,-3104
24,-1276,9066,108,-609,227,-3072
4634,2472,8472,-130,326,-309,-3056
-5426,-4410,9232,-77,-338,45,-3120
3122,3724,6762,-179,-284,-152,-3104
3138,-8500,10642,633,724,-449,-3104
-1746,3834,8496,-326,-247,12,-3088
628,5906,4540,231,31,-150,-3088
-1754,-54,7590,-32,114,-53,-3072
1352,6948,6450,-1006,282,-69,-3088
-318,-2446,8358,83,92,-183,-3088
444,-4548,6696,-212,-189,-133,-3104
792,1228,4294,301,435,-255,-3104
-170,1728,9102,-149,209,-133,-3088
388,-2126,8644,-205,-123,-184,-3088
1800,-1364,8970,179,138,-366,-3104
-2336,-5802,11776,99,225,-63,-3104
-1306,-98,9172,113,-636,234,-3088
3494,7236,4274,-337,341,-323,-3120
-4818,-8540,11748,52,-387,87,-3104
618,4910,4002,-346,-122,-221,-3104
2610,-6844,11978,713,670,-489,-3088
-2188,-420,7554,-292,-369,30,-3088
1422,1594,7630,187,133,-191,-3104
-1482,-3122,9710,82,180,-10,-3072
2714,4946,7482,-979,262,-95,-3136
-2002,186,5574,84,161,-193,-3056
88,-762,6342,-149,-200,-93,-3088
762,1138,5958,278,438,-290,-3072
-564,2094,9274,-153,164,-172,-3104
968,-566,9266,-209,-109,-219,-3120
1470,1002,6036,127,182,-366,-3088
-1442,-5274,10306,-324,261,-177,-3072
-2962,756,7232,139,-596,239,-3104
4830,1530,8868,26,362,-294,-3104
-5284,-3436,9178,-461,-326,-23,-3120
-1396,1942,6050,48,-517,-74,-3104
3044,-8496,10064,555,737,-519,-3104
-1644,4376,8378,-371,-124,-18,-3104
628,4990,5004,503,76,-169,-3088
-1906,552,7708,-256,-39,-69,-3088
1144,7258,5800,-715,169,-78,-3072
32,-2894,8832,76,399,-205,-3072
326,1952,7314,-410,-207,-98,-3088
574,866,4958,257,217,-236,-3088
18,2288,8216,-34,247,-202,-3088
-34,1300,7270,-380,49,-192,-3072
1634,-2030,9660,391,136,-340,-3104
-444,-2478,7582,-519,276,-248,-3104
-1924,960,8548,92,-585,266,-3104
4594,-3446,10166,444,367,-283,-3088
-3100,110,9728,-738,-71,-86,-3088
16,4946,3788,250,-710,31,-3104
2974,-4104,6450,320,573,-554,-3072
-1624,5694,7478,-245,164,-63,-3088
1960,-244,8904,711,183,-106,-3056
96,5560,8188,-639,-176,-87,-3072
-814,6268,4510,-377,-56,-87,-3104
1104,-6568,11030,-154,542,-254,-3088
-188,-56,6896,-407,-48,-65,-3056
2538,-2376,8146,329,235,-217,-3088
-1160,2806,6472,-40,147,-236,-3104
766,-678,9306,-367,-2,-153,-3104
1676,-4368,10186,450,256,-298,-3088
1356,2514,7128,-758,287,-346,-3088
-3616,788,6540,221,-532,222,-3104
1970,-3264,8220,596,55,-85,-3104
126,3466,8190,-844,461,-208,-3120
-1730,-88,8254,579,-587,96,-3088
3878,1660,7234,-335,15,-439,-3072
-1892,3574,4538,151,218,-192,-3104
2206,-5614,12722,640,236,-45,-3120
-1346,2622,7784,-677,53,-113,-3088
468,606,9126,54,-97,28,-3104
142,-4564,7792,-573,262,-217,-3104
-254,2878,7326,-321,34,-91,-3072
2340,-5922,9706,455,359,-180,-3056
-666,1550,8412,4,134,-214,-3088
-668,2102,6374,-385,-193,-160,-3072
276,-4130,7930,382,189,-248,-3072
3030,5674,6406,-653,470,-341,-3088
-3650,-2428,8430,265,-280,112,-3088
-14,-1790,8768,349,-515,60,-3104
2010,8008,3552,-750,573,-309,-3104
-2796,-8268,13534,722,-303,175,-3088
3346,4194,6858,-665,-47,-317,-3104
194,-720,7652,518,237,-324,-3088
-464,-5664,9664,361,-30,-5,-3056
1126,6876,8188,-419,360,-148,-3104
644,-4692,12740,192,64,24,-3072
1450,1738,6204,-917,53,-196,-3088
-2142,1884,5566,-319,55,-89,-3056
2928,-4630,9540,465,381,-215,-3072
-1434,2662,6942,-12,163,-226,-3072
-1652,2318,7344,-355,-227,-156,-3088
1310,-4464,9218,377,211,-301,-3088
1986,4246,7182,-658,470,-376,-3104
-2192,-5400,11530,279,-299,111,-3136
1120,-2820,8056,349,-468,13,-3120
948,4836,6720,-698,530,-315,-3088
-4756,-8390,11774,699,-288,132,-3104
3980,2684,7516,-608,-59,-368,-3104
-1410,2810,4912,500,243,-371,-3088
1546,-6706,12268,369,-48,-46,-3120
1154,7880,5862,-436,343,-167,-3104
966,-1036,10768,291,144,-2,-3072
70,-3120,6886,-942,67,-221,-3072
-2196,66,5476,-83,-76,-123,-3088
2058,-6096,9016,335,358,-203,-3088
-438,1324,9276,156,388,-238,-3104
-540,1472,9838,-300,-169,-169,-3104
166,-3534,7590,109,-86,-240,-3120
2906,5930,5608,-407,429,-358,-3088
-1490,-5092,10212,204,132,-41,-3072
-180,-1024,9238,145,-634,135,-3104
2198,7776,3412,-447,413,-361,-3088
-5378,-3762,9232,283,-329,120,-3104
2768,4284,5952,-468,-81,-249,-3104
904,-2276,9134,661,508,-389,-3104
-1118,-4460,8766,261,-146,12,-3088
1596,7400,7856,-417,379,-164,-3088
278,-3832,12084,202,156,20,-3104
1588,1998,6822,-875,74,-170,-3104
-2076,2066,4966,-111,-32,-143,-3088
2512,-5200,10052,328,286,-146,-3088
918,378,8692,125,323,-213,-3088
-1226,2718,7738,-346,-177,-126,-3088
666,-4500,8582,200,-80,-219,-3072
2182,4320,4056,-484,507,-362,-3072
-2164,-5794,11874,210,69,30,-3088
1034,-2424,8304,226,-634,149,-3088
3886,6218,5300,-530,405,-338,-3072
-5058,-7634,11192,480,-316,137,-3104
4100,2874,7530,-525,-19,-272,-3088
2618,-7272,11952,678,497,-428,-3104
-1974,354,7612,-96,-346,3,-3104
1060,7424,5494,-121,340,-170,-3072
688,-2118,11386,244,214,26,-3088
2590,5490,7218,-1033,158,-139,-3120
-1782,0,5858,56,3,-163,-3072
1562,-5756,8564,31,15,-151,-3072
552,1276,5550,218,435,-254,-3104
-274,1948,9468,-213,96,-195,-3056
-104,-3332,7748,-50,-157,-197,-3088
1546,730,6444,-97,243,-370,-3072
-1410,-5116,9760,41,242,-87,-3104
-514,-294,9254,59,-616,234,-3088
2498,7858,3290,-510,421,-384,-3120
-3500,-9084,13160,418,-311,130,-3072
2460,4186,5596,-535,6,-297,-3104
1168,-2994,9890,646,466,-410,-3088
-1334,-4132,8260,-25,-317,40,-3088
800,4296,5202,-96,301,-177,-3104
4,-4078,11862,236,259,-19,-3104
2024,2850,6954,-1025,114,-125,-3088
368,-3640,9514,29,52,-153,-3072
-14,-3180,6354,-6,-2,-107,-3072
1134,398,7992,238,464,-237,-3104
-1282,2922,8054,-243,173,-152,-3088
336,-2324,9750,-53,-208,-162,-3120
2172,3692,3850,-47,205,-354,-3104
-2018,-6218,12126,28,327,-87,-3104
-2038,680,8526,81,-668,223,-3072
4290,5526,6210,-359,319,-343,-3088
-5472,-6576,10122,86,-366,87,-3072
4032,3266,7752,-366,-56,-232,-3072
2970,-8510,12312,690,680,-454,-3088
-2046,1854,7626,-281,-407,14,-3088
848,7398,4840,201,129,-168,-3104
-2064,-1278,8264,106,138,-36,-3072
2494,6436,7042,-925,285,-93,-3088
-1322,-980,6864,22,191,-160,-3088
-48,952,6852,-240,-283,-80,-3072
1064,810,4860,293,459,-259,-3104
-478,2170,9300,-119,217,-141,-3088
376,-2670,8006,-239,-109,-173,-3088
1662,-428,7764,232,129,-341,-3072
-1134,-3706,8760,-381,239,-146,-3072
-920,-254,9176,162,-493,251,-3088
4904,-1844,10344,227,360,-267,-3120
-4362,-516,8838,-565,-268,-37,-3088
1162,4162,4814,146,-557,-16,-3104
2842,-6176,7590,436,714,-520,-3104
-1350,5184,8324,-280,43,-19,-3088
952,2764,6548,540,29,-114,-3088
-772,3384,7678,-372,-122,-44,-3072
108,7842,4394,-682,210,-60,-3104
618,-5942,11212,1,460,-229,-3088
-370,2664,7370,-463,-134,-66,-3104
1778,-1444,6422,374,283,-231,-3104
-790,2580,7192,-57,143,-166,-3104
990,-1304,9604,-337,44,-177,-3088
1776,-3710,10654,442,198,-288,-3120
424,632,6890,-720,247,-319,-3072
-2806,862,7514,187,-549,204,-3104
3208,-4260,9316,581,215,-142,-3056
-1070,1968,9432,-882,255,-155,-3088
