AcX,AcY,AcZ,GyX,GyY,GyZ,Tmp
5298,3620,3632,-427,468,-398,-3248
-4594,-2896,9130,387,-17,76,-3264
1654,-3604,9874,661,-712,217,-3264
190,6486,6164,-659,614,-441,-3280
-6200,-8216,12764,754,-623,160,-3248
5786,3104,7110,-1095,164,-369,-3264
-2472,4520,5354,378,524,-454,-3264
-2056,-1920,8020,-106,-419,31,-3248
3012,6388,5076,-92,590,-232,-3248
-2052,-852,9536,489,32,17,-3232
1066,5934,6784,-716,-159,-3,-3264
-172,-624,6642,234,274,-270,-3280
-286,-2324,9624,-181,78,-137,-3280
3266,-64,7914,214,498,-381,-3264
-2330,2308,7828,-902,-49,-243,-3264
406,-3030,7980,435,-233,-71,-3248
2286,-2852,7582,-340,741,-468,-3280
-4878,-250,7778,348,-788,422,-3264
4130,-2910,9096,735,128,-149,-3264
-2788,2660,9538,-842,256,-203,-3248
-94,5276,7048,244,-730,98,-3248
5572,-1166,7420,-316,574,-651,-3264
-3818,6478,4836,-427,16,-144,-3232
2916,-6456,10840,746,122,-28,-3216
1976,6342,6464,-416,295,-222,-3232
-2290,3286,6648,23,-223,136,-3216
2446,-5318,9980,-11,318,-137,-3280
-648,3434,6898,-415,100,-184,-3248
-328,-2796,9306,173,-128,-192,-3264
1498,5448,5738,-592,559,-421,-3264
-1128,-5022,9510,-204,-170,-49,-3248
4982,2878,3978,-46,213,-265,-3216
334,-4242,8268,90,455,-209,-3232
-3560,-1110,8054,358,-969,442,-3264
5578,7296,6208,199,605,-345,-3232
-5322,-114,11612,-222,-499,56,-3232
1388,8404,4474,-633,-384,-162,-3232
1904,-7662,11398,586,960,-616,-3232
-2452,-838,7898,-742,-428,75,-3248
3636,-1572,7090,576,298,-213,-3280
-1354,-3814,10326,96,317,-89,-3232
882,5792,7030,-531,-195,143,-3264
2530,-5416,10468,211,323,-221,-3248
-1708,1146,6426,-377,-52,-153,-3248
3088,454,7702,191,165,-251,-3232
838,6844,6158,-860,463,-353,-3264
-660,-5492,9532,164,-317,26,-3248
4882,1718,3926,-341,433,-387,-3248
-5178,-2048,9868,388,-142,140,-3232
3774,-2778,8890,649,-645,105,-3264
3620,9914,4314,-766,572,-408,-3248
-4430,-7620,12920,761,-605,242,-3280
5920,-1066,7982,-1051,252,-451,-3264
296,-2676,9868,281,402,-393,-3264
-1144,-5876,8942,190,-325,46,-3264
2464,7166,5584,-323,554,-257,-3264
-2426,2096,7764,467,-96,124,-3232
1380,3288,6788,-630,-73,-77,-3248
-204,1294,6738,77,345,-263,-3280
-358,-2582,9448,-47,25,-104,-3264
4122,794,8168,48,515,-430,-3264
-3550,8,8260,-756,-94,-188,-3280
1938,-2206,7698,398,-73,-135,-3248
4402,388,5004,-332,765,-446,-3232
-5440,-1058,9438,343,-669,336,-3264
5288,-1972,8610,774,-214,-62,-3248
-4506,1018,10960,-865,411,-246,-3280
-2334,-3922,11988,551,-646,160,-3264
4796,-5364,8258,-550,453,-617,-3264
-4118,6616,5602,-269,30,-198,-3232
294,-8862,10648,644,-6,-20,-3248
930,4940,6680,-439,328,-236,-3216
-1858,5414,5846,195,-222,64,-3248
2420,-5528,10398,-163,295,-148,-3248
12,3662,7132,-337,156,-182,-3216
-534,-2436,8166,215,-120,-207,-3232
1024,6434,6122,-430,530,-406,-3232
-3266,-2388,8742,-368,-149,-78,-3248
3562,44,6990,103,167,-261,-3248
-1210,-3876,7998,-122,568,-332,-3264
-5354,-276,7978,401,-945,415,-3232
6370,180,8596,490,411,-262,-3248
-6278,-1774,12012,-594,-159,-91,-3216
-954,1742,9452,-60,-668,18,-3264
3812,-8670,9366,173,829,-672,-3264
-3582,5552,6966,-682,-209,-24,-3264
3968,564,5972,736,148,-118,-3248
-256,1798,7090,-151,286,-198,-3248
-964,7116,5976,-295,-203,137,-3232
1776,-4590,9472,196,364,-213,-3264
-286,3666,7330,-467,46,-199,-3248
-114,-1516,7040,255,-45,-212,-3248
380,7184,6346,-743,550,-407,-3264
-2054,-4044,9266,-23,-238,-5,-3232
4878,2388,4974,-119,261,-358,-3248
-3388,-3862,8716,133,333,-159,-3248
-4588,-186,7558,435,-972,411,-3232
6384,4870,7150,-41,640,-462,-3232
-6922,-6360,12862,-38,-515,66,-3216
4848,6442,5552,-750,-294,-168,-3248
2552,-10402,11242,590,955,-625,-3264
-2738,2610,7754,-288,-536,90,-3264
3874,4478,4732,128,553,-265,-3248
-1972,-2618,10910,429,121,27,-3248
662,6744,6732,-741,-210,82,-3232
334,-1344,7116,290,327,-255,-3232
-1022,-2308,9258,-251,16,-92,-3216
2108,-218,7240,277,426,-321,-3232
-1048,4668,7600,-957,140,-260,-3264
-238,-4350,8194,378,-306,-13,-3264
3440,-1956,6900,-394,745,-469,-3232
-4930,-3038,9672,349,-371,263,-3232
2584,-2562,9152,716,-529,134,-3248
-1214,5074,7114,-768,516,-356,-3280
-5494,-8032,12622,726,-602,239,-3232
5970,1530,7624,-881,323,-511,-3232
-3230,5210,4884,145,263,-310,-3248
-1592,-4220,8450,199,-256,24,-3232
2748,6944,5242,-288,511,-250,-3232
-2194,424,8620,425,-112,155,-3232
2040,-3988,8794,-536,-1,-51,-3216
-338,208,6822,41,313,-233,-3248
-236,-2512,9952,-29,17,-109,-3264
2046,3996,6434,-25,466,-408,-3264
-2896,126,8292,-599,-164,-126,-3232
1484,-2420,7732,296,-23,-202,-3248
1408,-2636,7702,-273,715,-412,-3216
-5420,-2320,9676,430,-712,391,-3232
4720,-2348,8726,700,41,-133,-3264
-3798,1786,10378,-569,-163,-95,-3280
334,6608,6000,-61,-683,-2,-3232
2516,-9802,11316,147,815,-705,-3296
-3850,6474,5520,-634,-95,-76,-3248
3302,-4450,9418,765,151,-102,-3248
-1170,-1842,8548,-253,239,-207,-3232
-2154,5026,5768,-205,-160,111,-3232
2538,-5502,10398,168,360,-180,-3264
-1142,2568,6488,-437,19,-200,-3248
-544,-2724,8648,213,-63,-199,-3264
1062,7058,5580,-741,516,-413,-3264
-616,-5438,9678,-8,-172,15,-3264
4896,2592,3618,-178,272,-327,-3248
-872,-4252,8146,202,303,-164,-3248
-2804,-1840,8676,436,-942,410,-3264
4744,8194,5520,-62,633,-439,-3264
-6180,-1984,12198,-56,-529,75,-3280
2606,8466,4398,-756,-317,-182,-3248
1292,-4740,10464,543,961,-612,-3232
-3558,5942,6926,-680,-449,81,-3232
4032,818,5690,438,389,-245,-3232
-1534,-3980,10744,266,255,-70,-3200
1040,4130,6902,-618,-202,125,-3248
1848,-3572,9232,287,262,-280,-3248
-1708,-682,7378,-319,-50,-158,-3232
4086,506,8156,247,328,-291,-3264
294,7004,6442,-967,363,-335,-3248
-388,-5010,8986,375,-282,-31,-3248
4496,-352,5016,-433,749,-420,-3232
-5596,-1418,9486,397,-422,275,-3264
5030,-2266,8832,756,-453,110,-3248
1574,8380,5140,-903,486,-330,-3248
-2648,-3810,11748,746,-636,194,-3232
5084,-4930,8334,-876,399,-566,-3264
-1416,2810,6792,66,273,-369,-3216
248,-8686,10526,397,-152,25,-3248
888,5262,6660,-337,521,-247,-3232
-1950,-2542,10918,391,-191,139,-3232
1576,-586,7206,-478,8,-48,-3280
-174,3448,7248,-46,328,-243,-3248
-856,-1734,9024,-15,-6,-151,-3264
3774,1856,7836,-113,541,-468,-3232
-3346,-3296,8794,-647,-173,-168,-3280
3716,958,6412,260,-20,-198,-3248
3068,-1694,6806,-255,758,-419,-3232
-5376,-284,8188,360,-786,408,-3232
6524,634,8498,738,3,-139,-3248
-1532,4054,7974,-790,216,-231,-3248
-716,2684,9056,186,-721,97,-3248
3466,-9598,9544,-253,555,-648,-3264
-3486,5394,5006,-472,-1,-178,-3264
2184,-8050,11450,762,116,-53,-3280
-806,1566,6974,-397,246,-201,-3280
-2268,1572,7826,119,-249,117,-3232
2298,-4560,9110,-57,364,-156,-3232
-344,3698,7466,-290,198,-200,-3248
166,-818,6630,224,-52,-229,-3264
242,6516,6814,-763,554,-391,-3264
-1864,-4464,9292,12,-224,23,-3264
4844,2752,4752,-256,312,-355,-3264
-3780,-3974,8636,230,259,-96,-3248
442,-2994,9958,497,-904,361,-3248
6282,4372,7646,-91,633,-359,-3232
-6652,-6312,12474,156,-593,125,-3264
4992,5572,5722,-771,-268,-160,-3248
2248,-9066,10882,584,902,-574,-3280
-2530,1174,7974,-558,-469,88,-3248
3722,4722,4526,448,393,-229,-3264
-1366,-2510,9162,272,234,-22,-3264
612,6664,6696,-605,-216,135,-3248
368,-1326,7114,213,257,-204,-3248
-1488,2298,6740,-288,-40,-139,-3232
2010,-304,7402,191,342,-289,-3264
-1162,4744,7512,-945,366,-335,-3248
-878,-5728,9880,280,-318,14,-3296
5092,2480,3636,-447,502,-375,-3264
-4950,-2652,9402,436,1,73,-3264
2808,-3478,9722,493,-801,280,-3280
4830,9522,4868,-621,601,-448,-3248
-5356,-8660,13298,705,-658,208,-3248
5798,1946,7000,-1137,144,-339,-3264
966,-5332,10404,479,568,-448,-3232
-1802,-3722,8504,-203,-487,88,-3248
3102,7000,5386,-52,583,-260,-3248
-2438,292,8606,468,-218,82,-3232
2460,-3506,8574,-582,-26,-43,-3280
-392,502,6460,16,394,-223,-3216
-206,-2758,10114,-8,8,-132,-3248
2546,3010,6642,51,554,-458,-3264
-3158,1914,7698,-738,-193,-159,-3232
1088,-3120,7948,437,-17,-187,-3216
2032,-3634,8388,-276,766,-446,-3280
-5310,-1360,9946,325,-735,374,-3296
4488,-2226,8454,747,-33,-97,-3264
-3498,2786,9930,-872,361,-257,-3248
-3296,-5980,12552,510,-661,199,-3264
5408,-2936,8020,-378,559,-635,-3248
-4142,7022,4948,-432,-25,-176,-3248
3288,-5532,10248,768,129,-107,-3280
1522,6548,6182,-439,259,-223,-3232
-1928,3514,6640,116,-201,99,-3264
2608,-5552,10290,-166,361,-143,-3280
-1210,3948,6198,-347,156,-193,-3280
-362,-2476,8876,163,-122,-166,-3264
1308,5604,5890,-437,561,-440,-3232
-946,-5102,9944,-270,-223,-58,-3264
2954,-1002,7802,74,174,-278,-3248
-62,-3864,8000,164,319,-84,-3232
-3514,-444,7998,413,-927,389,-3264
5564,6950,6400,93,674,-428,-3280
-6352,-7560,12658,-52,-561,96,-3248
1496,8382,4518,-623,-393,-130,-3232
1760,-7834,11136,550,943,-632,-3264
-1946,-1210,8200,-701,-351,69,-3248
3956,-1270,7474,542,290,-162,-3280
-1444,-3968,10304,112,278,-91,-3232
782,5854,7064,-582,-168,101,-3232
2134,-5598,10404,272,303,-237,-3232
-1656,1218,6492,-374,-75,-176,-3280
3202,678,7486,215,258,-264,-3216
830,7028,6126,-857,448,-320,-3232
-308,-5038,9306,218,-358,32,-3264
4796,1610,3962,-354,460,-382,-3248
-2318,-4768,8566,332,175,-12,-3232
-1408,-2970,9734,487,-817,332,-3264
3366,9576,4330,-508,617,-449,-3232
-4178,-7966,13126,498,-623,180,-3248
3746,8140,4542,-1070,49,-302,-3248
116,-2144,9472,575,746,-501,-3264
-1012,-6678,9220,-303,-540,76,-3264
3978,2680,4650,179,556,-295,-3248
-1488,-3686,11410,406,178,1,-3248
1130,2580,6784,-752,-198,60,-3264
848,-2982,8388,243,300,-271,-3264
-1474,-1822,7986,-199,61,-85,-3232
4532,1002,8448,239,504,-383,-3264
-3714,-572,7894,-995,16,-290,-3280
-416,-4776,8156,503,-278,-78,-3248
4216,-1364,6016,-399,773,-472,-3264
-5578,-1094,9248,348,-395,271,-3264
1432,-3452,10124,767,-441,64,-3232
270,7368,5450,-836,507,-356,-3248
-1732,-1940,11302,713,-610,234,-3280
5542,3934,6672,-924,361,-542,-3232
-2156,4426,5846,38,201,-306,-3296
1022,-9088,11046,347,-199,9,-3248
3188,6528,4430,-334,492,-255,-3232
-1792,-1708,10204,446,-138,87,-3264
1712,-2010,7676,-509,48,-76,-3264
-102,4196,7380,-23,353,-253,-3216
-268,-2174,9698,9,-42,-143,-3248
3120,2610,7000,25,516,-437,-3232
-2930,-4036,9312,-658,-196,-180,-3264
448,-3254,7710,386,-12,-171,-3248
2552,-2794,7828,-230,701,-394,-3216
-5066,-122,7700,367,-781,354,-3232
3730,-2532,8918,701,77,-179,-3232
-2510,3208,8880,-809,291,-262,-3248
-226,4312,8064,316,-667,106,-3248
5806,-566,7742,-419,508,-651,-3232
-3824,5730,4814,-375,41,-178,-3232
2782,-6410,10846,716,66,-18,-3248
-1056,-140,7850,-402,260,-217,-3248
-2060,3268,7016,73,-206,84,-3216
2130,-5596,9856,-154,296,-155,-3264
-560,4080,6636,-359,161,-223,-3264
-352,-2702,9472,210,-76,-180,-3248
1500,5550,5874,-499,530,-456,-3248
-1098,-5564,9830,-305,-198,-70,-3200
2194,-1126,7608,33,189,-271,-3232
392,-4412,8288,9,553,-267,-3248
-3784,-976,8064,360,-978,438,-3248
5706,-1496,8812,435,490,-302,-3264
-5320,-170,11530,-487,-277,-43,-3264
1526,8586,4712,-472,-514,-121,-3248
1910,-8404,11160,413,904,-663,-3264
-3958,6594,5952,-700,-331,27,-3264
3884,-1648,7668,682,256,-148,-3248
-1344,-3676,9926,35,238,-136,-3280
-1682,6232,5534,-428,-118,131,-3264
2274,-5050,10234,218,343,-210,-3264
-1488,912,6444,-425,-54,-185,-3248
-352,-2176,7560,216,4,-232,-3264
670,7466,5760,-802,487,-377,-3264
-436,-5644,9668,154,-263,3,-3264
4808,1458,3820,-315,348,-387,-3248
-2594,-4460,8572,325,199,-54,-3248
-1190,-2542,9516,463,-895,360,-3264
3184,9934,4448,-390,661,-458,-3232
-6884,-4998,12746,325,-599,119,-3280
3860,7698,4622,-985,-112,-212,-3280
-64,-668,8740,627,864,-549,-3232
-2998,4112,7464,-481,-501,53,-3264
3886,3682,4506,298,448,-210,-3248
-1702,-3854,11574,342,217,-13,-3248
236,7760,6450,-720,-193,79,-3232
746,-3114,8338,263,244,-275,-3232
-1178,-1282,8182,-297,2,-131,-3264
4374,436,8166,270,411,-327,-3248
-504,6098,7148,-1010,178,-273,-3248
-376,-5002,8616,450,-325,14,-3264
3734,-1146,6096,-471,673,-432,-3232
-4812,-3068,9034,412,-147,195,-3248
1928,-3310,9972,653,-641,148,-3248
-10,6456,6010,-705,550,-421,-3264
-6096,-8102,12614,730,-633,264,-3232
5788,3158,6838,-1062,224,-447,-3216
-2470,4048,5514,318,451,-397,-3216
-2032,-1880,8088,50,-348,106,-3264
3028,6350,5026,-190,559,-212,-3232
-1992,-772,9592,482,28,36,-3248
1612,-2934,8124,-692,-151,15,-3280
-234,-678,6794,112,301,-194,-3248
-294,-2984,9878,-55,43,-149,-3248
2932,3316,6760,86,506,-394,-3264
-2664,-4124,9150,-391,-176,-108,-3264
4396,1966,5728,200,117,-214,-3280
2260,-2398,7518,-126,617,-352,-3248
-5052,54,7640,337,-885,429,-3232
6710,1774,8446,652,345,-274,-3264
-2686,3002,9370,-796,4,-172,-3280
-212,5060,7184,54,-707,64,-3216
2990,-10588,10538,-48,676,-649,-3264
-3902,6702,4652,-540,-43,-135,-3200
2662,-6622,11068,763,121,-78,-3248
-1008,-684,7680,-286,187,-194,-3248
-2526,2958,6836,-99,-191,99,-3232
2610,-5120,9818,63,365,-174,-3232
-714,3548,6880,-420,108,-213,-3216
-396,-2700,9286,193,-156,-161,-3264
1566,5072,5870,-536,590,-478,-3264
-1258,-4818,9454,-145,-188,-47,-3264
5118,3202,4010,-22,224,-290,-3248
404,-4186,8482,126,388,-186,-3248
-3790,-1178,7888,353,-993,420,-3264
5776,6956,6580,225,636,-381,-3264
-5144,-210,11918,-261,-480,56,-3264
1246,8872,4334,-527,-508,-130,-3248
2044,-8104,11178,542,978,-683,-3248
-4098,7152,5820,-737,-319,32,-3232
3918,-1704,7732,667,263,-197,-3264
-1618,-3934,10098,7,259,-132,-3248
-1856,5938,5794,-409,-177,173,-3264
-68,-620,6472,231,271,-273,-3264
-1814,1292,6362,-309,-7,-150,-3280
2998,6,7812,214,374,-294,-3248
-2150,3738,7394,-942,213,-299,-3248
-636,-5740,9740,370,-374,6,-3264
4934,2002,3664,-432,637,-428,-3264
-5120,-2356,10040,378,-8,106,-3280
3550,-2652,8848,561,-689,195,-3280
3866,9256,4734,-701,592,-429,-3216
-4702,-7626,12784,684,-661,229,-3232
5834,-372,7938,-1018,236,-403,-3232
336,-3162,10114,384,533,-424,-3248
-1176,-5400,8944,3,-394,68,-3248
2474,7056,5480,-139,547,-262,-3232
-1558,-3808,10806,494,49,70,-3232
1568,3540,6842,-763,-148,-30,-3248
-288,772,6832,215,309,-256,-3280
-1420,-1174,7716,-193,75,-143,-3264
3856,724,8142,199,488,-379,-3264
-3238,266,8190,-843,-53,-202,-3264
1822,-2514,7938,425,-219,-74,-3248
4322,580,4876,-378,763,-429,-3216
-5364,-1130,9280,359,-456,238,-3232
5146,-2506,8700,753,-337,-13,-3296
1374,7772,5092,-799,491,-341,-3248
-2604,-4718,12368,681,-627,183,-3248
5018,-4292,7820,-857,374,-558,-3264
-1306,2274,6856,1,172,-302,-3264
3450,-3438,9038,703,91,-21,-3248
1094,5208,6690,-380,253,-204,-3248
-2152,5216,5662,106,-216,145,-3232
2594,-5472,10648,-82,307,-160,-3232
366,3516,7322,-351,182,-206,-3280
-654,-2532,8166,169,-131,-192,-3248
1148,6560,5932,-412,509,-449,-3264
-3362,-2422,8556,-292,-141,-79,-3232
3698,290,7102,114,170,-255,-3248
-1142,-4116,8036,1,510,-245,-3248
-5406,-150,8068,315,-986,414,-3232
6268,228,8336,471,518,-336,-3264
-6224,-2428,12402,-608,-154,-58,-3248
-876,2120,9500,-87,-664,43,-3264
3778,-9172,9470,242,781,-646,-3264
-3586,5594,7058,-679,-197,-21,-3232
4266,714,6126,716,222,-116,-3264
-150,1724,7460,-99,270,-106,-3264
-984,7268,5706,-435,-185,149,-3264
1710,-4038,9562,189,393,-220,-3216
-536,3974,7332,-352,-41,-174,-3232
-120,-1600,6960,193,3,-224,-3232
394,7242,6608,-827,519,-407,-3232
-508,-5236,9020,89,-261,2,-3248
5026,2924,4856,-347,348,-352,-3248
-3726,-3662,8486,287,168,-14,-3216
284,-3790,10228,552,-888,372,-3232
6474,5086,7266,-362,679,-426,-3264
-6974,-6226,12798,285,-642,160,-3248
4842,5846,5536,-966,-109,-256,-3280
2432,-10038,11000,599,906,-562,-3232
-2590,1880,8092,-531,-510,111,-3200
3742,5044,4246,333,426,-231,-3248
-1640,-2410,8854,269,224,-49,-3232
956,7200,6608,-662,-138,82,-3264
110,-1840,7318,283,254,-218,-3232
-846,-2030,9082,-320,-19,-135,-3248
2262,-682,7462,278,401,-319,-3248
-1252,4388,7612,-979,246,-301,-3264
-62,-4056,8128,372,-315,-40,-3232
5022,2312,3932,-429,608,-448,-3280
-5102,-2474,9354,344,-134,160,-3248
2892,-2440,9114,657,-669,224,-3264
4464,7742,5618,-654,599,-394,-3264
-5116,-7772,12744,694,-640,244,-3248
5748,1012,7394,-1019,191,-406,-3248
746,-4072,10176,346,517,-470,-3264
-1382,-4822,8818,-4,-353,34,-3232
2540,6858,5298,-115,508,-264,-3248
-2312,1004,8158,510,26,41,-3248
790,3854,6734,-720,-151,16,-3264
54,694,6710,212,313,-277,-3264
-186,-2202,9642,-102,86,-119,-3232
3842,1506,8074,130,463,-389,-3248
-2996,-278,8310,-811,-58,-223,-3248
1410,-2544,7990,362,-119,-146,-3280
4214,-264,5196,-354,733,-400,-3232
-5566,-1776,9296,420,-610,337,-3264
5218,-2222,8856,780,-83,-70,-3264
-4420,1238,10796,-854,376,-249,-3248
-2446,-4330,12294,482,-702,184,-3248
4972,-4792,7822,-601,403,-623,-3296
-3842,6608,5890,-225,143,-256,-3232
254,-8348,10944,579,-5,-13,-3248
1036,5048,6398,-413,339,-205,-3248
-2148,5160,5580,234,-211,123,-3232
1268,-896,7100,-195,238,-78,-3232
380,3298,7684,-202,292,-218,-3248
-680,-2824,8226,175,-143,-160,-3248
3550,1594,7684,-353,501,-490,-3264
-3106,-3022,8634,-382,-136,-129,-3264
3866,1244,6300,160,123,-209,-3216
3064,-2440,7080,-120,666,-357,-3264
-5168,42,8016,393,-928,434,-3232
6406,1784,8030,516,377,-264,-3232
-6666,-3536,12636,-674,-52,-115,-3248
-482,4292,8206,-165,-678,-28,-3248
3436,-10338,10342,107,779,-695,-3296
-3456,4974,7284,-670,-144,-61,-3264
2542,-7738,11008,777,191,-147,-3232
-924,514,7456,-225,267,-181,-3248
-258,6976,6364,-205,-175,116,-3248
2690,-4642,9348,79,408,-202,-3264
-654,3478,7216,-378,-21,-210,-3232
606,-1210,6960,156,-83,-217,-3248
1708,5560,5702,-677,560,-400,-3264
-1502,-5902,10008,-33,-190,-11,-3232
5154,2930,4162,-191,303,-372,-3264
-4260,-2692,8654,81,304,-134,-3248
-3918,-870,7822,505,-908,357,-3248
6070,6238,6718,-31,622,-396,-3232
-6422,-7178,12558,29,-553,40,-3232
1288,7996,4856,-682,-352,-127,-3248
1970,-8516,11344,560,926,-581,-3280
-2178,-260,8160,-647,-423,38,-3248
3916,-2498,8124,498,327,-189,-3232
-1664,-3106,9484,224,233,-49,-3232
1014,6468,6814,-643,-173,55,-3264
-32,-1042,6918,292,288,-265,-3216
-1490,1734,6530,-368,-51,-137,-3248
2876,-88,7618,287,319,-280,-3264
-1772,2968,8166,-990,333,-367,-3232
-412,-4942,9442,274,-302,7,-3248
4688,1854,3944,-409,520,-406,-3248
-5258,-2616,9764,417,16,63,-3264
-1700,-2146,9078,574,-736,235,-3264
3662,8666,5132,-530,600,-429,-3248
-4288,-7706,12976,622,-622,195,-3248
3504,7240,4948,-1062,123,-329,-3264
344,-2082,9420,449,595,-450,-3232
-1178,-5746,8852,-265,-487,121,-3248
3730,2776,4604,132,542,-252,-3232
-1328,-3908,11472,418,153,47,-3232
1024,2284,6976,-682,-222,30,-3232
52,2070,6476,210,313,-238,-3248
-1360,-1330,7728,-149,69,-111,-3248
3948,1172,8290,161,440,-340,-3264
-3410,-288,7948,-878,24,-205,-3264
-594,-5146,8498,452,-272,-36,-3248
4130,-246,5398,-400,751,-442,-3280
-5550,-538,9094,404,-411,278,-3248
1058,-3168,10116,698,-493,99,-3232
870,8148,4950,-848,520,-348,-3232
-2002,-2862,11696,748,-626,237,-3248
5476,4786,6142,-950,349,-464,-3232
-1898,3014,6614,93,277,-324,-3296
382,-8698,10972,379,-189,-4,-3232
812,5078,6428,-347,491,-217,-3248
-2188,-1190,10110,415,-159,112,-3248
1926,-1292,7412,-489,-24,-56,-3232
46,2770,7914,-1,376,-268,-3264
-654,-2534,9858,-20,-1,-117,-3216
3668,1814,7466,-76,536,-434,-3216
-3352,-2994,8748,-672,-155,-135,-3248
-174,-4508,8212,376,-7,-131,-3232
3304,-2108,7418,-225,762,-371,-3232
-5424,466,7418,320,-790,394,-3216
6588,528,8794,812,69,-201,-3248
-1904,3702,8506,-902,280,-252,-3264
-602,3610,8318,322,-727,132,-3232
3264,-10006,9754,-369,543,-688,-3248
-3808,6516,4524,-417,42,-169,-3248
2654,-7680,11416,761,111,-27,-3248
-1054,884,7230,-395,235,-180,-3264
-2290,1358,7598,126,-246,135,-3264
2540,-4478,9558,-183,369,-171,-3248
-976,3764,7140,-266,88,-212,-3280
-232,-2310,9518,80,-150,-205,-3232
2080,3964,6214,-355,620,-458,-3264
-1772,-4972,9916,-382,-195,-62,-3248
4856,3330,4234,-154,254,-331,-3264
-3840,-3748,8858,199,312,-119,-3264
-4314,-1000,7792,461,-925,450,-3248
6322,4676,7388,30,617,-398,-3248
-6912,-6366,12354,-196,-485,36,-3264
724,6862,5738,-617,-326,-125,-3232
2246,-9002,11092,472,931,-627,-3248
-2504,1238,7650,-663,-439,56,-3280
3566,-3892,8948,614,290,-192,-3232
-1418,-2368,9210,97,223,-34,-3232
892,7336,6542,-653,-141,129,-3232
-8,-2044,7454,287,309,-262,-3248
-1472,2368,6428,-376,-73,-140,-3248
2108,-588,7638,258,225,-242,-3232
-1220,4544,7622,-911,408,-380,-3264
-586,-5336,9852,161,-326,9,-3280
4884,2610,3404,-356,439,-385,-3248
-4726,-3296,9902,351,148,-12,-3264
-2648,-1080,8616,463,-841,324,-3232
4784,8648,5380,-370,628,-436,-3280
-5476,-8236,12856,453,-657,198,-3248
6062,2338,7210,-1044,53,-320,-3248
1158,-5748,10942,512,697,-496,-3248
-1718,-3430,8460,-318,-544,97,-3232
2856,6856,5280,73,514,-223,-3296
-1504,-3804,10734,425,167,18,-3248
1072,4394,6924,-710,-208,45,-3248
-104,468,6402,210,286,-267,-3264
-382,-2478,9932,-46,52,-133,-3248
2524,3374,6506,44,486,-396,-3248
-3142,1512,7798,-828,-144,-186,-3232
1072,-2936,7872,462,-118,-156,-3264
1928,-4428,8612,-291,807,-447,-3248
-5498,-374,9448,281,-680,369,-3248
4866,-2498,8738,806,-192,-93,-3232
-4038,1774,10324,-900,360,-298,-3232
-3070,-5280,12276,453,-688,176,-3232
5292,-4212,8234,-528,477,-626,-3248
-4080,7082,5324,-296,35,-198,-3280
84,-8836,10694,661,19,-38,-3232
1176,6280,6080,-479,325,-237,-3232
-2150,4532,6104,264,-247,113,-3248
1470,314,7030,-325,221,-164,-3232
10,2574,7658,-237,280,-212,-3264
-424,-2444,8304,161,-172,-163,-3232
1154,6818,5740,-270,533,-479,-3280
-3580,-2558,8780,-410,-179,-110,-3248
3746,618,6848,188,128,-217,-3264
-1250,-3770,7874,-118,598,-315,-3232
-5404,-382,8056,372,-937,426,-3248
6276,-14,8472,520,410,-265,-3216
-6344,-2624,12408,-654,-31,-117,-3264
-882,1536,9664,-83,-668,13,-3264
3776,-9224,9366,101,717,-671,-3248
-3456,5524,7038,-683,-132,-55,-3280
2042,-8070,11276,817,194,-111,-3264
-710,1648,7442,-274,191,-176,-3232
-524,7376,5714,-183,-152,101,-3264
1440,-4298,9622,123,394,-196,-3296
-450,4516,7042,-413,-68,-200,-3264
102,-2136,7276,238,100,-262,-3232
150,7190,6510,-801,502,-424,-3248
-288,-4804,8728,47,-232,-6,-3280
4808,2366,4912,-300,379,-371,-3248
-3560,-4060,8804,422,-54,117,-3264
92,-2950,9764,530,-772,276,-3216
1680,7862,5356,-569,641,-434,-3248
-6806,-5980,12636,566,-653,189,-3264
4930,5752,5894,-1076,160,-351,-3232
-1018,1842,7034,445,623,-460,-3280
-56,-8338,10668,-130,-430,104,-3248
3432,5174,4506,20,537,-257,-3264
-1616,-2972,10924,490,92,58,-3264
1130,-96,7252,-772,-211,43,-3248
288,-1776,7298,243,304,-244,-3248
-586,-2038,9118,-183,100,-120,-3248
3764,1796,7792,179,467,-310,-3264
-1096,4082,7746,-917,-39,-225,-3232
-266,-4374,7900,513,-242,-86,-3248
3286,-2348,7284,-395,751,-373,-3248
-5224,-1672,9478,388,-444,261,-3264
3036,-3690,9694,760,-328,3,-3232
-1524,5264,7620,-908,500,-336,-3248
-4842,-8882,13318,744,-636,234,-3264
3666,-10132,9930,-309,595,-656,-3264
-3406,6430,4686,-368,45,-193,-3248
2196,-8052,11214,766,96,-46,-3248
-562,1410,7586,-461,336,-247,-3264
-2474,1570,8272,129,-260,126,-3232
2296,-4746,9036,-160,293,-136,-3280
-354,4118,6874,-294,191,-236,-3280
-400,-2508,9436,194,-153,-179,-3264
2508,4344,6350,-458,543,-458,-3296
-1940,-5722,9774,-243,-176,-53,-3264
5214,3976,3706,24,164,-279,-3248
1006,-4336,8388,94,549,-250,-3248
-4414,492,7488,356,-1023,437,-3248
6256,5958,6882,204,605,-400,-3280
-4544,408,11218,-365,-404,-33,-3232
954,8290,4796,-506,-519,-127,-3264
2196,-9666,11542,564,967,-646,-3264
-2364,846,7774,-775,-315,-2,-3248
3816,-2870,8506,665,254,-231,-3248
-1500,-3316,9320,-23,244,-117,-3232
1060,7432,6818,-528,-83,86,-3232
2436,-5616,10702,204,343,-238,-3248
-1364,2476,6174,-433,-83,-193,-3248
2562,-270,7416,255,97,-201,-3264
614,7492,5488,-899,454,-370,-3264
-540,-5342,9750,139,-299,-4,-3248
4916,2158,3738,-384,412,-424,-3280
-1842,-4448,8472,285,159,-58,-3264
3476,-2490,9198,627,-662,159,-3264
4106,8462,5234,-654,570,-392,-3280
-4412,-8112,12828,722,-599,258,-3280
5808,108,7340,-1064,184,-420,-3264
540,-3058,9652,315,466,-419,-3264
-1326,-5436,9074,16,-379,90,-3216
2122,6626,5942,-175,506,-255,-3248
-1330,-4274,11336,484,49,56,-3264
904,2800,6936,-661,-166,20,-3232
46,1914,6576,165,311,-250,-3248
-1172,-1088,7718,-115,87,-167,-3232
3822,1012,8202,103,462,-386,-3232
-3218,-36,7996,-846,-79,-193,-3264
1774,-1944,7964,440,-168,-107,-3248
4256,-76,5312,-365,776,-412,-3280
-5536,-1230,9248,434,-474,329,-3264
5386,-2724,8806,774,-298,34,-3232
988,8530,4936,-902,494,-383,-3248
-2190,-3710,12174,644,-668,184,-3248
4936,-5828,8092,-855,363,-544,-3232
-1620,2916,6408,-56,186,-301,-3264
330,-8798,10924,584,-37,25,-3264
946,5154,6652,-410,439,-244,-3280
-2148,5402,5744,307,-245,115,-3248
1376,-1504,7574,-289,179,-105,-3248
222,3400,7474,-196,361,-291,-3232
-594,-2176,7932,118,-80,-155,-3232
3724,1614,7578,-171,514,-461,-3248
-3418,-3048,8836,-498,-164,-137,-3248
3928,1524,6212,285,42,-181,-3232
3288,-2628,7440,-102,668,-351,-3264
-5382,730,7780,275,-927,434,-3248
6512,862,8334,661,289,-269,-3248
-1738,4264,7886,-803,139,-180,-3232
-606,3346,8566,81,-702,77,-3232
3372,-10088,9946,78,749,-658,-3232
-3526,5272,7354,-571,-77,-107,-3280
2296,-8242,11436,803,130,-74,-3280
-798,1178,7266,-349,218,-182,-3264
-378,7758,5808,-71,-202,79,-3264
2542,-4390,9078,-21,375,-178,-3280
-552,4056,7148,-411,67,-194,-3248
124,-1524,6768,176,-145,-224,-3232
2328,3418,6330,-525,633,-460,-3264
-2094,-4630,9838,-219,-229,-7,-3248
4908,3098,4540,-37,217,-334,-3248
1390,-3262,8074,-27,463,-263,-3264
-4628,-272,7256,385,-972,413,-3264
6584,3896,7844,360,583,-305,-3248
-7014,-6016,12482,-405,-367,-6,-3248
448,6726,6072,-326,-581,-35,-3264
2384,-9882,10862,417,884,-646,-3264
-2446,2066,8128,-710,-231,-20,-3248
3654,-4588,9714,714,261,-169,-3280
-1338,-2244,8808,-47,213,-140,-3280
560,7848,6276,-414,-136,139,-3264
2350,-5914,10308,216,367,-208,-3264
-1168,2996,6506,-436,-60,-177,-3248
1650,-488,7240,275,112,-223,-3248
1118,6406,5882,-806,519,-412,-3264
-776,-4844,9438,50,-279,-40,-3264
4940,2642,3836,-292,378,-399,-3264
-4622,-3382,9558,271,167,-19,-3264
-2882,-1982,8634,535,-825,330,-3232
5026,8200,5596,-413,617,-426,-3264
-5958,-7878,12648,382,-645,142,-3248
1860,8446,4172,-893,-66,-279,-3200
1560,-6284,11358,540,833,-598,-3232
-2076,-2030,7778,-396,-545,98,-3264
3182,6240,5432,245,454,-281,-3248
-1334,-3854,10666,391,250,-29,-3216
898,4634,7298,-710,-217,79,-3264
-84,636,6012,235,256,-290,-3264
-1776,388,6540,-242,70,-150,-3216
3450,676,8256,197,407,-347,-3248
-2608,1428,8014,-927,177,-310,-3264
-440,-5384,9208,394,-344,-70,-3232
4546,856,4248,-394,608,-403,-3248
-5222,-1344,9872,330,-155,169,-3248
-606,-2872,9876,641,-676,179,-3232
2498,9100,4486,-763,559,-404,-3264
-3528,-6520,12686,766,-628,205,-3264
5632,-2496,8158,-1036,263,-460,-3248
-408,-102,8720,264,358,-419,-3216
-630,-7266,9662,83,-385,84,-3264
2028,6686,5956,-280,549,-249,-3264
-1800,-3026,11002,460,-2,97,-3248
1426,1430,6972,-622,-111,-25,-3248
-68,1972,7116,139,368,-264,-3264
-1286,-2086,8642,-79,45,-110,-3232
4290,1318,8168,130,525,-388,-3248
-3584,-1940,8504,-764,-127,-213,-3248
-350,-4270,8230,374,-154,-108,-3264
3696,-1294,6292,-287,782,-457,-3232
-5456,-994,8806,317,-592,349,-3248
2234,-3384,9606,805,-283,13,-3264
-468,5462,6756,-848,444,-272,-3232
-1344,-90,10414,540,-674,227,-3264
4108,-8432,8940,-640,396,-579,-3280
-2840,5550,5064,-229,75,-225,-3248
1586,-8884,11318,631,0,-32,-3248
-172,2240,7208,-434,333,-211,-3248
-2188,-406,9208,266,-239,155,-3232
1908,-4800,10190,106,418,-170,-3264
-220,4150,7470,-411,29,-187,-3248
-172,-2074,7304,237,-66,-214,-3248
372,7524,6224,-714,545,-413,-3264
-2354,-4184,9188,-48,-178,-57,-3264
4630,2014,5528,-121,254,-335,-3248
-3042,-3656,8070,106,330,-145,-3248
-4860,-1068,7814,510,-945,371,-3264
6524,3634,7880,25,616,-394,-3264
-6926,-4920,12330,-218,-483,46,-3248
4488,5918,5668,-583,-356,-133,-3248
2864,-9668,10788,487,925,-615,-3216
-2896,2674,7812,-648,-374,23,-3264
3652,3930,4630,504,307,-211,-3264
-928,-1646,8362,135,293,-117,-3248
130,7228,6602,-576,-146,109,-3248
552,-1798,7388,245,303,-227,-3264
-1008,3516,6216,-324,-62,-177,-3264
1320,-476,7312,214,190,-245,-3248
-436,4206,7768,-879,389,-381,-3248
-674,-5550,9826,164,-276,-22,-3232
4832,2558,3692,-367,453,-394,-3264
-4756,-3338,9500,325,116,2,-3248
-3210,-972,8462,529,-881,316,-3264
5104,7946,5732,-433,618,-463,-3232
-5696,-8228,13058,557,-653,171,-3264
5988,2948,6968,-1030,-8,-317,-3248
1558,-6254,11060,546,736,-503,-3280
-2088,-2390,8188,116,-332,67,-3232
3172,6248,5328,-263,571,-201,-3264
-2420,522,8910,444,-18,81,-3248
812,4692,7084,-592,-184,24,-3264
36,322,6402,95,359,-229,-3264
-578,-2272,9694,-33,11,-100,-3264
2776,3350,6752,88,497,-430,-3280
-2648,1406,8136,-785,-111,-216,-3248
838,-3378,8042,388,-54,-124,-3248
1944,-3368,8000,-215,735,-383,-3248
-4812,-394,7690,339,-806,395,-3280
4740,-1948,8668,710,126,-179,-3248
-3718,1888,10338,-838,202,-193,-3296
406,7372,5804,210,-742,101,-3264
5282,-3858,7990,-267,590,-650,-3248
-4186,6886,5288,-471,-11,-149,-3280
3584,-4848,9498,736,115,-6,-3232
1434,5914,6396,-373,247,-175,-3264
-2236,4260,6080,106,-250,145,-3248
2794,-5120,10348,-85,384,-125,-3248
8,2662,7340,-275,165,-197,-3264
-284,-2684,8636,136,-131,-154,-3232
852,7094,5358,-481,506,-445,-3280
-3470,-2700,8550,-316,-149,-54,-3264
3506,250,7152,36,206,-225,-3232
-1044,-3164,7646,-36,444,-223,-3264
-2692,-1376,8420,427,-992,488,-3248
6296,-174,8338,353,551,-326,-3280
-6008,-1736,12310,28,-590,55,-3296
2316,7894,4264,-789,-211,-211,-3264
1204,-4836,10614,520,930,-578,-3216
-3524,5608,6994,-621,-394,28,-3264
3872,202,6200,449,329,-209,-3232
-1570,-3946,10680,231,234,-19,-3264
1186,4760,7010,-616,-142,90,-3216
1796,-4528,9910,294,265,-288,-3248
-1524,546,6842,-384,-41,-145,-3264
3580,238,8106,242,311,-308,-3264
246,6836,6216,-936,399,-367,-3248
-320,-4718,8962,230,-317,-22,-3248
4188,786,4468,-332,490,-412,-3232
-3322,-4530,8808,384,7,50,-3232
-290,-2738,9752,558,-826,263,-3248
2170,8272,4816,-523,587,-452,-3248
-6892,-4972,12086,498,-623,194,-3232
4656,6296,5822,-1054,171,-396,-3248
-826,554,7756,389,509,-476,-3280
-370,-7590,10054,-124,-399,56,-3264
3796,4126,4378,-91,601,-267,-3264
-1562,-2398,11088,448,-5,50,-3264
1198,172,7092,-596,-139,-5,-3264
166,2492,7278,58,364,-312,-3264
-1074,-2314,9012,-55,56,-143,-3248
3960,1180,8046,62,461,-406,-3248
-3654,-1438,8238,-787,-99,-196,-3280
-496,-4956,8366,449,-149,-127,-3264
3858,-1612,6504,-275,785,-425,-3264
-5524,10,8518,335,-590,353,-3280
2218,-3118,9850,773,-299,-56,-3232
-618,6454,6378,-945,435,-325,-3264
-1278,512,10248,550,-698,166,-3232
4046,-8486,9168,-696,476,-615,-3248
-2990,5592,5180,-190,74,-258,-3248
1576,-8816,11216,572,-79,-4,-3232
-42,3130,6982,-439,421,-226,-3264
-2288,-210,9224,315,-246,93,-3248
2360,-2754,7968,-338,197,-159,-3280
-358,3354,7690,-137,332,-226,-3232
-420,-2434,9866,78,-96,-120,-3264
3126,2148,6962,-92,574,-461,-3248
-2944,-3744,9344,-524,-190,-115,-3248
812,-3654,8262,333,56,-236,-3264
2330,-2912,7952,-207,679,-400,-3232
-5124,474,7180,313,-909,417,-3248
6856,2152,8302,697,257,-186,-3216
-2808,3018,9378,-776,166,-165,-3232
-38,5006,7472,164,-695,81,-3232
2786,-10232,10192,-27,688,-667,-3232
-4144,6782,4514,-526,-64,-123,-3248
3152,-6730,10986,796,160,-126,-3248
-1488,-222,7784,-377,179,-202,-3296
-2142,2514,7096,4,-225,160,-3232
2452,-5366,9766,-70,380,-154,-3248
-954,4304,6792,-407,48,-193,-3280
950,-1306,6890,243,168,-223,-3248
-418,6090,7352,-942,294,-298,-3264
-286,-4674,8280,337,-344,-3,-3232
4148,-500,5654,-405,556,-446,-3248
-4002,-3486,9002,394,-66,98,-3248
1288,-2626,9596,570,-746,235,-3232
414,6964,5678,-567,630,-418,-3232
-6618,-7406,12630,581,-621,188,-3248
5396,4364,6440,-1033,161,-379,-3248
-2064,2888,6302,369,498,-454,-3248
-2388,-320,7884,-81,-457,39,-3264
3464,5590,4954,-124,543,-259,-3232
-1754,-1094,9830,455,51,31,-3248
772,6682,6524,-695,-169,32,-3264
24,-704,6750,143,313,-296,-3232
-552,-3284,10056,-108,109,-145,-3264
3370,2036,7172,150,465,-379,-3248
-1820,3642,7552,-894,-25,-266,-3248
52,-3948,8002,486,-267,-94,-3264
3256,-2342,7558,-420,749,-482,-3232
-4994,-2598,9858,428,-390,268,-3280
3256,-3666,9318,746,-401,43,-3248
-1924,4792,7872,-866,548,-387,-3232
-4882,-8408,13102,753,-643,203,-3264
6014,646,7536,-979,352,-524,-3248
-3528,6550,4422,68,180,-338,-3248
-1296,-5304,8850,351,-185,13,-3264
2720,7372,5538,-393,502,-235,-3232
-2510,1164,7962,404,-188,109,-3232
2512,-4432,9096,-508,51,-77,-3248
-126,874,6698,-65,361,-247,-3248
-376,-2566,9746,28,-37,-166,-3264
2236,4318,6158,-102,542,-478,-3296
-3360,304,8004,-656,-178,-160,-3248
1856,-2168,7968,304,15,-188,-3248
974,-4336,8352,-202,780,-375,-3232
-5612,-464,9180,277,-840,431,-3264
5388,-1650,8580,624,332,-249,-3280
-4796,612,11108,-671,-59,-122,-3248
1026,8328,4934,-150,-707,46,-3216
4822,-5600,8208,115,752,-656,-3232
-3960,6796,6010,-686,-183,-62,-3232
3820,-3140,8178,814,172,-124,-3248
582,5056,6508,-343,221,-169,-3232
-1608,5600,5758,-70,-163,96,-3264
2302,-5492,10714,46,410,-215,-3232
-1606,2196,6004,-362,9,-203,-3248
-346,-2520,7694,190,-53,-215,-3248
720,7660,5822,-688,513,-458,-3232
-348,-5564,9580,-49,-187,-22,-3264
4242,1228,6434,-155,241,-307,-3248
-2090,-3644,7864,161,325,-163,-3216
-1912,-1848,9126,430,-943,399,-3232
6420,1062,8450,48,633,-429,-3296
-6582,-3130,12286,-193,-485,23,-3248
3256,7572,4482,-627,-387,-164,-3248
3302,-9838,9690,481,924,-641,-3264
-3000,4582,7446,-646,-356,54,-3232
3572,2278,5060,513,303,-193,-3264
-1290,-3974,11096,124,205,-117,-3248
-284,7796,5788,-633,-116,91,-3248
1046,-3636,8984,266,308,-224,-3264
-1148,-1092,7666,-378,-61,-178,-3264
580,-1656,7192,250,211,-274,-3280
-82,6794,6560,-921,370,-312,-3248
-390,-4784,8714,203,-261,-2,-3264
4982,2854,4422,-389,481,-423,-3264
-4106,-3892,9160,340,73,34,-3280
782,-3348,9686,531,-815,296,-3248
5908,6166,6538,-431,658,-452,-3264
-6446,-6908,12816,533,-631,167,-3264
5392,4896,6212,-1016,0,-244,-3248
2174,-9052,11364,556,807,-544,-3232
-2412,104,7952,-363,-475,62,-3232
3466,6084,4434,95,495,-232,-3264
-1814,-1530,10266,418,215,-4,-3280
714,6454,6986,-727,-221,94,-3248
146,-1018,6702,228,276,-275,-3280
-716,-2450,9694,-183,87,-114,-3248
2598,222,7542,222,455,-322,-3264
-1738,3160,7976,-964,8,-234,-3264
-96,-4104,7976,510,-295,-87,-3248
2890,-3110,7804,-357,766,-434,-3264
-5368,-1136,9452,369,-566,320,-3232
6522,1512,8322,752,151,-161,-3248
-2322,3716,8710,-813,131,-147,-3248
-278,5118,7834,199,-711,147,-3264
3188,-10584,10080,-115,628,-650,-3264
-3910,7176,4386,-477,-24,-150,-3248
2872,-7224,10818,821,121,-30,-3248
-960,34,8030,-393,289,-193,-3264
-2360,2438,7640,3,-225,135,-3264
2466,-4970,9504,-109,363,-139,-3248
-658,3660,6940,-344,91,-172,-3216
-346,-2440,9112,167,-116,-214,-3264
1810,5614,5960,-526,553,-451,-3232
-1502,-5860,9844,-246,-210,-31,-3248
2184,-1180,7494,31,184,-287,-3264
374,-4026,8510,9,506,-246,-3264
-3836,-682,7996,395,-974,454,-3264
5784,7084,6322,318,533,-336,-3280
-5288,-456,11488,-380,-367,-13,-3248
1536,8532,4484,-365,-566,-56,-3264
1818,-8034,11120,416,878,-649,-3232
-3916,6672,5972,-735,-228,-44,-3248
3708,-1656,7680,707,236,-152,-3216
-1468,-3722,9866,-11,223,-74,-3280
-1474,5832,5658,-417,-99,128,-3264
2356,-5216,10604,255,314,-217,-3232
-1540,1674,6298,-479,-69,-203,-3248
-450,-2544,7854,257,48,-259,-3232
556,7378,5860,-863,547,-383,-3232
-238,-5072,9372,329,-332,20,-3248
4610,1342,4196,-422,554,-428,-3248
-5282,-1618,9466,380,-125,103,-3280
3752,-2464,9028,598,-669,152,-3248
3486,8746,4922,-695,576,-444,-3248
-4004,-7640,13134,709,-597,232,-3296
5588,-612,7116,-1040,212,-442,-3232
144,-2340,9000,368,518,-447,-3248
-1096,-5936,9384,81,-302,51,-3216
2144,6752,6044,-147,537,-257,-3200
-1268,-3796,11316,502,-15,16,-3232
890,2202,6916,-640,-95,-25,-3232
244,2222,6646,136,324,-231,-3248
-1272,-1590,8096,-103,93,-113,-3232
4058,1104,8052,103,463,-415,-3264
-3462,-224,7912,-838,-65,-239,-3264
1986,-1508,7822,467,-185,-127,-3248
4208,-392,5514,-323,744,-464,-3248
-5594,-462,8930,370,-530,318,-3296
5730,-2602,8928,823,-232,-23,-3264
724,8234,5080,-926,469,-281,-3248
-2028,-2722,11584,615,-648,215,-3248
4670,-6996,8574,-770,414,-581,-3264
-1964,3894,6024,-134,134,-251,-3264
506,-9420,11206,557,-87,24,-3248
746,5026,6526,-462,416,-245,-3248
-1964,-1654,10374,377,-228,145,-3264
1822,-1538,7520,-346,155,-35,-3232
28,3376,7632,-361,137,-228,-3248
-540,-2164,7658,173,-140,-188,-3248
948,7004,6096,-476,587,-457,-3264
-3276,-3258,9004,-217,-202,-31,-3232
4254,1284,6292,20,212,-269,-3280
-2092,-3938,8058,38,434,-224,-3216
-5450,132,7774,397,-948,388,-3232
6598,1192,8470,245,590,-352,-3264
-6596,-2736,12098,-471,-284,-32,-3248
-578,3910,8436,-262,-634,-60,-3264
3342,-9428,9638,366,888,-675,-3264
-3322,4898,7670,-752,-276,6,-3232
3972,1892,5020,706,227,-139,-3264
-932,660,7202,11,250,-114,-3232
-156,8000,6100,-430,-104,79,-3248
1204,-4000,8980,194,319,-257,-3248
-640,4100,7008,-436,-67,-156,-3232
282,-1492,6902,256,107,-262,-3232
76,7306,6850,-791,555,-414,-3216
-1792,-4744,9870,15,-300,7,-3264
4816,2628,4646,-267,289,-397,-3232
-3718,-3778,8722,208,232,-96,-3264
254,-2442,9944,458,-897,396,-3248
6450,4092,7800,-146,621,-419,-3248
-7086,-5968,12228,48,-613,106,-3232
4906,6022,5640,-785,-172,-237,-3232
2428,-9894,11120,559,926,-584,-3248
-2638,1948,7944,-585,-473,43,-3248
3596,4792,4148,31,548,-238,-3264
-1368,-2324,11080,445,132,58,-3232
1002,-706,7332,-754,-208,62,-3248
162,-2280,7394,207,288,-267,-3280
-868,-2880,9450,-192,92,-110,-3232
3744,1842,7532,181,444,-358,-3232
-958,4670,7518,-882,69,-279,-3280
-392,-4268,8124,422,-236,-57,-3248
3680,-1640,6660,-429,695,-429,-3264
-4886,-3202,9588,374,-325,252,-3264
2428,-3450,9666,693,-532,97,-3248
-840,5926,6588,-830,548,-338,-3280
-5716,-8306,12770,813,-634,214,-3264
5904,2326,7284,-1016,347,-475,-3264
-3012,5496,4808,155,248,-328,-3232
1602,-8764,11630,284,-281,83,-3248
3272,6746,5104,-378,534,-272,-3248
-2290,294,9082,439,-83,96,-3264
2098,-3502,8066,-529,-51,-18,-3232
-90,476,6094,59,389,-276,-3280
-464,-3150,10318,24,11,-101,-3248
2750,3168,6592,44,493,-398,-3232
-2358,-4092,9038,-665,-184,-147,-3216
978,-2926,7778,297,57,-157,-3248
2140,-3448,8226,-130,700,-365,-3248
-5020,-774,7436,309,-905,433,-3232
4476,-1846,8306,679,230,-189,-3232
-3640,2168,10118,-789,183,-156,-3280
232,7144,6382,98,-710,117,-3248
5570,-3152,8360,-162,620,-645,-3264
-4070,7190,4624,-564,-69,-114,-3264
3504,-4970,9916,779,121,-56,-3248
1666,6518,6306,-387,289,-192,-3232
-2372,3766,6402,50,-225,156,-3264
2678,-5434,10126,-26,410,-173,-3264
-1266,3512,6536,-364,152,-165,-3248
-318,-2170,8732,213,-137,-161,-3216
966,6808,5666,-585,511,-415,-3232
-806,-5294,9748,-149,-238,-35,-3264
3290,-458,7112,-25,194,-308,-3280
-774,-3456,8112,-15,436,-224,-3248
-2960,-1702,8540,409,-942,436,-3232
6140,-130,8292,230,593,-355,-3264
-6044,-1602,12100,-389,-297,-6,-3248
2288,8548,4274,-427,-539,-49,-3248
4048,-8400,8990,373,897,-662,-3232
-3552,6020,6770,-730,-310,-27,-3232
3910,138,6216,674,200,-174,-3248
-1484,-4018,10586,-2,214,-90,-3280
-994,6800,5820,-514,-115,96,-3216
1830,-4290,9916,246,338,-230,-3264
-1560,330,6770,-440,-52,-169,-3264
-16,-1916,7152,270,93,-268,-3248
484,7460,6178,-884,479,-408,-3248
-246,-4772,8818,48,-235,-5,-3296
4734,2574,5032,-281,388,-379,-3232
-3232,-4226,8680,213,228,-101,-3248
-476,-2862,9624,550,-874,331,-3248
6272,3814,7596,-224,621,-449,-3264
-6892,-6014,12420,329,-609,131,-3232
4826,6070,5916,-874,-136,-266,-3248
-930,786,7374,553,790,-572,-3248
-2840,2050,7520,-417,-506,79,-3280
3728,4550,4540,159,496,-248,-3248
-1510,-2536,10962,400,254,-3,-3280
324,6986,6876,-713,-211,67,-3264
450,-1760,7168,216,250,-240,-3264
-1094,-2150,9304,-206,56,-135,-3248
1592,28,7358,209,368,-350,-3232
-936,4046,7712,-917,138,-317,-3232
-282,-4098,7936,417,-298,-75,-3264
3486,-1804,6722,-422,678,-476,-3248
-5026,-2908,9638,424,-301,215,-3248
2756,-3408,9648,676,-574,118,-3232
-1152,5376,7382,-800,530,-377,-3264
-5242,-8328,13190,770,-597,210,-3248
5956,1616,7222,-1008,298,-524,-3248
-3312,6112,4716,195,374,-394,-3264
-1758,-4030,8558,252,-241,42,-3232
2882,6824,5346,-249,552,-272,-3216
-2632,1038,8312,448,-92,103,-3248
1116,4052,6934,-534,-106,-45,-3264
18,364,6780,-9,365,-283,-3264
-360,-2152,9480,-48,19,-127,-3248
2342,4482,6442,16,535,-407,-3216
-3154,824,8372,-779,-147,-198,-3264
1378,-2594,7652,391,-80,-146,-3232
1300,-3822,8334,-300,785,-425,-3248
-5504,-1066,9522,390,-691,356,-3248
5096,-1764,8702,696,-35,-112,-3216
-4346,1194,10736,-840,302,-277,-3232
-2496,-4366,12058,351,-693,150,-3232
5052,-4950,8256,-412,541,-609,-3248
-4120,7050,5578,-369,46,-205,-3280
194,-8576,10640,668,36,-18,-3264
766,5348,6524,-441,296,-205,-3232
-1964,4808,6018,212,-246,152,-3248
1528,-1048,7428,-247,248,-122,-3232
112,3228,7506,-230,220,-219,-3232
-384,-2308,8224,136,-108,-174,-3264
1022,7034,5514,-446,546,-401,-3264
-3244,-3098,8678,-254,-164,-91,-3232
3772,836,6904,74,191,-256,-3248
-1592,-3900,7976,172,242,-91,-3280
-2256,-1328,8860,448,-911,398,-3264
4382,8568,5252,-98,659,-405,-3264
-6344,-2042,12090,8,-586,48,-3280
2786,7794,4422,-754,-204,-195,-3280
696,-3906,10368,571,901,-583,-3248
-1538,-4280,8308,-555,-485,96,-3248
3782,1422,5102,306,406,-223,-3248
-1196,-4088,11306,283,276,-21,-3264
1012,3534,6768,-699,-223,108,-3264
1588,-4104,9442,273,234,-207,-3248
-1684,-280,7108,-272,13,-142,-3248
3936,874,8360,234,343,-299,-3200
324,6324,6874,-919,259,-301,-3232
-602,-4654,8704,254,-335,9,-3248
4234,332,4742,-414,562,-415,-3248
-3654,-4280,8744,433,-22,107,-3232
242,-3196,10220,602,-721,263,-3264
1686,8062,4768,-575,572,-457,-3248
-6888,-6440,12424,643,-583,163,-3264
5024,6172,5920,-1112,163,-354,-3264
-1256,1856,6784,397,535,-442,-3232
50,-8440,10660,-177,-485,50,-3248
3818,5026,4394,-76,618,-236,-3280
-1874,-2524,10840,442,78,56,-3264
1644,-116,7040,-656,-176,16,-3232
398,-1216,7040,197,301,-301,-3280
-998,-2576,9334,-116,72,-127,-3280
4004,1442,7804,-53,497,-469,-3264
-3510,-2054,8296,-648,-155,-165,-3232
3694,388,6948,402,11,-143,-3248
3732,-2098,7102,-217,785,-409,-3248
-5630,-344,8238,350,-783,399,-3232
6354,-224,8452,725,51,-120,-3232
-1322,5530,7138,-838,200,-199,-3264
-730,2222,9468,174,-706,90,-3232
3688,-8974,9364,-233,612,-667,-3280
-3278,6454,4752,-390,-29,-191,-3264
2150,-8860,11384,764,154,-63,-3232
-536,2144,7236,-391,265,-198,-3264
-704,7088,5724,128,-270,154,-3248
2462,-3436,8458,-124,378,-161,-3280
-616,3958,7282,-321,142,-188,-3232
32,-1932,7246,172,-138,-222,-3264
2474,3052,6768,-424,563,-464,-3216
-2420,-4022,9372,-236,-203,-51,-3248
4858,2348,5120,56,188,-262,-3264
1874,-2494,7678,-59,513,-264,-3232
-4804,-50,7442,399,-958,452,-3264
6470,3314,8156,410,516,-295,-3248
-3504,1916,10200,-564,-194,-65,-3264
198,5900,6652,-240,-621,-16,-3232
2558,-9604,10558,315,899,-673,-3264
-2612,3020,7812,-686,-185,-30,-3248
3260,-5440,10308,742,219,-131,-3248
-1390,-1026,8052,-177,176,-110,-3264
442,7768,6472,-583,-140,92,-3248
424,-2324,7850,250,274,-235,-3248
-1116,3866,6474,-392,-65,-179,-3232
1216,-660,6992,262,307,-292,-3264
-528,5210,7638,-863,422,-327,-3248
-386,-4842,8154,176,-347,-11,-3248
4924,3120,3558,-400,449,-373,-3248
-4468,-3504,9552,369,114,28,-3264
1740,-2574,9432,521,-816,276,-3232
5416,6626,6254,-390,656,-476,-3248
-6124,-8206,12770,497,-611,156,-3280
5892,3384,6644,-986,31,-316,-3232
1752,-7604,11086,520,711,-488,-3296
-2118,-1764,8124,-294,-508,69,-3248
3234,6142,5150,100,513,-297,-3280
-1416,-3482,10286,372,127,13,-3264
926,5154,7010,-719,-192,45,-3264
-98,14,6480,194,318,-276,-3264
-368,-2286,9770,-166,87,-121,-3232
3344,190,8070,248,458,-381,-3216
-2376,2674,7700,-964,-1,-263,-3280
398,-3780,8216,499,-305,-80,-3264
4916,996,4160,-426,760,-476,-3264
-5392,-1752,9682,413,-307,226,-3280
4260,-3264,9112,747,-444,91,-3248
2960,9762,4358,-868,567,-383,-3264
-3714,-6760,12828,763,-626,193,-3232
5490,-2142,8002,-1003,312,-529,-3248
-3982,7090,4666,-354,26,-203,-3248
3294,-5992,10334,673,50,15,-3232
2010,7416,5772,-422,304,-216,-3264
-2394,2878,6838,229,-250,120,-3280
2726,-5582,10074,-165,351,-129,-3216
-162,1394,7382,-248,230,-216,-3264
-384,-2430,8998,163,-127,-156,-3264
1458,5954,5776,-351,521,-447,-3248
-3692,-1354,8468,-429,-213,-65,-3232
2834,-560,7160,146,130,-255,-3232
-74,-4402,8284,-65,563,-271,-3264
-3368,-2158,8710,397,-951,464,-3280
6060,-900,8790,416,466,-266,-3248
-5808,-490,11726,-585,-110,-83,-3232
1878,8634,4494,-244,-630,25,-3264
4220,-7470,8636,174,802,-655,-3216
-3588,6690,6652,-713,-193,-12,-3280
3828,-974,6630,783,146,-127,-3232
-198,3364,6638,-196,218,-125,-3264
-1018,6738,5800,-180,-137,145,-3248
1814,-4838,10342,109,383,-154,-3248
-70,4230,7614,-428,-37,-164,-3264
-298,-2144,7180,204,-5,-221,-3232
538,7792,6052,-765,528,-426,-3248
-186,-5594,9244,8,-175,-24,-3216
4572,2208,5562,-203,255,-335,-3264
-2858,-4022,8372,231,313,-69,-3264
-868,-1986,9520,434,-935,389,-3264
6392,2864,8168,-149,620,-436,-3264
-6988,-4578,12254,192,-612,138,-3232
4470,6736,5344,-810,-219,-190,-3248
2864,-10412,10842,559,972,-624,-3232
-2648,3138,7758,-579,-450,54,-3264
3498,3978,4370,370,388,-216,-3264
-1280,-3382,11088,260,268,-48,-3248
-2,7544,6502,-728,-162,113,-3216
564,-2148,7702,283,231,-231,-3264
-880,-2186,8876,-330,24,-117,-3264
1340,-500,7178,226,308,-285,-3280
-632,4834,7482,-960,282,-328,-3248
-372,-4624,8218,323,-298,-29,-3264
4912,3080,3634,-452,556,-407,-3264
-4904,-2844,9354,435,-60,74,-3248
2208,-3772,9850,587,-721,224,-3248
5078,8490,5492,-622,629,-432,-3264
-5644,-8888,13094,731,-607,219,-3264
6040,2654,7042,-1098,155,-419,-3248
-2920,5290,4864,406,535,-481,-3280
-2074,-2734,8218,-118,-456,50,-3232
3016,6724,5076,-83,561,-274,-3264
-2412,38,9192,476,32,59,-3296
1100,4756,7350,-679,-203,34,-3248
-188,190,6224,169,315,-256,-3248
-304,-2276,9836,-159,43,-123,-3264
3872,378,7888,150,545,-411,-3264
-2826,1650,8172,-916,-72,-255,-3248
880,-3032,7784,489,-194,-118,-3248
4592,172,4506,-373,786,-447,-3232
-5506,-1026,9638,373,-537,327,-3232
4680,-2218,8606,742,-334,12,-3248
2102,9368,4646,-878,484,-328,-3264
-3090,-5320,12368,639,-623,186,-3232
5398,-3718,8386,-721,415,-572,-3232
-4176,7452,4788,-90,145,-296,-3248
-108,-8086,9870,578,-70,-40,-3248
1218,6104,6528,-465,401,-224,-3216
-2126,4064,6190,335,-242,116,-3248
1382,220,7104,-362,183,-148,-3232
78,3224,7216,-183,269,-233,-3232
-258,-2974,8806,80,-74,-207,-3264
924,7118,5544,-282,547,-453,-3248
-3570,-2710,8654,-407,-191,-95,-3248
3372,600,6476,212,93,-256,-3264
-860,-3960,8478,-83,612,-350,-3264
-5212,166,8446,359,-929,426,-3248
6326,10,8210,540,348,-294,-3248
-6154,-2066,12430,-711,-12,-163,-3232
-916,1020,9942,-52,-674,52,-3232
3830,-9146,9306,61,690,-670,-3280
-3562,5752,6826,-629,-102,-121,-3280
1780,-8526,11544,790,188,-82,-3264
-442,2358,7060,-255,217,-160,-3232
-852,7368,5810,-109,-153,115,-3248
1706,-4226,9756,85,378,-228,-3248
-36,4262,7186,-436,47,-194,-3232
-190,-1430,6918,204,-80,-213,-3264
432,6998,6618,-623,567,-430,-3280
-2160,-4524,9542,-123,-174,-14,-3280
4768,3144,4670,-176,265,-309,-3248
-3392,-3830,8794,189,376,-165,-3232
-4576,-194,7620,448,-944,405,-3264
6558,3220,7940,146,615,-383,-3280
-6948,-6278,12446,-141,-528,82,-3280
426,6922,5960,-576,-401,-112,-3264
2620,-10114,11030,558,961,-627,-3296
-2826,2068,7852,-732,-381,49,-3248
3350,-4794,9556,688,242,-137,-3296
-1160,-2316,8846,40,254,-93,-3264
326,7238,6518,-547,-183,107,-3232
530,-1926,7410,215,318,-186,-3248
-1246,2596,6626,-396,-33,-146,-3248
1534,-438,7318,210,139,-246,-3264
-1040,5176,7232,-880,444,-338,-3232
-998,-5754,9808,234,-289,26,-3248
5084,3030,3566,-394,419,-390,-3280
-4966,-2948,9462,381,104,26,-3248
-2976,-1562,8524,459,-861,360,-3232
5046,9252,5210,-504,627,-443,-3232
-5666,-8596,13062,605,-643,187,-3264
6004,2320,7058,-1083,27,-273,-3280
1218,-6110,10994,542,743,-476,-3248
-1870,-3130,8346,-370,-533,78,-3264
3066,6832,5246,111,526,-240,-3232
-1558,-4326,10838,395,153,38,-3248
1310,5222,6906,-743,-229,52,-3280
-346,200,6324,251,259,-274,-3264
-1774,282,6648,-253,75,-111,-3232
3802,378,8230,240,465,-323,-3248
-3080,1906,7752,-936,68,-268,-3280
-458,-5080,9018,402,-345,-10,-3232
4636,1078,4150,-391,721,-440,-3264
-5254,-1328,10030,344,-302,297,-3264
4310,-2042,8170,650,-602,111,-3248
2496,8310,4510,-767,542,-410,-3248
-3618,-6404,12804,722,-601,243,-3232
5528,-2756,7992,-914,305,-476,-3232
-496,-378,8568,227,362,-399,-3280
-558,-7446,9562,248,-286,61,-3216
1786,6582,6190,-266,532,-224,-3264
-1346,-3448,11260,506,-66,60,-3264
1202,1274,6912,-683,-99,-44,-3248
-32,2328,7116,102,335,-251,-3248
-928,-2138,8582,-94,105,-159,-3232
3814,1274,7864,93,466,-391,-3232
-3536,-1374,8444,-796,-95,-213,-3248
2742,-1300,7640,395,-124,-128,-3248
4046,-936,6080,-363,781,-479,-3264
-5494,-892,8692,407,-622,335,-3264
5860,-1828,8764,750,-250,-14,-3248
86,7264,5770,-845,457,-288,-3248
-1688,-2026,11204,639,-648,176,-3264
4412,-6844,8432,-692,425,-597,-3264
-2290,4126,5628,-175,125,-252,-3264
990,-8824,11424,562,-43,-49,-3280
542,4164,6536,-436,306,-243,-3232
-1724,6366,5658,235,-196,79,-3280
1510,-2586,7828,-175,259,-104,-3216
210,3690,7602,-348,228,-204,-3248
-582,-2178,7362,183,-129,-175,-3264
3142,2358,6876,-402,509,-403,-3232
-2838,-3186,8924,-157,-188,-52,-3232
4308,1526,5958,-92,230,-299,-3264
-2292,-4062,8266,120,381,-152,-3232
-1458,-3284,9846,404,-942,408,-3248
6556,2032,8238,85,604,-415,-3248
-7020,-3944,12340,-269,-460,26,-3264
3614,8198,4458,-592,-444,-127,-3232
3280,-10548,10260,544,991,-633,-3248
-3232,4900,7708,-750,-391,24,-3280
3926,2464,4812,690,233,-141,-3232
-968,-144,7738,10,262,-101,-3264
-220,7618,6352,-560,-150,110,-3264
996,-2996,8556,150,304,-196,-3280
-954,3852,6990,-348,-104,-146,-3264
688,-1488,7034,243,195,-236,-3232
-276,6670,7146,-895,442,-375,-3264
-532,-4614,8280,186,-328,8,-3216
5116,3212,3968,-380,431,-429,-3248
-4408,-2910,8780,223,150,-12,-3264
1326,-3134,9882,578,-807,332,-3264
5926,6356,6664,-369,632,-412,-3248
-6600,-7366,12626,599,-658,180,-3264
5446,3728,6752,-1026,211,-424,-3248
-2094,4044,6102,383,588,-498,-3264
-2134,-550,8190,-89,-445,38,-3232
444,4218,6760,-355,488,-232,-3248
-1908,-1632,10244,408,-182,112,-3280
1708,-1674,7584,-506,32,-43,-3264
-180,3848,7440,-45,330,-247,-3264
-542,-2168,9664,11,3,-126,-3248
3186,2462,7048,-86,525,-454,-3248
-2742,-3542,9142,-557,-174,-119,-3216
4264,912,6204,257,57,-196,-3248
2574,-2390,7344,-227,692,-367,-3232
-5222,6,7760,383,-870,441,-3232
6544,1932,8198,627,294,-239,-3264
-2410,2884,9034,-742,139,-153,-3248
-318,4482,7944,-338,-632,-19,-3264
3110,-10112,10036,383,901,-636,-3264
-2916,4230,7736,-694,-208,-61,-3248
3778,3078,4510,652,205,-140,-3280
-860,-118,7524,-72,249,-120,-3232
-158,7662,6266,-455,-118,111,-3264
992,-2856,8518,189,371,-178,-3248
-540,3744,6954,-426,-58,-181,-3248
652,-1054,6842,224,33,-231,-3264
30,5902,7190,-834,494,-400,-3232
-1004,-5026,9560,79,-257,-34,-3264
4954,3090,4148,-277,341,-353,-3248
-4346,-3252,9000,239,187,-71,-3248
-3838,-1776,8288,512,-869,341,-3232
5708,6374,6600,-273,647,-438,-3232
-6298,-8064,12884,279,-627,110,-3248
1392,8284,4766,-850,-217,-239,-3232
2062,-8006,11228,610,873,-594,-3264
-2382,-1024,8192,-494,-496,55,-3264
3326,5890,4854,370,406,-256,-3248
-1436,-3714,10014,309,288,-52,-3248
548,5800,7094,-671,-212,101,-3264
114,-412,6528,272,246,-284,-3232
-1536,610,6664,-300,51,-169,-3248
3202,692,7612,246,342,-333,-3248
-2110,2068,8226,-925,277,-317,-3264
-504,-5198,9378,393,-347,-48,-3232
4746,868,4262,-419,622,-460,-3248
-5348,-1928,9574,394,-109,117,-3248
-1328,-2566,9624,590,-700,218,-3264
3202,9844,4552,-707,579,-431,-3264
-3894,-6900,12686,774,-640,201,-3248
5694,-1956,8144,-969,313,-521,-3248
-4032,7020,4642,95,253,-377,-3248
-824,-6984,9608,249,-232,24,-3264
1930,6384,6140,-303,550,-263,-3232
-2508,3188,6852,422,-114,87,-3248
1438,1916,6778,-461,-33,-84,-3248
-36,2270,6710,-53,351,-209,-3248
-246,-2948,9404,44,-10,-214,-3296
4378,444,8362,-91,565,-471,-3264
-3564,-1578,8696,-693,-177,-153,-3216
2620,-580,7026,341,3,-192,-3248
3670,-1280,6016,-244,750,-409,-3264
-5500,-566,8858,396,-799,409,-3200
5936,-578,8254,710,-7,-143,-3248
-174,6470,6116,-789,307,-275,-3264
-1488,-736,10918,301,-718,124,-3232
4360,-7400,8678,-282,577,-687,-3232
-3852,6724,6332,-392,63,-213,-3248
1190,-8708,11170,740,87,-72,-3280
-2,3686,6694,-435,319,-201,-3264
-1356,6274,5828,120,-217,126,-3296
1874,-3196,8146,-151,295,-156,-3216
8,4188,7412,-319,169,-227,-3248
-378,-1808,7306,168,-124,-161,-3264
2706,3320,6662,-480,515,-460,-3232
-2590,-3704,9060,-363,-150,-99,-3216
4500,1560,5792,74,159,-259,-3216
2494,-2350,7448,-120,559,-283,-3232
-5046,-410,7734,421,-959,428,-3264
6662,2028,8384,432,521,-347,-3232
-6996,-3920,12204,-579,-190,-43,-3248
-180,4952,7236,-245,-632,-18,-3248
2980,-10206,10502,208,838,-707,-3264
-3062,3820,7632,-661,-196,-31,-3232
2922,-6554,10712,745,148,-119,-3248
-1042,-500,7840,-104,238,-154,-3248
-190,7280,6418,-252,-212,161,-3232
2600,-5182,9744,165,411,-174,-3232
-812,3376,6948,-463,-33,-168,-3232
754,-720,6914,185,35,-228,-3232
-176,5944,7278,-818,572,-455,-3232
-1352,-4904,9742,15,-258,-3,-3248
4970,2792,3962,-275,344,-393,-3248
-4214,-3188,9010,242,231,-99,-3232
-3914,-690,7888,474,-885,343,-3232
5968,7488,6350,-204,649,-417,-3248
-6468,-8306,12966,245,-614,127,-3248
1288,8452,4468,-874,-210,-243,-3264
2038,-8232,11532,617,915,-564,-3264
-2508,-188,7812,-588,-562,97,-3232
3646,5844,4898,411,433,-235,-3248
-1730,-3600,10028,285,256,-26,-3216
978,6258,6972,-635,-226,129,-3232
-144,-284,6318,209,272,-233,-3232
-1904,1828,6232,-290,-52,-146,-3248
3036,146,7698,187,390,-339,-3280
-2042,4168,7396,-925,351,-332,-3232
-690,-5814,9796,359,-391,-14,-3232
4914,2322,3458,-430,569,-396,-3248
-5028,-2938,10330,393,4,98,-3248
-1782,-2688,9592,527,-782,291,-3200
3936,8906,4868,-563,578,-460,-3232
-4844,-7436,12686,563,-657,220,-3248
5992,134,7768,-1017,149,-343,-3248
572,-3854,10358,480,663,-486,-3264
-1264,-4946,8694,-186,-480,86,-3264
2392,7008,5434,56,547,-251,-3248
-1700,-4160,11124,473,68,68,-3248
1458,4218,6548,-729,-135,-2,-3248
-228,812,6754,235,316,-268,-3264
-1424,-756,7422,-189,88,-73,-3232
3882,648,8408,214,450,-372,-3216
-3332,540,7802,-935,22,-229,-3248
-534,-4852,8426,413,-293,-58,-3232
4402,866,4596,-380,756,-418,-3232
-5276,-1842,9832,427,-312,206,-3280
4918,-2774,8686,695,-538,56,-3248
1526,8028,4934,-793,533,-330,-3248
-2782,-5204,12402,699,-611,226,-3280
5316,-3718,7920,-911,366,-519,-3264
-1024,1516,7466,45,218,-312,-3264
-18,-8578,10342,370,-175,23,-3280
1226,5632,6458,-366,466,-207,-3248
-1630,-2736,11122,426,-145,63,-3232
1352,-334,7242,-449,26,-70,-3264
46,3044,7166,-53,368,-230,-3248
-724,-2588,9340,6,22,-138,-3296
3646,1596,7664,-59,498,-406,-3264
-3452,-1966,8440,-648,-161,-152,-3264
3436,76,7166,380,-24,-148,-3280
3796,-1926,6948,-212,726,-456,-3248
-5532,356,7974,314,-769,368,-3232
6278,-174,8576,745,63,-110,-3264
-1030,6098,6822,-881,333,-249,-3248
-1090,1282,9868,382,-699,142,-3280
3912,-8474,9160,-303,562,-630,-3248
-3178,5546,4902,-348,29,-201,-3264
1900,-8388,11362,703,45,-63,-3232
-240,2478,7090,-427,327,-242,-3280
-2360,256,8896,172,-259,139,-3296
2358,-3322,8286,-156,341,-170,-3264
-332,3886,7510,-334,233,-196,-3264
-128,-1912,7054,148,-145,-155,-3248
2528,3362,6664,-418,565,-464,-3280
-2412,-4610,9428,-352,-196,-91,-3232
4942,2402,5268,89,178,-266,-3264
1886,-3238,8236,-59,532,-297,-3248
-4884,-256,7472,351,-960,423,-3248
6496,4180,7628,527,464,-321,-3232
-3656,1650,10326,-536,-178,-56,-3264
368,6772,6174,-186,-661,-17,-3248
2498,-10234,11050,316,845,-666,-3248
-4098,6766,5208,-719,-183,-32,-3264
3554,-4890,9510,797,206,-142,-3264
-1664,-1648,8670,-145,216,-101,-3232
554,7280,6734,-321,-144,93,-3264
2616,-5332,10298,156,354,-249,-3264
-1424,3076,6586,-401,-116,-177,-3280
2006,-1030,7460,257,356,-298,-3264
-1040,5668,7126,-967,295,-300,-3264
-236,-4418,8080,314,-343,49,-3232
4998,3174,3414,-423,553,-417,-3248
-4918,-3076,9552,375,-40,124,-3248
2304,-2810,9404,564,-734,298,-3232
4970,7562,5984,-594,577,-452,-3232
-5704,-7750,12550,609,-654,214,-3216
5974,2236,7334,-1034,177,-364,-3248
1400,-5482,10844,432,575,-436,-3264
-1650,-3574,8320,-107,-380,75,-3264
2880,6848,5264,14,526,-255,-3248
-1300,-4050,10670,460,179,79,-3232
882,5340,6658,-738,-167,52,-3264
-172,-68,6708,226,318,-250,-3264
-210,-2570,9966,-220,93,-95,-3248
3530,732,8146,185,452,-334,-3280
-2674,696,8232,-897,18,-295,-3264
988,-2664,7894,417,-203,-86,-3264
4522,558,4562,-395,736,-429,-3248
-5372,-2004,9506,440,-418,293,-3280
4674,-2950,9224,652,-481,83,-3264
2310,9210,4794,-838,531,-318,-3264
-3050,-6346,12868,674,-663,246,-3264
5372,-2710,7602,-916,346,-535,-3280
-714,420,7848,140,273,-390,-3232
-436,-7576,10124,393,-161,2,-3264
1578,6046,6356,-383,472,-204,-3264
-2338,4514,6012,101,-245,117,-3248
2742,-5594,10414,-148,298,-119,-3264
248,2696,7176,-337,195,-243,-3264
-462,-2568,8740,172,-111,-190,-3248
1156,6804,5450,-463,514,-414,-3248
-3684,-1886,8172,-327,-162,-60,-3264
3126,300,6942,82,164,-274,-3232
-744,-4918,8680,89,514,-264,-3264
-3034,-1802,8738,348,-991,438,-3232
6398,-300,8532,240,606,-380,-3264
-6176,-2130,12364,-409,-339,-34,-3312
2628,9224,3898,-494,-502,-106,-3248
3902,-9570,9478,444,923,-614,-3264
-3700,6248,6786,-771,-308,42,-3232
3982,744,5698,748,248,-176,-3248
-528,2336,6992,-134,224,-113,-3232
-978,6890,5976,-388,-145,108,-3232
1690,-4074,9646,161,374,-238,-3264
-1592,166,6882,-413,-69,-186,-3248
94,-1716,7016,236,107,-236,-3248
162,7208,6466,-806,547,-403,-3232
-458,-4928,8958,138,-276,-6,-3264
5062,3342,4594,-321,327,-358,-3248
-3704,-3400,8522,239,197,-57,-3280
238,-3016,10034,490,-899,370,-3264
6576,3904,7692,-277,658,-422,-3232
-6820,-6300,12540,362,-684,163,-3232
4816,5668,5558,-920,-111,-265,-3248
-998,1486,7662,398,556,-465,-3264
-48,-8096,9854,-42,-403,86,-3264
3322,5196,4000,-25,525,-264,-3280
-1582,-2972,11310,464,67,63,-3216
1346,-236,7380,-722,-142,28,-3264
284,-2730,8014,185,274,-231,-3264
-696,-2046,8660,-177,69,-199,-3248
3846,1440,7974,173,533,-395,-3280
-1062,4984,7536,-893,-62,-236,-3232
-122,-4846,8182,441,-192,-103,-3232
3322,-1720,6612,-315,751,-431,-3232
-5324,398,8088,390,-459,309,-3248
2564,-3186,9514,773,-319,4,-3248
-908,5716,6942,-898,512,-402,-3232
-1112,320,10080,686,-660,183,-3264
5948,2348,7010,-887,358,-511,-3248
-3018,5218,4986,1,205,-313,-3216
1682,-8496,11578,555,-51,27,-3248
2732,6412,5582,-380,442,-230,-3200
-2104,640,8646,357,-186,106,-3264
2056,-3778,8624,-354,156,-85,-3232
-20,3830,7408,-162,340,-254,-3280
-220,-3088,10014,99,-44,-162,-3248
2560,3122,6302,-138,488,-435,-3264
-2240,-4214,9440,-504,-111,-149,-3232
814,-3178,8256,298,33,-186,-3248
2118,-3744,8146,-123,693,-352,-3248
-4844,-20,7302,274,-882,421,-3264
6638,3140,8034,436,536,-306,-3248
-7078,-5980,12582,-515,-334,-24,-3248
174,6794,6250,-240,-638,-49,-3296
2706,-10490,10924,371,898,-663,-3232
-2810,2968,7788,-696,-181,18,-3248
3430,-5556,10144,797,215,-136,-3216
-1332,-1564,8634,-101,251,-129,-3248
204,7430,6360,-308,-221,152,-3232
2710,-5390,9846,100,361,-191,-3264
-1250,3284,6604,-403,-38,-186,-3248
1392,-840,7224,197,51,-240,-3216
1552,5540,5980,-718,590,-381,-3232
-1114,-5530,9886,62,-266,37,-3264
5126,3030,3624,-211,271,-338,-3248
-418,-3790,8234,150,322,-117,-3264
-3316,-1134,8086,435,-924,407,-3232
5716,7824,6146,-174,668,-436,-3232
-6356,-7862,12672,-21,-569,80,-3216
1602,8600,4160,-785,-284,-134,-3280
1688,-7720,11180,632,995,-595,-3264
-2034,-1298,8266,-661,-480,88,-3264
4000,-1048,7352,565,327,-207,-3248
-1612,-3892,10096,169,235,-9,-3248
1306,6522,6886,-653,-148,64,-3264
2152,-5222,10326,299,279,-289,-3264
-1570,1054,6374,-392,-30,-115,-3264
3212,48,8002,298,321,-289,-3248
644,7424,6374,-908,392,-350,-3264
518,-3476,7998,404,-310,-82,-3264
4778,2114,3754,-406,714,-486,-3232
-5050,-1986,9916,372,-402,201,-3232
3682,-2480,8586,650,-543,115,-3248
3434,8676,4814,-719,554,-404,-3264
-4428,-7836,12982,722,-578,200,-3264
5938,-312,7726,-923,299,-523,-3264
-3866,6148,4534,197,291,-376,-3280
-1264,-5724,8818,294,-227,53,-3248
2360,6886,5818,-303,512,-286,-3264
-2202,2462,7440,454,-61,82,-3264
1042,2760,6976,-591,-71,-6,-3216
-32,1592,6626,18,342,-305,-3248
-386,-2828,9450,-32,76,-138,-3232
3980,854,7944,68,480,-405,-3264
-3344,196,8010,-815,-125,-199,-3280
1918,-2420,8122,464,-84,-153,-3248
4414,-462,5448,-332,770,-387,-3232
-5450,-968,9358,372,-649,392,-3264
5274,-2434,8462,772,-197,-91,-3248
-4328,900,11354,-926,435,-251,-3248
-2192,-4370,12440,523,-653,174,-3248
4892,-5184,8166,-626,435,-581,-3264
-4170,6582,5364,-227,28,-238,-3264
86,-8866,10580,614,-5,5,-3248
1442,5462,6758,-449,381,-200,-3280
-2340,5418,5722,200,-227,138,-3232
1606,-970,7164,-205,216,-158,-3232
-1452,2196,6274,-420,75,-176,-3216
-534,-2218,7938,238,-133,-182,-3248
1008,6880,5878,-622,585,-392,-3232
-672,-5292,9834,-108,-223,5,-3264
4034,716,6770,-106,226,-325,-3248
-1804,-4122,8128,97,367,-211,-3216
-2204,-2708,9196,407,-959,410,-3232
6500,668,8190,92,626,-372,-3264
-6392,-3084,12700,-199,-412,35,-3216
2730,8718,3830,-616,-497,-91,-3280
3490,-9874,9346,532,953,-652,-3264
-3310,5554,7482,-779,-355,35,-3264
4056,1518,5468,564,321,-220,-3232
-1632,-3918,10768,27,204,-125,-3248
-660,7670,5466,-547,-137,120,-3248
1390,-3604,9414,219,350,-252,-3264
-1648,-1048,7388,-363,-114,-161,-3232
342,-1726,6978,233,254,-278,-3264
-104,7316,6522,-922,424,-341,-3216
-368,-5010,8818,237,-324,-39,-3248
5084,2824,4752,-351,407,-421,-3232
-3906,-3106,8376,275,95,44,-3264
508,-2872,9912,579,-799,282,-3248
6284,4870,7450,-355,643,-478,-3232
-6708,-6264,12486,424,-665,143,-3264
5026,5140,5994,-978,53,-313,-3264
-1336,2228,7136,548,766,-571,-3248
-2370,738,8224,-321,-486,59,-3248
3294,5388,4558,-245,505,-244,-3264
-1712,-2182,10658,482,-17,38,-3264
1352,-802,7408,-671,-136,27,-3280
164,-1396,7094,179,319,-233,-3232
-590,-2810,9670,-75,111,-133,-3232
3344,2016,7558,70,460,-408,-3264
-3090,-2848,8838,-777,-70,-166,-3216
-70,-3812,8008,375,-88,-122,-3280
3042,-1882,6992,-331,747,-428,-3264
-5230,-170,8060,380,-573,370,-3264
2972,-3120,9268,749,-250,-20,-3248
-1500,4456,7668,-818,366,-252,-3248
-760,2192,9376,601,-632,190,-3264
5984,1386,7528,-622,402,-567,-3232
-3340,5456,4586,-116,162,-299,-3248
2080,-7466,11414,567,-38,-3,-3248
2784,6338,5716,-416,409,-220,-3232
-2434,1792,7970,255,-220,144,-3264
2120,-4636,9020,-191,223,-88,-3264
-108,3852,7238,-223,331,-203,-3248
-352,-2636,9830,191,-113,-141,-3280
2068,4094,6400,-382,469,-420,-3248
-1684,-5030,9410,-416,-152,-129,-3264
1482,-2638,7838,119,143,-233,-3264
1328,-3826,8290,-53,636,-317,-3248
-4482,-1006,7758,331,-930,444,-3216
5206,-1502,8392,557,343,-227,-3232
-4364,932,11156,-631,-102,-59,-3264
678,8344,5198,-636,-471,-145,-3280
2312,-9342,11128,573,956,-621,-3280
-2636,852,8204,-743,-359,41,-3264
3786,-3444,8756,582,315,-231,-3264
-1518,-2934,9162,68,261,-107,-3248
558,6596,6952,-543,-205,103,-3280
2688,-5300,10266,216,328,-275,-3264
-1508,1670,6740,-390,-65,-184,-3264
2402,-78,7164,255,144,-242,-3248
-1580,3898,7934,-925,433,-358,-3248
-676,-5294,9940,266,-337,-18,-3280
4878,1960,3724,-357,434,-406,-3232
-5098,-2634,9642,302,77,10,-3232
-2152,-2078,8946,572,-830,271,-3248
4212,8912,5174,-514,621,-462,-3248
-4902,-7338,12554,457,-680,174,-3264
3046,8120,4230,-1035,43,-323,-3264
830,-3382,10106,515,809,-501,-3280
-1462,-5096,8972,-306,-448,45,-3216
3974,1538,5444,174,507,-212,-3264
-1784,-4014,11000,413,146,4,-3264
1330,3966,6718,-717,-188,83,-3248
-148,1106,6740,262,263,-257,-3280
-1368,-362,7318,-283,-11,-94,-3264
3914,450,8278,228,495,-345,-3264
-3200,-468,8442,-946,118,-276,-3248
-406,-4596,8562,396,-270,-84,-3248
4080,-2,5184,-363,633,-423,-3264
-5276,-1408,9448,375,-605,367,-3264
5144,-1608,8464,737,-239,1,-3280
-4358,1144,11046,-808,402,-264,-3280
-2514,-4024,12276,420,-735,175,-3248
4924,-4604,7790,-414,520,-640,-3248
-3986,6536,5912,-262,93,-216,-3264
154,-8138,10542,651,31,-27,-3264
1058,4816,6554,-393,335,-228,-3216
-2066,5272,5916,206,-234,168,-3248
1436,-1386,7688,-224,190,-78,-3264
286,3308,7134,-279,258,-252,-3232
-426,-2108,8036,164,-105,-171,-3264
740,6466,5914,-370,513,-431,-3248
-3196,-2850,8608,-350,-109,-92,-3248
3532,328,6984,146,113,-211,-3232
-1090,-3068,7684,-119,526,-240,-3232
-5286,-370,7994,404,-913,437,-3280
6382,-218,8740,550,441,-286,-3216
-6216,-1994,12184,-674,-27,-122,-3264
-838,1468,9766,-77,-707,3,-3264
3628,-9266,9252,48,740,-703,-3280
-3580,5716,7246,-613,-102,-83,-3248
2002,-8302,11586,752,147,-85,-3264
-464,2066,7028,-218,235,-189,-3264
-1122,6610,6038,-124,-261,124,-3248
1982,-3572,9462,53,444,-238,-3248
-488,3322,7730,-379,42,-172,-3232
56,-1030,6410,157,-106,-208,-3264
282,7094,6656,-828,508,-380,-3248
-662,-5388,8976,184,-357,43,-3216
4810,1968,5356,-335,384,-381,-3232
-3270,-2894,7932,293,135,-68,-3232
-152,-3240,10114,485,-842,420,-3280
6740,3838,7770,-209,667,-431,-3232
-7024,-5226,12500,227,-646,121,-3264
4276,6478,5148,-919,-101,-250,-3264
-638,632,8446,553,896,-547,-3248
-2798,3138,8206,-531,-556,65,-3216
3776,4024,4190,336,439,-237,-3232
-1728,-3362,11340,350,194,12,-3264
550,7362,6516,-735,-174,90,-3264
522,-2574,8090,265,295,-267,-3264
-1046,-1716,8314,-260,13,-144,-3232
4136,786,8148,232,467,-322,-3280
-884,6064,7254,-944,134,-282,-3248
-436,-4628,8158,360,-343,-51,-3264
4066,-1034,6176,-395,660,-447,-3264
-4372,-3322,9284,352,-109,181,-3280
1642,-2044,9492,606,-656,174,-3248
-196,6788,5660,-602,547,-459,-3232
-6576,-6926,12146,633,-629,232,-3232
5714,3816,6762,-978,240,-406,-3248
-2326,3484,6106,279,455,-404,-3248
-2024,-780,8056,-41,-411,64,-3264
3104,5702,4722,-120,549,-218,-3232
-1804,-1064,10022,462,67,67,-3248
1640,-2058,7846,-428,111,-110,-3248
-150,3824,7334,-97,305,-239,-3264
-394,-2760,9772,74,-49,-165,-3264
3016,2338,7030,-69,487,-458,-3248
-2948,-3126,9032,-589,-179,-134,-3248
334,-4150,8042,377,31,-186,-3232
3034,-2200,7510,-257,688,-412,-3232
-5286,752,7220,359,-829,359,-3280
3340,-2984,8786,744,-40,-88,-3264
-2076,4254,8272,-837,314,-256,-3232
-546,2938,8818,314,-716,126,-3232
3160,-9842,9536,-400,494,-653,-3248
-3784,6032,4374,-366,11,-165,-3216
2676,-7292,11430,663,66,-54,-3232
-854,654,7378,-380,268,-222,-3264
-2404,1654,7692,132,-276,151,-3248
2556,-4364,9132,-110,337,-179,-3248
-696,3490,7312,-373,186,-228,-3248
-264,-2248,9564,145,-144,-162,-3264
1838,4204,5992,-409,576,-467,-3264
-1584,-5188,10000,-291,-198,-98,-3280
1974,-2316,7912,121,164,-240,-3264
1114,-4100,8496,-2,468,-296,-3232
-4296,-1102,7484,385,-980,463,-3264
6388,5158,7378,315,578,-391,-3232
-4628,1316,11136,-345,-316,-3,-3264
1046,7826,5366,-361,-584,-32,-3216
2096,-9130,11032,405,887,-684,-3248
-4122,6868,5458,-740,-264,-25,-3232
3988,-3450,8692,729,295,-169,-3232
-1798,-2448,9358,-125,202,-122,-3248
882,6468,6600,-365,-158,100,-3280
2372,-4944,9930,140,380,-257,-3280
-1602,2064,6626,-391,-77,-158,-3232
2710,-1022,7736,244,123,-297,-3264
682,7114,5844,-858,512,-397,-3248
-476,-5452,9734,158,-292,-17,-3248
4862,2020,3428,-292,314,-376,-3200
-1854,-3554,7738,239,195,-59,-3232
-1952,-2160,9284,511,-857,397,-3248
4050,8904,5082,-270,662,-443,-3248
-6540,-2664,12362,163,-651,106,-3264
2830,8080,4172,-843,-155,-263,-3232
716,-3520,10426,524,869,-552,-3280
-3112,5250,7298,-576,-470,96,-3264
3798,1562,5418,347,403,-217,-3232
-1406,-3946,10928,326,241,-44,-3232
1256,4282,6790,-719,-114,133,-3248
1212,-3598,9304,272,236,-215,-3248
-1368,-972,7352,-340,-40,-131,-3264
3904,724,8236,272,386,-314,-3232
-78,7038,6738,-964,257,-309,-3280
-184,-4684,8528,312,-335,-26,-3280
4188,84,5032,-368,553,-443,-3232
-3798,-3606,8740,370,-83,142,-3232
528,-2922,9694,617,-645,229,-3264
1368,7714,5364,-601,574,-406,-3248
-6764,-6076,12412,586,-677,212,-3264
5162,5284,6024,-1043,161,-361,-3264
-1268,1688,6818,353,504,-429,-3264
38,-8058,10778,-75,-360,40,-3280
3348,5380,4760,-106,527,-222,-3216
-1928,-2230,10372,432,-21,64,-3264
1460,-728,7622,-632,-130,18,-3248
320,-1170,6970,124,318,-223,-3264
-586,-2656,9568,-77,53,-113,-3232
3412,1358,7520,90,475,-354,-3232
-3152,-2464,8592,-827,-117,-194,-3248
-186,-4080,7822,450,-104,-152,-3248
3358,-2144,7356,-325,778,-385,-3264
-5412,-92,7868,377,-636,353,-3264
2862,-3378,9528,752,-251,-30,-3280
-1566,5368,7442,-903,410,-253,-3248
-706,2274,9514,626,-642,220,-3264
6200,1396,7522,-651,438,-562,-3264
-3386,6116,4454,-97,134,-285,-3280
2176,-8332,11344,592,-14,3,-3216
2628,6942,5256,-420,453,-249,-3232
-2244,1286,8536,265,-269,152,-3264
2320,-4302,8688,-342,124,-91,-3248
-502,3614,7198,-206,301,-228,-3280
-320,-2194,9460,79,-84,-146,-3232
2340,3948,6566,-208,579,-451,-3264
-2092,-5616,9680,-535,-234,-135,-3280
1572,-2562,7792,248,106,-213,-3248
1210,-4004,8618,-73,650,-335,-3248
-4492,-196,7568,319,-959,455,-3264
5210,-2430,8684,627,342,-237,-3232
-4322,1086,10832,-735,56,-122,-3280
762,7910,5340,-33,-720,28,-3280
5196,-4476,7998,12,691,-665,-3232
-4114,6862,5366,-620,-113,-69,-3232
3596,-4132,9204,827,187,-106,-3248
844,5672,6650,-389,215,-155,-3264
-1988,4802,5808,7,-202,106,-3264
2498,-5366,10554,-33,390,-206,-3264
-1364,2610,6324,-377,33,-231,-3248
-342,-3106,8412,179,-87,-242,-3248
808,7140,5440,-561,543,-444,-3232
-578,-5242,9780,107,-262,47,-3216
4844,2114,3706,-283,367,-376,-3248
-1346,-3604,8080,197,203,-71,-3232
-2428,-1386,8560,437,-855,331,-3264
4704,7918,5938,-137,701,-403,-3248
-6146,-1950,12240,44,-596,95,-3264
2444,7478,4452,-768,-219,-208,-3264
1024,-5106,10430,573,880,-569,-3264
-1642,-3558,8594,-557,-436,93,-3248
3804,652,6142,401,410,-226,-3248
-1476,-4076,10834,211,232,-44,-3232
1080,4654,6782,-718,-171,111,-3232
1664,-4548,9524,285,269,-224,-3248
-1346,-386,7184,-322,10,-143,-3280
3590,438,8170,254,379,-311,-3280
260,6960,6764,-948,260,-294,-3232
-466,-5014,8836,348,-320,-8,-3232
4416,740,4560,-408,518,-418,-3248
-3340,-3714,8500,392,47,77,-3264
-20,-3254,10068,585,-732,270,-3232
2124,9430,4506,-685,569,-450,-3264
-3352,-6450,12712,753,-613,227,-3216
4516,6800,5174,-1107,238,-429,-3264
-612,576,8260,343,458,-383,-3264
-556,-7706,9574,30,-410,80,-3248
3656,4474,4104,-98,579,-233,-3232
-1600,-2852,11214,494,37,57,-3264
1450,512,7450,-683,-133,20,-3264
-94,2180,6994,127,293,-278,-3248
-1198,-2492,8582,-95,64,-134,-3248
4172,990,8096,132,504,-359,-3232
-3754,-1474,8262,-815,-109,-195,-3264
3164,-602,7370,344,51,-200,-3248
3938,-1558,6412,-210,794,-438,-3264
-5386,-298,8982,323,-891,382,-3264
6028,-514,7970,663,164,-195,-3232
-5508,-930,12264,-834,222,-193,-3248
-1358,-60,10662,192,-701,135,-3248
4298,-7842,9042,-250,579,-678,-3264
-4024,6714,5932,-580,-93,-87,-3248
4214,-1052,7302,802,188,-67,-3248
200,3638,7084,-369,285,-204,-3232
-1286,6506,5940,-42,-242,123,-3264
1946,-4738,9844,-45,364,-172,-3232
-318,3746,7196,-373,60,-175,-3248
-166,-1860,7240,178,-77,-211,-3280
436,6938,6428,-466,643,-451,-3264
-2916,-3734,9342,-144,-254,-17,-3232
4486,1408,6232,-2,189,-314,-3248
-2586,-3642,7948,11,360,-192,-3248
-5176,-22,7416,412,-960,423,-3232
6690,1600,8528,234,612,-376,-3264
-6724,-3174,12152,-413,-319,-12,-3280
-328,3562,8326,-298,-616,-29,-3232
2990,-9746,9554,367,861,-665,-3232
-2998,4328,7842,-693,-229,3,-3296
3770,2592,4944,729,176,-167,-3248
-972,150,7748,-60,183,-160,-3248
-366,8234,5886,-414,-174,127,-3232
1180,-3504,9028,169,368,-227,-3232
-1126,-1800,7754,-344,-17,-100,-3248
656,-1426,6902,259,309,-271,-3264
-232,6482,7168,-903,323,-319,-3232
-546,-4632,8392,304,-399,4,-3232
4272,252,5324,-393,508,-401,-3248
-3804,-3638,8854,357,16,78,-3248
822,-3046,9792,548,-765,253,-3264
1062,7964,4978,-553,612,-436,-3264
-6858,-6448,12310,565,-642,216,-3248
5126,5328,5954,-1017,95,-323,-3248
-1386,1740,7018,540,696,-477,-3264
-2694,1282,7994,-197,-498,101,-3264
3686,5114,4592,47,529,-247,-3248
-1682,-1666,10544,438,136,6,-3248
486,7028,6784,-759,-209,82,-3264
230,-1130,6814,183,295,-263,-3296
-736,-3406,9738,-108,112,-135,-3264
3640,1812,7582,169,472,-319,-3248
-1390,4442,7536,-896,-37,-234,-3280
-308,-4150,7796,425,-230,-66,-3216
3568,-1628,7190,-364,755,-477,-3264
-4760,-2914,9962,361,-381,248,-3264
2776,-2936,9174,716,-480,92,-3248
-1350,5228,7206,-870,510,-327,-3248
-5582,-7848,12672,752,-595,221,-3264
6134,1266,7646,-945,324,-472,-3264
-3258,6056,4648,41,165,-303,-3264
2090,-8346,11336,334,-205,10,-3248
-312,1808,7442,-441,388,-244,-3296
-2324,734,8860,130,-264,119,-3264
2180,-3910,8402,-198,289,-173,-3248
-470,4164,7358,-301,230,-225,-3248
-268,-2370,9858,188,-125,-169,-3232
2164,3436,6432,-376,535,-449,-3232
-2054,-4702,9810,-352,-189,-129,-3248
5052,2310,4966,102,143,-211,-3248
1554,-2830,7970,-139,516,-279,-3280
-4480,-856,7504,424,-936,395,-3232
6502,4684,7480,402,482,-312,-3264
-3686,1722,10492,-546,-142,-87,-3280
334,6676,5974,-207,-687,-25,-3216
2622,-9694,11080,196,806,-683,-3232
-3850,6098,5406,-690,-123,-21,-3296
3522,-4474,9682,783,202,-76,-3248
-1676,-1570,8228,-219,182,-156,-3216
-2222,4724,5834,-177,-159,161,-3232
2498,-5618,10544,94,407,-165,-3232
-1176,3034,6426,-401,-25,-176,-3248
1878,-808,7226,239,-1,-228,-3248
770,6424,5616,-730,491,-379,-3296
-358,-5156,9854,-20,-165,7,-3232
4642,2354,3572,-189,276,-319,-3264
-884,-3000,7432,86,292,-126,-3248
-2798,-1590,8542,509,-872,411,-3248
4966,7512,6030,-7,647,-384,-3264
-5822,-930,11960,-41,-581,81,-3264
6032,2722,7344,-989,99,-297,-3264
1540,-5900,11020,494,728,-489,-3280
-2044,-2602,8250,-231,-506,76,-3280
2950,6400,5138,84,482,-234,-3232
-1486,-3632,10164,450,185,15,-3232
856,4690,7352,-782,-207,74,-3280
156,198,6352,223,282,-259,-3248
-1362,-974,7226,-177,109,-121,-3264
3430,812,7854,202,455,-357,-3264
-2596,1168,8148,-904,102,-308,-3280
976,-3368,8004,409,-269,-81,-3280
4448,784,4460,-420,680,-442,-3264
-5208,-2066,9792,430,-284,211,-3296
4430,-2472,8516,718,-472,80,-3232
2406,8906,4456,-776,555,-368,-3248
-3166,-6496,12786,750,-591,216,-3248
5580,-2804,7952,-1013,310,-520,-3264
-338,444,8266,133,252,-388,-3232
-782,-7694,9654,249,-258,57,-3248
1814,6104,6478,-318,555,-271,-3280
-1838,-2924,11230,431,-82,90,-3232
1482,530,7180,-512,-45,-62,-3264
12,2348,6942,-301,193,-222,-3264
-190,-2562,8800,161,-105,-191,-3232
930,6792,5534,-391,500,-457,-3248
-780,-5422,9762,-254,-161,-35,-3248
3312,60,7032,51,195,-313,-3264
-592,-3542,8148,-39,497,-266,-3232
-2944,-2574,8630,399,-928,420,-3248
6040,322,7872,357,511,-343,-3216
-5684,-1506,12258,-394,-277,-58,-3280
2198,8078,4406,-287,-640,10,-3264
4052,-7782,8816,329,862,-634,-3232
-3740,5986,6648,-695,-203,-56,-3248
4068,-460,6842,733,278,-173,-3248
-262,2704,7284,-133,226,-137,-3264
-1212,6668,5730,-340,-177,114,-3264
1912,-4478,9930,158,371,-239,-3264
-1608,-56,7164,-380,-84,-192,-3232
162,-1922,7278,229,172,-282,-3264
198,7064,6466,-844,520,-390,-3216
-434,-4242,8790,107,-296,-35,-3216
4606,1982,5542,-202,354,-389,-3232
-2900,-3242,7994,215,197,-46,-3264
-542,-2496,9942,525,-870,368,-3248
6734,2892,8358,-153,624,-447,-3264
-7040,-4060,12102,98,-640,138,-3264
4110,6634,5344,-843,-141,-244,-3232
-174,-90,8460,502,869,-600,-3216
-2760,3488,7768,-480,-508,84,-3280
3596,3640,4414,378,397,-235,-3264
-1452,-3252,11576,311,251,-38,-3264
146,7430,6782,-718,-162,104,-3280
704,-2532,8066,235,224,-236,-3216
-1012,-1928,8224,-328,-28,-123,-3264
1124,-574,6718,220,396,-301,-3264
-488,5524,7468,-891,300,-320,-3280
-580,-4744,8182,298,-354,-38,-3248
4720,2770,4054,-378,491,-410,-3264
-4410,-3552,9356,345,-18,92,-3232
1688,-2748,9812,564,-708,267,-3312
70,6864,5516,-581,570,-407,-3280
-6448,-7486,12462,594,-622,184,-3264
5734,4040,6566,-1080,157,-377,-3264
-2160,3464,5858,431,579,-441,-3264
-2296,-740,7910,-150,-430,76,-3248
3496,5610,5182,-78,581,-247,-3248
-2336,-494,9638,436,48,62,-3232
874,5346,7092,-678,-196,83,-3264
118,-94,6396,126,332,-298,-3248
-362,-2702,9876,-119,90,-123,-3248
3284,-106,8046,161,514,-356,-3232
-2352,3006,7714,-914,-32,-249,-3232
190,-3996,7978,442,-297,-57,-3248
4670,1222,3870,-352,757,-435,-3264
-4880,-2958,10354,389,-327,264,-3264
3464,-2312,8528,694,-505,75,-3264
-2328,3488,8838,-814,519,-355,-3232
-4682,-7326,12928,651,-635,205,-3264
5952,-530,7806,-754,400,-542,-3232
-3898,6648,4384,-18,166,-290,-3248
-1242,-5356,8740,392,-153,41,-3296
2400,6946,5780,-369,498,-267,-3264
-2342,1708,7896,357,-245,165,-3264
2590,-4536,9102,-172,371,-174,-3248
-900,3666,7150,-340,126,-207,-3248
-100,-2552,9508,128,-126,-173,-3264
1692,4186,6144,-362,577,-447,-3264
-1748,-4528,9930,-317,-238,-66,-3248
2150,-2526,8020,175,180,-287,-3264
1070,-2974,8170,-134,464,-302,-3264
-4252,-1038,7356,445,-941,424,-3264
6576,4650,7904,484,525,-277,-3280
-3982,1552,11094,-545,-188,-63,-3248
456,6646,5688,-138,-696,-11,-3264
2290,-8734,10728,192,808,-672,-3264
-4054,6062,5272,-595,-98,-82,-3248
3744,-3668,9474,730,207,-135,-3280
-1740,-2208,8564,-140,150,-173,-3248
-2038,4674,5866,-240,-173,118,-3264
2514,-5410,10444,102,392,-206,-3296
-1272,2506,6492,-426,-24,-212,-3248
-122,-2296,8302,213,-48,-215,-3264
838,5790,6042,-632,563,-435,-3232
-506,-5302,10052,-51,-220,-76,-3232
4626,3254,3202,-141,217,-361,-3280
-936,-3514,7632,117,284,-139,-3248
-2718,-872,8208,415,-893,438,-3264
5092,7112,6266,98,666,-437,-3264
-5784,-550,12010,-253,-513,52,-3280
1882,7854,4266,-592,-429,-130,-3248
1476,-6680,11140,477,964,-643,-3264
-3666,5806,6704,-662,-382,44,-3296
4082,-510,6748,556,328,-210,-3264
-1662,-3480,10310,110,203,-75,-3296
1148,4764,7176,-641,-171,98,-3264
1970,-4592,9868,181,320,-243,-3280
-1666,88,6716,-319,-53,-145,-3216
3520,178,7996,227,379,-334,-3216
414,7224,6520,-881,351,-357,-3264
-580,-5100,9258,277,-382,-20,-3296
4582,1366,3914,-379,484,-439,-3248
-3066,-4090,8200,355,81,40,-3232
-566,-2862,9970,553,-784,260,-3232
2616,9172,4494,-589,606,-447,-3264
-3736,-6782,12726,576,-665,206,-3216
4094,7090,4858,-1061,141,-357,-3248
-256,-92,8682,480,678,-486,-3264
-526,-7720,9724,-170,-498,33,-3264
3894,3238,4666,40,572,-255,-3248
-1822,-3324,11298,448,71,38,-3280
1552,1986,6630,-745,-184,22,-3232
426,-2356,7848,206,283,-252,-3264
-1032,-1650,8356,-228,73,-122,-3248
4180,412,8336,248,508,-397,-3248
-826,6200,7166,-964,42,-247,-3264
-348,-4956,8322,463,-295,-32,-3264
4004,-1108,6164,-411,741,-456,-3248
-4698,-2748,9174,342,-230,212,-3264
2004,-2412,9528,701,-513,148,-3264
-532,6696,6028,-792,539,-355,-3200
-1440,-776,10896,696,-652,265,-3280
5740,2764,6850,-918,328,-460,-3248
-2414,4204,5818,183,327,-342,-3264
1256,-8474,10840,291,-257,41,-3264
2760,6556,4670,-269,523,-251,-3248
-1942,-660,9596,446,-98,103,-3280
1868,-2570,8164,-652,0,-42,-3232
-172,-802,6818,50,353,-204,-3296
-162,-2778,10016,-26,11,-137,-3232
2506,2916,6586,24,492,-403,-3280
-2646,1644,7990,-730,-177,-186,-3232
774,-2990,7748,345,-25,-165,-3232
2232,-2132,7740,-276,727,-411,-3264
-4998,-348,7528,416,-776,433,-3232
3832,-2836,8750,718,8,-90,-3280
-2798,3134,9298,-796,291,-201,-3248
-86,4450,7640,359,-710,178,-3264
5796,-960,7724,-371,523,-585,-3264
-3762,6116,4574,-310,62,-221,-3248
3022,-6118,10644,731,97,-37,-3216
1996,6288,6198,-398,322,-180,-3264
-2320,3368,7008,76,-233,149,-3232
2232,-5448,9842,-159,250,-105,-3248
-718,3416,6768,-353,195,-179,-3248
-392,-2500,8958,183,-121,-163,-3264
1472,5412,6048,-397,505,-439,-3232
-1002,-5656,9840,-344,-197,-136,-3248
2610,-1576,7580,117,177,-255,-3280
218,-4512,8468,62,546,-247,-3280
-3660,-918,8112,329,-940,471,-3264
5858,-1192,8536,440,535,-321,-3264
-5412,-444,11834,-633,-193,-63,-3248
1534,8614,4424,-238,-666,11,-3248
4484,-7552,8732,249,826,-695,-3264
-4048,6776,6086,-711,-220,-32,-3232
4020,-1670,7476,808,224,-88,-3280
570,3682,6904,-228,280,-216,-3264
-1642,6578,5832,-247,-236,126,-3264
2220,-4934,10080,99,366,-214,-3232
-1552,598,6952,-420,13,-191,-3248
-266,-2564,7728,196,12,-268,-3248
526,7520,5998,-686,567,-408,-3264
-632,-5076,9344,15,-224,24,-3264
4464,2350,5664,-176,277,-402,-3280
-2664,-3282,8302,175,254,-150,-3248
-1006,-2580,9688,429,-942,385,-3264
6700,2402,8072,-99,680,-437,-3296
-6898,-4670,12576,-19,-559,59,-3280
4018,7302,4612,-766,-275,-189,-3248
2976,-10374,10330,576,957,-581,-3232
-2872,3954,7662,-514,-462,101,-3264
3594,3494,4692,211,480,-250,-3264
-1794,-3770,11382,424,142,41,-3232
1526,2588,6710,-793,-181,88,-3248
746,-2932,8304,292,270,-246,-3248
-1002,-1264,8220,-343,27,-133,-3232
3996,150,8302,270,448,-372,-3232
-790,5782,7180,-957,146,-273,-3280
-380,-4492,8308,412,-338,-24,-3248
3882,-776,5852,-369,656,-435,-3264
-4450,-3208,9056,391,-192,220,-3232
1742,-2924,10008,598,-623,158,-3248
-30,6858,5718,-693,525,-397,-3248
-6438,-6884,12166,656,-626,211,-3232
5690,3878,6692,-994,287,-453,-3264
-2270,3678,5922,310,452,-418,-3280
-2210,-914,8256,-3,-426,37,-3264
2844,5980,4520,-143,503,-246,-3264
-1488,-684,10098,470,30,74,-3232
1518,-2980,8048,-686,-158,-28,-3248
-76,-618,6758,58,312,-299,-3216
-278,-3576,9928,-98,122,-151,-3264
2966,2846,7020,-349,481,-416,-3264
-2788,-3504,8772,-287,-150,-89,-3232
4166,1358,6314,132,131,-235,-3248
-2232,-3346,8056,-86,537,-270,-3248
-5078,-170,7652,392,-942,431,-3264
6724,962,8480,495,502,-335,-3232
-6702,-3396,12232,-669,-94,-102,-3280
-252,3702,8224,-125,-677,12,-3216
3186,-10226,9924,245,853,-668,-3280
-3302,4452,7596,-613,-103,-91,-3264
2574,-7538,11308,757,202,-121,-3264
-886,682,7522,-218,210,-180,-3248
-470,7612,6058,-281,-205,134,-3248
2570,-4834,9228,80,411,-229,-3264
-760,3642,7090,-446,-34,-215,-3296
560,-1538,6642,235,-76,-228,-3216
-142,6634,7114,-673,617,-459,-3280
-1550,-4980,10044,10,-278,28,-3280
4996,2764,4376,-196,301,-351,-3280
-4110,-3246,8590,164,275,-135,-3264
-4340,-406,7550,451,-886,376,-3264
6336,6188,7176,-70,676,-414,-3280
-7056,-6410,12180,3,-625,100,-3248
764,7960,4918,-717,-377,-166,-3296
2218,-9588,11178,614,1004,-605,-3264
-2510,1032,8326,-691,-427,16,-3248
3420,5254,4190,502,321,-229,-3280
-1876,-2756,9080,145,253,-91,-3264
1080,7656,6760,-640,-164,46,-3296
96,-1858,7140,204,308,-222,-3248
-1486,2704,6138,-364,-84,-140,-3248
2254,-768,7532,240,337,-321,-3248
-1650,5198,7356,-867,415,-365,-3264
-636,-5260,9900,240,-386,1,-3264
4822,2724,3624,-368,438,-442,-3280
-4624,-2694,9712,337,-161,193,-3264
2564,-2010,9158,635,-609,145,-3232
-1162,5510,6630,-670,564,-452,-3248
-5900,-7430,12280,653,-629,259,-3248
5982,1926,7232,-999,236,-420,-3264
-2960,4948,5302,294,435,-380,-3264
-1870,-2940,8622,148,-315,67,-3264
2746,6822,4952,-214,524,-231,-3280
-1808,186,9234,495,-17,101,-3280
1194,5528,6736,-727,-107,-6,-3264
-196,308,6586,93,294,-266,-3232
-218,-3574,10050,-90,93,-123,-3280
3340,576,7808,146,492,-372,-3264
-2770,1420,8042,-796,-94,-181,-3264
982,-3336,7826,419,-138,-118,-3264
2384,-1834,7926,-354,779,-426,-3248
-4960,-2738,10408,394,-548,295,-3248
3948,-2908,8368,722,-355,12,-3232
-2702,2816,9488,-822,482,-297,-3264
-3922,-7036,12802,621,-641,221,-3264
5834,-1040,7804,-770,369,-553,-3216
-3942,6240,4450,-57,127,-257,-3248
-1200,-6140,8876,468,-95,50,-3264
2494,6146,6498,-390,452,-260,-3264
-2466,3220,6892,249,-246,97,-3264
2438,-5136,9514,-385,83,-53,-3248
28,2142,6220,-186,381,-250,-3248
-268,-2604,9544,123,3,-132,-3264
1240,4642,6008,-157,495,-413,-3264
-3642,-776,7976,-538,-219,-122,-3248
2624,-1936,7948,341,101,-184,-3248
498,-3484,8272,-217,701,-404,-3264
-5170,-290,9198,342,-891,418,-3296
5410,-1206,8016,685,169,-210,-3248
-4920,374,11642,-810,183,-158,-3280
-1968,-2508,11532,257,-730,106,-3264
4698,-6248,8430,-127,633,-654,-3232
-4084,6682,6052,-446,-28,-145,-3248
4082,-2292,7802,765,101,-103,-3248
696,4228,6510,-411,314,-240,-3264
-1760,6066,6098,-23,-236,162,-3264
2272,-4908,9952,-131,338,-191,-3248
-252,3230,7294,-366,98,-219,-3248
-218,-1944,7508,225,-113,-197,-3248
648,7258,6232,-490,579,-447,-3264
-2990,-3526,9178,-156,-228,-88,-3264
4370,1056,6450,-7,217,-292,-3248
-2226,-2784,7644,-73,412,-215,-3280
-5218,-852,7780,454,-917,414,-3232
6600,1428,8452,253,608,-357,-3264
-6748,-2656,12142,-444,-299,-40,-3248
-456,2860,8806,-241,-683,16,-3264
3246,-9234,9352,315,882,-712,-3264
-3050,4920,7602,-693,-234,-1,-3264
3670,1868,5256,733,223,-150,-3216
-1064,892,7544,-79,175,-122,-3248
-322,7418,5914,-353,-140,138,-3264
1198,-3716,9352,188,398,-216,-3264
-498,4180,7186,-451,-85,-143,-3264
664,-1794,6858,300,186,-261,-3264
-100,6632,6946,-864,445,-383,-3248
-1196,-4262,9356,41,-206,-27,-3264
4810,2104,4852,-244,341,-362,-3264
-3932,-3568,8596,196,169,-76,-3232
802,-2516,9774,557,-829,358,-3248
6058,5494,7310,-288,643,-447,-3280
-6840,-5704,12028,150,-662,112,-3264
5296,4768,6458,-841,-120,-265,-3264
2284,-8778,11186,484,920,-510,-3248
-2482,594,8102,-450,-479,94,-3248
3274,5372,4518,-75,531,-259,-3264
-1732,-1546,10558,446,87,58,-3264
1196,-1600,7382,-701,-216,61,-3248
168,-970,6604,134,306,-268,-3248
-500,-2994,9712,-126,104,-129,-3264
3152,1586,7598,156,499,-332,-3264
-1460,2748,8182,-848,-17,-269,-3280
-126,-3608,7706,422,-218,-117,-3248
3132,-1588,7378,-349,728,-399,-3232
-4856,-2850,10108,396,-443,287,-3232
3018,-2706,9180,663,-455,75,-3280
-1768,4914,7688,-806,497,-317,-3280
-5036,-7764,12770,671,-635,209,-3264
6154,1228,7320,-842,386,-569,-3264
-3406,5710,4760,69,266,-350,-3216
2322,-7366,10988,392,-147,28,-3280
2642,6594,5520,-311,520,-283,-3232
-2470,1656,8156,312,-151,93,-3296
2438,-4396,8908,-456,19,-89,-3216
-82,858,6708,-118,323,-245,-3280
-324,-2250,9218,86,-35,-140,-3280
1868,4354,6488,-74,527,-453,-3264
-3288,468,8236,-528,-194,-134,-3264
1872,-2780,7882,314,12,-207,-3280
1116,-2640,8060,-228,711,-392,-3280
-5326,-1538,9724,329,-806,387,-3232
5162,-1760,8120,706,152,-186,-3264
-4118,648,11306,-723,171,-164,-3264
732,7490,5166,-317,-646,-12,-3248
2224,-9236,11220,368,891,-653,-3280
-4066,6332,5680,-694,-200,-26,-3232
3734,-3704,9082,720,248,-143,-3264
-1874,-1892,8670,-147,170,-140,-3280
-2160,5090,5706,-284,-177,168,-3264
2646,-5052,10406,106,408,-214,-3264
-1342,1972,6662,-404,-81,-138,-3264
2452,-238,7136,209,36,-223,-3280
546,7034,5618,-767,513,-399,-3248
-536,-4864,9682,3,-238,1,-3232
4740,1820,3964,-197,359,-372,-3264
-1250,-3162,7794,101,270,-106,-3280
-2324,-2320,8850,528,-855,377,-3248
4542,7554,5978,-31,657,-400,-3264
-6088,-1696,12288,31,-596,133,-3232
2442,7346,4392,-739,-212,-197,-3232
1060,-4614,10360,485,900,-596,-3280
-3528,5280,6998,-574,-407,92,-3264
3828,570,6044,463,362,-213,-3264
-1506,-3686,10870,248,233,-25,-3264
1096,3984,6990,-635,-198,116,-3248
1728,-4156,9568,201,273,-227,-3248
-1472,-378,6936,-329,-49,-141,-3264
3706,486,8250,243,366,-297,-3232
338,6528,6872,-851,359,-300,-3248
-640,-4514,8686,220,-359,11,-3248
4252,780,4460,-290,445,-396,-3232
-4976,-2458,10242,410,-185,152,-3248
4378,-2858,8348,619,-640,108,-3248
2062,9036,4158,-746,543,-436,-3248
-3166,-6532,13148,702,-579,228,-3264
5672,-2616,7640,-964,313,-498,-3264
-456,-128,8482,229,348,-417,-3280
-676,-7164,9324,245,-235,66,-3248
1974,5984,6702,-241,606,-258,-3232
-1696,-2536,11208,441,-103,87,-3264
1510,552,7316,-549,-57,-109,-3232
-116,2144,6820,-7,341,-264,-3248
-118,-1872,8858,4,73,-137,-3248
4182,1010,8260,11,514,-469,-3280
-3752,-1122,7968,-724,-135,-194,-3264
3060,-1428,7838,402,-24,-165,-3232
4000,-722,6204,-288,789,-420,-3248
-5346,-540,9046,335,-762,354,-3216
5946,-850,8200,743,-153,-83,-3264
-306,6268,5864,-841,391,-252,-3264
-1566,-978,11060,475,-693,187,-3248
4310,-7418,8724,-442,496,-644,-3248
-2524,3962,5816,-230,58,-225,-3264
1178,-8904,11096,660,27,-63,-3232
32,4268,6526,-421,343,-207,-3280
-2196,-924,9792,316,-249,151,-3232
2236,-1972,7662,-343,265,-136,-3264
-430,3184,7626,-223,245,-218,-3232
-172,-1978,7232,97,-79,-169,-3280
522,6980,6434,-517,608,-450,-3280
-3130,-3252,9188,-207,-243,-5,-3264
4472,1080,6380,-16,221,-286,-3264
-2340,-3338,7778,-70,371,-182,-3280
-5208,-106,7368,462,-927,410,-3232
6700,300,8930,295,640,-366,-3264
-6682,-2374,12080,-389,-428,16,-3264
2954,7580,4334,-288,-587,-33,-3280
3194,-8990,9252,366,925,-629,-3248
-3042,4694,7586,-663,-249,3,-3264
3698,1822,5130,704,237,-161,-3264
-970,1186,7366,-95,169,-158,-3280
-300,7766,6000,-434,-102,130,-3248
1220,-3930,9396,161,380,-204,-3264
-580,4066,7112,-457,-91,-162,-3232
452,-1614,6756,260,90,-256,-3248
6,6698,7190,-757,535,-349,-3248
-1564,-4272,9624,-22,-275,-1,-3264
4696,2318,4846,-209,288,-376,-3264
-3518,-4024,8580,229,227,-105,-3264
370,-2646,10090,462,-793,346,-3264
6540,4092,8080,-167,662,-422,-3280
-6972,-5344,12084,147,-671,109,-3248
4810,5826,5502,-760,-220,-191,-3264
2528,-9730,10716,552,918,-561,-3264
-2634,2244,8068,-595,-490,84,-3248
3530,4490,4392,370,375,-254,-3248
-1596,-2226,8774,229,216,-32,-3264
1444,-128,7288,-729,-159,14,-3280
362,-1548,7280,160,279,-314,-3248
-828,-2968,9314,-125,80,-142,-3280
3814,1520,7776,176,502,-388,-3232
-1122,4876,7636,-887,-64,-260,-3232
-278,-4382,7824,478,-283,-87,-3248
