AcX,AcY,AcZ,GyX,GyY,GyZ,Tmp
-446,720,8138,89,-109,-171,-3040
400,304,8098,-139,-138,-159,-3056
914,-118,8032,-99,-24,-116,-3024
1174,-680,7646,-79,286,-85,-3024
388,-448,7298,-85,408,-242,-3024
-384,96,8168,-95,309,-390,-3024
-556,-470,8540,-130,235,-164,-3040
-610,-224,7642,-131,14,-64,-2992
-64,-830,8024,3,20,-216,-2992
-620,-2374,8412,303,-173,-179,-3024
-2020,-1378,8940,705,-574,143,-3040
-1510,-62,8254,733,-963,147,-3008
274,640,7266,461,-987,-347,-3024
3222,1126,6932,306,-235,-174,-2992
3414,2262,6236,-312,353,-233,-3008
2880,2132,6020,-562,835,-35,-3024
1168,1662,6874,-770,1090,-127,-3056
186,1094,8042,-1072,1096,-55,-2992
294,114,7944,-1246,1036,-147,-3040
-38,-268,7588,-1242,1078,-150,-3008
-2238,-3700,8216,-391,470,-199,-2992
-2590,-3238,7168,301,-226,-224,-3024
-2142,-1084,7864,574,-722,-151,-3008
438,124,7958,283,-566,-252,-3072
1214,-244,8044,264,-305,-160,-3008
476,-226,8858,305,-97,-90,-3024
-52,312,8142,144,-34,-124,-3056
-328,448,8648,77,-71,-179,-3008
126,550,8298,-77,-121,-167,-3056
924,-14,8000,-138,-28,-110,-3024
1350,-816,7426,-122,308,-70,-3024
-14,-132,8430,-101,384,-181,-3008
-648,6,8552,-72,282,-343,-3008
-450,-120,8026,-135,207,-492,-3024
-426,-106,7426,-185,52,-68,-2992
60,-1492,8726,36,11,-181,-3040
-598,-2036,8800,314,-165,-39,-3040
-1878,-1500,8794,699,-517,120,-3040
-2058,-246,8812,734,-916,201,-3056
-380,106,8094,557,-1058,-310,-3024
2312,488,7824,478,-591,-256,-3008
3374,1898,6256,-18,147,-152,-3024
2626,2366,5974,-538,604,-91,-3024
1814,1216,7230,-641,1055,-34,-3024
206,942,8462,-948,1043,-84,-3024
-264,298,8964,-984,940,-43,-3024
-472,-316,8982,-1098,935,-149,-3024
-1838,-3570,9918,-524,570,-109,-3024
-2518,-4394,8582,277,-132,-122,-3024
-1866,-864,7894,726,-665,-201,-3040
-250,-2,8412,370,-631,-252,-3040
1370,-172,8144,161,-292,-122,-3024
982,84,8586,184,-8,-100,-3024
180,598,7638,139,21,-127,-3024
-200,520,7664,18,1,-158,-3040
476,360,8022,-203,-67,-193,-3040
874,72,7782,-146,-1,-97,-2992
1386,-302,6876,-152,199,-15,-3024
494,-194,6676,-163,401,-183,-3024
-236,160,7056,-124,288,-343,-3040
-438,108,8114,-138,211,-311,-2992
-682,122,7998,-113,36,-41,-3024
108,-996,7882,57,-27,-202,-3008
-322,-1848,8168,219,-182,-88,-3008
-1398,-1908,8726,639,-499,106,-3024
-1622,-216,8592,728,-874,177,-3024
-240,556,7312,499,-1024,-245,-3024
2410,876,7344,365,-557,-256,-3040
3180,2136,6276,-107,124,-161,-3040
2804,2052,5998,-479,625,-107,-2992
1618,1450,6978,-643,1053,-116,-3024
390,1572,7924,-954,1029,-120,-3040
-358,760,8592,-1072,967,-88,-3008
-228,-324,8356,-1086,976,-118,-2992
-942,-2240,9296,-716,758,-154,-3056
-2638,-4020,8884,116,-12,-143,-3024
-2308,-2056,8738,605,-587,-185,-3024
92,344,8186,329,-534,-200,-3008
842,430,7746,122,-337,-137,-3040
996,-136,7390,142,-94,-133,-3040
372,470,7736,81,99,-159,-3056
-44,650,7740,49,55,-143,-3024
-310,428,7920,-82,-119,-167,-3024
672,-78,8206,-118,-69,-101,-2976
1218,-418,7536,-91,133,-142,-3040
662,-560,7608,-95,291,-138,-3008
-260,-168,7728,-30,287,-301,-3024
-462,196,7944,-24,134,-463,-3024
-592,152,7906,-32,9,-57,-3040
80,-1078,8620,8,4,-170,-3056
-262,-1268,8352,215,-90,-124,-3024
-1342,-1978,9204,547,-380,34,-3024
-1878,-510,8846,712,-764,252,-3040
-902,104,8240,603,-986,-95,-3040
1710,212,7364,424,-715,-270,-3024
3038,1910,6160,117,-11,-89,-3024
2910,2450,6326,-452,444,-269,-3040
2788,1272,6594,-596,947,-41,-3040
544,1730,7742,-864,1060,-94,-3024
174,610,9000,-960,969,-102,-3024
-212,-202,8864,-1045,904,-151,-3024
248,-1220,8312,-1166,1015,-190,-3040
-2330,-3570,8344,-305,337,-113,-2992
-2476,-3308,7560,407,-311,-176,-2992
-948,630,6842,422,-613,-166,-2992
1096,654,6730,93,-396,-272,-3040
990,-216,7850,98,-100,-146,-3040
524,174,7652,197,41,-29,-3024
-68,410,6966,90,13,-64,-2992
-676,518,8286,8,-95,-248,-3040
458,-68,8564,-50,-141,-164,-3008
808,-376,8902,48,-87,-73,-3024
792,-676,8608,-43,271,-118,-2992
20,-570,7606,-68,306,-275,-2976
-354,40,8482,-15,237,-345,-3008
-344,-66,8258,9,119,-214,-3056
-674,-182,8072,-91,46,-80,-3024
-186,-722,8326,41,-28,-207,-3024
-734,-2258,9198,357,-186,-108,-3008
-1760,-1980,9002,778,-590,77,-3040
-1548,-88,8772,752,-951,46,-3008
404,204,7746,484,-971,-273,-3024
2412,420,6920,371,-468,-223,-3024
3260,2296,6606,-199,260,-227,-2992
2752,1600,6334,-515,778,-33,-3072
1760,1424,6838,-712,1079,-125,-2992
316,1092,7630,-1000,990,-122,-3024
-300,466,8626,-1100,985,-127,-3024
-98,-470,7750,-1100,943,-129,-3008
-1490,-3278,9410,-582,610,-154,-3008
-2500,-4258,8628,218,-69,-170,-2992
-2114,-1218,7780,742,-657,-231,-3024
-212,396,8316,338,-585,-305,-3008
1034,10,8248,206,-344,-200,-3008
1168,-182,7900,177,-88,-104,-3056
596,332,7532,193,7,-163,-2992
-156,488,8258,172,-48,-173,-3024
-70,284,8628,-50,-207,-144,-3040
684,232,7920,-122,-65,-165,-3024
1522,-492,7734,-130,226,-112,-2992
832,-322,7042,-192,428,-144,-3024
-370,60,7444,-164,345,-355,-3008
-236,340,7384,-179,265,-380,-3040
-762,246,8194,-119,94,-63,-3024
176,-1250,8178,-18,11,-235,-2992
-386,-1318,8534,174,-121,-196,-3008
-1472,-2196,9220,643,-396,12,-3008
-1876,-558,8760,783,-882,224,-3024
-792,10,8260,655,-1052,-198,-3024
1678,428,7576,448,-735,-326,-3040
3260,1834,5928,47,38,-184,-3008
3206,2242,5786,-469,531,-172,-3024
2480,1248,7264,-540,1007,-71,-3056
26,1506,8398,-851,1015,-95,-3024
-536,154,8986,-969,953,-104,-3008
-30,-188,8834,-1119,952,-105,-3008
-722,-2188,9328,-960,949,-176,-3024
-2760,-4366,9340,-36,166,-67,-3024
-2824,-3022,7790,628,-520,-269,-3024
-584,926,6988,300,-626,-243,-2992
1400,360,7084,83,-357,-158,-3040
1252,-290,7908,157,-89,-95,-3040
426,702,6732,123,-8,-157,-3024
-18,966,6552,19,-10,-202,-2992
134,1042,7398,-117,-90,-176,-3024
730,46,8572,-83,-79,-141,-3040
1202,-456,7814,-123,84,-87,-3008
872,-100,6650,-194,388,-135,-3024
94,-264,7606,-171,440,-259,-3024
-404,208,7754,-157,235,-339,-3008
-804,-100,8364,-43,134,-83,-3008
-450,-366,8146,-141,46,-195,-2992
-32,-878,7762,78,-15,-180,-3024
-1042,-2208,8886,491,-301,-67,-3008
-2128,-352,8610,770,-715,235,-3008
-1340,246,8624,673,-998,36,-2992
1132,314,7434,446,-922,-379,-3056
3538,1598,6604,256,-177,-146,-2992
3284,2448,6694,-287,405,-238,-3008
2570,1394,6824,-542,876,-67,-3008
520,1896,8016,-801,1097,-148,-2992
298,766,8558,-952,1046,-89,-3024
-326,-10,8618,-1108,969,-96,-2976
-60,-758,8004,-1165,999,-45,-3040
-2152,-3906,8860,-384,411,-186,-3024
-2474,-3962,8078,387,-265,-183,-3024
-1282,78,7240,586,-703,-155,-3040
376,474,7522,282,-562,-217,-3040
1140,-384,8340,231,-254,-189,-3024
952,-50,8142,216,-35,-128,-3024
-162,448,8064,139,34,-145,-3024
-338,590,8184,37,-64,-207,-3008
370,6,8388,-124,-93,-210,-3008
1048,-536,8734,-88,45,-127,-2992
1314,-520,7636,-100,299,-87,-3024
326,-400,7426,-122,378,-175,-3008
-378,-50,7730,-95,276,-350,-3008
-696,-138,8524,-113,185,-285,-3008
-308,-38,7270,-181,24,-63,-2992
-68,-386,7744,26,-7,-174,-3024
-476,-1978,7890,284,-179,-72,-3040
-1824,-1580,8602,626,-544,154,-3008
-1398,86,8166,699,-910,163,-3040
308,746,7366,518,-1029,-345,-3024
2016,314,8022,399,-472,-232,-2992
3128,1988,6526,-101,207,-239,-3008
2808,1564,6626,-485,675,-87,-3008
2102,1376,6822,-667,1070,-167,-3024
232,1506,8092,-968,1057,-181,-3024
-278,458,7620,-1134,977,-99,-3024
84,134,7912,-1196,1001,-195,-3008
-1648,-3144,9938,-559,661,-141,-3008
-2662,-4288,8596,235,-72,-120,-3024
-2094,-1088,7982,679,-684,-149,-3024
-66,384,7890,270,-590,-283,-3008
1254,40,8380,142,-267,-143,-3008
768,-218,8470,203,-32,-70,-3024
142,626,7042,67,64,-148,-3024
-46,628,7366,-48,50,-194,-3040
90,486,8442,-124,-94,-216,-3040
606,-162,8032,-124,-33,-183,-3024
1134,-618,7302,-98,153,-188,-2992
356,-264,7008,-94,357,-128,-3024
-380,-64,7908,-56,268,-352,-3008
-424,316,7992,-41,116,-394,-2976
-602,-170,7674,34,-18,-103,-3024
92,-1002,8514,-2,-31,-163,-3024
-2,-662,8224,130,-81,-120,-3008
-1092,-1864,8336,499,-339,5,-3040
-1846,-248,8446,708,-748,241,-3024
-1030,126,8464,599,-964,-84,-2992
1458,370,7438,397,-733,-343,-3008
3372,1724,6108,148,-56,-162,-3040
2738,2350,5662,-447,470,-100,-2992
2754,1362,6896,-594,984,-129,-3040
696,1926,7918,-924,1023,-129,-2976
-70,510,8708,-919,991,-111,-3024
-288,-364,9268,-1012,938,-79,-3024
-14,-956,8226,-1080,933,-200,-3024
-2464,-3560,8696,-283,258,-139,-3040
-2384,-3902,8130,482,-372,-136,-3024
-1270,70,7354,492,-632,-157,-3056
364,446,7632,195,-490,-261,-2992
1196,214,7692,133,-189,-139,-3040
874,-28,8374,198,32,-54,-3040
-272,320,8098,155,2,-51,-3024
-510,486,7824,30,-101,-89,-3024
270,76,8494,-57,-127,-227,-3024
928,-582,8910,-41,20,-103,-3040
850,-854,7786,-34,237,-87,-3040
214,-568,7646,-12,305,-266,-3024
-318,-92,8368,-46,205,-436,-2992
-570,-314,8666,-28,115,-111,-3008
-112,-898,8188,-64,-36,-143,-3040
-600,-682,8886,85,-85,-135,-3024
-594,-2088,8768,432,-260,-55,-2992
-2100,-1504,9298,759,-664,240,-3008
-1240,-204,8804,757,-975,54,-3008
192,382,7462,464,-950,-349,-2992
2778,988,7404,278,-277,-264,-3056
3188,2090,6484,-243,330,-174,-3040
2878,1942,6166,-536,794,-27,-3024
1266,1598,7108,-707,1040,-114,-3024
160,916,8566,-956,1043,-118,-3024
134,2,8496,-1158,977,-114,-3008
10,-148,7778,-1191,1047,-113,-3008
-2092,-3616,8398,-485,538,-144,-3040
-2672,-3474,7344,257,-160,-151,-3024
-2386,-1566,8634,581,-667,-186,-3024
134,328,7806,248,-532,-227,-3040
1024,-234,8348,217,-279,-72,-3040
828,-314,8376,262,-65,-64,-2992
58,396,7958,182,-24,-203,-3024
-368,368,8480,119,-74,-178,-2992
194,-22,9072,-11,-187,-161,-3024
940,-64,8012,-84,-77,-107,-3040
1202,-270,7418,-147,219,-154,-2976
346,-470,7518,-122,387,-136,-3024
-212,-234,7366,-85,270,-340,-2992
-432,202,8202,-88,184,-440,-3008
-604,54,7498,-138,12,-56,-3008
22,-758,8840,26,12,-135,-2992
-680,-2020,8628,337,-207,-29,-3056
-1824,-2098,9178,726,-560,189,-3008
-1794,-404,9088,742,-916,76,-3008
118,0,8212,572,-1031,-314,-2992
2092,240,7422,425,-519,-207,-3024
3108,2308,6160,-95,197,-228,-3040
2662,2064,6480,-514,637,-113,-2976
2040,1262,7400,-630,1045,-46,-2992
288,1032,7970,-929,1036,-67,-2992
-700,318,8950,-995,949,-153,-3008
-120,-328,7978,-1061,898,-133,-3008
-1054,-2704,9554,-662,727,-163,-3040
-2684,-4468,9380,181,-40,-85,-3056
-2522,-1894,8742,744,-634,-164,-3024
-438,558,7946,367,-653,-146,-3040
1184,148,7814,124,-356,-229,-3040
1380,-292,7810,174,-85,-118,-3024
562,332,6958,161,6,-85,-3056
-214,842,7400,84,-90,-171,-3008
116,864,7794,-125,-118,-258,-3040
1092,-132,8168,-88,-18,-137,-3024
1210,-554,7892,-96,233,-62,-3008
288,-536,7520,-141,420,-257,-3024
-274,252,6930,-175,357,-415,-3056
-254,104,7606,-169,265,-339,-3008
-548,-228,7912,-125,89,-99,-3008
70,-1038,8506,-25,27,-237,-3024
-404,-1860,8054,218,-169,-24,-3024
-1730,-1886,8670,702,-534,74,-3024
-1544,12,8512,776,-921,180,-2992
-506,618,7858,515,-1040,-278,-3040
2372,536,7048,361,-512,-206,-3040
3394,2302,6200,-128,189,-245,-3056
2972,2382,5994,-536,699,-86,-3024
1744,1456,6816,-656,1092,-57,-3008
246,1462,7624,-1052,1068,-98,-3008
-232,580,7940,-1164,1015,-188,-3056
10,-374,7496,-1221,1060,-174,-3024
-2002,-4106,9832,-424,549,-169,-3008
-2838,-4070,8238,291,-170,-73,-3040
-1796,-442,7420,656,-719,-262,-2992
-56,144,8700,323,-604,-253,-2992
1048,-368,8522,265,-350,-159,-2992
640,4,8050,263,-123,-69,-3008
354,526,7778,141,14,-175,-3056
-96,572,8490,54,-36,-176,-2992
158,286,8444,-94,-167,-166,-3024
960,-160,8334,-145,9,-185,-3008
1384,-370,7614,-151,269,-77,-3008
474,-190,7212,-159,425,-184,-3056
-326,-132,7482,-98,315,-385,-3024
-402,-216,7790,-82,206,-493,-3008
-912,128,8434,-97,59,37,-3040
32,-1464,8470,44,-3,-235,-2992
-460,-1738,8834,313,-187,-77,-3056
-1746,-2260,9374,679,-471,54,-3008
-1946,-274,8958,756,-875,271,-3040
-844,172,8346,608,-1085,-238,-3024
1974,124,7494,477,-686,-317,-3024
3226,2194,6316,21,79,-138,-3024
2578,2220,6136,-475,552,-107,-3040
2686,1102,6962,-594,1049,-37,-3008
258,1446,8358,-910,1035,-131,-2992
-366,174,8716,-1001,970,-120,-3040
-456,-280,8736,-1059,889,-16,-3040
-698,-2236,9508,-654,735,-215,-2992
-2774,-4392,9628,234,-79,-115,-3008
-2596,-2074,8976,712,-672,-198,-2976
-58,-72,8382,348,-612,-216,-2992
1280,506,7312,152,-286,-163,-3024
830,-56,8472,234,6,-83,-3040
56,652,7724,121,12,-151,-3040
-296,476,8018,0,-64,-198,-3024
384,194,8934,-123,-47,-210,-3024
846,-966,8638,-32,-28,-68,-3040
1290,-780,7022,-86,211,12,-3024
230,-248,7492,-99,344,-250,-3024
-206,-88,7178,-102,251,-471,-3024
-700,-66,9092,-110,157,-263,-3008
-554,86,7816,-124,-10,-57,-3008
64,-642,7716,28,-10,-173,-2992
-410,-2104,8366,255,-156,-98,-3024
-1642,-1764,8480,653,-525,123,-2976
-1604,98,8342,733,-865,157,-3040
58,694,7368,460,-1020,-363,-3072
1912,404,7242,376,-528,-251,-3024
3308,2134,5826,-132,217,-237,-3024
2730,2088,6248,-539,637,-71,-3040
2306,1442,7182,-623,1054,19,-3024
248,1380,7852,-985,1042,-109,-3024
-106,444,8056,-1080,992,-165,-2992
-344,-214,8288,-1099,960,-126,-3040
-1322,-2658,9856,-671,658,-111,-3008
-2552,-4316,8676,91,-6,-186,-2992
-2214,-1816,8926,661,-610,-203,-3024
-276,552,7944,361,-583,-251,-3024
930,326,8006,136,-346,-171,-3008
936,-2,7666,119,-71,-152,-2976
712,436,7040,94,64,-178,-3024
-6,654,7884,59,47,-186,-3024
-246,398,8166,-85,-121,-80,-3040
668,-210,8188,-97,-59,-89,-3040
1234,-636,7776,-119,204,-138,-3024
758,-418,7494,-101,333,-167,-3024
-344,80,7718,-75,268,-332,-3008
-296,180,7224,-86,145,-446,-3008
-462,392,7774,-84,20,-71,-3040
168,-932,7808,52,-6,-193,-3024
-314,-1534,8382,209,-169,-113,-3024
-1566,-1880,9020,637,-427,71,-3024
-1594,-322,8432,721,-864,212,-3008
-780,44,8374,594,-1013,-188,-3024
1834,178,7470,466,-625,-163,-3024
2968,1938,6280,-10,91,-109,-3024
2640,2096,6228,-460,548,-172,-3008
2472,1330,7002,-624,1065,-77,-3040
426,1322,7958,-907,1022,-106,-3008
-476,476,8702,-949,959,-111,-2992
-28,-330,8738,-1060,931,-168,-3024
-386,-1914,9320,-933,915,-130,-3008
-2426,-4408,9442,-21,142,-98,-3008
-2516,-2944,7406,557,-463,-220,-3024
-680,776,7132,348,-573,-210,-3024
1134,450,7564,74,-355,-237,-3040
1252,-260,8032,102,-80,-164,-3040
404,338,7112,126,24,-106,-3040
-198,614,7216,79,20,-93,-2992
-44,592,7840,-80,-124,-250,-3024
416,54,8392,-59,-81,-185,-3040
1054,-484,7664,-57,47,-68,-3040
842,-20,6804,-129,291,-176,-3024
-162,-142,8036,-137,335,-292,-3024
-292,-190,7784,-39,224,-363,-3040
-638,-108,8710,-7,84,-149,-3008
-414,-386,8228,-74,1,-140,-2992
-212,-496,8356,-16,-37,-181,-2992
-816,-2208,8604,483,-321,-4,-3056
-1786,-346,8594,789,-828,243,-3056
-818,380,7986,573,-1004,-209,-3024
1846,366,6884,378,-687,-302,-3040
3464,1884,5684,-11,70,-201,-3040
2804,2196,6140,-485,631,-159,-3024
1448,1628,7264,-650,1053,-79,-3024
260,1754,8102,-953,1053,-87,-3008
-234,408,8610,-1045,1018,-149,-3008
-388,-436,8636,-1056,912,-119,-3040
-1740,-3530,9270,-585,635,-128,-3024
-2542,-4216,8300,215,-70,-154,-3040
-2660,-2494,9310,727,-630,-226,-3008
-232,96,8466,367,-614,-290,-2992
958,-266,8508,200,-334,-236,-3024
1420,136,7304,179,-65,-110,-3024
538,542,7426,144,39,-130,-3008
-356,666,8290,150,-65,-137,-3040
-258,720,7694,-81,-180,-172,-3024
878,134,7872,-121,-97,-143,-3024
1366,-392,7890,-90,209,-97,-3040
878,-316,7468,-161,396,-124,-3024
-146,14,7204,-158,410,-333,-3024
-362,484,7334,-192,266,-391,-3056
-696,156,7968,-95,82,-51,-3008
-44,-1238,9036,-22,59,-180,-3040
-354,-1532,8410,153,-102,-106,-3008
-1458,-2138,8824,554,-376,-43,-3024
-2010,-608,8864,770,-855,281,-3056
-742,292,8342,653,-1065,-123,-3008
1952,280,7194,443,-753,-310,-3040
3548,1428,6472,97,-34,-156,-3024
3058,2296,6132,-440,530,-128,-3024
2334,1214,7076,-546,989,-66,-3008
672,1792,7814,-886,1061,-98,-3024
4,320,9240,-933,952,-99,-2992
-104,-180,9304,-1089,950,-73,-3024
-960,-2790,9390,-1063,1006,-143,-2976
-2774,-4432,9712,92,34,-182,-3008
-2834,-2740,8330,693,-568,-178,-3024
-462,812,7564,287,-625,-179,-3056
1384,128,7674,119,-336,-203,-3008
1066,-318,8368,193,-103,-144,-3008
334,654,6758,121,-1,-128,-3008
74,864,6848,8,-33,-137,-3008
68,818,7868,-107,-123,-193,-3008
916,34,8136,-131,-37,-95,-2992
1252,-424,7668,-130,229,-106,-3024
562,-232,7176,-168,415,-142,-3008
-138,-226,7414,-135,374,-339,-3040
-498,-40,8356,-149,195,-409,-3024
-990,30,8314,-37,12,-175,-3024
10,-1344,8690,22,-16,-114,-3040
-484,-2028,9366,226,-143,-112,-3008
-1208,-2116,8770,641,-467,-9,-3024
-2120,-244,8714,761,-865,222,-3024
-414,168,7912,607,-1027,-161,-3024
2102,338,7808,401,-730,-350,-3008
3634,1840,6326,49,56,-181,-3040
2982,2284,5366,-465,552,-120,-3024
2152,1634,7270,-642,1027,-28,-2992
414,2160,8016,-955,1061,-118,-3008
92,320,8840,-991,1060,-137,-3008
-372,-360,9302,-1036,965,-152,-2992
-342,-1244,8698,-872,869,-243,-2992
-2538,-3724,8678,-144,173,-79,-3040
-2628,-2866,8790,602,-478,-190,-3040
-994,544,6888,375,-652,-189,-3056
546,658,7296,155,-461,-217,-3024
1438,158,7184,143,-120,-131,-2992
572,618,7326,166,74,-117,-3040
-150,656,7852,44,-4,-137,-3008
-288,734,7452,-58,-78,-162,-3024
622,142,8422,-120,-116,-164,-2992
976,-544,8854,-106,98,-76,-3040
834,-832,7642,-102,341,-79,-3008
-266,-160,8098,-46,347,-387,-3024
-610,274,8218,-112,209,-551,-3024
-800,-160,8590,-33,121,-91,-3008
80,-1362,8600,-51,-10,-110,-3008
-56,-772,7920,98,-89,-144,-3024
-676,-2238,8656,489,-290,-50,-3056
-2098,-1092,8970,746,-745,247,-2992
-1100,250,8994,715,-981,26,-3024
560,382,7556,469,-884,-443,-3024
3206,1310,7254,249,-178,-195,-3024
3206,2004,6114,-332,404,-195,-3008
2914,1602,6166,-555,870,47,-3056
998,1844,7276,-797,1056,-96,-3024
82,642,9292,-976,1053,12,-2992
-2,-402,8916,-1129,973,-174,-3008
228,-356,7572,-1204,1073,-174,-3040
-2502,-3640,8646,-338,392,-89,-3024
-2640,-3298,7532,325,-274,-163,-3024
-576,702,6954,397,-625,-146,-3008
580,282,7490,130,-423,-218,-3024
1238,0,7876,132,-128,-138,-3024
380,400,7242,151,22,-74,-3056
-26,878,7228,55,27,-138,-3008
-438,514,8818,-14,-55,-145,-3008
466,-154,8752,-79,-94,-101,-2992
920,-864,7744,-37,-20,-33,-3056
806,-884,7812,-66,245,-175,-3040
66,-582,7712,-16,311,-197,-3040
-528,108,8524,-5,153,-401,-3008
-498,46,8414,18,53,-288,-3024
-224,-288,7440,-88,-35,-96,-2992
90,-364,8436,48,-58,-157,-3040
-384,-1470,8958,305,-181,-74,-3056
-1732,-1366,8848,656,-547,117,-3024
-1364,56,8460,692,-883,145,-3024
430,352,7636,490,-963,-302,-3008
2264,320,7674,387,-413,-154,-3008
3026,2214,6240,-118,213,-125,-3056
2562,1778,6876,-507,637,-34,-2992
1670,1454,7470,-697,1006,-162,-3024
508,842,8092,-941,1038,-89,-3040
-492,174,8468,-1036,932,-110,-3008
-522,-328,8790,-1077,871,-146,-3024
-1146,-2726,9248,-673,690,-203,-3024
-2338,-4456,9202,151,-24,-91,-3008
-2094,-1820,8176,680,-580,-175,-3040
-288,210,8310,299,-568,-215,-3008
1026,466,7968,123,-254,-167,-3024
1308,-184,7974,183,12,-119,-3024
78,208,8048,120,59,-50,-3008
-704,416,8346,71,-51,-97,-3008
74,506,7694,-84,-125,-265,-3024
942,-282,8314,-106,-21,-102,-3024
1128,-578,7592,-110,176,-73,-3024
744,-338,6750,-140,328,-184,-3040
-142,318,7208,-131,290,-414,-3040
-166,196,7326,-146,230,-295,-3056
-598,-124,7868,-95,38,-68,-3024
188,-848,8134,6,10,-193,-3040
-430,-1154,8384,134,-138,-114,-3040
-1246,-2228,9242,551,-422,53,-2992
-1800,-814,8936,788,-857,194,-3024
-614,520,7972,587,-1023,-182,-3024
2140,420,7004,363,-649,-217,-3008
3256,1658,6224,-2,53,-255,-3008
3098,2042,5904,-458,563,-121,-2992
1788,1456,7160,-567,965,-83,-3024
538,1774,7928,-873,1008,-112,-3008
-410,714,9156,-1005,1001,-152,-3040
-152,-364,8850,-1084,935,-121,-3024
-182,-1330,8790,-959,928,-113,-3056
-2576,-4002,8798,-59,154,-125,-3024
-2682,-2654,8800,554,-486,-221,-3040
-970,274,6904,424,-585,-178,-3056
1036,170,8424,144,-342,-124,-3024
1010,-26,7884,181,-119,-150,-3008
474,422,6884,116,43,-211,-3008
-40,702,7872,87,7,-132,-3008
-408,762,8044,-49,-165,-150,-3056
638,132,7744,-142,-99,-159,-2992
1388,-176,7048,-130,120,-126,-3040
868,-712,7800,-121,354,-101,-3024
-146,-332,7952,-87,315,-277,-3008
-450,48,8014,-84,238,-439,-3008
-814,-220,8172,-19,93,-172,-3024
-54,-640,7772,-140,46,-166,-3024
-2,-708,8134,41,-4,-117,-3008
-1204,-2142,8334,448,-290,-11,-3008
-1924,-754,8312,669,-727,299,-2992
-884,154,7912,624,-1006,-108,-3024
1484,516,7136,386,-843,-362,-3040
3544,1704,5830,248,-128,-179,-3008
3130,2308,6228,-345,432,-188,-3072
2614,1470,7122,-557,918,-53,-3024
668,1590,7406,-859,1080,-139,-3056
440,700,8042,-980,1020,-80,-3040
-266,118,8814,-1077,948,-149,-3008
184,-902,8032,-1196,1010,-203,-3024
-2278,-3764,8398,-347,375,-175,-3024
-2734,-3632,7778,417,-272,-169,-3008
-1168,418,6954,536,-700,-152,-3040
-152,118,8230,228,-566,-232,-3024
1480,146,7746,173,-159,-137,-2992
586,70,8196,280,-57,-45,-3040
-254,444,7706,157,-38,-145,-3008
-290,780,7494,-27,-123,-233,-3056
654,142,8446,-92,-117,-174,-3024
1214,-366,8262,-116,42,-109,-3040
1050,-408,6932,-163,345,-128,-3040
310,-362,7676,-141,444,-300,-3024
-262,-30,8066,-142,292,-433,-3040
-798,-340,9062,-31,149,-163,-3008
-32,-1026,8200,-126,35,-215,-3040
-346,-552,8310,13,-10,-51,-3056
-668,-2458,8460,464,-241,-80,-3024
-2072,-864,8938,784,-740,195,-3008
-1024,424,8048,702,-1004,14,-3008
690,368,7494,471,-963,-378,-3024
3314,1196,7154,310,-251,-194,-3024
3326,2176,6324,-253,398,-209,-3024
2600,1688,6802,-530,857,34,-3040
828,1834,7356,-824,1066,-163,-3008
14,598,9118,-1000,1026,-39,-3040
-106,452,8044,-1172,1041,-165,-3024
-18,-528,7598,-1207,1041,-145,-3024
-2390,-3654,8152,-314,366,-215,-2992
-2690,-2854,7586,302,-237,-136,-3040
-1568,-398,7124,506,-677,-160,-3040
502,394,7606,256,-543,-220,-2992
1270,-222,7402,248,-271,-163,-3024
800,64,7814,207,-84,-80,-2976
-30,588,7896,139,40,-158,-3008
-406,722,8288,52,-105,-194,-3024
278,214,8626,-92,-115,-166,-2992
982,-190,8154,-141,54,-92,-3008
1124,-780,7712,-126,340,-70,-3008
558,-310,7132,-93,392,-190,-3024
-408,96,7602,-121,282,-440,-3024
-526,-136,7956,-102,176,-451,-3024
-66,-336,7392,-244,77,-16,-3008
174,-1040,8090,8,34,-171,-3040
-668,-2022,8456,323,-209,-74,-3024
-2000,-968,8446,699,-556,114,-3024
-1922,-262,8900,722,-939,206,-3008
-140,296,7904,515,-1068,-348,-3008
2796,782,7318,444,-534,-219,-3024
3206,2132,6010,-121,251,-194,-3024
2640,2280,6182,-553,700,-57,-3024
1434,1552,6972,-698,1073,-64,-3040
278,1264,8198,-943,1018,-77,-3024
-734,384,8942,-1052,935,-124,-3024
-126,-56,7884,-1140,935,-212,-3056
-2158,-3706,9282,-579,679,-121,-3040
-2686,-4460,9684,285,-101,-84,-3008
-2626,-1978,9246,700,-669,-201,-3024
88,-96,7996,307,-594,-270,-3024
1400,218,7384,128,-277,-127,-3040
1220,90,8088,168,-61,-96,-3008
8,562,7522,96,30,-140,-3008
-210,564,7386,18,11,-165,-3024
174,558,7636,-158,-91,-204,-3024
724,-166,8532,-95,-30,-88,-3024
1122,-738,7276,-125,174,-62,-3024
674,-320,6920,-166,393,-113,-3040
-124,94,7098,-120,318,-430,-3040
-410,304,7666,-133,167,-343,-3024
-778,-12,8638,-65,19,-64,-3024
162,-1342,8178,38,-21,-178,-3040
-176,-1394,8322,142,-110,-130,-3008
-936,-2226,8754,580,-357,13,-3024
-1866,-556,9042,767,-785,209,-3024
-716,282,7830,610,-996,-144,-3008
1836,480,7750,417,-739,-375,-3008
3252,1554,7092,151,-54,-149,-3024
2926,2290,5770,-424,502,-196,-3024
2452,1574,6822,-588,993,-37,-2992
710,1686,7714,-876,1046,-75,-3008
8,656,9538,-967,987,-160,-3008
-332,-676,9126,-1048,966,-112,-3024
-178,-772,7948,-1067,899,-145,-3024
-2492,-3628,8254,-235,241,-155,-3040
-2484,-2832,8104,458,-373,-243,-3008
-1294,-8,7552,418,-586,-155,-2992
444,320,7196,157,-421,-240,-3024
892,98,7832,161,-140,-164,-3024
732,424,7236,151,25,-171,-3008
-98,444,8354,101,63,-187,-3040
-674,266,8302,71,-70,-216,-3024
310,14,8646,-70,-111,-141,-2992
818,-418,8636,-65,42,-98,-3008
780,-894,7688,-45,268,-112,-3008
-116,-496,7946,-25,314,-265,-3024
-162,-136,7502,-25,184,-438,-3024
-656,52,8432,-25,98,-261,-3040
-216,-822,8058,-137,27,-86,-3008
152,-758,7840,25,-6,-155,-2992
-396,-1500,8078,247,-148,-110,-2992
-1900,-1100,8278,665,-562,172,-3056
-1070,36,8478,666,-879,117,-2992
-106,334,7538,477,-974,-383,-3040
2450,696,7054,381,-414,-275,-3008
2988,2398,6500,-165,216,-192,-3024
2696,2156,6378,-538,719,-26,-3024
1562,1436,6634,-667,1053,-117,-3040
178,1136,8516,-938,1000,-93,-3008
-232,232,8134,-1120,960,-151,-3024
254,-278,7696,-1195,1010,-196,-3024
-1732,-3252,9204,-531,568,-152,-3040
-2508,-4184,8260,314,-163,-140,-3008
-1852,-746,7460,669,-677,-185,-3024
-262,362,8148,240,-526,-287,-2992
1238,-16,8404,165,-227,-179,-3056
846,-260,8242,205,-20,-180,-3008
128,398,7502,146,-15,-43,-3024
-262,578,7712,62,-44,-171,-3024
362,398,8498,-61,-130,-215,-3024
952,-282,8290,-84,-95,-134,-3008
1134,-364,7482,-113,200,-93,-3040
496,-358,6986,-110,393,-192,-3024
-266,-112,8214,-73,306,-352,-3056
-224,168,7652,-84,173,-317,-3008
-842,60,8332,-32,13,-45,-3008
36,-1052,8424,-28,-19,-207,-3024
-166,-1206,7974,189,-112,-169,-3024
-1380,-2238,8832,653,-446,31,-3024
-1918,-242,8950,783,-863,70,-3008
-784,328,8104,598,-970,-97,-3024
1828,266,6900,386,-672,-299,-3024
3340,2070,6338,6,71,-199,-3024
2760,1964,5942,-495,580,-154,-3008
2652,1386,6196,-615,1010,-54,-3040
310,1748,7710,-956,1060,-138,-3024
-254,538,8774,-1029,1034,-144,-3024
-298,-446,8318,-1084,948,-131,-3008
-618,-1982,8728,-737,773,-144,-3024
-2538,-4212,9174,140,-13,-148,-3008
-2688,-2428,9122,718,-619,-211,-3040
-350,308,8642,398,-591,-296,-3024
722,414,7842,189,-382,-203,-3024
1504,48,7472,154,-105,-116,-3008
444,518,7596,154,28,-120,-3008
-46,626,7534,130,-57,-179,-2992
-140,726,7676,-79,-166,-177,-3024
876,124,8088,-130,-96,-180,-3040
1328,-466,7846,-148,187,-123,-3008
1000,-264,7324,-170,421,-112,-3024
-126,4,7452,-184,409,-337,-3024
-260,276,7190,-203,274,-378,-2992
-668,-112,8206,-106,131,-92,-3040
162,-1314,8348,-48,41,-169,-3040
-580,-1192,8660,116,-75,-212,-3024
-978,-2392,8862,538,-349,-29,-3024
-2098,-672,8998,798,-833,205,-3008
-792,260,8440,676,-1044,-72,-3040
1042,368,7720,465,-850,-350,-3024
3424,1524,6664,153,-71,-164,-3024
3106,2240,6042,-393,461,-173,-3008
2248,1256,7676,-516,956,-50,-3040
460,1976,8170,-865,1055,-118,-3040
-108,294,9204,-966,1014,-93,-3024
-32,-262,9464,-1104,937,-82,-3024
-1276,-2886,9870,-886,879,-184,-3008
-2640,-3782,8626,-10,121,-149,-2992
-2806,-3054,8288,629,-547,-146,-3024
-214,584,7950,348,-644,-188,-3024
1090,72,8276,166,-416,-178,-3008
1358,-54,7550,199,-111,-132,-3008
404,426,6914,149,-12,-107,-3024
-96,958,7590,19,0,-164,-3024
-330,1034,8226,-103,-122,-209,-3040
792,-198,8074,-99,-81,-156,-3008
1414,-638,7564,-124,91,-119,-2992
1062,-522,7144,-157,394,-133,-3024
50,-292,7596,-146,440,-280,-3040
-420,42,7804,-138,242,-424,-3008
-950,14,8340,-11,101,-305,-3008
-40,-500,7968,-94,45,-155,-3008
26,-852,7810,35,-20,-121,-3024
-1108,-2138,8560,485,-330,-45,-2992
-1856,-846,8388,738,-701,165,-3040
-924,308,7964,626,-1000,32,-3040
1452,502,7204,410,-867,-403,-3024
3188,1048,7368,267,-183,-153,-3024
3196,2368,6158,-347,418,-229,-2992
2728,1514,6816,-577,894,-3,-3008
1036,1690,7434,-835,1074,-108,-3024
404,578,8642,-941,1051,-93,-3024
-346,-240,9112,-1052,976,-51,-3056
-152,-1200,8282,-1166,995,-275,-3008
-2586,-3852,8728,-269,295,-109,-2992
-2498,-3580,7590,483,-371,-186,-3024
-1068,614,7002,428,-658,-196,-3056
748,550,6824,179,-505,-210,-3008
1252,-282,7742,183,-194,-162,-3024
930,320,7888,158,47,-116,-3024
-128,656,7488,86,27,-140,-2992
-322,870,7394,-37,-66,-196,-3008
400,-10,8472,-130,-78,-150,-3008
1008,-528,8652,-97,22,-142,-3056
956,-778,7538,-58,280,-108,-3024
178,-666,7516,-69,328,-404,-3040
-460,126,8272,-87,248,-435,-3008
-760,-168,8196,-43,70,-11,-3024
146,-1094,8580,21,8,-173,-3024
-426,-906,8452,142,-135,-104,-3024
-1340,-1964,8696,571,-349,-6,-3008
-2012,-860,9024,751,-770,264,-3056
-1092,178,8508,662,-1030,-86,-2992
1546,466,8034,437,-766,-403,-3024
3290,1732,5794,168,-61,-177,-3008
3168,2052,6312,-383,432,-187,-3040
2670,1178,7436,-539,965,-36,-3024
208,1552,8476,-881,1032,-54,-3024
-300,308,8816,-973,963,-207,-3040
-136,-268,8868,-1131,986,-103,-3040
-750,-1686,9338,-883,863,-137,-3008
-2610,-3974,8924,-24,136,-103,-3024
-2554,-2616,8738,621,-517,-236,-2992
-514,642,6704,334,-616,-165,-2976
950,488,7812,141,-350,-166,-3008
1034,-88,7840,153,-94,-134,-3056
280,420,7672,94,39,-119,-3024
12,562,7126,17,73,-132,-3008
-348,972,8208,-81,-72,-159,-3008
200,-6,9266,-94,-81,-60,-3024
1058,-1020,7634,-96,78,-54,-2992
634,-562,7494,-64,306,-176,-3008
-358,-256,7976,-15,282,-245,-3008
-480,-122,8222,-3,143,-416,-2992
-664,-306,8366,41,34,-203,-2992
-48,-898,8652,-75,-18,-141,-2992
150,-314,8092,37,-11,-157,-3008
-632,-1786,8180,364,-246,-51,-3008
-1928,-626,8234,658,-634,153,-2992
-1248,108,8388,629,-914,30,-3024
638,376,7174,422,-890,-395,-3008
3060,1142,7238,352,-274,-149,-3008
2996,2372,6568,-230,312,-131,-3024
2738,1538,6326,-515,750,-8,-3024
866,1870,7966,-740,1012,-152,-3072
444,444,8322,-963,1065,-124,-3008
-364,246,7834,-1102,964,-118,-3024
-118,46,7460,-1145,923,-151,-3024
-2154,-3242,8256,-555,577,-155,-3040
-2348,-4546,9342,303,-99,-93,-3040
-2064,-1766,8302,708,-648,-174,-2976
-290,276,8166,312,-587,-238,-3024
1158,270,8138,137,-263,-210,-3024
1276,18,8320,163,-4,-145,-3040
-86,66,7964,187,28,-183,-3040
-196,448,7318,80,-40,-51,-3024
202,672,7784,-88,-125,-140,-3072
696,-112,8584,-78,-12,-166,-3024
1100,-878,7616,-90,144,-110,-3024
30,-184,8102,-84,346,-221,-3040
-358,252,7892,-83,281,-437,-3024
-94,26,7354,-103,157,-286,-3024
-484,-278,8228,-70,-39,-56,-2992
-138,-604,8436,21,7,-202,-3008
-454,-1572,8278,208,-152,-113,-3008
-1620,-1824,8752,641,-483,75,-3024
-1388,-208,8706,779,-874,98,-3024
-512,590,7604,510,-1023,-196,-3008
2110,576,7262,363,-505,-179,-3040
3200,2120,6392,-77,152,-221,-2992
3094,2236,5762,-493,666,-84,-3024
1828,1332,6928,-610,1028,-70,-3008
42,1364,8390,-908,1011,-107,-3040
-440,618,9388,-1090,937,-138,-3024
-138,-494,8846,-1106,998,-133,-3056
-1522,-3220,9646,-691,716,-119,-3024
-2616,-4354,8322,89,45,-136,-3008
-2516,-2678,8260,662,-552,-226,-3008
-112,622,8146,324,-602,-239,-2992
1028,116,8126,159,-364,-223,-3024
954,-230,7934,217,-152,-55,-3008
438,450,7406,118,26,-86,-3008
-54,578,7622,94,-3,-193,-3024
-444,848,7836,-108,-132,-198,-3024
796,174,7720,-118,-102,-117,-3008
1376,34,7192,-160,140,-133,-3008
826,-490,7880,-152,382,-112,-3024
-232,448,7264,-149,338,-316,-3024
-428,258,8202,-140,221,-446,-3040
-628,8,7798,-99,89,-157,-3008
208,-1266,8610,-49,37,-167,-3024
-288,-1186,8752,191,-70,-95,-3024
-1240,-2308,8832,551,-373,124,-3040
-2098,-426,9064,777,-827,214,-3040
-356,66,8244,629,-1066,-180,-3040
1514,282,7328,440,-745,-322,-3040
3352,1950,6166,141,7,-176,-3024
2892,2480,5876,-434,523,-159,-3024
2554,1276,7286,-567,1016,-30,-3008
552,1684,7902,-884,1092,-131,-3008
-454,286,9886,-915,967,-127,-3024
-296,-164,9028,-1008,892,-114,-2992
-14,-1354,8870,-1002,969,-184,-3024
-2782,-4034,9396,-166,191,-164,-3008
-2710,-3158,7406,490,-395,-235,-3024
-940,714,6670,385,-608,-116,-3024
1084,722,6908,115,-459,-196,-3024
1510,-40,7332,166,-144,-171,-3008
666,-60,7394,247,-18,-106,-3008
-366,670,7938,136,-54,-126,-3024
-154,794,7196,-54,-118,-198,-3024
684,26,8388,-126,-90,-219,-3008
1364,-550,7966,-72,64,-83,-3008
860,-274,7404,-143,366,-131,-3024
70,140,7706,-198,424,-278,-3024
-466,332,8126,-186,272,-358,-3040
-826,-154,8908,-42,101,-108,-3008
-24,-1114,8456,-95,55,-64,-3024
-244,-1446,8028,17,-35,-75,-3056
-696,-2264,8082,454,-282,-62,-3008
-1868,-642,8356,787,-771,171,-3040
-824,578,7878,650,-1012,-15,-2960
842,600,7384,377,-821,-377,-3024
3658,1544,6410,205,-190,-152,-3040
3406,2618,5674,-359,462,-212,-3008
2482,1410,7242,-585,916,-58,-3024
770,1844,7380,-852,1088,-114,-3024
208,670,9136,-978,1058,-180,-2992
-106,-366,9360,-1142,993,-137,-3008
-256,-602,8136,-1122,985,-222,-3008
-2378,-3796,8064,-279,318,-32,-2992
-2698,-2806,8352,411,-351,-176,-3056
-1604,86,7568,422,-654,-171,-3056
634,274,7144,205,-465,-253,-3024
1208,-168,7722,226,-232,-105,-3008
806,168,7982,202,-32,-129,-3024
-104,522,7990,130,6,-168,-2992
-450,710,8384,45,-100,-152,-2992
422,60,8496,-61,-143,-186,-3008
808,-508,8688,-112,42,-85,-3040
1076,-816,7912,-101,346,-135,-2992
-78,-506,8092,-66,393,-260,-3024
-408,-46,7642,-82,268,-574,-3040
-596,-284,8508,-19,91,-196,-3024
-140,-972,8414,-104,21,-141,-3024
-276,-1024,8738,94,-29,-141,-3024
-1094,-2360,9066,445,-261,-63,-3008
-2158,-1042,8658,733,-683,237,-3040
-1108,2,8338,695,-959,84,-3024
1146,304,7814,470,-954,-418,-3024
2778,888,7272,352,-304,-177,-3008
3192,2374,6560,-290,348,-229,-3008
2716,1350,7236,-535,856,-68,-3008
1348,1734,7028,-809,1121,-171,-2992
208,1004,8210,-1018,1058,-189,-3024
-30,48,7846,-1173,977,-17,-3008
38,20,7386,-1269,1058,-212,-3024
-2188,-3656,8444,-444,471,-120,-3056
-2622,-3454,7494,308,-225,-164,-2992
-998,384,6476,599,-689,-149,-3008
72,56,8086,226,-548,-255,-3040
1384,-236,8328,176,-232,-175,-3024
644,52,8152,221,-2,-97,-3024
-66,602,7772,117,-10,-137,-3024
-332,554,7890,-17,-35,-199,-3008
408,142,8882,-108,-77,-230,-3040
854,-270,8238,-61,-37,-156,-3024
1088,-622,7826,-118,269,-213,-3024
48,-562,7404,-68,366,-167,-2976
-466,102,8158,-66,238,-370,-3040
-394,50,8020,-73,147,-251,-3024
-456,-222,7316,-101,-14,-60,-3024
-158,-498,8344,56,-34,-191,-3024
-490,-2210,8770,285,-172,-87,-3040
-1752,-1656,8806,719,-573,124,-3040
-1668,122,8748,734,-888,98,-3008
258,410,7674,529,-1001,-323,-2992
1958,78,7554,403,-532,-229,-3024
3198,2112,6452,-102,207,-151,-3008
2622,1616,6134,-519,625,-58,-3008
2348,1340,6250,-669,1039,-45,-3024
336,1370,8220,-920,1014,-158,-2992
-306,318,8456,-1035,998,-132,-3008
-310,-402,9080,-1062,955,-94,-3056
-1170,-2726,9440,-689,713,-134,-3024
-2548,-4116,9194,84,-25,-175,-3024
-2084,-2122,8562,643,-540,-173,-3008
-146,550,7326,314,-565,-201,-3008
788,308,8018,140,-352,-165,-3024
1076,206,7892,105,-79,-166,-3024
700,602,7476,65,145,-163,-3024
-70,674,7396,65,29,-160,-3008
-20,644,7406,-109,-156,-169,-3008
460,-150,8156,-149,-63,-148,-3024
1224,-234,7792,-163,144,-135,-2992
886,-478,6418,-118,336,-162,-3008
-62,-614,7546,-37,270,-278,-3024
-482,48,8576,-20,184,-485,-3024
-692,48,8464,-2,62,-109,-3024
140,-1036,8324,-14,-27,-155,-3040
-392,-956,9192,140,-73,-155,-3008
-1080,-2268,9392,521,-317,-52,-2992
-1994,-814,9020,776,-773,171,-3024
-1206,-314,9030,758,-987,-79,-3024
1166,-54,8082,521,-875,-411,-3040
3122,1380,7352,267,-196,-140,-3040
2958,2148,6906,-270,357,-197,-2992
2724,1190,7314,-483,900,-60,-3056
758,1624,8092,-780,1020,-149,-3024
-260,562,9568,-943,972,-108,-3024
-168,320,8354,-1117,951,-97,-3008
394,-598,7618,-1189,1031,-217,-3008
-2458,-3776,8706,-378,390,-127,-3024
-2486,-3834,7678,330,-246,-148,-3024
-1458,-178,6790,500,-623,-173,-3008
524,624,7544,156,-451,-250,-3040
978,-118,8728,165,-190,-162,-2992
618,-270,8298,251,-16,-198,-2992
-74,80,7442,143,6,-192,-3024
-608,522,8580,78,-109,-167,-3008
232,256,8860,-51,-150,-164,-3008
1006,-528,8310,-50,-43,-107,-3024
886,-466,7640,-98,254,-120,-3024
358,104,7254,-160,373,-181,-3040
-254,-44,7776,-89,255,-336,-3008
-360,18,8054,-66,184,-259,-2992
-742,58,8310,-121,34,-53,-3056
-128,-1036,8420,15,7,-189,-3024
-624,-2170,9034,298,-150,-50,-3040
-1596,-2256,8870,702,-547,66,-3024
-1962,-152,8920,769,-917,1,-3024
-202,346,8284,559,-997,-335,-3024
2582,498,7602,453,-570,-212,-3040
3290,1792,6220,-24,168,-202,-3040
2724,2056,6516,-487,626,-128,-3024
1036,1262,8062,-620,1015,-62,-3024
230,1546,8018,-932,1006,-107,-3024
-370,322,9006,-1049,969,-156,-3040
-400,-326,8424,-1053,899,-108,-3040
-600,-1786,9164,-755,802,-159,-3024
-2574,-4384,9174,117,-6,-73,-3024
-2660,-2282,9210,719,-585,-113,-3008
-322,140,8410,398,-626,-115,-3008
1016,244,7600,187,-413,-274,-3024
1344,-108,8106,192,-112,-136,-3024
224,410,7946,195,10,-78,-3008
-426,460,8110,120,-70,-206,-3040
-124,768,7616,-82,-169,-144,-3024
996,188,7906,-125,-41,-136,-2992
1332,-598,7622,-117,205,-51,-3024
342,-312,7956,-135,418,-183,-3024
-224,220,7398,-190,386,-375,-3040
-258,298,7254,-234,303,-302,-3008
-790,-42,7744,-137,64,-2,-3024
102,-1202,8464,3,-16,-109,-3024
-530,-1710,8614,197,-99,-189,-3008
-1686,-2084,8806,637,-437,9,-3008
-2012,-412,8600,747,-867,222,-3056
-580,536,7906,602,-1066,-200,-3024
2054,534,7132,411,-635,-285,-2992
3386,2184,5736,-36,62,-174,-3008
3096,2328,5852,-497,643,-89,-3040
2190,1340,6900,-568,1026,-85,-2992
48,1622,8178,-904,1033,-123,-3024
-224,728,9612,-1024,996,-153,-3008
56,-376,8806,-1108,1010,-131,-3008
-1720,-3164,10202,-837,861,-86,-3024
-2596,-3696,8886,29,86,26,-2992
-2868,-2842,8488,605,-534,-305,-3040
-180,482,7982,306,-631,-227,-3008
956,320,7166,184,-413,-129,-3024
1306,-68,7766,208,-95,-84,-3056
268,428,7092,162,0,-156,-3056
8,804,7814,69,-2,-162,-3008
256,740,7990,-136,-117,-178,-3040
622,-38,8296,-120,-55,-155,-3024
1344,-678,7526,-118,185,-92,-3024
496,-368,7468,-153,380,-88,-3008
-30,-370,7626,-103,331,-281,-3024
-450,-24,8162,-76,216,-416,-2992
-1082,-166,8760,42,21,-164,-2992
60,-1442,8920,2,0,-140,-3008
-58,-1070,8516,196,-97,-84,-3040
-1222,-2336,8660,587,-369,25,-2992
-2080,-338,9136,756,-848,200,-2992
-808,308,8050,607,-1016,-117,-3024
1640,248,7274,406,-732,-317,-2992
3500,1792,6148,128,-35,-169,-3040
3192,2364,6070,-453,510,-161,-3056
2638,1546,6894,-640,997,-21,-2992
610,1534,7220,-939,1093,-121,-3024
-220,392,9394,-973,1004,-86,-3008
-314,-146,9148,-1031,930,-8,-3008
-446,-1516,8830,-998,968,-129,-3008
-2538,-4008,8918,-182,179,-120,-3024
-2608,-3290,7744,517,-404,-205,-3024
-802,612,6940,411,-639,-134,-3008
958,494,7166,139,-419,-236,-3040
1380,-38,7548,131,-172,-159,-3024
840,276,7326,155,70,-138,-2992
-246,700,7734,70,23,-149,-3008
-492,866,8290,-86,-78,-180,-3024
844,16,8124,-179,-38,-156,-2992
1034,-568,8498,-105,105,-57,-3056
822,-614,7414,-137,386,-49,-3008
-188,-266,7242,-76,326,-351,-3008
-496,-20,7866,-83,206,-438,-3024
-886,-190,9060,-11,78,-35,-2992
72,-1550,8504,-4,-4,-136,-3040
-288,-562,8072,92,-79,-155,-3024
-722,-2166,8744,491,-307,-60,-3024
-1952,-452,8968,733,-753,264,-3024
-906,520,8256,676,-976,-15,-3008
808,306,7674,456,-877,-416,-3008
3186,1196,7314,275,-155,-210,-3040
3022,2268,6582,-280,376,-122,-3024
2734,1452,7324,-497,896,1,-3056
702,1748,7852,-807,1061,-19,-3008
32,456,9108,-973,1004,-122,-3008
-62,320,8020,-1143,989,-133,-3056
52,-336,7846,-1202,1041,-159,-2992
-2402,-3864,8086,-323,356,-111,-3040
-2760,-2840,8400,386,-303,-197,-3008
-1498,-272,7466,447,-642,-167,-3008
622,510,7440,151,-433,-286,-3008
1194,-102,7464,141,-167,-119,-3008
622,-74,7942,154,7,-128,-3024
42,554,7670,50,78,-171,-3024
-544,520,8326,14,-36,-205,-3040
218,12,8638,-80,-148,-172,-3024
1060,-578,7682,-65,41,-54,-3024
752,-666,8046,-85,286,-139,-3008
18,-528,7490,-32,295,-236,-3008
-440,-4,8236,3,149,-403,-3040
-470,-236,8102,17,40,-261,-3024
-74,-144,7648,-100,34,-130,-3024
-36,-598,8248,80,-32,-167,-3008
-438,-1708,8370,336,-186,-93,-3056
-1802,-1232,8682,675,-573,143,-3056
-1192,64,8282,643,-865,59,-3024
786,272,7444,452,-931,-328,-3040
2438,470,7268,386,-370,-171,-3008
3006,2350,6240,-199,246,-96,-3024
2812,1416,6588,-547,739,-36,-3056
1530,1544,6716,-720,1039,-122,-3040
374,1016,8236,-961,1032,-112,-3040
-298,344,7894,-1088,963,-93,-3024
-570,-190,8710,-1146,876,-186,-3024
-1342,-2786,9208,-687,648,-174,-3024
-2258,-4412,8726,270,-80,-99,-3040
-2722,-2862,9150,732,-633,-169,-3024
-420,426,8382,321,-525,-237,-3024
1316,-20,8000,129,-249,-209,-2992
954,-142,8980,194,-77,-146,-3040
98,344,8182,212,12,-143,-3008
-436,238,7856,90,-7,-59,-2992
152,192,8806,-62,-182,-201,-2992
692,24,7922,-103,-69,-157,-3008
1248,-454,7314,-55,141,-52,-3024
608,-424,7086,-88,350,-251,-2992
-216,-70,8044,-78,247,-393,-3024
-352,-36,8182,-147,212,-267,-3024
-588,136,7822,-78,12,-33,-3024
162,-988,7922,-13,18,-233,-3040
-418,-1772,8476,148,-108,-132,-3008
-1172,-2128,8564,617,-430,69,-3024
-1642,-584,8548,748,-873,138,-2992
-362,276,7724,556,-1036,-128,-3008
2016,512,7654,383,-632,-233,-3040
3352,1962,6194,-11,89,-211,-3024
3076,2178,5172,-508,606,-130,-2992
1524,1626,7378,-600,1021,-79,-3056
366,1830,8064,-891,1016,-125,-3008
-200,430,8926,-1008,967,-154,-3008
-372,-528,9204,-1062,975,-104,-3024
-520,-1508,9004,-846,829,-143,-3024
-2654,-4056,8990,-30,133,-124,-3040
-2434,-2750,8666,605,-466,-233,-3040
-842,556,6906,353,-569,-187,-3024
788,588,7208,162,-393,-248,-3024
1218,88,7558,158,-189,-36,-3040
628,500,7304,164,17,-168,-3008
-98,516,7798,156,-14,-156,-2992
-342,814,7766,-15,-158,-184,-3024
614,312,7998,-96,-122,-160,-3056
1106,-298,8472,-172,128,-132,-3040
1030,-584,7094,-158,368,-133,-3056
-228,174,7966,-120,388,-305,-2992
-182,198,7098,-113,223,-443,-3040
-714,494,7826,-71,94,-154,-3040
-144,-1296,8958,-41,2,-104,-3024
-356,-1236,8960,131,-30,-98,-3024
-1530,-2366,8926,559,-335,66,-3024
-2178,-968,8772,776,-821,217,-3040
-892,12,8642,691,-1055,-144,-3008
1692,108,7724,451,-841,-366,-3024
3494,1330,6700,195,-87,-146,-3024
3182,2290,6072,-383,456,-222,-3008
2564,1400,7394,-526,952,-28,-3008
948,1880,7648,-850,1076,-130,-3056
162,610,8890,-957,1028,-99,-2976
-78,-408,8910,-1044,933,-141,-3024
-490,-1788,9840,-1108,1027,-217,-3024
-2550,-3564,8434,-224,278,-116,-3008
-2918,-3134,7672,457,-362,-268,-3040
-646,554,7080,463,-672,-120,-3024
316,460,7300,119,-455,-217,-3024
1296,88,7766,142,-154,-178,-3008
492,274,7010,254,-18,-129,-3040
-374,168,7912,176,-70,-133,-3024
-410,670,8130,19,-153,-197,-3024
630,26,8910,-76,-98,-208,-3008
1246,-658,7766,-94,39,-95,-3008
1142,-582,7262,-172,353,-108,-3008
138,-44,7248,-185,401,-341,-3024
-324,318,7602,-185,320,-384,-3008
-754,-370,8268,-53,117,-150,-3040
-250,-692,7414,-106,8,-37,-3024
-190,-248,8178,30,2,-131,-3024
-886,-2170,8122,405,-236,-74,-3008
-1976,-500,8626,766,-740,182,-3008
-1250,392,8268,640,-989,-1,-3008
1248,660,6828,365,-872,-386,-3024
3698,1752,5980,230,-183,-201,-3024
3424,2260,6620,-303,391,-195,-2976
2628,1648,6924,-544,906,-22,-3040
708,2042,7062,-851,1083,-154,-2992
204,702,8414,-1014,1069,-181,-3024
-110,118,8666,-1136,1054,-128,-3040
-276,-950,8238,-1179,1029,-208,-3008
-2320,-3848,9024,-322,380,-13,-3024
-2636,-3594,7434,377,-293,-204,-3024
-1180,358,7282,524,-707,-179,-3024
688,424,7226,272,-535,-250,-3008
962,-408,8420,238,-278,-106,-3040
948,120,7554,181,-41,-161,-2992
-152,770,7990,143,4,-180,-2992
-444,502,8760,37,-100,-157,-3024
438,0,8398,-106,-127,-145,-3040
1042,-400,8388,-115,34,-74,-3024
796,-474,7902,-90,302,-55,-2992
186,-308,8122,-142,417,-208,-3008
-282,-216,7280,-86,276,-476,-3008
-952,48,9272,-49,144,-331,-3024
-396,140,7808,-180,59,-49,-3024
-46,-872,7800,46,24,-157,-3008
-692,-2276,8436,343,-200,-82,-3008
-1684,-1480,8244,706,-616,173,-2992
-1430,62,8484,671,-911,175,-3056
452,342,7204,493,-1007,-399,-3040
3034,1298,7120,416,-417,-191,-2976
3180,2290,6224,-172,250,-168,-2992
2708,1698,6448,-533,730,5,-2992
1016,1606,7274,-690,1053,-106,-3040
352,1240,7714,-1006,1072,-20,-3008
-418,526,8224,-1125,965,-138,-3040
196,132,6988,-1214,1011,-153,-3024
-1584,-3246,10056,-542,638,-128,-3024
-2600,-4532,8710,258,-136,-118,-3008
-2066,-1074,8028,727,-698,-226,-2976
-188,266,8158,312,-606,-226,-3024
1372,92,8570,165,-229,-132,-2992
880,-336,8510,222,-50,-125,-3040
170,572,7034,100,15,-83,-2992
-178,816,7714,-18,45,-223,-2992
308,490,8010,-175,-42,-170,-3024
824,-472,8612,-93,-63,-94,-3008
1156,-642,7338,-108,202,7,-3040
392,-254,7168,-86,356,-243,-3040
-276,-138,7588,-72,307,-362,-3024
-248,184,7362,-80,157,-343,-3024
-806,-52,8264,-4,14,-61,-3008
154,-1098,8276,24,-6,-172,-3008
50,-788,8070,151,-82,-113,-3056
-1194,-1986,8466,578,-395,39,-3024
-1944,-286,8680,764,-832,186,-3008
-550,440,8078,607,-988,-195,-3008
1450,192,7462,416,-682,-340,-3008
3362,1476,6574,108,17,-220,-3040
2724,2216,6106,-437,494,-169,-3024
2696,1446,6818,-599,994,39,-2992
524,1936,7660,-935,1072,-139,-3008
-28,320,8904,-986,1019,-166,-3008
114,-212,8468,-1058,957,-106,-3024
-270,-1096,8282,-1017,916,-147,-3024
-2526,-3550,8506,-214,208,-153,-3024
-2538,-2920,8802,508,-383,-206,-3008
-1052,410,7068,397,-627,-148,-3008
486,634,7266,161,-460,-259,-3024
1136,248,7122,69,-129,-190,-2992
1016,70,7454,137,103,-159,-3008
-88,530,7664,120,10,-183,-3008
-612,896,7760,16,-133,-185,-2992
134,42,9184,-75,-145,-127,-3024
972,-832,8494,-57,11,-166,-3008
722,-644,8214,-9,248,-136,-3040
62,-486,8366,-24,317,-269,-2992
-288,-262,8070,-21,189,-445,-3024
-598,-242,8918,-24,129,-249,-3008
-200,-1098,8914,-81,-2,-110,-2976
24,-806,8234,111,-51,-136,-3040
-700,-2174,9126,334,-195,-98,-2992
-2120,-1386,9396,726,-629,185,-3024
-1312,-266,8416,771,-944,36,-3008
252,470,7774,475,-945,-397,-3008
2740,834,7396,316,-404,-238,-3024
3218,2408,5590,-182,259,-145,-3024
2858,1792,6568,-460,709,-53,-3008
1034,1632,7522,-681,1042,-124,-3040
288,1278,8060,-926,1008,-91,-3024
-524,548,8298,-1120,945,-99,-3024
8,-50,7964,-1182,1039,-163,-2992
-2250,-3638,8336,-588,629,-140,-3040
-2592,-4490,8964,241,-101,-91,-3008
-2252,-1874,8774,724,-646,-185,-3024
68,216,8326,297,-562,-254,-2992
1140,220,8344,190,-264,-130,-2992
500,-94,7818,261,-41,-161,-3040
-66,196,8032,196,-43,-71,-3008
-374,366,8476,72,-54,-233,-3024
226,-146,9176,-22,-160,-196,-2992
1014,-118,7708,-44,-49,-135,-3040
1128,-202,7600,-154,211,-49,-3008
468,-244,6826,-191,453,-200,-3024
26,-60,7126,-122,347,-346,-3024
-406,194,7888,-77,159,-356,-3008
-630,248,7778,-86,40,-79,-3040
-204,-1060,9000,-35,12,-222,-3024
-282,-1948,8474,233,-146,-131,-2992
-1662,-2096,9158,696,-537,10,-2992
-1748,-154,8754,755,-896,104,-3040
-446,136,8008,577,-1037,-200,-3008
2066,276,7456,392,-620,-288,-3024
3046,2364,6400,27,100,-218,-3024
2880,2446,6086,-473,615,-119,-3008
2134,1172,6794,-588,1010,-64,-3040
130,1168,8480,-956,1042,-137,-3024
188,392,8582,-984,989,-122,-2992
-326,-300,9358,-1048,900,-106,-3024
-1110,-2560,9372,-907,870,-167,-3008
-2538,-3746,8388,-43,126,-140,-2992
-2716,-2778,8666,612,-493,-200,-3024
-410,682,7720,362,-596,-256,-3024
1150,92,7598,160,-420,-222,-3008
1444,-200,7152,147,-129,-122,-3008
484,556,7704,209,36,-109,-3024
-272,596,7576,160,-49,-156,-3024
-544,886,7838,-90,-161,-193,-2976
896,78,7918,-124,-64,-150,-3008
1454,-198,7798,-123,143,-66,-3040
990,-514,7860,-154,342,-136,-3056
54,-188,7410,-147,441,-307,-2992
-354,232,7778,-121,269,-394,-3040
-912,70,8602,-14,134,-47,-3040
-108,-854,8998,-37,34,-74,-3008
-404,-1118,8284,86,-46,-70,-3008
-1268,-2370,8852,503,-348,-81,-3024
-2018,-962,8732,769,-779,214,-3024
-1002,554,8190,682,-1056,-6,-3040
1714,534,7078,413,-831,-355,-3008
3342,1098,7118,189,-105,-191,-2992
3338,2160,6548,-371,464,-170,-3024
2642,1410,6988,-546,957,-23,-3008
904,1730,7540,-827,1077,-117,-3024
22,776,9242,-978,1020,-125,-2992
118,-170,8624,-1137,989,-103,-3024
-672,-1618,9248,-1132,1004,-104,-3040
-2444,-3802,8634,-226,321,-17,-3008
-3026,-3260,8078,431,-349,-235,-3024
-654,662,6848,419,-633,-191,-2992
520,130,7678,185,-459,-229,-2992
1272,-232,7798,196,-191,-122,-3008
476,134,7360,250,-54,-123,-3008
-90,584,7706,106,-27,-174,-3024
-332,642,8484,4,-70,-190,-3024
502,-194,8704,-41,-152,-157,-3008
948,-228,8160,-119,25,-113,-3024
1182,-630,7332,-132,335,-120,-3024
232,-170,7478,-177,436,-202,-3024
-418,110,7878,-139,270,-350,-3008
-560,78,7710,-103,167,-188,-3008
-180,102,6886,-236,58,-59,-2976
160,-698,7428,-30,43,-186,-2992
-420,-2188,8338,384,-199,-66,-3024
-2012,-1082,8850,720,-606,182,-3040
-1280,166,8068,654,-944,113,-3008
-208,208,8046,484,-1004,-353,-2992
2616,458,7224,410,-418,-193,-2992
3180,2470,6628,-172,249,-255,-3008
2616,2648,6126,-569,715,-68,-3024
1698,1304,6570,-714,1067,-134,-3024
144,1260,8696,-995,1069,-139,-2992
-380,168,7882,-1130,989,-39,-3024
126,-274,7434,-1194,986,-171,-3008
-2334,-3462,8066,-433,488,-191,-3008
-2514,-4258,8170,348,-190,-151,-3024
-1776,-382,7398,650,-694,-149,-3024
382,268,7280,286,-581,-230,-3024
1338,-236,8090,165,-240,-189,-3008
1002,168,8290,197,22,-119,-3008
-80,406,7452,102,47,-107,-3024
-214,490,7718,15,-59,-206,-3024
324,306,8766,-116,-108,-249,-3008
832,-422,8800,-104,1,-106,-3008
1198,-574,7900,-84,248,-79,-2992
386,-650,7140,-85,376,-155,-2992
-510,42,8116,-77,240,-503,-3040
-488,-290,8144,-113,244,-258,-3040
-632,-302,7430,-114,16,-53,-3024
-148,-830,8182,85,-26,-171,-3024
-526,-2034,8730,278,-195,-112,-3024
-1742,-1812,8808,692,-511,141,-3008
-1634,-374,8752,787,-886,165,-2976
-54,360,7946,567,-1064,-380,-3024
1928,240,7190,398,-552,-264,-3024
3224,2150,6096,-90,181,-238,-3040
2788,1930,5868,-548,658,-115,-3008
2400,1466,6256,-658,1057,-135,-3024
368,1614,7778,-972,1043,-11,-3024
-346,598,8308,-1079,974,-102,-2992
-196,-252,8246,-1164,998,-136,-2976
-2264,-3880,8868,-518,601,-151,-3024
-2754,-4252,8964,221,-138,-156,-3024
-2078,-1910,8342,683,-645,-197,-3008
150,212,8584,317,-543,-234,-3008
1030,238,8142,202,-286,-142,-3024
852,-144,8128,214,-69,-121,-3024
44,568,8140,94,78,-161,-2992
-132,450,8280,25,44,-156,-3008
-174,474,8056,-110,-115,-207,-3008
776,-312,8058,-111,-40,-33,-2976
1140,-812,7342,-128,178,-110,-3024
742,-304,6746,-114,343,-194,-3024
-360,24,8010,-14,237,-353,-3008
-374,306,7538,-58,105,-452,-3008
-824,-100,8690,-26,16,-110,-2992
118,-1232,8700,6,-37,-194,-2992
-264,-1242,8646,185,-124,-85,-3040
-1386,-1658,8488,571,-371,107,-3008
-1584,122,8594,707,-816,209,-3008
-798,58,8792,625,-1025,-174,-3024
1906,58,7696,447,-663,-246,-3024
3068,2150,6004,75,16,-135,-3024
2758,2254,6480,-447,471,-259,-3040
2328,1370,7378,-566,963,-40,-3008
590,1382,7864,-860,1052,-88,-3056
-2,302,9344,-919,978,-117,-3024
-336,-592,9436,-978,866,-118,-3040
-400,-1824,9558,-1027,911,-143,-3008
-2508,-3654,8544,-170,200,-111,-3024
-2672,-3142,7900,504,-400,-178,-3024
-698,594,7246,425,-596,-173,-3008
1058,480,7634,114,-390,-236,-3008
1170,84,7754,94,-110,-139,-2976
566,196,7432,176,51,-47,-3024
-284,444,7604,81,15,-186,-3008
-80,570,7692,-64,-136,-113,-3008
470,4,8418,-109,-83,-211,-3024
1110,-394,7898,-66,74,-94,-2992
890,-554,6704,-118,333,-150,-2992
-70,154,6908,-141,335,-280,-3008
-164,110,7680,-113,241,-380,-2976
-602,-254,8154,-4,62,-128,-3024
-128,-618,8582,-64,-22,-135,-2992
-408,-412,8792,23,-35,-130,-3040
-650,-2262,8532,421,-264,-38,-3040
-1832,-694,8766,785,-725,159,-2992
-824,448,7948,673,-988,39,-3056
810,692,7712,328,-790,-319,-3024
3470,1272,6298,154,-91,-222,-3024
3140,2310,6140,-363,429,-195,-2992
2600,1394,6236,-547,965,-23,-3008
824,1736,7532,-881,1069,-105,-3008
114,658,9012,-993,985,-136,-3056
-70,-402,9216,-1095,1029,-133,-3024
10,-452,7940,-1125,1001,-155,-2976
-2276,-3602,8012,-305,352,-145,-3008
-2704,-2940,8118,387,-285,-229,-3024
-1624,-460,7564,494,-649,-192,-3024
46,600,7868,187,-515,-294,-3040
1020,-230,7320,195,-213,-107,-3040
986,-278,7930,226,-6,-117,-2992
112,260,7830,185,-11,-158,-2992
-728,664,8650,83,-163,-194,-3024
380,-106,8276,-62,-167,-134,-3008
1040,-322,8180,-102,4,-109,-3008
894,-530,8086,-96,289,-131,-3024
186,-394,7722,-107,397,-215,-2992
-260,-20,7562,-102,306,-402,-2976
-414,-198,7752,-91,166,-339,-3008
-310,-296,8198,-229,68,-89,-3024
200,-754,8216,-23,1,-239,-2992
-578,-1922,7702,255,-124,-116,-3040
-1914,-1278,8626,671,-557,178,-3008
-1738,-260,8322,714,-977,123,-3024
-44,506,7878,501,-1005,-367,-2992
2866,620,6662,383,-441,-231,-3024
3238,2508,6350,-201,221,-247,-3040
2716,2342,5966,-545,752,-44,-3008
1468,1440,6694,-694,1089,-131,-3024
200,862,8304,-988,1024,-88,-2992
-538,396,8400,-1067,964,-158,-3008
-126,112,8196,-1195,983,-80,-3040
-2012,-3632,8424,-612,712,-177,-3024
-2564,-4140,7740,345,-168,-194,-2992
-1568,-34,7052,653,-713,-70,-3040
-66,172,7966,295,-599,-268,-3008
1198,-186,8522,229,-280,-194,-3008
648,-26,8302,321,-77,-114,-3008
-170,468,8222,191,-39,-117,-3024
-204,562,7974,53,-80,-192,-3024
496,208,8708,-101,-126,-225,-3008
1078,10,7902,-116,-58,-115,-3024
1358,-516,7458,-122,242,-114,-3024
82,92,7850,-156,432,-219,-3024
-224,-48,7334,-119,346,-393,-3040
-328,-196,7864,-121,204,-315,-3040
-760,42,8108,-98,46,-136,-2992
50,-856,7398,-36,11,-207,-3024
-298,-2012,8490,253,-148,-56,-3024
-1824,-2120,9200,767,-566,64,-2976
-1862,-78,8912,790,-952,158,-3008
-580,202,8206,593,-1069,-253,-3024
1970,194,7888,480,-614,-236,-3024
3364,2106,6724,-1,147,-209,-3008
2804,2392,6158,-492,609,-82,-2992
2228,1342,6918,-634,1025,-92,-3024
74,1324,8180,-963,1069,-60,-2992
-378,288,8684,-1029,1011,-165,-3008
-290,-522,9644,-1045,954,-98,-3008
-1804,-3446,10154,-653,728,-243,-3024
-2794,-4312,8956,130,-19,-78,-3024
-2664,-2946,8906,721,-624,-194,-2992
-216,364,8104,347,-640,-202,-3008
994,-98,8068,207,-397,-192,-3008
1332,-20,6998,184,-153,-134,-3024
552,490,7560,137,56,-124,-3024
-156,704,8022,81,-5,-123,-3040
-466,1010,7946,-140,-96,-174,-2992
798,82,7834,-154,-27,-186,-3024
1392,-480,7560,-178,200,-35,-3024
726,-504,6998,-152,379,-92,-3040
-8,-440,7352,-110,379,-322,-3008
-414,122,7990,-121,239,-561,-2992
-800,176,8184,-86,99,-67,-3024
-140,-1072,8972,-9,31,-165,-3024
-164,-1346,8260,163,-114,-72,-2992
-1338,-1956,9108,588,-381,-20,-3008
-1882,-156,8558,742,-812,280,-2976
-1142,390,8756,677,-1063,-105,-3024
1794,198,7410,463,-804,-384,-3024
3368,2074,6362,155,-66,-206,-3024
3060,2242,6642,-388,499,-161,-3008
2696,1374,7352,-570,998,-20,-3040
460,1586,8022,-894,1066,-129,-3008
-326,410,9046,-965,983,-57,-3008
12,-154,8828,-1089,954,-61,-3008
-450,-2126,9232,-995,988,-206,-2992
-2896,-4114,9958,-55,141,-128,-3024
-2870,-3106,7938,495,-435,-152,-3008
-584,794,6830,355,-612,-203,-3008
1298,538,7464,87,-358,-236,-3008
1316,62,7870,123,-105,-140,-2992
460,410,7242,108,24,-107,-2992
-124,690,7204,26,60,-171,-3008
-222,572,8044,-53,-71,-243,-3024
294,-204,9058,-66,-74,-208,-3024
844,-832,8282,-13,22,-207,-3024
704,-580,7144,-72,264,-65,-3008
-62,-338,7762,-72,364,-238,-3008
-374,-62,7880,-39,173,-412,-3024
-710,-24,8446,-2,33,-212,-3008
-258,-186,7774,-99,31,-75,-3024
36,-618,7734,56,-55,-157,-2992
-808,-2012,9140,441,-271,-63,-2992
-1978,-932,8718,740,-687,182,-3008
-1406,146,8468,653,-955,111,-3008
704,382,7546,436,-880,-366,-3024
3124,1056,7086,353,-284,-159,-3024
3206,2436,6304,-212,305,-172,-3008
2794,1678,6142,-572,812,-109,-3008
732,1958,7636,-761,1029,-160,-3008
312,1008,8432,-975,1047,-62,-3024
-236,212,8230,-1089,971,-87,-2992
-248,-94,7582,-1150,940,-168,-2992
-2276,-3386,7920,-487,536,-167,-3008
-2442,-4374,8992,302,-153,-72,-3008
-1816,-1178,7742,634,-644,-160,-3008
-104,412,7952,311,-567,-240,-2992
1042,-70,8448,202,-315,-160,-2992
1038,-84,8674,177,-11,-118,-3040
22,180,7964,160,29,-124,-3008
-318,270,7986,105,-88,-75,-3024
8,220,8312,-86,-123,-118,-2992
946,-636,8532,-99,-46,-197,-3008
1290,-296,7068,-108,198,-58,-3024
772,-132,6766,-122,363,-169,-3024
-170,-12,7512,-79,269,-408,-3024
-364,134,8060,-141,197,-357,-3040
-538,52,7884,-91,28,-26,-3008
186,-920,8098,-2,34,-175,-3008
-476,-1676,7974,131,-116,-135,-3024
-1194,-2102,8528,568,-409,42,-3024
-1646,-414,8308,705,-844,204,-3008
-358,440,7394,581,-1007,-239,-3008
1654,340,7008,378,-628,-176,-3024
3256,1864,6136,27,42,-192,-2992
3040,2342,5646,-463,547,-129,-3008
1834,1456,6598,-580,1037,-84,-3008
508,1858,7628,-929,1054,-123,-3024
-442,726,8696,-1033,944,-162,-3056
-26,-324,8416,-1122,964,-117,-3024
-44,-1348,8424,-993,937,-153,-2976
-2546,-4022,8968,-49,151,-113,-3008
-2722,-2620,8818,560,-416,-173,-3024
-896,564,6986,333,-596,-254,-3024
956,562,7248,75,-357,-237,-3008
1170,-30,7526,110,-123,-194,-3040
452,106,7372,168,-1,-13,-3024
100,626,6944,59,43,-173,-2992
-332,696,7932,3,-117,-195,-3008
454,320,8062,-41,-146,-195,-3008
832,-590,8848,-82,95,-98,-3024
848,-576,7364,-105,309,-116,-3008
-156,-290,7786,-87,337,-234,-3008
-302,-106,7912,-31,202,-364,-3024
-632,-216,8500,-34,80,-217,-3024
-102,-644,7638,-185,35,-79,-3008
-110,-924,8640,11,11,-167,-3040
-774,-2060,8506,394,-274,-78,-3024
-2036,-832,8792,711,-686,39,-2992
-842,60,7986,662,-956,85,-3040
1470,408,7500,415,-826,-374,-3040
3170,914,7422,286,-118,-204,-3024
3050,2120,6232,-317,431,-172,-3056
2494,1260,7130,-560,918,-32,-3008
478,1790,8284,-864,1053,-148,-3008
306,1088,8820,-1019,1072,-120,-2992
-74,-48,7722,-1123,987,-123,-2992
-74,-882,8360,-1197,988,-164,-3008
-2200,-3494,8284,-406,392,-182,-3008
-2576,-3694,7582,413,-258,-191,-3008
-1192,310,6972,608,-698,-271,-3024
-98,-118,7962,285,-607,-258,-2992
998,-112,8726,196,-289,-180,-3040
860,-80,7672,241,-2,-102,-3008
-76,422,8042,180,-52,-142,-3024
-348,552,7746,37,-118,-164,-2992
474,346,8592,-107,-138,-220,-3040
1176,-404,8214,-107,7,-117,-3008
1212,-764,7740,-94,263,-63,-2992
134,-464,8166,-107,437,-238,-2992
-332,52,8016,-140,286,-448,-3008
-440,72,8198,-123,218,-253,-3008
-486,-444,7482,-191,25,-109,-3008
-308,-528,8538,17,44,-306,-3024
-722,-2006,8660,321,-200,-57,-3024
-2098,-1714,8996,749,-598,127,-3040
-1446,-30,8782,801,-1009,140,-3008
-424,202,8104,571,-1061,-363,-3024
2242,284,8018,415,-434,-169,-3008
3350,1964,6758,-117,237,-205,-2992
2684,1414,7306,-494,785,-38,-3024
1586,1480,7102,-707,1076,-107,-3008
68,1152,8214,-997,1075,-68,-3008
-270,400,8596,-1119,964,-102,-3024
-114,-416,8750,-1155,1024,-78,-3024
-2324,-4196,10032,-413,539,-69,-3040
-2926,-4160,8112,266,-153,-225,-3008
-2530,-2124,8468,677,-707,-192,-2992
142,-18,8470,345,-582,-247,-3024
988,-486,8926,283,-337,-117,-3008
618,-212,8302,270,-107,-145,-3008
108,546,7656,156,-7,-148,-3008
-174,726,8288,51,-28,-171,-3024
420,264,8642,-131,-118,-187,-2992
826,184,7934,-171,-3,-107,-3008
1480,-372,6762,-177,232,-96,-3008
480,-204,7440,-214,431,-90,-3024
-268,-24,7882,-123,322,-307,-2992
-424,-14,7764,-118,200,-403,-3008
-724,508,7570,-138,42,-136,-3008
0,-1686,9406,66,-13,-164,-2992
-610,-1644,9466,290,-157,-56,-2992
-1652,-2006,8834,656,-454,133,-2992
-1768,-100,8552,773,-877,216,-3040
-604,0,8336,640,-1075,-234,-2976
1918,124,8048,488,-718,-282,-3024
3194,2154,6154,23,78,-230,-2992
2866,2524,6028,-502,580,-126,-3040
2336,1496,7136,-626,1006,-70,-3008
370,1598,7848,-956,1051,-51,-3024
152,294,9502,-976,1040,-86,-3024
-304,-610,8960,-996,915,-35,-3008
-1028,-2570,10168,-889,875,-218,-3008
-2404,-3578,8500,-64,108,-112,-3024
-2810,-2642,8246,571,-486,-176,-3024
-376,710,7586,344,-640,-188,-3040
1356,492,7158,102,-411,-263,-3008
1378,58,7428,114,-61,-124,-3008
540,430,7294,132,74,-110,-3040
-390,668,7982,70,-1,-163,-3024
-652,728,8214,-101,-131,-217,-2992
680,-304,8740,-106,-65,-210,-3008
1102,-594,7866,-85,78,-126,-3008
876,-720,7806,-92,307,-93,-3024
-256,-280,7700,-68,315,-276,-3056
-462,268,8110,-76,215,-443,-2992
-828,-272,8232,33,36,-96,-3008
12,-1214,8142,13,-37,-195,-3008
-376,-592,8778,148,-133,-136,-3024
-1000,-2256,8590,539,-339,-16,-2976
-1776,-510,8854,758,-798,243,-3008
-984,394,8410,618,-1002,-89,-3024
1556,646,7282,358,-756,-380,-2992
3468,1578,5924,120,-66,-211,-2992
2836,2470,6042,-388,425,-155,-3040
2576,1402,7710,-541,963,-15,-3008
658,1788,7662,-851,1100,-18,-3024
-210,764,8962,-1001,1005,-168,-3024
84,-44,9028,-1106,1012,-101,-3008
-432,-1320,8580,-1093,949,-131,-3040
-2556,-3868,8518,-284,287,-126,-2992
-2548,-3442,7454,438,-375,-221,-3056
-820,350,6936,423,-637,-199,-3024
696,674,7314,164,-436,-215,-3008
918,-246,8592,144,-143,-161,-3024
582,192,7612,126,7,-158,-3024
186,676,7514,28,70,-199,-3024
-410,512,7772,45,-52,-171,-3008
244,-44,8610,-76,-152,-120,-3040
904,-632,8198,-80,-1,-67,-2992
610,-656,8002,-9,234,-177,-2992
22,-494,8232,-35,334,-228,-3040
-348,-162,8028,-6,185,-437,-2976
-562,-86,8130,-40,100,-278,-3040
-364,138,7540,-136,24,-87,-3024
156,-830,8054,69,-26,-162,-3024
-538,-1836,8290,371,-251,-87,-3024
-1912,-1060,8590,713,-631,178,-2976
-1150,24,8944,688,-911,43,-3008
84,502,7650,449,-886,-337,-2992
2546,794,6984,329,-313,-186,-3024
3006,2438,6614,-250,306,-108,-3008
2640,2146,6168,-535,770,-100,-3024
1416,1430,6746,-749,1055,-134,-3024
366,608,8494,-951,1056,-103,-3024
-396,56,9248,-1078,933,-119,-3040
-354,230,7966,-1182,962,-201,-3040
-1924,-3224,8426,-582,596,-163,-3008
-2394,-4030,7890,266,-125,-101,-3024
-2476,-2262,8854,704,-659,-181,-3024
-300,264,8056,268,-589,-257,-3008
1278,-124,8196,138,-245,-207,-3008
1356,-164,7750,199,-18,-112,-2992
-94,430,7932,157,-18,-116,-3024
-466,594,8210,64,-46,-141,-2976
460,112,8506,-95,-119,-243,-3008
792,-102,8010,-96,-94,-149,-3024
1200,-426,7436,-100,167,-91,-2992
330,-366,7408,-94,364,-195,-3024
-102,-278,7248,-53,286,-349,-2976
-328,56,8128,-68,199,-319,-3008
-828,-24,8380,-38,23,-49,-3024
-154,-716,8552,-4,17,-212,-2992
-168,-1222,8210,108,-97,-163,-3008
-1486,-1918,8758,669,-517,91,-3008
-1672,-264,8560,807,-881,188,-3024
-20,430,7806,538,-1034,-172,-3024
1868,244,7282,406,-580,-334,-3040
3258,1898,6294,-35,123,-208,-3008
2690,2072,6644,-460,588,-110,-2992
2110,1556,7518,-624,1056,-51,-3024
416,1278,7420,-952,1022,-135,-3008
-340,584,8826,-1062,999,-148,-2992
-432,-238,8512,-1098,964,-121,-3024
-1128,-2436,9888,-649,726,-109,-2992
-2802,-4476,9220,160,-54,-134,-3008
-2570,-2256,9484,750,-618,-217,-3040
-642,726,8166,369,-627,-243,-3024
1022,80,7348,173,-382,-275,-3024
1250,-106,7612,169,-96,-88,-3008
224,364,8366,159,59,-131,-2976
-106,844,7548,142,-35,-145,-3008
-98,768,7612,-98,-150,-196,-2992
878,344,7942,-152,-96,-146,-2992
1426,-314,7652,-205,160,-129,-3008
904,-84,7200,-221,420,-124,-3008
-24,-94,6710,-155,397,-279,-3056
-394,-4,7664,-173,230,-452,-2992
-732,46,8574,-90,95,-92,-3008
110,-1232,8734,-80,70,-166,-3008
-176,-820,8512,104,-20,-170,-3024
-1138,-2436,8668,526,-364,-144,-3024
-2234,-534,9032,749,-882,200,-3008
-658,180,8102,635,-1032,-205,-3008
2098,240,7446,458,-751,-310,-3024
3478,1630,6400,71,47,-188,-3024
2962,2386,6026,-429,541,-172,-3040
2246,1330,6946,-564,1013,-85,-3008
562,1776,7934,-922,1046,-115,-2992
-2,584,9254,-988,1009,-120,-2992
-74,-8,8626,-1134,949,-122,-2992
-1192,-2912,9696,-985,1001,-202,-2976
-2654,-4046,8838,-2,136,-149,-3008
-2968,-2678,8838,580,-487,-245,-2992
-276,750,7440,361,-659,-126,-2992
1010,378,7520,167,-382,-240,-3008
1374,-38,7718,219,-145,-141,-3008
344,634,6860,196,-12,-112,-2992
-246,468,7716,81,-23,-117,-2992
-248,590,8074,-22,-111,-228,-3040
560,36,9162,-17,-145,-152,-3008
1422,-532,7342,-73,92,-53,-3008
884,-780,7512,-123,348,-142,-3040
-44,-262,7834,-142,404,-242,-3024
-436,-132,8074,-124,270,-337,-3024
-612,-268,8146,-31,121,-236,-3008
-106,-798,7810,-133,56,-211,-3008
-216,-1078,8606,19,-5,-106,-3024
-806,-2230,8414,492,-296,-59,-3024
-2140,-1038,8828,803,-751,198,-3008
-1056,372,8362,669,-1069,-66,-3008
1524,272,7406,440,-828,-373,-3024
3700,1466,6360,203,-69,-167,-3024
3312,2348,5936,-353,464,-186,-3008
2686,1390,6942,-558,942,-39,-3008
206,2046,8282,-891,1059,-142,-3024
294,964,8924,-1017,1047,-170,-3024
-70,-362,8418,-1104,1008,-149,-3024
-528,-1410,8828,-1112,957,-223,-3008
-2150,-3378,8004,-320,335,-49,-3024
-2458,-3446,7480,434,-307,-175,-3024
-866,596,6716,430,-652,-181,-2992
618,598,7444,243,-519,-256,-3040
980,-100,8150,178,-214,-118,-3008
994,154,7292,154,19,-119,-3040
-8,758,7528,92,19,-168,-3024
-490,520,8418,6,-101,-150,-2992
380,48,8662,-93,-99,-215,-3008
1140,-734,8504,-82,62,-102,-3040
1084,-596,7804,-90,313,-141,-3024
238,-640,7568,-69,354,-319,-3024
-548,270,8446,-91,263,-514,-3008
-586,398,8208,-111,184,-208,-2992
-314,-462,7344,-190,43,-83,-3024
-48,-512,8034,61,3,-147,-2992
-802,-2162,8484,352,-212,-80,-2976
-2042,-1364,8512,725,-647,245,-3008
-1266,-88,8562,746,-970,116,-3008
628,458,7830,445,-920,-363,-3024
3380,1370,6720,264,-191,-168,-3024
3108,2256,6202,-298,398,-176,-2992
2778,1382,6938,-504,877,-40,-3008
834,1860,7704,-815,1071,-145,-3040
-52,674,9174,-998,1047,-204,-3024
-358,360,8314,-1117,964,-68,-3024
118,-514,8048,-1222,1038,-151,-3008
-2430,-3628,8160,-369,379,-113,-3008
-2656,-4060,8214,319,-225,-153,-2992
-1664,-664,7230,564,-695,-127,-3024
536,350,7908,228,-518,-268,-3040
1214,-74,7806,190,-175,-138,-3040
634,-242,8398,216,6,-67,-3024
-226,430,8034,110,-4,-135,-3024
-258,412,8362,17,-26,-212,-3008
254,262,8706,-89,-97,-162,-3008
1036,-874,8068,-41,-21,-92,-3008
748,-776,8380,-82,230,-187,-3024
286,-90,7294,-100,368,-178,-2992
-344,40,7622,-62,208,-378,-3008
-352,-88,7998,-74,150,-332,-3008
-642,168,7680,-99,6,-24,-2992
50,-830,8436,44,-38,-194,-2992
-392,-1888,8678,287,-122,-81,-3040
-1726,-1398,8576,680,-495,88,-3008
-1890,-128,8618,707,-886,216,-3024
-340,264,8268,559,-1027,-266,-3024
2346,292,7428,399,-479,-234,-3008
3094,2332,6458,-114,207,-264,-3008
2524,2372,6310,-532,653,-101,-2992
1554,1558,7092,-731,1050,-33,-3024
508,986,7678,-972,1066,-123,-3008
-374,490,8434,-1031,973,-146,-3008
-624,-272,9458,-1060,908,-105,-2992
-1598,-3238,9406,-637,688,-127,-3024
-2310,-4302,8752,175,-36,-126,-3024
-2520,-2778,9254,714,-602,-214,-3008
-392,452,8444,375,-550,-175,-3040
1138,174,7872,146,-310,-187,-2992
1410,-140,7386,120,-50,-156,-3024
314,360,8016,184,39,-99,-2992
-500,416,8370,123,-27,-174,-3008
56,154,8246,-69,-134,-300,-3008
820,-208,7882,-111,-56,-116,-2992
1038,-434,7888,-84,129,-61,-3024
688,-514,7028,-160,377,-133,-3024
-8,28,6974,-158,341,-382,-3008
-214,394,7076,-139,211,-329,-2976
-642,154,8102,-70,69,-48,-3024
-58,-716,8498,-53,4,-181,-3024
-328,-926,7944,78,-104,-115,-3008
-1180,-2098,8652,516,-294,11,-3040
-1968,-878,8984,752,-759,244,-3024
-1060,488,8360,609,-1006,-77,-3024
1764,548,6672,403,-757,-395,-3008
3318,1894,5724,-3,33,-144,-3008
2998,2334,5862,-444,520,-191,-3024
2536,1316,7398,-585,1015,-77,-3024
530,1636,7764,-890,1046,-123,-3008
-452,722,9002,-1006,968,-90,-3008
84,-54,8896,-1111,957,-123,-2992
-296,-1492,8686,-988,977,-139,-3024
-2554,-4170,8850,-136,193,-111,-3008
-2734,-2464,9044,540,-452,-175,-3008
-846,664,7216,344,-588,-164,-3008
826,430,7202,133,-396,-230,-3024
1104,-140,7690,164,-105,-150,-3024
496,146,7288,139,18,-179,-3040
56,758,7184,59,12,-98,-3040
-184,750,7434,-40,-112,-205,-3024
432,-38,8616,-65,-129,-177,-2992
1120,-576,8320,-35,66,-80,-3008
810,-312,7360,-127,307,-112,-3008
172,-422,8070,-91,380,-208,-2992
-438,-388,8210,-42,194,-401,-3024
-756,-404,8920,8,82,-288,-2976
-238,-874,8582,-123,33,-42,-3008
-6,-622,8194,13,-10,-135,-3024
-710,-2160,8202,387,-258,-8,-3008
-1972,-748,8720,718,-701,247,-3008
-1386,136,8274,667,-969,-57,-3024
694,386,7278,443,-896,-364,-2992
3334,922,7000,365,-287,-138,-3008
3054,2414,6460,-329,413,-214,-3024
2652,1178,6926,-531,915,-20,-3024
1044,1748,6946,-866,1065,-115,-2992
400,516,8826,-958,1060,-118,-3008
-310,-212,9124,-1078,945,-63,-3008
82,200,7512,-1226,1051,-162,-2992
-2188,-3654,7316,-407,393,-87,-2992
-2608,-3126,7696,392,-230,-111,-3008
-2112,-1200,8092,569,-688,-251,-3024
32,126,7618,247,-557,-336,-3024
1112,-330,7980,191,-253,-148,-3024
538,236,7994,304,-57,-90,-3008
-250,468,8388,188,-63,-128,-3008
-540,544,8118,38,-114,-165,-3056
618,2,8664,-104,-124,-159,-3024
1038,-20,8200,-126,32,-89,-2992
1272,-454,7374,-136,297,-96,-2976
102,-310,7626,-119,440,-273,-3008
-178,-90,7388,-126,295,-347,-2992
-538,-176,8534,-79,223,-170,-3024
-418,-444,7564,-172,34,-29,-2976
64,-908,8090,-20,13,-262,-2992
-570,-2100,8208,304,-187,-149,-3024
-2076,-1446,8794,750,-624,147,-3024
-1240,442,8394,786,-973,150,-2976
-376,466,8068,530,-1018,-379,-3008
2462,492,7836,434,-495,-237,-3040
3368,2232,6806,-117,219,-189,-3024
2764,1458,6764,-502,786,-51,-3040
1438,1300,7086,-716,1069,-123,-3024
-64,1182,8988,-990,1047,-83,-2992
70,48,7952,-1142,1028,-118,-2992
-270,-604,8368,-1188,1031,-105,-2976
-2220,-3936,9836,-389,457,-76,-3024
-3044,-3898,8256,333,-240,-231,-3024
-1442,-236,7142,625,-732,-119,-3040
136,-190,8452,361,-605,-238,-2992
936,-324,9284,288,-328,-127,-3024
606,-232,8228,303,-78,-175,-2992
-54,480,8120,164,-17,-119,-3040
-142,480,8392,94,-66,-179,-2976
262,206,9028,-98,-146,-185,-2992
1020,-572,8224,-140,0,-116,-3024
1514,-564,6924,-142,295,-117,-2992
484,-364,7348,-146,461,-134,-3008
-478,118,7832,-128,324,-330,-3008
-372,196,7714,-138,211,-351,-2992
-534,160,6840,-197,42,-119,-2992
120,-628,8034,-19,46,-203,-2976
-384,-1490,8998,232,-168,-47,-3024
-1764,-1602,8436,680,-502,104,-3024
-1572,-70,8338,714,-890,174,-2992
74,320,7686,538,-1063,-299,-3008
2094,130,7514,468,-560,-247,-3008
3200,2272,6046,-88,189,-253,-3040
2652,2024,5906,-530,611,-103,-3024
2336,1270,6920,-676,1071,-127,-3024
422,1462,7740,-978,1061,-85,-3008
-500,450,8310,-1065,1005,-63,-3008
-288,-290,9228,-1070,924,-98,-2992
-1092,-2798,9784,-690,744,-204,-2992
-2646,-4284,9348,124,-1,-104,-3040
-2772,-2826,8620,668,-562,-178,-3056
-336,526,7680,363,-589,-229,-3056
1318,294,7932,119,-303,-197,-2992
1358,-2,7864,128,-42,-133,-3040
370,580,7250,97,69,-125,-3040
-210,718,7460,50,-8,-173,-3008
174,922,8000,-116,-85,-247,-2992
522,-288,9008,-118,-36,-185,-2992
1210,-806,7638,-90,129,-97,-3008
522,-278,7556,-132,382,-311,-3008
-326,-196,7160,-68,306,-309,-3024
-274,-60,7466,-108,198,-367,-3024
-794,24,8580,-32,42,-38,-3040
38,-1264,8450,46,-3,-213,-2976
-322,-694,8272,118,-123,-102,-3024
-1120,-2138,8952,576,-377,10,-2992
-1810,-516,8676,782,-817,221,-3040
-626,364,8124,644,-1006,-77,-3008
1562,318,7158,404,-703,-310,-3008
3482,1648,6160,98,-35,-156,-3024
2770,2242,5866,-421,501,-162,-3024
2776,1298,6922,-544,927,-91,-3040
634,1942,8230,-964,1066,-26,-3024
104,470,8416,-1044,993,-146,-2992
-240,-308,9076,-1088,1008,-118,-2992
-1500,-3134,9784,-910,888,-127,-3008
-2754,-4162,9162,105,7,-170,-3024
-2492,-2842,8640,677,-628,-239,-2992
-182,350,8078,359,-567,-184,-3008
992,-26,8218,149,-332,-203,-3008
1176,122,6858,122,-94,-151,-3024
770,562,6740,68,113,-186,-3024
-70,690,7924,37,61,-177,-3024
-42,302,7970,-108,-88,-177,-3008
570,-64,7598,-117,-46,-64,-3008
1070,-446,7800,-123,98,-132,-3024
774,-400,6792,-133,360,-143,-3024
-60,-308,7380,-103,324,-306,-3040
-338,204,7584,-56,201,-420,-3008
-640,64,8216,-36,59,-196,-3024
10,-592,8096,-49,8,-158,-2992
-86,-778,8222,110,-80,-133,-3040
-1096,-1924,8884,478,-271,-59,-3040
-1934,-1214,8886,750,-759,202,-3024
-1140,-88,8812,681,-973,-75,-2992
1232,310,7538,430,-775,-307,-2992
3292,1576,6556,192,-95,-176,-3024
2796,2252,6232,-348,418,-261,-2992
2738,1334,7706,-504,888,-11,-2976
714,1594,8030,-799,1042,-102,-3008
-340,712,9714,-889,958,-99,-3024
-322,-166,9280,-1005,880,-116,-2992
246,-674,8380,-1174,1018,-160,-2992
-2508,-3986,8610,-304,322,-106,-3008
-2418,-4162,7532,445,-281,-127,-3024
-1582,-222,7798,542,-643,-161,-3024
632,516,7290,130,-485,-280,-3024
1194,100,7624,123,-142,-95,-3040
786,-208,8344,244,10,-48,-3008
-286,238,7984,179,2,-164,-2992
-406,328,7848,19,-92,-273,-3024
468,40,8330,-62,-163,-164,-3008
958,-624,8930,15,-30,-108,-3008
866,-844,7728,-55,219,-118,-2992
200,-40,7392,-158,351,-278,-3024
-74,54,7400,-100,279,-382,-3024
-550,134,8316,-74,164,-238,-3008
-788,56,8354,-115,5,-62,-2992
-8,-874,8052,-4,-20,-187,-3024
-426,-2166,8614,289,-167,-95,-3024
-1906,-1436,8992,710,-597,106,-3008
-1714,0,8546,722,-929,188,-3008
92,518,7416,471,-990,-273,-3008
2764,902,7278,349,-470,-257,-3024
3280,1788,6532,-121,211,-210,-2992
2604,2052,6810,-472,691,-74,-3040
1254,1516,7128,-667,1032,-118,-3008
226,1546,8182,-950,999,-108,-2992
-266,264,8560,-1083,1019,-127,-2992
-546,-440,8832,-1037,917,-98,-3008
-1980,-3858,8780,-592,660,-175,-3008
-2778,-4628,9044,164,-52,-166,-3024
-2568,-2040,9370,781,-649,-218,-2992
-184,254,8440,385,-635,-286,-2992
926,208,8126,227,-370,-63,-3008
1378,-274,7578,202,-104,-112,-3040
88,470,8644,227,-25,-165,-3008
-102,734,7694,138,-72,-189,-3024
-166,702,7826,-89,-171,-180,-3024
856,304,7988,-173,-42,-150,-3008
1536,-478,7500,-200,230,-135,-3008
962,-104,6968,-209,444,-145,-2976
-136,46,6874,-204,400,-357,-2992
-300,276,7506,-190,274,-409,-3024
-834,-78,8370,-118,130,-82,-2976
24,-1406,8976,-7,9,-210,-3008
-592,-1942,8610,145,-72,-205,-2992
-1148,-2244,8488,580,-400,23,-2992
-2078,-352,8796,738,-868,235,-3008
-596,422,8060,662,-1048,-154,-3040
1296,424,7840,435,-784,-345,-2992
3612,1558,6186,102,-24,-186,-3024
2932,2506,6084,-431,533,-130,-2992
2188,1458,6854,-530,1025,-73,-2976
430,1926,8274,-888,1060,-105,-3008
-266,358,9128,-959,974,-103,-2992
62,-96,8834,-1128,993,-74,-3024
-108,-1124,8668,-1030,999,-191,-3008
-2652,-3706,8704,-108,191,-106,-3008
-2940,-2746,8748,549,-461,-295,-3024
-1274,270,7308,384,-655,-127,-3024
852,446,7734,178,-464,-226,-3008
1492,-84,7392,206,-149,-143,-3008
402,-12,8126,211,-32,-123,-2992
-274,656,7706,93,-42,-128,-2992
-188,818,7918,-37,-107,-214,-3024
760,-64,8524,12,-184,-186,-3040
1002,-740,8864,-58,67,-39,-3008
802,-658,7898,-134,350,-104,-2992
-20,-346,7506,-171,439,-199,-3024
-316,-210,7784,-106,252,-368,-2976
-708,-392,8776,-30,158,-220,-3008
-94,-1238,8070,-130,65,-165,-3008
-310,-1170,9018,4,5,-163,-3008
-730,-2134,8148,455,-276,-39,-3024
-2086,-714,8596,764,-709,212,-2992
-970,158,8338,669,-1012,6,-2992
596,506,7266,444,-929,-396,-2976
3388,1154,6788,293,-211,-141,-3040
3268,2254,5838,-284,391,-243,-3024
2652,2166,5926,-616,883,-32,-3024
1028,2000,6556,-845,1094,-147,-3008
268,718,9174,-977,1049,-84,-3008
-442,312,8568,-1115,971,-71,-2992
-200,-204,7744,-1205,1009,-28,-2992
-2286,-3546,7818,-415,459,-214,-3008
-2578,-3218,7870,365,-236,-166,-2976
-1848,-986,8054,624,-696,-158,-3024
216,54,7838,317,-555,-238,-2992
1046,-168,8098,222,-304,-200,-2992
1220,108,8120,179,2,-127,-3008
-196,690,8160,105,32,-146,-2976
-426,666,7794,26,-83,-200,-3024
170,268,8080,-136,-120,-217,-3024
988,-220,8552,-125,42,-155,-3040
1180,-772,7532,-112,295,-57,-2976
660,-422,6984,-123,402,-149,-3024
-330,182,7644,-122,284,-343,-2992
-564,110,8040,-103,200,-372,-3040
-188,-490,7454,-150,41,-40,-3008
148,-1250,8412,62,-12,-200,-2976
-708,-2046,8738,335,-196,-65,-3024
-2168,-1380,8838,752,-568,133,-3024
-1326,50,9044,805,-994,149,-3008
-402,134,8580,565,-1057,-392,-3024
2392,192,7750,457,-443,-168,-3024
3066,2266,7294,-169,268,-211,-3024
2722,1176,7226,-506,732,12,-3040
1526,1570,6834,-700,1095,-93,-3008
250,1126,8260,-998,1034,-25,-3024
-212,324,8250,-1130,986,-192,-3024
-28,-296,8110,-1194,1034,-146,-3056
-2214,-3782,9328,-455,535,-153,-3024
-2758,-4104,8188,292,-160,-75,-3008
-2524,-2092,8924,658,-667,-236,-3024
310,184,7730,232,-507,-270,-3024
1176,-228,8228,195,-224,-149,-2992
432,-74,8586,225,-49,-99,-3008
190,580,7404,88,-9,-158,-3040
-134,540,8038,-2,32,-204,-2992
134,154,8904,-101,-116,-191,-3024
778,-250,7986,-97,-44,-100,-2976
1240,-398,7214,-143,218,11,-3008
274,-274,7056,-137,373,-180,-3040
-94,76,7088,-80,295,-354,-3024
-344,362,7614,-87,169,-395,-3024
-526,96,7204,-68,17,-56,-3040
102,-1196,8036,36,-14,-208,-3024
-144,-1306,8748,213,-102,-111,-2992
-1470,-1878,9126,607,-433,70,-3024
-1868,-126,8426,742,-822,146,-3008
-180,422,7882,519,-1026,-307,-3008
1796,142,7648,431,-591,-222,-2992
3232,1866,6382,4,101,-156,-3056
2618,2336,6168,-500,566,-61,-3008
2448,1256,7514,-592,974,-167,-3024
452,1392,8474,-898,1020,-87,-2992
-250,326,9074,-1006,990,-118,-3024
-566,-464,8582,-976,905,-120,-2976
-248,-1690,8712,-872,840,-237,-3040
-2480,-4182,9760,-36,69,-98,-2992
-2548,-2652,9272,622,-487,-140,-2992
-884,498,7292,385,-608,-216,-3024
602,690,7800,124,-388,-192,-3008
1320,26,7786,113,-92,-203,-2976
670,80,8012,151,73,-71,-2992
-76,210,7182,101,-2,-129,-2992
-486,554,8132,-15,-166,-134,-2976
526,134,8448,-84,-108,-217,-3024
1162,-426,8110,-104,31,-100,-3008
954,-500,7058,-125,335,-136,-3024
-262,108,7078,-110,330,-321,-2992
-266,114,8062,-115,256,-426,-3024
-586,-122,8330,-50,122,-109,-3008
22,-820,7946,-126,-1,-135,-3008
-66,-686,7816,45,-52,-185,-3024
-730,-2212,8690,445,-252,-86,-2992
-1856,-968,8784,721,-695,137,-3040
-1254,-122,8422,753,-978,-46,-2992
1706,516,6790,371,-759,-257,-3024
3174,1136,6926,136,-77,-223,-2992
3460,2032,5986,-376,438,-177,-3008
2474,1292,7418,-484,965,-34,-3008
860,1920,7758,-836,1036,-147,-2992
-86,792,8996,-1010,978,-146,-2992
234,-118,8858,-1146,1020,-85,-2976
14,-312,8034,-1185,1041,-158,-2992
-2396,-3406,7902,-407,347,-114,-3024
-2542,-3014,7172,340,-259,-183,-3024
-576,650,6634,490,-625,-192,-3040
176,294,7814,205,-484,-257,-3008
876,-130,8242,207,-226,-54,-2992
568,86,7106,244,-46,-31,-2992
6,138,7988,162,-15,-181,-3024
-480,504,8728,86,-145,-202,-3008
336,136,8758,-25,-172,-166,-2976
896,-82,8498,-85,-28,-93,-3024
1210,-852,7528,-63,317,-136,-3024
44,-364,8584,-91,384,-180,-3040
-370,142,7910,-58,285,-366,-3024
-240,-190,7532,-88,185,-371,-2992
-476,138,7782,-176,42,-74,-3024
44,-968,8000,-62,31,-231,-3040
-436,-1744,8308,285,-137,-94,-3008
-1702,-1438,8212,640,-519,181,-2992
-1360,86,8202,694,-927,173,-2992
-110,192,7570,498,-1015,-396,-2992
2268,496,7426,428,-515,-209,-3040
3130,2410,6124,-126,224,-203,-3008
2716,1796,6210,-572,739,-32,-3008
1706,1552,7084,-726,1087,-120,-3008
324,1352,7896,-1015,1064,-111,-2992
-486,268,7616,-1060,952,-112,-3024
-266,-478,8522,-1117,950,-122,-2976
-1604,-3096,9932,-622,715,-128,-3040
-2596,-4376,8492,232,-37,-140,-3024
-2914,-2656,9510,723,-666,-248,-2992
-310,184,8268,371,-625,-267,-3008
1330,-88,8292,177,-307,-98,-3008
1616,126,7384,196,-67,-141,-3024
390,816,7250,116,22,-134,-2992
-258,768,7484,96,-59,-148,-3008
412,888,8228,-131,-138,-178,-3008
726,196,8794,-109,-52,-164,-3056
1372,-388,7228,-150,193,-45,-3024
594,-272,7006,-179,439,-150,-3024
-184,10,7506,-189,407,-316,-3008
-324,238,7330,-226,339,-313,-3008
-776,18,7590,-82,76,-68,-3024
-112,-1546,8462,22,-36,-257,-3024
-538,-1420,9472,210,-141,-87,-3008
-1624,-2336,9028,680,-458,15,-3008
-2056,-1054,8974,877,-919,180,-3024
-818,300,8776,691,-1066,-191,-2992
1890,98,7590,428,-755,-301,-3008
3220,1774,6730,82,-17,-190,-3040
3310,2546,5584,-474,574,-130,-3008
2302,1450,7058,-596,1003,-46,-3024
206,1592,7878,-948,1047,-107,-3024
48,654,8892,-1033,1014,-69,-3008
14,-444,8872,-1093,1030,-90,-2976
-1304,-2946,10010,-958,916,-81,-3024
-2422,-3666,8070,-35,178,-167,-3024
-2534,-2790,7732,503,-468,-204,-3008
-206,558,7716,351,-655,-179,-3008
738,570,7202,169,-448,-181,-3024
1120,114,7406,168,-139,-141,-2992
754,612,6304,79,33,-151,-3024
72,1026,7464,25,40,-147,-3024
-416,764,8190,-58,-115,-188,-3008
644,-200,8352,-115,-99,-171,-3008
1428,-694,7614,-144,102,-114,-2992
1002,-700,7416,-135,352,-97,-3024
-164,-32,8222,-129,388,-221,-3008
-324,22,7328,-145,217,-479,-3008
-944,260,8336,-69,57,-158,-3024
176,-1442,8546,-38,45,-136,-2992
-176,-840,8462,169,-84,-91,-3008
-1104,-2318,8594,595,-359,4,-3008
-2162,-346,8936,791,-816,263,-3024
-1112,12,8748,658,-1016,-71,-3024
1424,372,7552,412,-808,-373,-3040
3452,1700,6004,181,-71,-170,-3008
3228,2370,6264,-385,417,-149,-2992
2766,1408,7278,-550,978,21,-2992
552,1822,7868,-849,1046,-87,-2992
-188,524,9272,-940,1017,-43,-3008
-350,-302,9188,-1041,942,-113,-3008
-54,-1080,8482,-1159,998,-201,-3024
-2502,-3966,8666,-243,281,-102,-2992
-2614,-3648,7462,442,-336,-152,-3008
-1042,336,6820,464,-649,-194,-3008
914,714,7188,145,-476,-245,-3024
1364,-252,8182,136,-133,-171,-3024
480,226,8342,219,-33,-80,-3008
-312,450,7716,115,1,-136,-3008
-652,400,8626,-1,-68,-188,-3024
504,-198,8820,-102,-75,-165,-2992
860,-912,8794,-35,-14,-61,-3040
758,-894,7970,-91,284,-4,-3008
100,-280,7398,-89,322,-332,-3040
-314,16,7842,-80,247,-425,-2992
-852,-180,8902,-20,120,-112,-3008
-28,-1042,8068,-80,-14,-164,-3040
-212,-446,7880,27,-56,-121,-2992
-540,-2326,8376,488,-283,-41,-3008
-1944,-822,8906,759,-710,221,-2992
-1098,184,8384,690,-962,29,-2960
594,544,7244,392,-908,-376,-3040
3044,1138,7124,287,-279,-137,-3008
3244,2388,6082,-260,371,-174,-2992
2640,1776,6634,-543,822,40,-2992
1096,1898,7174,-801,1084,-232,-3008
312,914,8458,-1022,1036,-140,-3008
-180,438,8370,-1167,1037,-125,-2992
-330,-288,8104,-1160,991,-107,-2992
-2178,-3468,8176,-440,449,-160,-3024
-2436,-3464,7382,261,-182,-109,-3008
-1934,-1550,8448,634,-633,-150,-3040
186,430,7900,276,-536,-251,-2992
996,-100,7754,180,-277,-101,-3024
914,-202,8258,209,-48,-125,-3008
68,274,8674,161,39,-116,-3008
-524,188,8738,132,-57,-146,-3008
-40,346,8262,-55,-123,-68,-2992
690,-260,8410,-82,-2,-168,-2992
1032,-614,7960,-98,204,-95,-3008
528,-362,7652,-103,363,-153,-2992
-196,-222,7194,-85,262,-406,-3024
-406,82,7910,-57,132,-420,-2992
-500,0,8210,-132,11,-49,-3008
26,-776,7874,81,-28,-175,-3008
-438,-1756,8418,258,-179,-64,-3024
-1666,-1822,9092,673,-549,153,-2992
-1388,-440,8530,735,-857,189,-3008
-534,418,7774,521,-1020,-271,-3024
2096,336,7052,420,-563,-202,-2992
2960,2284,6322,-99,167,-278,-2992
2804,1594,6060,-506,591,-58,-3008
2122,1260,6552,-625,1028,-103,-3040
378,1288,8078,-937,1039,-123,-3024
-390,368,8024,-1041,922,-146,-3024
-192,16,8424,-1161,954,-122,-2992
-816,-2210,9004,-773,808,-159,-2992
-2494,-4450,9082,112,2,-124,-3008
-2686,-2976,8166,643,-546,-163,-2992
-474,948,7822,296,-535,-233,-3024
1382,252,7454,80,-276,-206,-2992
1192,-70,8386,146,-98,-94,-3008
216,468,7504,150,-8,-10,-3008
-124,670,7184,33,0,-186,-3008
272,642,7828,-80,-109,-191,-2992
546,-178,8346,-47,-97,-154,-3024
962,-246,7890,-102,78,-59,-3008
854,-372,6600,-121,377,-167,-3040
-54,-512,7474,-80,322,-270,-2992
-446,12,8514,-55,188,-362,-2992
-758,-340,8420,12,72,-204,-3040
14,-1156,8466,-37,-21,-142,-3008
-510,-1446,9276,125,-75,-82,-2992
-1066,-2194,8954,598,-396,61,-2992
-2030,-742,9122,819,-814,230,-3008
-610,102,8376,627,-994,-188,-3008
1124,326,7252,414,-779,-300,-3024
3460,1320,6896,151,-42,-170,-3024
3076,1952,5750,-392,484,-155,-3008
2080,1220,7620,-578,984,-54,-2976
804,2082,7118,-894,1089,-107,-2992
30,738,9366,-1004,1017,-138,-2992
-326,-632,9282,-1057,940,-92,-2992
42,-774,7790,-1083,966,-123,-3008
-2576,-3506,8416,-238,249,-146,-3008
-2626,-3060,8164,454,-302,-124,-3024
-1432,-50,6910,473,-644,-136,-3024
364,436,7112,178,-521,-161,-3008
1012,-50,7492,171,-233,-233,-3008
1176,-162,7800,208,-11,-93,-2992
-220,678,8086,144,-37,-69,-3024
-416,742,6996,-5,-144,-184,-3040
808,446,7942,-126,-122,-251,-3008
1312,-260,8356,-158,86,-113,-3024
1046,-584,7612,-133,349,-113,-3024
34,-220,7624,-142,433,-249,-2992
-408,306,7988,-129,296,-407,-2976
-740,-96,8840,-93,167,-162,-3008
-238,-992,8050,-143,37,-162,-3024
-370,-896,8554,34,0,-268,-3024
-872,-2084,8578,413,-268,-126,-3024
-2124,-982,8428,731,-702,230,-3008
-1032,310,8468,727,-1032,5,-2976
244,250,7906,520,-971,-386,-2992
3052,744,7570,376,-320,-157,-3024
3212,2210,6702,-212,333,-205,-3040
2796,1870,6496,-509,829,-29,-2992
422,1858,8052,-820,1100,-140,-3024
188,754,8726,-975,1000,-119,-3024
-110,166,8904,-1154,976,-146,-3008
-156,-1376,8520,-1160,1063,-205,-3008
-2542,-3956,8726,-282,337,-170,-2992
-2884,-3470,7874,423,-354,-165,-2992
-960,684,6712,480,-696,-137,-3040
286,-72,8130,236,-514,-254,-2992
1018,-464,8746,278,-216,-163,-3024
390,-42,7880,304,-81,-60,-2992
-164,734,7572,137,-55,-183,-3008
-434,572,8886,47,-107,-209,-3040
416,-84,9332,-27,-160,-184,-3008
1254,-838,8220,-69,61,-108,-3024
1336,-762,7336,-85,322,-133,-3024
144,-336,7966,-136,448,-259,-3008
-444,-236,8190,-63,294,-409,-3008
-352,-228,7924,-50,167,-375,-2992
-502,-80,7464,-169,43,-50,-3024
-2,-602,7872,-10,-4,-217,-3008
-744,-2114,8186,323,-199,-87,-3008
-1902,-1494,8814,738,-594,113,-2992
-1432,226,8276,694,-974,130,-2992
644,456,7560,460,-1007,-387,-2992
2502,440,7634,402,-444,-192,-3008
3292,2136,6224,-155,280,-201,-3008
2584,1892,6784,-582,757,-6,-3008
1558,1742,7468,-767,1127,-114,-3024
226,1328,7778,-1075,1088,-110,-2992
-172,188,7892,-1110,1008,-77,-2992
-230,-310,8006,-1106,953,-222,-3008
-2050,-3708,9876,-472,520,-183,-3008
-2692,-4322,8488,272,-144,-111,-3024
-1816,-642,7702,733,-734,-163,-3024
-112,86,8272,352,-631,-252,-3008
1246,-124,8198,216,-337,-145,-3008
1258,4,8028,177,-6,-119,-3024
370,732,7454,153,0,-117,-2992
-342,690,8122,47,-79,-167,-3024
244,412,8298,-152,-111,-180,-3008
910,-62,7934,-134,0,-100,-3024
1304,-600,7674,-133,242,-63,-2992
482,-490,7264,-164,431,-105,-3024
-328,152,7378,-166,352,-539,-3008
-318,322,7320,-156,245,-356,-3008
-740,-28,7712,-106,43,-2,-3024
6,-902,8286,80,-11,-156,-3024
-574,-1466,8898,248,-167,-140,-3040
-1724,-2078,9040,690,-492,89,-2976
-1758,-432,9098,827,-889,225,-3008
-896,380,8476,633,-1074,-261,-3024
2018,154,7046,436,-645,-291,-3024
3268,2122,6104,-28,80,-159,-3040
3110,2562,5712,-475,566,-55,-2992
2462,1498,7088,-619,1034,-37,-2992
436,1410,7660,-938,1064,-23,-3024
-538,542,8838,-1004,987,-210,-2976
64,-192,9238,-1119,1020,-105,-3008
-1358,-2704,9684,-863,868,-133,-2992
-2620,-4168,8650,2,100,-85,-3024
-2536,-2862,7944,607,-579,-239,-2992
-92,648,7272,317,-593,-188,-3008
1094,472,7816,142,-318,-164,-3008
1184,-106,8114,145,-99,-156,-3024
316,544,7158,79,57,-134,-3008
12,910,7402,-14,112,-225,-3024
38,568,7716,-85,-68,-216,-2960
514,-324,8626,-106,-93,-149,-3040
1116,-480,7382,-84,127,18,-3008
528,-112,7110,-109,314,-184,-3024
-176,-456,8402,-59,364,-267,-3024
-408,-206,8196,-16,152,-439,-3024
-866,46,8310,25,42,-209,-3040
-254,-464,8098,-94,-6,-152,-3024
-32,-674,8350,110,-68,-128,-3024
-878,-2140,8300,449,-301,-20,-2992
-2012,-526,8738,698,-700,161,-3040
-1082,12,8318,681,-923,-49,-3008
886,444,7726,469,-899,-412,-3024
3208,1302,6670,339,-261,-238,-3024
2968,2218,6500,-223,319,-240,-3008
2690,1564,7040,-546,824,66,-3040
830,1556,7684,-770,1031,-123,-3040
452,880,8146,-926,1025,-106,-3024
-328,70,8146,-1086,952,-127,-3024
-44,-120,7724,-1161,958,-140,-3008
-1574,-2990,9164,-570,546,-190,-2992
-2192,-4354,8240,318,-183,-134,-2992
-1782,-1074,7710,657,-639,-158,-3024
-134,364,7898,266,-550,-280,-2976
1150,252,8024,98,-228,-164,-3008
1202,-162,7952,184,16,-160,-3008
-254,266,8050,115,34,-170,-2992
-442,636,7564,64,-81,-272,-3024
212,666,8110,-138,-133,-121,-3008
1122,-290,7838,-73,-29,-131,-3024
962,-196,7894,-100,244,-110,-3024
142,-250,7130,-81,322,-261,-3008
-154,-248,7728,-49,276,-410,-3008
-494,-132,8446,-56,190,-234,-3008
-588,-448,8226,-49,-28,-61,-3056
-200,-944,8704,18,-1,-200,-2992
-450,-1998,8446,252,-130,-116,-3024
-1848,-1578,8752,707,-571,114,-3024
-1356,304,8612,796,-925,62,-3008
-498,590,8266,494,-987,-440,-3040
2332,276,7282,420,-508,-140,-2992
3084,2122,7160,-61,131,-196,-3024
2876,2052,6502,-436,684,-85,-3008
1406,1620,7376,-650,1028,-104,-3040
282,1060,7720,-992,1061,-83,-2992
