AcX,AcY,AcZ,GyX,GyY,GyZ,Tmp
322,-768,7544,-1212,1031,-210,-3024
-2436,-3688,8702,-310,368,-69,-3008
-2624,-3842,7878,394,-282,-219,-3024
-1362,-62,6820,467,-651,-130,-3024
470,566,7536,175,-509,-240,-3056
1324,-118,7044,179,-225,-122,-3008
734,70,7806,197,-33,-183,-3040
72,484,7296,91,0,-139,-3056
-450,732,8082,29,-125,-200,-3040
466,-20,8478,-47,-127,-133,-3040
844,-628,8534,-29,22,-121,-3056
834,-434,7698,-114,329,-126,-3024
238,-316,6898,-120,355,-253,-3056
-418,456,7998,-97,237,-460,-3040
-584,0,8468,-70,138,-383,-3040
-48,-614,7498,-170,46,-29,-3024
-132,-514,8354,33,-47,-173,-3056
-742,-2010,8964,373,-218,-106,-3040
-2036,-1264,8830,734,-609,146,-3040
-1170,86,8606,703,-926,162,-3024
-170,242,8212,444,-975,-403,-3056
2900,898,7468,300,-253,-187,-3040
3136,2498,6470,-275,327,-204,-3056
2668,1448,7084,-520,820,-23,-3056
1028,1384,7634,-752,1045,-74,-3040
250,530,8930,-928,1060,-73,-3008
-326,-94,8832,-1054,954,-59,-3024
-336,-104,8170,-1152,985,-239,-3024
-1978,-3474,8488,-499,556,-112,-3040
-2336,-3798,7760,333,-172,-99,-3040
-2486,-1772,8686,656,-699,-143,-3024
-254,-58,8350,313,-627,-289,-3056
1036,-220,8588,188,-285,-160,-3056
930,60,8228,236,-19,-91,-3040
-84,266,8512,183,-19,-153,-3008
-578,190,8590,83,-38,-154,-3024
440,-246,8784,-105,-119,-203,-3056
908,-406,7968,-53,-21,-77,-3040
1122,-504,7998,-48,177,-56,-3040
116,-380,7514,-56,313,-239,-3024
-376,138,8048,-43,227,-350,-3024
-372,154,8138,-82,167,-229,-3024
-522,-214,7716,-117,14,-119,-3040
-196,-706,8004,76,-47,-199,-3040
-338,-1492,8336,240,-161,-69,-3024
-1726,-1696,8630,641,-500,108,-3024
-1360,-240,8602,760,-843,152,-3024
194,668,7916,514,-992,-284,-3008
2020,596,7680,336,-473,-197,-3040
3232,2182,6020,-140,206,-243,-3024
2786,1830,6544,-543,668,-73,-3056
1992,1320,7034,-644,1044,-209,-3072
240,1070,8042,-916,1031,-132,-3040
-208,376,8238,-1094,961,-113,-3056
-72,-350,9094,-1069,961,-128,-3024
-2082,-3940,8202,-543,587,-128,-3040
-2536,-4066,8308,210,-102,-111,-3008
-1932,-1186,7546,573,-662,-217,-3040
176,370,7644,261,-529,-249,-3008
1024,-50,8142,175,-248,-135,-3024
712,-140,8436,194,-57,-122,-3024
220,234,7798,110,61,-117,-3056
-404,388,8738,75,-12,-185,-3040
-122,436,8570,-58,-122,-188,-3008
740,-594,7912,-89,-86,-257,-3040
938,-798,8140,-61,175,-69,-3056
608,-294,7134,-5,250,-194,-3024
-432,88,8036,0,187,-403,-3072
-284,140,7512,-64,129,-448,-3040
-374,-2,7782,-73,-10,-55,-3024
130,-668,8448,76,-5,-194,-3024
-276,-1380,8624,247,-145,-68,-3040
-1552,-1694,8832,616,-460,137,-3040
-1552,-476,8990,693,-865,94,-3024
18,90,7986,516,-956,-279,-3040
2560,978,7754,403,-435,-203,-3040
2844,2306,6244,-157,180,-100,-3024
2610,1880,6846,-498,643,-92,-3056
1192,1144,7432,-651,1003,-145,-3024
458,706,7718,-841,998,-99,-3008
-792,416,9190,-1003,896,-92,-3008
-398,-6,7768,-1061,861,-172,-3024
-622,-2008,9366,-752,765,-163,-3056
-2510,-4416,9526,123,-8,-111,-3072
-2390,-2206,8724,692,-583,-198,-3072
-686,662,7774,340,-576,-227,-3056
1054,282,8010,92,-316,-208,-3024
1272,-250,8120,127,-45,-158,-3040
-44,164,8162,183,21,-149,-3072
-172,136,7600,140,-29,-38,-3024
-144,448,8434,-22,-124,-225,-3056
666,-284,8348,-81,-82,-170,-3024
1096,-376,7562,-71,58,-103,-3008
780,-140,7016,-106,310,-150,-3040
-94,-110,7104,-85,310,-374,-3024
-142,226,7284,-106,197,-342,-3024
-572,86,8210,-53,56,-53,-3040
134,-832,8322,-45,26,-198,-3040
-92,-1204,7974,20,-59,-142,-3040
-776,-2176,8448,464,-309,-29,-3040
-1688,-672,8534,743,-718,134,-3024
-756,738,7972,572,-956,-80,-3040
1922,384,6868,331,-618,-262,-3040
3190,1472,6258,-1,29,-186,-3056
3100,2274,6072,-466,576,-176,-3024
2186,1370,6850,-607,996,-57,-3024
230,1296,7546,-931,984,-109,-3040
-222,450,8296,-1078,985,-142,-3024
-252,-392,9188,-1075,930,-122,-2992
-904,-2294,9590,-814,803,-130,-3008
-2550,-4044,8804,165,-48,-65,-3040
-2424,-1740,8278,647,-584,-172,-3024
-86,394,7708,292,-559,-220,-3056
828,192,7874,153,-367,-245,-3072
1302,-152,7546,192,-113,-211,-3040
338,550,7938,188,61,-117,-3024
-252,556,8494,136,-55,-112,-3056
-110,364,7776,-43,-172,-204,-3072
804,56,8156,-106,-92,-169,-3040
1336,-102,7670,-147,161,-96,-3024
838,-26,6812,-198,404,-143,-3056
60,140,6518,-142,334,-335,-3056
-396,688,7696,-122,199,-398,-3040
-774,116,8682,-119,96,-13,-3040
90,-1534,8384,-17,12,-169,-3024
-474,-1344,8806,141,-83,-54,-3056
-980,-2250,8918,514,-314,-91,-3072
-1996,-692,8748,734,-778,199,-3040
-584,14,8202,636,-1000,-88,-3024
1240,444,7286,408,-748,-288,-3056
3368,1684,6140,70,23,-221,-3024
2938,2442,5964,-468,496,-118,-3040
2656,1086,7138,-549,973,-48,-3056
508,1688,7850,-877,1059,-135,-3056
-264,236,9038,-959,977,-110,-3024
-428,-470,9416,-1024,876,-149,-3024
534,-852,7934,-1050,1014,-153,-3072
-2672,-3918,9054,-109,209,-56,-3072
-3022,-2728,8902,644,-550,-239,-3056
-508,480,8186,336,-634,-272,-3024
1348,-142,8220,143,-361,-158,-3040
1394,-68,7416,178,-130,-102,-3040
518,362,7048,152,-10,-146,-3056
-220,774,7934,107,-47,-179,-3024
-214,720,7946,-61,-154,-185,-3056
604,-14,8560,-80,-59,-131,-3040
1374,-474,7348,-99,114,-83,-3072
956,-480,7184,-156,339,-141,-3056
-64,100,7304,-125,354,-281,-3056
-332,278,7692,-114,261,-317,-3040
-698,-526,8908,15,80,-87,-3024
-130,-862,8364,-81,29,-215,-3056
-346,-718,8444,70,-82,-172,-3024
-1146,-2020,8352,484,-292,-74,-3008
-2020,-1288,9226,786,-760,203,-3040
-1102,350,8798,667,-981,-19,-3040
1496,498,7300,424,-847,-383,-2992
3190,1138,7506,164,-113,-182,-3056
3298,2126,6364,-349,433,-210,-3040
2622,1460,7252,-572,947,-42,-3072
758,1624,7934,-797,1041,-134,-3024
180,472,9186,-944,1057,-89,-3056
-108,-410,9126,-1077,967,-79,-3040
-414,-1460,8742,-1146,977,-51,-3040
-2304,-3328,8048,-375,399,-207,-3056
-2492,-3572,7788,434,-281,-161,-3024
-888,738,7190,418,-654,-141,-3040
708,562,7568,181,-481,-227,-3008
914,-166,8104,143,-195,-158,-3056
966,106,7482,148,11,-107,-3024
162,468,7550,105,47,-123,-3008
-502,624,7996,-35,-96,-153,-3024
412,70,8210,-101,-101,-133,-3056
1052,-560,8494,-67,50,-83,-3024
862,-494,7600,-74,279,-69,-3056
86,-580,8114,-31,308,-230,-3024
-526,168,8452,-81,194,-469,-3040
-680,-318,8012,-49,98,-174,-3040
-108,-852,7316,-88,-19,-137,-3024
-180,-560,8402,93,-52,-114,-3024
-598,-2108,8542,390,-233,-83,-3040
-1944,-640,8762,704,-679,213,-3040
-1238,138,8772,667,-904,89,-3024
776,562,7510,432,-918,-416,-3024
3322,1584,6298,234,-218,-210,-3024
3246,2134,6542,-289,346,-239,-3040
2760,1354,7038,-528,830,-11,-3040
820,1524,7500,-761,1093,-92,-3024
262,864,8032,-950,1029,-8,-3056
-268,340,8400,-1119,955,-151,-3040
472,-448,7388,-1256,1044,-180,-3008
-1920,-3500,9208,-467,551,-129,-3056
-2524,-3806,7760,276,-137,-116,-3024
-1656,-178,6852,552,-661,-213,-3040
514,606,7294,120,-450,-253,-3040
1348,-42,7426,113,-144,-165,-3024
656,-108,8120,156,19,-113,-3056
-68,374,7306,85,12,-104,-3040
-366,560,7802,-53,-35,-183,-3040
202,240,8644,-116,-73,-156,-3056
926,-642,8012,-36,-37,-33,-3056
758,-584,7932,-41,190,-208,-3072
4,-212,7048,-44,292,-256,-3008
-256,-412,7548,28,169,-386,-3056
-580,-40,8814,25,44,-266,-3024
-254,-626,7900,-79,-51,-87,-3056
140,-856,7876,81,-65,-188,-3040
-282,-1784,8678,292,-149,-104,-3072
-1774,-1614,9012,656,-501,69,-3056
-1670,-26,8272,682,-805,114,-3024
-228,326,7484,475,-946,-342,-3072
2372,502,7764,367,-421,-254,-3040
3114,2174,7028,-172,221,-249,-3040
2676,2134,5894,-515,721,-148,-3024
1478,1272,6718,-696,996,-37,-3024
356,726,8778,-923,1037,-106,-3072
-276,596,8388,-1059,905,-162,-2992
-582,-124,8530,-1060,887,-155,-3024
-1578,-3176,8884,-626,660,-121,-3024
-2206,-4142,8594,292,-102,-109,-3008
-1652,-888,7354,635,-611,-173,-3040
-266,264,7970,287,-564,-255,-3024
812,128,8316,157,-310,-175,-3056
1042,-168,8270,156,-12,-177,-3040
326,170,8210,193,37,-94,-3024
-546,252,8282,137,-77,-134,-3024
94,226,8378,-57,-167,-104,-3056
674,-410,8694,-56,-97,-220,-3008
960,-546,7908,-48,144,-96,-3040
504,-660,7380,-43,274,-180,-3024
-246,-126,8012,-78,237,-381,-3056
-260,556,7346,-71,141,-340,-3024
-614,144,8258,-90,36,-44,-3008
268,-1064,7772,15,27,-150,-3040
-192,-1068,7788,135,-100,-152,-3024
-1180,-1758,9042,533,-367,28,-3024
-1676,-466,8600,756,-798,127,-3008
-1172,122,9032,636,-988,-200,-3024
1580,252,7698,397,-669,-277,-3024
2988,1908,6634,19,31,-118,-3056
2998,1876,6194,-420,542,-171,-3040
2458,1026,7214,-546,977,-101,-3040
266,1380,8236,-860,1022,-126,-3024
-640,720,9054,-948,877,-94,-3056
56,-206,9012,-1053,932,-156,-3040
-306,-1868,9134,-940,916,-166,-3008
-2668,-4288,9508,-52,181,-82,-3040
-2702,-3164,7570,569,-447,-178,-3024
-838,452,7532,373,-588,-180,-3024
774,196,8138,145,-414,-262,-3040
972,-278,8162,148,-126,-199,-3040
490,108,7404,138,18,-173,-3008
90,402,7436,128,21,-121,-2992
-256,612,8014,6,-164,-180,-3024
414,0,8248,-61,-167,-193,-3008
1062,-720,8212,8,3,-90,-3040
758,-482,7718,-62,265,-117,-3040
90,-146,7698,-79,320,-224,-3056
-226,174,7632,-66,230,-392,-3024
-602,104,8606,-47,66,-246,-3040
-350,70,7598,-142,33,-39,-3056
-56,-640,8240,17,-3,-177,-3024
-656,-1940,8516,342,-209,-29,-3024
-2016,-790,8958,723,-638,53,-3040
-1504,-86,8804,685,-893,-11,-3040
518,300,7690,437,-949,-352,-3024
3314,1240,6830,293,-255,-149,-3024
3042,2448,6712,-259,293,-240,-3008
2582,1584,6744,-575,809,-48,-3040
858,1632,7498,-773,1035,-134,-3008
206,676,8932,-931,1024,-129,-3040
-492,-56,8928,-1005,928,-111,-3056
78,-282,7986,-1140,957,-181,-3024
-2262,-3676,8408,-404,466,-186,-3056
-2634,-3400,7960,407,-208,-161,-3008
-2134,-818,7862,577,-703,-241,-3008
-162,522,7858,283,-587,-199,-3056
1202,-38,7686,193,-263,-167,-3024
756,246,7460,252,-5,-90,-3040
-146,334,8228,187,-37,-89,-3056
-602,608,8084,50,-186,-192,-3056
534,196,8356,-91,-153,-217,-3056
1290,-434,7892,-71,-2,-132,-3040
1174,-586,7738,-107,271,-119,-3040
52,-166,7618,-91,363,-300,-3024
-234,220,7646,-119,298,-417,-3024
-358,-252,8040,-106,215,-158,-3008
-270,-634,8044,-137,3,-125,-3040
-528,-628,8634,53,-35,-143,-3008
-588,-1972,8794,355,-192,-101,-3024
-2046,-1668,8956,754,-607,126,-3024
-1248,-32,8784,738,-971,67,-3056
752,356,7876,468,-976,-368,-3040
2838,1038,7096,312,-280,-174,-3008
3410,2122,6550,-297,385,-197,-3056
2576,1400,7110,-542,908,-3,-3056
618,1710,7500,-770,1056,-141,-3040
14,766,8454,-970,1053,-123,-3024
16,22,8352,-1113,971,-133,-3024
-142,-740,8538,-1201,999,-157,-3024
-2348,-3820,8190,-341,437,-38,-3008
-2692,-3918,7740,383,-261,-136,-3040
-1322,122,7038,510,-698,-177,-3056
500,506,7536,214,-526,-253,-3056
1044,-330,8510,221,-253,-116,-3040
564,-30,7800,244,-70,-121,-3072
34,698,7558,149,-45,-155,-3024
-230,440,8710,84,-92,-159,-3056
304,-36,8880,-47,-148,-159,-3024
856,-584,8412,-83,-14,-146,-3040
1296,-576,7462,-114,258,-147,-3056
464,-374,7212,-109,377,-209,-3024
-428,236,7946,-96,221,-463,-3056
-524,-48,8014,-76,187,-235,-3040
-584,-8,7696,-185,22,-50,-3040
118,-848,8078,41,17,-200,-3056
-542,-1992,8376,302,-170,-71,-3024
-1688,-1874,8834,704,-524,181,-3040
-1676,-326,8794,717,-894,192,-3040
46,206,8040,516,-1034,-320,-3056
2126,350,7740,431,-489,-214,-3056
3068,2296,6270,-162,236,-188,-3024
2656,2036,6662,-527,625,-99,-3040
1958,1190,7468,-658,1036,-136,-3056
318,790,7836,-914,1030,-117,-3024
-688,342,8850,-1018,945,-192,-3008
-84,-174,7902,-1112,951,-245,-3024
-2146,-3552,8616,-528,654,-124,-3040
-2548,-4454,9272,277,-83,-97,-3040
-2422,-1366,8468,681,-660,-157,-3024
-24,114,7820,328,-615,-260,-3056
1304,-106,7738,175,-304,-152,-3040
1042,-86,8754,194,-22,-105,-3072
-60,312,8246,152,21,-121,-3040
-264,406,7778,66,-47,-172,-3056
238,350,8294,-94,-98,-209,-3056
566,-518,9070,-59,-57,-89,-3008
1078,-286,7486,-83,140,-28,-3056
500,-334,6998,-89,313,-151,-3024
-280,96,7586,-59,274,-474,-3024
-368,144,8124,-80,152,-304,-3040
-676,-22,8380,-49,-25,-11,-3040
160,-1190,8386,79,-10,-195,-3024
-234,-1538,8312,126,-149,-124,-2992
-1100,-1900,8726,564,-378,39,-3008
-1690,-278,8676,728,-801,192,-3040
-444,584,7382,577,-964,-207,-3024
1526,318,7478,351,-648,-325,-3024
3040,1894,6170,-43,53,-206,-3024
2862,2244,5926,-469,535,-104,-3008
2462,1010,7400,-577,985,35,-3024
298,1440,8390,-893,1014,-70,-3056
-276,376,8732,-979,958,-167,-3024
-458,-352,9348,-1015,954,-125,-3008
-576,-1378,9412,-904,853,-124,-3040
-2618,-4012,9100,-71,149,-133,-3024
-2674,-2286,9298,591,-499,-215,-3056
-722,594,7720,397,-588,-160,-3040
594,494,7788,125,-377,-193,-3040
1030,-144,7490,112,-135,-165,-3024
824,226,6970,81,71,-191,-3088
114,640,7618,35,68,-144,-3040
-354,646,7686,-30,-98,-161,-3040
270,-158,8348,-92,-131,-64,-3088
858,-516,8310,-45,7,-103,-3056
782,-494,7082,-79,248,-146,-3056
-208,28,7522,-25,237,-269,-3056
-310,-6,8020,-18,136,-440,-3040
-438,-124,7946,-22,32,-184,-3040
86,-716,8384,-98,40,-96,-3024
-80,-344,8446,44,-8,-138,-3024
-512,-1790,8104,315,-210,-37,-3056
-1864,-850,8480,658,-576,178,-3040
-1394,-262,8822,683,-878,21,-3024
98,388,7798,447,-878,-397,-3024
2852,1058,6900,336,-282,-274,-3056
2884,2426,6672,-259,260,-182,-3040
2662,1872,7108,-512,773,-27,-3040
1056,1518,7248,-780,1044,-118,-3040
188,694,8652,-917,990,-80,-3040
-120,-50,8682,-1085,902,-128,-3040
-34,224,7688,-1198,968,-197,-3056
-1982,-3330,8342,-512,526,-156,-3024
-2230,-3666,7588,326,-135,-100,-3072
-1312,204,7240,562,-632,-200,-3040
-288,600,7932,151,-473,-308,-3040
1182,-22,7560,76,-193,-194,-3024
696,18,7900,215,-25,-148,-3056
-98,168,8040,168,22,-42,-3040
-564,490,8192,65,-99,-174,-3040
360,96,8390,-23,-128,-209,-3024
808,-640,8546,5,-113,-142,-3024
984,-500,7908,-55,159,-88,-3072
156,-538,7318,-56,295,-225,-3008
36,32,7024,-36,225,-344,-3056
-278,198,8230,-34,163,-255,-3024
-524,-208,8242,-24,9,-94,-3040
-202,-750,8548,48,-17,-199,-3040
-254,-1440,8570,160,-104,-166,-3056
-1684,-2020,8876,619,-463,4,-3024
-1642,-254,8846,764,-882,49,-3024
-660,444,8012,523,-974,-175,-3040
2026,424,7312,369,-541,-240,-3040
3256,2158,6390,-95,125,-234,-3040
2738,1736,6362,-524,657,-114,-3040
2122,1192,6858,-633,1036,-61,-3024
192,1242,7772,-931,1020,-100,-3024
-278,488,8460,-1066,992,-132,-3056
-320,-450,9292,-1038,948,-101,-3072
-1058,-2606,9432,-740,776,-134,-3040
-2612,-4426,9056,48,28,-78,-3024
-2720,-2782,8958,695,-518,-145,-3024
-390,656,7950,352,-605,-177,-3008
822,240,7868,153,-407,-263,-3008
938,-4,7706,142,-130,-173,-2992
650,194,7396,165,18,-113,-3024
-56,530,7794,149,-41,-116,-3040
-76,584,8008,-32,-178,-182,-3008
514,350,7922,-120,-108,-148,-3056
1598,-498,7250,-156,126,-79,-3056
836,-102,6946,-127,382,-127,-3024
-22,-38,7468,-131,331,-286,-3072
-298,412,7706,-118,233,-414,-3040
-624,-28,8050,-77,151,-26,-3024
-152,-1284,8392,-28,-3,-162,-3056
-296,-1088,8794,95,-17,-92,-3040
-1224,-2478,8950,482,-264,-114,-3040
-1986,-878,8376,715,-738,250,-3056
-936,88,8056,672,-1001,-28,-3024
1418,392,7620,433,-824,-355,-3040
3240,1712,6034,152,-71,-205,-3040
3244,2236,6078,-416,422,-159,-3056
2716,1144,6782,-579,967,-40,-3024
338,1720,7936,-838,1066,-152,-3056
104,808,8628,-962,983,-107,-3040
-84,-70,8586,-1123,923,-119,-3040
44,-1582,8596,-1180,1054,-133,-3024
-2698,-4100,9436,-140,206,-112,-3072
-3016,-2614,8998,541,-439,-298,-3040
-1024,760,6802,372,-628,-113,-3024
1084,536,6984,129,-424,-189,-3056
1434,10,7732,169,-148,-125,-3040
356,226,7672,156,-32,-128,-3056
-64,442,7234,88,-29,-186,-2992
-78,842,8052,-31,-145,-183,-3008
500,-88,9016,-5,-119,-165,-3056
1002,-602,8400,-73,26,-77,-3056
838,-430,7204,-126,334,-150,-3024
-80,-116,7306,-141,385,-189,-3040
-366,42,7792,-93,231,-331,-3040
-710,-272,8718,-18,86,-55,-3008
30,-1300,8226,-93,18,-145,-3024
-14,-648,7836,32,-19,-181,-3024
-762,-2084,8602,452,-240,-51,-3008
-1980,-664,8812,729,-695,192,-3040
-1460,196,8800,663,-974,29,-3024
678,250,7550,452,-913,-408,-3056
3342,1526,7062,284,-209,-155,-3008
3232,2286,7004,-299,380,-246,-3024
2610,1480,6606,-558,869,-23,-3024
584,1978,7736,-817,1080,-135,-3056
262,480,8708,-946,1055,-72,-3040
-408,-32,8554,-1064,972,-102,-3040
76,-408,7820,-1170,971,-70,-3024
-2314,-3462,8024,-402,442,-177,-3024
-2480,-2792,8086,418,-289,-146,-3040
-1652,-336,7402,504,-670,-150,-3056
100,392,7650,216,-493,-261,-3024
990,-158,7898,181,-224,-168,-3024
818,338,7542,178,1,-136,-3040
-156,346,8108,130,1,-125,-3040
-710,670,8176,8,-97,-133,-3024
570,-110,8150,-95,-68,-178,-3024
1038,-454,8144,-56,45,-83,-3024
864,-740,7806,-49,259,-67,-3040
-54,-278,7910,-54,327,-189,-3040
-288,84,7972,-41,223,-535,-3024
-598,-206,8476,-35,125,-173,-3024
-134,-820,8312,-103,-30,-59,-3040
-202,-810,8022,72,-26,-126,-3040
-348,-2062,8238,366,-232,-77,-3008
-1990,-1120,8928,697,-626,177,-3008
-1210,94,8658,717,-893,102,-3056
-260,418,7940,463,-934,-398,-3056
2812,1052,7290,343,-344,-204,-3040
3094,2210,6606,-251,293,-236,-3008
2944,1884,6152,-498,766,-17,-3024
1170,1642,7330,-738,1065,-126,-2992
228,518,8146,-993,1052,-5,-3040
-222,40,8784,-1112,956,-150,-3040
42,48,7778,-1214,1007,-194,-3072
-2092,-3372,8580,-562,583,-107,-3024
-2528,-3660,7260,262,-121,-116,-3056
-1186,414,6526,491,-629,-199,-3040
134,190,7776,155,-488,-252,-3056
1178,-42,8132,111,-150,-133,-3072
512,68,7710,190,-17,-131,-3040
-14,380,7310,72,68,-188,-3040
-204,534,8108,-8,-47,-233,-3024
318,68,8250,-95,-149,-171,-3056
758,-722,8388,-27,-18,-80,-3040
1082,-584,7676,-8,186,-94,-3024
-14,-234,7518,-58,279,-289,-3056
-344,-56,8032,0,176,-397,-3056
-472,-158,8200,1,60,-297,-3008
-466,-216,7756,-58,-40,-40,-3040
82,-736,8410,55,-54,-194,-3024
-422,-2002,8602,259,-153,-103,-3024
-1300,-1704,8494,619,-445,73,-3040
-1494,-184,8496,691,-805,125,-3040
-302,388,8152,514,-992,-311,-3056
1818,350,7634,380,-513,-268,-3056
2976,2082,6110,-106,183,-268,-3024
2670,1978,6348,-543,563,-90,-3040
2408,1324,6504,-654,1033,-65,-3024
484,1234,7632,-919,1023,-152,-3024
-436,272,8616,-1010,943,-137,-3024
-646,-298,8784,-977,844,-107,-3024
-364,-1690,9238,-771,761,-147,-3056
-2394,-4290,9344,50,38,-123,-3040
-2552,-2466,9110,712,-540,-176,-3008
-484,402,8472,332,-567,-218,-3072
1038,-44,7878,114,-294,-203,-3040
1486,-362,7600,150,-40,-177,-3008
194,272,8362,173,32,-111,-3056
-550,296,8192,124,-44,-162,-3056
-274,524,7970,-70,-135,-139,-3072
696,-136,8122,-85,-77,-215,-3040
988,-482,7844,-58,133,-82,-3056
1006,-402,7066,-66,325,-179,-3056
-134,152,7244,-86,257,-392,-3040
-176,400,7456,-104,193,-380,-3040
-502,-60,8384,-36,62,-59,-3024
88,-778,8190,-57,-21,-183,-3024
-304,-758,7952,56,-48,-149,-3008
-1230,-1888,8336,460,-287,-54,-3040
-1742,-1172,8808,773,-775,141,-3040
-890,310,8524,635,-967,-142,-3024
1710,362,7060,392,-727,-288,-3024
3208,1190,6648,105,-35,-191,-3008
3134,2134,6086,-414,466,-190,-3072
2286,1356,7028,-540,943,-50,-3024
692,1816,7812,-832,1033,-87,-3056
-176,730,8868,-954,942,-140,-3072
28,-298,9158,-1088,973,-135,-3008
238,-758,8046,-1074,984,-175,-3024
-2434,-3652,8550,-248,309,-93,-3056
-2820,-3218,8036,403,-273,-173,-3040
-628,480,7738,446,-654,-197,-3040
300,578,7422,135,-463,-288,-3024
962,-310,7798,165,-191,-223,-3056
462,130,7510,214,-15,-84,-3056
26,222,7698,149,-3,-138,-3008
-598,498,8246,76,-147,-189,-3072
236,-100,8548,-24,-199,-215,-3024
812,-460,8170,-20,-38,-98,-3024
1040,-648,7552,-64,243,-102,-3056
-36,-428,8148,-85,342,-213,-3040
-446,-176,8380,-47,222,-384,-3072
-344,274,7738,-77,142,-285,-3072
-240,14,7256,-179,40,-34,-3056
-88,-496,8294,38,-3,-177,-3024
-498,-1770,8712,283,-169,-68,-3072
-1868,-1374,8672,683,-577,72,-3008
-1222,-142,8562,656,-913,134,-3024
-148,296,7702,477,-968,-330,-3024
2598,772,7654,377,-371,-153,-3072
3180,2394,6446,-240,257,-242,-3040
2708,2066,6366,-520,734,-41,-3024
1314,1392,7464,-681,1058,-115,-3024
220,706,8554,-926,1022,-125,-3056
-362,136,8672,-1005,958,-92,-3040
-196,-432,8548,-1074,944,-156,-3040
-1896,-3426,9386,-560,632,-96,-3024
-2596,-4066,8320,263,-65,-85,-3056
-2734,-2068,9026,694,-679,-152,-3040
-348,140,8280,371,-634,-347,-3040
1120,-248,8416,172,-315,-110,-3056
1434,-280,7884,282,-99,-119,-3056
48,330,8306,216,-39,-83,-3040
-498,456,8146,126,-90,-200,-3040
-208,716,7942,-78,-155,-186,-3056
830,-70,8462,-72,-41,-136,-3056
1270,-602,7848,-82,169,-58,-3040
346,-512,7698,-106,379,-194,-3040
-154,52,7236,-118,322,-397,-3040
-330,240,8000,-141,224,-248,-3024
-628,-244,7656,-91,63,0,-3024
86,-1374,8520,16,18,-134,-3040
-364,-1412,8384,159,-115,-179,-3040
-1610,-1960,8668,582,-402,43,-3024
-1936,-518,8846,750,-876,215,-3056
-842,734,8222,597,-1031,-176,-3040
2178,438,6894,360,-637,-324,-3040
3256,2322,6214,-54,78,-180,-3040
3074,2470,5922,-551,663,-109,-3040
2050,1538,6746,-630,1046,-102,-3024
356,1236,7114,-969,1082,-145,-3024
-170,402,8544,-1054,998,-176,-3040
-154,-290,9328,-1074,1000,-94,-3008
-1490,-3404,9676,-800,839,-118,-3056
-2512,-3938,8670,101,70,-4,-3056
-2818,-2444,8710,633,-547,-272,-3040
-116,354,8202,329,-633,-211,-3008
786,512,7312,185,-403,-159,-3024
1074,-100,7570,199,-163,-108,-2992
686,424,7038,92,43,-187,-3040
16,684,8390,49,42,-172,-3040
-404,1058,7920,-79,-86,-184,-3008
686,-58,7912,-112,-114,-203,-3024
1332,-442,7622,-123,121,-143,-3024
800,-580,7602,-88,324,-143,-3008
-182,-100,7964,-83,325,-329,-3008
-480,214,7806,-66,186,-393,-3056
-740,-220,8644,-28,58,-63,-3056
164,-1156,8188,-100,40,-181,-3040
-152,-1094,8424,113,-44,-122,-3040
-646,-2034,8242,477,-264,-49,-3024
-2052,-648,8598,691,-730,260,-3024
-1072,152,8502,679,-956,2,-3008
1662,246,7456,444,-860,-397,-3008
3126,1234,6854,206,-121,-141,-3040
3066,2276,6228,-363,396,-233,-3024
2680,1186,7134,-570,935,-51,-3024
970,1754,7372,-822,1067,-182,-3040
214,490,8834,-931,1047,-159,-3040
-222,-302,9070,-1039,931,-83,-3056
188,80,7588,-1193,992,-150,-3024
-2290,-3416,8084,-401,448,-152,-3008
-2592,-3156,7612,369,-233,-133,-3040
-2014,-814,7742,529,-652,-117,-3024
66,370,7388,173,-509,-231,-3024
1170,-96,7876,145,-172,-176,-3024
582,290,7818,188,11,-70,-3024
-188,442,8082,68,52,-92,-3024
-518,508,7858,-7,-54,-187,-3040
572,104,8364,-108,-76,-137,-3040
730,-678,8822,-1,-40,-129,-3056
844,-818,7844,-42,223,-145,-3024
-92,-480,7648,-16,275,-405,-3056
-294,184,8078,-47,193,-372,-3040
-370,40,8182,-27,133,-145,-3040
-332,-360,7802,-98,-10,-86,-3024
-268,-448,8098,51,-31,-189,-3024
-234,-1764,8344,301,-134,-86,-3008
-1914,-1444,8812,677,-556,133,-3008
-1386,-40,8622,754,-878,130,-3024
-340,426,7686,475,-965,-289,-3024
2328,432,7366,352,-440,-175,-3040
3246,2190,6842,-172,224,-152,-3040
2854,2364,5986,-518,702,-38,-3056
1640,1340,6664,-712,1048,-122,-3056
344,1176,7774,-991,1065,-164,-3056
0,364,8144,-1118,976,-107,-3040
-352,-308,8494,-1089,965,-103,-3040
-1760,-3492,9396,-578,663,-157,-3056
-2472,-4146,8230,179,-61,-150,-3024
-2480,-2340,8776,640,-575,-172,-3040
-108,464,8032,294,-535,-213,-3008
988,-46,8198,122,-324,-166,-3056
1046,116,7476,133,-52,-141,-3024
672,226,7344,114,78,-78,-3040
-202,438,8344,75,26,-117,-3040
-300,804,7780,-75,-111,-102,-3024
578,-12,7640,-103,-71,-191,-3024
1296,-290,7268,-154,158,-153,-3056
542,-438,7176,-70,333,-155,-3040
-78,-76,7140,-59,253,-360,-3040
-246,472,7800,-71,141,-459,-3024
-430,232,7740,-42,52,-108,-3024
102,-1166,8362,15,8,-196,-3024
-434,-1380,8064,180,-116,-106,-3008
-1212,-2164,8866,572,-372,88,-3008
-1832,-636,8998,732,-796,249,-3024
-548,162,8122,626,-990,-133,-3056
1576,178,7760,436,-663,-226,-3040
2952,1806,6190,30,3,-182,-3040
2714,2274,6316,-437,493,-201,-3024
2614,1274,7394,-586,959,-45,-3056
582,1242,7728,-833,1015,-95,-3040
-636,564,9230,-919,939,-133,-3040
-102,-62,8994,-1032,906,-134,-3056
258,-1274,8624,-956,950,-182,-3024
-2450,-4094,9038,-39,96,-80,-3024
-2834,-2654,9024,584,-448,-173,-3024
-464,554,8026,365,-573,-202,-3040
720,642,7546,89,-316,-245,-3040
1190,-216,7902,134,-107,-149,-3040
146,212,7726,182,12,-183,-3056
-220,536,7544,86,-14,-145,-3056
-188,520,7406,-47,-100,-206,-3040
522,-98,8370,-34,-142,-159,-3040
988,-650,7930,-29,20,-113,-3024
868,-392,7436,-76,278,-143,-3056
-4,-112,7176,-94,293,-292,-3040
-304,-140,7764,-17,182,-395,-3056
-644,-14,8750,-17,75,-136,-3024
-154,-590,7612,-131,20,-106,-2992
-78,-636,8292,-2,-14,-179,-3040
-654,-2046,8558,388,-237,-67,-3008
-1902,-1136,8838,738,-659,177,-3040
-958,232,8546,667,-925,-105,-3024
270,562,7652,389,-850,-353,-2992
3222,998,7068,254,-226,-167,-3040
3298,2126,6162,-284,371,-225,-3040
2680,1596,6568,-530,845,-29,-3056
826,1834,7394,-823,1074,-71,-3056
338,584,8592,-966,1028,-111,-3040
-182,-334,9382,-1062,986,-102,-3040
-84,-1402,8794,-1096,965,-178,-3040
-2530,-3948,8962,-195,249,-150,-3008
-2390,-3242,7584,471,-317,-159,-3024
-988,422,6844,426,-632,-151,-3024
432,738,7900,168,-463,-159,-3040
714,-124,8432,139,-226,-243,-3024
1050,-214,7652,189,1,-101,-3024
-126,418,7804,204,-20,-125,-3024
-418,840,7400,42,-153,-136,-3040
282,176,8460,-92,-97,-237,-3008
1280,-420,7918,-98,61,-140,-3040
886,-18,7382,-65,286,-87,-3056
82,-228,8544,-106,380,-288,-3056
-242,-104,7594,-95,268,-460,-3040
-708,104,8648,-97,124,-213,-3040
-478,-450,8268,-120,40,-71,-3056
-150,-750,8498,83,-1,-145,-3024
-646,-2522,8448,353,-196,-7,-3008
-1806,-1484,8334,700,-609,105,-3024
-1244,-16,8306,710,-928,83,-3024
642,618,7464,444,-969,-396,-3024
3448,1418,6410,307,-259,-170,-3008
3264,2388,6234,-309,318,-238,-2976
2852,1574,6798,-586,839,-32,-3056
780,1722,7146,-782,1094,-122,-3024
176,820,8068,-982,1065,-116,-3040
-406,360,8134,-1139,934,-166,-3040
360,-384,7566,-1204,1052,-236,-3008
-1900,-3576,9406,-481,538,-128,-3024
-2626,-4054,7576,310,-129,-137,-3056
-1646,-8,6936,577,-710,-143,-3040
56,24,8290,249,-554,-290,-3056
1190,-250,8434,224,-301,-163,-2992
502,-312,8504,295,-78,-85,-3056
-196,220,7910,173,-52,-129,-3008
-158,426,7964,90,-83,-229,-3040
136,346,9044,-69,-144,-194,-3024
1032,-596,8406,-85,-46,-139,-3056
1288,-262,7310,-86,276,-120,-3024
288,-158,7304,-109,374,-187,-3056
-302,40,7970,-106,294,-403,-3040
-320,146,7724,-97,179,-403,-3088
-688,-10,7830,-124,-7,-44,-3056
56,-988,8280,28,-36,-148,-3024
-482,-2062,8828,279,-143,-139,-3040
-1424,-1922,8922,671,-501,52,-3040
-1758,-38,8618,725,-850,202,-3024
-174,296,7948,563,-985,-254,-3024
1994,196,7378,427,-581,-233,-3056
3132,2094,6400,-44,165,-213,-3040
2588,2008,6480,-569,631,-55,-3040
2458,1296,6820,-631,1055,-66,-3024
268,1222,7996,-906,1032,-79,-3024
-466,340,8660,-994,1026,-157,-3040
-334,-558,9526,-988,908,-220,-3056
-1116,-2530,9868,-712,748,-166,-3056
-2572,-4488,9300,109,-23,-97,-3056
-2638,-1994,9314,727,-587,-180,-3040
-532,564,8078,398,-648,-215,-3040
902,218,7874,148,-411,-139,-3024
1376,-82,7604,117,-107,-134,-2992
726,360,7172,116,96,-112,-3056
104,608,7334,33,28,-135,-3040
-4,758,7646,-130,-112,-150,-3072
584,130,8036,-165,-20,-150,-3056
1326,-608,7620,-84,139,-46,-3056
566,-194,7536,-102,352,-139,-3040
-180,-232,8276,-64,306,-473,-3024
-292,110,7570,-104,190,-405,-3024
-682,-26,8130,-59,90,-32,-3024
186,-1380,8638,-2,-13,-178,-3040
-292,-546,8100,93,-94,-159,-3040
-958,-2150,8578,513,-291,2,-3056
-1808,-616,8870,724,-763,239,-3056
-1146,236,8528,660,-991,-57,-3072
1278,476,7724,416,-749,-326,-3040
3170,1652,6038,97,-38,-187,-3008
3238,2082,6388,-386,442,-104,-3024
2744,1296,7030,-582,965,26,-3024
460,1612,7720,-838,1055,-45,-3024
-416,556,9226,-947,994,-164,-3040
78,-94,8806,-1070,931,-152,-3008
-116,-1256,8880,-1127,1012,-140,-3056
-2582,-3918,8918,-204,278,-92,-3056
-2582,-3506,7394,464,-367,-178,-3056
-892,400,6890,412,-645,-164,-3040
726,534,7858,155,-427,-257,-3040
1218,-136,7924,139,-149,-151,-3056
382,166,7770,146,41,-111,-3024
-46,498,7406,84,22,-170,-3040
-358,260,8370,14,-60,-152,-3024
292,-240,8836,-48,-119,-121,-3024
616,-974,8610,3,-38,-12,-3024
582,-758,7928,-2,235,-184,-3008
78,-426,7880,-21,250,-243,-3008
-408,-104,8028,9,168,-393,-3024
-610,-156,8352,-24,60,-271,-3024
-306,-34,7636,-98,-11,-92,-3056
252,-604,7990,55,-39,-180,-3008
-588,-1798,8768,324,-182,-97,-3040
-1434,-1678,8796,667,-538,71,-3024
-1474,-146,8782,690,-834,86,-3056
116,338,7630,478,-940,-382,-3040
2106,282,7342,375,-410,-158,-3024
2832,2380,6538,-149,199,-187,-3056
2642,1584,6484,-523,651,29,-3056
954,1648,7722,-689,1010,-78,-3056
398,1010,8292,-912,1013,-111,-3040
-562,266,8656,-1011,945,-123,-3040
-366,-30,7884,-1034,865,-122,-3024
-636,-2182,9448,-699,720,-189,-3056
-2386,-4370,9532,187,-27,-106,-3040
-2324,-2076,8802,691,-601,-174,-3008
-692,528,7982,346,-578,-224,-3024
814,316,8238,100,-307,-175,-3056
1420,-214,8062,122,-50,-189,-3024
112,234,7996,162,69,-153,-3024
-210,122,7852,130,-27,-226,-3024
-138,272,8054,-34,-152,-134,-3072
544,-244,8890,-57,-65,-147,-3072
982,-326,8022,-38,82,-89,-3024
138,-240,7968,-33,284,-196,-3040
-168,10,7644,-52,219,-420,-3072
-180,170,7508,-91,185,-310,-3072
-610,-160,8200,-49,41,-48,-3024
346,-918,7868,31,-21,-171,-3024
-266,-1034,8064,114,-85,-132,-3040
-1372,-1936,8578,512,-376,-26,-3008
-1706,-676,8552,736,-791,110,-3056
-732,638,7826,570,-931,-283,-3024
1968,492,6914,340,-635,-192,-3040
3134,1610,6172,-16,51,-241,-3024
3112,2372,5870,-503,579,-167,-3024
2208,1244,6460,-568,974,-93,-3024
240,1478,8156,-902,1015,-77,-3040
-296,926,8988,-1018,958,-140,-3072
-66,-400,8696,-1072,939,-152,-3056
-914,-2186,9618,-948,916,-126,-3024
-2476,-3858,8774,-113,222,-121,-3040
-2790,-2786,8176,523,-462,-197,-3008
-430,658,8074,365,-618,-245,-3040
360,480,7716,145,-413,-278,-3024
878,-402,8052,192,-176,-221,-3024
446,190,7468,196,-29,-61,-3008
18,370,7760,125,20,-204,-3024
-702,664,8230,56,-158,-175,-3056
398,72,8152,-57,-170,-216,-3024
1180,-294,7852,-22,-5,-82,-3040
766,-610,8126,-60,276,-110,-3008
-12,-530,8144,-62,298,-256,-3056
-384,10,8416,-64,195,-413,-3056
-814,-162,8548,-5,63,-205,-3008
228,-1268,8508,-66,47,-98,-3024
-470,-1388,8650,113,-51,-74,-3056
-1052,-2138,8652,531,-334,71,-3024
-2028,-690,8714,747,-809,241,-3024
-678,174,8210,601,-970,-156,-3040
1104,330,7462,402,-756,-339,-3024
3244,1632,6580,85,-30,-147,-3056
3068,2204,5670,-473,494,-183,-3056
2116,1158,7474,-539,981,-50,-3024
662,1622,7584,-849,1025,-126,-3040
-192,398,9516,-929,945,-98,-3008
-394,-660,9330,-1009,873,-135,-3024
358,-610,7580,-1065,999,-229,-3056
-2484,-3584,8598,-238,292,-95,-3040
-2858,-2912,8482,503,-384,-214,-3040
-652,474,8060,413,-653,-263,-3056
504,636,6936,116,-427,-196,-3040
1384,-36,7550,139,-126,-164,-3040
358,312,7586,230,-25,-121,-3024
-154,516,7328,123,-27,-171,-3056
-344,774,7482,-21,-160,-202,-3056
644,38,8436,-89,-97,-174,-3040
1094,-300,8100,-98,56,-92,-3056
1010,-458,7120,-142,330,-101,-3024
16,-26,7116,-105,328,-318,-3056
-216,394,7742,-145,286,-385,-3040
-680,-244,8698,-40,149,-111,-3008
-70,-1040,8176,-91,11,-239,-3056
-286,-720,8316,38,-19,-199,-3024
-436,-2298,8866,416,-256,-71,-3072
-1886,-1012,8806,745,-710,178,-3008
-1206,454,8608,722,-983,43,-3056
314,456,8074,454,-896,-385,-3024
3188,964,7332,315,-258,-171,-3040
3308,2118,6624,-284,391,-219,-3040
2708,1630,6828,-506,847,6,-3024
892,1550,7842,-741,1061,-109,-3056
126,468,8746,-968,1020,-58,-3088
56,16,9272,-1138,995,-111,-3040
-198,-370,8262,-1150,1029,-91,-3072
-2358,-3694,8226,-335,367,-135,-3008
-2564,-3196,7790,348,-283,-234,-3040
-1972,-726,7730,529,-687,-160,-3056
238,384,7888,206,-521,-215,-3024
1166,-352,7370,227,-273,-161,-3072
812,-178,7970,202,-29,-101,-3024
2,482,7912,134,2,-120,-3056
-610,646,8580,80,-98,-175,-3056
292,-16,8736,-47,-158,-170,-3008
780,-484,8494,-57,-4,-124,-3040
1136,-846,7676,-131,286,-50,-3024
-14,-456,8102,-97,358,-181,-3056
-294,84,7356,-56,238,-347,-3024
-372,-120,7774,-95,159,-339,-3040
-276,-582,8114,-196,40,-98,-3040
268,-1140,8088,82,20,-178,-3024
-562,-1748,8636,287,-155,-65,-3056
-1958,-1178,8394,666,-530,124,-3040
-1872,-380,8820,703,-866,176,-3056
-262,214,7870,491,-1033,-330,-3024
2694,658,7470,426,-469,-220,-3024
3158,2334,6850,-164,203,-258,-3008
2664,2272,6136,-538,701,-92,-3040
1468,1314,7152,-683,1061,-81,-3056
242,954,8416,-914,1042,-106,-3024
-756,262,9058,-1055,958,-42,-3024
-258,-226,8060,-1131,930,-161,-3040
-1844,-3484,9158,-604,676,-171,-3040
-2670,-4436,9442,284,-73,-111,-3024
-2700,-2138,9408,702,-664,-151,-2992
-94,-28,8178,330,-582,-255,-3040
1230,492,7536,136,-293,-159,-3024
1166,116,8208,177,-18,-133,-3024
-6,612,7680,80,55,-148,-3024
-256,512,7888,42,-23,-217,-3040
-14,536,7974,-145,-66,-246,-3040
668,-364,8680,-64,-41,-154,-3056
1052,-688,7762,-44,115,-75,-3056
526,-470,7354,-84,319,-152,-3056
-214,-26,7544,-32,243,-349,-3024
-370,284,7990,-107,143,-329,-3040
-726,-210,8716,-7,20,-50,-3024
178,-1366,8514,60,-31,-159,-3056
-44,-1062,8152,130,-96,-126,-3024
-1520,-1614,8496,543,-330,3,-3040
-1782,-776,9082,782,-799,214,-3040
-938,326,8364,622,-1002,-156,-3056
1822,342,7378,387,-683,-320,-3056
3266,1534,6648,43,48,-206,-3024
2988,2390,5954,-465,513,-223,-3072
2416,1426,6724,-591,971,-144,-3040
490,1758,8258,-892,1039,-43,-3056
36,356,8604,-966,991,-135,-3024
-336,-400,9542,-1011,952,-138,-3040
-222,-476,8486,-1069,931,-163,-3024
-2340,-3682,8146,-231,234,-92,-3024
-2448,-2772,8390,472,-354,-200,-3056
-358,694,7426,435,-600,-171,-3040
250,710,7616,115,-428,-195,-3040
954,46,7464,130,-150,-170,-3056
870,522,6904,91,52,-104,-3056
26,270,8000,103,40,-149,-3024
-696,640,8318,42,-108,-168,-3008
414,-110,7912,-77,-126,-245,-3040
646,-714,8794,-54,-13,-101,-3056
768,-888,8180,-2,244,-81,-3024
-160,-326,7932,11,246,-263,-3040
-344,18,8282,16,158,-462,-3024
-478,-186,7982,-23,66,-239,-3024
-152,-560,8530,-87,-10,-76,-3056
-154,-616,8446,84,-42,-152,-3040
-534,-1736,8500,284,-164,-11,-3040
-1946,-1366,8796,636,-498,171,-3024
-1154,-208,8682,695,-853,131,-3024
-372,370,7836,480,-945,-323,-3024
2392,842,7304,342,-407,-227,-3008
3152,2350,6536,-202,248,-298,-3040
2766,1182,7128,-494,741,-29,-3024
1522,1486,7150,-706,1054,-148,-3040
336,760,7962,-935,997,-86,-3008
-240,450,8420,-1089,945,-165,-3024
-232,-80,8058,-1186,958,-161,-3056
-1578,-2900,8902,-674,661,-149,-3040
-2300,-4226,7946,248,-78,-117,-3040
-2690,-2540,8760,706,-633,-183,-3056
-266,598,8466,251,-523,-286,-3056
1244,-136,7944,127,-261,-138,-3008
842,-220,8152,198,-38,-120,-3040
28,316,7252,131,0,-224,-3024
-292,692,7960,41,-70,-197,-3056
252,220,8502,-30,-167,-183,-3008
942,-404,8354,-18,-95,-109,-3040
1052,-678,8136,-33,132,-130,-3024
228,-190,7796,-88,344,-187,-3056
-88,-38,7636,-54,258,-340,-3008
-222,-2,7888,-86,191,-333,-3008
-544,-110,8090,-51,36,-50,-3056
16,-990,8738,0,-1,-164,-3024
-396,-1978,8876,172,-93,-99,-3024
-1388,-1984,8836,601,-411,70,-3040
-1786,-218,8580,735,-850,263,-3008
-262,426,7894,599,-975,-283,-3024
1538,282,7654,389,-630,-252,-3024
3218,1786,6060,-10,80,-194,-3008
2824,2274,6100,-511,609,-120,-3008
2506,1268,6928,-582,1022,-66,-3024
256,1582,7988,-929,1028,-93,-3056
-326,296,8642,-965,994,-143,-3008
-478,-356,8646,-999,908,-130,-3040
-376,-1762,9084,-863,879,-184,-3040
-2570,-4090,9320,-48,140,-139,-3024
-2728,-2778,9262,673,-484,-167,-3024
-752,410,7092,419,-617,-115,-3040
688,310,7814,167,-434,-110,-3040
1370,-166,7518,122,-134,-182,-3040
1030,246,6958,168,68,-106,-3056
-420,252,8482,179,-85,-104,-3056
-236,828,7246,-40,-159,-201,-3024
780,218,8042,-124,-76,-156,-3040
1400,-566,7712,-122,189,-72,-3040
1150,-178,6688,-157,386,-157,-3056
-104,260,6906,-165,400,-379,-3024
-146,450,7076,-187,281,-425,-3072
-438,-166,7774,-120,112,-7,-3024
98,-1002,8562,-35,47,-148,-3024
-384,-1122,8134,77,-112,9,-3024
-1410,-2048,8372,502,-327,-81,-3040
-1956,-872,8650,764,-807,198,-3040
-976,484,8632,666,-1010,-136,-3040
1912,312,7258,434,-757,-332,-3024
3386,1414,6516,78,-18,-223,-3024
2984,2236,6622,-400,500,-125,-3008
2364,1238,6950,-558,1015,-35,-3008
568,1688,7816,-823,1007,-160,-3024
-378,488,9542,-945,974,-137,-3024
38,-476,9258,-1056,945,-161,-3040
340,-1048,8090,-1015,1000,-121,-3024
-2556,-3814,8932,-112,213,-68,-2992
-3014,-2746,8988,539,-454,-60,-3024
-374,488,7566,363,-652,-229,-3040
724,312,7360,177,-396,-246,-3040
1262,-10,7676,165,-132,-111,-3056
316,530,6990,149,-18,-70,-3024
-132,444,7522,84,-16,-188,-3024
-352,650,8336,-72,-138,-191,-2992
694,-72,8454,-66,-120,-161,-3024
1290,-498,7450,-101,115,-75,-3024
522,-26,7126,-111,333,-134,-3040
-70,-252,7700,-108,344,-231,-3040
-450,162,8168,-92,175,-354,-3024
-858,-52,8366,-14,69,-78,-3024
-106,-740,8126,-67,6,-192,-3056
4,-1054,8420,120,-62,-104,-3040
-1124,-2180,8772,471,-306,-31,-3040
-2048,-368,8864,724,-717,203,-3008
-1016,220,8318,629,-940,-38,-3024
1418,224,7396,418,-820,-383,-3024
3358,1734,6378,185,-81,-169,-3056
3216,2436,6262,-425,433,-231,-3040
2720,1558,6678,-636,966,-74,-3040
512,1804,7656,-876,1077,-168,-3024
400,666,8580,-985,1063,-125,-3024
-132,-158,8550,-1056,960,-107,-3072
-16,-1150,8394,-1145,1023,-81,-3040
-2108,-3452,8162,-393,384,-158,-3024
-2356,-3294,7290,362,-280,-152,-3024
-1052,670,6634,455,-672,-148,-3040
696,708,7018,198,-526,-229,-3040
1108,-150,7968,163,-220,-198,-3056
1192,276,7326,150,49,-119,-3056
-112,628,7550,94,34,-105,-3024
-648,522,8612,29,-85,-202,-3008
388,-72,8542,-133,-45,-197,-3024
890,-658,8516,-86,48,-77,-3024
862,-668,7332,-79,276,-54,-3040
-94,-196,7290,-102,318,-216,-3008
-268,54,7578,-72,202,-535,-3056
-690,-118,8780,-27,126,-88,-3024
156,-1238,8380,-78,-10,-141,-3024
-324,-306,8230,34,-47,-141,-3040
-498,-1968,8336,361,-210,-57,-3040
-1884,-790,8790,703,-663,222,-3056
-1380,-60,8786,697,-901,71,-3024
538,488,7506,427,-932,-468,-3072
3280,1276,6992,298,-248,-195,-3040
3146,2286,6554,-263,323,-179,-3024
2792,1488,6712,-518,828,-18,-3056
856,1890,7562,-738,1058,-55,-3040
164,628,8610,-952,1026,-14,-3040
-180,360,8074,-1127,966,-172,-3040
-4,-352,7958,-1162,1046,-170,-3040
-2380,-3822,8664,-399,474,-122,-3008
-2560,-4290,8440,319,-173,-95,-3024
-1866,-796,7222,534,-683,-199,-3056
282,392,7792,192,-486,-269,-3056
1094,-344,7894,141,-210,-126,-3040
688,-230,8074,206,-29,-119,-3072
94,376,7740,70,51,-175,-3024
-452,362,8368,41,4,-199,-3056
64,114,8348,-43,-106,-218,-3040
744,-774,8302,12,-35,-11,-3024
792,-862,7878,10,175,-142,-3024
-130,-618,8392,26,227,-246,-3024
-332,-184,8298,41,131,-412,-3040
-420,48,7830,-34,75,-279,-3040
-214,-146,7508,-96,-14,-66,-3024
110,-524,7956,63,-32,-178,-3024
-272,-1506,8502,271,-159,-85,-3040
-1548,-1496,8838,617,-471,100,-3040
-1330,-96,8652,700,-851,92,-3040
-478,308,8224,493,-967,-385,-3024
2236,338,7538,371,-440,-226,-3024
2948,2364,6332,-136,174,-280,-3040
2732,2232,5884,-527,611,-6,-3024
1726,1204,7266,-641,1009,-122,-3024
508,744,7924,-909,1013,-133,-3024
-416,374,8596,-1004,919,-126,-3040
-476,-434,9164,-1004,863,-124,-3008
-994,-2278,9542,-802,814,-179,-3024
-2342,-4412,9016,115,51,-112,-3024
-2766,-2884,8870,679,-548,-156,-3040
-736,510,8512,379,-615,-246,-3008
1078,110,8160,122,-354,-182,-3040
1268,8,7628,95,-57,-198,-3024
-18,416,8032,172,27,-91,-3072
-358,440,8080,119,-9,-49,-3072
0,142,8018,-51,-169,-266,-3056
652,-400,9046,-22,-77,-149,-3024
1176,-450,7724,-26,98,-95,-3024
644,-450,7216,-58,296,-192,-3056
-262,-40,7832,-30,229,-438,-3024
-236,98,8458,-92,194,-359,-3040
-646,92,8274,-35,62,-50,-3008
134,-970,8154,-14,19,-133,-3040
-292,-1310,8308,58,-73,-124,-3024
-876,-2132,8302,526,-340,-5,-3024
-1598,-752,8542,728,-781,162,-3008
-608,466,7888,588,-976,-250,-3040
1294,484,7344,338,-662,-279,-3024
3258,1632,5814,21,36,-161,-3024
3074,2372,5754,-473,552,-166,-3040
2546,1356,7074,-584,992,-80,-3024
596,1736,7610,-885,1052,-111,-3024
-356,614,8946,-982,950,-121,-3024
-288,-408,9134,-1071,992,-123,-3040
-62,-1164,8730,-997,956,-116,-3040
-2442,-3950,8758,-134,186,-100,-3040
-2798,-2694,8908,490,-366,-150,-3024
-1234,418,7070,394,-567,-145,-3024
480,692,7442,127,-433,-228,-3040
1180,-140,7462,173,-174,-230,-3008
798,-56,7560,169,-6,-71,-3056
-22,398,7780,164,15,-145,-3056
-484,786,7916,41,-151,-181,-3040
122,-58,8960,-35,-142,-198,-3024
836,-556,8626,-43,21,-98,-3024
882,-462,7834,-82,296,-117,-3056
16,-108,7798,-34,337,-202,-3008
-432,-360,8578,-15,159,-408,-3008
-678,-426,8950,18,110,-266,-3024
-140,-870,8610,-147,30,-33,-3056
38,-792,8338,59,-25,-112,-3024
-838,-2182,8948,388,-206,-38,-3040
-2120,-1140,9096,714,-611,87,-3040
-1582,-248,8652,720,-970,109,-3056
186,368,8000,474,-972,-350,-3024
3124,970,7284,389,-335,-166,-3040
3238,2074,6468,-240,291,-253,-3040
2684,1784,6430,-529,842,0,-3040
1084,1736,7408,-780,1082,-126,-3008
414,652,8088,-977,1070,-107,-3024
-506,346,8044,-1122,939,-144,-3056
312,122,7148,-1198,1037,-158,-3040
-2138,-3472,7862,-540,606,-77,-3008
-2604,-4418,8900,282,-126,-84,-3024
-2362,-1198,7808,610,-680,-68,-3024
32,320,7388,279,-557,-343,-3040
1146,-104,7866,190,-306,-146,-3040
1076,-206,8490,271,-36,-95,-3072
-232,352,7876,173,-55,-93,-3056
-562,712,7736,75,-82,-221,-3056
218,740,8344,-147,-89,-203,-3008
966,-14,7792,-114,-20,-129,-3040
1100,-470,7382,-84,217,-114,-3024
512,-326,7204,-111,378,-245,-3056
-266,54,7868,-109,296,-381,-3008
-330,8,8096,-148,244,-268,-3008
-772,-164,8290,-75,13,3,-3024
-128,-1140,8770,8,38,-81,-3024
-314,-2066,8188,187,-115,-154,-3040
-1802,-1494,8830,629,-466,71,-3008
-1704,-438,8650,785,-849,198,-2992
-416,540,7982,525,-1025,-248,-3024
2434,626,7682,433,-603,-289,-3024
3258,1940,6038,-56,122,-196,-3040
2750,2228,6466,-534,658,-77,-3040
1502,1010,6956,-641,1056,-121,-3024
290,1750,7172,-971,1062,-114,-3024
-120,466,8488,-1046,1011,-189,-3008
-508,-502,8910,-1054,943,-150,-3040
-872,-2010,9536,-696,758,-94,-3024
-2732,-4260,8848,128,-20,-69,-3056
-2488,-1970,8976,662,-578,-271,-3040
-74,58,8362,364,-632,-236,-3008
992,232,7604,188,-403,-153,-3024
1064,-118,7866,222,-169,-71,-3040
424,588,7694,93,53,-131,-3040
-168,392,8080,31,20,-138,-3008
-134,798,7446,-130,-118,-166,-3008
944,26,7532,-161,-30,-134,-3024
1394,-464,7338,-162,219,-24,-3056
800,-76,7134,-141,385,-134,-3040
-100,-20,7078,-115,301,-334,-3072
-284,298,7556,-124,234,-549,-2992
-890,178,8664,-151,60,-43,-3024
378,-1386,8166,-4,44,-167,-3024
-304,-1326,8480,140,-96,-84,-3040
-898,-2068,8902,547,-307,-1,-3024
-2094,-530,8650,702,-777,275,-3056
-860,348,8504,628,-994,-116,-3024
2022,138,7236,461,-774,-375,-3008
3220,1434,6764,113,-50,-163,-3040
2858,2346,5978,-468,478,-139,-3024
2438,1290,6898,-570,980,1,-3024
668,1676,7724,-856,1072,-88,-3008
-148,364,9146,-925,988,-48,-3008
-274,-556,9290,-1050,957,-201,-3056
426,-630,7658,-1045,988,-176,-3024
-2442,-3654,8568,-227,240,-107,-3008
-2962,-2884,8562,483,-372,-146,-3072
-1422,214,6882,410,-621,-207,-3024
1286,398,8246,101,-333,-182,-3024
1272,108,7814,102,-86,-148,-3008
244,344,7492,164,44,-72,-3040
-130,562,7542,57,-2,-150,-3056
-418,446,8114,-83,-83,-182,-3024
266,-222,8890,-43,-74,-151,-3040
1062,-890,7816,-53,98,-195,-3040
450,-388,7698,-51,324,-87,-3024
-292,-88,7484,-48,263,-340,-3024
-256,124,7874,-80,123,-338,-3008
-702,-204,8476,-14,-19,-52,-3056
86,-1094,8690,44,-39,-174,-3024
-116,-1508,8422,162,-113,-122,-3024
-1562,-1578,8602,562,-376,44,-3024
-1914,-788,9066,760,-790,172,-3040
-852,284,8310,575,-997,-208,-3008
1900,204,7612,398,-662,-336,-3040
3314,1402,6450,29,20,-198,-3024
2866,2334,5974,-487,540,-204,-3056
2260,1212,6634,-623,1027,-12,-3008
574,1914,7478,-951,1067,-121,-3024
-8,512,8440,-1000,995,-131,-3056
-296,-394,9030,-1034,975,-120,-3056
-848,-2442,9344,-1004,916,-126,-3040
-2358,-3370,8220,-195,185,-158,-3040
-2362,-2978,8048,500,-369,-200,-2992
-394,696,7758,390,-569,-145,-2992
176,612,7476,150,-419,-248,-3040
946,236,7342,69,-137,-164,-3040
976,330,6742,75,114,-183,-3024
-42,200,7522,86,43,-175,-3024
-686,766,8074,-36,-112,-267,-3056
496,88,7642,-79,-113,-95,-3040
796,-692,8612,-70,-8,-138,-3024
818,-570,7970,-35,259,-152,-3024
-44,-168,7466,-5,293,-317,-3024
-262,308,7814,9,142,-448,-3040
-330,162,8024,-25,84,-129,-3024
-164,-624,8562,-71,4,-158,-2992
-200,-660,8744,86,-50,-132,-3024
-768,-2190,8708,400,-254,-86,-3008
-2094,-1378,8990,693,-624,163,-2992
-1202,-196,8898,714,-915,-10,-3024
908,166,8218,471,-886,-406,-3056
3204,1232,6742,283,-214,-96,-3040
3142,2126,6534,-286,355,-176,-3008
2746,1378,7372,-501,813,-15,-3024
676,1706,8004,-723,1003,-155,-3024
170,760,8684,-901,993,-89,-3040
-200,138,8442,-1086,943,-153,-3040
422,-460,8134,-1202,1028,-172,-3008
-1946,-3118,9118,-472,527,-132,-3056
-2368,-3976,7694,324,-184,-152,-3024
-1610,-246,7358,574,-648,-115,-3024
522,544,7242,175,-481,-315,-3008
974,-6,8360,105,-179,-187,-3008
874,-324,7480,194,8,-209,-2992
-18,342,7512,139,22,-104,-3024
-216,594,7878,52,-62,-149,-3024
296,234,8518,-55,-141,-182,-3040
1010,-616,8114,-39,-67,-129,-3040
1294,-486,7254,-61,144,-78,-3024
326,158,7400,-136,376,-171,-3024
-192,196,7144,-103,254,-328,-3008
-294,92,8246,-57,156,-318,-3024
-200,-198,7552,-111,8,-81,-3024
182,-730,8032,-4,-8,-240,-2992
-544,-1854,8628,300,-154,-112,-3040
-1888,-1486,8964,721,-561,-9,-3008
-1826,-306,8758,712,-872,174,-3024
-184,428,7690,489,-958,-314,-3024
2746,656,7554,371,-448,-210,-3072
3188,2098,6056,-144,233,-232,-3024
2782,2022,6232,-507,684,-73,-3024
1040,1530,7562,-687,1036,-90,-3024
230,694,8550,-913,1012,-111,-3008
-508,192,8872,-1049,942,-137,-3008
-460,-394,8470,-1042,895,-134,-3024
-1666,-3324,8732,-676,697,-137,-3024
-2602,-4406,9224,213,25,-169,-3040
-2634,-2138,9116,730,-631,-203,-3040
-386,136,8528,380,-643,-322,-3040
944,222,7950,228,-360,-84,-3024
1310,-216,8148,229,-89,-139,-3024
48,268,8564,238,-3,-124,-3008
-216,524,7806,169,-80,-149,-3024
-182,454,7792,-28,-164,-154,-3024
850,-16,8670,-117,-73,-167,-3024
1286,-716,7910,-101,159,-71,-3040
988,-286,6802,-124,381,-135,-3008
-130,62,7326,-125,324,-385,-3008
-370,314,7952,-171,268,-310,-3040
-678,-106,8292,-74,66,-41,-3024
-78,-898,8370,49,2,-224,-3040
-542,-1516,8782,207,-170,-65,-3040
-1650,-2022,8656,632,-451,95,-3040
-1600,-584,8784,750,-890,135,-3024
-660,472,7812,561,-1052,-276,-2992
2110,616,7096,373,-597,-249,-3040
3134,2428,5960,-114,142,-196,-3040
3034,2338,6012,-556,627,-126,-3024
2124,1182,6986,-614,1059,-72,-3024
134,1304,7584,-939,1015,-129,-3040
-292,492,9144,-1037,954,-163,-3056
-6,-348,8998,-1099,987,-182,-3024
-1432,-2944,9898,-728,825,-166,-3024
-2676,-4294,8734,86,46,-169,-3040
-2848,-2476,8938,680,-607,-156,-3040
-228,564,8076,314,-609,-253,-3056
1204,-52,7922,173,-361,-173,-3024
1344,-246,7364,227,-121,-139,-3040
286,570,7386,133,-21,-90,-3040
142,662,7564,35,7,-204,-3008
-354,890,8070,-102,-98,-185,-3024
680,-56,7896,-89,-71,-129,-3024
1386,-278,7410,-132,143,-71,-3040
798,-326,7658,-156,363,-155,-3056
12,-330,7236,-103,349,-314,-2992
-342,154,8118,-88,196,-432,-3024
-884,46,8208,-5,62,-234,-3008
-56,-926,8176,-96,17,-68,-3040
-132,-890,8544,147,-77,-123,-3024
-1212,-2164,8876,608,-372,12,-3024
-2062,-292,8976,737,-784,265,-3040
-1098,284,8748,622,-1002,-101,-3056
1540,164,7556,418,-773,-355,-3056
3286,1802,6362,109,-5,-140,-3024
2722,2388,5878,-487,557,-150,-3024
2648,1276,6930,-607,997,-16,-3024
470,1558,7802,-895,1041,-168,-3040
-232,182,9232,-929,967,-137,-3040
-102,-328,8974,-967,893,-208,-3024
-276,-1572,8990,-951,901,-150,-3024
-2530,-3928,9182,-137,221,-143,-3008
-2722,-2640,9012,528,-415,-194,-3040
-832,530,6714,389,-636,-210,-3008
620,634,7542,129,-471,-197,-3024
1522,-72,7338,77,-138,-155,-3024
1028,240,7096,157,59,-94,-3040
-28,556,7366,89,11,-91,-3040
-380,646,7578,-72,-86,-168,-3024
438,298,8364,-195,-30,-134,-3024
1022,-532,7752,-94,40,-102,-3040
806,-388,7102,-101,291,-118,-3040
-40,-398,7754,-59,330,-437,-3024
-350,148,7536,-103,204,-409,-3024
-572,-188,8658,-20,95,-126,-3040
20,-1192,8744,-48,-3,-104,-3008
-370,-444,8284,57,-57,-163,-3040
-458,-2126,8404,490,-282,-16,-3088
-1798,-746,8658,708,-734,212,-3040
-1002,458,8376,644,-933,-11,-3040
706,646,7526,343,-832,-361,-3056
3334,1348,6540,176,-133,-205,-3024
3124,2194,6412,-362,420,-198,-2992
2466,1238,7152,-483,915,-86,-3040
616,1774,8044,-848,1057,-237,-3008
-44,478,8852,-945,1013,-36,-2992
204,-248,8970,-1117,983,-140,-3024
114,-412,7788,-1167,1032,-168,-3040
-2404,-3740,8512,-264,286,-142,-3040
-2690,-2986,8436,381,-293,-138,-3056
-1590,-380,7392,460,-634,-171,-3024
474,472,7770,178,-453,-250,-3040
1078,-202,8006,157,-195,-114,-3040
712,-84,7974,178,-27,-107,-3056
106,274,7776,67,64,-95,-3040
-548,482,8598,8,-77,-114,-3008
268,-218,8360,-57,-129,-123,-3024
720,-770,8414,24,-35,-168,-3024
710,-930,8302,9,224,-82,-3040
-42,-570,7990,-2,232,-223,-3040
-248,-240,7732,68,100,-412,-3024
-542,-138,8450,48,19,-332,-3056
-156,-244,7806,-118,-34,-13,-3040
320,-1006,8206,58,11,-187,-3024
-278,-1580,8322,251,-152,-91,-3024
-1640,-1460,8926,663,-572,196,-3024
-1280,-158,8686,661,-873,96,-3040
468,406,7832,424,-915,-336,-3040
2288,476,7524,356,-346,-217,-3024
3012,2362,6284,-234,262,-311,-3056
2740,1472,6668,-527,709,-26,-3072
1646,1464,6692,-731,1018,-120,-3056
386,966,8202,-950,1027,-94,-2992
-354,300,8096,-1045,934,-146,-3056
138,222,7226,-1134,894,-104,-3008
-1154,-2434,9376,-688,686,-163,-3008
-2372,-4334,8728,251,-78,-75,-3040
-1910,-1344,7476,665,-604,-176,-3024
-518,356,8026,298,-574,-237,-3056
1054,48,8602,138,-280,-153,-3008
1036,-298,8700,214,-26,-137,-3040
108,188,8216,159,12,-107,-3056
-332,412,7842,98,-48,-272,-3024
168,658,8412,-88,-110,-153,-3040
744,-564,8734,-42,-110,-147,-3008
1140,-746,7596,-2,100,-98,-3056
392,-300,7792,-53,295,-237,-3024
-196,26,7874,-60,249,-364,-3040
-352,394,7708,-117,177,-284,-3040
-644,-304,8326,-4,35,-54,-3040
146,-914,8396,-40,17,-147,-3056
-284,-544,8056,72,-57,-108,-3024
-1092,-2026,8618,492,-336,35,-3040
-1636,-666,8840,783,-865,141,-3008
-652,510,8020,547,-990,-308,-3040
2070,450,7452,395,-597,-210,-3056
3124,1706,6322,-78,91,-193,-2992
3034,1806,5836,-467,620,-99,-3008
1624,1312,7364,-612,1004,-70,-3040
346,1992,7674,-927,1041,-87,-3056
-162,606,8570,-1024,937,-125,-3056
-420,-488,9364,-1018,931,-158,-3008
-202,-1350,8880,-881,849,-88,-3024
-2548,-3918,8976,-28,119,-96,-3024
-2670,-2650,8952,622,-483,-140,-3024
-254,384,8374,358,-594,-177,-3008
632,600,7464,130,-390,-191,-3040
1236,-128,7412,148,-140,-258,-3008
518,442,7496,135,18,-61,-3024
-46,446,7814,128,-17,-131,-2992
-428,744,7860,-12,-154,-175,-3040
522,134,7918,-83,-145,-212,-3008
962,-460,8350,-113,86,-70,-3024
864,-480,7506,-93,351,-110,-3024
-32,66,7296,-117,354,-275,-3072
-330,-112,8152,-79,229,-394,-3056
-774,-26,8774,-72,83,-142,-3024
72,-1134,8180,-115,35,-75,-3024
-238,-826,8484,68,-20,-112,-3008
-706,-2010,8844,412,-248,-14,-3040
-2114,-764,8808,704,-668,126,-3040
-850,46,8090,616,-941,-65,-3024
1584,426,7224,427,-789,-371,-3008
3226,1802,6068,136,-70,-184,-3008
3120,2288,6020,-440,450,-145,-3008
2632,1296,7084,-543,978,-24,-3024
382,1738,7852,-847,1049,-134,-3056
116,578,8970,-924,1013,-78,-3040
-130,-410,8704,-1039,916,-93,-3040
-168,-1576,9478,-1115,1013,-171,-3024
-2334,-3564,8152,-241,288,-110,-3024
-2800,-3340,7850,493,-377,-120,-3024
-1010,578,7468,455,-670,-265,-3024
1106,306,7580,142,-474,-204,-3072
1172,-112,7674,140,-128,-136,-3040
504,134,7432,218,-33,-81,-3088
-172,514,7434,137,-77,-190,-3024
-452,634,7764,-9,-138,-206,-3056
466,-192,8654,1,-139,-174,-3040
1030,-658,8778,-24,15,-103,-3008
1208,-392,7550,-99,327,-109,-3024
26,-166,7318,-119,350,-289,-3024
-380,234,8144,-82,265,-328,-3040
-376,-60,8248,-45,172,-159,-3056
-260,-454,7496,-117,28,-52,-3056
-288,-306,8306,7,-6,-245,-3056
-652,-2302,8470,359,-173,-60,-3040
-1828,-1458,8900,730,-622,148,-3008
-1342,180,8542,698,-959,97,-3056
826,414,7478,411,-870,-388,-3024
3416,1416,6662,235,-210,-180,-3040
3456,2200,6500,-304,374,-216,-3024
2570,1618,6966,-567,876,28,-3024
764,1942,7100,-837,1093,-110,-3056
136,866,9002,-972,1005,-81,-3040
-190,238,8732,-1124,982,-80,-3008
56,-838,7632,-1164,1028,-152,-3056
-2332,-3478,8318,-361,373,-239,-3024
-2600,-3920,7876,381,-261,-116,-3024
-1526,70,7354,537,-706,-157,-3040
418,426,7326,248,-575,-203,-3008
1248,-8,7142,172,-209,-152,-3024
1004,226,7580,126,8,-135,-3040
-36,664,7804,140,28,-142,-3040
-504,628,8182,71,-106,-190,-3024
322,-160,8830,-74,-142,-199,-3024
856,-490,8882,-62,9,-127,-3040
764,-582,8076,-58,262,-103,-3040
346,-412,7778,-65,355,-214,-3056
-512,58,8088,-86,242,-448,-3040
-608,10,8118,-78,157,-218,-3024
-106,-970,8342,-131,28,-111,-3056
90,-1096,8124,89,-38,-171,-3008
-634,-2094,8830,382,-211,-63,-3008
-2110,-978,8848,687,-599,175,-3056
-1590,-268,8812,713,-919,149,-3056
-10,212,7976,506,-1011,-354,-3072
2988,966,7254,377,-395,-195,-3040
3190,2442,5934,-213,286,-261,-3024
2780,1890,6240,-501,702,-93,-3056
1088,1650,7590,-693,1040,-137,-3056
222,566,8508,-929,998,-184,-3040
-548,262,8486,-1055,975,-86,-3008
50,44,7698,-1183,986,-161,-3056
-2192,-3592,8486,-532,609,-152,-3024
-2702,-4274,9454,249,-101,-134,-3040
-2220,-1566,8108,634,-686,-154,-3008
120,192,7888,302,-597,-260,-2992
1454,-78,8190,199,-268,-159,-3056
894,-180,8906,247,-53,-96,-3040
-64,188,7818,100,44,-135,-3040
-130,730,7556,-7,47,-177,-3056
198,596,8136,-134,-88,-256,-3056
830,-414,8300,-111,-60,-101,-3024
1196,-796,7020,-101,182,-162,-3040
564,-370,6638,-103,312,-220,-3008
-206,384,7702,-63,245,-391,-3024
-228,66,7164,-74,142,-343,-3024
-622,-208,8002,-34,-9,-71,-3040
320,-918,8336,44,-19,-178,-3040
-80,-1230,8192,110,-87,-126,-3056
-1130,-1912,9076,549,-353,34,-3056
-1858,-538,8678,710,-762,220,-3024
-736,426,8148,611,-956,-130,-3040
1234,144,7656,391,-723,-349,-3024
3198,1458,6688,94,11,-183,-3024
2674,2088,6188,-423,476,-149,-3024
2194,1194,6858,-576,1003,-165,-3024
636,1742,7424,-886,1035,-72,-3008
-74,470,8974,-981,1010,-129,-3040
-356,-748,9052,-1009,937,-107,-3024
26,-758,7536,-1038,941,-211,-2992
-2334,-3388,8122,-208,201,-128,-3056
-2440,-2914,8448,494,-333,-159,-3040
-1268,80,6978,421,-614,-133,-3024
240,804,7352,104,-441,-185,-3024
1144,154,7248,67,-119,-151,-3024
762,202,7216,107,71,-76,-3040
6,534,7510,76,60,-72,-3040
-560,668,7390,-17,-112,-168,-3024
404,398,8100,-77,-117,-274,-3088
866,-458,8972,-63,-4,-62,-3040
878,-782,7718,-55,234,-94,-3072
-6,-46,7354,-26,277,-290,-3024
-186,-174,8078,-29,177,-494,-2992
-440,118,8448,-55,144,-143,-3024
-96,-788,8056,-98,5,-125,-3040
14,-896,8140,57,-30,-187,-3024
-568,-1872,8854,317,-189,-26,-3056
-2056,-1358,9130,713,-591,182,-3056
-1140,-88,8924,735,-900,133,-3040
-166,386,8076,519,-941,-293,-3040
2578,812,7720,343,-360,-158,-3024
2994,2090,7076,-194,259,-261,-3024
2902,2056,6414,-501,717,-50,-3008
1296,1436,7122,-683,1016,-111,-3040
-46,806,9042,-897,971,-81,-3040
-468,452,8372,-1101,914,-154,-3024
-208,-232,8410,-1140,1004,-170,-3024
-1942,-3532,8562,-614,664,-113,-3008
-2544,-4344,8812,239,-39,-86,-3024
-2426,-1988,8674,675,-603,-195,-3024
24,214,8160,261,-548,-274,-3056
1020,-148,8470,156,-296,-139,-3040
1048,-362,8162,257,-79,-83,-3040
-16,356,8068,151,5,-78,-3040
-174,306,7830,54,-19,-194,-3008
-62,634,8012,-63,-163,-200,-3024
824,-32,8118,-74,-66,-143,-3056
1328,-392,7118,-113,174,-121,-3040
604,-94,7432,-128,344,-164,-3056
-136,-182,7572,-32,257,-291,-3024
-384,356,8154,-107,161,-347,-3008
-494,122,7366,-116,40,-65,-3008
384,-958,7826,-43,45,-224,-3040
-98,-1368,8190,196,-140,-70,-3024
-1380,-1840,8624,633,-448,102,-3024
-1762,-280,8486,699,-838,218,-3040
-554,132,8052,571,-1026,-282,-3024
1912,278,7406,395,-636,-240,-3024
3160,2252,5782,-71,166,-195,-3024
2742,2180,6194,-523,606,-144,-3040
2236,1456,7062,-651,1041,-108,-3040
404,1202,7612,-940,1033,-121,-3024
-586,296,8800,-976,970,-124,-3024
-202,-396,9018,-1018,892,-141,-3040
-718,-2096,9434,-852,871,-211,-3008
-2540,-4268,9416,-7,116,-94,-3024
-2862,-3064,8528,658,-493,-183,-3056
-658,580,7834,395,-680,-180,-3056
1026,216,7958,165,-424,-176,-3040
1304,-124,7256,147,-149,-177,-3056
504,94,7716,247,-21,-130,-3056
-378,346,8070,180,-88,-128,-3024
-218,454,8476,-30,-148,-174,-3040
646,306,8008,-102,-78,-201,-3040
1318,-486,7674,-117,86,-107,-3056
790,-200,7408,-145,361,-101,-3040
-100,-18,7064,-161,384,-357,-3008
-256,382,7276,-192,239,-379,-3008
-736,-234,8328,-74,44,-50,-3024
92,-1268,9108,21,-8,-266,-3056
-506,-1770,8588,171,-131,-8,-3040
-1698,-2010,9076,610,-402,-7,-3008
-1974,-710,9006,795,-860,195,-3040
-750,394,8180,602,-1051,-220,-3040
2102,370,7418,398,-697,-289,-3024
3418,1630,5732,-45,43,-189,-3056
3128,2526,5994,-534,604,-153,-3040
1956,1408,6670,-626,1052,-35,-3040
290,1648,7990,-935,1058,-120,-2992
-262,424,8802,-1013,973,-97,-3024
-48,-362,9076,-1095,957,-139,-3040
-1728,-3578,9992,-791,858,-120,-3040
-2642,-4024,9052,61,82,-177,-3008
-2902,-2322,8904,633,-539,-177,-3024
22,312,8222,279,-589,-198,-2992
1050,752,7296,136,-374,-160,-3040
1310,-122,6984,164,-137,-121,-3040
486,590,7022,77,15,-112,-3024
150,728,6870,24,6,-145,-3024
-318,1150,7984,-87,-123,-203,-3040
828,262,7462,-145,-82,-144,-3040
964,-736,8462,-117,130,-69,-3024
914,-358,7078,-145,350,-109,-3024
-92,104,7506,-121,339,-249,-3008
-392,242,7496,-102,203,-392,-3008
-682,-502,8312,23,26,-327,-3024
90,-1024,8846,-10,31,-168,-3024
-194,-1128,8514,137,-66,-101,-3040
-1226,-1832,8526,528,-349,-16,-3040
-2092,-638,8910,700,-731,262,-3024
-924,206,8234,573,-982,-102,-2992
1812,226,7470,399,-753,-360,-2992
3268,2004,5900,159,-27,-140,-3008
2940,2054,6396,-427,493,-164,-3040
2522,1286,7370,-558,941,3,-3024
422,1586,7774,-882,1055,-111,-3088
146,438,9222,-961,1015,-155,-3040
-338,-572,9280,-978,878,-193,-3008
-304,-1754,9370,-1100,985,-95,-3024
-2230,-3412,7980,-230,265,-126,-3024
-2674,-3084,7956,548,-421,-146,-3040
-894,710,7280,403,-651,-171,-3024
1048,564,7276,137,-417,-249,-3024
1356,-62,7456,94,-117,-165,-3040
632,166,7502,186,6,-113,-3040
-190,416,7832,96,25,-117,-3024
-440,706,7712,-51,-91,-171,-3024
532,-28,8240,-122,-59,-175,-3056
896,-506,8134,-49,22,-44,-3008
788,-642,8074,-100,289,-41,-3024
140,-404,6848,-65,279,-408,-3056
-550,484,8288,-39,191,-477,-3024
-784,-324,8668,5,71,-90,-3008
-126,-792,7900,-57,-25,-123,-3008
-138,-678,8140,81,-60,-170,-2992
-860,-2328,9358,410,-233,-57,-3024
-1890,-1058,8468,717,-635,210,-3040
-1272,288,8460,674,-917,52,-3040
972,450,7440,417,-892,-369,-3024
2554,830,7240,286,-253,-186,-3024
3252,2374,6482,-279,335,-158,-3040
2806,1070,6670,-504,788,-10,-3040
1518,1196,6466,-746,1068,-34,-3024
226,970,8312,-948,1048,-133,-3024
30,348,8366,-1168,1028,-176,-3024
-114,-686,8040,-1183,1039,-124,-3008
-1900,-3680,9022,-441,498,-132,-3008
-2520,-3880,7910,260,-139,-168,-3056
-1478,-60,7138,602,-648,-187,-2992
-64,96,8420,289,-529,-246,-3040
1006,-364,8664,194,-272,-168,-3040
508,-204,8494,234,-15,-130,-3024
268,318,7808,144,5,-177,-3024
-304,346,8756,94,-3,-144,-3008
110,-204,8846,-54,-153,-187,-3040
702,-332,7618,-68,-83,-57,-3056
1166,-404,7582,-78,178,-129,-3056
246,-510,7588,-50,316,-204,-3056
-386,-332,8080,-41,176,-379,-3008
-92,248,7062,-60,108,-376,-3040
-490,410,7886,-103,5,-20,-3072
164,-1140,8068,16,3,-222,-3056
-126,-1140,8054,191,-98,-113,-3024
-1366,-1774,8824,557,-358,58,-3008
-1610,-334,8396,667,-759,191,-3040
-914,148,8416,582,-966,-227,-3056
1788,0,7612,465,-625,-332,-3024
2948,1976,6184,20,42,-312,-3024
2604,2224,6000,-461,510,-75,-3040
2454,1242,7396,-604,1011,-67,-3072
618,1232,7742,-863,989,-132,-3024
-514,468,8722,-928,923,-136,-3024
-112,-374,9210,-984,871,-115,-3040
24,-1474,9186,-992,931,-200,-3040
-2356,-4320,9262,-170,196,-125,-3024
-2464,-3646,7656,552,-381,-148,-3056
-1020,644,7670,431,-595,-165,-3040
808,560,7536,110,-395,-226,-3008
1074,-12,7874,66,-82,-180,-3056
714,-40,7428,187,63,-135,-3024
-248,306,7776,150,8,-253,-2992
-342,642,7992,31,-151,-129,-3040
326,-192,8634,-20,-117,-196,-3040
918,-784,8400,11,-23,-111,-3024
836,-590,7362,-82,240,-155,-3024
-116,94,7634,-123,337,-250,-3008
6,56,7086,-92,230,-390,-3040
-500,-20,8318,-53,134,-155,-3024
-302,-128,7558,-119,13,-90,-2992
-176,-428,7978,10,-31,-142,-3008
-500,-2400,8784,334,-192,-54,-3072
-1674,-1630,8562,708,-580,94,-3024
-1368,264,8380,712,-891,4,-3056
602,600,7284,386,-873,-444,-3024
3188,1126,6844,267,-328,-166,-3040
3356,2160,6278,-248,322,-186,-3040
2734,1612,6760,-497,758,-43,-3056
830,1982,7336,-736,1011,-110,-2992
80,904,8362,-947,1000,-93,-3056
-126,152,8454,-1116,996,-140,-3008
132,-362,7506,-1181,997,-148,-3040
-1660,-3152,9192,-539,607,-137,-3024
-2488,-4012,8270,244,-132,-118,-3024
-1870,-892,7352,653,-670,-134,-3024
-52,646,7742,281,-569,-191,-3008
788,-232,8782,237,-304,-89,-3040
1012,-304,8004,254,-102,-174,-3024
-22,368,8302,188,-10,-111,-3024
-364,518,8598,170,-110,-127,-3040
52,126,8556,-4,-221,-194,-3056
792,-328,8774,-51,-49,-109,-3056
980,-658,8134,-39,237,-77,-2992
168,-318,8078,-46,361,-192,-3008
-458,66,8156,-62,255,-376,-3040
-576,-100,8170,-64,160,-335,-3024
-260,-324,8224,-136,57,1,-3024
200,-1410,8822,75,-18,-189,-3008
-772,-1962,9066,288,-193,-126,-3040
-1976,-1666,9212,696,-517,44,-3024
-1838,-610,8762,784,-924,224,-3056
-346,44,8354,565,-1046,-301,-3024
2414,606,8054,443,-529,-230,-3040
3090,2166,6026,-121,175,-195,-3024
2764,2218,6238,-534,691,-67,-3024
1610,1284,6612,-672,1088,-98,-2992
40,1126,8612,-948,1044,-110,-3040
-570,504,8890,-1046,965,-141,-3040
-150,-74,8124,-1124,950,-94,-3024
-1940,-3378,9116,-657,765,-99,-2992
-2788,-4262,10106,199,-36,-76,-3040
-2898,-2158,8874,701,-656,-236,-3040
-100,46,8072,332,-645,-294,-3008
1412,42,7920,205,-309,-138,-3024
1282,-282,8066,274,-114,-56,-3024
54,402,7774,171,-24,-139,-3040
-244,766,7968,74,3,-191,-3040
-2,940,8016,-155,-99,-212,-3040
1028,172,7846,-112,-62,-117,-3024
1382,-210,7008,-162,242,-53,-3024
348,-14,6812,-156,361,-187,-3008
-82,-44,6980,-150,338,-353,-3024
-382,456,7936,-182,258,-296,-3024
-604,-38,7352,-108,20,-33,-3024
138,-752,7786,0,31,-262,-3040
-282,-1698,8620,221,-115,-70,-3008
-1544,-2086,8754,660,-504,52,-3040
-1714,-108,8620,749,-879,181,-3056
-742,398,8302,555,-1021,-271,-3024
1970,276,7522,415,-640,-258,-3008
3204,2238,6402,-10,126,-163,-3040
2888,2318,6136,-498,597,-140,-2992
2176,1290,7206,-611,1033,-41,-3056
168,1224,8002,-921,1027,-79,-3008
234,244,8720,-985,1022,-109,-2992
-372,-624,9876,-990,949,-42,-3024
-1434,-3078,10254,-716,784,-141,-3024
-2760,-4428,9426,35,103,-131,-3008
-2710,-2822,8712,702,-587,-170,-3040
-458,446,8178,366,-687,-183,-3040
1106,-132,7876,168,-403,-187,-2992
1320,40,6664,174,-129,-192,-3024
760,452,7320,151,49,-106,-3008
-106,486,8016,88,35,-132,-3008
-494,1024,7722,-117,-92,-186,-3056
606,132,7678,-167,-82,-182,-3024
1388,-352,7632,-144,183,-88,-3008
748,-510,6804,-134,366,-122,-3040
-334,12,7596,-90,315,-466,-3056
-350,294,7516,-130,214,-515,-3056
-736,-84,8244,-73,38,-2,-3008
20,-1608,9160,77,5,-193,-3040
-288,-654,8392,140,-91,-126,-3056
-1212,-1944,8432,542,-344,32,-3024
-1818,-376,8532,729,-762,267,-3024
-690,344,8222,615,-1020,-133,-3024
1582,330,7426,417,-710,-360,-3008
3408,1836,6042,52,21,-157,-3040
2576,2492,6182,-421,468,-117,-3024
2584,1202,7608,-578,996,-27,-3024
542,1424,7708,-859,1029,-35,-3040
-290,428,9022,-958,997,-72,-3008
0,90,8566,-1081,956,-161,-3024
0,-1398,8652,-999,971,-162,-3024
-2538,-3922,9232,-81,159,-76,-3056
-2868,-2488,9102,527,-446,-225,-3072
-948,688,7040,336,-629,-217,-3040
1038,552,7300,75,-397,-219,-3056
1448,-80,7314,86,-79,-135,-3056
456,246,7344,132,46,-104,-3040
-74,636,7144,27,31,-201,-3008
-184,842,7980,-40,-45,-135,-3024
258,-170,9234,-52,-84,-150,-2992
778,-886,8320,7,-26,-30,-3008
674,-578,7614,-93,295,-253,-3040
-186,-150,7598,-30,290,-257,-3056
-324,182,7714,-27,129,-386,-3056
-552,-446,8550,45,16,-161,-3040
-48,-714,8622,-49,5,-154,-3040
-10,-828,8068,76,-64,-128,-3024
-550,-2144,8572,472,-290,-33,-3024
-1934,-1128,9298,766,-702,188,-3024
-1112,174,8992,673,-931,67,-3040
186,442,8126,436,-863,-329,-3024
3018,796,7266,292,-201,-135,-3024
2958,2250,6708,-300,371,-139,-3056
2730,1186,7034,-537,829,-93,-3040
938,1696,7142,-817,1061,-175,-3040
412,456,8504,-965,1011,-106,-3056
-144,-122,9156,-1107,967,-81,-3024
-280,190,7888,-1165,936,-209,-3008
-2128,-3296,8040,-510,508,-144,-3008
-2198,-3822,7418,324,-201,-121,-3008
-1050,324,7054,600,-602,-146,-3008
-190,394,7736,198,-516,-272,-3008
990,54,7616,113,-265,-201,-3008
1072,132,7644,141,40,-166,-3008
40,510,8216,128,63,-161,-3024
-528,660,7866,41,-72,-243,-3024
324,210,8058,-81,-101,-100,-3072
792,-276,8478,-48,-32,-184,-3024
950,-676,7658,-19,152,-135,-3024
10,-340,7996,-61,286,-230,-3024
-220,108,7744,-40,197,-448,-3040
-362,-36,8272,-57,111,-214,-3040
-394,-172,7772,-132,32,-91,-3056
54,-408,8068,27,19,-188,-3056
-506,-1750,8424,264,-147,-71,-3040
-1618,-1826,8782,666,-542,149,-3024
-1452,-328,8884,750,-903,150,-3056
88,350,7950,498,-960,-357,-2992
2828,1026,7478,390,-438,-123,-3040
2898,2056,6718,-147,220,-242,-3008
2906,1426,6736,-459,763,-55,-3040
1092,1586,7852,-670,1032,-121,-3024
268,1390,7846,-921,1013,-86,-3056
-424,398,8336,-1080,924,-180,-3008
-42,-204,8188,-1143,977,-161,-3040
-1084,-2760,9754,-602,669,-119,-3056
-2696,-4398,9394,236,-39,-102,-3024
-2286,-1694,8324,663,-613,-244,-3008
-154,750,7478,268,-554,-269,-3056
1164,180,8012,155,-307,-199,-3024
848,-382,8510,224,-62,-138,-3024
68,188,8074,170,2,-56,-3008
-50,610,7766,118,-18,-232,-3008
-52,586,8496,-76,-160,-182,-3024
1052,-322,7622,-129,-63,-140,-3056
1268,-368,6992,-111,166,-72,-3024
848,80,6700,-159,333,-185,-3040
-46,166,7090,-96,278,-339,-3072
-212,342,7276,-127,156,-431,-3040
-518,502,7590,-97,51,-111,-3024
232,-892,8526,-49,41,-242,-3024
-340,-1594,8212,195,-108,-114,-2992
-1472,-1870,8600,579,-416,24,-3008
-1994,-300,8332,691,-825,262,-3056
-346,268,7608,512,-982,-258,-3024
2206,208,7192,406,-607,-271,-3024
3134,2470,6036,-64,109,-195,-3008
3010,2418,5576,-580,612,-122,-3040
2074,1482,6628,-632,1055,-69,-3024
338,1200,7782,-950,1039,-139,-3024
-144,476,9020,-1001,992,-131,-3040
-322,-572,8960,-980,887,-108,-3008
-1084,-2396,10012,-872,894,-197,-3024
-2478,-3724,8858,38,112,-178,-3056
-3096,-2814,9088,677,-498,-216,-3024
-612,458,8178,411,-626,-250,-3008
510,602,7126,121,-408,-139,-3056
1490,98,7556,145,-120,-201,-3024
542,384,7368,211,-10,-134,-3024
-132,658,7978,156,-45,-131,-3040
-488,600,7912,-32,-202,-182,-3040
618,-32,8690,-76,-73,-200,-3024
1360,-538,7974,-86,121,-103,-3024
990,-524,7426,-126,361,-111,-3008
-30,-96,7242,-113,370,-375,-3040
-262,362,7844,-128,237,-448,-3024
-708,-226,8812,-47,101,-89,-2992
-6,-1210,8324,-14,3,-200,-3056
-488,-1122,8638,62,-40,-180,-3040
-526,-2370,8312,496,-257,-31,-3024
-1942,-936,9102,765,-736,193,-3056
-1072,358,8246,683,-1005,-50,-3024
1528,490,7566,397,-851,-395,-3040
3442,1368,6980,188,-136,-135,-3008
3482,2184,5788,-403,431,-232,-3024
2562,1538,6896,-566,967,-24,-3024
792,1624,7600,-842,1073,-129,-3024
-10,848,9166,-991,1019,-91,-3024
200,-204,8622,-1132,1011,-85,-3040
-48,-550,8092,-1169,1010,-133,-3024
-2366,-3686,8158,-267,329,-160,-3024
-2730,-2914,7772,406,-318,-263,-2992
-500,726,6940,406,-669,-109,-3008
294,288,7544,198,-506,-211,-3040
1212,-140,7748,236,-249,-154,-3024
736,484,6770,225,-46,-158,-3024
-132,426,8302,108,-19,-115,-3008
-478,610,8554,49,-117,-153,-3040
490,-68,8438,-38,-117,-168,-3056
876,-640,8448,-45,19,-105,-3024
868,-728,8260,-60,332,-88,-3024
-86,-280,8052,-79,362,-166,-3008
-454,-134,8128,-52,216,-388,-3024
-594,-400,8420,-10,116,-365,-3056
-270,-550,8020,-170,43,-121,-3024
-66,-846,8280,74,-10,-161,-3008
-632,-2032,8446,349,-188,-76,-3040
-2026,-1256,8768,729,-570,131,-2992
-1226,-66,8604,659,-904,138,-3024
-208,310,7744,477,-1001,-375,-3040
2712,678,7596,403,-403,-214,-3040
3276,2426,6612,-195,248,-207,-3056
2630,2254,5950,-549,731,-65,-3024
1330,1390,6982,-737,1083,-113,-3056
282,568,8476,-958,1037,-64,-3040
-380,314,8186,-1063,938,-9,-3024
-282,-82,8084,-1129,946,-206,-3024
-2002,-3370,8916,-575,629,-162,-3056
-2362,-4004,7742,229,-84,-91,-3008
-2526,-1970,8490,672,-657,-150,-3040
-148,84,8228,332,-619,-268,-2992
1286,-248,8218,146,-268,-165,-3056
1422,44,7746,179,21,-117,-3040
0,664,7876,109,39,-170,-3008
-438,490,7900,12,-18,-196,-3040
-94,774,7924,-158,-100,-228,-3024
610,-62,8544,-115,-15,-167,-3056
1216,-596,7330,-86,199,-115,-3056
298,-364,7074,-93,338,-154,-3008
-308,26,7418,-74,259,-419,-3008
-438,286,7940,-103,164,-339,-3024
-362,-222,7482,-56,-23,-67,-3024
206,-1334,8668,94,0,-150,-3040
-240,-1166,8344,137,-130,-118,-3008
-1510,-1462,8220,589,-374,31,-3024
-1794,-934,9298,765,-792,203,-3024
-798,240,8250,578,-995,-179,-3024
1906,298,7704,396,-655,-335,-3040
3230,1610,6662,28,28,-239,-3024
2880,2194,6114,-471,560,-167,-3024
2004,1324,7166,-581,985,-154,-3024
336,1434,7556,-920,1036,-34,-3040
-220,682,9338,-1019,1005,-134,-3040
-54,-524,8630,-1057,993,-129,-3056
-1122,-2770,9718,-897,861,-168,-3056
-2390,-3862,8420,-72,142,-86,-3040
-2644,-2768,8424,573,-476,-191,-3040
-248,682,8132,339,-581,-179,-3024
576,784,7424,100,-349,-171,-3024
1128,132,7074,76,-68,-141,-3056
752,628,6664,41,89,-124,-3008
228,438,7500,16,93,-197,-2992
-500,710,7838,-58,-91,-224,-2992
496,74,7624,-128,-96,-258,-3024
1170,-302,7116,-88,42,-56,-3040
662,-736,7840,-59,255,-130,-3008
-94,-278,7688,-10,283,-268,-3024
-262,394,7498,0,138,-464,-3024
-676,-32,8728,-3,40,-187,-3008
14,-498,8064,-98,27,-103,-3040
-80,-624,8118,108,-45,-153,-3024
-714,-1908,8836,367,-226,-40,-3088
-2020,-1258,9106,702,-597,199,-3024
-1076,-206,8798,675,-912,98,-3024
1060,198,7934,469,-869,-366,-3040
2520,870,7554,327,-252,-158,-3040
3028,2378,6656,-272,288,-316,-3024
2766,1186,7294,-483,764,-1,-3056
1268,1470,7132,-743,1030,-115,-3040
308,662,8524,-924,1009,-97,-3040
-280,18,8960,-1066,944,-112,-3024
-220,142,7684,-1176,933,-122,-3056
-1786,-3184,8806,-604,640,-143,-3008
-2280,-4062,7764,259,-101,-103,-3008
-2486,-2090,8472,628,-662,-157,-3056
-280,624,7648,200,-548,-251,-3024
1300,-86,7978,111,-210,-159,-3024
740,-308,8270,209,-21,-65,-3040
32,272,7786,185,-11,-89,-3008
-604,686,8078,81,-32,-227,-3024
274,-46,8388,-59,-132,-173,-3056
730,20,8060,-79,-94,-117,-3008
1284,-306,7140,-101,162,-76,-3008
194,-26,7434,-81,306,-205,-3024
-206,164,7676,-62,236,-376,-3024
-202,254,7708,-102,220,-269,-3024
-644,-8,8250,-50,26,-74,-2976
6,-794,8552,-38,-28,-166,-3024
-244,-1214,8530,96,-64,-113,-3024
-1420,-1930,8602,543,-396,80,-3024
-1600,-38,8238,721,-815,224,-3040
-914,284,8516,592,-981,-132,-3008
1786,114,7476,376,-708,-334,-3024
3204,1836,6516,73,51,-178,-3056
3046,1952,6244,-416,517,-114,-3040
2216,1346,7230,-573,990,-50,-3040
222,1322,8018,-890,1020,-102,-3024
-162,278,8524,-1038,958,-146,-2992
-400,-480,8512,-1040,946,-115,-3008
-824,-2028,9350,-751,788,-117,-3040
-2564,-4252,9114,38,59,-76,-3056
-2552,-2232,9016,706,-556,-164,-3056
-704,498,7764,395,-612,-152,-3024
764,286,8012,193,-403,-102,-3056
1316,-272,7670,171,-123,-248,-3008
832,164,7078,201,10,-91,-3024
34,626,7574,139,-34,-99,-3024
-154,654,7718,-46,-177,-150,-3024
738,190,8146,-103,-95,-193,-3040
1448,-302,7564,-149,148,-77,-3040
954,-272,7024,-152,371,-105,-3024
-116,112,7036,-138,369,-354,-3024
-294,2,7600,-134,211,-466,-3008
-650,-60,8280,-82,148,-57,-3008
178,-1532,8642,-67,69,-143,-3008
-168,-512,7866,51,-19,-51,-3024
-878,-2132,8324,470,-278,50,-3056
-2004,-536,8650,715,-755,192,-3040
-1180,-34,8468,651,-993,-36,-3024
1076,608,7602,404,-826,-352,-3024
3462,1656,6094,157,-90,-180,-3024
3018,2150,5772,-404,441,-187,-3040
2938,1212,6462,-552,962,-19,-3040
454,2014,8188,-818,1049,-128,-3024
-118,412,8898,-953,992,-117,-3056
-58,-136,9052,-1085,950,-93,-3040
340,-866,8414,-1035,1018,-137,-3024
-2612,-3678,8780,-109,228,-57,-2992
-2962,-2590,8508,535,-454,-180,-3024
-392,848,7828,396,-671,-238,-3040
762,236,7758,168,-457,-184,-3072
1356,-36,7712,169,-165,-109,-3024
374,546,6810,171,-20,-117,-3056
-326,338,7832,112,-31,-164,-3040
-270,678,8234,-21,-103,-191,-3008
696,-58,8326,-73,-116,-146,-3040
860,-776,8766,-33,26,-91,-3024
824,-750,7916,-96,299,-155,-3056
-104,-230,7834,-85,378,-188,-3008
-384,220,7588,-111,251,-343,-3040
-682,-534,8606,-25,99,-127,-3008
-176,-1006,8460,-73,23,-48,-3024
-130,-1088,8486,75,-16,-218,-3024
-720,-2142,8448,449,-291,-84,-3024
-2010,-794,8884,749,-672,201,-3040
-1032,314,8622,710,-989,45,-3008
350,338,7600,461,-932,-399,-3024
3424,1022,6972,257,-191,-156,-2992
3298,2296,6304,-276,399,-204,-3072
2642,1880,6400,-591,863,-47,-3056
978,1698,6980,-821,1085,-167,-3024
384,376,8618,-953,1080,-133,-3024
-198,-144,9492,-1121,992,-130,-3040
-314,-1734,8608,-1132,983,-90,-3040
-2214,-3400,7530,-303,330,-196,-3024
-2396,-3326,7676,467,-359,-161,-3024
-868,656,7090,445,-639,-106,-3040
118,152,7676,222,-532,-276,-3056
1098,-96,7708,182,-201,-177,-3024
1112,302,7134,132,29,-109,-2992
74,546,7258,58,58,-100,-3040
-512,754,7964,-47,-77,-193,-3040
570,192,8114,-118,-125,-166,-3024
1172,-596,8078,-83,64,-113,-3024
996,-686,8034,-54,271,-88,-3024
56,-352,7686,-73,341,-193,-3040
-354,436,7700,-123,237,-405,-3008
-574,10,8468,-82,141,-258,-2992
-150,-472,7530,-180,47,-112,-3056
-40,-334,7736,20,12,-165,-3040
-576,-1778,8716,313,-182,-96,-3024
-2022,-1318,8562,694,-592,179,-3024
-1314,60,8620,714,-935,135,-3056
824,400,7436,504,-999,-386,-3008
2360,658,7694,360,-363,-238,-3040
3270,2172,6430,-194,284,-198,-3024
2872,1360,6766,-532,757,-39,-3024
1502,1596,6996,-769,1102,-149,-2992
306,1076,7898,-985,1024,-105,-3056
-260,418,8214,-1132,985,-52,-3024
252,-276,7638,-1186,995,-187,-3040
-2388,-3624,7988,-407,443,-124,-2992
-2730,-3960,8164,342,-192,-147,-3056
-1592,-302,6802,534,-657,-198,-3040
608,556,7638,193,-504,-270,-3008
1226,-162,8522,168,-202,-161,-3056
444,-274,8544,249,-28,-115,-3024
-124,312,7884,96,16,-178,-2992
-480,652,8554,53,-28,-212,-3040
78,56,9170,-35,-142,-163,-3040
756,-1132,8884,1,-60,-46,-3024
696,-994,8514,30,195,-21,-3024
128,-342,7444,-26,294,-272,-3040
-330,-218,8010,-4,176,-398,-3008
-516,-380,8554,-29,99,-284,-3056
-472,46,7226,-73,3,-49,-3056
284,-716,7992,11,-21,-191,-3008
-396,-1966,8598,239,-132,-127,-3072
-1236,-1670,8212,612,-431,97,-3024
-1758,-106,8180,681,-819,124,-3056
-286,320,7654,493,-974,-311,-3024
2486,278,7494,352,-528,-253,-3040
3164,2208,5468,-128,173,-240,-3008
2720,2530,5834,-558,613,-85,-3024
1518,1558,6434,-660,1021,-9,-3056
362,1362,8084,-928,1024,-128,-3008
-328,482,8522,-1018,991,-145,-3040
-562,-136,8522,-975,889,-119,-3056
-296,-1820,9278,-788,796,-167,-3024
-2190,-4150,8394,173,-37,-98,-3040
-2622,-2506,9474,724,-606,-158,-3040
-452,470,8184,323,-553,-226,-3024
1042,196,7890,154,-336,-194,-3024
1374,-106,7870,136,-57,-136,-3040
320,250,8002,168,48,-83,-3072
-428,440,8196,129,-47,-90,-3008
-376,400,8042,-27,-157,-188,-3056
580,-242,8448,-69,-51,-211,-3056
1214,-452,7946,-89,128,-86,-3024
490,-358,7218,-95,321,-158,-3040
-156,-50,7240,-71,234,-395,-3040
-206,350,7488,-100,190,-444,-3024
-672,-174,8298,-37,72,-35,-3024
92,-1060,8268,4,0,-175,-3008
-474,-764,8612,94,-68,-161,-3008
-1328,-2296,8774,497,-284,-34,-3024
-1956,-1048,8922,773,-754,153,-3056
-1004,208,8524,661,-979,-114,-3040
1560,244,7454,406,-755,-296,-3008
3142,1292,6884,152,-90,-157,-2992
3220,2158,6018,-408,423,-215,-3024
2480,1358,6894,-543,951,-55,-2992
344,1700,7774,-845,1043,-89,-3008
-78,768,9092,-943,944,-119,-3040
260,-132,8512,-1135,973,-141,-3024
-242,-1518,9156,-1110,1037,-163,-3056
-2264,-3520,8218,-339,331,-102,-3008
-2562,-3126,7400,494,-395,-184,-3056
-736,612,6796,358,-569,-199,-3024
706,814,7658,101,-348,-204,-3056
1230,-336,7044,73,-112,-53,-3040
640,52,6732,132,32,-70,-3040
26,582,7348,116,-31,-186,-2992
-302,738,7810,24,-169,-196,-3024
178,96,8806,-49,-145,-146,-3040
1010,-548,7988,-64,4,-91,-3008
910,-290,7194,-70,292,-132,-3024
88,-434,8162,-43,322,-206,-3056
-504,-158,8414,-30,201,-418,-3056
-678,-230,8794,-7,93,-324,-3040
-458,148,7910,-140,9,-93,-2992
-16,-854,8404,44,-9,-184,-3024
-794,-2238,8768,380,-219,-89,-3024
-2100,-900,9042,712,-568,267,-3008
-1316,-164,8516,691,-935,98,-3040
444,496,7988,439,-929,-405,-3008
3298,1250,7134,329,-279,-178,-3040
2982,2214,6884,-229,302,-218,-3024
2716,1424,6812,-516,793,-22,-2992
878,1696,7772,-768,1058,-137,-3008
158,1046,8232,-935,1033,-113,-3024
-578,222,8484,-1055,949,-123,-3024
182,-370,7588,-1133,975,-141,-3024
-2326,-3434,8278,-522,576,-201,-3040
-2598,-4208,8784,286,-124,-147,-3040
-1960,-988,7350,540,-677,-136,-3024
-28,214,7558,231,-551,-191,-3056
1124,-98,7932,138,-238,-206,-3040
1168,-294,8306,253,-22,-113,-3024
-136,212,7876,190,-86,-78,-3024
-572,534,7924,47,-127,-190,-3056
526,-196,8654,-104,-155,-226,-3008
1016,-22,8104,-88,-5,-120,-3040
1104,-444,7418,-109,274,-124,-3024
156,-212,7426,-128,412,-261,-3024
-284,254,7534,-130,306,-425,-3024
-506,-98,8072,-114,219,-268,-3040
-292,-568,7786,-133,7,-135,-3008
-40,-1128,8196,35,-6,-114,-3056
-446,-1876,8518,288,-174,-36,-2992
-1800,-1368,8444,647,-538,67,-3008
-1804,-224,8752,755,-929,160,-3024
-216,498,7786,517,-1033,-312,-3024
2694,916,7460,376,-422,-204,-3024
3438,2266,6676,-118,224,-215,-3040
2712,1960,6688,-502,715,-48,-3040
1248,1320,7570,-661,1061,-106,-3024
54,874,8458,-972,1022,-128,-3024
-420,410,8706,-1101,1015,-175,-3024
-324,-426,8672,-1100,1000,-154,-3008
-2148,-4032,9122,-460,561,-234,-3008
-2876,-4500,9350,298,-121,-69,-3024
-2586,-1766,9000,703,-726,-165,-3056
-40,12,8638,256,-575,-238,-3024
1060,-506,8186,226,-324,-138,-3040
522,194,8004,300,-78,-100,-3008
184,208,8334,180,-28,-164,-3024
-420,308,9132,110,-88,-189,-3024
220,-138,8940,-48,-171,-195,-3040
872,-246,7880,-89,-56,-158,-3024
1156,-608,7952,-64,239,-166,-3024
178,-618,7822,-75,376,-221,-3024
-614,114,8530,-48,232,-459,-3008
-494,-136,8182,-46,127,-316,-3008
-592,-198,7888,-119,13,55,-3040
-28,-1014,8608,53,-33,-236,-3056
-436,-1594,8744,299,-145,-69,-3024
-1784,-1744,8850,665,-470,128,-3040
-1576,-230,8888,684,-849,222,-3008
-714,512,8056,519,-1009,-291,-3056
2132,316,7282,420,-539,-236,-3024
3146,2350,6162,-76,136,-207,-3008
2548,1964,6480,-557,598,-96,-3040
2086,1430,7026,-656,1084,-123,-3024
416,1170,7538,-969,1039,-133,-3024
-434,420,8282,-1030,983,-236,-3024
-192,-382,8998,-1065,897,-66,-3040
-1148,-2698,9726,-732,790,-139,-3008
-2626,-4324,9280,123,7,-104,-3024
-2892,-2652,9090,705,-632,-237,-3024
-438,362,7986,349,-628,-170,-3008
1362,74,8182,155,-300,-183,-3024
1172,-108,8502,209,-34,-134,-3024
-202,298,7958,126,11,-120,-3024
-72,494,7636,50,23,-195,-3008
138,702,8350,-150,-95,-253,-3008
838,-224,8018,-132,-15,-143,-3024
1186,-698,7640,-107,150,-138,-3024
526,-260,7348,-92,325,-96,-3008
-294,146,7232,-68,248,-400,-3008
-410,178,8008,-90,184,-361,-3024
-602,-252,8188,-39,13,-54,-3024
22,-854,8670,85,-8,-179,-3024
-100,-1860,7818,137,-133,-120,-3024
-1072,-2092,8492,575,-358,14,-3008
-1690,-372,8734,740,-787,211,-3072
-738,792,7880,601,-981,-135,-3056
1458,198,7940,391,-649,-327,-3024
3216,1346,6262,62,-14,-216,-3008
2784,2198,6224,-449,510,-165,-3008
2580,1320,7286,-573,956,-156,-3024
352,1580,8160,-889,1028,-99,-3024
-228,450,8796,-996,980,-111,-3008
-328,-204,9016,-1052,944,-138,-3040
-428,-1330,9152,-970,915,-139,-3024
-2398,-4018,8516,-143,175,-105,-3024
-2538,-2680,8990,530,-443,-154,-3024
-768,446,6990,396,-580,-164,-3040
678,550,7484,137,-414,-210,-3040
982,-86,7640,120,-114,-191,-3024
620,154,7370,41,85,-182,-3040
-106,336,8282,30,24,-173,-3040
-284,862,7352,-92,-75,-271,-3040
538,68,7542,-119,-47,-65,-3024
1158,-426,7204,-117,102,-86,-3024
872,-584,7090,-122,305,-162,-3040
-122,50,7400,-53,236,-313,-3008
-214,324,7278,-22,167,-450,-3024
-506,-38,8096,-50,55,-169,-3024
100,-540,8036,-130,18,-149,-3008
-8,-608,7776,68,-30,-114,-3040
-480,-1904,8226,354,-214,-70,-3024
-1942,-934,8782,702,-658,202,-3056
-954,-14,8556,660,-901,11,-3008
1376,248,7550,453,-865,-407,-3008
2710,874,7578,298,-208,-270,-3040
3082,2052,6602,-288,341,-145,-3024
2786,1320,7030,-532,825,-27,-3024
1140,1630,7390,-761,996,-122,-3040
100,496,9080,-869,974,-109,-3040
-136,-200,8970,-1043,902,-89,-3040
70,92,7588,-1199,985,-201,-3024
-2242,-3318,8732,-460,516,-125,-3024
-2556,-3832,8016,337,-144,-80,-3040
-1308,-124,7222,589,-631,-166,-3040
-96,448,7454,171,-512,-263,-3040
1026,-6,8232,133,-189,-142,-3024
696,-246,8102,236,-26,-120,-3040
-152,162,7678,185,4,-99,-3040
-550,438,8068,65,-108,-223,-2992
276,-2,8834,-27,-152,-184,-2992
994,-916,8340,39,-66,-124,-3024
798,-702,8188,-32,200,-88,-3008
256,-14,7342,-91,320,-226,-3040
-224,-8,7864,-65,244,-353,-3024
-426,-224,8320,-25,131,-255,-3024
-398,54,7562,-106,56,-87,-3040
-48,-524,8104,-36,8,-169,-3040
-456,-1978,8308,198,-136,-168,-3024
-1602,-1886,8678,634,-514,52,-3024
-1656,-62,8180,711,-866,66,-3040
84,382,7448,465,-938,-260,-3040
1928,390,7082,328,-524,-247,-3024
3106,2188,6142,-130,192,-208,-2992
2792,2124,6214,-502,697,-103,-3024
1144,1820,6942,-646,1012,-66,-3008
194,1338,8166,-959,1030,-96,-3040
-262,198,8348,-1063,985,-167,-3024
-320,-374,8318,-1058,925,-106,-2992
-858,-2430,9330,-684,744,-136,-3008
-2614,-4198,9284,165,23,-76,-3040
-2496,-1886,8476,695,-593,-201,-3056
-480,468,7900,375,-597,-269,-2992
886,108,8182,186,-389,-251,-3040
1344,-132,7774,157,-123,-102,-3008
196,298,8204,235,7,-137,-2992
-540,514,8492,168,-94,-161,-2992
-206,384,8172,-2,-166,-155,-3024
798,30,8608,-122,-52,-186,-3040
1168,-684,8114,-82,195,-113,-3040
906,-272,7054,-128,385,-141,-3024
-124,154,7266,-141,330,-376,-3024
-354,322,7554,-176,231,-357,-3024
-550,106,7846,-134,64,-68,-3040
144,-1484,8864,30,11,-200,-3008
-656,-1848,9088,225,-116,-199,-3024
-1860,-2052,9052,654,-432,55,-3056
-1984,-626,8944,767,-875,211,-3008
-662,146,8272,622,-1060,-212,-3008
2128,318,7634,393,-687,-302,-3024
3546,2092,5716,-46,112,-188,-3024
2906,2428,5670,-505,601,-138,-3008
1916,1360,7012,-583,1019,-118,-3040
376,1534,7978,-848,1051,-96,-3024
-388,568,9466,-1019,988,-122,-3024
-56,-384,8324,-1114,936,-100,-3024
-1554,-3158,9778,-887,890,-172,-3040
-2586,-4076,9030,68,72,-88,-3008
-2940,-2510,9050,649,-524,-283,-3024
-210,506,7812,296,-606,-157,-3024
1162,518,7254,86,-396,-210,-3008
1452,-18,7492,199,-107,-95,-3008
278,498,6974,146,-4,-120,-3024
10,768,7612,25,-38,-214,-3024
188,412,8250,-134,-99,-206,-3040
736,24,7798,-133,-82,-120,-3008
1328,-380,7408,-123,170,-95,-3024
624,-226,6756,-187,412,-182,-2992
-38,-44,7096,-172,361,-395,-3040
-210,450,7314,-187,241,-414,-3040
-722,0,7764,-85,87,-123,-3056
64,-884,8076,-44,39,-92,-3024
-80,-1282,8334,137,-59,-152,-3040
-1446,-1920,9062,597,-348,3,-3008
-2094,-848,9028,748,-780,213,-3088
-976,314,8492,605,-1009,-92,-3024
1676,420,7394,369,-750,-326,-3024
3426,2024,5804,103,11,-187,-3056
3190,2114,5974,-436,483,-149,-3008
2522,1452,7430,-590,1014,15,-3040
286,1410,7708,-845,1044,-108,-3024
264,138,8914,-917,974,-123,-2992
-328,-548,10024,-994,956,-70,-3024
-780,-2378,9628,-964,903,-254,-3040
-2336,-3288,7800,-215,220,-66,-3024
-2490,-3124,7964,553,-403,-209,-3024
-698,672,7686,393,-664,-155,-3024
892,320,7620,183,-496,-239,-3040
1146,-54,7410,133,-175,-178,-3008
896,388,7106,135,39,-97,-3024
-32,528,7564,92,-12,-117,-3024
-208,456,7934,-62,-137,-187,-3008
560,182,7962,-149,-69,-216,-3024
1304,-452,7756,-136,120,-149,-3024
790,-332,7130,-136,356,-152,-3024
-266,-88,7434,-89,324,-428,-3040
-404,160,7610,-113,183,-416,-3040
-694,42,8396,-78,139,-65,-3024
104,-1612,8788,-21,13,-164,-3056
-248,-598,7824,100,-64,-131,-3040
-884,-2368,8690,505,-260,-16,-3008
-2030,-716,9024,739,-708,257,-3040
-1134,216,8248,656,-969,-11,-2992
1062,564,7482,417,-821,-321,-2992
3396,1620,6302,190,-137,-162,-3040
3298,2302,6430,-349,397,-211,-3024
2880,1128,6754,-460,908,-77,-3024
532,1698,8464,-801,1035,-139,-3056
-196,102,9400,-927,995,-170,-3040
-60,282,7932,-1122,953,-68,-3008
166,-552,8142,-1215,1084,-164,-2960
-2442,-3764,8464,-344,349,-103,-3024
-2734,-3700,7582,327,-252,-156,-3008
-1188,314,6504,400,-634,-168,-3040
812,532,7352,145,-444,-238,-2992
1306,12,7684,170,-164,-144,-2976
448,-86,8148,201,3,-91,-3008
-182,486,7938,65,23,-153,-2992
-400,608,8162,10,-39,-109,-3024
492,-124,8188,-101,-109,-177,-3008
802,-828,8802,0,-12,-183,-3056
672,-846,7812,-12,250,-81,-3056
-220,-38,8310,-21,295,-232,-3024
-292,176,7352,46,141,-390,-3040
-566,-612,8638,67,16,-269,-3040
-88,-592,8312,-75,17,-27,-3024
28,-476,8328,104,-59,-133,-3024
-570,-1800,8884,372,-179,-94,-3008
-1816,-1436,9090,703,-605,161,-3040
-1152,-122,8906,685,-869,157,-3056
-214,406,7658,459,-918,-353,-3024
2504,480,7600,395,-388,-196,-3008
2912,2260,7102,-159,235,-185,-3008
2626,2242,6144,-557,723,-138,-3024
1260,1754,6708,-748,1045,-68,-3056
392,844,8080,-972,1056,-131,-3024
-210,-94,8262,-1100,986,-98,-3040
-296,-114,7594,-1147,881,-199,-3040
-1568,-2696,8580,-681,661,-147,-3024
-2164,-4034,7746,239,-71,-82,-3024
-2502,-2356,9074,658,-615,-174,-3008
-322,478,7990,273,-543,-229,-3040
1056,232,7636,115,-278,-171,-3024
1406,-148,7988,149,-21,-95,-3024
250,330,7970,154,43,-74,-3008
-446,386,7726,91,-44,-88,-3072
-380,484,7582,-56,-172,-274,-2992
1026,-212,7868,-80,-46,-124,-3024
1098,-718,7854,-56,143,-113,-3008
498,-352,7342,-78,334,-246,-3040
-206,210,7832,-53,241,-401,-3024
-270,550,7892,-127,185,-292,-3024
-650,-224,7990,-33,-11,-67,-3024
8,-758,8798,39,9,-158,-3024
-286,-1750,8016,122,-136,-82,-3008
-1474,-1948,8816,572,-399,89,-3008
-1622,-490,8740,796,-825,181,-3024
-278,582,7680,574,-1002,-189,-2992
1708,268,7418,402,-611,-367,-3040
3058,1854,6196,-42,87,-175,-3040
2862,1828,6312,-462,603,-96,-3024
2442,1168,6862,-567,993,-49,-3024
210,1720,8198,-919,1032,-145,-3072
-434,730,8362,-1058,959,-89,-3008
14,-450,9104,-1060,966,-108,-3056
-542,-2114,9284,-848,859,-138,-3024
-2664,-4300,9662,25,69,-131,-3024
-2652,-2388,9026,624,-500,-162,-3040
-560,668,7266,328,-594,-157,-3040
978,256,7902,144,-380,-163,-3056
1060,-306,7786,158,-116,-68,-3024
434,408,7128,140,35,-180,-3008
178,608,7246,91,47,-128,-3040
-216,634,8114,3,-139,-196,-3024
316,30,8440,-64,-148,-140,-3024
1196,-500,7888,-95,101,-167,-2992
830,-366,7078,-98,307,-110,-3008
42,-390,7730,-56,323,-237,-3024
-456,298,8420,-118,230,-438,-2992
-654,10,7824,-70,92,-220,-3024
290,-942,7866,-165,23,-100,-3008
128,-928,8204,37,-46,-116,-3008
