AcX,AcY,AcZ,GyX,GyY,GyZ,Tmp
46,-442,8008,375,-167,-143,-3280
-762,292,8326,366,-269,-104,-3280
-524,424,8008,274,-380,-211,-3280
16,190,8764,256,-418,-175,-3280
524,-1288,7924,352,-416,-132,-3248
42,-1522,8330,644,-527,-102,-3280
-260,-74,7628,668,-640,-130,-3264
1436,1416,6970,280,-258,-179,-3264
2166,1286,6694,-200,43,-210,-3296
2132,1100,6602,-446,479,-131,-3264
2476,1308,6752,-639,943,-46,-3264
1370,1158,7528,-855,1111,-180,-3232
-142,696,8312,-924,1026,-140,-3296
-332,98,8324,-1015,895,-70,-3280
-84,40,8106,-1087,806,-147,-3296
-1714,-3200,9194,-574,416,-207,-3232
-1998,-3746,8112,207,-109,-97,-3248
-1682,-1246,7372,484,-420,-148,-3248
-242,706,6928,40,-324,-239,-3280
916,-76,7856,-188,-24,-191,-3280
1050,-728,7962,18,176,-86,-3280
90,-22,7074,36,168,-44,-3248
-590,416,7494,-1,55,-153,-3280
-92,-284,8188,-24,95,-151,-3248
-238,-912,8742,176,-39,-133,-3280
70,-640,7388,133,-96,-161,-3280
-148,-604,7604,201,-55,-108,-3264
-114,-444,8258,346,-132,-116,-3264
-460,30,8660,338,-209,-85,-3296
-626,396,8446,316,-351,-152,-3296
-314,234,8378,204,-433,-168,-3264
568,-1086,8240,281,-407,-128,-3264
14,-1702,8622,602,-524,-76,-3248
-178,-308,7326,734,-698,-129,-3264
1238,1540,7462,354,-356,-120,-3296
2226,1430,6354,-174,-7,-250,-3264
2872,862,6564,-399,398,-203,-3280
2240,1186,6210,-620,981,-17,-3280
1278,1280,7294,-853,1125,-142,-3280
-44,1212,8454,-1015,1082,-145,-3248
-280,250,8732,-1071,937,-122,-3280
6,-728,8412,-1130,843,-148,-3280
-1788,-3144,8502,-512,346,-146,-3248
-1944,-3340,7928,208,-190,-85,-3280
-1186,-350,7330,467,-492,-133,-3280
210,50,8274,95,-276,-221,-3280
582,4,7208,-84,-156,-147,-3248
1280,-428,7868,23,122,-175,-3280
108,-112,8070,109,151,-108,-3280
-274,164,7442,13,50,-128,-3280
-38,-82,7500,-31,49,-103,-3264
-84,-386,8840,94,23,-151,-3264
294,-948,7852,88,-21,-164,-3264
238,-528,7482,150,2,-128,-3296
-104,-462,8160,292,-15,-90,-3264
-704,348,7854,280,-222,-85,-3264
-558,552,8244,207,-306,-168,-3264
-418,146,9132,179,-378,-205,-3248
474,-1066,8074,344,-420,-58,-3280
-50,-1608,8368,768,-665,-62,-3296
-206,244,7724,697,-686,-169,-3264
1548,1906,6182,201,-229,-203,-3264
2050,1756,6824,-292,66,-277,-3312
2410,1114,6466,-523,531,-163,-3264
2278,1244,6316,-691,1026,-21,-3264
1008,1182,8058,-874,1172,-142,-3232
-366,1132,8694,-1009,1039,-114,-3248
-506,248,8340,-1016,884,-100,-3248
382,-642,8600,-1133,884,-217,-3312
-2212,-4122,9158,-373,250,-147,-3280
-2230,-3510,7828,361,-301,-196,-3280
-1278,172,7598,424,-511,-115,-3248
724,136,8048,72,-263,-252,-3280
1050,-546,8538,-69,-66,-159,-3280
764,-440,7910,81,104,-89,-3280
-36,-216,8248,92,74,-147,-3248
84,-124,8134,29,67,-145,-3280
-14,-516,9294,-5,96,-130,-3280
-458,-538,9094,96,48,-107,-3280
110,-1084,7876,49,-7,-139,-3280
200,-914,8190,170,8,-69,-3248
-510,-52,7920,270,-109,-77,-3264
-806,394,7886,351,-301,-105,-3264
-656,-100,8458,254,-416,-142,-3280
-26,-42,8952,238,-478,-193,-3280
228,-1914,8142,532,-534,-127,-3280
-296,-726,8388,823,-688,-123,-3280
-244,172,8194,652,-677,-184,-3248
1388,1938,6694,47,-145,-216,-3248
2610,1324,6320,-390,247,-237,-3280
2452,582,7114,-545,586,-124,-3280
2042,1072,6140,-677,1042,-67,-3248
624,990,8602,-859,1153,-103,-3248
-528,348,8764,-1005,1021,-99,-3264
-894,-146,9064,-1008,845,-46,-3264
-306,-884,8566,-1036,764,-94,-3296
-2254,-3900,8950,-70,22,-129,-3296
-2126,-2458,8778,490,-417,-187,-3296
-398,926,7664,243,-446,-156,-3232
636,300,7750,14,-204,-250,-3264
1182,-476,8076,-78,-1,-150,-3264
992,-98,7340,2,161,-60,-3264
120,-62,8026,19,159,-86,-3280
-76,92,7890,-42,119,-104,-3280
-114,-558,8728,-52,143,-122,-3280
-402,-756,8176,83,21,-111,-3280
240,-1336,7870,119,20,-91,-3280
188,-888,7856,217,-19,-57,-3280
-626,-112,7834,324,-151,-79,-3248
-850,128,8624,380,-313,-133,-3248
-492,150,8332,307,-426,-188,-3280
124,-524,8542,332,-488,-205,-3280
84,-1870,8970,524,-517,-76,-3232
-196,-996,8264,808,-696,-109,-3264
-120,474,7808,660,-632,-176,-3264
1162,1992,6592,37,-169,-207,-3264
2622,1306,6790,-409,244,-204,-3264
2480,722,6872,-558,654,-107,-3264
1886,1152,6280,-705,1048,-118,-3280
522,830,8670,-862,1139,-125,-3264
-620,288,8654,-977,983,-50,-3264
-564,86,8880,-1093,857,-111,-3232
-410,-832,8914,-1003,770,-133,-3264
-2118,-4156,8964,-48,9,-103,-3232
-2044,-2126,8612,492,-417,-189,-3264
-810,1136,7346,202,-457,-142,-3248
936,580,7936,-70,-111,-209,-3296
1376,-642,7892,-76,98,-172,-3264
488,62,7396,-18,152,-114,-3280
144,128,7762,-42,171,-132,-3280
168,36,8470,-89,186,-138,-3248
-86,-840,8442,20,118,-142,-3248
-714,-544,8100,99,-73,-147,-3280
148,-1180,8296,163,-21,-87,-3312
-80,-954,8118,278,-103,-147,-3312
-286,110,7706,346,-219,-87,-3280
-668,528,8118,385,-307,-133,-3280
-522,522,8538,270,-414,-182,-3280
382,-338,8266,287,-437,-157,-3248
258,-1348,8668,462,-447,-111,-3264
-428,-758,8116,754,-619,-104,-3264
-240,16,7866,625,-647,-178,-3296
1230,1582,6960,147,-206,-217,-3264
2488,1340,6872,-305,161,-238,-3296
2210,1064,6670,-470,546,-221,-3264
2028,1232,6838,-664,1012,-25,-3296
1098,940,8058,-849,1178,-121,-3264
-434,516,8814,-1001,1009,-98,-3264
-428,-38,8762,-975,835,-73,-3248
-16,-566,8512,-1024,790,-166,-3248
-1808,-3784,9032,-365,197,-106,-3248
-2290,-2962,8606,346,-247,-113,-3248
-1276,-462,7708,460,-430,-112,-3280
148,4,7814,46,-297,-262,-3248
1060,-526,8608,-131,-11,-218,-3280
804,-486,7980,45,204,-102,-3280
-134,-110,7950,110,105,-136,-3248
-506,-44,7878,-5,64,-192,-3280
-32,-638,8716,-8,48,-120,-3248
-432,-950,8674,187,-11,-111,-3280
272,-924,7630,140,-53,-126,-3248
28,-704,7394,191,-60,-155,-3280
-268,2,7878,279,-138,-134,-3248
-630,-58,8492,350,-270,-93,-3248
-462,354,7932,250,-382,-165,-3248
44,130,8164,196,-408,-204,-3232
352,-1716,8598,375,-440,-166,-3264
-232,-1566,8760,720,-591,-147,-3264
-350,136,7726,693,-639,-213,-3296
1536,1614,6812,228,-254,-250,-3264
2376,1292,6638,-239,79,-250,-3296
2544,1164,6902,-454,504,-167,-3280
2564,1280,6666,-679,992,-23,-3264
1214,1254,7712,-847,1166,-121,-3232
-642,768,9232,-933,1000,-138,-3312
-434,114,8564,-1068,929,-84,-3280
-526,-1088,8856,-1115,842,-159,-3248
-2286,-3684,9320,-238,138,-140,-3280
-2436,-3064,8208,387,-325,-181,-3280
-688,604,7626,355,-475,-149,-3280
526,356,8152,51,-183,-272,-3280
442,-464,8410,-36,-59,-138,-3264
804,-270,7968,39,111,-110,-3264
156,12,7814,128,135,-130,-3264
-166,152,7856,7,54,-124,-3296
18,-560,8358,35,66,-146,-3232
-418,-532,8292,51,-38,-161,-3280
310,-788,7902,85,17,-135,-3296
308,-724,7516,195,16,-140,-3280
-234,-30,7488,264,-101,-113,-3280
-724,560,7518,264,-248,-101,-3248
-340,408,8224,186,-355,-151,-3280
248,-410,8388,229,-420,-166,-3248
84,-1612,8316,466,-504,-58,-3280
-244,-1430,8466,783,-647,-105,-3248
-288,460,7822,598,-626,-202,-3264
1324,1960,6554,21,-145,-239,-3280
2870,1354,6328,-386,258,-216,-3280
2342,1052,6204,-531,628,-62,-3280
1348,1426,7150,-713,1037,-91,-3280
586,784,8254,-837,1165,-83,-3280
-438,402,8724,-1005,1001,-122,-3248
-918,204,8796,-1068,824,-129,-3280
-158,-888,8614,-1080,797,-176,-3280
-2056,-4222,9068,-58,-1,-61,-3280
-2284,-1866,8544,512,-443,-152,-3248
-990,678,7946,265,-475,-109,-3264
778,474,7636,-47,-207,-245,-3264
1596,-714,7990,-41,7,-194,-3264
488,-96,7560,65,111,-128,-3264
-278,-166,8156,112,85,-93,-3264
4,110,8134,-13,47,-108,-3264
278,-836,8872,36,107,-116,-3264
-298,-702,8176,95,-29,-118,-3280
48,-862,8132,75,68,-101,-3264
202,-984,7846,205,11,-147,-3296
-402,-46,8168,270,-66,-69,-3248
-768,-22,8406,372,-345,-94,-3280
-642,-78,8974,299,-404,-106,-3312
252,-586,8358,254,-495,-164,-3248
14,-1608,8824,562,-551,-118,-3280
-226,-1490,9046,861,-713,-124,-3280
-224,450,8118,625,-647,-200,-3248
1522,1900,6890,10,-108,-227,-3248
2666,1250,6978,-396,247,-183,-3280
2294,978,6854,-541,652,-119,-3264
1236,802,7426,-663,1019,-109,-3248
288,554,8988,-798,1133,-114,-3280
-334,364,9212,-1028,990,-123,-3280
-942,22,9576,-1061,886,-115,-3280
-960,-2120,8680,-888,633,-250,-3280
-2100,-4022,8914,106,-103,-124,-3264
-1944,-1402,8358,523,-511,-142,-3232
-514,1034,7728,178,-439,-161,-3248
740,390,7370,-29,-131,-179,-3280
1160,-660,7830,-25,28,-217,-3248
904,-188,7310,-40,171,-110,-3280
118,270,7640,21,104,-87,-3248
-114,156,7716,-75,129,-160,-3280
-6,-662,8398,-15,155,-155,-3248
-226,-600,8044,4,25,-164,-3248
264,-964,7762,115,41,-152,-3248
190,-890,7548,253,-50,-153,-3280
-730,28,8328,336,-171,-169,-3280
-920,-22,8264,333,-349,-119,-3264
-382,12,8200,302,-432,-168,-3264
222,-600,8500,302,-491,-119,-3232
20,-1598,8826,590,-563,-105,-3296
-252,-392,7886,803,-695,-130,-3296
138,600,7750,572,-538,-184,-3264
1448,2342,6958,-95,-86,-251,-3296
2780,1182,6626,-441,366,-213,-3264
2468,752,6612,-569,702,-129,-3280
1188,1008,7822,-753,1084,-147,-3296
230,634,8526,-834,1190,-132,-3280
-546,380,8880,-987,967,-174,-3280
-842,48,9216,-1071,845,-129,-3248
-1032,-2170,8894,-852,616,-168,-3280
-1930,-3834,8610,104,-91,-67,-3280
-1856,-1152,8048,564,-509,-185,-3248
-760,1164,7668,110,-430,-256,-3248
1068,530,7328,-140,-58,-220,-3248
1504,-568,7472,-47,151,-164,-3280
382,-128,7194,-30,163,-132,-3280
-140,306,7402,-42,157,-160,-3264
232,-48,8088,-96,174,-166,-3264
-72,-946,8800,36,133,-119,-3264
-392,-746,7718,42,-39,-207,-3264
-120,-1050,7920,137,6,-173,-3264
126,-906,7866,312,-99,-99,-3280
-436,36,8126,346,-182,-99,-3280
-750,138,8088,387,-383,-168,-3280
-436,-44,8226,288,-484,-172,-3312
420,-456,8762,296,-452,-206,-3248
250,-1784,8514,580,-526,-135,-3280
-502,-56,8254,782,-647,-77,-3248
1176,1556,6574,396,-448,-235,-3296
2004,1752,6606,-156,-50,-279,-3296
2710,1282,6804,-415,378,-217,-3296
2500,1010,6480,-583,771,-137,-3264
1268,1648,7198,-798,1074,-185,-3264
146,1256,8270,-882,1129,-96,-3296
-458,222,9474,-1028,984,-72,-3264
-566,-238,8250,-1050,798,-102,-3264
-1472,-2416,8846,-828,567,-222,-3264
-1790,-3526,7722,138,-104,-83,-3280
-1376,-586,7696,485,-460,-126,-3248
-520,868,7362,72,-314,-224,-3312
690,400,6972,-177,-70,-227,-3280
1654,-424,7300,-81,175,-160,-3280
168,-140,8062,61,214,-87,-3248
-622,72,7696,26,70,-144,-3248
-304,-134,8134,-42,37,-103,-3296
-90,-1036,9000,83,41,-159,-3264
186,-884,7866,102,-92,-119,-3232
216,-756,7484,161,3,-144,-3264
96,-712,7580,337,-87,-143,-3264
-678,368,8860,315,-217,-51,-3296
-632,116,8670,346,-344,-141,-3248
-346,-222,8640,284,-391,-168,-3264
290,-870,8800,298,-450,-164,-3296
-34,-1710,8982,599,-554,-136,-3264
-428,-768,8730,793,-627,-108,-3248
298,774,7576,484,-514,-198,-3312
1732,1700,7118,-54,-106,-220,-3280
2728,1128,6818,-357,352,-130,-3248
2372,1084,6712,-539,724,-84,-3248
1092,1302,7438,-779,1072,-118,-3264
180,952,8640,-893,1140,-107,-3264
-182,518,8290,-1061,967,-122,-3296
86,-82,7884,-1152,871,-128,-3264
-1064,-1964,8458,-818,600,-183,-3264
-2058,-3940,8568,122,-97,-68,-3264
-1690,-1142,7516,486,-477,-191,-3264
-392,996,7420,79,-317,-270,-3248
832,590,7052,-167,-57,-205,-3280
1332,-450,6990,-70,103,-213,-3280
322,-188,7202,-21,165,-124,-3280
-150,248,7294,25,95,-119,-3280
-40,180,7594,-65,66,-81,-3248
-98,-674,8232,54,28,-103,-3280
-62,-558,7538,58,-35,-178,-3248
316,-770,7452,88,37,-152,-3280
382,-416,7328,254,-35,-112,-3280
-510,254,7802,289,-151,-114,-3264
-796,302,8080,310,-316,-182,-3264
-298,190,8142,186,-366,-238,-3296
458,-396,8232,221,-427,-175,-3264
94,-1634,8100,544,-522,-162,-3264
-402,-252,7880,732,-668,-174,-3296
274,874,7224,464,-474,-157,-3264
1672,2088,6724,-144,-20,-267,-3248
2644,1256,6744,-408,390,-202,-3280
2752,1164,6678,-588,892,-17,-3280
1278,1506,7590,-818,1084,-109,-3280
104,860,8950,-940,1104,-95,-3280
-412,216,8678,-1035,974,-56,-3248
-130,140,7816,-1133,806,-144,-3280
-1988,-3130,9232,-742,509,-214,-3248
-2114,-3964,9270,165,-123,-82,-3248
-1254,308,7668,509,-506,-71,-3264
-256,516,7458,112,-362,-256,-3296
768,30,7266,-179,-82,-200,-3296
1314,-544,7872,63,135,-128,-3264
-124,-226,8312,90,110,-100,-3264
-728,308,7964,37,16,-108,-3296
60,274,7806,-111,117,-136,-3296
74,-468,8282,79,82,-120,-3264
290,-870,7516,21,1,-130,-3264
294,-632,7216,98,56,-119,-3232
-160,-334,7862,256,-21,-85,-3264
-780,-32,8446,340,-196,-32,-3264
-756,150,8218,278,-335,-144,-3280
-468,466,8596,173,-415,-146,-3296
612,-1132,7698,323,-455,-131,-3264
88,-1302,8170,698,-609,-97,-3280
-206,44,7832,723,-709,-181,-3280
1776,1930,6442,234,-234,-203,-3280
2306,1728,6178,-307,54,-216,-3216
2306,1162,6234,-512,491,-135,-3312
2676,1010,6844,-638,1005,-21,-3280
1318,1466,7248,-895,1168,-139,-3280
-228,1222,7836,-1026,1106,-140,-3248
-336,204,8478,-1101,1013,-67,-3280
-146,-252,8228,-1130,869,-160,-3248
-2246,-3858,9254,-305,205,-220,-3264
-2328,-3044,7962,341,-363,-147,-3296
-794,954,7664,410,-551,-162,-3248
380,116,7830,90,-248,-245,-3248
486,-214,7600,-87,-65,-209,-3280
814,-262,7810,52,78,-120,-3280
168,-112,8342,68,146,-97,-3280
-170,-72,8072,61,86,-129,-3280
-306,-262,8878,-51,150,-133,-3280
-444,-750,8200,88,59,-181,-3280
218,-1042,8314,79,29,-185,-3280
42,-1078,8170,212,-3,-107,-3232
-360,-666,8098,342,-121,-135,-3296
-1072,82,8964,415,-298,-61,-3264
-516,192,8646,304,-444,-161,-3264
-326,-72,9330,309,-471,-178,-3296
340,-1614,8522,455,-550,-108,-3280
-132,-1246,8624,787,-646,-124,-3280
-34,444,7668,703,-681,-125,-3264
1652,1702,6636,203,-213,-191,-3264
2228,1460,6590,-348,118,-244,-3264
2188,990,6650,-539,537,-182,-3264
1684,902,6306,-720,1042,-62,-3232
1532,1342,6808,-918,1205,-181,-3264
-302,944,8174,-987,1042,-161,-3232
-856,-24,9092,-1008,915,-169,-3264
74,-42,8046,-1143,844,-136,-3248
-2140,-3984,9252,-272,160,-130,-3248
-2250,-2880,8350,371,-334,-116,-3280
-998,952,7656,379,-550,-162,-3280
348,438,7426,-18,-294,-288,-3248
1100,-72,7648,-151,28,-187,-3280
850,-232,7898,43,177,-109,-3280
-142,-8,8054,9,156,-102,-3280
-224,280,7890,-68,125,-192,-3248
-76,-220,8452,-127,176,-171,-3248
-300,-664,7792,57,9,-138,-3248
162,-1204,7758,40,-12,-202,-3296
-44,-744,7342,198,-21,-123,-3264
-292,-260,7940,325,-99,-74,-3264
-756,80,8314,371,-316,-102,-3296
-500,224,8164,304,-415,-160,-3264
-128,254,8244,244,-464,-201,-3296
762,-1436,8100,417,-470,-114,-3264
-58,-1332,8510,701,-596,-105,-3264
-190,410,7576,694,-624,-208,-3280
1634,1582,6388,200,-209,-201,-3264
2250,1526,6332,-303,111,-272,-3280
2188,912,6846,-489,454,-217,-3248
2492,1198,6510,-635,968,-77,-3280
1266,1298,7736,-875,1156,-190,-3280
-46,802,8044,-996,1107,-111,-3248
-564,72,9140,-1058,954,-79,-3280
-354,-140,8598,-1111,841,-76,-3248
-1978,-3870,8862,-372,230,-170,-3312
-2030,-3012,8192,261,-227,-188,-3280
-714,486,7530,419,-498,-137,-3280
64,454,7552,22,-274,-261,-3280
726,-80,7500,-122,-46,-198,-3280
1002,-174,8002,3,151,-117,-3280
92,-82,7998,63,209,-76,-3280
-544,100,8002,-1,88,-117,-3280
-290,-430,8610,-32,80,-214,-3296
-330,-990,8580,127,5,-155,-3296
258,-1240,7806,102,-48,-96,-3264
168,-892,7524,238,-57,-127,-3264
-228,-378,8040,358,-112,-108,-3264
-844,226,8808,348,-271,-122,-3264
-420,178,8380,258,-374,-185,-3296
214,94,8462,286,-440,-168,-3312
358,-1076,8964,390,-447,-128,-3248
-132,-1578,8484,710,-584,-133,-3280
-244,128,7874,693,-641,-203,-3280
1360,1570,6584,241,-247,-240,-3280
1984,1484,6860,-240,79,-305,-3248
2194,1016,6874,-459,511,-152,-3280
2248,1320,6718,-669,989,-15,-3248
1214,834,7500,-874,1146,-121,-3280
32,854,7886,-979,1037,-106,-3280
-224,446,8346,-1057,895,-82,-3264
256,-540,8480,-1121,887,-178,-3264
-2238,-4140,9536,-466,320,-111,-3264
-2134,-3610,8150,293,-201,-110,-3264
-1350,6,7142,418,-486,-175,-3296
588,194,7932,4,-273,-292,-3264
808,274,7212,-144,-3,-195,-3280
886,-500,7428,33,175,-176,-3296
84,-212,7836,74,129,-122,-3264
-254,-48,8410,16,65,-111,-3280
-48,-66,8046,-12,62,-95,-3248
-186,-752,8224,148,-28,-114,-3280
74,-844,7856,97,-61,-172,-3280
100,-950,7804,170,-35,-162,-3296
-276,-292,8118,330,-130,-132,-3280
-602,242,7864,373,-261,-81,-3280
-592,564,8242,226,-354,-136,-3248
114,-72,8362,208,-422,-160,-3280
352,-1702,8966,370,-428,-142,-3264
148,-1504,8292,711,-592,-58,-3264
-234,162,7616,668,-660,-240,-3264
1562,1286,6498,267,-247,-226,-3264
2304,1392,7198,-245,97,-244,-3264
2438,1328,6780,-489,482,-167,-3232
2402,1188,6494,-637,1003,-17,-3264
1142,1318,7704,-898,1155,-171,-3264
26,1016,8412,-1032,1082,-134,-3280
-324,108,8642,-1001,912,-65,-3264
84,-492,8656,-1095,835,-162,-3280
-2246,-3962,9104,-483,306,-143,-3280
-1964,-3914,8270,293,-213,-105,-3280
-1374,-474,7618,524,-510,-105,-3280
96,-78,8156,142,-352,-229,-3248
806,-356,8042,-115,-133,-247,-3248
1574,-654,7450,76,117,-102,-3248
134,-286,8342,170,95,-85,-3280
-692,134,8270,90,4,-101,-3280
226,-12,8022,-64,83,-180,-3264
260,-788,8696,91,66,-150,-3264
264,-820,8204,63,-33,-115,-3264
212,-1072,7512,155,44,-104,-3296
-436,-158,8346,257,-34,-84,-3296
-756,-98,8594,335,-219,-79,-3296
-836,394,8666,242,-331,-144,-3264
-84,-44,8044,213,-406,-143,-3264
252,-1280,8440,377,-488,-193,-3280
-24,-1872,8848,760,-641,-93,-3248
-410,174,8298,798,-735,-145,-3280
1640,1750,6294,271,-264,-172,-3280
2054,1656,6914,-274,79,-246,-3280
2322,1084,6828,-516,491,-151,-3296
2352,1160,6648,-682,1027,-54,-3296
1118,1118,7390,-865,1174,-108,-3296
-670,918,8940,-992,1053,-97,-3264
-300,330,9068,-1065,973,-74,-3264
-38,-636,8618,-1140,898,-132,-3264
-2278,-4204,9254,-246,178,-125,-3264
-2264,-3722,8046,410,-337,-125,-3280
-1100,496,7476,383,-551,-174,-3280
780,44,7946,91,-267,-243,-3248
808,-486,8300,-71,-55,-210,-3280
900,-402,7700,57,61,-106,-3280
386,-90,7608,45,147,-90,-3312
-114,-8,8278,2,78,-104,-3248
-32,-400,8660,-36,149,-119,-3248
-258,-562,8266,60,57,-140,-3280
226,-1004,7572,29,8,-108,-3280
198,-1144,7878,139,14,-82,-3280
-480,-294,8164,281,-57,-91,-3264
-756,-166,7964,389,-252,-30,-3264
-876,288,8794,271,-382,-153,-3296
156,-436,8342,242,-445,-208,-3264
112,-1710,8984,439,-522,-133,-3264
-64,-1484,8466,807,-681,-86,-3264
-304,110,8226,737,-702,-155,-3264
1482,1698,6460,185,-233,-197,-3296
2306,1752,6204,-311,102,-259,-3280
2218,1166,6776,-538,506,-138,-3280
2166,982,6436,-686,1032,-16,-3280
1082,870,8190,-874,1187,-109,-3280
-98,1122,8270,-1014,1100,-68,-3280
-548,82,8622,-1013,920,-59,-3280
-282,-784,8852,-1098,815,-128,-3248
-2114,-4042,9054,-230,178,-169,-3216
-2136,-3332,8056,405,-386,-133,-3248
-1082,658,7820,391,-524,-156,-3280
560,396,7692,63,-299,-245,-3248
1480,-482,7842,-163,-18,-162,-3248
1258,-284,7552,32,153,-62,-3280
26,40,8264,37,134,-97,-3248
-30,302,7562,-97,116,-139,-3280
240,-348,8252,-162,199,-165,-3248
-206,-680,8618,59,26,-135,-3280
232,-1048,7496,57,39,-161,-3248
184,-746,7334,173,-4,-140,-3280
-462,242,7722,264,-116,-114,-3232
-672,108,8414,374,-258,-103,-3296
-636,288,8280,267,-377,-191,-3264
238,106,7914,242,-456,-214,-3264
312,-1508,8206,428,-486,-107,-3264
108,-1258,8416,746,-654,-73,-3296
-184,416,7498,693,-665,-201,-3264
1426,2148,6076,134,-200,-248,-3264
2196,1466,6620,-305,106,-228,-3280
2276,1046,6626,-542,560,-175,-3264
2208,1112,6492,-691,1025,-57,-3248
944,1020,7854,-907,1171,-142,-3280
-196,1068,8088,-1008,1051,-54,-3280
-186,76,8774,-1070,959,-102,-3280
-328,-906,8766,-1107,832,-132,-3280
-2276,-3986,9126,-248,146,-158,-3248
-2140,-3040,7814,380,-328,-138,-3280
-982,430,7992,367,-465,-121,-3248
826,188,7848,-21,-187,-232,-3280
954,-560,8180,-129,-11,-165,-3264
1002,-318,7336,-13,129,-145,-3264
232,-284,8410,48,157,-115,-3296
-142,48,8186,-38,130,-113,-3296
-198,-730,8640,-54,136,-163,-3296
-562,-924,8652,101,-18,-131,-3296
238,-1440,7788,122,-35,-116,-3264
-16,-1092,8278,300,-80,-87,-3264
-106,-298,7940,360,-146,-147,-3280
-760,380,8412,366,-273,-98,-3312
-510,268,8224,273,-352,-163,-3280
126,-76,8662,279,-466,-179,-3280
490,-772,8444,319,-453,-144,-3248
52,-1414,8014,675,-596,-108,-3280
-180,58,7650,673,-620,-210,-3264
1478,1232,6920,291,-249,-225,-3296
2064,1782,6642,-213,65,-287,-3280
2476,1124,6466,-458,486,-194,-3280
2392,1458,6518,-694,963,-17,-3248
1378,1022,7646,-876,1136,-138,-3280
148,1046,7956,-954,1090,-96,-3280
-330,518,8508,-1059,887,-112,-3312
234,-178,7994,-1137,828,-209,-3280
-2078,-3706,9622,-545,356,-146,-3280
-1920,-3826,8558,223,-131,-106,-3248
-1578,-646,7248,477,-470,-146,-3264
318,426,7688,6,-296,-322,-3264
1064,-358,8030,-173,-50,-213,-3296
1332,-694,7584,34,168,-135,-3296
4,-84,7774,54,145,-177,-3264
-486,290,7926,-15,73,-109,-3264
-104,-32,8202,-71,90,-99,-3248
26,-1006,8494,149,-20,-104,-3296
-18,-612,7934,97,-57,-125,-3264
124,-748,7124,143,5,-153,-3248
92,-722,7896,291,-83,-111,-3280
-478,12,8304,363,-222,-80,-3248
-656,370,8210,287,-316,-176,-3280
-140,422,8264,199,-432,-211,-3280
316,-822,8822,281,-419,-165,-3280
86,-1726,8534,663,-554,-136,-3280
-380,318,7824,714,-644,-205,-3248
1754,1580,6064,326,-359,-241,-3248
1832,1506,6920,-158,5,-238,-3280
2548,1028,7222,-405,391,-139,-3264
2550,1132,6910,-550,867,-30,-3232
1414,1558,7094,-838,1111,-172,-3264
46,976,8614,-988,1110,-119,-3264
2,296,8338,-1074,982,-90,-3232
-56,-386,8124,-1127,824,-155,-3264
-2182,-3634,9520,-613,441,-173,-3248
-1902,-3786,8370,177,-144,-145,-3232
-1718,-1054,7932,523,-511,-154,-3232
-136,302,7804,116,-337,-246,-3264
574,-272,7582,-98,-128,-225,-3264
1646,-510,6864,-8,108,-145,-3264
542,-284,7872,125,116,-88,-3264
-852,36,8304,100,7,-82,-3296
-318,288,7838,-66,81,-134,-3248
398,-630,7980,66,55,-180,-3296
118,-706,8278,46,-33,-122,-3280
186,-1028,7490,71,31,-111,-3280
246,-522,7302,232,29,-126,-3248
-718,364,7940,294,-161,-113,-3280
-806,196,8270,240,-310,-198,-3280
-308,10,8996,253,-410,-204,-3248
170,-946,8630,324,-441,-160,-3280
-58,-1870,8312,697,-624,-146,-3280
-262,-122,8042,784,-719,-108,-3248
1772,1664,6594,392,-379,-213,-3280
1866,1914,6816,-159,-28,-226,-3264
2714,1102,6762,-481,454,-190,-3232
2682,1032,6840,-601,913,-41,-3264
1312,1350,7208,-848,1130,-153,-3264
2,942,8182,-956,1124,-126,-3264
-356,462,8556,-1098,970,-72,-3264
232,-260,7958,-1166,874,-210,-3264
-1566,-2658,8792,-636,470,-163,-3248
-2022,-3906,8112,262,-187,-88,-3232
-1724,-322,7658,517,-555,-207,-3248
496,118,7276,60,-338,-261,-3280
814,404,6898,-133,-67,-168,-3280
1240,-572,7388,64,56,-87,-3280
298,-218,7918,68,123,-151,-3280
16,-2,7690,-9,112,-189,-3280
-50,128,7602,-97,106,-144,-3248
-260,-652,7582,9,106,-153,-3232
98,-742,7184,10,52,-160,-3280
262,-900,7518,147,45,-181,-3280
-414,-296,8150,291,-49,-120,-3312
-942,0,8140,379,-239,-174,-3280
-856,112,7924,278,-395,-245,-3312
56,180,8448,225,-453,-197,-3280
416,-1344,8178,354,-472,-97,-3264
-86,-1248,8050,706,-622,-98,-3232
-92,380,7894,706,-669,-182,-3264
1190,1954,7208,85,-183,-195,-3264
2250,1710,6390,-402,221,-227,-3264
2366,958,6066,-584,607,-144,-3264
1462,1276,6914,-727,1066,-55,-3264
1440,1354,7002,-878,1199,-80,-3248
-392,736,8514,-1000,1053,-106,-3248
-958,-280,9322,-1010,859,-96,-3280
-926,-1756,9222,-1056,772,-113,-3248
-2144,-3782,9106,-132,78,-156,-3248
-2112,-2902,8546,478,-405,-160,-3248
-760,930,7672,336,-469,-154,-3280
612,356,7956,54,-235,-250,-3280
976,-184,7696,-76,-64,-173,-3280
946,-282,8464,53,157,-63,-3248
-122,26,7838,56,133,-78,-3264
-42,254,7910,-38,95,-134,-3264
-66,-168,8564,-88,168,-138,-3232
-434,-656,8396,36,37,-126,-3264
344,-1022,7504,63,50,-127,-3264
146,-810,7806,198,-16,-119,-3264
-576,-112,8252,302,-132,-72,-3232
-702,82,8264,338,-266,-139,-3264
-318,128,8080,309,-401,-163,-3264
-16,-68,8576,260,-468,-208,-3248
288,-1228,8548,455,-538,-128,-3296
36,-1056,7798,775,-673,-59,-3248
4,1000,7756,676,-664,-162,-3280
1496,1974,6710,65,-141,-220,-3248
2316,1578,6436,-385,200,-244,-3280
2320,990,6552,-564,578,-145,-3280
1462,1162,7008,-735,1077,-106,-3232
1162,1176,7738,-848,1197,-151,-3248
-544,522,8080,-965,984,-102,-3248
-502,26,9338,-1090,879,-82,-3280
-1128,-1872,9384,-1049,788,-146,-3280
-2140,-4122,9284,-32,9,-105,-3280
-2330,-2704,8580,477,-425,-209,-3280
-410,1256,7314,204,-446,-162,-3280
834,322,8042,-21,-153,-217,-3248
1008,-310,7824,-67,53,-172,-3280
480,-236,7964,-4,132,-142,-3280
6,100,8088,-11,174,-147,-3264
-130,16,8434,-52,115,-149,-3264
-254,-762,8996,4,121,-169,-3264
-592,-846,8068,88,3,-180,-3264
156,-1388,8008,169,-42,-143,-3296
18,-1240,8236,348,-108,-120,-3232
-554,214,8082,375,-234,-118,-3264
-800,198,8544,400,-334,-130,-3248
-414,252,8256,261,-388,-167,-3280
300,-294,8436,299,-443,-155,-3280
310,-1650,8578,482,-494,-96,-3280
-82,-1422,8062,792,-665,-111,-3248
-184,178,8110,642,-622,-143,-3248
1140,1564,7190,-1,-99,-244,-3264
2518,1198,6968,-303,270,-166,-3232
2224,848,7412,-479,628,-133,-3296
1130,1204,7736,-712,1005,-133,-3264
756,784,8558,-859,1139,-120,-3264
-670,122,9528,-952,911,-84,-3264
-912,-70,8882,-976,767,-84,-3264
-764,-1836,8566,-1031,733,-250,-3232
-2058,-4024,9110,-77,48,-125,-3264
-2104,-2470,8682,481,-380,-158,-3232
-776,970,7544,256,-414,-179,-3264
492,248,8044,-53,-188,-233,-3248
1394,-758,8302,-69,71,-149,-3264
472,-252,8020,47,189,-68,-3264
-550,10,7264,57,93,-37,-3264
-250,50,7620,-39,46,-208,-3248
146,-766,8990,36,97,-152,-3264
-338,-520,7778,112,-70,-103,-3296
218,-742,7118,88,-7,-145,-3264
174,-654,7414,244,-60,-111,-3280
-378,-116,8128,317,-140,-110,-3248
-726,478,8362,317,-302,-134,-3280
-234,236,7688,192,-353,-192,-3248
120,-22,7964,202,-434,-139,-3280
388,-1688,8458,488,-469,-56,-3248
-250,-1022,8056,750,-620,-76,-3248
-62,862,7702,631,-636,-143,-3280
1370,1642,6614,41,-148,-180,-3280
2600,1310,6582,-329,173,-243,-3232
2396,1038,6422,-550,612,-146,-3264
1036,1234,7580,-698,1023,-103,-3232
926,1380,7950,-883,1147,-68,-3264
-356,432,8498,-981,960,-145,-3264
-832,-24,9478,-1054,870,-96,-3264
-132,-604,8976,-1059,789,-188,-3280
-2216,-4042,9202,-150,70,-117,-3264
-2222,-2810,8412,464,-346,-175,-3264
-568,730,7652,297,-465,-120,-3264
500,18,7800,64,-214,-203,-3248
654,-574,8580,-30,-54,-119,-3248
822,-340,7956,68,111,-116,-3280
-166,28,8170,157,80,-120,-3248
-506,80,8592,36,41,-136,-3248
8,-428,8422,10,72,-146,-3280
-268,-462,7862,56,5,-106,-3312
136,-560,8084,107,-10,-111,-3248
284,-772,7370,217,10,-138,-3264
-642,250,8178,298,-125,-108,-3264
-1010,470,8668,287,-297,-113,-3296
-436,2,8624,208,-353,-203,-3296
260,-726,8292,252,-458,-134,-3280
16,-1806,8698,547,-542,-89,-3264
-292,-1316,8416,836,-715,-195,-3232
-144,712,8060,628,-637,-149,-3264
1464,2082,6678,-3,-145,-254,-3264
2774,1422,6850,-444,397,-182,-3264
2724,818,6930,-538,805,-84,-3296
1340,1554,7552,-776,1089,-141,-3232
52,676,9126,-845,1134,-116,-3264
-606,160,9202,-1019,949,-71,-3264
8,-60,7564,-1153,852,-171,-3264
-848,-2010,8808,-839,631,-219,-3280
-1968,-4104,8670,127,-116,-129,-3280
-2054,-1308,8142,603,-534,-213,-3216
34,454,7014,118,-447,-257,-3248
996,400,7428,-131,-86,-163,-3280
1520,-714,7822,53,56,-151,-3248
318,-98,7472,43,88,-74,-3280
-186,154,6960,27,46,-167,-3280
282,24,7264,-60,107,-182,-3280
242,-728,9026,42,134,-124,-3264
-184,-680,7866,9,27,-147,-3264
142,-802,7438,37,79,-152,-3264
208,-958,7652,230,15,-149,-3264
-682,-46,8516,313,-143,-88,-3264
-964,-80,8116,334,-361,-170,-3264
-476,254,8890,282,-461,-243,-3264
324,-866,8814,343,-465,-156,-3264
14,-1906,8688,688,-603,-101,-3296
-326,-98,7986,815,-735,-111,-3264
478,908,7480,491,-483,-224,-3280
1798,2002,7134,-151,-52,-262,-3280
2644,1196,6930,-468,364,-190,-3248
2700,808,6888,-553,827,-91,-3248
1178,880,7542,-725,1083,-113,-3248
-10,792,9304,-888,1144,-93,-3312
-268,142,8814,-1060,1008,-112,-3280
-222,-276,8304,-1084,862,-94,-3280
-1550,-3238,9290,-559,391,-215,-3248
-2000,-3822,8566,202,-200,-137,-3248
-1518,-820,7766,571,-562,-157,-3248
94,246,8080,162,-390,-215,-3248
492,436,7612,-98,-152,-130,-3248
1532,-574,7304,-10,83,-201,-3248
700,-320,7766,16,144,-133,-3280
-358,170,7894,-2,60,-86,-3280
-4,86,7704,-97,120,-136,-3248
-34,-576,8520,5,174,-146,-3264
28,-1034,7892,-19,25,-122,-3264
284,-1068,7534,62,80,-112,-3264
226,-478,7390,249,20,-91,-3296
-790,338,7790,308,-230,-63,-3248
-662,-28,7732,302,-436,-159,-3264
-268,-14,9126,293,-465,-197,-3280
260,-1648,8732,380,-513,-163,-3280
-32,-1570,8250,740,-632,-98,-3248
-216,-18,7868,751,-687,-156,-3248
1828,1684,6504,310,-276,-212,-3280
2082,1652,7108,-257,59,-272,-3280
2530,1338,6618,-529,468,-175,-3280
1806,1022,6990,-693,1019,-33,-3264
1346,1244,7932,-872,1216,-138,-3264
-330,750,8018,-986,1067,-89,-3232
-526,140,8640,-1075,938,-65,-3264
-658,-1386,9560,-1120,840,-200,-3264
-2226,-4296,9556,-159,109,-141,-3296
-2458,-2950,8510,438,-384,-189,-3264
-882,1368,7634,310,-510,-157,-3264
506,416,7976,24,-210,-229,-3248
1066,-146,7480,-126,20,-138,-3264
666,-204,7640,38,126,-142,-3280
-10,34,7922,-23,162,-97,-3280
8,258,7920,-73,129,-93,-3312
-128,-120,8612,-105,173,-120,-3280
-646,-696,7926,81,9,-151,-3248
222,-986,7518,43,27,-184,-3248
176,-1122,7762,236,-46,-97,-3248
-330,-182,7884,344,-162,-90,-3248
-794,202,8012,369,-299,-94,-3280
-520,490,8242,245,-397,-198,-3264
308,-148,8060,225,-473,-194,-3264
496,-1014,8190,392,-457,-139,-3296
-70,-1122,8158,723,-605,-75,-3264
-80,350,7252,630,-604,-210,-3264
1326,1656,6582,164,-230,-254,-3264
2192,1656,6364,-279,107,-270,-3264
2172,1192,6542,-502,506,-162,-3264
2098,1194,6412,-661,994,-98,-3264
1308,1450,7478,-899,1159,-113,-3248
44,1116,7944,-1005,1086,-112,-3280
-620,176,8830,-1047,941,-73,-3280
30,-694,8316,-1066,770,-187,-3280
-1608,-3346,8944,-440,318,-196,-3248
-1816,-3482,8166,273,-205,-132,-3248
-1302,-114,7918,484,-495,-170,-3280
186,386,8292,58,-296,-277,-3280
534,238,7696,-180,-35,-208,-3248
1470,-470,7512,28,201,-137,-3280
-6,-400,8416,101,162,-98,-3248
-720,50,8420,45,30,-184,-3296
-288,-114,8414,-69,63,-189,-3264
-70,-952,8710,97,52,-100,-3264
198,-1028,7670,158,-59,-100,-3264
82,-700,7750,191,-5,-93,-3264
78,-422,7834,335,-143,-146,-3264
-690,12,8630,348,-248,-123,-3264
-586,118,8366,302,-369,-149,-3264
-300,150,8384,214,-423,-222,-3280
318,-936,8418,327,-428,-131,-3248
16,-1810,8548,679,-555,-135,-3280
-324,176,7914,754,-638,-188,-3248
936,1294,7376,342,-347,-219,-3248
2094,1424,6680,-165,10,-295,-3248
2420,1008,7156,-407,436,-172,-3264
2462,1064,6796,-608,923,-47,-3264
1008,1426,7484,-839,1126,-135,-3280
34,1040,8336,-968,1113,-108,-3280
86,238,8344,-1090,994,-127,-3248
12,-326,8716,-1149,878,-172,-3280
-1604,-2790,8894,-579,406,-160,-3280
-2208,-3984,8266,265,-205,-84,-3280
-1440,-476,7702,480,-491,-119,-3248
442,224,8054,54,-263,-209,-3280
580,424,7222,-100,-70,-132,-3312
1026,-618,7402,39,92,-116,-3312
446,-192,7640,28,118,-174,-3280
-448,-80,8300,35,62,-107,-3264
-36,138,7416,-27,43,-96,-3264
-78,-434,8790,78,57,-112,-3232
294,-798,7160,14,-23,-182,-3264
158,-742,7930,123,25,-122,-3232
178,-442,8178,283,-39,-120,-3264
-686,178,7922,322,-198,-105,-3264
-654,450,7814,210,-312,-119,-3264
-162,72,8076,202,-425,-205,-3248
186,-766,9104,268,-436,-123,-3248
18,-1642,7946,660,-590,-98,-3248
-140,216,7580,762,-682,-191,-3248
840,1220,7600,364,-347,-186,-3248
1974,1970,6898,-190,23,-269,-3248
2612,1292,6338,-450,429,-159,-3248
2642,1408,6460,-585,920,-30,-3280
1154,1346,7818,-834,1115,-177,-3280
-142,1048,8858,-970,1155,-105,-3248
-204,306,8012,-1067,981,-95,-3248
138,6,8328,-1145,818,-158,-3264
-1360,-2470,9056,-681,506,-160,-3264
-1934,-3962,7934,188,-146,-83,-3264
-1606,-574,7688,566,-544,-79,-3264
140,400,7754,116,-386,-262,-3264
848,520,7312,-155,-94,-214,-3264
1526,-646,7226,33,107,-123,-3264
166,-174,7800,109,80,-67,-3296
-468,170,8154,66,18,-189,-3264
142,14,8404,-87,92,-146,-3296
26,-618,8812,59,68,-124,-3280
134,-826,7782,15,48,-127,-3296
114,-622,7640,80,82,-84,-3264
-218,-278,7450,266,-4,-91,-3264
-704,-542,8118,363,-272,-142,-3280
-972,140,8766,272,-368,-176,-3248
-266,-34,8544,236,-498,-283,-3280
400,-1594,8416,403,-476,-128,-3248
42,-1806,8726,789,-667,-80,-3280
-226,222,7940,755,-709,-138,-3280
1688,1928,6370,216,-255,-224,-3280
2466,1576,6210,-318,110,-293,-3248
2338,1014,6536,-541,538,-137,-3248
2458,1196,6620,-673,1020,-53,-3280
1132,1150,7578,-885,1180,-160,-3296
-480,782,8356,-1058,1135,-123,-3296
70,236,7882,-1086,974,-139,-3264
-292,-608,9046,-1110,848,-139,-3264
-2240,-4216,9160,-272,183,-205,-3296
-2328,-2564,9130,384,-344,-199,-3264
-1322,362,8014,423,-552,-102,-3296
632,44,7866,82,-269,-226,-3296
882,-468,7872,-72,-48,-158,-3264
1208,-438,7028,44,64,-184,-3248
388,-208,8488,89,112,-113,-3280
-304,-22,8328,32,36,-128,-3248
12,-526,8642,-55,141,-124,-3248
-328,-452,8454,29,89,-147,-3248
340,-1014,7710,-7,64,-172,-3248
224,-1104,7882,151,54,-111,-3248
-480,-310,7902,307,-54,-125,-3248
-796,138,8012,349,-264,-174,-3280
-686,160,8352,278,-387,-177,-3280
-58,-260,8690,304,-496,-187,-3280
226,-1712,8850,424,-550,-145,-3280
-24,-1306,8616,777,-661,-71,-3280
-70,326,7328,675,-685,-199,-3280
1492,1884,6582,177,-181,-204,-3280
2268,1514,6784,-359,166,-213,-3280
2282,1152,6082,-566,504,-105,-3280
2184,1298,6452,-739,1046,-33,-3248
1236,954,7484,-901,1232,-145,-3264
-736,504,8826,-1024,1108,-76,-3264
-1038,-112,9482,-1007,827,-142,-3264
-1036,-2432,9294,-1041,786,-187,-3232
-2196,-4360,9210,-2,-4,-96,-3296
-2398,-2470,9248,511,-435,-120,-3264
-792,1084,7260,265,-529,-211,-3264
978,494,7540,-26,-178,-277,-3264
1362,-414,8054,-48,49,-195,-3248
540,-348,8032,49,160,-101,-3280
-388,280,8156,30,102,-128,-3264
246,2,7526,-147,190,-184,-3232
94,-944,8762,13,161,-137,-3264
-366,-560,7470,12,-5,-171,-3264
208,-944,7308,78,48,-190,-3264
164,-1104,7758,310,-55,-67,-3296
-812,-42,8518,351,-204,-54,-3264
-924,338,8788,336,-304,-150,-3280
-302,238,7152,255,-457,-191,-3280
306,-116,8462,258,-486,-166,-3280
420,-1744,7938,531,-535,-126,-3280
-200,-886,7932,752,-655,-114,-3248
156,852,7190,568,-570,-228,-3248
1422,2106,7134,-34,-97,-276,-3280
2600,1016,6606,-394,303,-239,-3248
2300,818,6344,-537,637,-153,-3280
1532,1364,6722,-735,1053,-163,-3280
386,746,8812,-863,1143,-73,-3264
-352,64,9076,-1003,1010,-102,-3264
-834,-358,8896,-996,841,-74,-3280
-708,-1438,9218,-953,699,-171,-3280
-2120,-3814,8846,-23,-10,-173,-3280
-1886,-1854,8356,501,-393,-157,-3280
-762,822,7764,216,-415,-175,-3248
462,332,8008,-11,-176,-234,-3280
1422,-678,7806,-72,55,-200,-3248
876,122,7472,-3,195,-108,-3248
-192,-204,8736,84,119,-123,-3264
-566,104,7994,-81,75,-191,-3264
128,-502,7920,-23,93,-183,-3264
-136,-346,7606,60,-12,-92,-3264
378,-1148,7834,134,-22,-109,-3264
62,-1106,7774,294,-31,-102,-3264
-662,100,8228,344,-176,-130,-3264
-818,88,8628,322,-288,-129,-3248
-394,84,8388,257,-398,-210,-3264
70,-178,8682,255,-449,-179,-3280
276,-1634,8070,437,-516,-137,-3248
-180,-1462,8246,780,-618,-133,-3280
-220,96,7990,674,-660,-209,-3280
1200,1626,6844,112,-176,-216,-3248
2614,1352,6980,-290,188,-289,-3280
2144,1066,6630,-494,562,-153,-3280
1862,1208,6740,-696,1034,-35,-3280
666,786,8400,-845,1122,-108,-3280
-694,376,9282,-984,967,-91,-3280
-518,250,8556,-1051,875,-136,-3264
-84,-1030,8954,-1093,860,-224,-3264
-2158,-4320,9474,-167,151,-110,-3264
-2382,-2444,8600,453,-328,-154,-3264
-1224,622,7416,321,-476,-173,-3296
786,154,8454,31,-190,-237,-3264
1104,-898,8730,-40,19,-131,-3264
816,-292,7702,61,97,-168,-3248
26,-246,7852,87,79,-138,-3264
-230,26,8660,22,59,-118,-3280
138,-876,8362,18,47,-86,-3280
-196,-574,7862,95,-36,-89,-3248
314,-760,7824,87,29,-155,-3296
356,-938,7596,190,-21,-129,-3264
-380,-184,8172,290,-86,-95,-3296
-746,582,7922,333,-253,-126,-3248
-656,566,8116,190,-377,-178,-3264
326,22,8078,150,-431,-208,-3280
308,-1714,8288,418,-446,-76,-3248
-78,-1314,8204,755,-609,-52,-3248
-282,394,7446,646,-651,-198,-3280
1596,1756,5984,92,-162,-236,-3248
2646,1510,6588,-327,178,-239,-3280
2252,1338,6532,-549,577,-145,-3280
2156,1508,6322,-747,1039,-19,-3280
1146,1074,7094,-917,1168,-143,-3248
-504,572,9204,-1033,1059,-162,-3264
-544,298,8730,-1051,918,-55,-3296
58,-582,8228,-1131,812,-177,-3264
-2178,-3988,9262,-288,186,-101,-3264
-2268,-2614,8562,444,-350,-104,-3264
-1374,306,7590,386,-510,-87,-3264
442,358,7686,36,-282,-225,-3296
1332,-608,8192,-96,-56,-244,-3296
1348,-488,7626,129,118,-83,-3248
-10,-206,8084,129,68,-66,-3280
-428,192,8280,40,-4,-125,-3248
296,-226,8398,-73,116,-188,-3280
102,-526,8690,35,46,-147,-3280
238,-786,7796,16,94,-120,-3280
118,-1018,7536,173,48,-96,-3280
-644,120,8710,296,-29,-53,-3248
-1032,-276,9456,340,-242,-59,-3280
-738,-130,8600,271,-365,-132,-3280
-84,-342,8838,260,-478,-122,-3248
164,-1762,8488,485,-528,-126,-3296
-132,-1742,8996,841,-690,-96,-3264
-228,186,8058,744,-755,-181,-3264
1284,1890,6758,130,-198,-214,-3232
2580,1568,6860,-334,176,-243,-3264
2264,900,6760,-515,566,-125,-3280
1690,1198,7128,-687,1034,-83,-3312
712,728,8004,-849,1209,-103,-3264
-804,384,9388,-994,1031,-91,-3296
-412,238,8696,-1084,967,-71,-3264
-788,-1432,9394,-1047,761,-128,-3296
-2256,-4074,9084,-61,52,-68,-3296
-2160,-2184,8804,545,-473,-163,-3296
-852,828,7904,300,-545,-189,-3264
968,82,7912,65,-186,-228,-3264
1008,-626,8506,-29,-40,-210,-3296
810,-268,7694,78,89,-96,-3280
186,-88,8202,65,127,-81,-3280
-36,4,8614,15,73,-123,-3280
198,-560,8510,-35,167,-105,-3280
-348,-286,8082,-57,69,-111,-3280
394,-1134,7440,45,57,-95,-3312
338,-1186,8036,211,32,-82,-3280
-826,-32,8180,296,-107,-103,-3248
-1054,114,8464,366,-277,-47,-3248
-590,20,8532,251,-386,-189,-3280
268,-434,8294,254,-456,-201,-3264
178,-2042,8462,482,-541,-120,-3264
-76,-1114,7880,784,-708,-77,-3296
-24,440,7820,710,-709,-165,-3296
1300,2028,6708,44,-104,-224,-3264
2532,1408,6982,-413,239,-226,-3296
2256,962,6212,-545,611,-122,-3264
1650,1142,6504,-736,1074,-42,-3296
708,434,8554,-888,1207,-89,-3296
-324,1068,7662,-1021,1046,-79,-3248
-852,98,8628,-1026,852,-36,-3248
-508,-1494,8898,-1053,799,-209,-3312
-2082,-4088,8992,-74,28,-148,-3280
-1956,-2028,8740,608,-534,-185,-3280
-566,636,7536,186,-462,-153,-3248
882,572,7462,-66,-143,-220,-3280
1470,-686,8172,-39,27,-167,-3280
526,-206,7716,5,182,-91,-3280
-420,218,7438,-9,103,-94,-3248
14,210,7912,-145,165,-127,-3280
280,-780,8540,-33,203,-107,-3248
-388,-510,7506,21,-13,-78,-3280
180,-952,7472,102,60,-192,-3264
-136,-612,7982,282,-43,-128,-3264
-502,40,7540,289,-148,-75,-3264
-602,136,7612,308,-311,-133,-3296
-308,406,8322,236,-420,-181,-3264
420,-722,7756,281,-487,-189,-3264
332,-1664,7940,581,-565,-86,-3280
-210,-518,7746,809,-688,-118,-3264
730,1476,7604,458,-459,-184,-3264
2088,1840,6410,-150,7,-269,-3280
2660,1490,6416,-470,358,-213,-3280
2630,984,6538,-574,744,-108,-3248
1190,1376,7486,-791,1090,-154,-3312
74,848,8436,-899,1144,-126,-3280
-470,302,8700,-1049,977,-81,-3280
-866,-46,9068,-1083,868,-115,-3248
-1598,-3192,9046,-765,537,-156,-3280
-1856,-3656,7808,122,-106,-115,-3248
-1742,-1922,8182,513,-483,-196,-3264
-136,1066,7458,102,-341,-178,-3264
520,218,7174,-70,-115,-201,-3264
1244,-326,7752,-31,43,-194,-3264
822,-92,7922,-25,202,-141,-3264
-398,176,8108,28,149,-141,-3264
-220,98,7524,-121,109,-134,-3264
-146,-868,8334,-13,131,-189,-3312
-286,-582,7668,63,-56,-136,-3264
142,-1092,7910,177,-50,-131,-3296
24,-696,7926,329,-63,-66,-3280
-510,-56,8174,378,-196,-126,-3280
-768,334,8348,334,-322,-167,-3280
-362,136,8682,285,-432,-193,-3280
388,-540,8112,246,-419,-165,-3248
428,-1702,8098,562,-523,-124,-3248
-262,-1026,8366,800,-680,-75,-3296
56,490,7750,511,-475,-211,-3280
1506,2090,7466,-102,-31,-302,-3280
2710,1202,6790,-382,353,-233,-3248
2698,1106,6916,-550,761,-61,-3280
1126,1144,7500,-776,1051,-128,-3280
80,664,9134,-837,1087,-62,-3248
-564,226,9140,-968,943,-156,-3232
-6,86,7602,-1083,821,-138,-3264
-666,-1892,8694,-878,668,-192,-3264
-1956,-4012,8898,81,-6,-55,-3296
-2012,-1684,7986,565,-483,-186,-3296
-98,596,7498,99,-366,-225,-3296
998,548,7512,-129,-64,-234,-3232
1396,-928,7976,-2,66,-156,-3264
254,-198,7534,47,137,-160,-3264
-360,92,7736,43,59,-92,-3312
-76,86,8138,-58,96,-118,-3248
298,-1118,8266,74,23,-97,-3280
-210,-738,8130,115,-48,-136,-3248
294,-818,7378,107,-8,-155,-3280
-72,-536,8228,308,-79,-96,-3248
-574,-16,8576,341,-182,-69,-3280
-710,322,7826,304,-344,-139,-3264
-292,226,8474,182,-408,-187,-3264
280,-1160,8422,293,-470,-129,-3264
188,-1988,8566,651,-558,-89,-3264
-358,-526,8002,792,-703,-110,-3264
1066,1322,7612,482,-451,-147,-3264
1528,1902,6848,-111,-40,-253,-3248
2780,1354,6646,-406,393,-185,-3264
2694,872,6738,-563,824,-93,-3264
1078,1318,8032,-762,1030,-94,-3280
438,944,8528,-891,1131,-79,-3280
-408,196,9104,-1071,983,-95,-3248
-552,-60,8136,-1128,857,-131,-3264
-1686,-2934,8808,-741,552,-224,-3264
-2004,-4006,8904,101,-62,-100,-3248
-1888,-2004,8146,616,-538,-201,-3264
-466,614,7784,170,-403,-284,-3264
396,360,7258,-69,-198,-169,-3280
1482,-740,8030,-33,94,-175,-3280
708,-176,7512,89,157,-84,-3248
-528,268,7594,87,37,-127,-3280
-28,228,7846,-74,91,-139,-3280
424,-384,8020,9,119,-161,-3280
194,-608,7792,15,21,-105,-3280
150,-572,7644,32,66,-121,-3280
54,-428,7374,198,52,-139,-3280
-672,114,7922,223,-109,-91,-3264
-878,338,8122,253,-298,-172,-3264
-298,104,8210,204,-377,-225,-3264
402,-1102,8066,235,-439,-178,-3232
66,-1970,8022,671,-629,-87,-3264
-320,-34,8342,823,-729,-107,-3264
1614,1678,6546,503,-440,-185,-3264
1482,2126,6820,-146,-29,-283,-3248
2780,1416,6888,-470,417,-159,-3232
2816,1034,6824,-623,889,-42,-3232
1298,1332,7412,-781,1081,-136,-3248
26,640,8856,-854,1147,-104,-3280
-676,108,9320,-1039,960,-106,-3248
-112,202,8160,-1208,917,-198,-3280
-2074,-3868,8786,-645,486,-177,-3216
-2214,-4290,8670,194,-147,-163,-3312
-1760,-1104,7556,550,-600,-171,-3280
250,364,7586,143,-401,-229,-3280
576,104,7474,-87,-99,-188,-3296
914,-248,7416,31,78,-145,-3296
310,-110,7658,25,102,-87,-3296
0,290,7496,10,69,-103,-3264
126,-44,8026,-83,139,-121,-3264
-402,-364,8802,51,90,-111,-3264
200,-888,7242,-17,29,-121,-3296
154,-1138,7884,89,95,-72,-3264
-110,-462,8044,301,-66,-142,-3280
-960,230,8320,329,-217,-55,-3312
-902,278,8116,252,-378,-191,-3296
114,20,8478,241,-485,-218,-3296
250,-1736,8342,486,-539,-161,-3296
-50,-1486,8654,807,-718,-121,-3264
-204,386,7778,708,-722,-159,-3264
1610,2042,6140,122,-152,-197,-3264
2240,1786,6270,-365,155,-283,-3280
2122,1176,6398,-594,553,-149,-3232
2084,1318,6176,-712,1054,-25,-3264
960,966,7946,-918,1222,-91,-3264
-202,1084,8418,-1034,1101,-83,-3280
-628,188,8372,-1035,930,-19,-3280
-260,-868,8840,-1089,810,-123,-3280
-2100,-4120,9326,-187,113,-150,-3248
-2104,-3234,8264,437,-353,-148,-3280
-1168,746,7950,408,-564,-167,-3280
674,388,7690,63,-241,-212,-3248
1378,-288,7864,-165,-61,-174,-3248
1302,-296,7814,65,201,-76,-3312
58,-316,8328,83,111,-78,-3264
-378,136,8298,-39,79,-115,-3296
226,-598,8334,-107,177,-119,-3264
-370,-928,8810,81,53,-93,-3296
246,-1206,7968,47,2,-83,-3264
216,-1176,7694,159,27,-62,-3296
-236,-260,7730,314,-104,-135,-3248
-864,-166,8342,384,-308,-146,-3264
-660,24,8606,326,-421,-196,-3296
-48,-238,8744,318,-501,-192,-3264
392,-1240,8406,465,-551,-135,-3280
12,-1678,8670,816,-682,-75,-3280
-168,340,7782,726,-676,-165,-3280
1116,2046,6816,149,-191,-188,-3280
2164,1770,6428,-349,181,-229,-3280
2110,870,6590,-535,556,-138,-3264
2028,1086,6768,-675,1019,-34,-3248
796,810,8102,-887,1191,-88,-3312
-314,1170,8204,-1026,1034,-74,-3280
-204,196,7998,-1108,971,-130,-3280
-370,-1168,8894,-1095,789,-166,-3248
-2338,-4400,9828,-99,101,-163,-3280
-2268,-2938,8108,443,-380,-137,-3280
-916,1060,7406,301,-476,-113,-3248
894,188,8194,19,-162,-231,-3280
1018,-608,8078,-108,17,-151,-3264
656,-8,7530,-35,146,-97,-3264
-266,138,8392,38,134,-96,-3296
-316,-80,8902,-31,117,-71,-3264
-106,-964,8700,-7,125,-42,-3264
-530,-558,7776,48,-1,-130,-3328
182,-1060,7886,100,11,-159,-3280
70,-1118,7886,259,-43,-89,-3280
-314,-186,7688,369,-176,-112,-3280
-778,320,8146,355,-307,-116,-3280
-340,440,7898,249,-411,-202,-3280
90,216,8774,228,-406,-175,-3248
448,-1378,7522,399,-490,-127,-3280
-104,-762,7854,742,-595,-65,-3280
-194,432,7580,612,-637,-139,-3280
1524,1856,6206,96,-158,-156,-3280
2462,1636,6240,-343,149,-194,-3280
2232,1106,6520,-535,554,-103,-3280
2338,1426,6596,-730,1035,-74,-3280
1344,1172,7422,-882,1187,-148,-3280
-388,844,8690,-1009,1035,-139,-3248
-972,-182,8792,-1042,834,-67,-3264
144,-148,7946,-1143,847,-191,-3264
-2002,-4122,9170,-282,218,-168,-3264
-2440,-2856,9016,419,-289,-117,-3264
-1178,1052,7364,455,-483,-139,-3264
146,356,7926,-6,-264,-262,-3264
1174,-414,7988,-129,4,-172,-3264
734,-292,8418,85,152,-61,-3296
-432,-210,7732,96,108,-65,-3296
-514,-10,8076,15,38,-139,-3296
30,-476,8746,-24,52,-155,-3264
-324,-574,8354,130,-17,-122,-3296
70,-988,8242,121,-26,-148,-3280
-106,-812,8016,175,9,-86,-3296
-162,-208,7714,277,-82,-102,-3264
-796,10,8600,382,-298,-102,-3296
-718,290,8318,263,-349,-160,-3280
-74,-6,8638,226,-425,-194,-3280
374,-1588,8582,399,-474,-87,-3280
-324,-1416,8614,780,-642,-91,-3248
-292,-46,8006,699,-673,-161,-3280
1710,1404,6474,245,-263,-151,-3280
2220,1304,7046,-250,83,-252,-3248
2174,1028,6576,-475,482,-139,-3280
2482,1034,6746,-656,990,-72,-3280
1214,1244,7666,-857,1143,-126,-3264
-258,962,8598,-1014,1077,-89,-3264
-620,12,9076,-1098,961,-87,-3232
-230,-394,8366,-1108,820,-142,-3264
-2068,-4106,9130,-395,272,-195,-3264
-2262,-3310,8422,335,-236,-149,-3264
-1652,-806,7846,538,-540,-116,-3280
92,156,7840,97,-299,-270,-3264
562,-90,7676,-92,-119,-179,-3264
1098,-492,7940,92,126,-106,-3264
490,-176,7578,138,87,-122,-3248
-538,180,8210,80,-18,-163,-3280
-118,-118,8612,-5,89,-135,-3248
14,-660,8220,24,65,-90,-3280
294,-848,7816,53,74,-112,-3280
370,-716,7504,83,102,-110,-3280
-306,-174,7916,250,-34,-100,-3248
-858,98,8062,263,-174,-117,-3280
-748,366,7900,179,-310,-161,-3312
12,-12,8312,213,-407,-212,-3248
88,-1472,8948,406,-487,-147,-3248
-264,-1370,8226,801,-686,-67,-3248
-446,-208,8124,735,-713,-173,-3280
1984,1772,6636,262,-274,-191,-3248
2294,1716,6482,-313,76,-293,-3280
2292,1144,6336,-519,531,-139,-3248
2760,1010,6846,-656,1001,-10,-3248
1168,1484,8042,-889,1219,-110,-3280
-352,1070,7618,-1035,1042,-118,-3248
-540,494,8410,-1118,934,-109,-3280
338,-112,7994,-1206,920,-212,-3264
-2208,-3986,9076,-377,261,-140,-3264
-2376,-3174,8128,378,-305,-197,-3296
-1080,1254,7788,467,-527,-117,-3264
374,262,7896,52,-303,-270,-3264
730,14,7830,-127,-42,-174,-3264
844,-450,7578,99,84,-117,-3296
362,-210,7186,86,99,-92,-3248
-44,212,7674,3,17,-153,-3264
156,-116,8486,-67,138,-126,-3264
-484,-392,8408,85,61,-119,-3280
32,-908,8000,23,48,-154,-3280
30,-988,8190,88,70,-164,-3248
-300,-468,7700,294,-55,-106,-3248
-1078,12,8888,376,-234,-152,-3248
-1004,102,8432,284,-375,-237,-3280
-228,-20,8838,238,-471,-180,-3248
302,-1826,8730,448,-507,-123,-3248
-118,-1270,8652,851,-677,-67,-3280
-358,4,8144,768,-726,-182,-3248
1730,1894,6612,214,-220,-185,-3264
2276,1498,6448,-318,109,-234,-3264
2258,946,6768,-565,495,-149,-3264
2546,1012,6768,-638,1033,-47,-3296
1104,1352,7870,-871,1219,-147,-3232
-366,824,8218,-1022,1086,-161,-3264
-836,-8,8954,-1055,944,-78,-3248
-114,-496,8304,-1111,810,-238,-3280
-2326,-4146,9426,-151,90,-208,-3280
-2218,-2902,8640,459,-362,-127,-3280
-802,1266,7798,383,-518,-125,-3248
460,-74,8046,126,-273,-199,-3280
692,-108,7972,-85,-63,-246,-3216
1158,-304,7704,24,128,-180,-3280
-30,-146,8370,85,108,-108,-3312
-402,320,7988,-28,71,-131,-3248
66,-244,8310,-89,155,-148,-3264
-326,-600,8316,33,114,-172,-3296
138,-1000,7924,42,26,-126,-3232
124,-984,8080,144,76,-122,-3264
-390,-408,7636,308,-76,-178,-3264
-908,76,8550,336,-282,-60,-3232
-570,230,8128,298,-404,-189,-3280
54,-38,8514,292,-469,-207,-3232
208,-1614,8548,464,-534,-120,-3264
-94,-1238,8330,823,-671,-118,-3232
-220,316,7634,720,-684,-208,-3248
1550,1972,6382,165,-184,-210,-3280
2336,1564,6646,-370,185,-260,-3280
2310,854,6762,-569,523,-120,-3280
2424,1174,6640,-675,1059,-80,-3248
1316,964,7504,-881,1204,-75,-3216
-450,810,8462,-1032,1077,-150,-3248
-816,-60,8846,-1115,913,-119,-3280
100,-336,8132,-1127,839,-165,-3280
-2058,-4290,9196,-98,63,-125,-3248
-2416,-2616,8714,458,-392,-154,-3264
-656,1432,7214,278,-491,-197,-3264
884,404,7664,-2,-153,-252,-3264
1158,-282,7854,-115,20,-166,-3264
518,-204,7874,31,117,-148,-3264
-14,64,8120,-4,157,-97,-3264
-36,256,8272,-60,149,-126,-3264
-50,-562,8524,-54,159,-79,-3264
-608,-610,8086,59,8,-65,-3312
80,-1172,7744,85,-1,-145,-3280
40,-1096,8018,250,-56,-131,-3280
-380,-292,8128,375,-159,-114,-3264
-938,144,8530,412,-335,-108,-3264
-596,248,8390,293,-423,-174,-3296
-86,-118,9046,303,-496,-211,-3264
284,-1534,8730,438,-498,-139,-3264
-228,-1152,8412,792,-628,-51,-3264
-246,-120,8148,715,-656,-176,-3280
1550,1536,6806,180,-221,-161,-3264
2226,1344,6908,-267,103,-192,-3232
1980,1054,7134,-448,479,-84,-3264
2456,1084,7414,-644,982,-63,-3248
1358,1056,7566,-862,1155,-155,-3248
-150,1130,8742,-1010,1075,-130,-3280
-776,-60,8636,-1033,894,-108,-3248
-260,-282,8246,-1086,798,-121,-3280
-1762,-3704,8980,-425,266,-168,-3248
-1966,-3402,8274,346,-241,-107,-3280
-1390,554,8282,510,-497,-132,-3280
-280,306,7856,62,-303,-276,-3280
790,66,7440,-198,-28,-169,-3248
1102,-258,8026,50,170,-82,-3264
-78,-278,7898,60,139,-49,-3264
-558,114,7442,20,45,-90,-3264
-30,48,8232,-95,100,-156,-3296
-180,-768,8730,134,12,-156,-3264
292,-994,7332,113,-8,-138,-3264
20,-828,7428,162,11,-85,-3296
-166,-220,7982,275,-65,-117,-3264
-720,-74,8152,321,-243,-79,-3264
-696,218,8020,259,-360,-171,-3280
-118,164,8220,188,-399,-192,-3280
398,-1178,8150,313,-461,-113,-3280
-88,-1624,8746,728,-586,-72,-3280
-150,250,7486,719,-643,-156,-3280
1292,1766,6758,190,-232,-257,-3280
2188,1710,6806,-275,105,-261,-3248
2322,1014,6228,-493,521,-148,-3248
2106,1268,6722,-643,1009,-31,-3280
838,1012,8108,-848,1126,-110,-3280
-168,1260,8332,-1051,1097,-120,-3248
32,246,7844,-1126,968,-139,-3280
-238,-728,9214,-1123,848,-182,-3248
-2230,-4290,8996,-330,196,-116,-3248
-2242,-3598,7742,393,-341,-111,-3280
-1372,250,8020,474,-506,-161,-3296
536,162,8150,65,-250,-247,-3264
874,-540,7856,-95,-73,-172,-3264
1064,-640,7454,92,46,-197,-3296
216,-236,8372,125,109,-70,-3264
-404,122,8276,49,-16,-108,-3264
-206,-8,8260,-1,80,-104,-3280
-66,-678,8306,75,30,-102,-3264
344,-862,7982,27,59,-158,-3264
312,-986,7502,140,36,-115,-3264
-172,-422,7884,262,-62,-130,-3248
-820,172,8228,329,-217,-97,-3280
-794,324,8368,217,-333,-151,-3280
58,-216,8596,215,-433,-177,-3280
248,-1400,8540,388,-487,-88,-3280
-26,-1814,8570,786,-669,-98,-3280
-288,154,8024,736,-716,-182,-3248
1656,1672,6266,259,-227,-211,-3280
2084,1860,6776,-292,79,-243,-3280
2300,1198,6712,-525,505,-133,-3248
2172,1274,6718,-597,987,-45,-3264
1342,1024,7476,-852,1190,-164,-3264
-274,826,8818,-983,1105,-109,-3264
-448,370,8408,-1082,964,-98,-3264
268,-540,8216,-1180,889,-159,-3264
-2046,-4308,9252,-378,254,-103,-3264
-2038,-3636,7694,347,-285,-64,-3264
-1472,358,7770,529,-544,-108,-3296
528,578,7826,51,-340,-268,-3232
1252,-390,7816,-130,-49,-194,-3264
1266,-482,7592,76,81,-124,-3264
152,-284,7822,131,54,-74,-3264
-244,286,8234,-13,-16,-116,-3264
102,140,8400,-84,143,-181,-3248
-40,-400,8044,34,110,-121,-3296
234,-790,7702,-12,119,-144,-3248
308,-890,7422,106,108,-154,-3280
-548,-142,7948,269,-42,-116,-3248
-1168,8,9060,391,-267,-98,-3280
-966,76,8710,293,-400,-212,-3248
-46,-338,8436,265,-512,-251,-3280
148,-1818,8930,524,-589,-147,-3248
-284,-1022,8224,899,-721,-70,-3248
-194,370,7804,736,-719,-158,-3264
1814,2310,7288,-27,-112,-215,-3232
2484,1652,7080,-431,274,-174,-3264
2554,570,6998,-553,656,-96,-3264
1212,1088,7450,-720,1054,-126,-3264
874,878,7892,-862,1191,-127,-3280
-654,664,9184,-1035,1038,-151,-3264
-830,-288,8726,-1061,911,-148,-3312
-1772,-3106,9734,-837,639,-230,-3248
-2322,-4218,9446,83,-67,-97,-3248
-2244,-2260,8880,599,-532,-172,-3280
-402,1000,7116,176,-466,-170,-3280
598,432,7570,28,-129,-212,-3280
974,-312,8036,-38,-47,-228,-3248
1024,-242,7568,11,167,-119,-3280
-124,86,8246,69,97,-91,-3280
20,96,7330,-121,113,-146,-3280
194,-516,8094,-47,166,-153,-3264
-360,-412,7908,-28,95,-178,-3264
280,-1196,7342,41,79,-135,-3264
6,-1028,8476,238,32,-142,-3248
-660,-54,8184,349,-158,-201,-3280
-946,22,8154,348,-345,-145,-3248
-548,-250,8962,318,-486,-177,-3264
206,-734,8396,306,-504,-150,-3264
216,-1740,8406,623,-595,-115,-3280
-190,-810,8178,860,-718,-134,-3280
746,1160,7860,583,-539,-205,-3248
1814,2214,7154,-79,-49,-239,-3248
2478,1484,6874,-449,341,-179,-3280
2606,500,7082,-575,737,-76,-3248
1346,888,7788,-711,1091,-107,-3280
-158,730,9398,-820,1157,-62,-3280
-858,304,9428,-998,976,-71,-3280
-788,-176,8696,-1104,806,-182,-3248
-1648,-3206,9596,-820,615,-164,-3264
-1982,-3910,8166,180,-161,-71,-3264
-2194,-2110,8882,618,-523,-144,-3264
-488,976,7182,113,-494,-237,-3264
952,374,7140,-82,-96,-243,-3264
1120,-596,7902,2,96,-139,-3264
450,6,7490,-21,140,-115,-3264
-280,288,7634,-25,95,-97,-3296
32,176,8034,-148,190,-110,-3296
232,-622,8588,-14,191,-115,-3280
-596,-552,7566,33,-27,-142,-3280
38,-942,7630,103,55,-169,-3280
-22,-874,8276,298,-53,-97,-3280
-736,-30,8476,365,-216,-90,-3280
-902,-44,8044,401,-384,-152,-3248
-454,436,8466,258,-480,-195,-3280
460,-452,7948,279,-500,-216,-3280
258,-1696,8484,574,-550,-111,-3280
-330,-602,8362,795,-677,-96,-3280
438,1276,7690,536,-535,-157,-3280
1724,2094,6950,-17,-87,-204,-3248
2332,1250,7268,-372,262,-227,-3296
2380,698,6946,-528,631,-89,-3296
1298,1394,7144,-750,1069,-99,-3264
194,802,8738,-865,1137,-114,-3296
-430,468,8942,-1018,1011,-121,-3264
-920,-244,9120,-1024,840,-100,-3280
-1088,-2020,9040,-953,661,-178,-3296
-1790,-3734,8128,-28,8,-134,-3296
-2090,-2756,8814,518,-411,-148,-3264
-688,1164,7410,213,-481,-189,-3264
772,482,7106,-51,-172,-211,-3264
1638,-680,7406,-83,52,-152,-3296
906,-402,7736,45,167,-79,-3264
-292,172,7836,47,108,-73,-3264
-370,106,7688,-43,48,-84,-3264
-142,-302,8476,-69,148,-159,-3280
-214,-618,7960,53,3,-139,-3280
426,-802,7198,61,53,-141,-3248
104,-784,7388,220,-8,-84,-3280
-440,-44,7518,268,-135,-97,-3280
-826,198,8478,341,-298,-133,-3280
-390,-24,8274,251,-391,-171,-3280
174,-430,8454,242,-481,-164,-3280
276,-1478,8300,473,-523,-102,-3280
-118,-1112,7832,804,-644,-54,-3280
-104,542,7702,653,-626,-151,-3264
1316,1860,6988,56,-154,-158,-3264
2472,1584,6160,-347,226,-238,-3296
2278,1244,6342,-569,572,-143,-3264
1396,986,6882,-701,1045,-96,-3296
268,610,8886,-883,1144,-137,-3264
-332,1076,8070,-1003,968,-66,-3264
-564,162,8844,-1121,922,-112,-3232
-730,-1836,9022,-1062,801,-184,-3264
-1974,-4156,8740,-166,120,-136,-3248
-2436,-2816,8466,472,-395,-145,-3280
-998,1044,7702,319,-493,-102,-3280
872,312,8014,19,-165,-205,-3248
792,-314,8050,-56,-13,-133,-3248
684,-412,7768,115,89,-54,-3280
-102,-14,8330,103,79,-146,-3248
-216,44,8122,26,-6,-141,-3248
-76,-504,8716,57,64,-134,-3280
-446,-522,8308,22,32,-182,-3264
350,-900,7362,67,44,-106,-3296
284,-842,8066,212,21,-72,-3296
-296,-228,8216,287,-96,-95,-3280
-960,308,8230,292,-251,-137,-3264
-570,94,8212,240,-412,-189,-3280
152,-228,8626,206,-446,-181,-3280
282,-1714,9008,476,-535,-141,-3280
-262,-1358,8196,807,-664,-61,-3248
-114,588,7758,671,-690,-147,-3280
1438,2014,6388,109,-154,-217,-3280
2266,1426,6884,-332,192,-236,-3280
2156,1164,6778,-549,562,-163,-3248
1650,1266,6516,-712,994,-35,-3248
758,934,8192,-910,1201,-115,-3280
-280,910,8366,-1015,1071,-83,-3296
-784,128,8726,-1061,874,-90,-3296
-308,-1080,8750,-1116,833,-209,-3296
-2070,-4114,8978,-153,80,-140,-3296
-2392,-3400,8572,489,-371,-143,-3296
-1106,854,7710,357,-512,-174,-3264
688,630,7582,47,-285,-202,-3296
778,-12,7978,-107,-47,-239,-3248
1178,-568,7934,144,109,-71,-3264
-264,-216,8500,187,34,-131,-3280
-136,300,7772,-6,-19,-160,-3280
250,-34,8368,-71,140,-112,-3280
-106,-158,8054,1,73,-78,-3248
444,-872,7188,-8,101,-121,-3280
248,-842,7706,121,136,-124,-3280
-272,-274,7988,233,-48,-119,-3280
-1092,12,8740,315,-260,-124,-3248
-630,-134,8254,253,-374,-259,-3248
-16,-504,8478,237,-487,-190,-3280
316,-1876,8612,494,-578,-113,-3264
-152,-1232,8426,848,-685,-96,-3296
44,678,7488,713,-702,-201,-3264
1344,2036,6992,48,-133,-246,-3264
2474,1640,5958,-377,210,-209,-3264
2350,1040,6880,-574,625,-110,-3280
1430,1056,6666,-692,1057,-76,-3280
316,852,8808,-869,1173,-125,-3248
-604,1042,8580,-1052,1032,-150,-3264
-632,-60,8268,-1122,950,-153,-3264
-1342,-2326,9808,-984,771,-197,-3264
-2334,-4282,9220,56,-36,-203,-3264
-2328,-2638,8812,585,-530,-155,-3264
-720,1032,7742,237,-492,-163,-3264
846,372,7994,49,-180,-163,-3296
572,-216,8034,-39,-73,-217,-3248
1034,-322,7378,30,105,-190,-3232
30,-142,8642,114,101,-70,-3280
-168,40,8438,0,43,-128,-3280
10,-432,8742,-20,157,-159,-3248
-420,-352,8072,-60,94,-150,-3280
304,-1130,7414,20,65,-176,-3248
272,-978,8190,179,77,-145,-3280
-508,-234,8288,303,-120,-190,-3280
-1166,324,8248,319,-297,-156,-3248
-528,-74,8422,272,-410,-163,-3280
378,-478,7976,241,-485,-176,-3264
242,-1538,8366,499,-549,-99,-3264
-160,-918,7714,808,-693,-100,-3296
178,1036,7532,651,-657,-182,-3296
1748,2358,6626,-24,-103,-222,-3264
2450,1872,6282,-437,272,-248,-3264
2394,1020,6572,-619,657,-160,-3264
1330,1092,6782,-739,1062,-112,-3296
1364,806,7452,-884,1219,-117,-3248
-730,924,8752,-1017,1028,-124,-3264
-1050,-106,8662,-1036,855,-121,-3280
-1110,-2382,9370,-1018,748,-180,-3280
-2122,-4258,9402,43,-26,-86,-3280
-2234,-2402,8868,547,-439,-129,-3280
-874,1310,7098,233,-518,-196,-3248
1040,584,7388,-81,-157,-246,-3248
1416,-278,7912,-46,20,-186,-3280
340,-142,7446,-23,174,-99,-3280
-260,32,7796,23,81,-139,-3248
26,256,8226,-138,137,-148,-3248
354,-988,8292,-12,210,-149,-3248
-152,-896,7650,-15,52,-131,-3280
328,-950,6958,55,39,-176,-3248
36,-830,8106,244,28,-75,-3232
-720,-232,8022,332,-183,-62,-3264
-836,274,8266,384,-341,-140,-3264
-592,140,8420,254,-453,-216,-3264
218,-290,8176,294,-508,-152,-3264
350,-1708,8492,630,-577,-93,-3296
-222,-1216,8582,861,-715,-85,-3248
42,872,7832,555,-531,-235,-3264
1518,2044,6900,-45,-71,-286,-3264
2604,1396,7046,-380,305,-202,-3280
2288,754,7210,-557,660,-120,-3248
1362,1016,7124,-714,1061,-127,-3280
312,982,8640,-875,1145,-36,-3280
-296,294,9040,-1020,1016,-119,-3280
-720,-422,8942,-1023,834,-85,-3280
-1210,-2102,9656,-875,632,-181,-3248
-2210,-4178,8838,116,-90,-137,-3280
-1790,-1494,8386,552,-478,-184,-3280
-712,1104,7824,175,-397,-126,-3280
718,252,7516,-40,-133,-232,-3264
1254,-670,8198,-38,30,-200,-3264
672,-134,7644,37,193,-112,-3264
-122,-180,8530,94,126,-109,-3264
-350,-52,8316,-56,62,-181,-3264
52,-536,8096,-2,110,-117,-3296
-462,-836,8460,18,-25,-157,-3248
294,-1066,7864,97,28,-73,-3296
104,-986,7838,275,-43,-99,-3264
-658,394,7972,311,-151,-133,-3264
-874,90,8524,353,-311,-84,-3248
-594,-30,8920,248,-401,-169,-3232
204,-390,8160,238,-479,-176,-3264
236,-1572,8394,507,-559,-102,-3280
-268,-566,7446,794,-679,-82,-3280
-104,436,7484,576,-593,-204,-3280
1384,1996,6360,-17,-85,-172,-3232
2700,1544,6590,-393,297,-160,-3264
2528,1038,6536,-572,647,-171,-3280
1774,1366,6616,-740,1042,-94,-3248
670,936,8142,-854,1147,-89,-3280
-730,368,8908,-994,959,-91,-3312
-524,-6,8490,-1121,847,-160,-3312
-170,-1084,8860,-1034,785,-198,-3280
-1986,-4214,8910,-34,39,-105,-3248
-2262,-2200,8576,520,-452,-157,-3280
-566,1232,6992,180,-446,-180,-3280
856,428,7904,-76,-146,-199,-3264
1430,-722,8136,-61,28,-129,-3264
342,-382,7772,90,124,-76,-3296
-442,178,7868,81,49,-150,-3264
-116,-50,8510,20,68,-159,-3264
12,-704,8980,63,84,-147,-3296
-410,-500,7650,48,-49,-125,-3264
254,-830,7594,61,56,-138,-3280
432,-1074,7514,252,-3,-129,-3264
-440,144,8396,297,-107,-110,-3280
-1028,142,8346,361,-302,-112,-3280
-804,274,8438,226,-370,-174,-3280
210,-316,8598,201,-459,-153,-3280
218,-1934,8724,524,-542,-90,-3248
-508,-702,8206,832,-697,-31,-3280
-352,260,8124,653,-640,-186,-3312
1468,1658,6314,72,-133,-270,-3248
2496,1438,6992,-337,222,-236,-3280
2456,924,6702,-496,599,-135,-3248
1822,1258,6806,-713,1026,-53,-3248
940,1000,8044,-894,1166,-117,-3264
-610,686,9036,-1019,1002,-124,-3248
-810,96,8522,-1061,885,-119,-3280
-118,-1294,8920,-1026,777,-238,-3248
-2138,-4280,9654,-101,21,-92,-3280
-2334,-2518,8836,557,-415,-157,-3312
-622,1122,7074,285,-481,-141,-3248
420,228,8102,26,-205,-160,-3248
1366,-446,7972,-84,-37,-213,-3280
944,-318,7714,104,110,-134,-3280
-468,112,7784,118,54,-80,-3280
-402,78,8046,23,5,-156,-3280
358,-300,8422,-55,140,-115,-3296
-234,-276,7970,14,26,-121,-3232
518,-772,7022,-12,124,-91,-3296
370,-920,7500,147,114,-112,-3296
-654,-26,7996,254,-95,-104,-3264
-1016,82,8542,328,-270,-104,-3232
-674,60,8486,245,-379,-177,-3280
-174,-254,8496,230,-485,-210,-3296
42,-2108,8456,625,-611,-158,-3312
-158,-822,8050,870,-756,-109,-3248
708,1238,7660,599,-577,-195,-3280
1892,2078,7080,-70,-56,-242,-3280
2598,1528,6678,-443,351,-167,-3280
2830,584,6834,-547,740,-80,-3280
1166,1180,7674,-750,1084,-132,-3280
2,786,8700,-864,1190,-94,-3280
-644,546,8450,-1046,968,-65,-3264
-432,-78,8560,-1132,888,-137,-3296
-2050,-3346,9732,-783,577,-130,-3296
-2212,-3956,7822,199,-116,-14,-3264
-2306,-2094,8748,629,-594,-162,-3264
-330,722,7730,152,-445,-232,-3264
714,106,7490,14,-138,-210,-3264
1044,-618,7966,35,-2,-125,-3280
668,-248,7744,60,80,-99,-3264
-126,-16,8296,87,103,-163,-3280
-28,110,7974,-74,96,-99,-3296
92,-758,7996,10,186,-125,-3264
-344,-434,7468,-13,48,-116,-3296
178,-846,8032,27,108,-97,-3264
-30,-1072,8012,307,10,-70,-3264
-686,-148,8180,319,-144,-49,-3280
-1046,254,8176,319,-337,-99,-3312
-400,304,8514,215,-377,-227,-3280
332,-918,7680,266,-533,-188,-3280
266,-1982,7864,659,-615,-124,-3248
-140,-308,7894,810,-733,-118,-3248
1306,1636,7306,497,-463,-157,-3280
2022,2126,6844,-144,15,-271,-3280
2502,1546,7020,-524,406,-180,-3280
2798,768,6750,-622,845,-42,-3248
1320,1414,7286,-803,1090,-74,-3264
88,854,8490,-896,1204,-41,-3264
-588,270,8860,-1044,1027,-40,-3232
-660,110,8170,-1121,840,-75,-3264
-1742,-3462,9060,-700,483,-186,-3264
-1868,-3514,7796,206,-116,-116,-3232
-1946,-1686,8416,600,-528,-179,-3296
-398,818,6962,140,-438,-243,-3296
718,534,6750,-119,-155,-199,-3264
1562,-540,7896,-8,75,-143,-3280
710,-160,7478,23,172,-98,-3280
-450,242,7766,22,73,-89,-3280
-28,216,7742,-124,164,-105,-3280
198,-812,8396,6,166,-113,-3280
32,-968,8196,5,27,-81,-3280
114,-966,7418,127,43,-61,-3280
-248,-812,8372,305,-19,-146,-3264
-836,6,8344,300,-191,-62,-3264
-780,254,8102,343,-376,-171,-3264
-408,-2,8502,266,-441,-186,-3264
270,-790,8292,354,-510,-155,-3296
354,-1630,8394,700,-615,-124,-3264
-174,216,7758,769,-708,-152,-3296
1516,2174,6270,227,-238,-209,-3296
2358,1608,6410,-319,123,-273,-3264
2350,1256,6224,-559,486,-187,-3264
2472,1452,6668,-672,986,-53,-3264
1416,1186,6914,-893,1187,-176,-3296
-36,946,8282,-994,1110,-128,-3280
-26,562,8312,-1198,1020,-111,-3296
-184,-378,7990,-1159,870,-163,-3264
-1834,-4138,8668,-392,299,-147,-3248
-2026,-3490,7508,322,-253,-170,-3248
-1242,234,7468,432,-537,-177,-3248
648,344,7630,38,-299,-257,-3248
770,134,7792,-145,-60,-217,-3280
944,-650,7936,24,135,-140,-3280
622,-12,7594,-24,205,-115,-3280
-138,288,7910,-43,106,-125,-3248
-88,-290,8250,-101,140,-99,-3248
-108,-714,8334,55,105,-199,-3264
164,-1198,7710,44,3,-120,-3264
130,-960,7888,155,-19,-102,-3296
-318,-168,7746,321,-91,-100,-3264
-884,382,8152,346,-170,-108,-3264
-654,252,7798,275,-351,-183,-3296
-24,66,8674,234,-399,-201,-3232
408,-352,8380,297,-508,-159,-3280
304,-1558,8118,696,-579,-81,-3264
-136,-174,7432,743,-664,-179,-3280
1712,1542,6876,355,-317,-201,-3248
1846,2094,6804,-204,18,-304,-3280
2564,1312,6418,-468,418,-220,-3248
2564,1232,6600,-627,892,-64,-3280
1474,1040,7682,-853,1115,-126,-3312
222,976,8172,-908,1129,-112,-3280
-506,172,8806,-1028,917,-58,-3280
-128,-92,8186,-1117,822,-178,-3248
-1916,-3812,9478,-658,537,-205,-3248
-2048,-3972,8858,208,-82,-102,-3280
-1782,-1206,7328,554,-476,-149,-3280
-108,686,7310,58,-370,-221,-3248
754,-20,7830,-146,-83,-221,-3280
1606,-800,7718,20,123,-87,-3248
176,-178,7484,79,130,-56,-3280
-568,428,7652,22,16,-179,-3280
74,-218,8164,-77,92,-145,-3280
116,-766,8544,83,97,-154,-3248
132,-612,7268,40,-28,-135,-3280
50,-730,7704,104,33,-80,-3280
-244,-518,8206,289,-27,-149,-3264
-710,6,8476,311,-170,-90,-3264
-760,288,8068,295,-296,-140,-3264
-328,266,8292,222,-447,-175,-3264
422,-1236,8292,262,-441,-112,-3264
318,-2138,8482,693,-614,-86,-3264
-442,-104,8122,768,-678,-76,-3264
1320,1500,7114,456,-441,-170,-3296
1426,1678,7344,-99,-49,-246,-3280
2552,1046,7274,-393,367,-192,-3296
2690,982,7138,-545,808,-33,-3280
1302,1480,7446,-782,1064,-132,-3312
88,828,8992,-927,1123,-112,-3248
-258,326,8760,-1068,1005,-131,-3248
-362,94,8314,-1155,899,-123,-3280
-1908,-3558,8688,-731,520,-172,-3280
-2164,-4234,8900,163,-79,-50,-3280
-1900,-1604,8080,577,-527,-97,-3248
-116,738,7200,106,-379,-183,-3280
460,248,6984,-53,-173,-120,-3248
1550,-644,7218,-12,31,-217,-3264
704,-26,7858,92,170,-99,-3264
-508,324,7500,71,29,-132,-3264
66,32,7862,-72,37,-117,-3264
446,-308,7998,8,130,-131,-3264
92,-406,8064,-47,32,-153,-3264
334,-1040,7336,55,104,-129,-3296
398,-888,7366,192,76,-112,-3280
-802,186,7952,267,-138,-106,-3264
-1036,268,8676,248,-295,-156,-3248
-434,-54,8702,221,-413,-194,-3248
352,-1244,8332,280,-468,-165,-3248
70,-2092,8544,733,-661,-63,-3280
-252,-280,8014,800,-751,-134,-3248
1622,1502,7108,511,-451,-196,-3264
2150,1880,6834,-176,-24,-294,-3264
2664,1386,6812,-465,373,-144,-3296
2798,882,6962,-604,893,-36,-3264
1396,1292,7694,-807,1100,-122,-3232
-340,920,8624,-887,1133,-86,-3264
-628,258,8932,-1055,930,-103,-3296
-92,-18,8312,-1172,897,-196,-3296
-2238,-4180,9356,-564,449,-147,-3296
-1978,-4462,8546,274,-159,-85,-3248
-1966,-1036,7932,600,-576,-120,-3296
110,278,7138,133,-407,-255,-3296
512,64,7932,-75,-114,-218,-3264
1292,-674,7932,56,-12,-146,-3280
374,-236,7498,92,78,-153,-3264
-244,156,8000,36,50,-153,-3264
248,202,7760,-124,109,-105,-3248
350,-654,8394,38,198,-123,-3248
-82,-584,7604,11,30,-146,-3280
100,-1132,8032,55,86,-135,-3248
-156,-730,8232,275,49,-124,-3248
-822,-170,8246,349,-192,-120,-3280
-1126,296,8390,267,-351,-199,-3280
-142,-46,7992,211,-452,-194,-3312
168,-1012,8944,324,-480,-158,-3280
126,-1906,8910,751,-679,-80,-3248
-258,-100,7842,793,-716,-171,-3264
1914,1766,6772,412,-354,-166,-3264
2202,1898,6548,-217,59,-254,-3232
2390,1514,7206,-550,457,-182,-3264
2836,818,6262,-627,943,-48,-3264
1468,1410,7294,-850,1135,-154,-3264
-88,1144,8216,-1010,1197,-159,-3296
-318,398,8778,-1114,1030,-81,-3248
-332,-102,7978,-1157,844,-191,-3248
-2078,-3862,8860,-454,317,-204,-3248
-1986,-3184,7696,300,-228,-96,-3248
-1586,-440,7572,524,-569,-127,-3280
124,362,7232,89,-376,-201,-3280
564,298,7036,-108,-103,-270,-3232
1258,-254,7706,7,86,-178,-3264
640,-74,7658,45,133,-82,-3264
-410,350,7644,-26,95,-152,-3264
148,242,7676,-147,138,-145,-3296
-74,-708,8452,-34,196,-157,-3296
108,-650,7592,-30,79,-156,-3264
86,-996,7600,81,81,-115,-3232
-298,-382,8026,288,-10,-163,-3264
-864,-22,8156,309,-213,-64,-3280
-944,158,8302,309,-361,-163,-3280
-110,-40,8260,252,-457,-193,-3280
230,-1140,8730,354,-508,-148,-3312
142,-1922,8702,788,-674,-129,-3312
-270,-176,8314,830,-740,-170,-3248
1794,1904,6754,362,-305,-194,-3248
2206,1740,6630,-242,48,-260,-3312
2486,1108,6824,-507,428,-184,-3280
2632,942,7252,-623,972,-33,-3280
1442,1194,7260,-859,1173,-117,-3280
-414,1164,8626,-931,1143,-157,-3296
-488,352,8970,-1107,971,-112,-3264
-144,-380,8326,-1189,889,-125,-3264
-2100,-4328,9130,-395,282,-159,-3264
-2262,-2884,8170,359,-289,-133,-3296
-1672,-364,8086,516,-566,-195,-3264
568,124,7452,98,-356,-264,-3264
662,208,8138,-132,-29,-202,-3296
1018,-618,8096,41,86,-150,-3280
460,-252,7388,-12,154,-119,-3280
-64,56,8110,-24,107,-184,-3248
-188,-210,8726,-84,114,-163,-3248
-142,-662,8786,29,141,-162,-3280
-182,-808,7434,-10,48,-164,-3264
88,-1208,7802,202,16,-127,-3296
-314,-544,8440,359,-108,-107,-3296
-994,116,8418,376,-262,-76,-3264
-918,360,8202,312,-406,-172,-3264
-168,134,8876,253,-448,-215,-3296
436,-1290,8274,348,-468,-155,-3264
310,-1664,8276,676,-568,-67,-3248
-222,-232,7606,729,-688,-143,-3264
1482,1636,7006,358,-307,-144,-3264
2110,1482,6716,-175,2,-231,-3280
2632,1240,6568,-465,407,-127,-3280
2508,1100,6924,-620,886,-50,-3248
1368,1332,7630,-830,1130,-158,-3248
-30,806,8384,-937,1160,-115,-3280
-550,402,8612,-1086,975,-95,-3248
-340,134,7740,-1120,823,-118,-3280
-1636,-3284,9280,-688,464,-180,-3280
-1786,-3746,7760,205,-143,-105,-3248
-1978,-1504,8140,530,-486,-149,-3280
-420,878,6958,80,-382,-250,-3280
812,476,7030,-174,-71,-244,-3264
1436,-666,7786,49,124,-143,-3296
-70,-198,8248,75,154,-83,-3264
-416,56,7544,8,15,-189,-3264
264,8,7286,-107,93,-145,-3264
16,-734,8902,79,52,-110,-3264
164,-1062,7596,29,4,-115,-3264
230,-704,6962,111,64,-149,-3280
-56,-522,7954,293,-58,-144,-3280
-692,174,8538,316,-199,-98,-3264
-710,246,8032,273,-334,-166,-3264
-400,104,8238,196,-415,-210,-3280
456,-846,8170,287,-471,-149,-3280
166,-1736,8586,711,-572,-90,-3280
-436,10,7808,792,-698,-167,-3280
976,1146,7466,401,-380,-189,-3280
2056,1648,7144,-166,1,-299,-3248
2490,1112,6958,-422,427,-187,-3264
2548,970,6716,-606,933,-65,-3296
1168,1386,8060,-812,1127,-155,-3264
-38,1118,8880,-967,1108,-75,-3296
-90,294,8600,-1116,1006,-119,-3232
-32,-370,8494,-1150,868,-148,-3264
-1790,-3488,9358,-541,379,-158,-3280
-2148,-3734,8058,267,-231,-147,-3296
-1498,-276,7638,532,-530,-130,-3296
536,232,7748,70,-338,-221,-3264
576,156,7018,-75,-109,-125,-3280
1196,-546,7508,45,48,-130,-3280
346,-310,8090,90,109,-137,-3280
-492,282,7866,80,0,-118,-3248
-142,-34,7776,-55,52,-169,-3280
124,-458,8532,37,111,-89,-3280
320,-864,7536,-25,53,-141,-3248
290,-916,8194,115,59,-84,-3280
16,-680,8338,282,18,-115,-3280
-988,160,8304,272,-178,-94,-3280
-712,120,8216,248,-322,-138,-3264
-90,-106,8840,218,-395,-168,-3264
200,-946,8406,308,-480,-101,-3232
56,-1944,8472,754,-669,-18,-3296
-266,-40,7720,775,-721,-183,-3296
1842,1692,6882,388,-368,-196,-3232
2038,2062,6876,-212,28,-288,-3264
2436,1162,6808,-502,430,-172,-3264
2684,1028,6730,-629,923,-9,-3264
1278,1428,7436,-846,1138,-159,-3280
-218,980,8842,-955,1141,-96,-3264
-410,22,8368,-1080,963,-87,-3248
278,-580,8478,-1200,866,-161,-3312
-1706,-3202,8654,-510,388,-107,-3280
-1988,-3796,8064,311,-176,-88,-3248
-1526,-180,7224,575,-579,-89,-3280
422,370,7964,112,-390,-219,-3264
722,-182,8056,-87,-81,-194,-3264
1336,-628,7622,100,60,-117,-3264
382,-384,7578,90,77,-129,-3264
-326,250,8078,34,31,-134,-3296
108,388,7910,-98,107,-104,-3280
190,-570,8350,13,155,-134,-3264
250,-824,7770,-23,74,-139,-3264
76,-882,7882,34,112,-108,-3248
-60,-734,8280,237,42,-116,-3248
-830,-292,8264,322,-201,-83,-3280
-848,428,8324,258,-345,-222,-3248
-202,56,8300,219,-473,-206,-3280
312,-1134,8342,396,-530,-152,-3280
108,-2030,8804,821,-691,-58,-3280
-236,374,7794,761,-719,-137,-3280
1682,2138,6302,280,-286,-225,-3280
2148,2118,6964,-329,120,-242,-3248
2358,1180,6076,-569,456,-127,-3264
2666,1318,6422,-686,996,-54,-3264
1210,1092,7416,-888,1189,-125,-3264
30,1160,8256,-1008,1168,-139,-3264
-242,160,8668,-1100,1028,-143,-3296
-396,-486,8680,-1173,886,-212,-3264
-2104,-3932,9716,-386,281,-143,-3248
-2092,-3384,7610,347,-301,-103,-3264
-1178,628,7596,476,-585,-159,-3296
716,484,7432,97,-332,-221,-3312
446,260,7126,-87,-113,-250,-3248
1214,-172,7558,33,95,-143,-3248
522,2,7896,41,121,-62,-3248
-218,322,7716,-36,69,-119,-3248
-26,238,7928,-136,134,-131,-3248
36,-408,8080,-56,214,-184,-3248
234,-980,7718,-17,65,-160,-3280
252,-942,7588,73,111,-137,-3280
44,-660,7994,264,-5,-193,-3280
-1030,106,8124,303,-218,-83,-3248
-836,232,8556,280,-390,-160,-3280
10,-128,8406,282,-479,-230,-3280
136,-1756,8562,503,-576,-157,-3248
-152,-1116,8250,868,-761,-84,-3280
-82,172,7940,760,-707,-166,-3264
1386,2006,6610,151,-195,-224,-3264
2332,1692,6674,-379,166,-236,-3232
2352,934,6894,-583,521,-134,-3296
2354,1200,6692,-720,1079,-49,-3296
1130,746,7844,-858,1211,-138,-3296
-736,654,8940,-983,1027,-41,-3264
-926,114,8952,-1114,893,-168,-3280
-1358,-2728,9084,-995,747,-190,-3280
-2228,-4562,9508,75,-38,-118,-3312
-2112,-2580,8870,596,-510,-155,-3280
-818,1318,7494,218,-526,-164,-3248
956,374,7664,-7,-159,-234,-3280
1152,-290,8330,-75,42,-143,-3312
598,-122,7574,12,121,-123,-3280
-60,296,7716,-17,109,-94,-3280
346,178,7628,-147,164,-116,-3296
264,-616,8314,-57,149,-82,-3264
-666,-304,8064,-12,81,-69,-3296
140,-996,7298,24,66,-155,-3296
254,-1106,7924,219,32,-114,-3264
-494,-32,7938,326,-166,-123,-3264
-1062,192,8432,359,-316,-120,-3264
-556,-20,7926,285,-419,-184,-3296
172,-138,8136,262,-457,-217,-3248
396,-1510,8154,479,-599,-154,-3280
-132,-912,8066,828,-670,-85,-3248
52,744,7738,659,-642,-165,-3280
1508,1794,6240,109,-129,-180,-3280
2460,1604,6658,-375,226,-185,-3248
2210,862,7018,-511,523,-97,-3248
1454,928,6930,-721,1027,12,-3280
1366,1152,7332,-857,1165,-105,-3280
-440,708,8630,-1022,1036,-125,-3280
-976,-120,9014,-1050,883,-108,-3280
-604,-1648,8866,-1069,786,-177,-3280
-1806,-4076,8770,-129,113,-79,-3280
-2100,-3176,8730,503,-361,-109,-3280
-1084,942,8024,360,-497,-121,-3280
434,330,8064,68,-253,-222,-3248
884,18,7600,-121,-46,-221,-3280
982,-316,8268,60,175,-66,-3264
-174,-148,7714,82,103,-79,-3296
-368,86,8044,-21,17,-87,-3264
182,-110,8138,-62,120,-114,-3264
-230,-666,8016,46,28,-155,-3296
434,-910,7404,63,46,-124,-3264
276,-1028,7474,176,33,-113,-3280
-428,18,7880,266,-89,-84,-3264
-802,6,8022,298,-261,-76,-3296
-572,78,8588,266,-347,-163,-3248
-104,88,8500,232,-451,-171,-3248
318,-1862,8244,478,-533,-99,-3248
-58,-1554,8264,845,-643,-67,-3280
-274,642,8052,651,-646,-148,-3248
1290,2118,6494,82,-182,-166,-3248
2758,1492,6616,-350,213,-274,-3312
2116,1104,6734,-543,537,-133,-3264
1878,1274,6804,-698,1029,-74,-3264
664,882,8164,-835,1140,-83,-3264
-648,802,8972,-986,988,-121,-3296
-430,40,9120,-1091,916,-142,-3264
-342,-1102,8986,-1129,851,-202,-3296
-2094,-4312,9076,-119,107,-107,-3264
-2504,-3250,8194,456,-377,-143,-3280
-1148,862,7810,298,-490,-126,-3264
812,250,8662,67,-198,-223,-3280
1042,-674,8042,-72,-71,-130,-3280
774,-438,8012,72,103,-150,-3248
230,-262,8098,93,85,-127,-3280
-260,208,8360,27,-1,-133,-3280
384,-666,8020,-19,71,-153,-3264
-90,-602,8048,55,30,-120,-3280
234,-740,7958,16,67,-131,-3312
378,-1012,7650,167,58,-118,-3280
-348,-56,7916,266,-46,-81,-3312
-1098,510,8332,292,-230,-80,-3280
-602,280,7972,167,-372,-156,-3280
-18,-354,8704,230,-458,-154,-3280
266,-2010,8236,444,-517,-94,-3280
-112,-1584,8278,838,-677,10,-3248
-166,426,7624,699,-693,-205,-3232
1350,1834,6536,184,-192,-235,-3264
2460,1452,6968,-352,183,-267,-3264
2248,1278,6096,-537,548,-114,-3296
1818,1306,6910,-683,1014,-45,-3264
920,632,7956,-883,1199,-135,-3264
-96,1050,7922,-1009,1071,-136,-3280
-834,120,8644,-1018,860,-94,-3264
-78,-1000,8826,-1130,848,-199,-3296
-2052,-4604,9338,-165,107,-87,-3296
-2066,-3508,7452,533,-364,-105,-3280
-1346,780,7886,435,-593,-66,-3280
582,480,8052,66,-319,-263,-3280
1300,-656,8438,-50,-51,-224,-3280
1282,-540,7792,143,79,-86,-3280
38,-224,8418,140,55,-74,-3280
-262,98,8020,33,-23,-144,-3280
576,-412,8414,-65,162,-124,-3264
-170,-192,8042,-20,84,-141,-3296
262,-768,7226,-22,139,-147,-3296
300,-1122,7418,126,122,-88,-3264
-700,128,8436,210,-21,-108,-3296
-1166,104,8144,302,-285,-125,-3296
-830,-2,8528,260,-397,-252,-3280
-68,-530,8498,276,-502,-219,-3264
62,-2228,8596,617,-643,-128,-3296
-258,-834,8360,889,-737,-79,-3280
862,1458,7612,532,-508,-158,-3264
1938,2090,7102,-122,-49,-297,-3264
2564,1678,6804,-478,362,-182,-3248
2680,682,6964,-563,768,-51,-3280
1262,1100,7676,-723,1096,-139,-3248
-100,988,8736,-847,1143,-88,-3248
-644,428,9236,-1107,1037,-144,-3248
-584,-216,8304,-1172,938,-167,-3280
-2062,-3932,9414,-645,453,-208,-3280
-2306,-3882,8010,258,-190,-162,-3280
-1900,-2018,8394,675,-632,-115,-3248
-408,670,7818,189,-483,-197,-3264
630,-12,7328,8,-153,-211,-3264
930,-480,7958,46,-23,-192,-3296
898,-12,7582,30,92,-109,-3296
-66,86,7878,57,40,-156,-3280
24,-4,8008,-72,95,-138,-3248
52,-446,8428,-12,204,-139,-3280
-174,-352,7760,-79,139,-122,-3280
426,-1212,7356,58,93,-116,-3280
-106,-956,8640,240,36,-45,-3312
-1110,-212,8410,335,-172,-132,-3248
-1184,112,8046,282,-319,-193,-3248
-438,-170,8520,280,-431,-207,-3264
124,-906,8712,321,-488,-113,-3264
58,-1806,8416,691,-686,-69,-3264
-316,-606,7990,828,-757,-153,-3264
1460,1596,7330,493,-437,-185,-3264
2060,2214,6868,-192,8,-279,-3264
2590,1806,7116,-548,395,-198,-3248
2676,740,6858,-657,865,-32,-3264
1474,1378,7626,-844,1139,-92,-3296
-38,972,8452,-875,1218,-83,-3280
-924,346,9150,-1052,975,-108,-3280
-564,-24,8104,-1168,891,-200,-3280
-1968,-3872,9546,-598,442,-164,-3248
-2016,-3640,7550,263,-215,-101,-3280
-1928,-1640,8416,637,-569,-131,-3280
-366,760,7162,83,-452,-182,-3264
894,480,6858,-122,-98,-272,-3248
1182,-312,7684,12,82,-151,-3248
398,90,7822,14,159,-82,-3248
-158,228,7164,-27,96,-124,-3248
88,496,8254,-157,158,-107,-3280
-14,-624,8186,12,169,-96,-3280
-454,-598,7844,-78,86,-55,-3280
264,-1050,7218,47,79,-93,-3248
-48,-624,8132,273,40,-115,-3312
-1024,-122,8102,323,-218,-69,-3264
-936,-112,8002,326,-332,-185,-3264
-424,166,8444,277,-454,-176,-3264
344,-726,8260,301,-497,-190,-3264
274,-1698,8546,706,-615,-90,-3296
-238,-466,8192,834,-703,-131,-3296
1266,1502,7398,462,-388,-152,-3232
2000,1902,6940,-150,-14,-213,-3264
2604,1362,7200,-466,385,-156,-3280
2692,674,6602,-576,778,-46,-3248
1272,1300,8154,-764,1051,-102,-3280
14,922,8624,-869,1152,-124,-3280
-630,296,9320,-1076,1001,-121,-3248
-726,-246,8538,-1119,845,-128,-3248
-1750,-3742,9478,-653,485,-156,-3280
-1884,-3722,7758,198,-148,-96,-3280
-1898,-2058,8540,610,-514,-203,-3280
-358,800,7604,155,-388,-187,-3280
472,62,7430,-46,-144,-214,-3264
1388,-640,7580,-64,51,-174,-3264
960,-64,7282,19,195,-65,-3264
-444,198,7836,58,79,-49,-3264
-174,-102,7866,-80,88,-104,-3296
144,-862,8548,-7,145,-128,-3264
-238,-550,7648,37,5,-162,-3296
234,-1002,7934,96,48,-152,-3296
154,-838,7594,273,-22,-111,-3264
-942,206,8642,316,-197,-90,-3264
-750,144,8204,310,-321,-133,-3264
-382,-40,8764,251,-428,-197,-3264
202,-592,8182,258,-452,-164,-3264
184,-1774,8478,597,-599,-99,-3296
-314,-782,8264,813,-689,-93,-3264
470,1126,7662,532,-501,-154,-3264
1854,2184,6870,-94,-70,-256,-3264
2582,1490,6900,-375,331,-162,-3248
2540,910,6584,-583,716,-102,-3264
1208,1382,7690,-739,1020,-143,-3280
108,952,8332,-851,1128,-101,-3248
-766,342,8898,-1023,940,-78,-3280
-604,144,8648,-1176,884,-112,-3248
-1200,-2398,8876,-936,692,-155,-3280
-1984,-4108,8760,138,-47,-71,-3248
-1784,-958,7330,564,-504,-148,-3280
240,590,7152,37,-409,-215,-3296
938,418,7382,-125,-79,-185,-3296
1264,-710,7584,6,81,-95,-3264
228,-38,7378,40,130,-109,-3296
-278,326,7608,40,37,-164,-3232
-128,124,8134,-67,32,-130,-3264
312,-516,8160,45,113,-117,-3296
64,-570,7320,1,-11,-101,-3264
268,-650,7062,45,98,-137,-3280
302,-882,7940,254,25,-114,-3248
-660,214,8394,274,-143,-76,-3280
-932,406,7954,305,-315,-139,-3280
-518,98,8292,159,-370,-187,-3248
356,-620,8192,246,-460,-134,-3280
280,-1842,8372,608,-556,-79,-3280
-452,-130,7844,807,-718,-89,-3280
146,844,7474,502,-492,-222,-3312
1810,1920,6670,-61,-54,-229,-3280
2664,1252,7216,-373,354,-193,-3296
2794,730,6958,-537,721,-65,-3264
1232,1170,6846,-768,1047,-77,-3280
262,864,9016,-880,1158,-84,-3280
-566,210,8978,-1063,1017,-99,-3280
-316,-102,8016,-1126,843,-112,-3280
-910,-2118,8538,-793,597,-205,-3248
-1966,-4332,9198,190,-88,-76,-3280
-2012,-1582,8112,662,-551,-147,-3280
-342,630,7376,203,-471,-122,-3296
674,528,7474,-49,-196,-220,-3264
1672,-832,7796,1,12,-214,-3296
544,-308,7738,132,106,-131,-3264
-578,152,7980,103,13,-118,-3296
-100,270,7728,-42,34,-106,-3296
510,-552,8562,-31,155,-137,-3264
20,-778,8106,-2,62,-96,-3264
374,-656,7226,-18,139,-115,-3280
234,-834,7700,218,105,-112,-3264
-934,24,8686,274,-110,-51,-3248
-1046,120,8256,285,-315,-126,-3264
-316,62,8326,215,-391,-231,-3264
22,-822,8280,290,-478,-122,-3296
60,-2110,8446,709,-674,-83,-3264
-232,-172,7812,841,-764,-112,-3264
1932,2028,6840,467,-451,-184,-3296
1768,2464,6968,-196,-15,-276,-3296
2654,1306,6664,-507,440,-168,-3296
2918,870,6652,-589,883,-28,-3264
1284,958,7446,-771,1119,-147,-3280
44,964,8740,-918,1166,-82,-3248
-414,490,8608,-1106,1014,-127,-3312
-120,-294,8180,-1216,942,-187,-3280
-1812,-3170,9120,-615,449,-179,-3280
-2084,-4218,7942,264,-175,-122,-3248
-1508,-186,7200,564,-613,-139,-3280
424,338,7472,102,-445,-243,-3248
890,374,7222,-43,-85,-163,-3280
1040,-650,7702,67,-9,-186,-3280
492,-154,7558,77,84,-139,-3248
-98,6,7940,29,104,-114,-3280
208,200,7672,-67,90,-134,-3248
112,-436,8420,-20,206,-155,-3264
52,-570,7200,-97,76,-155,-3264
104,-1010,8208,61,117,-115,-3264
-252,-532,7802,266,18,-84,-3296
-978,-216,8374,315,-154,-28,-3248
-954,330,7684,243,-352,-164,-3248
-214,266,8640,243,-443,-244,-3280
382,-1526,8280,359,-527,-162,-3280
262,-2084,8164,771,-713,-77,-3264
-176,2,7956,797,-764,-123,-3264
2054,1960,6340,334,-312,-218,-3296
2194,1972,6448,-296,75,-261,-3264
2342,1274,6660,-553,468,-163,-3232
2758,1112,6684,-663,987,-5,-3264
1556,1422,7292,-896,1186,-93,-3232
-10,834,9088,-982,1200,-90,-3248
-452,194,8302,-1071,978,-22,-3264
-190,-160,8222,-1199,860,-105,-3264
-2174,-4330,9160,-410,299,-177,-3248
-1924,-3912,8190,344,-238,-97,-3280
-1378,-122,7438,563,-580,-140,-3248
198,512,7570,119,-383,-192,-3248
938,186,7514,-157,-63,-248,-3280
1506,-402,7538,47,86,-153,-3248
326,-188,8132,62,151,-87,-3280
-388,308,7874,-31,62,-100,-3312
282,-14,7852,-180,186,-92,-3280
126,-642,8738,5,182,-97,-3248
0,-876,7508,-57,73,-107,-3264
184,-992,7654,40,102,-83,-3296
-352,-484,7894,284,-4,-142,-3264
-1048,102,8624,341,-274,-59,-3264
-960,256,8570,282,-354,-138,-3280
-182,-56,8248,304,-511,-208,-3264
272,-1500,8590,434,-551,-197,-3296
98,-1552,8398,818,-710,-57,-3248
-94,134,7698,779,-730,-170,-3280
1676,1908,6698,229,-204,-202,-3264
2258,1566,6538,-325,149,-221,-3264
2184,950,6688,-581,514,-141,-3296
1836,1088,6966,-694,1027,-99,-3264
798,810,8022,-882,1188,-140,-3280
-324,812,8318,-1002,1000,-80,-3280
-554,68,9034,-1118,948,-96,-3280
-770,-1516,8878,-1094,794,-152,-3280
-2148,-4152,9100,-54,48,-138,-3280
-2180,-2932,8406,494,-431,-184,-3280
-874,1200,7752,289,-477,-134,-3280
848,280,8002,24,-199,-232,-3280
862,-464,8438,-65,-28,-158,-3296
946,-20,7012,-23,157,-140,-3264
-98,206,7758,34,158,-79,-3264
-190,92,8066,-72,103,-119,-3264
96,-494,8276,-49,177,-64,-3264
-480,-404,7468,3,37,-126,-3296
232,-1380,7864,87,21,-155,-3280
242,-1188,8192,251,14,-88,-3264
-628,-74,7834,334,-158,-145,-3264
-702,384,7540,306,-280,-60,-3280
-512,76,8186,260,-391,-185,-3280
194,-196,8598,259,-471,-191,-3280
338,-1628,8012,448,-559,-124,-3248
-118,-952,8114,801,-659,-47,-3280
-72,290,7442,650,-648,-173,-3280
1430,1834,6546,117,-151,-198,-3248
2324,1594,6984,-364,190,-243,-3280
2392,678,6544,-520,537,-110,-3280
2378,1144,6316,-681,1009,-48,-3280
1136,812,8268,-827,1172,-120,-3264
-620,246,9114,-962,1023,-142,-3296
-984,-92,8960,-1050,828,-87,-3264
296,-516,8244,-1154,843,-186,-3296
-2152,-4410,9686,-200,156,-112,-3264
-2334,-3006,8566,463,-318,-107,-3296
-1240,1174,8080,400,-526,-178,-3280
456,510,8168,12,-191,-281,-3280
998,-452,8310,-61,-38,-193,-3312
644,-682,8248,131,102,-155,-3280
-338,0,7984,97,72,-96,-3264
-372,554,8146,-53,46,-115,-3296
264,-500,7914,-37,104,-111,-3264
-322,-396,8422,85,21,-105,-3296
232,-792,7208,63,45,-162,-3264
262,-844,7420,124,61,-94,-3232
-276,-112,7738,268,-93,-108,-3296
-1028,386,8432,325,-231,-120,-3296
-890,558,8570,208,-325,-180,-3248
30,-68,7908,212,-450,-267,-3296
286,-1648,8572,396,-513,-144,-3280
-158,-1468,8300,813,-650,-119,-3280
-278,310,7622,702,-704,-180,-3248
1594,1610,6346,206,-224,-193,-3280
2430,1656,6776,-288,138,-228,-3280
2190,1098,6574,-550,525,-148,-3248
2602,1228,6676,-663,1019,-62,-3248
456,896,8720,-875,1140,-77,-3296
-300,1048,8804,-1043,1023,-129,-3264
-996,104,9074,-1084,917,-105,-3264
-642,-1486,8648,-1089,814,-181,-3264
-2026,-4236,8880,-133,95,-127,-3232
-2210,-2912,8294,513,-363,-117,-3296
-1020,990,7610,373,-537,-144,-3264
642,526,8210,85,-294,-222,-3264
582,54,8258,-66,-97,-190,-3248
1174,-300,7836,99,89,-123,-3280
148,220,7664,116,81,-110,-3280
-126,306,7464,-5,5,-131,-3280
286,-38,7850,-74,135,-111,-3280
64,-62,7932,-59,135,-135,-3280
394,-764,7222,-18,103,-95,-3312
388,-704,7738,88,95,-76,-3248
-438,-342,8288,226,-40,-88,-3312
-1090,152,8364,264,-204,-105,-3280
-672,-64,8214,184,-353,-161,-3280
70,-476,8188,213,-419,-242,-3280
182,-1914,8458,519,-612,-82,-3280
-48,-1564,8484,901,-747,-81,-3280
-4,632,7634,739,-738,-172,-3280
1410,2390,6752,59,-157,-274,-3280
2420,1764,6390,-423,257,-255,-3280
2246,1018,6678,-566,607,-88,-3312
1576,656,7126,-681,1036,-72,-3312
170,732,9502,-820,1151,-109,-3280
-720,894,9102,-978,1002,-114,-3264
-844,-56,8716,-1104,921,-106,-3264
-1292,-2284,9886,-1012,775,-195,-3264
-2132,-4516,9040,30,-31,-147,-3296
-2526,-2988,9054,644,-468,-144,-3296
-946,1114,7690,286,-565,-162,-3296
1086,414,8354,53,-193,-244,-3264
842,-144,8322,-6,-74,-205,-3280
480,-322,8136,62,50,-172,-3296
226,152,7820,74,64,-128,-3264
30,362,8368,10,70,-110,-3248
288,-222,8624,-29,146,-88,-3312
-298,-334,7890,-80,121,-117,-3280
292,-738,7426,-30,140,-165,-3280
310,-1084,7904,143,110,-112,-3280
-410,-300,8122,257,-90,-117,-3248
-1360,224,8468,327,-274,-186,-3248
-608,166,8022,217,-371,-149,-3312
178,-742,8256,296,-494,-191,-3264
34,-2144,8922,681,-686,-151,-3296
-208,-192,7962,904,-783,-91,-3232
174,758,7768,635,-577,-162,-3232
1624,2334,7266,-57,-35,-269,-3264
2598,1230,6838,-451,360,-220,-3264
2396,966,6570,-612,687,-84,-3280
1336,862,7166,-720,1084,-70,-3264
234,650,9106,-860,1187,-35,-3264
-740,274,9124,-1095,1045,-54,-3296
-390,-106,7774,-1176,883,-93,-3296
-2110,-4152,9304,-537,384,-204,-3264
-1868,-4266,8728,270,-206,-87,-3280
-1690,-1368,8076,652,-598,-164,-3264
-330,470,7754,170,-479,-221,-3264
608,382,6772,-58,-178,-197,-3280
1516,-324,7516,-40,57,-195,-3312
734,-262,7586,67,104,-101,-3280
