AcX,AcY,AcZ,GyX,GyY,GyZ,Tmp
-4696,-14624,14464,952,-897,-410,-4032
3026,9156,17222,-1551,387,135,-4064
-910,-6220,5422,2610,776,-282,-4064
-2680,-2690,15352,-2890,-1081,-530,-4032
-1704,4270,12088,1793,558,-65,-4048
1358,-8092,7954,-943,-492,-183,-4016
-1882,7010,16470,-957,282,63,-4048
1536,3044,-2134,2213,597,-124,-4080
2218,-3588,2126,-2994,-529,-201,-4016
-1304,946,9816,749,343,-68,-4048
-142,-9268,6610,-1460,-886,-551,-4048
2522,7176,2742,2796,743,92,-4064
-830,4748,11286,-2248,-373,-406,-4032
-2678,1032,6508,1386,-266,-224,-4096
4492,-970,3138,-1098,397,271,-4064
-4334,-4834,15718,-2389,278,-187,-4032
1930,-3276,-2824,2221,593,-86,-4064
2594,5464,7880,-3411,260,-196,-4064
-1754,8082,5916,574,404,-409,-4064
1136,-7736,2052,-49,-268,-199,-4096
-2684,-2008,20176,-1544,-930,-271,-4048
1686,6292,5642,3115,1440,258,-4016
-3440,-4640,13744,-1561,-941,-278,-4048
-958,7338,15818,172,-6,-63,-4080
1498,-3138,2138,683,717,78,-4048
-2304,-2798,10140,-1653,-870,-450,-4048
1388,-11828,9850,2112,-426,-229,-4048
-732,9618,12582,-1627,-40,-221,-4032
-2798,2392,8532,1679,-54,-270,-4032
3480,2478,4358,-1567,114,161,-4064
-1142,7012,9952,-2074,662,-20,-4064
3632,-602,-5882,2324,305,-199,-4064
2348,1970,5614,-3728,103,-43,-4064
-2368,10460,8712,2398,921,-297,-4064
-1502,-6088,11634,-1916,-834,-372,-4064
-2610,4170,17200,-1086,-677,-261,-4048
5434,-2208,-4258,2885,1251,225,-4048
-3262,-6138,10714,-2454,-957,-229,-4032
510,5076,2338,1486,355,-41,-4032
2654,-4796,64,-572,365,31,-4032
-4204,222,16990,-783,-629,-380,-4064
1940,-10706,8214,1093,-699,-324,-4064
1570,10212,5218,738,600,14,-4064
-2202,-2996,1874,-84,-140,-406,-4032
386,4668,11286,-410,-622,-67,-4032
1866,4764,7822,989,1182,430,-4064
-5342,-11908,17990,-974,-1167,-481,-4080
3856,7560,11214,1960,864,233,-4080
140,-8926,3674,-384,544,-245,-4048
-3778,2152,17606,-1529,-329,-514,-4080
1234,-5342,-476,1807,374,-93,-4048
-1090,-6020,15890,-2352,-1345,-377,-4048
-216,8748,11704,1865,1288,346,-4048
-2692,-6882,7570,74,-440,-267,-4064
-394,6502,18116,-2047,-520,-123,-4080
252,-1260,5486,1383,901,50,-4096
-1380,-5838,7602,-2401,-978,-578,-4064
2458,-8012,6848,2953,269,-36,-4064
-740,7502,12976,-2113,-208,-279,-4000
-2684,82,3326,1484,23,-325,-4064
4286,14,2376,-1900,-204,102,-4032
1214,6514,6820,-945,1129,127,-4064
-480,-9062,2348,1631,-328,-316,-4064
2754,8880,13736,-2583,303,98,-4064
-1820,3480,5184,3139,939,-309,-4032
-3552,246,17376,-3198,-1233,-555,-4064
-1100,4104,8674,1238,339,-77,-4064
5366,-7332,-3716,358,87,-40,-4032
-1680,-6764,3812,-177,-456,-232,-4064
1910,-1628,4684,-2624,-279,-106,-4016
-3716,996,16498,348,69,-151,-4080
588,-12900,10050,-960,-899,-518,-4080
3780,6486,158,2699,943,111,-4048
-1614,-2732,7022,-1983,-560,-457,-4080
-2100,4958,14184,1060,-501,-147,-4048
4796,-1956,636,24,771,374,-4064
-4094,-1702,16288,-2961,-758,-444,-4080
5344,6022,-1864,2946,1121,83,-4064
1410,-6588,580,-3563,234,-263,-4064
-2024,7548,6430,937,534,-400,-4032
1004,-8560,2618,-297,-332,-250,-4064
-2988,-1018,21094,-1843,-1112,-314,-4032
2662,5152,3496,3342,1509,334,-4064
-3670,-3396,15350,-1803,-996,-265,-4064
-798,7662,13568,458,98,-43,-4032
2028,-4272,1050,518,720,52,-4064
-3276,-1376,12174,-1329,-813,-417,-4048
1130,-13052,9752,1835,-560,-273,-4048
-524,10392,12858,-178,331,-57,-4080
-2300,-1728,148,743,-4,-422,-4080
3116,3016,4972,-1208,-649,-64,-4048
3148,2162,6004,966,1375,458,-4080
-4222,-15166,12860,133,-1177,-463,-4048
2684,10238,18906,585,669,221,-4048
998,-7838,2728,877,627,-288,-4064
-3630,6448,16158,-2278,-682,-534,-4032
118,34,2032,2155,562,-36,-4064
2742,-8600,4794,-2238,-1221,-339,-4064
1810,6774,5826,1020,1073,287,-4032
-258,-4612,-1934,1107,79,-187,-4064
870,2980,13318,-2666,-574,-144,-4064
-1834,1166,11504,1371,811,61,-4064
-2358,-3248,10642,-2277,-1017,-600,-4064
3568,-660,2864,3155,538,55,-4032
-846,2300,10922,-2205,-325,-351,-4048
-290,4904,11376,-249,-582,-81,-4048
2610,3296,6136,471,1356,373,-4048
-3514,-14040,11114,889,-964,-453,-4064
2656,10292,18370,-567,513,199,-4064
-1522,-3236,5168,2320,713,-293,-4064
-3988,5082,17378,-2965,-1092,-573,-4064
202,1122,2894,2087,626,3,-4064
3202,-8692,2358,-1632,-866,-276,-4048
-2618,4742,18012,-122,667,168,-4048
464,-4110,-3146,1816,442,-159,-4048
1166,2086,11364,-2949,-553,-117,-4080
-2426,1174,12748,958,505,-34,-4048
-2096,-3644,9008,-2049,-965,-583,-4032
2180,9782,3600,2872,940,107,-4032
-1194,1490,11628,-2197,-523,-467,-4032
-2864,2990,10166,1178,-403,-141,-4064
4862,-1880,1686,-115,771,341,-4064
-5126,-10106,17394,-3027,-366,-333,-4064
3756,800,-5572,2707,925,45,-4032
2344,1170,3864,-3412,272,-215,-4064
-2254,10326,9072,1112,574,-403,-4064
1500,-6232,-126,-1108,-644,-340,-4048
-2306,3406,17384,-1255,-715,-250,-4048
4960,-1084,-3538,3033,1389,255,-4048
-3156,-7150,9710,-2291,-1041,-319,-4080
-718,7722,17802,1036,265,-41,-4048
2476,-5138,-48,3,509,13,-4048
-4250,190,17154,-1226,-843,-405,-4048
2314,-10384,8326,1555,-574,-265,-4048
1466,9764,5670,738,572,15,-4032
-2196,-2702,2050,-66,-132,-462,-4064
330,4358,10946,-294,-623,-75,-4032
1796,4634,7930,854,1124,458,-4064
-5144,-11038,17490,-733,-1142,-471,-4032
3940,7438,10076,1678,782,203,-4064
486,-8676,3652,-132,557,-252,-4064
-3924,3032,17342,-1610,-413,-528,-4064
-1992,2538,17700,12,-111,-162,-4048
4334,132,-2350,2762,1271,231,-4032
-2670,-7100,7710,-2214,-1023,-263,-4064
456,6842,5162,1024,279,-30,-4032
2252,-5288,-430,24,500,5,-4064
-3864,-320,16476,-1246,-814,-379,-4096
2216,-9264,8356,1535,-543,-325,-4064
1148,9688,6414,445,459,-56,-4064
-2326,-2484,1928,44,-131,-396,-4064
870,4634,9874,-500,-573,-40,-4064
1592,5758,7352,991,1167,406,-4080
-5468,-13004,18636,-836,-1245,-469,-4048
3748,8034,12746,1867,827,234,-4048
232,-9696,3856,-56,576,-275,-4080
-3976,1444,18324,-1732,-478,-500,-4048
1738,-4914,-1378,1960,497,-27,-4080
-1052,-6382,14740,-2370,-1268,-372,-4048
-594,9078,12858,1617,1148,289,-4016
-2242,-7180,6334,297,-292,-210,-4032
-370,6264,18086,-1822,-485,-127,-4064
140,-794,6084,1378,830,38,-4032
-1168,-5728,7240,-2309,-969,-594,-4064
2624,-8114,6968,3027,291,-31,-4032
-1002,7058,14116,-2215,-206,-293,-4064
-2622,606,3686,1567,40,-322,-4064
4540,180,1256,-1710,-129,135,-4064
778,7046,8376,-1333,941,105,-4064
-266,-8508,1790,1896,-194,-312,-4032
2872,7810,12766,-2313,297,111,-4048
-1772,4456,5622,3070,956,-240,-4048
-3368,-488,16908,-3161,-1182,-568,-4048
-1464,4474,9622,1291,401,-39,-4048
5306,-7038,-3940,82,-9,-110,-4048
-3288,-1952,16934,-1978,-246,-16,-4048
1858,850,-4564,2447,732,-80,-4048
2010,-2232,4314,-2669,-301,-128,-4080
-3896,1372,16786,431,14,-145,-4048
2954,-5218,5178,2764,-26,-108,-4064
-640,5292,12544,-2102,-276,-323,-4048
-2784,628,6030,1416,-35,-352,-4048
4378,-380,2522,-1512,94,186,-4064
148,7080,7672,-1436,939,91,-4048
936,-4974,-798,1749,-150,-278,-4048
2908,6820,9668,-2797,323,49,-4048
-1884,6682,5660,2994,960,-277,-4048
-2980,-2368,16108,-2935,-1157,-466,-4080
-1714,4372,12136,724,194,-90,-4016
5630,-5090,-4820,739,342,17,-4080
-1672,6986,16408,-2004,-359,-43,-4064
1564,3374,-2350,2085,723,-77,-4016
2372,-3458,1652,-2289,-143,-95,-4064
-4184,658,17572,140,-105,-180,-4064
-602,-9358,6930,-453,-825,-498,-4064
2572,7660,2382,2327,772,37,-4064
-1786,-2902,5338,-1649,-468,-472,-4032
-984,4970,12862,955,-449,-109,-4064
4762,-2250,2100,400,871,409,-4032
-4966,-6334,18228,-2419,-830,-390,-4096
4924,6352,3754,2961,1093,163,-4064
886,-8480,2288,-3064,302,-248,-4048
-2098,9520,7590,608,429,-400,-4048
1454,-7792,456,21,-227,-215,-4048
-2780,-3050,19986,-1966,-1166,-324,-4048
1488,7326,6798,3256,1497,327,-4080
-3336,-5202,12676,-1439,-918,-283,-4048
-1022,7074,16736,32,-61,-52,-4048
1380,-2994,2868,792,807,45,-4048
-4120,188,17162,-1463,-804,-481,-4064
1518,-11806,9498,1979,-546,-260,-4064
-964,9462,13926,-443,282,-129,-4064
-2262,-1210,708,835,18,-401,-4032
-140,5026,12930,-1414,-548,-10,-4032
2356,4074,6602,807,1372,419,-4096
-2998,-13694,8972,450,-1109,-454,-4064
2206,1508,4210,-3721,212,-207,-4080
-3818,3754,17570,-2928,-1046,-557,-4048
-494,2026,4902,1988,597,-13,-4064
3922,-8734,1128,-1017,-549,-183,-4032
-2738,3614,17994,-423,544,156,-4048
650,-3112,-3628,1932,470,-186,-4048
1384,1208,10100,-3030,-528,-129,-4048
-2666,1500,13384,977,519,-13,-4048
202,-11768,7914,-1816,-966,-583,-4048
3800,2232,1600,2847,768,70,-4080
-952,1102,8940,-1696,-385,-425,-4064
-2644,2336,10294,1119,-474,-135,-4064
4352,-2242,4456,-114,715,379,-4064
-5522,-11630,18972,-2431,-411,-326,-4064
4362,1642,-5944,2571,938,58,-4064
1860,646,3902,-3118,337,-231,-4064
-2192,10152,9018,807,513,-370,-4064
1424,-5826,-296,-423,-396,-208,-4032
-2452,2700,17896,-1561,-997,-314,-4064
4712,-534,-2528,2940,1388,291,-4048
-2952,-6500,8560,-1836,-967,-268,-4016
-684,6314,18042,626,126,-52,-4048
2300,-4940,-70,402,640,41,-4048
-3924,-544,16092,-1378,-816,-450,-4080
2360,-9206,8054,1708,-561,-249,-4048
1296,10354,6306,448,508,-21,-4032
-2364,-3278,1452,461,-64,-387,-4016
820,4776,11178,-826,-639,-63,-4064
1508,6338,7238,1323,1360,454,-4064
-5662,-13270,19228,-650,-1303,-474,-4064
3362,9176,13650,1304,790,262,-4064
442,-9582,2762,2746,822,-262,-4064
-3830,1226,17910,-3210,-1197,-585,-4032
-828,3834,7354,2097,646,-5,-4032
5064,-8220,-2636,-1100,-538,-194,-4064
-632,9466,13062,-958,347,105,-4064
-354,6602,18136,-1795,-490,-117,-4032
148,-898,5830,1320,852,34,-4048
-1362,-5372,7372,-2295,-999,-597,-4032
4310,4030,-374,3294,505,16,-4064
-1266,7632,15230,-2607,-437,-367,-4064
-2454,642,2702,1843,80,-236,-4064
4374,78,886,-1678,38,136,-4064
-2786,2864,13156,-1824,782,-13,-4064
-784,-10328,3306,2339,116,-205,-4064
2692,8468,14730,-3352,128,-16,-4032
-1864,3078,5844,3069,966,-261,-4064
-232,-7726,6676,-2758,-1140,-478,-4064
-1202,4320,8332,790,206,-111,-4080
5454,-7254,-3664,686,387,28,-4048
-3684,-752,17534,-2325,-499,-125,-4080
-146,7712,9006,2455,755,-41,-4080
1898,-1538,5616,-2364,-209,-94,-4048
-3524,1648,16264,102,-180,-196,-4016
712,-13010,8946,-387,-859,-483,-4048
3626,5720,806,2462,899,91,-4064
-1550,-1624,7200,-1722,-407,-423,-4032
-2130,4100,12936,878,-488,-155,-4032
4058,-852,4612,263,812,387,-4064
-3272,474,14096,-2729,-714,-400,-4064
5122,4540,-3398,2886,1046,128,-4064
1566,-4834,2174,-2980,264,-272,-4064
-3306,9912,13616,591,432,-392,-4032
266,-8346,4988,82,-250,-228,-4064
-2640,266,20820,-1991,-1111,-308,-4064
2916,4028,1848,3194,1528,358,-4064
-1302,-6574,1832,-1717,-1023,-284,-4048
-784,7706,12356,219,16,-83,-4048
2144,-4602,284,663,689,40,-4048
-3240,-1492,13228,-1663,-846,-414,-4080
3194,-5242,4828,2169,-408,-189,-4048
-250,10810,10912,-678,281,-121,-4048
-2274,-2000,-608,961,61,-389,-4080
4948,-1850,448,408,920,377,-4064
-4696,-16506,14630,-102,-1300,-505,-4048
2452,9608,20670,1009,673,234,-4048
-1032,-6240,5442,1865,761,-281,-4064
-3808,7682,15852,-2530,-783,-563,-4048
552,-166,1086,2361,614,-16,-4048
1860,-8692,5958,-2087,-1157,-361,-4048
-1896,7114,17096,747,929,241,-4048
-448,-5828,-720,1395,200,-194,-4048
690,3704,14396,-2786,-616,-160,-4048
-1586,710,10306,1253,783,39,-4016
-2774,-2264,11166,-2451,-1014,-606,-4064
3776,-1090,1992,3224,698,50,-4048
-948,2524,11034,-2630,-453,-349,-4064
-2828,2458,8880,1522,-70,-269,-4032
3618,2998,3240,-1449,206,211,-4064
-1172,6736,9628,-2181,603,-63,-4032
3302,-422,-4894,2169,283,-223,-4064
2470,2484,5334,-3450,223,-57,-4064
-1464,-2762,5090,2808,989,-282,-4064
-1682,-5438,11988,-2564,-1050,-463,-4064
-2158,3558,16454,162,-79,-118,-4032
5068,-2250,-3560,1225,492,13,-4048
-2666,3862,17872,-2366,-643,-139,-4048
894,5636,2116,2219,716,-30,-4048
2472,-5114,-144,-1847,-34,-42,-4080
-4332,434,17562,-129,-322,-221,-4048
228,-11872,7700,244,-743,-440,-4080
1166,9382,6396,1605,667,29,-4048
-2026,-2134,2818,-964,-280,-424,-4048
-2522,2006,10204,739,-558,-135,-4064
4398,-1590,4952,613,969,410,-4112
-5540,-11644,18852,-1640,-983,-443,-4080
3990,7500,10740,2643,956,139,-4064
1968,92,4380,-2250,410,-250,-4064
-2460,10274,9708,-77,236,-426,-4096
1674,-5644,-916,598,-35,-161,-4064
4200,-8068,-916,442,116,-49,-4064
-2510,-6650,7352,-2044,-1002,-271,-4064
156,6460,5884,890,260,-37,-4064
2270,-4794,-490,109,591,20,-4064
-3850,-652,15712,-1254,-768,-406,-4032
2260,-8736,7828,1641,-611,-320,-4032
870,10226,7340,199,413,-82,-4064
-2410,-2952,1378,327,-128,-416,-4064
1392,4676,9770,-829,-591,-48,-4096
1042,6712,7710,964,1322,474,-4032
-5804,-14222,18472,-442,-1270,-503,-4080
3336,8804,15440,1403,820,258,-4080
-222,-8978,4136,624,601,-261,-4080
-3640,-34,17548,-2145,-646,-542,-4048
1474,-3924,-868,2199,582,-6,-4048
-462,-7232,12884,-2321,-1271,-373,-4048
-670,8944,13564,1230,1113,294,-4080
-2060,-6820,4826,536,-139,-214,-4064
-284,5880,17592,-2493,-555,-145,-4048
-270,-530,6898,1386,858,48,-4064
-906,-7186,7286,-2385,-985,-604,-4064
2912,-6270,5580,3111,432,-35,-4032
-798,5758,12942,-2131,-303,-322,-4064
-2736,256,5532,1433,-88,-313,-4064
4388,476,2654,-1435,56,155,-4064
632,6044,7828,-1429,925,61,-4096
166,-6816,1630,1775,-146,-287,-4032
2856,7218,11210,-2691,342,79,-4064
-2034,4904,5848,2789,871,-276,-4064
-3120,-1142,16280,-2895,-1149,-496,-4048
-1520,3890,10398,1156,278,-97,-4080
5436,-6118,-3370,212,79,-63,-4048
-3346,-2090,15984,-1751,-214,-29,-4016
1314,1754,-3144,2128,709,-93,-4048
2056,-2536,3594,-2331,-217,-127,-4080
-3820,992,16908,112,-116,-171,-4080
-560,-8114,6644,-766,-830,-557,-4032
-654,5738,12040,-1246,13,-185,-4032
-2660,178,5346,1423,-99,-346,-4048
4254,-696,3452,-1750,-42,118,-4016
494,6804,7142,-1152,1045,94,-4048
834,-5482,-920,1696,-189,-291,-4048
2726,6984,10280,-2836,282,29,-4048
-864,-7418,4640,3079,887,-285,-4032
-2702,-2506,16288,-3043,-1224,-505,-4048
-1740,4566,12030,956,246,-72,-4048
5672,-5776,-4864,69,28,-51,-4064
-1450,7824,15858,-1832,-171,16,-4064
1332,2304,-2584,2125,688,-106,-4032
2242,-2808,2352,-2402,-205,-92,-4032
-4000,480,16954,178,-62,-178,-4064
-776,-8240,7184,-756,-937,-517,-4064
3318,7570,870,2571,928,77,-4064
-1860,-3140,5408,-933,-364,-424,-4080
-1462,4716,13926,150,-595,-80,-4080
3354,1118,5386,1083,1144,424,-4048
-4518,-15562,14154,-1873,-1162,-495,-4048
4830,6512,1896,2472,994,204,-4080
1256,-7540,1770,-1163,470,-271,-4048
-3750,7298,16252,-1062,-160,-471,-4048
1112,-7970,1776,1165,147,-142,-4032
-2606,-2434,20160,-2419,-1353,-386,-4064
2010,6734,5328,2956,1581,370,-4064
-662,-5828,-1214,-712,-716,-270,-4064
-962,7952,15240,-977,-304,-74,-4064
1674,-3892,1826,1284,843,83,-4064
-2714,-2262,11226,-2165,-1010,-574,-4064
3760,-2378,2658,2833,-53,-102,-4064
-772,9698,12972,-1547,-14,-206,-4032
-2400,-1394,534,1352,115,-358,-4032
3150,3208,4356,-1592,-381,36,-4048
-678,7636,9232,225,1261,308,-4048
-4040,-15116,13116,1116,-931,-400,-4048
2604,9604,19314,-652,455,200,-4048
-1790,9208,6708,483,430,-377,-4048
1102,-7256,1078,864,45,-135,-4080
-2114,-3488,19346,-2188,-1275,-347,-4048
926,7026,7880,2884,1517,324,-4112
112,-4634,-2164,-581,-694,-298,-4080
-810,7470,16780,-960,-313,-84,-4080
1250,-2948,2882,1317,842,56,-4048
-2192,-3212,9784,-2161,-939,-522,-4048
3772,-260,1854,2790,-51,-99,-4048
-806,9820,13576,-1637,42,-194,-4048
-2618,-1198,790,1501,75,-361,-4080
3506,1890,4082,-1975,-439,32,-4048
2556,3862,6590,443,1386,361,-4064
-3260,-14806,9844,1068,-984,-428,-4064
2410,10516,19886,-1021,397,169,-4064
-1442,-2032,4930,2898,919,-255,-4032
-4166,4516,18296,-3315,-1194,-587,-4064
-154,2478,3796,2026,680,1,-4032
3960,-9026,-52,-1130,-522,-215,-4064
-2840,3804,18352,-1130,262,69,-4032
886,-3546,-4326,2237,598,-137,-4064
1376,1582,9942,-3040,-516,-145,-4032
-2594,1140,13282,936,511,-40,-4048
-82,-11740,8784,-1903,-947,-603,-4048
4134,1758,290,3267,938,100,-4048
-1264,-222,10824,-2673,-636,-442,-4048
-3038,3766,12234,1594,-260,-164,-4080
4906,-2334,2114,-697,520,306,-4048
-2266,5284,12208,-3141,-37,-255,-4080
4830,2712,-6602,2802,861,-37,-4048
2182,-1180,2308,-3995,179,-213,-4016
-1746,1198,5802,2442,925,-294,-4032
-730,-7726,8284,-1916,-849,-396,-4064
-2590,2610,19230,-793,-495,-234,-4032
4532,882,-2112,2637,1191,169,-4064
-3200,1052,18092,-2631,-1065,-253,-4064
132,7292,6344,1665,486,-30,-4032
168,-1176,5448,1253,709,32,-4064
-1406,-5664,7444,-1822,-939,-585,-4064
3990,4492,388,2864,941,107,-4048
-1428,-996,8034,-2276,-521,-447,-4048
-2362,3620,12508,1222,-386,-180,-4048
4344,-1592,4250,590,972,429,-4064
-5512,-14374,18124,-2431,-867,-459,-4032
5072,3798,-4898,2695,1010,145,-4096
1774,-3108,2460,-2437,417,-246,-4032
-3050,10282,12146,20,236,-420,-4064
1312,-3760,-760,581,-40,-157,-4064
-2470,778,20144,-2093,-1232,-312,-4064
3190,2718,854,2985,1466,323,-4064
-1488,-7068,3518,-780,-790,-278,-4032
-230,5534,17680,-256,-97,-63,-4048
2154,-4772,-78,1005,837,59,-4048
-3446,-1160,14068,-1972,-954,-495,-4048
2830,-6198,5992,2444,-261,-187,-4048
-882,5872,13576,-1040,142,-159,-4048
-2432,-2694,436,1184,76,-410,-4048
2258,4076,8140,-1695,-541,18,-4048
178,8322,8260,506,1369,380,-4048
-5394,-15842,16968,527,-1161,-459,-4064
2722,10068,18618,-725,487,204,-4048
-526,-7756,4026,2177,801,-229,-4032
-3188,-2686,16348,-3041,-1045,-587,-4064
1090,-1726,-378,2336,682,21,-4032
976,-8570,8528,-1612,-885,-248,-4032
-1498,7966,16406,-296,534,164,-4064
1596,2468,-3264,1895,507,-131,-4064
280,4492,16020,-3008,-571,-142,-4032
-1238,438,9392,1038,547,-53,-4032
-610,-8874,7318,-1944,-981,-605,-4032
3126,8376,1524,3160,840,52,-4064
-944,3766,13116,-2565,-557,-415,-4016
-2800,1738,7488,1558,-203,-245,-4048
4774,-1306,1320,-1119,387,269,-4016
-4594,-15532,14266,159,-1171,-462,-4080
2696,9386,19088,-1487,393,170,-4048
-1178,-5488,5580,2762,817,-245,-4048
-2312,-4214,14524,-3033,-1169,-542,-4064
-1938,4592,13956,343,-3,-103,-4048
5622,-4338,-4958,1326,576,49,-4080
-3498,-5184,13732,-2422,-671,-138,-4048
1426,4234,-1512,2143,747,-27,-4048
2476,-4462,944,-1778,9,-60,-4048
-4400,844,18058,-233,-364,-257,-4048
16,-10482,6568,-18,-813,-441,-4032
1956,7946,4416,1798,631,8,-4064
-1714,-1724,4380,-1173,-285,-425,-4064
-366,4030,10688,-77,-447,-62,-4096
2722,2572,6500,538,1096,422,-4064
-3972,-13356,12608,-624,-1103,-459,-4064
4508,5612,5014,1738,800,200,-4064
678,-7632,4062,-740,438,-274,-4048
-3668,5802,16438,-1142,-266,-485,-4048
428,304,2206,1487,314,-109,-4048
-2208,-3094,18930,-2279,-1237,-343,-4048
1210,6950,6814,2032,1319,299,-4048
196,-3962,-2472,179,-306,-264,-4048
-1140,7150,16542,-1473,-428,-129,-4064
1310,-2716,2798,1431,890,79,-4048
-1986,-3684,9602,-2208,-971,-584,-4080
3430,-694,3158,2828,165,-94,-4048
-440,8716,12192,-1467,-46,-205,-4064
-2610,-1554,1856,1182,-17,-356,-4032
3216,2782,4482,-1611,-232,76,-4064
-1040,6166,9494,-663,1202,214,-4064
-3578,-13560,10672,1505,-581,-370,-4032
2814,9902,18064,-1924,337,142,-4032
-1710,-2404,5576,2951,841,-256,-4064
-1352,-5594,11770,-3053,-1224,-507,-4032
-14,1330,3836,1559,516,-29,-4032
3238,-8410,2334,-831,-473,-159,-4048
-3256,-5916,11038,-1075,-784,-237,-4048
-936,7024,17200,-1225,-400,-103,-4080
1120,-2390,3680,1285,859,50,-4064
-1986,-3426,8820,-2239,-967,-566,-4032
4004,618,1078,2872,173,-35,-4064
-796,9002,13610,-1910,-182,-255,-4064
-2604,-938,1560,1417,60,-314,-4064
3714,2488,3048,-1745,-164,110,-4064
-1388,5426,9898,-597,1161,190,-4048
-2848,-12672,9044,1444,-570,-347,-4048
2962,9716,16604,-1709,353,131,-4048
-1744,-1110,5234,2718,766,-289,-4080
-1100,-5888,10510,-2973,-1127,-534,-4080
-372,2134,4712,1547,508,-46,-4048
4128,-8308,428,-485,-209,-142,-4080
-3030,2940,17882,-1502,33,-3,-4048
692,-2724,-4054,2192,623,-156,-4064
1414,922,9492,-2974,-491,-135,-4096
-2618,1554,13836,715,297,-63,-4064
260,-11542,8028,-1443,-910,-532,-4032
3684,2014,1484,2795,851,55,-4064
-1000,952,9626,-2242,-431,-421,-4032
-2766,2764,10534,1425,-333,-161,-4064
4550,-2458,3844,-688,530,342,-4064
-1720,5146,10236,-2704,-112,-279,-4064
4682,2078,-6530,2546,848,-51,-4064
1870,-160,3608,-3766,221,-196,-4032
-2406,10772,9632,2146,816,-336,-4016
-778,-7138,9284,-1739,-791,-354,-4048
-2486,2784,18722,-829,-526,-235,-4048
4444,30,-2374,2677,1196,195,-4048
-2682,-6716,7456,-2312,-972,-268,-4080
2,6274,6224,1211,305,-55,-4048
2496,-4904,-72,-224,448,37,-4048
-3862,-602,15620,-968,-703,-371,-4080
166,-12260,9212,950,-785,-372,-4064
836,10884,7070,1069,724,12,-4032
-2578,666,2252,1736,-57,-242,-4064
4608,-1954,3028,1504,1340,509,-4064
-5596,-14944,18184,-1060,-1424,-526,-4064
3088,9320,16176,1800,888,236,-4032
-82,-9046,3354,186,613,-276,-4064
-3140,10608,12936,-2065,-525,-511,-4096
1256,-3674,-934,2233,553,-36,-4032
-86,-7600,12478,-2520,-1361,-407,-4032
-976,9292,14318,2221,1379,379,-4080
-2156,-7118,4374,610,-142,-262,-4064
60,5898,17326,-2242,-561,-105,-4032
-304,-542,6940,1340,871,68,-4064
-1162,-7174,7494,-2505,-1003,-585,-4032
3278,-6162,4576,3300,547,15,-4064
-978,5576,13852,-2731,-439,-356,-4064
-2748,1942,5426,1705,15,-291,-4032
4842,-1280,380,-1640,57,180,-4032
-114,7866,9214,-1861,734,-10,-4032
1330,-5542,-1758,2227,147,-230,-4032
2736,6232,10042,-3006,221,25,-4048
-1946,7026,6514,3086,966,-291,-4048
-2738,-2742,15354,-2947,-1127,-465,-4048
-1932,4750,12478,722,159,-105,-4048
5922,-5236,-5192,916,388,-7,-4048
-3674,-3912,14920,-2328,-553,-103,-4080
1476,3024,-2728,2295,745,-65,-4016
2350,-3584,1916,-2138,-82,-88,-4048
-4198,1086,17500,-11,-207,-197,-4048
-374,-9544,6992,-585,-870,-480,-4064
2726,8702,2446,2220,835,51,-4064
-1820,-2972,4180,-1507,-427,-446,-4064
-1140,4332,13414,794,-582,-110,-4064
4680,-2144,1780,492,893,418,-4032
-4684,-6218,17032,-2548,-799,-439,-4064
5054,6642,2682,2742,1052,136,-4032
1116,-8420,1946,-2754,377,-263,-4064
-1888,9760,6738,101,295,-411,-4064
1370,-7796,462,-57,-226,-222,-4048
-2546,-3216,19998,-2146,-1288,-354,-4032
1128,7448,7456,3191,1531,361,-4064
-3424,-5648,12294,-1037,-859,-300,-4064
-894,7256,17020,-427,-188,-47,-4032
1262,-2986,3004,1080,847,61,-4064
-2452,-3022,9642,-1941,-949,-534,-4096
1542,-12054,9810,2329,-360,-219,-4048
-876,10026,14168,-962,186,-141,-4048
-2316,-690,60,1298,72,-369,-4048
3764,1218,3004,-1853,-613,1,-4048
2198,4856,6848,681,1421,369,-4080
-2748,-14376,8004,948,-995,-476,-4016
2480,10066,19194,-769,448,215,-4048
822,-9662,1938,2238,825,-235,-4032
-3928,3598,17734,-3088,-1054,-591,-4032
-492,2972,4992,2286,673,-17,-4032
4220,-8818,-446,-1702,-923,-287,-4064
276,9202,10404,-262,621,209,-4032
972,-2802,-4750,1909,453,-127,-4032
1452,1102,9474,-2730,-264,-99,-4032
-2930,1478,13940,396,27,-157,-4064
208,-12240,8676,-1201,-951,-519,-4048
1206,10430,6668,2695,890,89,-4048
-1172,-222,9172,-1884,-461,-438,-4080
-2808,2828,12076,1043,-548,-154,-4016
4466,-1510,4132,41,825,353,-4048
-5530,-12808,17892,-2711,-395,-358,-4048
4342,2736,-4830,2507,901,38,-4048
1952,-800,2816,-1802,459,-248,-4032
-2394,9880,10050,-432,56,-436,-4096
1278,-5058,-46,883,33,-153,-4032
-936,-6234,15398,-2091,-1277,-338,-4000
4326,646,-1806,2776,1471,301,-4032
-2592,-7036,6974,-539,-637,-256,-4032
-644,6342,18218,-1021,-288,-90,-4032
126,-812,5664,1299,897,76,-4032
-4028,-638,15932,-2215,-1011,-570,-4032
2604,-7762,7474,2478,-179,-171,-4048
-718,7318,13002,-1267,2,-185,-4064
-2734,-304,3540,1076,-2,-360,-4032
1334,4772,9112,-1538,-317,52,-4032
1440,6264,7048,-144,1312,299,-4064
-1198,-9538,3706,1188,-814,-417,-4064
3038,9378,13944,-1246,463,153,-4032
-128,-9442,4372,2690,762,-290,-4064
-3698,794,17924,-3147,-1174,-583,-4064
-776,3870,7514,1887,617,27,-4032
5022,-7558,-2934,-1325,-681,-247,-4048
-692,8892,13290,-600,438,119,-4048
1400,-422,-4364,2009,582,-100,-4048
1776,-1052,6004,-3028,-520,-150,-4080
-3496,1148,15732,801,378,-30,-4048
-1062,-6318,7148,-1688,-926,-586,-4048
3876,5394,168,3002,869,92,-4048
-1384,-1240,7592,-2380,-488,-427,-4048
-2586,552,4362,1527,-249,-226,-4032
4406,-382,1452,-912,433,249,-4032
-3162,120,13812,-2686,208,-176,-4032
4974,4480,-2890,2463,652,-128,-4096
3078,7834,11768,-3781,216,-134,-4032
-2014,5094,5920,2220,827,-316,-4064
414,-7594,5076,-1885,-830,-339,-4096
-2572,412,19662,-670,-392,-197,-4064
5458,-6616,-3874,2431,1085,199,-4064
-3562,-1766,16570,-2480,-911,-209,-4064
-496,7636,10818,1615,469,-25,-4064
2182,-5058,282,-717,286,-11,-4032
-3710,1368,16416,-539,-544,-321,-4080
912,-12646,9086,592,-762,-388,-4080
-62,9856,10066,1364,702,35,-4080
-2512,-2206,1348,-628,-249,-407,-4048
-1916,3246,12596,212,-577,-100,-4048
3602,-418,6106,793,1042,403,-4016
-5178,-15012,16894,-1367,-1037,-456,-4080
5164,4766,-2400,2363,918,177,-4032
1456,-4784,2456,-1068,463,-225,-4048
-3230,8772,13312,-1378,-306,-489,-4064
1188,-2392,-66,1395,239,-77,-4048
788,-7656,9746,-2200,-1247,-332,-4016
2472,4254,3178,2264,1341,348,-4048
-1130,-6384,1664,118,-403,-225,-4048
158,4536,16292,-1683,-456,-86,-4048
-1024,820,8900,1466,873,50,-4048
-3036,-1966,12760,-2320,-956,-572,-4048
3216,-4150,4854,2823,168,-63,-4048
-804,5308,12090,-1832,-93,-261,-4016
-2624,-2206,1366,1196,19,-386,-4064
2444,4380,6534,-1739,-280,31,-4064
138,7668,7678,-413,1208,225,-4032
1724,-4610,-2866,1370,-666,-366,-4064
2822,10242,18394,-1817,379,160,-4032
-844,-6520,3768,3003,933,-240,-4032
-2686,-3388,15330,-3268,-1237,-553,-4064
-2000,4828,13452,1738,567,10,-4032
1552,-8572,6756,-520,-268,-99,-4064
-1870,7294,16884,-1508,18,46,-4064
1334,3114,-1760,2246,671,-110,-4064
2330,-3568,1618,-2867,-489,-109,-4048
-1372,580,10456,691,267,-89,-4048
-594,-9528,7520,-1426,-919,-542,-4048
2826,8992,2124,2877,921,101,-4048
-2068,-3236,3940,-2292,-501,-478,-4048
-2778,2426,8136,1308,-360,-210,-4080
4888,-1986,1298,-369,638,315,-4016
-4888,-7642,17458,-2875,-294,-309,-4048
3340,-1078,-5348,2597,882,-27,-4064
2370,3048,6018,-3739,230,-189,-4000
-2222,10030,7876,1681,726,-342,-4032
1474,-7262,-88,-1210,-567,-268,-4064
-2564,4472,16232,-1298,-803,-266,-4032
5678,-2884,-4636,2967,1342,269,-4064
-3418,-5852,11474,-2115,-994,-254,-4064
-776,7198,17166,918,227,-62,-4064
2572,-4776,96,96,582,43,-4064
-4244,406,17342,-1222,-776,-435,-4064
1898,-10718,8516,1811,-534,-272,-4032
-842,8604,13794,111,366,-75,-4064
-2180,-3242,2888,455,-120,-422,-4064
238,4824,11256,-814,-542,-43,-4032
2078,4146,6822,878,1259,413,-4032
-2470,-12024,8208,8,-1232,-439,-4032
3944,7528,10148,910,771,297,-4064
256,-8938,3332,1078,621,-269,-4064
-3856,3232,17694,-2131,-619,-521,-4048
-596,2670,5406,2065,504,-17,-4048
-1254,-5632,16250,-2225,-1197,-306,-4048
-158,8556,11178,1017,1023,250,-4048
1360,-1528,-4682,1070,84,-207,-4048
-498,6432,17758,-2242,-515,-124,-4064
482,-1284,5382,1241,772,14,-4048
-1532,-5420,8012,-2135,-969,-567,-4048
3836,3360,874,3232,511,22,-4080
-850,7900,14188,-2452,-375,-328,-4064
-2502,26,2532,1869,5,-245,-4048
4206,-236,2122,-1935,-68,156,-4032
-2922,3356,13230,-1667,907,40,-4064
-922,-10332,2716,2123,123,-245,-4064
2556,9226,15652,-3490,99,7,-4064
-1866,3498,5674,3335,1062,-251,-4064
60,-8400,6314,-3009,-1208,-488,-4032
-1230,4356,8566,547,64,-91,-4032
5396,-7770,-3866,1193,511,43,-4064
-3104,-96,17122,-2494,-608,-150,-4064
-410,6882,8980,2285,755,-64,-4016
1880,-960,5162,-2260,-113,-96,-4048
-3596,892,15864,106,-135,-233,-4080
492,-13192,10308,-499,-982,-512,-4048
266,11164,9686,2448,951,89,-4048
-1542,-2488,7332,-1503,-474,-460,-4048
-2338,4542,14120,695,-593,-104,-4080
4194,-966,4348,911,1038,457,-4048
-5536,-15828,17750,-2606,-967,-444,-4048
5238,4868,-3110,2895,1057,167,-4048
1434,-5254,1492,-2301,394,-271,-4016
-3168,9392,14012,-208,180,-458,-4048
876,-2316,-84,805,-10,-148,-4048
-3020,-270,20944,-2237,-1367,-387,-4048
3092,4008,2090,3184,1562,358,-4048
-1438,-6970,2356,-947,-787,-295,-4048
-612,7884,11944,-121,-61,-60,-4032
2154,-4910,154,976,811,71,-4032
-3516,-1286,13650,-1981,-987,-539,-4032
3314,-4462,4668,2437,-255,-201,-4032
-232,9756,11140,-932,103,-164,-4032
-2412,-1554,1032,867,61,-378,-4064
2650,4478,5650,-1385,-415,15,-4032
240,7796,7684,-746,1195,207,-4080
948,-5082,-1550,1517,-541,-338,-4048
2918,6838,9424,-1972,359,127,-4048
-754,-7224,5084,2884,827,-269,-4048
-2826,-2476,16040,-3043,-1184,-520,-4048
-1708,4418,11760,1510,419,-67,-4048
5726,-5446,-4694,-302,-196,-96,-4048
-1638,7548,16212,-1560,-27,1,-4048
1492,2568,-2772,2289,718,-90,-4048
2214,-3276,2366,-1755,-6,-59,-4064
-4050,820,17468,-241,-358,-239,-4064
1050,-12270,9900,-16,-845,-446,-4032
3148,7600,1222,1976,850,44,-4032
-1746,-2638,5578,-1203,-414,-470,-4032
-1456,4486,13820,493,-505,-135,-4064
3262,616,5688,868,1027,433,-4032
-4424,-3654,16382,-2477,-1002,-491,-4032
5146,6392,92,2793,1066,131,-4080
1458,-7602,1252,-2668,348,-284,-4048
-3706,7840,15944,23,281,-421,-4016
1268,-8186,1534,552,-54,-156,-4048
-2724,-2088,20638,-2202,-1255,-369,-4048
1964,6380,5128,3250,1588,379,-4048
-586,-6186,-850,-790,-747,-310,-4032
-998,7832,15234,-298,-183,-34,-4048
1772,-3898,1606,1019,811,78,-4048
-2898,-2096,11304,-1943,-958,-516,-4048
3728,-3090,2960,2424,-256,-171,-4048
-562,10520,12348,-1185,136,-169,-4016
-2286,-1212,-552,1152,163,-392,-4048
3168,3172,4190,-1618,-497,4,-4048
2794,2328,7088,596,1309,360,-4064
-4244,-15336,12852,1026,-912,-440,-4016
2834,9844,18932,-736,414,179,-4080
-1160,-4412,4966,1942,753,-241,-4064
-3668,6468,16060,-2839,-921,-559,-4064
410,662,1786,2018,625,8,-4064
2678,-8526,3912,-1587,-792,-248,-4064
-2514,5546,17672,-328,569,160,-4064
124,-5162,-2454,2041,435,-152,-4032
804,2858,13524,-3119,-611,-123,-4064
-2040,1430,11872,1163,549,-6,-4032
184,-10544,7106,-1928,-959,-567,-4064
3614,-1078,3068,3070,741,53,-4064
-922,2392,11350,-2282,-442,-426,-4032
-2956,1782,9178,1459,-215,-250,-4048
4566,-1804,3120,-1286,283,188,-4048
-866,6896,9008,-2258,531,-107,-4080
2954,-888,-4664,2169,339,-166,-4048
2648,3346,5750,-3638,200,-87,-4048
-2022,9634,7400,2786,933,-272,-4048
-2026,-5156,13098,-2432,-1057,-415,-4048
-1890,3778,15848,-77,-135,-111,-4048
4948,-2726,-3952,1909,845,86,-4048
-2490,4784,17374,-2504,-716,-155,-4064
1108,5296,1090,1983,644,-52,-4032
2458,-4552,-10,-1560,65,-49,-4032
-4210,144,17076,-335,-409,-290,-4064
-92,-11098,7790,296,-820,-426,-4064
1710,9346,4592,1743,789,32,-4064
-2220,-3242,3100,-897,-332,-454,-4032
74,4348,11928,19,-574,-58,-4048
4700,-1718,2896,932,1076,428,-4064
-5292,-11032,18378,-1369,-1201,-500,-4048
3898,7636,10100,2253,882,222,-4080
550,-9248,3188,-1308,444,-230,-4064
-2534,10430,9768,-875,-89,-456,-4064
1740,-6070,-688,1375,277,-127,-4064
-1786,-5242,16862,-2454,-1373,-397,-4064
188,8918,10328,2545,1465,338,-4064
-2918,-6776,8700,-289,-533,-268,-4032
-568,7030,17956,-1395,-434,-95,-4064
682,-1798,4478,1358,905,50,-4032
-1534,-5022,8302,-2287,-980,-557,-4064
2232,-9160,7412,2842,23,-91,-4016
-962,6892,13964,-1526,-111,-233,-4080
-2756,-330,4110,1088,-7,-382,-4048
4098,1476,2156,-1402,-216,56,-4048
1438,5736,7556,-749,1087,196,-4048
-1382,-9254,5032,1423,-604,-349,-4016
3096,9104,13162,-1527,464,163,-4048
-164,-8662,4996,2362,774,-263,-4032
-3752,1044,17760,-2940,-1139,-545,-4048
-1028,3378,7618,1549,476,-55,-4048
4990,-7158,-2492,-897,-508,-146,-4064
-728,8620,13314,-1098,177,56,-4032
1652,-80,-4728,2153,628,-104,-4064
1730,-1228,5826,-2977,-436,-156,-4064
-3552,1278,16058,722,326,-89,-4032
-954,-6864,6676,-1317,-862,-530,-4064
3384,4816,1734,2663,747,72,-4032
-1412,-316,7598,-2021,-394,-409,-4032
-1880,3556,11350,1489,-401,-203,-4064
4152,-354,3624,-810,388,272,-4048
-3198,-516,14012,-2293,85,-204,-4080
5022,3262,-2788,2432,734,-11,-4048
1324,-4634,3848,-3689,273,-175,-4080
-1724,5070,4854,2007,815,-368,-4080
404,-7960,4866,-1529,-754,-341,-4048
-2846,300,20662,-1262,-822,-257,-4032
3104,3732,1720,2818,1195,242,-4048
-3228,-2208,16384,-2117,-983,-240,-4048
-682,6978,11964,1060,319,-17,-4048
2022,-4268,414,-64,538,27,-4048
-3198,-1724,12790,-1187,-753,-378,-4048
764,-12402,9666,1417,-629,-286,-4048
-40,10232,10540,299,461,-27,-4048
-2376,-2102,260,182,-144,-431,-4048
-1560,4538,13054,-524,-616,-70,-4064
3660,1104,5210,1097,1298,467,-4064
-4932,-15274,15172,-719,-1300,-473,-4064
2760,9826,18830,1567,837,262,-4064
1262,-7060,1904,384,576,-287,-4064
-3586,7718,15630,-2055,-594,-552,-4064
710,-728,1028,2148,523,-30,-4064
1664,-8672,6870,-2341,-1333,-366,-4032
2202,6052,4580,1418,1215,337,-4096
-618,-5938,-346,826,-71,-237,-4064
634,3774,14834,-2303,-557,-133,-4032
-1578,760,10348,1411,864,98,-4048
-2852,-2320,11468,-2341,-1020,-590,-4048
3524,-2494,3422,3056,305,12,-4048
-882,3688,11812,-2045,-281,-306,-4048
-2634,1234,7930,1418,-60,-351,-4048
3208,3838,4584,-1576,1,140,-4048
-394,6332,8342,-1214,985,102,-4048
2132,-2520,-2720,1624,-194,-310,-4048
2922,9662,17278,-2112,398,80,-4032
-1308,-4670,5126,2686,820,-281,-4064
-2052,-3800,13766,-2976,-1117,-488,-4032
-1960,4040,13856,1309,387,-63,-4032
2528,-8384,5422,-95,-112,-54,-4032
-2138,5724,16960,-1590,-99,-3,-4032
978,3980,-258,2192,678,-93,-4032
2428,-4112,1030,-2508,-284,-102,-4064
-1780,1130,11336,276,9,-99,-4064
-198,-9860,7206,-753,-877,-499,-4064
2248,8370,3396,2446,785,68,-4064
-1964,-2822,4324,-1837,-441,-465,-4000
-2696,2134,7772,1193,-396,-154,-4064
4780,-2578,2766,-22,726,316,-4096
-5162,-7470,18636,-2638,-487,-372,-4064
4468,6824,5206,2950,980,47,-4064
2152,3262,6770,-3572,209,-252,-4048
-2030,9644,8052,1385,606,-365,-4048
1444,-7526,464,-812,-523,-275,-4048
-2284,-3386,19252,-1474,-883,-267,-4048
1228,7820,7182,2843,1599,336,-4048
-3420,-5608,12248,-1075,-771,-265,-4032
-1042,7330,16878,-987,-306,-77,-4048
1300,-2906,3154,1067,808,45,-4032
-2290,-3040,9616,-1885,-899,-509,-4064
1688,-12058,9564,2526,-295,-180,-4064
-942,9898,13892,-1240,107,-141,-4032
-2236,-1224,-102,1318,159,-363,-4064
3458,1888,3428,-1872,-463,25,-4064
2388,3962,6816,345,1374,326,-4032
-3228,-14644,9746,1139,-914,-416,-4032
2500,9924,19430,-905,362,184,-4032
-1596,-2184,5848,2676,794,-241,-4064
-3888,4442,17444,-2965,-1009,-580,-4080
-226,2168,3768,2182,653,-31,-4048
3878,-8642,856,-1564,-757,-215,-4048
-2950,4250,18192,-439,555,154,-4048
590,-4146,-3718,2030,466,-182,-4048
1356,1918,10924,-3134,-593,-134,-4080
-2570,1384,12972,1095,521,-36,-4048
-1968,-3742,8980,-2225,-988,-600,-4032
4068,1000,794,3192,887,114,-4048
-1092,918,10306,-2690,-474,-411,-4032
-2756,3202,10746,1657,-93,-249,-4064
3838,1394,2496,-1213,267,243,-4064
-1758,5930,10928,-2435,393,-122,-4064
4158,712,-5816,2543,651,-122,-4048
2084,466,4360,-3810,185,-131,-4080
-2322,10256,9554,2359,904,-293,-4048
-1274,-6530,10248,-1907,-891,-403,-4048
-2158,2998,17968,-650,-441,-189,-4080
4488,-448,-2790,2606,1181,263,-4048
-3260,2282,18452,-2560,-1001,-206,-4064
506,6498,4716,1845,542,-52,-4064
2496,-5178,-468,-928,268,-8,-4032
-4012,-144,16466,-715,-591,-313,-4032
274,-11846,8568,710,-729,-373,-4064
1286,10766,5746,1233,740,35,-4064
-2478,-3186,1128,-470,-259,-438,-4064
786,4840,11296,-284,-659,-110,-4064
4808,-2398,2834,1461,1268,460,-4064
-5744,-13730,19474,-1992,-1256,-458,-4048
3332,9012,14058,2575,1024,219,-4048
456,-10012,2592,-1214,488,-284,-4048
-2890,11236,11696,-1202,-171,-518,-4048
1672,-4780,-1548,1650,334,-62,-4048
-828,-6944,14400,-2528,-1393,-372,-4048
3984,1320,-798,2887,1475,362,-4032
-2284,-7472,5732,-38,-473,-222,-4048
-238,6336,18134,-1536,-449,-102,-4048
8,-632,6144,1257,918,82,-4064
-3880,-454,15200,-2199,-968,-534,-4064
2698,-8016,6576,2854,8,-93,-4064
-1080,6958,14726,-1863,-99,-262,-4064
-2646,1090,3532,1583,146,-348,-4064
1684,4216,9090,-1874,-319,36,-4032
590,7822,8772,-586,1143,259,-4032
196,-7834,368,1674,-514,-342,-4032
2872,7796,12114,-2045,282,120,-4064
-436,-8462,4496,2886,883,-253,-4048
-3344,-1242,16814,-3212,-1150,-563,-4048
-1520,4762,10322,1704,577,-15,-4048
5654,-6606,-4754,-712,-340,-132,-4048
-1480,8614,15494,-1467,76,7,-4080
1878,1694,-4468,2386,677,-113,-4048
2158,-2706,3504,-2862,-374,-146,-4032
-4008,1336,17344,776,266,-79,-4048
-704,-8614,6990,-1313,-949,-539,-4048
3208,7500,2008,2711,893,55,-4048
-1696,-2054,5242,-1977,-466,-469,-4080
-1546,4044,12776,1178,-493,-213,-4048
4490,-1370,2242,-69,666,377,-4048
-4080,-4328,15946,-2580,-363,-312,-4080
4884,5282,1182,2657,916,67,-4048
2754,5798,8672,-3517,285,-202,-4064
-1950,7626,6336,1589,710,-376,-4032
906,-7706,2694,-1137,-622,-281,-4064
-2460,-1966,20104,-1219,-780,-227,-4064
5432,-4604,-4472,2974,1326,224,-4032
-3436,-4686,13790,-1926,-1009,-258,-4064
-810,7574,15396,693,268,-40,-4064
1418,-3486,1656,315,638,8,-4032
-4170,608,17574,-1450,-815,-422,-4032
1206,-11992,9668,1839,-519,-288,-4032
-574,9540,12526,402,468,-56,-4048
-2572,-1414,954,167,-141,-404,-4048
-640,4582,12848,-699,-654,-42,-4080
2842,2624,6448,1188,1307,441,-4080
-3886,-15086,12252,-345,-1296,-462,-4048
2550,10170,19668,1293,791,257,-4080
944,-9094,1994,871,655,-269,-4048
-4114,5580,17522,-2436,-737,-539,-4080
218,1362,2770,2326,628,-9,-4048
-2348,-3940,18960,-2409,-1336,-379,-4064
844,7952,8304,1495,1160,286,-4032
566,-3894,-3256,807,-19,-198,-4096
1024,1966,11516,-2348,-536,-138,-4064
1166,-2610,3276,1334,861,39,-4032
-2202,-3700,9248,-2340,-1024,-629,-4032
4016,1456,1156,3150,479,-4,-4032
-1046,1186,9870,-2423,-358,-352,-4064
-2554,-500,2254,1516,-72,-280,-4064
3944,1954,2430,-1390,150,196,-4064
-1696,4438,10944,-1927,767,17,-4064
3862,1304,-4364,2083,153,-232,-4064
3020,9418,15666,-3235,276,10,-4032
-1822,166,5208,2726,913,-306,-4032
-712,-6570,9442,-2838,-1137,-471,-4048
-2618,2762,17992,763,151,-87,-4048
4222,-8176,-250,773,275,-48,-4048
-2786,2174,17684,-2101,-394,-77,-4048
308,6358,4882,2195,690,-75,-4048
2338,-5274,-354,-2128,-99,-59,-4048
-3028,1540,14580,-22,-240,-213,-4048
424,-11966,8146,-68,-774,-464,-4048
848,8806,7510,1811,654,34,-4048
-942,1310,8188,-1443,-296,-425,-4032
-2410,2066,10206,908,-521,-126,-4080
4078,-1168,5980,-67,696,369,-4064
-5580,-12060,18832,-1938,-503,-345,-4064
4268,1638,-4032,2480,847,80,-4064
1544,-778,4428,-2721,352,-228,-4064
-2446,9478,10050,572,400,-380,-4032
1556,-5230,-504,-194,-300,-221,-4064
-2322,2328,18188,-1686,-1016,-344,-4064
4326,424,-1786,2916,1427,334,-4064
-2544,-6222,7102,-1297,-805,-268,-4064
-520,5756,17682,278,55,-92,-4048
2328,-4726,20,574,684,48,-4048
-3784,-836,15214,-1561,-862,-459,-4080
2436,-8012,7556,1897,-485,-262,-4048
-740,7898,13338,-124,333,-55,-4080
-2482,-3174,1792,481,-70,-374,-4048
1202,4974,9924,-1144,-547,-9,-4048
1220,6562,6784,824,1399,439,-4080
-5654,-13848,18822,-234,-1275,-465,-4064
3222,9202,15250,933,766,273,-4064
-152,-8852,3570,1126,622,-293,-4064
-3436,324,17148,-3258,-1193,-555,-4064
-1116,4228,8330,1853,593,10,-4032
5202,-7618,-3196,-791,-426,-151,-4032
-686,9156,13464,-1157,226,83,-4064
1270,-550,-4234,2211,624,-127,-4032
1904,-912,5532,-2886,-443,-143,-4064
-3494,1058,15674,677,252,-82,-4064
-1180,-6108,7322,-1474,-979,-533,-4064
3940,5198,190,2980,940,99,-4032
-1438,-1300,7708,-2300,-531,-473,-4064
-2294,3926,13182,1418,-365,-182,-4032
4368,-520,1766,-741,491,291,-4048
-3162,528,13606,-2709,65,-244,-4048
4946,4136,-3128,2447,739,-57,-4016
1628,-4022,1992,-3687,222,-174,-4080
-1862,4638,5646,1835,802,-343,-4016
300,-7454,5298,-1505,-669,-304,-4048
-2574,438,19494,-946,-606,-225,-4048
5530,-6410,-3896,2311,1084,172,-4032
-3526,-1772,16416,-2242,-981,-302,-4016
-552,7512,11024,1507,404,-34,-4064
2104,-4898,640,-589,304,18,-4032
-3770,1144,16604,-786,-675,-366,-4064
810,-12908,9636,1051,-717,-346,-4064
-142,10330,10450,1079,659,-24,-4032
-2618,-2760,1016,-184,-246,-444,-4064
-2000,4312,13430,-305,-657,-47,-4064
3848,-1236,5230,1378,1219,469,-4032
-5402,-16208,17918,-1151,-1368,-493,-4064
2570,9418,19372,2461,992,228,-4048
1546,-5792,1068,-971,473,-291,-4080
-3594,9346,14600,-1285,-210,-475,-4048
998,-1918,-298,1720,344,-62,-4016
1244,-8064,8554,-2469,-1341,-382,-4048
2456,4764,3644,2379,1411,365,-4080
-1046,-6306,1182,150,-395,-266,-4048
460,4390,15792,-1746,-491,-105,-4048
1972,-4168,1216,1325,902,66,-4032
-2976,-1770,12192,-2229,-941,-579,-4064
3496,-3962,3628,3122,221,-42,-4048
-1058,3984,13632,-2433,-288,-303,-4048
-2938,2618,7028,1798,157,-267,-4048
2896,2888,5512,-2011,-216,89,-4016
-616,9096,9762,-1253,1028,123,-4080
2824,-2934,-5710,2141,-168,-302,-4080
2414,10162,20778,-2501,181,67,-4064
-1058,-5022,4892,3440,1029,-276,-4048
-2178,-5138,13552,-3192,-1209,-531,-4016
-2364,4970,15406,1357,396,-60,-4064
2686,-9148,4098,87,-20,-101,-4032
-2324,6456,17954,-2052,-189,-44,-4064
1208,4142,-730,2491,685,-83,-4032
2508,-4344,622,-2755,-259,-80,-4032
-1848,834,11068,482,26,-143,-4064
-414,-10620,7780,-1006,-954,-515,-4064
2406,9950,3270,2601,975,73,-4032
-2086,-3806,2576,-1827,-473,-457,-4032
-2864,3166,9608,815,-565,-123,-4064
5002,-2346,1348,110,812,352,-4048
-5082,-9446,17732,-2980,-506,-358,-4048
4300,7618,7286,2699,1029,69,-4048
2238,1800,4720,-3300,315,-228,-4048
-2180,10652,8636,826,554,-394,-4048
1340,-6706,-308,-276,-322,-237,-4048
-2384,3780,17350,-1549,-947,-318,-4032
5162,-1422,-4040,3261,1512,316,-4048
-3148,-6886,9664,-1604,-1024,-311,-4048
-570,7312,18326,619,172,-8,-4032
2606,-5472,-450,498,675,65,-4032
-4262,306,17408,-1589,-879,-467,-4064
2134,-9750,7798,2154,-403,-227,-4064
-820,7984,13632,-458,265,-85,-4064
-2244,-3086,2106,767,-51,-399,-4064
814,4500,10738,-1177,-579,-35,-4064
1594,6110,7258,821,1325,381,-4032
-1592,-11294,5178,341,-1172,-465,-4064
3644,8568,12982,372,640,236,-4064
166,-9594,3254,1675,724,-286,-4032
-3944,1750,18076,-2816,-926,-559,-4096
-640,3658,6734,2287,666,-24,-4032
-798,-6510,14664,-1923,-1004,-274,-4064
-524,9174,12704,25,673,198,-4064
1620,-812,-5190,1411,273,-158,-4080
1770,-726,6520,-2792,-593,-158,-4048
186,-796,6106,1208,730,38,-4080
-1352,-6086,7288,-2227,-958,-584,-4080
4030,5390,18,3294,678,32,-4016
-1528,-1848,7886,-2684,-565,-403,-4048
-2522,996,3858,1693,-115,-234,-4080
4700,-558,548,-1218,308,204,-4048
-3310,508,14028,-2635,414,-164,-4048
102,-7854,512,2383,368,-171,-4064
2842,7660,12446,-3761,183,-76,-4032
-2074,5610,6128,2907,941,-301,-4032
534,-8162,4546,-2541,-1085,-453,-4064
-1700,4698,10526,-9,-141,-131,-4032
5796,-6562,-4706,1703,754,81,-4032
-3386,-2144,16136,-2533,-731,-154,-4032
-596,7760,11432,2062,656,-4,-4064
1994,-2282,3758,-1497,137,-49,-4064
-3970,1236,17018,-337,-425,-283,-4032
914,-12866,9458,92,-883,-412,-4048
-188,9502,11424,1752,720,53,-4016
-1474,-1742,5532,-892,-284,-446,-4048
-1624,3578,12364,484,-580,-137,-4048
3418,1016,6206,644,970,432,-4048
-4828,-14678,15526,-1733,-879,-435,-4048
4694,4534,700,2516,882,168,-4016
1188,-5780,3738,-1654,439,-252,-4016
-3336,7826,14418,-400,53,-465,-4048
822,-7626,3974,450,-123,-190,-4064
-2662,-1150,19866,-1977,-1200,-327,-4064
2432,5030,3338,2815,1478,367,-4064
-788,-5588,458,-842,-715,-247,-4032
-820,7670,13858,-696,-230,-72,-4064
1732,-4158,984,1386,894,66,-4016
-2786,-2576,12164,-2187,-1001,-548,-4048
3212,-3200,4970,2459,-131,-144,-4064
-106,8608,10738,-853,79,-153,-4032
-2850,-1812,2374,721,-82,-415,-4064
2746,4298,5610,-1205,-291,1,-4064
158,6930,7286,-69,1281,304,-4064
-4768,-14588,15178,933,-883,-419,-4064
3008,9762,17880,-680,532,195,-4064
-1228,-6074,5138,2320,720,-280,-4032
-2606,-3414,15524,-2889,-1092,-562,-4064
818,-1000,964,2007,616,-28,-4032
1594,-8356,6774,-1529,-825,-255,-4048
-1892,6858,16674,-195,579,166,-4048
1350,3116,-1498,1785,458,-151,-4080
604,3520,14468,-2897,-553,-146,-4048
-1384,840,10444,897,517,-2,-4048
-392,-9120,7130,-1867,-908,-565,-4048
3604,-2632,3222,3026,621,17,-4064
-958,4038,12084,-2504,-436,-437,-4048
-2714,1788,7258,1490,-200,-247,-4048
4682,-1296,1788,-1360,313,234,-4032
-494,7426,8914,-2361,474,-120,-4032
4658,6038,3504,2550,919,4,-4064
2584,4408,6370,-3300,290,-228,-4032
-1902,8942,6684,1027,540,-378,-4096
1262,-7312,1132,-647,-437,-224,-4064
-2506,-2940,19510,-1240,-760,-288,-4048
5630,-3752,-4958,2921,1356,277,-4048
-3546,-5280,13088,-2085,-952,-253,-4080
-1076,7564,16304,915,224,-18,-4048
1536,-3436,2526,129,544,16,-4048
-2220,-2834,10378,-2101,-996,-506,-4048
1678,-11584,9370,2468,-228,-131,-4064
-758,8844,13046,-894,125,-157,-4032
-2722,-1358,2178,855,9,-371,-4032
3412,3420,3984,-1431,-287,57,-4048
-750,6272,8608,-201,1235,269,-4048
-3608,-13682,11788,1156,-842,-403,-4048
2854,9822,17506,-1107,454,170,-4080
-1474,-3164,4986,2514,780,-269,-4048
-1646,-5096,12368,-2922,-1089,-541,-4048
10,1048,3168,1801,562,-30,-4048
3416,-8376,2496,-825,-437,-132,-4048
-2646,4166,17838,-1101,182,77,-4016
596,-3338,-3106,1953,522,-154,-4064
1172,1422,10854,-2909,-539,-146,-4064
-2334,1262,13048,760,360,-77,-4064
-64,-10866,7924,-1598,-884,-547,-4064
3674,804,1610,2901,833,70,-4064
-934,1738,10538,-2547,-469,-441,-4032
-2692,3326,9534,1595,-238,-206,-4064
4942,-2732,2204,-916,473,265,-4064
-1848,6194,10890,-2844,-17,-240,-4064
4640,1508,-7146,2704,893,-26,-4032
2100,162,3770,-3978,174,-196,-4032
-2570,11212,10044,2394,930,-321,-4048
-798,-7300,9434,-1882,-817,-394,-4080
-2830,3394,18950,-845,-510,-190,-4048
4928,-646,-3016,2673,1173,209,-4048
-2770,-6714,8234,-2417,-955,-253,-4048
174,6034,5276,1408,358,-19,-4048
2590,-5070,-50,-396,420,2,-4080
-3994,-334,16182,-796,-645,-351,-4048
-28,-12526,9392,868,-826,-388,-4064
1034,10828,7328,1176,730,24,-4064
-2402,-3832,814,-146,-240,-421,-4032
1036,4306,11224,-470,-698,-88,-4064
4642,-1776,2876,1430,1301,477,-4064
-5584,-14586,18224,-1053,-1339,-502,-4032
3116,9444,15810,1817,918,279,-4032
-80,-8838,3186,83,570,-295,-4096
-3094,10498,12972,-1944,-467,-520,-4064
1174,-3832,-718,2174,535,-39,-4032
-86,-7650,12608,-2570,-1389,-373,-4032
-974,9108,14472,1731,1288,338,-4064
-2122,-7232,4130,679,-151,-235,-4032
70,5894,17638,-2300,-540,-148,-4032
-252,-304,6906,1432,897,47,-4064
-1178,-7632,7124,-2472,-1027,-591,-4064
2940,-5846,5188,3247,476,-13,-4064
-766,5548,13178,-2443,-322,-353,-4032
-2738,1102,5500,1637,-23,-309,-4032
4572,-1148,1658,-1886,-98,157,-4016
212,7798,7912,-1340,1000,87,-4048
1112,-5528,-1648,1873,-128,-283,-4080
2682,7144,10432,-2915,222,45,-4048
-1812,7062,5644,3219,1002,-277,-4048
-2984,-2668,16388,-3116,-1217,-519,-4048
-1712,4752,12242,833,207,-35,-4048
5864,-5436,-5600,744,363,-14,-4080
-1728,7498,16658,-2073,-347,-57,-4032
1606,3146,-2894,2210,732,-58,-4048
2184,-3322,1834,-2450,-204,-59,-4064
-4050,682,17424,228,-62,-169,-4064
-604,-9192,7218,-651,-894,-536,-4032
2972,8528,1442,2535,908,71,-4032
-1888,-3986,4772,-1728,-489,-498,-4032
-1304,5346,14484,802,-498,-96,-4064
4984,-3290,666,760,947,409,-4032
-5094,-6480,19060,-2890,-960,-448,-4064
4836,7238,3808,3144,1200,154,-4064
1170,-9106,1148,-3220,279,-234,-4080
-2238,10308,8014,499,426,-395,-4048
1532,-8062,102,176,-189,-200,-4048
-2510,-3354,20104,-2121,-1229,-368,-4048
1348,7922,7048,3426,1512,359,-4048
-3470,-5778,12716,-1528,-951,-275,-4048
-958,7552,17068,89,-27,-47,-4080
1358,-3242,2762,827,813,76,-4048
-4312,480,17532,-1539,-850,-488,-4064
1702,-12116,9204,2077,-486,-240,-4064
-934,9682,14190,-1059,156,-159,-4048
-2228,-372,142,1200,122,-385,-4048
-268,4446,13500,-1457,-620,-31,-4064
1998,4342,7658,529,1363,407,-4048
-2932,-14130,8994,939,-957,-430,-4048
2610,9704,18718,-491,461,217,-4016
736,-9176,2674,1896,736,-284,-4032
-3878,3874,17266,-2825,-962,-536,-4064
-478,2176,4556,2252,588,-12,-4032
4022,-8556,770,-1729,-967,-294,-4032
474,8458,9854,16,727,176,-4032
848,-3102,-3896,1776,423,-159,-4064
1252,1114,10168,-3113,-597,-168,-4032
-2822,1566,13504,1192,665,0,-4064
-1826,-4732,8394,-2083,-1024,-597,-4032
3940,2518,1382,2992,743,63,-4064
-998,580,8908,-2403,-394,-404,-4080
-2792,2254,10860,1434,-185,-231,-4048
3822,2242,2162,-1408,303,230,-4048
-1600,5026,9458,-2238,606,-102,-4080
4398,1950,-6118,2022,386,-172,-4016
3054,9882,16156,-3372,207,-9,-4032
-1782,24,5122,2682,928,-302,-4048
-706,-6802,9550,-2452,-1060,-448,-4080
-2408,2568,18400,346,4,-108,-4032
4484,-7942,-1398,1410,665,47,-4064
-3146,1738,17678,-2413,-682,-184,-4064
320,6510,5792,2080,695,-67,-4064
2400,-5070,-396,-1591,77,-62,-4064
-3026,1404,14904,-318,-452,-292,-4032
344,-11934,8790,179,-848,-423,-4032
1118,10192,6556,1771,797,55,-4064
-2366,-2752,1308,-1061,-351,-427,-4032
-2600,3368,11876,623,-537,-112,-4048
4412,-1336,3710,681,955,420,-4080
-5544,-13274,18308,-2425,-875,-430,-4048
3288,8636,13794,2695,945,153,-4080
1900,-1960,2640,-2241,404,-239,-4080
-2742,10278,11228,-186,165,-440,-4080
1786,-4548,-990,1053,153,-144,-4064
-984,-6868,14090,-2316,-1276,-399,-4032
4004,1630,-1380,2705,1468,350,-4032
-2348,-7370,5930,-538,-642,-271,-4064
-282,6516,17938,-1010,-315,-85,-4064
8,-876,6016,1098,807,35,-4080
-3932,-488,15360,-1943,-946,-506,-4048
2648,-8682,7174,2495,-217,-154,-4048
-1116,6860,14608,-1078,77,-156,-4016
-2736,64,3906,1082,91,-370,-4048
1334,4440,8858,-1370,-396,8,-4080
966,6212,8506,-16,1202,314,-4048
-976,-9582,4112,1099,-876,-407,-4048
3506,8066,14126,-88,533,215,-4064
-58,-8564,4570,2245,737,-259,-4016
-3604,388,17232,-2603,-927,-565,-4064
-996,3788,8156,2028,561,-21,-4064
-410,-6836,13312,-1464,-733,-242,-4064
-1004,8430,13886,-336,556,153,-4032
1630,-76,-4350,2426,741,-76,-4032
1666,-1584,5818,-2621,-286,-138,-4064
-3526,1658,16232,493,117,-120,-4048
716,-12482,8722,-1034,-855,-525,-4048
3396,5170,1228,2499,821,48,-4048
-1266,-606,7294,-1924,-391,-445,-4080
-2122,3592,11892,1169,-415,-142,-4016
4002,-742,5152,-259,649,369,-4048
-3178,326,13414,-2582,-360,-325,-4048
5028,3900,-3284,2701,929,134,-4032
1536,-4320,2912,-2047,395,-229,-4032
-3242,9688,13230,-226,152,-458,-4032
1402,-3210,-834,778,59,-140,-4064
-2792,500,20396,-2224,-1212,-333,-4064
3080,3406,1402,2829,1468,338,-4064
-1404,-6348,2568,-624,-708,-246,-4064
60,4832,16902,-985,-327,-100,-4064
2124,-4438,388,1248,851,71,-4032
-3278,-1530,13328,-2203,-933,-551,-4048
3018,-5214,5292,2900,104,-100,-4016
-924,5246,13418,-1821,-94,-224,-4048
-2880,1154,5864,1414,53,-352,-4048
2394,4038,6840,-1760,-245,106,-4048
-62,7790,8616,-818,1096,201,-4048
1618,-4402,-2608,1744,-445,-328,-4048
2796,6040,9058,-2276,293,86,-4048
-988,-6698,5178,3220,934,-268,-4048
-2672,-3542,15676,-3130,-1190,-547,-4080
-2134,4960,13296,1390,439,-65,-4016
1492,-8608,7246,-506,-331,-134,-4064
-1868,7484,16822,-1919,-171,-32,-4048
1390,3058,-2168,2234,650,-112,-4064
2432,-3550,1736,-2833,-387,-121,-4032
-1308,600,9984,589,193,-106,-4064
-538,-9672,7228,-1186,-947,-539,-4064
2482,8260,3014,2588,927,88,-4064
-1862,-2634,4292,-1980,-426,-435,-4064
-2660,1874,7642,1100,-462,-155,-4064
4658,-1226,2692,-135,699,353,-4064
-4666,-7232,16726,-2422,-393,-338,-4064
4560,5956,4982,2504,840,12,-4048
2378,3408,6662,-3252,302,-178,-4048
-2100,8950,7460,1327,639,-390,-4080
1276,-7160,1148,-876,-525,-290,-4048
-2218,-3542,18990,-1355,-871,-277,-4048
5410,-2928,-4142,2974,1382,286,-4080
-3434,-5784,11908,-1754,-1038,-260,-4016
-730,7182,17174,561,128,-22,-4048
2482,-4714,186,105,529,1,-4032
-4184,360,17378,-1302,-785,-413,-4032
1664,-10416,8582,1694,-529,-273,-4032
-646,8538,12866,122,392,-40,-4064
-2048,-2694,3288,208,-118,-398,-4032
182,5164,10988,-722,-545,-60,-4064
2392,4148,6170,906,1260,413,-4096
-2764,-12606,8894,-88,-1227,-503,-4064
4136,7334,9352,1125,782,256,-4032
422,-9390,3120,993,604,-274,-4032
-3988,3438,18132,-2368,-730,-576,-4064
-488,2406,5218,2317,588,-23,-4064
-1734,-5408,16986,-2141,-1161,-335,-4064
224,8472,10808,826,950,268,-4064
934,-2128,-3964,1237,200,-179,-4032
1520,638,8480,-2605,-572,-126,-4064
588,-1478,5150,1107,723,17,-4064
-1774,-4760,8022,-2154,-903,-635,-4064
4130,3110,176,3148,496,47,-4048
-1326,-450,9344,-2735,-420,-373,-4048
-2332,184,1922,1827,32,-298,-4080
4238,450,1304,-1788,44,153,-4048
-2614,3898,12774,-2080,693,-38,-4048
-1016,-10768,3624,2138,79,-235,-4064
2604,8990,15702,-3701,140,-57,-4016
-1924,3030,5630,3080,1007,-273,-4048
152,-8186,6614,-2740,-1123,-461,-4048
-1058,4204,7930,630,101,-85,-4064
5218,-7788,-3298,963,398,31,-4032
-3150,346,17458,-2313,-490,-76,-4032
-324,6794,8236,2259,700,-59,-4064
1904,-804,5986,-2039,-56,-67,-4032
-3580,1096,15610,49,-236,-201,-4032
484,-12980,9478,-140,-922,-485,-4064
326,10300,9752,1925,777,78,-4032
-1214,-1502,6748,-1388,-382,-456,-4048
-2226,3872,12972,723,-581,-147,-4048
4018,-606,5152,487,939,407,-4048
-5422,-14574,17418,-2252,-768,-418,-4048
4904,4100,-2590,2666,962,130,-4048
1356,-4112,2794,-2389,360,-284,-4048
-2882,9080,12778,52,230,-433,-4080
466,-7706,5100,-115,-269,-199,-4032
-2788,596,19554,-2079,-1246,-361,-4016
3582,3250,716,2999,1555,411,-4048
-1820,-6336,3270,-1030,-793,-241,-4048
-702,7254,11020,-82,-51,-66,-4064
2172,-4842,470,1115,851,77,-4048
-3426,-1446,13826,-2025,-966,-515,-4080
3108,-5182,5046,2313,-312,-161,-4032
94,9978,10324,-684,178,-131,-4064
-2608,-2084,1050,790,40,-410,-4032
2322,4450,7016,-1343,-452,-8,-4064
416,7780,7836,686,1331,396,-4064
-5176,-15588,17396,627,-1118,-472,-4064
2580,9540,18596,5,543,224,-4032
-736,-7856,4658,2067,699,-287,-4032
-3014,-2542,16636,-2893,-1009,-575,-4064
994,-2130,-316,2289,662,11,-4064
1066,-8188,9176,-1673,-872,-251,-4032
-1576,8272,16092,423,856,264,-4048
1404,2032,-3340,1490,278,-190,-4080
288,4736,16068,-2880,-598,-142,-4048
-930,400,9014,1080,638,2,-4080
-716,-8160,7134,-2111,-950,-601,-4048
3456,7938,510,3293,737,57,-4048
-1138,4550,13850,-2822,-534,-422,-4048
-2720,2478,6124,1765,-58,-260,-4016
5022,-1974,36,-1317,294,215,-4048
-424,8424,10014,-2235,584,-67,-4064
2112,-4470,-3582,2562,378,-201,-4064
2508,4790,8796,-3749,98,-96,-4032
-2014,8450,7436,2939,986,-272,-4032
-2282,-4104,14170,-2516,-1072,-440,-4064
-2052,5008,13874,-50,-83,-110,-4064
5810,-4382,-5436,1887,844,138,-4064
-3668,-5050,14188,-2705,-829,-240,-4064
1526,3460,-1564,2406,702,-19,-4048
2210,-4200,1444,-1933,-46,-39,-4048
-4216,874,17838,-111,-345,-231,-4048
1568,-12628,9524,-98,-826,-487,-4080
2962,9048,2016,1906,866,27,-4048
-1868,-2680,3612,-1136,-341,-471,-4048
-996,4068,13148,181,-692,-80,-4064
2838,1920,7424,729,1007,399,-4016
-4534,-6292,15940,-2169,-885,-431,-4048
4830,6470,3334,2467,934,121,-4048
1102,-7854,2304,-2026,433,-261,-4080
-3880,6148,16128,-374,113,-448,-4016
1182,-7066,1168,769,21,-152,-4048
-1966,-3432,19170,-2121,-1208,-325,-4016
748,7100,7898,2766,1479,318,-4016
-3412,-5828,11950,-912,-830,-254,-4032
-850,7674,16834,-1036,-291,-88,-4048
1264,-2782,2710,1182,808,34,-4064
-2112,-3372,9708,-1984,-975,-517,-4032
1632,-11574,9698,2533,-202,-149,-4096
-778,9436,13222,-1098,117,-192,-4032
-2594,-1160,1084,1171,43,-355,-4032
3436,2280,3870,-1693,-478,22,-4064
2428,3810,6910,276,1362,339,-4032
-3266,-14446,10140,1118,-956,-427,-4064
2560,10364,19086,-338,487,201,-4016
-1486,-2174,5064,2388,788,-216,-4048
-4192,4544,18254,-3074,-1056,-559,-4080
-58,2362,3816,2177,724,19,-4048
3690,-8820,410,-1538,-721,-240,-4016
370,8822,9736,-69,682,197,-4064
908,-3214,-4244,1992,531,-117,-4048
1206,1298,10044,-3065,-571,-152,-4048
-2420,1270,13260,950,495,-31,-4048
-1776,-4138,8538,-2058,-987,-600,-4064
4038,2510,566,3164,862,71,-4064
-1244,-28,9594,-2508,-505,-440,-4064
-2898,2850,11986,1457,-242,-256,-4032
4192,1398,1288,-876,457,278,-4064
-2146,3868,11214,-2791,147,-187,-4064
4640,2910,-5144,2442,674,-114,-4000
1994,-1240,2686,-3788,233,-128,-4032
-1876,1500,5614,2199,870,-307,-4064
-670,-7214,8254,-1826,-801,-382,-4064
-2504,2172,18924,-782,-491,-216,-4032
4190,1106,-1490,2533,1127,168,-4064
-3036,622,17370,-2438,-1009,-246,-4064
52,7314,7076,1454,451,-11,-4032
2402,-5272,-500,-483,393,12,-4032
-3870,-366,15914,-885,-681,-392,-4064
504,-12982,8988,1361,-684,-333,-4032
262,9682,9350,1075,580,25,-4048
-2404,-2596,1916,-258,-216,-406,-4048
1712,4782,8526,-12,-622,-74,-4080
3984,-1044,5494,922,1121,457,-4048
-5566,-14392,18258,-885,-1182,-479,-4080
3188,8742,15860,2104,927,280,-4048
1426,-3850,3204,-1025,434,-297,-4032
-3074,9708,12712,-1471,-320,-532,-4048
1144,-3318,-804,1816,408,-81,-4080
228,-7254,11358,-2365,-1344,-374,-4064
3102,3088,1460,2220,1307,325,-4032
-1318,-6332,2898,150,-326,-203,-4032
-38,4810,17016,-1772,-442,-126,-4064
-694,116,8190,1403,937,79,-4096
-3254,-1480,13306,-2332,-967,-577,-4032
2932,-4718,5118,2989,210,-31,-4064
-710,5308,12608,-2097,-202,-280,-4064
-2552,1256,5652,1657,-144,-259,-4048
4620,-1460,1998,-1443,200,217,-4048
-4382,-3594,16482,-2184,531,-72,-4048
1640,-4624,-3134,2359,462,-164,-4048
2562,5444,9754,-3832,142,-87,-4048
-2044,8348,6882,2814,974,-272,-4080
-2522,-3818,15110,-2752,-1113,-447,-4032
-2054,4952,13926,240,-51,-111,-4064
5586,-5088,-4860,1626,630,62,-4032
-3292,-4126,14102,-2469,-706,-161,-4032
1322,3338,-1780,2006,646,-40,-4000
2444,-3648,1322,-1524,96,-69,-4064
-4284,668,17424,-319,-392,-282,-4064
1260,-12110,9598,774,-780,-397,-4048
2522,8724,2820,1476,695,23,-4032
-1698,-2476,3810,-773,-339,-460,-4032
-658,4050,12202,294,-619,-115,-4064
2646,2140,7100,741,1065,446,-4032
-4844,-6932,16292,-1460,-1037,-426,-4064
4770,6228,4202,2257,933,164,-4064
754,-7788,3138,-1179,452,-254,-4064
-3622,5618,16332,-969,-104,-492,-4064
1424,-7098,738,1320,217,-94,-4032
-2468,-3240,18956,-2293,-1354,-386,-4032
1460,7036,6924,2741,1481,355,-4048
-20,-4094,-2074,-536,-616,-257,-4048
-962,7250,16688,-1034,-294,-127,-4048
1362,-3022,2944,1345,902,73,-4016
-2188,-3624,9886,-2195,-968,-565,-4048
3568,396,2308,2677,-18,-127,-4048
-560,8470,12630,-1390,-60,-199,-4016
-2702,-1424,2536,1038,-46,-395,-4048
3516,3146,4202,-1543,-242,75,-4048
2408,2982,6352,-11,1330,298,-4064
-3344,-12760,10628,872,-876,-421,-4064
3006,10196,16586,-852,530,225,-4064
-1542,-2260,4636,2227,706,-287,-4064
-3784,4668,17150,-2950,-1092,-529,-4032
-14,1278,3580,1959,611,-15,-4064
3472,-8410,2072,-1181,-655,-239,-4032
-2560,3984,17586,-659,411,127,-4064
442,-2974,-3150,1891,577,-148,-4064
1204,1292,10344,-2797,-562,-160,-4048
-2354,1188,13216,889,480,-42,-4016
-26,-10910,8356,-1737,-958,-588,-4016
3750,888,1608,3016,735,68,-4048
-992,1366,10796,-2461,-456,-412,-4048
-2784,2868,10256,1722,-193,-188,-4016
3524,1582,3528,-1370,248,241,-4064
-1754,6134,10706,-2674,239,-190,-4048
4442,1564,-7036,2554,737,-99,-4048
2130,526,3254,-4010,156,-155,-4080
-2318,10786,9478,2245,816,-322,-4016
-788,-7020,9598,-1828,-811,-363,-4048
-2522,3414,18120,-776,-459,-214,-4048
4942,-758,-3322,2524,1152,189,-4048
-2888,3006,17676,-2605,-874,-220,-4032
404,5778,4262,1662,391,-15,-4016
2336,-4866,258,-638,338,6,-4048
-4102,-54,16510,-482,-547,-326,-4032
64,-11588,9146,444,-862,-410,-4064
1594,10532,5336,1563,832,63,-4064
-2230,-3690,1276,-670,-312,-455,-4000
446,5120,12000,-26,-639,-88,-4064
4702,-2404,2750,1201,1179,458,-4032
-5530,-12052,18730,-1692,-1214,-512,-4032
3490,8084,12258,2435,903,215,-4032
424,-9454,3362,-963,475,-265,-4096
-2374,10440,10224,-678,8,-477,-4016
1456,-5540,-572,1211,178,-148,-4016
-1142,-5936,15944,-2407,-1336,-388,-4048
-388,9192,11762,2776,1533,389,-4080
-2794,-7516,7714,-402,-636,-288,-4048
-504,7036,18576,-1271,-373,-82,-4048
366,-1390,4926,1402,904,45,-4016
-4052,-56,16258,-2173,-1005,-540,-4000
2510,-9180,7292,2949,52,-84,-4048
-1046,7600,14162,-1753,-92,-221,-4048
-2588,36,2966,1280,116,-346,-4064
1110,4944,10162,-1863,-420,20,-4064
1360,6764,7404,147,1331,318,-4032
-1200,-10858,3620,1224,-894,-388,-4032
2642,9352,15752,-1114,386,163,-4032
166,-9884,3270,2859,823,-264,-4032
-3798,834,18266,-3181,-1172,-564,-4032
-954,4108,7732,1978,621,-21,-4032
5100,-7744,-3468,-1364,-671,-221,-4048
-942,9238,13914,-682,398,103,-4048
1590,-440,-4754,2309,647,-87,-4000
1814,-1156,5688,-3035,-484,-162,-4032
-3352,1194,15932,693,295,-68,-4064
-1076,-6186,6764,-1530,-906,-586,-4064
4038,5654,-434,2993,975,113,-4064
-1686,-2188,7818,-2545,-562,-507,-4064
-2304,4364,14060,1344,-318,-207,-4032
4692,-928,-82,-699,556,285,-4048
-3374,1018,14478,-3218,-93,-274,-4080
5482,5502,-4422,2820,903,-27,-4048
1728,-5156,704,-4051,158,-199,-4048
-2034,5650,6284,1997,810,-336,-4080
456,-8690,4270,-1359,-675,-315,-4048
-2924,0,20952,-1209,-699,-215,-4016
5714,-6674,-5344,2776,1200,226,-4064
-3656,-2478,16578,-2405,-1092,-282,-4048
-428,7886,11866,1646,453,-10,-4064
2198,-4884,212,-579,356,-11,-4032
-4026,1172,17022,-773,-656,-354,-4032
1002,-13562,9670,1205,-694,-322,-4096
-524,10484,11936,639,573,-23,-4032
-2312,-2012,102,85,-112,-455,-4064
-1654,4024,13706,-591,-719,-71,-4064
3470,1300,6060,1079,1245,451,-4064
-4698,-15436,14428,-639,-1210,-488,-4000
2806,9628,18210,1903,865,216,-4048
1318,-6462,2146,-357,555,-268,-4048
-3454,7642,14796,-1557,-303,-519,-4048
496,-780,976,1794,379,-54,-4048
1868,-8628,6738,-2328,-1283,-322,-4048
1788,6142,4798,1749,1225,300,-4016
-284,-5754,-852,620,-207,-232,-4048
558,3566,14930,-2142,-552,-126,-4048
1684,-3700,1302,1505,972,123,-4032
-2734,-2550,11330,-2411,-1008,-542,-4064
3424,-1934,3592,2989,225,-63,-4032
-794,3178,11352,-2001,-199,-281,-4032
-2608,-1160,1388,1369,-35,-355,-4032
3424,3672,4152,-1705,-116,105,-4032
-586,7454,8452,-1481,987,96,-4048
2714,-1446,-4802,1907,-137,-279,-4080
2592,9874,19270,-2469,312,63,-4000
-1456,-4522,5282,3163,937,-253,-4064
-2090,-4992,13664,-3089,-1223,-510,-4032
-1936,4246,15498,1139,363,-21,-4032
2864,-8462,3220,273,99,-52,-4032
-2310,5172,17364,-2055,-355,-78,-4032
1088,4870,548,2254,765,-66,-4064
2438,-4480,220,-2390,-204,-141,-4096
-2190,1158,12156,182,-40,-177,-4064
1634,-11044,9168,578,-830,-384,-4048
1728,9558,4702,1407,688,53,-4080
-2084,-3186,2778,-582,-300,-445,-4080
222,4488,11678,9,-630,-93,-4080
4746,-1560,2880,923,1134,441,-4064
-5458,-10940,18360,-1383,-1140,-486,-4048
3900,7692,10350,2195,894,236,-4080
434,-8950,3356,-1232,463,-284,-4032
-2644,10076,10102,-882,-130,-512,-4032
1678,-5864,-234,1324,212,-122,-4032
-1706,-5292,16630,-2377,-1324,-362,-4064
276,8750,10058,2482,1428,355,-4064
-2872,-6770,8956,-260,-528,-223,-4064
-734,7180,17784,-1397,-355,-94,-4032
702,-1812,4184,1382,941,46,-4032
-1572,-5122,8388,-2348,-1012,-576,-4032
2290,-9030,7452,2765,-4,-90,-4016
-842,6842,13320,-1294,-78,-193,-4048
-2822,-576,4190,951,-27,-396,-4048
3964,2038,2884,-1223,-165,74,-4048
1434,5014,7522,-591,1158,237,-4048
-1846,-9946,6498,1296,-693,-399,-4048
3084,9274,13928,-1232,507,149,-4080
56,-8632,4946,2126,691,-312,-4032
-3782,1736,17518,-2824,-1098,-554,-4048
-688,2828,6712,1689,510,-24,-4016
4550,-7360,-1104,-786,-456,-152,-4048
-2914,1150,17010,-1096,195,96,-4080
1092,-872,-3894,2080,646,-117,-4048
1708,-724,7192,-2826,-414,-151,-4048
-3228,1472,15368,574,244,-119,-4080
290,-11522,8452,-1153,-843,-543,-4048
3224,3562,1906,2439,676,50,-4016
-998,1104,8192,-1986,-336,-385,-4048
-2062,2914,9908,1413,-363,-224,-4048
3942,1196,4100,-943,378,291,-4064
-2630,2028,11856,-2270,182,-171,-4032
4746,2422,-4412,2364,696,-55,-4064
1548,-2442,3928,-3653,238,-164,-4032
-1712,2746,4688,1980,762,-363,-4064
-16,-7384,6968,-1686,-776,-350,-4064
-2694,1894,19488,-788,-528,-207,-4032
4138,1536,-880,2619,1160,178,-4032
-3144,202,17370,-2165,-910,-211,-4064
-418,6294,8844,1228,310,-79,-4032
2308,-4808,464,-639,336,4,-4048
-3680,-994,14698,-756,-638,-335,-4048
430,-12072,9684,813,-775,-369,-4048
714,10320,8072,1114,692,4,-4048
-2316,-2556,646,-429,-214,-486,-4048
1668,4842,8514,-132,-586,-97,-4048
4154,-1072,5092,987,1148,437,-4048
-5440,-14600,17876,-1024,-1209,-466,-4016
3128,8604,16204,1940,850,229,-4080
1640,-3660,2064,-930,480,-276,-4064
-2934,9492,12398,-1189,-235,-485,-4032
1198,-3360,-412,1516,312,-64,-4032
126,-7650,12024,-2382,-1325,-368,-4064
3674,3100,476,2384,1443,346,-4032
-2078,-7098,3818,15,-448,-267,-4064
-70,5490,17408,-1581,-478,-101,-4032
-344,-68,7596,1426,876,62,-4064
-3444,-1130,14294,-2265,-962,-574,-4032
3100,-6166,5720,2899,153,-48,-4064
-1044,6150,13090,-1756,-119,-263,-4064
-2768,538,4872,1291,27,-340,-4064
1902,4766,7644,-1655,-134,110,-4064
728,6580,7848,-624,1101,214,-4032
194,-7152,1572,1467,-605,-383,-4032
2740,7914,11798,-1761,377,95,-4032
-612,-8218,4792,2805,837,-304,-4032
-3186,-946,16952,-2984,-1120,-522,-4048
-1364,4256,9928,1672,550,0,-4048
5548,-6284,-4384,-765,-311,-138,-4080
-1428,8068,15110,-1276,105,30,-4048
1536,1614,-3548,2125,620,-143,-4016
2000,-2602,3536,-2785,-435,-96,-4048
-778,452,8436,751,315,-74,-4032
-736,-8032,6820,-1243,-901,-514,-4048
3264,7310,1018,2776,887,64,-4048
-1750,-2808,5758,-2419,-533,-429,-4064
-2728,1824,5648,1445,-297,-163,-4064
4882,-1882,1070,-501,608,289,-4032
-4310,-3422,16482,-2990,-226,-298,-4064
5134,6404,44,2850,938,-16,-4064
2632,5460,9530,-3812,183,-232,-4064
-2008,8146,7052,1672,712,-342,-4064
1130,-8246,1896,-1044,-556,-271,-4064
-2738,-1812,20492,-1394,-802,-302,-4064
5744,-4918,-5308,2851,1254,225,-4048
-3528,-4306,14168,-2402,-1014,-237,-4048
-952,7510,15136,1273,258,-37,-4048
1828,-3710,1718,994,816,29,-4080
-2818,-2042,11040,-1854,-902,-486,-4080
1204,-12822,9946,2283,-398,-195,-4032
-816,10446,13230,-869,242,-140,-4032
-2320,-1714,-134,1167,81,-385,-4064
3286,2500,4518,-1661,-571,-9,-4064
2942,2564,6538,659,1371,358,-4032
-3890,-15406,11786,892,-1078,-463,-4032
2506,9928,19858,-1046,409,184,-4048
-1304,-3586,5274,3230,1041,-255,-4048
-1868,-5714,12474,-2998,-1139,-492,-4048
-2410,4502,16436,581,123,-75,-4048
5686,-2742,-4894,1033,524,58,-4048
-2604,4878,18184,-2521,-631,-151,-4048
992,5370,952,2373,721,-42,-4048
2590,-4962,-110,-2111,-58,-118,-4048
-2458,1330,12486,267,-88,-185,-4064
-62,-11634,7872,-534,-872,-514,-4064
1722,9834,5346,939,569,6,-4064
-2156,-3674,2598,-91,-200,-438,-4032
40,4570,12240,-356,-681,-78,-4032
2124,4526,7276,1287,1232,498,-4064
-5482,-10864,18808,-1045,-1318,-507,-4032
4028,7850,9672,2294,957,225,-4016
520,-9284,2748,-788,522,-272,-4048
-3938,3610,17696,-1360,-281,-500,-4080
1448,-6072,-444,1706,329,-135,-4048
-1268,-5580,16688,-2103,-1116,-270,-4064
-240,8894,11298,11,639,180,-4080
1544,-1958,-5056,1466,244,-185,-4032
1524,232,8420,-2784,-592,-148,-4064
564,-1282,4882,1237,734,-4,-4032
-1698,-5126,7668,-2145,-945,-581,-4032
3988,3250,650,3288,648,78,-4032
-1266,-744,9640,-2706,-508,-389,-4064
-2348,254,2246,1806,-88,-232,-4032
4254,18,1294,-1447,209,187,-4064
-2796,3762,13108,-2522,521,-114,-4064
5138,3872,-6436,2423,353,-178,-4048
2584,9110,16246,-3839,121,-85,-4048
-1896,3066,5876,3125,1013,-264,-4048
-104,-8224,6734,-2702,-1131,-464,-4048
-2782,1694,20154,144,-85,-115,-4048
5234,-7658,-3684,1623,725,67,-4080
-3230,6,17184,-2655,-772,-159,-4080
-142,7186,8424,2141,703,-32,-4048
1828,-994,5760,-2019,-16,-84,-4032
-3486,1122,15910,-251,-384,-238,-4048
418,-13090,9684,219,-895,-409,-4048
276,10712,9374,1698,783,46,-4048
-1554,-1986,7338,-1126,-409,-466,-4064
-2188,3808,13712,164,-681,-99,-4048
4102,-646,4946,1151,1160,441,-4048
-5550,-15248,17406,-2156,-997,-459,-4032
4896,4476,-2814,2643,956,145,-4064
1486,-4560,2258,-1782,468,-265,-4064
-3096,9122,13310,-518,11,-502,-4064
992,-2726,-6,991,77,-137,-4064
-2764,104,20158,-2232,-1316,-340,-4064
3232,3666,1466,2792,1520,369,-4064
-1620,-6740,2780,-557,-669,-261,-4064
-104,5208,17184,-1048,-291,-80,-4064
2118,-4978,-70,1220,864,83,-4048
-3478,-1506,14072,-2157,-1032,-531,-4048
3098,-4312,5322,2621,-109,-111,-4016
-688,4754,11730,-1056,46,-201,-4048
-2638,-1462,2066,771,-90,-413,-4048
2650,4750,5582,-1235,-256,48,-4016
486,6912,6938,-141,1254,335,-4048
-5072,-14780,16960,736,-1036,-473,-4064
2914,9084,17202,-662,545,157,-4048
-852,-7288,5142,1824,662,-285,-4064
-2958,-2046,16318,-2628,-956,-568,-4064
-1428,4202,11274,1252,392,-60,-4032
5370,-5356,-4320,145,21,-83,-4064
-1634,7406,15988,-1858,-200,-46,-4064
1548,2520,-2682,2250,748,-90,-4064
2130,-3154,2542,-2703,-346,-153,-4048
-3876,734,17188,365,75,-126,-4048
-376,-8356,6536,-1018,-846,-532,-4048
3102,7270,1290,2542,809,79,-4048
-1790,-2060,5616,-2065,-462,-411,-4016
-1302,4020,12898,377,-558,-116,-4016
3342,862,5876,819,1069,421,-4048
-4776,-15574,14980,-1860,-1045,-421,-4048
5030,5982,664,2437,929,169,-4048
1340,-7178,2012,-1393,460,-259,-4048
-3786,7482,15784,-846,-78,-495,-4048
1170,-7738,1868,903,83,-148,-4032
-2770,-1846,20172,-2246,-1278,-333,-4032
2062,6074,4974,2939,1538,372,-4064
-634,-5714,-480,825,-18,-205,-4064
588,3884,14456,-2412,-556,-151,-4032
-1304,842,9970,1298,796,36,-4064
-2664,-2204,11338,-2334,-986,-598,-4064
3660,-2328,2854,3077,345,-53,-4016
-1086,3504,11926,-2189,-266,-331,-4080
-2826,1622,8088,1481,-2,-311,-4048
3090,3552,4494,-1613,-25,135,-4048
-678,6680,8944,-1425,936,47,-4048
2494,-2228,-3330,1833,-190,-319,-4016
3002,9852,17542,-2343,335,105,-4064
-1250,-4052,4868,2910,907,-313,-4080
-1984,-4442,13308,-2992,-1164,-509,-4032
-2138,4102,14888,1223,385,-64,-4064
2614,-8430,4254,145,61,-44,-4064
-2300,5260,17374,-1851,-226,-27,-4064
1070,4792,438,2243,658,-47,-4032
2388,-4700,592,-2458,-266,-119,-4064
-2072,1316,12132,258,-44,-170,-4064
-42,-10852,7360,-525,-822,-520,-4032
1816,8748,4762,2220,775,17,-4064
-2130,-2280,3646,-1784,-370,-423,-4048
-2758,1760,8932,1139,-486,-184,-4048
4370,-1816,3984,-254,664,331,-4048
-5284,-9340,18272,-2404,-405,-348,-4048
4616,6842,7048,2574,932,62,-4080
2236,2014,5336,-3158,299,-229,-4048
-2074,10188,8142,903,553,-382,-4048
1572,-6560,-472,-421,-341,-221,-4048
-2330,3574,17250,-1377,-857,-244,-4064
4808,-1722,-3314,3117,1413,333,-4048
-2992,-6262,9758,-1520,-946,-274,-4048
-772,6458,17914,125,-40,-78,-4048
826,-1804,4660,729,693,69,-4048
-3958,-244,16468,-1615,-812,-499,-4048
1996,-10092,8554,2150,-403,-208,-4080
-980,8734,14138,-555,267,-121,-4048
-2404,-3596,2052,632,-32,-409,-4064
584,4614,11598,-1172,-598,-60,-4096
1626,5660,7490,867,1338,408,-4032
-1684,-11570,5166,335,-1195,-454,-4064
3458,8648,12930,319,631,250,-4064
264,-9074,3000,1711,716,-265,-4032
-3702,1646,17498,-2804,-898,-543,-4064
-1030,3840,7088,2250,636,-15,-4032
-970,-6704,14764,-2121,-1097,-315,-4048
-424,9288,12544,653,948,296,-4016
1376,-1356,-4692,1334,170,-223,-4048
1772,-338,6886,-2702,-582,-151,-4016
120,-1082,5994,1203,709,5,-4048
-1354,-5920,7696,-2217,-969,-599,-4048
3836,4766,622,3239,701,30,-4080
-1064,6636,14400,-2444,-411,-393,-4032
-2780,196,4376,1570,-184,-265,-4016
4388,262,1780,-1487,132,172,-4096
-2892,694,12770,-1938,686,-20,-4032
-368,-7950,2230,1965,191,-196,-4064
2904,8302,12254,-3268,230,-15,-4032
-1846,4004,5458,2751,903,-297,-4032
0,-7364,6056,-2610,-1066,-447,-4032
-1372,3978,9156,224,-63,-99,-4032
5464,-6520,-3662,1430,666,104,-4032
-3310,-1636,16244,-2406,-718,-180,-4064
-348,7262,10524,2133,687,-80,-4048
1992,-1842,4092,-1885,-62,-56,-4048
-3792,1120,16558,-134,-257,-255,-4048
756,-12724,9722,-62,-807,-448,-4080
-82,10000,10412,2010,790,63,-4080
-1462,-1908,6726,-914,-334,-463,-4064
-1808,4566,12778,372,-583,-92,-4032
3998,-200,4808,814,989,424,-4048
-5454,-15398,17426,-2149,-1029,-436,-4048
5196,4512,-1608,2943,1049,194,-4048
1296,-6422,2464,-2116,380,-257,-4048
-3568,8954,15160,-340,111,-464,-4048
834,-8462,3206,552,-78,-171,-4032
-2906,-674,21072,-2397,-1355,-346,-4016
2524,5196,3254,2974,1495,358,-4048
-746,-6214,382,-724,-691,-288,-4080
-756,7294,13786,-415,-188,-83,-4064
1866,-3960,1184,1024,882,38,-4032
-3196,-1766,11868,-1881,-909,-513,-4032
3498,-4302,3702,2506,-274,-165,-4032
-464,10948,11946,-1357,45,-154,-4064
-2212,-1924,-978,1451,139,-385,-4032
3002,2888,5566,-1951,-526,34,-4032
-780,8728,9998,241,1399,354,-4064
-4480,-16124,13216,834,-1033,-417,-4048
2472,10220,20404,-602,461,201,-4048
-1064,-5120,5262,2589,816,-238,-4048
-2224,-5018,13932,-3130,-1100,-583,-4048
220,306,1930,2240,641,9,-4048
2436,-9052,4884,-32,-81,-102,-4064
-2196,6486,17768,-2234,-377,-75,-4048
1272,4124,-1202,2396,757,-81,-4032
2536,-4218,706,-2785,-295,-118,-4032
-1920,1178,11158,435,63,-149,-4032
-206,-10650,7438,-951,-945,-546,-4064
2208,9272,3818,2423,842,62,-4032
-1786,-3106,3128,-1634,-405,-435,-4064
-2798,2438,9072,862,-540,-159,-4064
2136,2798,8114,883,1060,450,-4048
-5038,-8134,16548,-1845,-976,-448,-4048
4592,6794,5462,2402,909,169,-4048
966,-8244,2828,-1507,463,-270,-4048
-3814,5136,16630,-701,-11,-469,-4048
1192,-6922,798,1514,247,-116,-4032
-2030,-4166,18834,-2317,-1344,-339,-4032
858,7638,8448,2694,1507,366,-4048
424,-4002,-3222,-370,-621,-234,-4048
-848,7514,17268,-1314,-337,-114,-4048
1054,-2526,3166,1427,956,67,-4048
-1940,-3954,9172,-2273,-978,-563,-4048
1844,-10782,9264,2599,-147,-143,-4064
-680,8774,12994,-1562,-57,-232,-4048
-2512,-920,1642,1237,67,-382,-4016
3554,2234,3614,-1565,-392,29,-4064
2198,3938,6872,46,1300,320,-4032
-3192,-13904,9658,1137,-878,-428,-4032
2744,10140,18202,-1094,416,159,-4064
-1532,-1798,5086,2681,825,-255,-4032
-3998,4280,17574,-3162,-1156,-560,-4032
16,2170,3970,1957,628,-3,-4032
3618,-8826,854,-993,-516,-182,-4064
-2878,3712,18354,-1038,256,120,-4064
740,-3546,-3952,2045,526,-147,-4080
1350,1444,10220,-3025,-533,-154,-4080
-2650,1454,13446,851,488,-35,-4016
88,-11030,8274,-1813,-928,-563,-4016
3962,1052,1112,3139,834,57,-4048
-1232,652,11100,-2490,-574,-442,-4048
-2864,2852,11484,1543,-244,-205,-4048
3964,1702,1946,-1127,399,223,-4064
-1850,5640,10964,-2880,161,-187,-4048
4060,1696,-5618,2490,690,-79,-4048
2254,338,2934,-3796,152,-128,-4064
-1810,-148,5850,2416,858,-286,-4064
-894,-6668,9614,-2097,-917,-386,-4064
-2174,2812,17846,-513,-286,-164,-4064
4496,-100,-2732,2246,1041,171,-4064
-3226,2178,17892,-2661,-920,-241,-4064
632,6748,4504,1855,521,-8,-4064
2410,-5430,-362,-112,487,10,-4064
-4222,-132,16898,-1152,-814,-377,-4064
2344,-9564,8144,1543,-606,-285,-4032
1016,9538,6752,532,487,-27,-4064
-2190,-2692,2204,106,-113,-407,-4064
688,4208,10302,-377,-565,-46,-4032
1554,5158,8128,866,1099,434,-4048
-5260,-12214,17780,-821,-1158,-444,-4048
3580,7402,11884,1883,787,224,-4080
320,-8818,4124,-318,506,-305,-4048
-3798,2230,17444,-1402,-345,-552,-4080
1580,-5148,-126,1693,383,-80,-4048
-1028,-5906,15256,-2171,-1173,-312,-4048
-656,8510,12140,1635,1158,281,-4080
1490,-1134,-4506,1633,322,-160,-4064
1580,-460,7196,-2819,-590,-149,-4032
222,-770,5876,1074,606,-2,-4064
-1016,-5532,7082,-2013,-880,-569,-4032
3616,3836,922,3000,667,38,-4064
-1284,62,8620,-2369,-402,-398,-4032
-2726,-274,3508,1560,-129,-279,-4080
4248,714,2412,-1487,151,171,-4048
-2644,2462,12060,-2140,655,-71,-4048
4960,3614,-5186,2144,262,-202,-4016
2802,8972,14406,-3620,230,-45,-4048
-1798,3216,5324,2966,1006,-267,-4016
-196,-7688,6510,-2655,-1098,-436,-4048
-1112,4172,8510,471,111,-84,-4032
5118,-7236,-3578,1641,745,89,-4048
-3150,-338,16746,-2579,-766,-184,-4048
-452,7022,9264,2163,652,-46,-4064
1870,-1332,5204,-1826,2,-88,-4032
-3568,908,16022,-108,-297,-230,-4064
634,-12900,9844,50,-842,-470,-4032
-52,9934,10152,1881,801,73,-4032
-1628,-1186,6456,-1059,-360,-433,-4064
-1896,3390,12530,512,-617,-144,-4064
3740,-530,6128,677,954,422,-4064
-5286,-14900,17182,-1771,-957,-432,-4064
5084,4748,-2312,2447,939,163,-4032
1362,-4926,2684,-1562,433,-236,-4032
-3324,8804,13962,-587,42,-450,-4064
934,-2324,52,1052,108,-150,-4032
-2774,-492,20336,-2276,-1309,-398,-4032
2858,4292,2542,2681,1441,353,-4032
-1198,-6384,1702,-354,-588,-260,-4032
268,4632,16420,-756,-283,-73,-4080
1924,-4530,750,1260,883,46,-4048
-3002,-1640,12944,-2165,-949,-564,-4048
3114,-3702,4486,2720,-46,-107,-4048
-612,4826,11646,-1343,20,-193,-4048
-2574,-1866,1738,1074,-15,-395,-4048
2874,4374,5710,-1566,-290,44,-4016
-68,7152,7524,-221,1237,250,-4048
-4816,-14888,15750,941,-955,-397,-4032
2800,9778,18246,-657,576,206,-4064
-1160,-5982,4574,2375,762,-284,-4032
-2556,-3632,14920,-2994,-1101,-584,-4064
528,-710,1080,2004,589,-6,-4032
1984,-8418,5964,-1142,-608,-205,-4064
-1894,6266,17028,-2136,-494,-109,-4064
1228,4002,-898,2168,726,-85,-4048
2398,-3866,846,-2359,-180,-97,-4048
-4120,362,17408,112,-64,-148,-4048
-466,-9816,7386,-561,-835,-519,-4048
2502,9004,2550,2362,874,55,-4048
-1974,-3462,3868,-1757,-494,-470,-4048
-2528,2786,7874,1116,-456,-137,-4064
4904,-2756,1560,389,918,425,-4048
-5252,-8240,18652,-1643,-1289,-531,-4032
4752,7524,5656,2331,1038,232,-4064
760,-9302,1626,-826,496,-275,-4064
-3924,5040,17754,-1496,-323,-498,-4032
1746,-7118,-836,1864,407,-60,-4064
-2234,-4386,18764,-2542,-1445,-383,-4064
806,8232,8906,2350,1405,400,-4032
582,-3642,-3326,81,-352,-233,-4032
-884,7070,17632,-1702,-455,-90,-4064
-2542,1038,12730,1141,670,24,-4064
-2170,-3834,9088,-2161,-1009,-597,-4064
4128,1878,666,3210,756,85,-4064
-1054,532,9842,-2689,-523,-431,-4064
-2786,3216,10968,1624,-108,-269,-4048
4102,1492,1876,-1354,278,192,-4080
-1986,4614,11358,-2267,496,-72,-4048
4246,1824,-5104,2301,446,-153,-4048
1790,-258,3690,-3571,196,-101,-4080
-1884,522,5576,2532,884,-317,-4048
-514,-6920,8938,-2300,-961,-441,-4016
-2878,2750,18252,-67,-244,-155,-4048
4640,-8106,-714,1374,593,82,-4064
-2960,1904,17690,-2279,-618,-129,-4032
190,6418,5450,1997,654,-64,-4064
2406,-5260,-288,-1638,65,-39,-4032
-3096,1400,14596,-274,-397,-242,-4032
282,-12184,8516,265,-802,-403,-4032
820,9764,7672,1631,694,30,-4064
-2290,-2412,1874,-940,-300,-468,-4064
-2512,3122,11190,477,-531,-108,-4096
4250,-2176,4694,489,900,430,-4016
-5658,-13292,19558,-2141,-881,-461,-4048
3320,8114,13808,2700,985,157,-4048
1722,-1490,3110,-2363,387,-278,-4080
-2526,10454,10642,-130,188,-439,-4048
1522,-4996,-904,634,-32,-155,-4048
-2474,1942,19358,-1972,-1135,-334,-4064
4180,1028,-1404,3037,1531,373,-4080
-2566,-6956,6284,-917,-764,-289,-4016
-428,5960,18128,-154,-103,-25,-4032
2304,-4946,76,949,759,77,-4064
-3760,-752,15098,-1760,-937,-507,-4064
2656,-8350,7160,2266,-372,-206,-4032
-934,7772,14364,-777,214,-138,-4032
-2496,-3526,740,1114,59,-399,-4064
1210,4388,10344,-1681,-587,-16,-4064
930,7674,7790,318,1385,355,-4048
-308,-9618,1016,1074,-852,-425,-4080
2938,9688,16770,-502,486,177,-4064
-8,-9018,3392,2409,828,-260,-4064
-3460,-364,17204,-3156,-1097,-594,-4032
-1184,4644,9024,2238,687,0,-4032
-10,-7686,12342,-1529,-797,-240,-4032
-1042,9408,14314,-518,554,168,-4064
1496,-212,-4810,2077,502,-159,-4064
1884,-1420,5410,-3105,-574,-117,-4064
-316,-404,6866,1014,502,-11,-4064
-1020,-6632,7316,-2142,-1002,-621,-4048
3990,6014,58,3369,813,51,-4048
-1576,-2148,7106,-2665,-563,-460,-4016
-2710,1124,4678,1677,-121,-236,-4080
4602,-768,610,-1239,339,231,-4048
-3214,264,13614,-2607,396,-158,-4048
392,-7668,336,2352,352,-208,-4064
2836,7656,11950,-3807,154,-118,-4048
-1856,5296,6062,2535,925,-306,-4048
140,-7838,4806,-2460,-1054,-390,-4064
-1648,4768,10408,-84,-106,-144,-4064
5736,-6160,-4932,1759,885,112,-4032
-3554,-2498,16080,-2586,-827,-168,-4032
-646,8112,11884,2016,649,-13,-4064
2124,-2758,3474,-1367,78,-31,-4032
-3978,1214,17220,-437,-508,-292,-4032
1000,-13058,9576,511,-779,-425,-4064
-184,10188,10984,1555,741,45,-4032
-1658,-2486,5884,-1053,-338,-488,-4048
-1824,4358,13432,395,-584,-96,-4048
3556,-244,5498,956,1006,388,-4048
-5164,-16408,16932,-2250,-1131,-475,-4080
5374,5922,-1826,2775,1059,196,-4080
1536,-6784,1106,-1890,396,-215,-4048
-3792,8868,15418,-632,52,-446,-4016
930,-1234,26,1206,169,-106,-4048
-2848,-1280,20968,-2411,-1326,-383,-4080
2262,5540,4406,2873,1490,355,-4016
-684,-5858,-48,-441,-635,-260,-4048
480,3902,15170,-1169,-379,-94,-4048
1744,-4044,1552,1284,890,63,-4048
-2804,-2046,11594,-2194,-938,-572,-4080
3632,-2552,2872,2973,56,-112,-4048
-674,10200,13164,-1629,-17,-183,-4064
-2366,-1202,-74,1440,133,-415,-4064
3308,2728,4008,-1831,-431,34,-4064
-988,7990,10126,-298,1196,257,-4032
-3814,-15590,11716,1645,-710,-367,-4064
2544,9856,19960,-1715,325,155,-4064
-1340,-3568,5552,3037,935,-212,-4032
-1780,-5624,12548,-3185,-1159,-567,-4064
18,1396,2952,1636,521,-18,-4064
3082,-8828,2558,-487,-330,-167,-4032
-2338,4920,17860,-1093,222,101,-4048
902,5168,1120,2261,688,-91,-4048
2700,-4856,-88,-2148,-46,-66,-4016
-2176,1158,12242,262,-77,-164,-4032
78,-11606,7820,-104,-870,-470,-4048
1566,9732,5502,1845,814,40,-4048
-2116,-2860,2378,-1354,-320,-459,-4064
-2766,2422,10354,668,-598,-160,-4064
4552,-1216,3662,441,922,406,-4064
-5122,-11204,17288,-2172,-750,-392,-4096
3870,7086,10158,1756,783,199,-4064
350,-8790,3986,-105,553,-288,-4032
-3860,2856,17446,-1264,-248,-516,-4048
1448,-5646,-250,1615,294,-95,-4080
-1434,-5674,16402,-2226,-1304,-374,-4048
-246,8342,11558,1920,1227,322,-4080
1444,-1512,-4548,425,-279,-229,-4048
-498,6522,18148,-1984,-495,-80,-4080
280,-1202,5040,1423,893,60,-4048
-1226,-5668,7608,-2354,-961,-564,-4032
3618,3756,1350,2956,407,-42,-4064
-590,7214,12964,-2171,-283,-334,-4032
-2868,-172,3802,1454,-101,-296,-4064
4198,732,2652,-1563,21,138,-4064
-2588,2020,12338,-1670,883,17,-4032
-1068,-9418,3590,1780,-162,-308,-4048
3004,8968,13866,-2884,280,30,-4048
-1886,2984,4984,3126,950,-256,-4080
-80,-7766,6832,-3077,-1244,-498,-4048
-968,3682,8222,916,299,-46,-4048
4888,-7524,-2842,747,229,-25,-4080
-3044,-530,17122,-2183,-453,-88,-4080
1754,208,-4596,2283,742,-48,-4032
1806,-1362,5126,-2112,-86,-79,-4016
-3688,1100,16236,188,-79,-172,-4064
674,-12486,9582,-662,-855,-504,-4064
3636,5928,834,2281,823,53,-4064
-1506,-960,6712,-1595,-446,-419,-4064
-1856,3562,12188,822,-540,-155,-4032
3916,460,5320,275,875,418,-4064
-3468,-1796,14084,-2256,-674,-431,-4064
4814,4604,-964,2504,908,101,-4032
1404,-5060,2498,-2448,440,-229,-4032
-3248,8470,13672,163,310,-415,-4096
752,-7418,4130,196,-149,-195,-4064
-2726,-450,19796,-1732,-1049,-317,-4080
2992,4250,2428,3023,1439,304,-4048
-1438,-6478,2306,-1490,-897,-245,-4048
-650,7456,12070,163,10,-61,-4048
2018,-4466,640,699,759,51,-4048
-3364,-1682,13240,-1746,-955,-498,-4080
958,-12114,9282,1937,-427,-226,-4064
-154,8706,11356,-394,182,-96,-4048
-2720,-1948,2566,499,-82,-405,-4016
2624,4540,5790,-853,-345,11,-4048
3308,934,6210,285,1187,372,-4032
-4772,-13768,15698,194,-1058,-457,-4032
3178,9504,16140,201,668,241,-4048
-988,-6150,4534,1366,596,-284,-4048
-3298,7484,14570,-2199,-725,-522,-4032
654,-1854,892,2027,537,-18,-4016
1388,-7912,8224,-1993,-1067,-298,-4064
-1684,6960,15878,677,950,272,-4032
-1002,-5250,552,1238,233,-196,-4064
466,3758,15048,-2682,-564,-181,-4064
-1200,822,10156,1155,655,-11,-4096
-398,-8580,6732,-2013,-929,-586,-4032
3188,-3494,4628,2926,503,30,-4064
-806,4728,12196,-2306,-321,-333,-4064
-2748,896,6420,1649,-128,-270,-4064
4548,-1838,3052,-1719,47,147,-4048
-30,7646,7794,-1695,861,10,-4048
2086,-3342,-4168,2000,123,-223,-4048
2556,5490,7930,-3412,179,-26,-4016
-1826,8578,6442,2978,930,-310,-4016
-2244,-4118,14742,-2800,-1131,-461,-4048
-2090,4710,13924,487,76,-108,-4048
5702,-4486,-5108,1165,555,35,-4080
-3506,-4294,13840,-2348,-573,-113,-4016
1058,3228,-1146,2085,608,-87,-4048
2334,-3520,1370,-1706,-14,-70,-4048
-4094,202,17144,-147,-329,-246,-4048
-556,-9174,7580,-422,-932,-463,-4032
2974,8562,1650,2417,941,118,-4032
-2026,-3350,4176,-1595,-456,-477,-4032
-1012,4858,13770,793,-536,-131,-4032
4788,-2526,1486,645,940,448,-4064
-4944,-7086,17750,-2447,-883,-424,-4064
4498,6602,4822,2804,1021,165,-4064
986,-8614,2442,-2340,382,-244,-4064
-1924,9456,7486,-52,180,-434,-4032
1298,-7480,762,140,-175,-209,-4048
-2270,-3322,19466,-1959,-1186,-326,-4048
1312,7522,7206,3236,1568,347,-4048
-3624,-5750,12772,-1069,-850,-299,-4064
-822,7720,16654,-959,-299,-95,-4048
1360,-3274,2730,1253,879,54,-4048
-2302,-3110,10068,-2229,-982,-573,-4048
1810,-11606,8670,2691,-144,-120,-4096
-846,9184,13682,-1327,13,-161,-4032
-2588,-676,1434,1211,106,-353,-4032
3608,2360,3042,-1681,-432,11,-4064
2348,3478,7264,152,1324,306,-4032
-3108,-13842,10062,1080,-923,-376,-4064
2680,10172,18192,-943,431,157,-4032
-1464,-2022,5048,2530,785,-270,-4032
-3842,4438,17634,-3068,-1096,-546,-4064
-288,1860,3922,1939,611,-21,-4032
3956,-8506,588,-1451,-699,-224,-4048
-2878,3458,18090,-530,483,169,-4048
836,-3014,-3910,1982,502,-113,-4048
1458,1146,9758,-2997,-545,-165,-4048
-2584,1404,13536,862,449,-43,-4048
72,-11754,8342,-1790,-916,-557,-4048
3822,2242,900,3056,889,88,-4048
-1064,460,9910,-2629,-490,-470,-4048
-2724,4008,11122,1529,-217,-221,-4048
4022,772,2380,-1140,363,241,-4064
-2366,5506,12048,-2843,184,-174,-4032
4856,2790,-7046,2704,740,-78,-4064
2170,-1206,2484,-4095,126,-149,-4032
-1706,1062,5592,2508,945,-270,-4064
-586,-7830,8116,-1930,-888,-391,-4064
-2704,2656,19502,-792,-464,-189,-4064
4370,876,-2090,2629,1143,198,-4032
-3190,1240,17876,-2614,-1006,-236,-4064
-70,6764,6778,1632,413,-49,-4032
2502,-5160,-200,-611,361,-4,-4032
-3888,-426,15830,-700,-625,-395,-4032
424,-12848,9632,629,-820,-349,-4048
572,11246,8064,1382,792,47,-4048
-2446,-3530,290,-271,-269,-482,-4048
1340,3952,10512,-651,-768,-89,-4064
4532,-1276,3562,1441,1343,478,-4032
-5482,-15122,17454,-866,-1336,-480,-4064
3002,9278,16656,1623,829,279,-4064
-112,-8592,3554,-293,599,-273,-4048
-3182,10008,13282,-1665,-370,-492,-4048
1032,-3210,-332,1945,399,-46,-4048
390,-8010,11528,-2505,-1353,-354,-4016
-1498,8752,15492,1924,1317,335,-4016
-1582,-7354,2806,582,-250,-254,-4048
-52,5678,17704,-2141,-524,-88,-4048
-724,196,7608,1516,913,24,-4048
-3646,-1138,14344,-2459,-1011,-564,-4064
3080,-5478,5350,3102,262,-68,-4032
-758,5218,13026,-2133,-231,-287,-4064
-2812,1390,5656,1476,36,-372,-4064
2506,4188,6840,-1814,-142,97,-4032
88,7754,8516,-1051,1078,169,-4064
1090,-5174,-1486,1832,-377,-284,-4064
2838,6986,9914,-2493,296,59,-4032
-926,-7436,5322,3178,940,-271,-4032
-3088,-2906,16514,-3105,-1248,-515,-4080
-1606,4684,12542,1413,438,-7,-4048
5686,-5048,-5178,-100,-85,-92,-4080
-1810,7146,16818,-1821,-190,-54,-4048
1698,3446,-2762,2319,775,-91,-4048
2200,-3574,1466,-2695,-296,-143,-4048
-1360,1014,9910,465,172,-80,-4032
-458,-9148,6684,-958,-884,-532,-4048
2996,8406,1446,2582,916,52,-4048
-1916,-3328,4732,-1962,-498,-486,-4048
-2444,2684,6674,1239,-361,-135,-4032
4802,-2322,938,-78,750,357,-4032
-4996,-6464,17878,-3063,-496,-347,-4064
4858,7114,3570,2927,1070,74,-4032
2566,3702,6934,-3523,257,-248,-4032
-2292,9972,7968,990,573,-396,-4032
1594,-7764,242,-401,-373,-215,-4032
-2606,-3428,19762,-1782,-1035,-313,-4032
5578,-3564,-4854,3258,1430,305,-4064
-3422,-5834,12402,-1778,-1000,-274,-4064
-950,7578,17090,468,73,-52,-4064
1386,-3206,2684,562,713,40,-4032
-4334,386,17484,-1536,-869,-461,-4064
1506,-11750,9236,2141,-442,-244,-4032
-892,8720,13950,-522,239,-114,-4064
-2408,-574,1600,780,15,-407,-4064
-74,4084,12088,-825,-572,-17,-4048
2016,3822,8052,779,1259,431,-4048
-3176,-13464,10188,245,-1148,-444,-4048
2798,9460,17746,807,662,237,-4048
708,-8628,3502,1186,625,-236,-4048
-3796,3880,17122,-2298,-742,-538,-4048
-362,1634,4492,2170,539,-58,-4016
3592,-8040,1626,-1927,-1122,-295,-4048
598,7694,9424,664,885,256,-4016
572,-2856,-3130,1381,240,-208,-4048
1290,902,10598,-2860,-608,-166,-4048
908,-2174,3628,1469,846,13,-4064
-1640,-4712,8550,-2367,-990,-640,-4064
3516,2536,1962,2866,494,8,-4064
-784,1770,8270,-2072,-259,-335,-4064
-2876,-828,3708,1224,-210,-262,-4064
3626,2854,3484,-1500,171,173,-4064
-1438,4508,8772,-1729,872,7,-4032
4164,1432,-5640,1673,58,-257,-4064
3226,10062,15638,-3210,287,-31,-4032
-1804,-262,4794,2820,906,-273,-4064
-892,-6240,9968,-2811,-1159,-475,-4032
-2310,2896,17746,867,243,-88,-4080
4060,-8102,-130,707,304,-32,-4048
-2724,2452,17414,-2097,-405,-100,-4048
266,6110,5066,2092,680,-68,-4016
2306,-4938,-212,-2023,-90,-111,-4048
-2846,1390,14254,-99,-228,-208,-4048
162,-11508,8606,-300,-829,-461,-4048
1348,9676,6064,2065,816,52,-4080
-2362,-2852,1952,-1487,-404,-436,-4048
-2484,3146,10784,762,-520,-115,-4048
4458,-1424,3730,413,940,396,-4048
-5546,-12776,18454,-2269,-815,-427,-4048
3468,8164,13182,2617,959,129,-4048
1836,-1586,2998,-2291,377,-243,-4048
-2646,10378,10736,-123,161,-449,-4016
1608,-4850,-1026,487,-26,-166,-4048
-2780,2364,18818,-1954,-1094,-345,-4064
4368,990,-1842,3087,1509,326,-4032
-2502,-7024,6628,-1354,-877,-284,-4032
-472,6384,17954,-62,-82,-72,-4064
2470,-5182,-28,902,750,49,-4064
-3994,-674,15702,-1680,-902,-502,-4064
2474,-8736,7408,2279,-385,-185,-4064
-1046,7336,14394,-590,223,-86,-4032
-2332,-2880,1184,873,20,-378,-4064
1216,4510,9724,-1150,-457,-3,-4064
960,5558,8742,669,1213,380,-4080
-1180,-9574,4802,463,-1125,-438,-4048
3320,7786,14220,561,642,255,-4048
-118,-8766,4640,1467,588,-269,-4016
-3490,284,17502,-2391,-835,-541,-4048
-1290,3690,8418,2182,597,-20,-4048
-490,-6918,13598,-1771,-976,-256,-4080
-914,8220,14006,357,811,223,-4048
1354,220,-3860,1581,272,-185,-4016
-228,5546,17950,-2689,-604,-178,-4064
-178,-290,7144,1054,600,-12,-4048
-698,-6486,6580,-2239,-944,-582,-4032
3424,5802,362,2970,626,42,-4064
-1322,-1030,6722,-2230,-424,-452,-4032
-2010,3730,12054,1222,-335,-198,-4032
4440,-80,1740,-551,625,328,-4000
-3182,480,13366,-2786,-194,-304,-4064
5354,4676,-3820,2560,832,-23,-4048
1480,-4658,2184,-3606,203,-233,-4032
-1784,5326,5716,1454,681,-353,-4032
550,-8122,4322,-962,-526,-279,-4032
-2808,360,20364,-1413,-791,-284,-4064
3208,3642,1714,2917,1530,351,-4064
-1548,-6352,2676,-604,-641,-251,-4064
276,4820,16500,-524,-242,-83,-4048
2172,-4452,924,1084,824,64,-4048
-3244,-1460,13322,-1901,-919,-529,-4048
3212,-5104,4594,2689,-178,-158,-4048
-1006,4976,13912,-1376,41,-157,-4016
-2522,-2350,80,1369,120,-382,-4080
2620,3578,6660,-1788,-452,60,-4048
-240,8416,9330,138,1254,286,-4048
-4758,-16482,15612,1120,-1037,-425,-4032
2332,9202,20376,-521,468,233,-4064
-1136,-6602,5532,2616,789,-254,-4064
-2524,-3912,15134,-3113,-1075,-565,-4032
532,-726,1030,2166,633,-2,-4064
1820,-8792,6770,-1277,-694,-191,-4064
-1958,7332,17182,-729,412,111,-4064
1292,3202,-2124,2070,495,-134,-4032
730,4024,14720,-3044,-508,-145,-4032
-1406,746,9832,861,446,-72,-4032
-386,-9776,7256,-2098,-961,-595,-4016
2610,8682,2758,3041,891,81,-4048
-850,3554,11048,-2611,-496,-453,-4048
-2742,2516,7810,1409,-252,-250,-4048
4732,-1738,1900,-925,406,252,-4016
-4710,-7074,16910,-2672,179,-192,-4048
2994,-1578,-4752,2393,696,-49,-4080
2448,3742,6326,-3744,254,-132,-4016
-2030,9232,7298,2160,844,-301,-4048
-2034,-4728,12944,-2200,-938,-396,-4064
-2130,4076,15362,-735,-548,-210,-4016
5488,-3032,-4530,2247,983,170,-4064
-3412,-6092,12048,-2446,-923,-217,-4032
1172,4970,394,1717,508,-21,-4032
2464,-4630,78,-838,318,-43,-4064
-4370,352,17546,-983,-720,-371,-4048
1622,-11378,9230,1289,-653,-305,-4048
1880,9822,4238,1044,617,1,-4032
-1994,-3322,2844,-306,-222,-432,-4032
-120,5072,12278,-293,-654,-108,-4032
2352,4426,6422,1323,1235,453,-4064
-5576,-10670,19462,-1209,-1356,-458,-4064
4198,7630,9202,2203,944,256,-4032
692,-9956,2396,-338,553,-284,-4032
-4158,3858,18324,-1706,-395,-544,-4032
1572,-6502,-1210,2030,438,-77,-4064
-1790,-5246,17582,-2541,-1405,-378,-4080
86,8820,10778,2412,1380,367,-4016
1172,-2752,-4338,120,-393,-258,-4048
-642,6918,18356,-1661,-458,-133,-4048
692,-1836,4736,1392,944,59,-4048
-1980,-4380,8170,-2298,-970,-555,-4048
2072,-10326,8606,2929,27,-114,-4064
-964,8186,15102,-2342,-283,-319,-4080
-2358,620,1668,1721,176,-308,-4016
4450,752,470,-1902,-309,91,-4032
1022,6370,9160,-706,1132,192,-4032
-1430,-11484,4698,1900,-458,-307,-4032
2756,8872,16112,-2265,224,82,-4032
-1876,2374,6060,3205,938,-283,-4032
-3602,852,17444,-3172,-1161,-559,-4064
-1092,4132,7576,1333,430,-3,-4032
5146,-7748,-3124,-116,-87,-74,-4064
-3248,438,17532,-1881,-160,-11,-4032
1370,-710,-4954,2352,710,-112,-4048
1884,-714,6494,-3071,-445,-134,-4048
-3496,1570,15606,683,262,-89,-4048
562,-13076,8714,-1331,-965,-541,-4048
3662,5484,878,2615,850,75,-4080
-1172,-1174,6862,-1866,-436,-457,-4016
-2368,2846,12638,1040,-489,-184,-4080
3902,-754,5874,166,812,359,-4064
-2862,812,12056,-2526,-459,-379,-4064
4740,3972,-3228,2560,875,62,-4064
1556,-3264,2634,-2928,385,-231,-4032
-2766,9446,11932,647,474,-418,-4096
104,-7368,6210,-331,-352,-236,-4032
-2486,714,19412,-1706,-1019,-306,-4064
3424,3022,348,3003,1444,374,-4032
-1698,-6706,3482,-1789,-963,-262,-4048
-390,7432,10376,470,119,-45,-4016
2118,-4826,58,526,665,76,-4048
-3550,-1540,14192,-1527,-887,-434,-4048
2916,-5966,6384,1901,-504,-255,-4048
310,9598,9372,15,361,-78,-4080
-2442,-2216,1300,336,-81,-432,-4048
2004,4600,7538,-804,-493,-45,-4048
3752,-800,5474,1060,1272,433,-4032
-5352,-15458,18048,102,-1241,-480,-4048
2868,8954,17750,936,678,241,-4080
-546,-8368,4856,643,562,-303,-4032
-3236,9318,13298,-2134,-647,-521,-4032
1354,-2626,-458,2153,584,-16,-4032
360,-8052,10432,-2131,-1179,-319,-4064
-1442,8368,15612,1139,1087,306,-4032
-1402,-6944,2432,1049,38,-221,-4032
168,5136,16654,-2466,-533,-135,-4064
-748,382,8272,1221,734,47,-4032
-720,-7352,6766,-2250,-990,-581,-4064
3282,-5578,4848,3085,527,-5,-4064
-1136,5326,13680,-2445,-374,-414,-4032
-2630,1326,5566,1512,41,-312,-4048
4610,-646,1042,-1606,24,129,-4016
154,7742,8834,-1596,895,70,-4048
