AcX,AcY,AcZ,GyX,GyY,GyZ,Tmp
-3954,1214,18248,-2224,-630,-539,-4064
-830,3936,7010,2213,626,2,-4064
-904,-6744,14688,-1699,-931,-260,-4064
-918,8668,13946,-131,565,184,-4064
1822,-74,-4764,1828,474,-154,-4064
1672,-1250,5856,-3001,-559,-198,-4064
-80,-304,6380,1139,692,6,-4048
-1198,-6606,6794,-2141,-956,-597,-4048
3738,5584,392,3081,700,25,-4080
-1506,-1610,7328,-2619,-484,-439,-4080
-2528,796,4238,1651,-133,-226,-4048
4544,-928,1600,-1125,303,215,-4048
-3712,-802,15360,-2531,354,-130,-4048
518,-7094,-942,2363,415,-149,-4032
2994,7348,11156,-3822,207,-57,-4064
-1884,6088,5738,2781,972,-292,-4064
692,-8164,4108,-2471,-1079,-425,-4064
-1552,4764,11028,-39,-182,-125,-4064
5504,-6390,-4314,1942,787,92,-4064
-3388,-2702,16306,-2431,-907,-200,-4080
-732,7672,12546,1778,547,-31,-4080
2052,-4642,518,-848,285,3,-4080
-4118,1120,17284,-746,-595,-300,-4016
1092,-12650,9080,986,-744,-357,-4080
-364,9512,11436,767,549,-11,-4048
-1560,-1610,4676,-574,-223,-456,-4064
-1254,3680,12010,-115,-569,-106,-4080
3176,1594,6690,724,1075,448,-4032
-4706,-14272,14796,-1092,-1028,-448,-4064
3094,9374,17058,519,645,222,-4096
-1086,-5494,5124,1203,605,-260,-4032
-3404,7014,14938,-2298,-773,-531,-4064
554,-1302,1378,2020,478,-55,-4080
1646,-8204,7492,-2041,-1132,-336,-4016
-1946,6288,16606,868,991,262,-4048
1456,3474,-1852,1754,456,-172,-4048
506,3718,14866,-3042,-505,-135,-4064
-1506,1506,10118,879,500,-52,-4032
-70,-9290,5982,-1626,-901,-560,-4032
2334,7600,2972,2561,659,18,-4064
-610,4246,10728,-2045,-336,-382,-4064
-2626,738,6708,1318,-323,-244,-4032
4350,-812,3852,-1052,445,258,-4032
-4620,-5566,15906,-2258,426,-122,-4048
2034,-2196,-3388,1951,469,-173,-4048
2750,5504,7068,-3660,279,-140,-4048
-1682,8648,5824,2380,891,-327,-4048
1258,-7384,1358,-2174,-958,-394,-4048
-1996,4138,14174,-274,-303,-140,-4048
5338,-4388,-4478,2124,936,149,-4080
-3300,-4692,13538,-2317,-833,-176,-4048
1218,4004,-784,1766,562,-46,-4032
2384,-4042,742,-1094,184,-21,-4064
-4138,312,17306,-546,-519,-283,-4064
1348,-11450,9830,544,-816,-396,-4064
2506,8594,2766,1510,707,28,-4064
-2078,-3094,4192,-740,-333,-455,-4032
-588,4354,12960,189,-545,-94,-4064
2604,2554,6786,935,1106,431,-4064
-5024,-8042,17572,-1529,-1169,-464,-4064
4504,7268,5828,2215,949,201,-4032
890,-8628,2204,-1465,411,-265,-4048
-3782,4956,17148,-855,-81,-471,-4048
1618,-6950,-204,1308,218,-90,-4016
-2432,-4104,18774,-2376,-1354,-353,-4048
936,7714,8540,2763,1484,387,-4080
-3396,-6066,11196,-768,-743,-277,-4064
-952,7344,17254,-1196,-373,-119,-4048
1240,-2562,3208,1275,888,78,-4048
-2156,-3306,9108,-2109,-977,-542,-4032
1740,-11018,8962,2646,-100,-130,-4064
-932,8932,13830,-1325,34,-216,-4064
-2538,-1072,1756,1222,77,-403,-4064
3620,2416,3434,-1543,-338,72,-4064
2000,3516,7360,-108,1239,273,-4064
-2630,-12772,8984,1441,-618,-347,-4048
2798,9558,16936,-1153,458,149,-4064
-1656,-948,5016,2519,788,-278,-4064
-3722,3600,17350,-3013,-1096,-514,-4064
-496,2366,4884,1797,558,-12,-4032
4164,-8006,80,-841,-392,-149,-4032
-3020,2498,17874,-1164,183,21,-4032
886,-2350,-3960,2171,630,-137,-4032
1560,540,8776,-2924,-444,-114,-4064
-2756,1446,14092,78,-198,-242,-4048
62,-12090,8526,-313,-861,-520,-4048
1142,9902,6690,2239,857,55,-4016
-1168,356,9210,-1782,-431,-454,-4064
-2588,3658,11012,779,-474,-171,-4048
4524,-2254,3440,606,897,380,-4048
-5684,-12968,19496,-2437,-925,-430,-4080
4992,2372,-6052,2983,1028,115,-4032
1774,-2008,3498,-2893,277,-229,-4064
-2974,10672,11730,474,370,-429,-4032
1640,-5054,-1112,202,-154,-177,-4064
-2630,2200,19782,-2039,-1171,-338,-4032
4126,1360,-1204,3243,1531,381,-4064
-2470,-7048,5944,-1356,-909,-271,-4032
-230,6266,17890,-139,-108,-57,-4064
2334,-4966,80,883,807,41,-4064
-3690,-664,14966,-1580,-806,-466,-4048
2660,-8448,6560,2077,-434,-226,-4048
-1266,6878,15228,-639,284,-102,-4048
-2416,-3024,-516,935,39,-435,-4048
1622,4520,9218,-1583,-609,-30,-4016
674,7916,8424,825,1412,384,-4048
-5480,-15552,17868,291,-1250,-452,-4032
2868,8958,17894,-11,553,287,-4080
-318,-8766,4486,1704,728,-276,-4064
-3422,-1468,17204,-2741,-866,-562,-4064
1144,-2758,-728,2362,642,27,-4064
400,-8062,11222,-1610,-823,-225,-4048
-1356,8816,15702,-341,587,165,-4048
1712,1108,-4394,1957,429,-164,-4048
200,5392,17254,-2925,-588,-181,-4064
-692,-48,7924,1197,662,-18,-4032
-900,-8036,7164,-2249,-990,-603,-4064
3410,7394,930,3224,799,70,-4064
-964,5258,13052,-2723,-493,-462,-4064
-2626,1924,5846,1595,-140,-243,-4064
4786,-1264,794,-1271,302,223,-4064
-3992,-2920,15336,-2559,339,-141,-4064
1658,-4944,-2528,2387,572,-110,-4064
2668,6182,9520,-3820,159,-110,-4064
-1998,7192,6404,2813,983,-286,-4048
698,-8234,3246,-2455,-1019,-413,-4048
-1766,4594,12466,-74,-212,-166,-4080
5748,-5086,-5024,1942,874,156,-4048
-3660,-4282,14646,-2482,-935,-204,-4048
-608,7680,14604,1847,612,-42,-4080
2250,-3674,1448,-1123,199,-42,-4048
-4196,932,17618,-596,-509,-315,-4048
1200,-12620,9528,693,-799,-387,-4048
2676,9048,2320,1614,796,30,-4064
-1938,-3510,4038,-750,-358,-480,-4064
-954,4950,13712,48,-645,-109,-4064
2978,2560,5808,1233,1153,466,-4064
-5106,-7196,18342,-1974,-1259,-489,-4064
4870,7428,4374,2597,1067,214,-4064
1022,-9044,1288,-1310,490,-268,-4032
-4056,6174,17462,-1158,-138,-473,-4032
1558,-7712,-164,1221,167,-93,-4048
-2342,-3674,19430,-2527,-1386,-403,-4048
844,7918,7950,2875,1488,353,-4048
604,-4486,-3296,-505,-641,-266,-4080
-974,7398,17434,-1074,-315,-106,-4048
1284,-2658,3162,1365,927,53,-4048
-2422,-3294,9574,-2194,-974,-573,-4080
4072,846,1100,2958,-17,-77,-4048
-1054,8984,14826,-1857,-162,-277,-4048
-2322,-436,1196,1573,125,-330,-4048
3986,2064,1928,-1779,-316,38,-4048
-1756,6318,10992,-560,1160,220,-4080
-2708,-13562,8500,1739,-554,-355,-4080
2664,9446,18128,-1948,298,115,-4048
-1710,-524,5870,3063,892,-257,-4048
-3864,2990,17720,-3095,-1171,-542,-4032
-588,2704,5404,1805,536,-32,-4064
4218,-8352,-354,-800,-481,-192,-4032
-2868,2552,17856,-1272,162,34,-4064
1056,-2318,-4528,2245,699,-119,-4064
1464,670,9070,-3081,-402,-129,-4032
-2920,1620,14128,715,304,-90,-4064
306,-12260,7946,-1378,-960,-552,-4064
3696,3394,1410,2641,824,69,-4032
-1046,176,8540,-1896,-460,-450,-4064
-2496,2354,11412,1291,-371,-204,-4048
4198,-1122,4946,-553,614,334,-4048
-2190,2908,10850,-2539,7,-224,-4048
4310,2260,-3988,2378,670,-35,-4048
1760,-976,3854,-3408,305,-123,-4048
-2450,9752,10114,1703,705,-369,-4048
-494,-6766,8588,-1481,-698,-342,-4048
-2462,2026,18406,-900,-616,-243,-4048
4230,882,-1722,2580,1193,195,-4048
-3042,930,17266,-2204,-890,-219,-4032
-556,5870,18070,-204,-75,-74,-4064
2312,-4998,-280,958,771,35,-4064
-3842,-792,15616,-1861,-953,-503,-4096
2542,-7490,7210,2300,-277,-182,-4064
-718,6856,12964,-693,166,-139,-4032
-2408,-2126,1864,461,-55,-432,-4048
1616,4750,8356,-964,-406,-22,-4048
1118,6232,7412,478,1268,354,-4048
-956,-8904,3446,505,-1124,-439,-4048
3110,8670,13368,-1897,343,98,-4048
-2050,3412,5578,3012,849,-276,-4064
-3588,-14,17650,-3059,-1229,-529,-4032
-942,3912,8388,1452,505,-17,-4048
5046,-7044,-3188,-265,-140,-122,-4016
-3188,-424,16780,-2514,-746,-174,-4048
-412,7176,9154,2021,615,-38,-4048
1802,-1162,5458,-1837,-27,-60,-4064
-3570,972,15942,-319,-453,-261,-4048
674,-12576,9728,-53,-883,-438,-4032
294,9880,9158,2022,832,51,-4032
-1466,-826,7198,-1247,-396,-461,-4064
-2132,3388,12162,539,-583,-107,-4032
3908,38,5014,514,985,360,-4064
-5216,-13946,16414,-1995,-817,-435,-4032
3394,9106,15180,1371,761,238,-4064
-406,-7682,4230,-257,501,-275,-4080
-3090,8954,13032,-1466,-394,-496,-4048
1236,-3074,-100,1719,344,-76,-4048
174,-7652,11382,-2286,-1229,-342,-4080
-1494,8254,15002,1741,1274,316,-4048
-1628,-6932,2630,539,-200,-234,-4048
74,5428,17026,-2203,-527,-149,-4048
-622,214,7786,1560,816,62,-4048
-3278,-1540,14068,-2332,-1016,-542,-4032
2892,-5602,6104,3004,176,-24,-4064
-860,5250,12834,-1596,-138,-286,-4064
-2880,80,6152,1171,-43,-333,-4032
2124,4656,6630,-1415,-77,115,-4032
670,6562,7490,-951,1088,179,-4064
428,-6046,706,1523,-519,-345,-4064
2916,7674,10414,-1977,373,93,-4064
-880,-7714,5202,2812,811,-287,-4032
-3208,-1650,16872,-2926,-1148,-550,-4048
-1300,4228,10686,1578,519,-41,-4080
5412,-5528,-4522,-539,-198,-137,-4048
-1620,7644,15760,-1477,21,19,-4048
1700,2052,-2944,2177,694,-110,-4048
2098,-2598,2748,-2711,-386,-102,-4048
-3736,668,16672,202,-56,-172,-4064
-474,-7968,6734,-1136,-840,-525,-4080
3138,7262,868,2590,878,68,-4080
-1824,-2336,5660,-2207,-445,-456,-4048
-1476,4450,13046,1295,-366,-179,-4016
4804,-1438,1508,-239,656,321,-4048
-4334,-4060,16232,-2846,-434,-356,-4080
5170,6092,574,2751,1001,36,-4048
2668,5266,8708,-3659,228,-207,-4064
-2010,8366,6904,1532,705,-356,-4064
1108,-7884,1892,-967,-518,-292,-4064
-2766,-1866,20238,-1428,-850,-292,-4032
5700,-4796,-4978,3099,1378,287,-4032
-3578,-4598,14170,-2048,-1030,-292,-4032
-904,7274,15604,842,164,-51,-4064
1562,-3734,2250,230,594,60,-4032
-4222,678,17146,-1282,-785,-415,-4064
1470,-12414,9534,1775,-546,-276,-4064
-870,9726,13382,344,477,-37,-4080
-2494,-1374,770,276,-106,-413,-4080
-714,4400,13074,-687,-604,-53,-4048
2602,2580,7360,973,1228,411,-4080
-3684,-14288,11718,-91,-1239,-454,-4048
4578,6496,5928,1607,807,231,-4032
804,-8252,2654,845,611,-299,-4048
-3856,4898,17000,-2834,-1001,-559,-4096
-358,1404,3720,1969,542,-38,-4064
3514,-8460,2272,-1225,-680,-226,-4032
-2572,4282,17868,-684,386,130,-4032
640,-3634,-2958,2034,518,-131,-4032
1186,1680,11040,-3000,-491,-153,-4032
-2428,1404,12864,837,444,-46,-4032
74,-11462,7756,-1935,-915,-607,-4016
3894,1544,1356,2942,758,76,-4048
-2190,-3502,2948,-1762,-413,-492,-4048
-2492,3144,9408,1019,-461,-145,-4080
4746,-2506,2902,206,832,395,-4048
-5678,-11496,19190,-2566,-726,-395,-4048
3920,7886,10606,2779,1044,130,-4048
1968,82,3932,-2910,327,-255,-4080
-2502,10822,9844,353,376,-424,-4048
1556,-5964,-916,185,-178,-196,-4080
-1342,-5826,16560,-1966,-1199,-334,-4048
-214,8784,11706,2053,1298,350,-4080
-2764,-6664,8066,-88,-432,-257,-4064
-450,6430,18010,-1964,-475,-110,-4048
482,-1160,5040,1274,896,69,-4064
-1624,-5208,7390,-2285,-956,-606,-4064
2360,-9026,7308,3050,181,-65,-4064
-884,7884,14596,-2317,-248,-288,-4064
-2392,554,2538,1868,134,-303,-4064
4542,-974,1316,-2080,-282,67,-4032
944,7626,7786,-943,1119,172,-4064
-196,-9548,780,1966,-183,-303,-4064
2566,8414,14626,-2905,184,41,-4064
-1946,4682,6068,3367,1013,-210,-4064
-3420,-616,17358,-3281,-1239,-534,-4032
-1508,4514,9676,1220,293,-61,-4064
5658,-7590,-3950,-149,-150,-110,-4048
-3532,-1010,17308,-1762,-129,0,-4080
1458,312,-4606,2350,703,-107,-4048
2072,-1724,4938,-2755,-281,-130,-4048
-3740,1202,16382,529,116,-189,-4080
784,-13154,9322,-983,-956,-522,-4048
3612,7160,956,2549,940,55,-4080
-1528,-2618,6054,-1735,-493,-447,-4048
-2134,4002,13962,879,-555,-163,-4048
4748,-874,768,-20,837,351,-4064
-3838,-1862,14620,-2703,-625,-366,-4048
5140,5678,-1198,2594,976,83,-4032
1228,-5582,1768,-3266,301,-189,-4064
-2052,6586,6396,898,521,-366,-4064
900,-7960,3658,-512,-397,-227,-4032
-2752,-936,20254,-2035,-1264,-373,-4096
2700,4824,3010,3024,1541,361,-4032
-1112,-6170,1156,-615,-671,-270,-4048
-824,7804,13162,-553,-170,-70,-4032
1972,-4528,600,1197,847,102,-4064
-3110,-2160,12676,-2092,-996,-509,-4064
3422,-3244,4412,2632,-171,-156,-4064
-296,9670,11694,-1161,83,-177,-4064
-2604,-1962,1442,1111,43,-404,-4064
2774,3536,6088,-1578,-428,18,-4064
-252,7596,8850,224,1331,330,-4032
-4530,-15408,14546,989,-936,-432,-4064
2726,10434,18850,-317,579,191,-4080
-1146,-5944,4366,2100,682,-281,-4080
-2292,-3994,14564,-3004,-1049,-573,-4080
860,-456,724,2228,684,50,-4016
2036,-8774,5726,-1571,-793,-236,-4080
-2140,6662,17556,-321,545,168,-4048
-350,-5400,-1534,1664,408,-175,-4064
676,3298,14184,-2969,-571,-150,-4048
-1610,1102,11082,930,490,-24,-4048
-400,-9356,7160,-2022,-945,-595,-4032
3616,-2382,3124,3189,728,73,-4064
-1132,2920,13200,-2632,-499,-440,-4096
-2804,2470,8362,1658,-121,-224,-4064
5020,-2046,914,126,811,370,-4032
-4902,-7422,17314,-3046,-522,-374,-4064
4620,7010,5000,2696,997,40,-4032
2678,3454,5450,-3248,328,-221,-4064
-2108,9830,7480,1210,621,-380,-4016
1400,-6992,356,-828,-494,-299,-4048
-2178,-3970,19006,-1520,-815,-296,-4048
5506,-2618,-4974,3069,1450,274,-4048
-3460,-6288,11764,-2081,-1038,-314,-4080
-844,8102,16932,-1005,-279,-84,-4016
1318,-2996,2738,1329,869,65,-4048
-2448,-2950,10122,-2166,-1032,-530,-4048
1688,-11952,9500,2597,-200,-141,-4032
-900,9088,13720,-1466,-21,-193,-4048
-2542,-928,1216,1212,87,-378,-4048
3612,3194,2988,-1727,-191,61,-4032
-1076,6850,8930,-746,1179,189,-4032
-3566,-13952,11152,1286,-760,-338,-4048
2440,2668,4850,-3182,249,-7,-4048
-1542,-2906,5368,2899,940,-292,-4048
-1750,-5224,12200,-2754,-1168,-441,-4080
-1894,3342,16040,474,125,-70,-4048
3560,-8178,1724,669,337,-29,-4064
-2782,3670,17668,-2358,-645,-176,-4048
962,5780,2284,2304,748,-42,-4032
2318,-5064,66,-485,350,-12,-4032
-4198,200,17266,-932,-718,-355,-4064
2056,-10262,8660,1172,-657,-343,-4064
1590,9390,5482,825,581,-10,-4064
-2238,-2636,2954,-248,-192,-469,-4064
392,4986,10866,53,-552,-83,-4048
2104,4934,6626,998,1099,422,-4048
-5520,-11458,19238,-1297,-1217,-485,-4048
4046,7608,10124,2266,908,244,-4048
406,-9808,3026,-725,483,-254,-4048
-2552,10836,9330,-918,-92,-497,-4064
1798,-6018,-1042,1782,421,-63,-4048
-1764,-5532,17046,-2433,-1348,-348,-4048
-236,8764,11496,2168,1307,348,-4048
-2782,-6950,8312,-137,-494,-262,-4064
-708,6596,18318,-1472,-439,-106,-4000
490,-1428,4920,1331,900,58,-4064
-1452,-5052,7732,-2298,-946,-546,-4064
2324,-9058,7458,2943,164,-80,-4064
-968,7670,14108,-1989,-134,-288,-4064
-2504,132,3156,1456,53,-354,-4032
4286,1054,1688,-1541,-185,62,-4032
1056,5894,8658,-605,1096,256,-4080
-1122,-9894,4192,1662,-587,-331,-4080
2890,8352,13994,-1825,361,121,-4048
-1822,2896,5578,2984,989,-246,-4032
-74,-7282,6788,-2817,-1081,-496,-4064
-1188,4010,8252,504,101,-106,-4064
5094,-7360,-3124,1133,444,27,-4032
-3166,-462,17148,-2391,-586,-146,-4032
-284,7284,8904,2181,651,-61,-4032
1854,-1516,5722,-1876,-30,-51,-4064
-3666,1366,16176,-81,-269,-216,-4032
808,-12710,8896,-263,-843,-454,-4048
-18,9364,9946,1927,755,40,-4048
-1340,-560,6260,-1302,-310,-408,-4048
-1744,3156,11250,723,-551,-149,-4080
3740,-200,6086,194,839,405,-4080
-5326,-13864,17214,-1868,-692,-401,-4048
4956,4008,-1804,2471,936,127,-4016
1148,-4422,3790,-2187,376,-252,-4048
-3154,8876,13548,11,240,-447,-4048
340,-7524,5008,1,-227,-208,-4064
-2604,-186,19904,-1858,-1116,-324,-4064
2748,4188,2084,2879,1441,314,-4064
-996,-5914,1434,-1107,-817,-264,-4064
-588,7272,12570,-400,-136,-42,-4064
1850,-4078,720,1052,841,77,-4064
-3022,-2124,12506,-1911,-912,-505,-4064
3012,-4278,5162,2384,-261,-148,-4064
-172,9704,10700,-870,138,-162,-4032
-2608,-2546,1198,750,-55,-393,-4048
2712,4120,6838,-1258,-487,-2,-4016
-154,7538,8150,632,1377,371,-4048
-4876,-15376,15698,619,-1135,-445,-4048
2544,10010,19334,-72,560,218,-4048
-1042,-6186,4826,2193,733,-277,-4048
-3752,7668,16098,-2755,-944,-580,-4032
658,-376,838,2289,711,-16,-4048
1934,-8780,5768,-1908,-1039,-278,-4064
-1886,6766,17184,165,745,248,-4032
-242,-5324,-1102,1616,355,-173,-4032
884,3438,13756,-2809,-570,-111,-4064
-1824,868,11044,1008,632,-3,-4032
-418,-9842,7620,-1874,-942,-599,-4048
3760,-1554,2348,3070,766,56,-4064
-916,3060,11620,-2636,-512,-438,-4064
-2442,2534,8194,1609,-177,-226,-4064
4766,-1922,1868,-1152,364,265,-4032
-1076,6876,9954,-2536,294,-183,-4032
3144,-1130,-4872,2394,604,-109,-4064
2374,2770,5702,-3698,208,-139,-4032
-2170,9364,8306,2328,832,-325,-4064
-1406,-5294,11866,-1951,-835,-368,-4064
-2490,3970,15868,-487,-424,-221,-4032
5594,-2874,-4216,1868,793,129,-4048
-3462,-5880,11978,-2386,-794,-170,-4048
934,4898,1054,1914,552,-43,-4048
2358,-4516,274,-1231,183,-42,-4048
-4350,514,17394,-510,-495,-287,-4048
1878,-10710,8318,603,-787,-378,-4048
1684,9246,5336,1273,612,31,-4048
-2002,-2378,2742,-592,-260,-437,-4080
278,4844,10952,446,-541,-142,-4064
4506,-2084,3872,701,986,390,-4032
-5416,-9952,18534,-1733,-970,-431,-4064
4160,6642,8384,2521,952,186,-4064
530,-8960,3786,-1706,421,-274,-4064
-1970,9944,7970,-545,42,-486,-4032
1330,-6534,138,981,94,-141,-4064
-1832,-4700,17984,-2191,-1317,-349,-4032
466,7862,9672,2943,1504,385,-4048
-3206,-6210,10146,-859,-723,-268,-4048
-768,6756,17544,-702,-248,-78,-4048
822,-1824,4076,1148,870,68,-4016
-1744,-4276,8272,-2014,-962,-535,-4048
2044,-10100,8694,2541,-213,-147,-4016
-744,9054,13508,-1291,91,-163,-4048
-2416,-504,1176,1206,93,-389,-4080
370,4812,12220,-1616,-512,-1,-4064
1806,5516,7078,-218,1325,250,-4032
-2352,-12788,6580,1463,-683,-374,-4064
2742,10086,17422,-1816,283,148,-4032
-1694,550,5146,3075,895,-232,-4032
-3876,2552,18170,-3371,-1225,-564,-4064
-522,3504,5448,1763,628,-11,-4064
4700,-8662,-1822,-629,-304,-136,-4064
-3262,2188,18472,-1514,98,50,-4032
1090,-2490,-4828,2353,668,-138,-4064
1678,522,8326,-2943,-435,-117,-4032
-3074,1268,14516,817,360,-76,-4048
198,-12078,9048,-1694,-985,-576,-4080
4092,3198,124,3179,963,124,-4048
-1412,-922,9786,-2495,-598,-456,-4048
-2808,3788,13138,1439,-290,-164,-4048
4576,-1678,3190,-388,673,322,-4048
-2692,3454,12946,-3015,-189,-289,-4048
4778,3336,-5066,2755,874,14,-4048
1900,-2214,2138,-3743,208,-196,-4048
-1834,2440,5768,2064,800,-364,-4032
-350,-7636,7458,-1558,-764,-350,-4064
-2488,1750,19538,-962,-575,-210,-4064
3878,2046,-956,2783,1285,220,-4064
-3574,-254,17890,-2450,-1079,-302,-4064
-32,7732,8264,1362,421,-65,-4064
2488,-5626,-486,-285,433,19,-4064
-3856,-566,15602,-1103,-746,-377,-4032
802,-12736,8418,990,-675,-337,-4080
360,10440,8606,976,611,-27,-4016
-2476,-2588,1118,-168,-202,-412,-4080
1498,4100,9304,-153,-642,-56,-4016
4038,-1426,4830,1223,1141,463,-4048
-5418,-15014,17958,-1223,-1225,-480,-4080
3172,8744,16040,2017,931,223,-4048
1766,-3644,1646,-1137,476,-273,-4064
-3010,10352,12264,-1227,-173,-468,-4032
1470,-3388,-1160,1605,307,-80,-4096
-12,-7544,11856,-2374,-1339,-374,-4032
2846,3402,1466,2287,1366,287,-4064
-1580,-7054,2974,596,-208,-215,-4048
78,5228,17390,-2103,-537,-112,-4048
-662,248,7918,1369,851,43,-4048
-3384,-1202,13626,-2313,-952,-547,-4032
3150,-5544,5228,3021,200,-35,-4064
-1000,5598,13720,-2355,-212,-312,-4064
-2630,2148,4904,1704,137,-316,-4032
2378,3644,7574,-1926,-209,101,-4032
-140,8562,9400,-1155,1044,136,-4064
1600,-5504,-2880,2028,-274,-288,-4064
2644,5730,10204,-2879,175,64,-4064
-688,-6852,4202,3408,1050,-251,-4032
-2726,-3380,15252,-3329,-1250,-568,-4048
-1908,5316,13044,1373,479,-39,-4016
5682,-5090,-5594,25,-56,-105,-4016
-2130,7578,17412,-2031,-256,-75,-4048
1692,3092,-2606,2518,771,-64,-4048
2302,-3708,1638,-2787,-332,-124,-4048
-1254,778,9768,677,224,-76,-4032
-514,-9520,6932,-955,-910,-513,-4080
2808,8770,2046,2673,971,108,-4032
-1924,-2710,3876,-1981,-494,-441,-4032
-2844,1966,8352,1039,-495,-160,-4032
4822,-1448,1870,-34,730,363,-4064
-4654,-7118,16390,-2697,-423,-345,-4032
4674,6262,4284,2502,934,2,-4064
2604,3992,6110,-3194,353,-230,-4064
-1980,9104,6992,888,588,-396,-4064
1208,-6974,938,-453,-384,-256,-4032
-2178,-3914,19052,-1399,-867,-278,-4048
5376,-2766,-4572,2976,1357,276,-4048
-3356,-6228,11462,-1852,-1061,-267,-4080
-672,7430,17296,632,193,-32,-4048
1164,-2680,3022,512,695,38,-4048
-4310,366,17848,-1574,-881,-409,-4048
1646,-10560,8946,2068,-394,-206,-4080
-534,8320,12858,-117,293,-111,-4048
-2084,-2528,3822,191,-182,-378,-4064
168,4842,10770,-820,-430,9,-4048
2290,4238,6314,507,1259,387,-4048
-2930,-12216,8856,252,-1163,-456,-4048
4164,6838,9266,1141,782,260,-4064
364,-9222,3924,1326,602,-298,-4080
-4066,3724,18068,-2207,-709,-540,-4032
-208,2192,4584,2086,598,-42,-4064
-1782,-4908,17122,-2125,-1127,-309,-4064
78,8648,10142,669,905,224,-4032
1392,-1998,-4806,1279,250,-155,-4032
1340,420,8928,-2675,-551,-121,-4032
534,-1492,4850,1209,742,7,-4064
-1630,-5048,7884,-2093,-949,-601,-4064
3842,2740,1098,3123,543,24,-4032
-1260,346,9510,-2391,-392,-329,-4016
-2426,-362,2586,1639,-75,-282,-4080
4152,1148,2350,-1576,143,166,-4016
-2494,3102,12020,-1967,726,-34,-4080
4840,3220,-5268,2134,204,-225,-4080
2812,8986,15328,-3473,188,-40,-4016
-1910,2508,5446,2978,968,-272,-4048
-148,-7606,7330,-2717,-1121,-476,-4048
-1124,3818,7806,700,163,-71,-4032
5074,-7638,-2816,875,366,21,-4032
-2988,426,17070,-2365,-485,-95,-4032
-114,7120,7660,2179,725,-60,-4064
1890,-876,6210,-2075,-32,-55,-4064
-3536,1316,15708,11,-261,-210,-4064
464,-12656,9104,-91,-856,-467,-4032
348,9350,9516,1882,723,42,-4064
-1146,-526,6874,-1187,-332,-433,-4064
-2014,2960,11470,890,-507,-161,-4016
3816,-1006,5710,79,859,377,-4048
-5506,-13932,18044,-2111,-641,-424,-4048
5030,3706,-3582,2455,942,87,-4048
1406,-3416,3632,-2490,365,-251,-4080
-2800,9140,12444,276,323,-417,-4048
1036,-3600,-34,215,-160,-189,-4048
-2964,772,19770,-1860,-1190,-342,-4048
3598,2632,570,2944,1497,388,-4048
-1856,-6286,3934,-1067,-787,-236,-4048
-120,4958,17230,-405,-173,-95,-4048
2070,-4956,288,1133,837,68,-3984
-3328,-1478,14222,-1943,-964,-531,-4080
2796,-4954,5856,2454,-231,-180,-4048
244,9086,10018,-475,175,-123,-4032
-2724,-2354,2582,530,-81,-398,-4096
2368,5214,7152,-1040,-377,-11,-4032
690,6892,6556,489,1362,394,-4032
-5394,-14778,18140,495,-1157,-459,-4032
2768,9270,17610,158,651,257,-4064
-808,-7862,4816,1861,600,-302,-4096
-2878,-1848,16748,-2709,-985,-548,-4064
1144,-2654,-60,2288,658,-10,-4064
708,-8048,9876,-1678,-938,-283,-4064
-1486,7912,15576,-1325,112,51,-4048
1310,1700,-2822,2080,652,-118,-4048
2284,-2462,2936,-2701,-325,-82,-4048
-840,382,9080,564,283,-68,-4032
-858,-7580,7046,-1264,-940,-539,-4048
3562,7420,-22,2993,913,89,-4064
-1904,-3112,5850,-2594,-574,-464,-4064
-2500,2118,5064,1522,-247,-160,-4064
4932,-1530,224,-716,639,313,-4064
-4310,-2808,15758,-3101,-191,-333,-4032
5318,6656,-656,2689,967,-10,-4064
2486,5752,9206,-3806,194,-212,-4032
-1892,8240,6798,1531,660,-349,-4032
1100,-8026,1834,-1064,-557,-262,-4064
-2614,-2002,20276,-1071,-616,-231,-4048
6000,-4794,-5866,2806,1307,236,-4048
-3810,-4316,14306,-2431,-1020,-258,-4048
-878,7872,14752,1377,311,-16,-4048
1744,-4226,1842,-282,403,27,-4048
-4176,860,17596,-952,-724,-394,-4048
1490,-13022,9538,1782,-598,-292,-4032
-818,10080,13326,130,434,-70,-4064
-2576,-1392,706,546,-43,-418,-4032
-1230,4174,13882,-914,-632,-66,-4064
2822,1704,7164,1102,1312,455,-4064
-4186,-15614,13300,-616,-1278,-527,-4048
2596,9754,19262,1530,795,248,-4048
1062,-7856,1848,358,551,-280,-4016
-3670,6470,16296,-2000,-569,-490,-4048
324,464,2010,2057,518,-31,-4048
2988,-8632,3970,-2261,-1196,-330,-4016
1042,7224,7214,1306,1135,274,-4080
226,-4772,-2434,1052,-22,-229,-4048
848,2570,12890,-2487,-616,-136,-4048
1418,-2932,2520,1389,833,34,-4064
-2220,-3226,9924,-2343,-938,-585,-4064
3716,-738,2282,3175,363,-23,-4032
-974,2296,11744,-2360,-300,-342,-4064
-2412,-1076,582,1677,53,-288,-4064
3532,2430,3698,-1901,-99,106,-4064
-1248,7816,10130,-1429,973,59,-4064
3864,2,-6858,2139,-107,-253,-4032
2338,9998,20312,-3054,166,31,-4032
-1486,-2908,5580,3396,1010,-219,-4064
-1678,-6302,11856,-3226,-1276,-520,-4016
-2308,3982,16974,1189,404,-39,-4016
3682,-8666,894,217,152,-57,-4048
-2686,4422,17936,-2151,-320,-73,-4048
842,5680,1910,2338,732,-73,-4048
1258,1830,10704,-2813,-364,-133,-4064
-2418,1078,12864,271,-13,-178,-4048
-114,-11588,8426,-908,-922,-529,-4048
1674,10654,4648,2786,1053,118,-4032
-1372,786,10174,-2193,-547,-495,-4064
-2684,4100,10844,944,-485,-170,-4032
4964,-1932,1490,206,856,382,-4064
-5380,-12176,17998,-3050,-619,-401,-4032
4774,2290,-6226,2891,1057,83,-4064
2028,-956,3176,-2666,365,-223,-4080
-2792,10840,10834,168,294,-436,-4048
1416,-5550,-608,-60,-286,-261,-4064
-2526,2802,18958,-1954,-1108,-299,-4064
4728,586,-2348,3245,1553,348,-4064
-2774,-7444,7230,-1579,-1009,-327,-4032
-488,6948,18510,104,-6,-29,-4096
2506,-5698,-602,824,775,25,-4064
-3970,-164,16508,-1837,-932,-484,-4064
2590,-8722,7000,2490,-264,-178,-4032
-1034,6838,14374,-914,156,-146,-4064
-2266,-2538,902,1026,48,-372,-4032
1382,4296,9314,-1078,-566,-39,-4048
892,6630,8752,740,1242,393,-4048
-684,-8992,3204,614,-1155,-436,-4048
3234,8270,15674,407,654,236,-4048
-336,-9080,4540,1741,693,-246,-4048
-3670,-290,17814,-2658,-875,-582,-4048
1316,-3676,-992,2235,573,-6,-4064
-112,-7412,12594,-1704,-939,-265,-4048
-1190,8478,15114,-23,613,202,-4048
1872,1116,-4480,1550,281,-206,-4064
-114,5270,17976,-2819,-565,-165,-4064
-586,54,7832,1171,701,-2,-4064
-840,-7468,6566,-2192,-947,-569,-4032
3450,6718,644,3009,702,16,-4064
-804,5856,13022,-2582,-430,-385,-4064
-2638,1362,4840,1506,-183,-263,-4064
4648,-642,962,-1385,285,207,-4064
-3662,-1624,14384,-2187,672,-29,-4048
1048,-5718,-1412,2241,325,-170,-4016
2884,6760,10530,-3721,156,-73,-4048
-2088,7006,6428,3024,998,-291,-4016
820,-8170,3154,-2625,-1132,-446,-4048
-2812,-1208,20616,-1346,-839,-258,-4048
5614,-5702,-4862,2827,1223,227,-4032
-3298,-3412,14914,-1720,-953,-281,-4064
-784,7528,13398,434,103,-48,-4064
1748,-4162,1210,531,695,29,-4064
-3072,-1768,12392,-1552,-898,-448,-4064
1170,-12894,9940,2132,-466,-226,-4064
-536,9606,12688,-475,235,-121,-4064
-2484,-1344,860,540,-13,-404,-4048
3142,3466,4406,-832,-548,8,-4048
2960,2192,7200,587,1250,417,-4080
-4336,-14836,13394,303,-1090,-449,-4048
2910,9516,17968,677,681,199,-4048
-1280,-4788,5474,1225,635,-245,-4048
-3636,6368,15690,-2323,-758,-543,-4080
256,-234,2074,2129,541,-10,-4080
2238,-8536,5694,-1907,-1087,-289,-4048
1828,6492,5488,1078,1060,258,-4032
-352,-4964,-1224,1105,102,-217,-4064
710,3114,14010,-2599,-592,-139,-4096
-1932,1252,10972,1379,791,23,-4032
-2476,-3102,11056,-2360,-1002,-596,-4032
3474,-834,3498,2928,505,-1,-4064
-660,3524,9936,-1978,-264,-318,-4096
-2838,650,8064,1155,-211,-309,-4032
3224,4272,3968,-1354,173,174,-4064
-290,5678,7594,-1736,781,6,-4096
2382,-1254,-2846,1608,-200,-306,-4016
2532,4348,6354,-2605,375,59,-4080
-1658,-4172,5366,2737,865,-293,-4048
-2002,-4064,13660,-2888,-1204,-503,-4048
-1846,3770,14356,903,226,-83,-4048
5338,-3208,-4108,559,241,-52,-4048
-2116,5142,16914,-1935,-352,-77,-4016
954,4428,654,2025,673,-62,-4048
2252,-4304,774,-2043,-98,-58,-4080
-1920,1170,11924,86,-105,-182,-4064
46,-10058,7426,-583,-827,-495,-4064
2180,8598,3574,2366,822,43,-4032
-2100,-2458,4070,-1762,-383,-397,-4064
-2728,1884,8456,1076,-445,-126,-4032
4584,-1692,3088,303,848,381,-4048
-5066,-9000,18038,-2267,-757,-455,-4048
4290,6958,7222,2685,943,60,-4064
2284,2196,5272,-2799,400,-206,-4032
-2362,9790,8680,463,328,-419,-4064
1598,-6642,278,-20,-260,-197,-4064
-1978,-4186,17964,-1837,-1075,-325,-4032
5362,-2144,-3780,3070,1485,323,-4032
-3248,-5960,11012,-1467,-827,-240,-4032
-1022,7012,17152,37,-69,-65,-4064
970,-2470,3964,732,732,73,-4032
-4106,-190,16714,-1590,-933,-473,-4032
1916,-11206,9262,1820,-537,-240,-4048
-906,8948,13898,-15,429,-51,-4048
-2548,-1172,1534,1337,73,-360,-4048
3572,2986,3394,-1553,-275,76,-4048
2018,2944,7948,-17,1196,301,-4064
-3004,-13472,10418,1505,-695,-376,-4048
2782,9132,17946,-865,479,182,-4064
-1872,-1766,5848,2479,747,-259,-4064
-3820,3766,17098,-2879,-1078,-574,-4032
-506,1806,4634,1841,528,-22,-4096
3998,-8032,1016,-941,-459,-163,-4032
-2736,3294,17678,-969,307,68,-4032
694,-2964,-3128,2093,579,-163,-4032
1270,1192,9726,-2934,-488,-150,-4064
-2602,1318,13260,644,266,-68,-4096
250,-11604,7978,-1813,-897,-565,-4048
3918,2280,726,2857,832,46,-4016
-920,1464,8858,-2541,-401,-434,-4048
-2620,3384,9788,1452,-240,-163,-4080
4586,-2120,3122,-1028,407,275,-4048
-1958,4908,10916,-2659,83,-206,-4048
4780,1816,-6278,2511,741,-49,-4080
1906,-576,3930,-3787,202,-175,-4048
-1684,452,4874,2516,943,-297,-4032
-832,-7128,8834,-2145,-926,-392,-4064
-2552,2688,18790,-915,-588,-221,-4080
4656,398,-2414,2707,1237,197,-4048
-2520,-6830,7058,-2321,-994,-245,-4080
-12,6286,6482,1254,297,-63,-4048
2360,-5126,54,-131,443,36,-4048
-3942,-808,15854,-959,-768,-389,-4080
2406,-9130,7916,1349,-739,-308,-4048
874,11050,7220,599,627,-12,-4016
-2380,-3404,454,278,-94,-450,-4048
1214,4300,10714,-859,-781,-66,-4048
4562,-1886,3380,1558,1323,462,-4032
-5508,-15488,18472,-912,-1409,-509,-4064
2850,8942,17346,1779,855,251,-4064
-88,-9242,4046,315,631,-285,-4064
-3154,10450,12610,-2071,-539,-534,-4032
1338,-3520,-912,2222,508,-29,-4032
-74,-8024,12264,-2414,-1330,-366,-4064
-1222,9202,15302,1592,1209,312,-4064
-1972,-7534,3794,813,-84,-229,-4032
158,5992,17534,-1905,-517,-85,-4080
-428,-112,7182,1337,869,50,-4080
-1086,-6812,6936,-2421,-981,-561,-4048
3148,-6788,5312,3143,331,-39,-4016
-1002,6248,14264,-2471,-287,-310,-4080
-2656,1602,4446,1735,135,-306,-4048
2022,4296,8078,-2030,-273,84,-4032
124,8070,8870,-1336,944,107,-4048
1100,-6166,-1432,1813,-378,-341,-4064
2868,7068,10542,-2373,241,75,-4032
-636,-7746,4934,3193,957,-260,-4032
-3152,-2288,16186,-3173,-1217,-552,-4032
-1684,4654,11612,1165,338,-61,-4064
5898,-5730,-5158,206,110,-47,-4064
-1834,7934,16396,-2140,-319,-79,-4064
1786,2828,-3780,2459,764,-64,-4064
2154,-3180,2262,-2619,-259,-61,-4032
-4172,1150,17598,536,109,-106,-4048
-508,-9072,6902,-721,-856,-525,-4064
3124,7940,1850,2244,885,47,-4048
-1880,-3194,5362,-1377,-432,-480,-4048
-1492,4518,13970,678,-612,-116,-4080
4746,-2310,1184,399,871,425,-4032
-4568,-4860,16972,-2535,-927,-449,-4048
5156,6738,1252,2856,1119,158,-4080
1284,-7798,1354,-2969,367,-280,-4032
-2122,8944,7428,356,383,-359,-4064
1156,-8182,1426,257,-194,-189,-4032
-2518,-2736,20494,-2093,-1225,-321,-4064
1412,7086,6418,3260,1537,355,-4064
-3412,-5258,13102,-1293,-907,-300,-4032
-932,7544,16204,-269,-109,-89,-4064
1602,-3192,2016,989,836,49,-4064
-2670,-2840,10164,-1832,-937,-505,-4064
1352,-12464,9910,2222,-463,-243,-4016
-748,10096,13922,-652,285,-124,-4080
-2254,-1310,94,1171,27,-358,-4048
3582,1774,4046,-1592,-666,-24,-4080
2436,3472,6932,917,1411,417,-4048
-3300,-15206,9898,778,-1114,-441,-4048
2408,9796,20216,-263,539,221,-4048
888,-9268,1438,1900,766,-263,-4032
-3990,4404,17610,-2896,-948,-549,-4032
-320,2144,4280,2421,676,6,-4064
3734,-8768,1188,-1814,-1073,-294,-4064
480,8364,9846,146,735,231,-4032
774,-3546,-3736,1773,396,-175,-4064
1198,1612,10638,-3079,-586,-153,-4064
-2606,1368,12930,1174,675,-22,-4064
-2004,-3964,8864,-2204,-1016,-620,-4096
4144,2344,656,3090,761,43,-4064
-954,550,9324,-2627,-500,-394,-4048
-2674,2934,10934,1458,-125,-248,-4080
4078,2024,1516,-1340,272,226,-4048
-1756,4954,10440,-2375,559,-106,-4080
4188,2056,-5408,2179,404,-165,-4048
2062,54,3518,-3542,217,-45,-4048
-1854,230,5578,2295,825,-334,-4032
-842,-6608,9286,-2377,-1028,-426,-4080
-2334,2652,17760,-44,-166,-154,-4048
4602,146,-2570,1784,789,107,-4048
-2930,1724,17826,-2365,-777,-183,-4080
270,6720,5524,1822,587,-50,-4048
2346,-5352,-522,-1157,198,-24,-4048
-3102,1614,14774,-387,-395,-286,-4064
360,-11870,8176,645,-736,-424,-4048
1070,9338,6802,1312,626,8,-4016
-2418,-2338,2274,-1017,-301,-415,-4064
-2494,2846,10760,539,-525,-101,-4064
4282,-1806,4592,646,938,425,-4032
-5564,-13316,19114,-1893,-976,-426,-4096
3426,7890,13568,2514,958,193,-4064
1928,-1394,2484,-1826,443,-261,-4032
-2638,10476,10362,-583,22,-481,-4064
1626,-4884,-1192,1002,116,-117,-4064
-940,-6420,14680,-2222,-1288,-375,-4064
4112,956,-1294,2975,1469,342,-4048
-2342,-6836,6338,-886,-744,-252,-4080
-548,5840,18130,-580,-211,-119,-4048
68,-708,6462,1157,830,29,-4080
-3836,-810,15318,-1917,-922,-538,-4080
2720,-7842,7202,2508,-202,-149,-4048
-912,7538,14014,-1129,95,-125,-4048
-2588,-3156,1526,1007,12,-391,-4032
1324,4120,9830,-1522,-435,38,-4016
710,6486,8868,328,1308,365,-4064
-370,-8594,2092,953,-950,-430,-4064
3112,8992,16072,-580,499,213,-4032
-266,-8272,4146,2260,763,-278,-4064
-3304,-540,16846,-2900,-1059,-553,-4032
-1364,4346,9180,2061,648,10,-4064
-36,-7524,12170,-1359,-751,-264,-4032
-1098,8688,14376,-545,511,133,-4032
1532,482,-4246,2064,528,-168,-4064
1916,-1878,4848,-3068,-574,-167,-4064
-314,-162,7182,984,475,-42,-4032
-794,-7286,6818,-1846,-964,-564,-4064
3380,5972,1258,2951,787,83,-4032
-1394,-920,6486,-2230,-430,-381,-4032
-2826,236,5462,1379,-286,-239,-4032
4326,48,2472,-879,429,281,-4064
-3276,-1304,13312,-2449,201,-208,-4032
5006,4208,-1866,2127,451,-148,-4048
3010,7572,10602,-3549,269,-94,-4080
-1894,5318,5226,2347,890,-337,-4080
366,-7438,4744,-2138,-932,-417,-4048
-2446,-334,19828,-372,-284,-160,-4080
5484,-5778,-4092,2111,991,144,-4048
-3352,-2578,15340,-2312,-858,-223,-4048
-834,7418,12492,1485,441,-38,-4048
1940,-2890,2950,-1118,183,-30,-4064
-3812,732,16976,-588,-544,-289,-4064
920,-12470,9902,656,-711,-347,-4032
-208,9862,10926,1503,704,51,-4032
-1834,-2028,5970,-740,-284,-474,-4032
-1514,4132,12898,244,-591,-69,-4032
3498,-68,5868,1005,1071,459,-4032
-5030,-15914,16646,-1516,-1214,-478,-4096
5412,5932,-706,2412,986,218,-4064
1204,-7152,1610,-1607,439,-289,-4048
-3808,8080,15854,-808,-18,-471,-4048
850,-864,532,1304,239,-114,-4048
-2798,-1664,20688,-2422,-1355,-383,-4080
2144,5904,4926,2776,1482,372,-4048
-704,-5574,-266,-360,-558,-267,-4048
-1114,7052,15192,-762,-344,-65,-4064
1670,-3794,2068,1271,856,51,-4048
-2616,-2082,11096,-2153,-935,-549,-4080
3686,-2292,2560,2752,-93,-117,-4064
-746,10018,13272,-1581,-6,-179,-4064
-2528,-1704,564,1416,109,-335,-4064
3344,3204,4520,-1763,-350,43,-4064
-960,7146,9642,-288,1206,264,-4064
-3784,-14790,11922,1486,-698,-363,-4032
2558,9640,19142,-2125,315,119,-4080
-1350,-3500,5488,3076,922,-262,-4080
-1782,-5488,12594,-3122,-1127,-542,-4064
-154,1176,3096,1704,474,-13,-4064
3270,-8816,2670,-524,-310,-147,-4096
-2406,4740,17948,-1482,51,43,-4064
858,5182,1200,2264,669,-97,-4096
1208,2088,11746,-2915,-358,-100,-4064
-4296,444,17434,24,-229,-200,-4048
-40,-11510,7900,-98,-875,-434,-4080
1642,9646,5406,1912,804,67,-4048
-2112,-3138,2542,-1120,-311,-461,-4048
144,4600,11644,541,-608,-87,-4080
4628,-1922,3184,626,969,411,-4048
-5356,-10860,18130,-1989,-954,-478,-4048
4134,7446,9396,2512,987,149,-4016
1968,774,4252,-2454,398,-227,-4064
-3870,3250,17688,-1665,-404,-498,-4064
1404,-6008,-558,1943,410,-61,-4032
-1500,-5522,16970,-2297,-1320,-325,-4064
-96,8240,11544,1690,1213,313,-4064
1230,-1740,-4150,679,-140,-215,-4064
-452,6372,18130,-1816,-498,-132,-4048
334,-1310,5278,1316,885,65,-4048
-1612,-5136,7688,-2391,-948,-621,-4080
4026,4090,-2,3037,332,-31,-4048
-714,8006,14082,-2484,-300,-335,-4048
-2498,652,2602,1760,90,-310,-4080
4352,-168,1280,-1945,-192,112,-4048
1018,7082,7792,-900,1122,190,-4064
-606,-10066,2012,2070,-73,-259,-4048
2696,8652,14970,-2729,226,58,-4064
-1850,3898,5576,3335,1017,-224,-4064
-3514,122,17412,-3325,-1264,-564,-4064
-1312,4576,8770,1249,371,-51,-4064
5394,-7648,-3964,287,38,-79,-4032
-3380,-660,17476,-2312,-486,-77,-4080
1544,42,-4744,2372,768,-109,-4032
1928,-1332,5052,-2220,-96,-60,-4048
-3784,1036,16214,280,-29,-163,-4032
634,-13460,9884,-802,-962,-543,-4064
3890,6786,-42,2464,948,71,-4032
-1494,-2644,6326,-1604,-526,-452,-4064
-2196,3924,14370,689,-597,-147,-4032
3924,-464,5190,610,1016,406,-4032
-3698,-766,13940,-2798,-769,-445,-4032
5236,5870,-2590,2600,1064,119,-4032
1496,-5106,866,-2678,393,-281,-4032
-3082,9018,13532,57,281,-441,-4032
724,-7916,3922,323,-115,-200,-4064
-2678,-650,20092,-1859,-1133,-340,-4080
2844,4276,2338,3166,1566,310,-4048
-1412,-6866,1864,-1552,-974,-296,-4048
-606,7924,12250,154,29,-41,-4048
2028,-4794,606,799,785,39,-4048
-3350,-1740,13564,-1807,-973,-498,-4048
1112,-12686,9276,2117,-439,-237,-4064
-334,9288,11856,-508,181,-130,-4016
-2690,-1926,2044,772,-29,-413,-4048
2708,4252,6154,-799,-437,27,-4064
3208,644,6474,720,1248,415,-4096
-4842,-15150,15976,218,-1150,-454,-4064
2730,9556,18272,784,669,231,-4064
-932,-6602,4950,1159,581,-309,-4032
-3498,7766,14874,-2355,-761,-525,-4032
878,-1354,658,2085,554,-22,-4032
1696,-8088,7556,-1959,-1001,-298,-4032
-1964,7030,16514,1018,1051,257,-4048
-680,-5698,-8,1081,88,-226,-4080
464,3954,15034,-2547,-573,-127,-4016
-1424,994,10036,1243,758,14,-4048
-318,-8808,6730,-2210,-970,-605,-4048
3420,-3412,4034,3102,499,29,-4048
-932,3966,12962,-2413,-356,-355,-4048
-2790,1742,7190,1599,-103,-244,-4064
4850,-1726,1522,-1585,103,159,-4016
-348,8068,9094,-2022,727,-17,-4048
2202,-2966,-4096,2276,219,-217,-4048
2710,4892,7376,-3519,147,-59,-4048
-2070,8868,7046,3033,963,-266,-4048
-2408,-4498,14516,-2698,-1146,-448,-4048
-1982,4754,14288,321,25,-133,-4048
5776,-3896,-5342,1404,626,77,-4048
-2186,6534,17696,-2449,-523,-125,-4064
1338,3788,-1224,2360,710,-49,-4032
2336,-3922,1162,-2216,-129,-76,-4096
-4204,600,17356,19,-193,-223,-4064
-126,-9486,7074,-454,-907,-451,-4032
2724,8834,1988,2251,941,65,-4064
-1960,-2980,3590,-1412,-428,-469,-4064
-950,3472,13648,687,-572,-124,-4064
4756,-1160,1432,507,952,399,-4032
-4496,-6592,15368,-2686,-600,-411,-4080
4710,6318,3668,2503,943,77,-4048
1078,-7798,2762,-2803,372,-251,-4048
-1934,9026,6882,482,400,-419,-4048
1162,-7132,1470,-70,-281,-205,-4080
-2278,-3482,19322,-1748,-1063,-289,-4048
5222,-3020,-4576,3073,1494,337,-4064
-3446,-6010,12212,-1302,-938,-256,-4080
-834,7742,17040,-93,-85,-35,-4048
1182,-2990,2498,726,690,27,-4032
-4320,536,17936,-1678,-980,-466,-4032
1706,-11126,9160,2178,-347,-208,-4064
-664,8542,12732,-345,287,-105,-4064
-2722,-1118,2168,519,-35,-425,-4032
-170,4482,11396,-980,-438,10,-4032
2374,3492,6844,569,1269,389,-4064
-3376,-13538,10544,371,-1172,-478,-4064
2924,10206,17604,-1428,444,142,-4048
-1512,-2494,4820,3003,894,-287,-4096
-1598,-5686,11964,-3093,-1231,-554,-4064
-32,1448,3788,1538,523,-13,-4064
3428,-8466,1566,-189,-144,-110,-4032
-2668,3780,17908,-1706,-110,-7,-4064
622,5552,2912,2246,704,-76,-4096
1238,1082,10164,-2813,-432,-148,-4048
-2450,1176,13256,550,205,-85,-4016
-86,-11568,8306,123,-815,-423,-4048
1464,9982,5288,1825,814,77,-4016
-2478,-3512,2216,-991,-394,-437,-4048
-2576,3354,10492,544,-577,-103,-4064
4798,-1326,2358,659,1039,452,-4064
-5366,-12558,17508,-2247,-976,-462,-4032
3840,8248,12028,2469,985,128,-4064
2030,-1196,2676,-1920,475,-245,-4064
-2674,10906,10418,-569,74,-449,-4064
1734,-5008,-1334,968,163,-149,-4064
-1316,-6612,15368,-2329,-1351,-400,-4064
4356,882,-1932,2878,1485,325,-4064
-2478,-7268,6598,-563,-677,-252,-4064
-344,6356,18338,-493,-207,-79,-4048
112,-970,5886,1162,865,70,-4048
-4064,-514,16058,-2033,-955,-535,-4048
2672,-7562,6734,2692,-92,-161,-4080
-800,6728,13564,-1267,-10,-179,-4048
-2394,-2844,1980,1018,-15,-383,-4064
1646,4232,8652,-1347,-345,43,-4048
678,5878,8412,-231,1178,253,-4048
-308,-7854,2684,1256,-775,-397,-4048
3366,8946,15052,-593,594,201,-4064
-454,-7830,4000,2154,722,-241,-4064
-3294,-432,16712,-2899,-1009,-604,-4032
-1296,4120,9662,1936,553,-23,-4064
344,-7824,11306,-1159,-658,-224,-4064
-1438,7992,15276,-762,327,105,-4032
1820,1500,-3976,2111,617,-122,-4032
2078,-2518,3654,-3025,-522,-148,-4064
-614,436,8298,796,425,-68,-4064
-734,-8036,6504,-1584,-924,-557,-4064
3120,6572,1666,2748,771,68,-4032
-1538,-1554,6262,-2249,-424,-446,-4064
-2660,792,5562,1443,-304,-190,-4032
4410,-930,2512,-860,480,268,-4064
-3998,-2606,15278,-2612,-3,-263,-4032
5332,5134,-1236,2286,709,-94,-4016
2718,6760,9686,-3881,199,-142,-4048
-1870,7548,5648,2185,885,-354,-4048
1090,-7942,2330,-1885,-796,-378,-4048
-2746,-1440,20266,-820,-504,-211,-4048
5720,-4974,-5274,2545,1134,190,-4048
-3442,-3656,13990,-2294,-950,-217,-4016
-764,7002,14404,1242,366,-22,-4080
2334,-3222,1504,-707,360,-10,-4032
-4016,388,17106,-707,-583,-336,-4064
954,-12722,10310,873,-811,-337,-4064
-558,10196,13006,1147,683,30,-4064
-1898,-3580,4270,-226,-264,-427,-4032
-1124,4778,13986,-384,-657,-94,-4064
3034,2096,5698,1371,1293,458,-4064
-4136,-15494,12624,-1115,-1323,-500,-4064
4728,6908,4066,2236,937,210,-4080
976,-8232,1720,-606,535,-275,-4080
-3696,5956,16728,-1509,-338,-514,-4048
68,782,2850,1805,380,-107,-4048
-2470,-3446,19236,-2463,-1371,-367,-4080
1562,7524,6950,2235,1377,375,-4048
28,-4648,-2218,146,-365,-260,-4048
-912,7496,16574,-1280,-339,-106,-4064
1336,-3318,2902,1434,907,94,-4048
-2516,-2942,10344,-2362,-1021,-555,-4080
3884,-306,1714,2943,107,-72,-4032
-752,8888,13772,-1861,-179,-257,-4032
-2456,-830,1640,1349,89,-335,-4096
3518,3140,3118,-1670,-209,53,-4064
-972,6498,9090,-586,1162,209,-4032
-3512,-13892,11552,1513,-568,-361,-4032
2716,9484,18106,-2219,350,80,-4048
-1710,-2910,5916,2761,792,-318,-4032
-1532,-5202,12218,-2936,-1148,-521,-4032
-244,1084,3746,1524,434,-66,-4064
3450,-8270,2588,-417,-210,-103,-4032
-2554,4200,17692,-1476,11,25,-4064
808,5316,1616,2168,678,-103,-4064
1186,1792,10912,-2724,-340,-119,-4096
-2388,1522,12712,389,119,-132,-4064
0,-10814,7602,-1079,-884,-517,-4064
1832,8882,4576,2712,782,58,-4016
-814,2100,10324,-2319,-421,-485,-4048
-2572,2748,8852,1467,-253,-179,-4016
4760,-2638,2426,-742,585,293,-4080
-5542,-10104,18906,-2908,-97,-306,-4048
3992,644,-7152,2568,912,-44,-4080
2320,1680,4168,-3884,215,-232,-4048
-2048,10764,8360,1690,748,-384,-4048
-1192,-6462,11074,-1781,-803,-356,-4064
-2422,3784,17332,-837,-527,-201,-4064
5052,-1600,-4080,2712,1225,239,-4032
-3170,-6742,10202,-2472,-1022,-284,-4064
644,5518,2944,1504,374,-16,-4064
836,-1998,4230,922,787,64,-4064
-4132,-120,16824,-1729,-931,-526,-4032
2032,-11156,9154,2014,-498,-224,-4016
-1160,9164,14846,-463,309,-73,-4048
-2196,-210,736,974,81,-393,-4048
240,4418,12906,-1442,-648,-14,-4048
1638,5354,8282,950,1363,395,-4048
-2304,-13194,6668,458,-1149,-438,-4080
3644,8428,11290,704,638,236,-4032
-1810,346,5730,3053,881,-246,-4064
-3834,2426,17810,-3148,-1200,-571,-4032
-784,3220,6012,1738,557,-14,-4032
4610,-8332,-1150,-549,-279,-108,-4032
-3316,1986,18436,-1552,17,-8,-4064
1098,-2384,-4544,2499,707,-120,-4064
1570,284,8684,-2863,-359,-118,-4048
-2916,1654,14532,654,251,-81,-4064
318,-12286,8328,-1385,-905,-508,-4064
1128,10360,6582,1857,819,22,-4064
-2268,-3306,1504,-1049,-393,-474,-4064
-2514,3372,11614,370,-644,-109,-4064
4596,-1712,3152,757,1041,448,-4064
-5536,-12972,17892,-2180,-1020,-472,-4032
3652,8408,12730,2503,975,156,-4032
1858,-1398,2584,-1893,425,-274,-4064
-2602,10718,10472,-126,194,-439,-4048
1554,-4930,-1076,558,-17,-137,-4048
-842,-6636,14816,-2160,-1217,-374,-4080
3866,1394,-1212,2991,1527,351,-4048
-2324,-7078,5598,-787,-798,-284,-4080
-390,5988,18376,-750,-271,-84,-4048
2410,-5418,-202,1095,804,32,-4096
-3710,-870,15604,-2056,-972,-529,-4080
2694,-7532,7042,2748,-127,-142,-4048
-1020,6904,14092,-1049,152,-169,-4032
-2682,-3210,1218,1242,58,-342,-4064
1690,3980,9698,-1641,-529,4,-4032
556,7738,8760,416,1373,339,-4064
218,-8204,170,1148,-966,-405,-4064
2828,9934,17802,-938,411,170,-4032
-380,-8564,3382,2806,893,-224,-4064
-3240,-1594,16834,-3319,-1180,-609,-4064
-1464,4902,10746,2277,756,-2,-4048
560,-8274,10114,-1507,-819,-242,-4080
-1510,8700,15726,-447,515,151,-4048
1644,1532,-3910,1977,485,-147,-4048
2100,-2650,3544,-3065,-586,-167,-4048
-674,172,8360,987,515,-56,-4048
-788,-8222,7056,-1947,-955,-610,-4080
3378,8210,904,3044,958,96,-4048
-1920,-2406,4718,-2043,-463,-442,-4048
-1514,3592,13590,983,-528,-208,-4048
4912,-770,854,27,776,374,-4048
-4096,-5084,15128,-2880,-445,-358,-4048
5032,6194,1622,2507,951,25,-4048
2836,5206,7456,-3457,347,-201,-4064
-1996,8488,6516,787,498,-415,-4080
996,-7472,1928,-932,-509,-302,-4064
-2470,-2576,19832,-1417,-881,-275,-4064
5780,-3964,-5344,2978,1418,273,-4096
-3384,-4818,13134,-1924,-1014,-256,-4064
-920,7750,15550,661,180,-22,-4064
1488,-3764,1952,394,629,78,-4032
-4434,780,18018,-1477,-838,-410,-4064
1628,-11832,8934,2148,-370,-256,-4032
-760,8610,13428,-250,245,-108,-4032
-2848,-1206,2796,295,-132,-430,-4080
-398,4112,11234,-535,-497,-25,-4080
2628,3024,7020,636,1186,390,-4048
-3568,-13282,11494,95,-1159,-452,-4048
2974,10054,17114,1096,776,247,-4048
388,-8502,3798,838,573,-276,-4048
-3990,4752,17316,-2176,-710,-529,-4080
-14,1300,3560,2101,512,-21,-4048
-2026,-4350,18278,-2184,-1202,-365,-4096
510,7850,9080,650,885,227,-4080
1062,-2826,-3746,1323,288,-152,-4048
1048,1322,10228,-2488,-553,-119,-4064
814,-1984,3988,1292,800,47,-4064
-1736,-4340,8414,-2273,-952,-579,-4032
3720,1740,1510,3054,472,1,-4032
-1102,1320,9802,-2333,-336,-352,-4064
-2632,-764,2364,1556,-96,-273,-4064
3844,1674,3072,-1544,64,180,-4032
-2062,4412,11048,-1957,739,-53,-4032
4600,2174,-6022,1984,28,-261,-4048
2730,9554,16728,-3222,221,10,-4016
-1830,898,5442,3136,1001,-266,-4048
-666,-7150,8618,-2725,-1121,-454,-4032
-2526,2764,18682,234,-34,-96,-4064
4470,-8200,-1200,1482,641,52,-4064
-2694,1712,17538,-2413,-680,-159,-4064
-132,6252,6082,2020,631,-56,-4064
2398,-4850,-142,-1932,-33,-47,-4080
-3218,1036,14732,-84,-256,-255,-4016
450,-12424,9206,-134,-883,-475,-4016
674,9892,8070,1966,805,32,-4048
-2322,-2682,1586,-1157,-344,-444,-4048
-2410,2828,11582,635,-598,-116,-4048
4316,-1056,4908,498,971,431,-4048
-5498,-13528,17742,-1853,-862,-442,-4048
4816,3322,-4082,2469,942,113,-4064
1522,-2226,3016,-2293,451,-238,-4064
-2704,9538,11468,49,258,-411,-4032
1170,-4146,-148,342,-128,-197,-4032
-2642,1304,19068,-1955,-1245,-369,-4064
4090,1842,-544,2960,1471,357,-4032
-2302,-6898,5436,-973,-752,-251,-4064
-422,5654,17806,-465,-168,-95,-4064
2094,-4928,-122,1089,850,40,-4096
-3628,-1060,14950,-1836,-943,-516,-4080
2828,-6604,6638,2195,-309,-210,-4080
-812,6546,12482,-439,226,-115,-4048
-2578,-2262,2256,538,-71,-374,-4080
1680,5070,7864,-995,-403,0,-4048
1068,5874,6742,325,1293,345,-4080
-5404,-13538,18052,131,-1134,-457,-4064
3282,8810,14718,166,671,237,-4048
-410,-8206,4212,1590,637,-272,-4048
-3416,-96,17058,-2336,-780,-532,-4064
1210,-3692,-298,2087,536,-18,-4032
20,-7196,12064,-1891,-1039,-291,-4032
-960,8236,14084,574,884,251,-4032
1396,588,-3728,1329,256,-194,-4064
-60,4996,16990,-2635,-567,-137,-4064
-530,14,8078,1014,606,-29,-4064
-872,-6476,6690,-1937,-900,-594,-4064
3980,5514,-116,3124,601,15,-4096
-988,6890,14486,-2621,-471,-386,-4064
-2574,652,3908,1834,19,-247,-4032
4434,-832,1520,-1616,128,196,-4064
-3538,528,14534,-2135,559,-84,-4064
442,-7914,138,2446,380,-185,-4064
2676,7460,12624,-3754,133,-67,-4064
-2052,5684,6432,2903,943,-308,-4064
568,-8176,4300,-2772,-1144,-507,-4016
-1708,4812,10892,401,41,-97,-4080
5840,-6476,-4754,1282,617,66,-4080
-3644,-1994,16370,-2484,-593,-169,-4080
-672,7466,11506,2202,663,-104,-4048
2058,-2126,3734,-1850,-27,-80,-4048
-3788,880,16532,-86,-312,-256,-4048
978,-13110,9888,-150,-930,-459,-4016
3654,7186,68,2355,1007,122,-4064
-1650,-2804,5892,-1517,-433,-502,-4064
-2092,4296,14338,678,-599,-103,-4032
3674,32,5460,732,982,427,-4064
-3936,-2282,15270,-2525,-910,-436,-4032
5142,5638,-692,2774,1027,162,-4032
1304,-6252,1970,-2307,403,-254,-4032
-3516,8300,14892,-58,189,-447,-4064
434,-8232,3542,653,-70,-179,-4032
-2438,-1340,20532,-1967,-1158,-335,-4048
2416,5706,3754,3165,1575,343,-4048
-952,-6016,-42,-1284,-915,-324,-4048
-1048,7926,14466,-236,-141,-86,-4048
1862,-4352,1278,1038,771,91,-4048
-2762,-2130,11992,-1955,-954,-505,-4080
1448,-12552,9362,2245,-352,-222,-4064
-546,10188,12012,-1016,153,-170,-4080
-2556,-1440,452,1048,98,-353,-4048
2960,3642,4854,-1351,-551,-4,-4032
3004,1346,6674,829,1329,392,-4032
-4310,-15984,14388,598,-1207,-446,-4096
2446,10138,20518,-445,527,216,-4048
-1298,-5366,5252,2554,754,-262,-4080
-2332,-4962,14396,-3108,-1122,-612,-4048
390,374,1402,2180,657,1,-4080
2664,-8646,4132,-1368,-657,-247,-4080
-2308,6176,17662,-771,405,106,-4048
36,-5052,-1960,1910,435,-147,-4032
872,2814,13004,-3026,-603,-138,-4064
-1874,908,11538,964,510,-32,-4032
-306,-10748,7916,-2014,-962,-562,-4064
4056,-528,1160,3251,898,74,-4032
-1192,1906,11840,-2819,-517,-465,-4064
-2858,3732,9434,1673,-166,-221,-4032
5156,-2682,570,-861,452,278,-4064
-1758,7274,11706,-3143,-25,-276,-4064
4456,818,-7260,2775,757,-90,-4080
2320,658,3782,-4118,101,-183,-4080
-2712,11102,9966,2571,972,-302,-4048
-1278,-7070,10052,-1971,-910,-372,-4048
-2568,3396,18348,-717,-462,-202,-4048
5102,-992,-3254,2658,1128,177,-4048
-2852,3040,18300,-2693,-922,-224,-4064
534,6274,3770,1786,498,-12,-4048
2424,-5318,-304,-731,307,-23,-4048
-4202,220,17090,-489,-557,-291,-4064
274,-12458,8728,633,-765,-395,-4096
1202,10638,6640,1224,701,20,-4064
-2230,-2722,1006,-358,-186,-437,-4032
700,4384,10408,-115,-731,-68,-4064
4356,-1372,4070,1051,1096,453,-4032
-5318,-13136,17824,-1227,-1157,-502,-4064
3630,8190,13040,2030,892,190,-4064
218,-8824,3570,-1150,535,-269,-4048
-2820,10260,10782,-1053,-101,-479,-4048
1368,-4510,-542,1352,201,-140,-4048
-666,-7066,14276,-2306,-1333,-392,-4048
-922,8642,13762,2301,1334,326,-4048
-2120,-7344,5038,167,-421,-238,-4048
1544,-1060,6156,-2861,-590,-174,-4080
-204,-404,6528,1201,700,4,-4016
-1074,-6432,6896,-2141,-929,-595,-4048
3856,4858,710,3065,655,44,-4080
-814,6942,13674,-2425,-360,-358,-4064
-2726,502,3650,1591,-125,-245,-4048
4510,-38,1490,-1464,202,208,-4048
-3164,1056,13258,-2084,722,-35,-4064
-36,-8250,1154,2150,302,-193,-4064
1638,-4270,1960,-3796,284,-210,-4064
-1892,4882,5592,1638,721,-342,-4064
182,-8282,5088,-1120,-602,-321,-4064
-2728,270,20642,-1292,-839,-281,-4064
3166,3514,1860,2842,1202,208,-4080
-3228,-1990,16268,-2181,-977,-268,-4048
-618,7298,11770,1174,368,-43,-4016
1932,-4516,536,-84,497,4,-4080
-3376,-1498,13370,-1109,-786,-396,-4080
830,-12978,10076,1509,-695,-348,-4080
-140,10620,11078,311,517,-29,-4080
-2400,-2022,-32,332,-94,-421,-4048
-1800,4258,13858,-662,-673,-43,-4064
3618,1700,5168,1147,1326,474,-4032
-4710,-15626,13774,-617,-1239,-498,-4032
2756,9842,18890,1300,771,258,-4032
1210,-7042,1642,546,678,-260,-4032
-3604,7288,15390,-2181,-611,-555,-4064
502,-580,1320,2113,550,-26,-4064
1784,-8820,6402,-2266,-1304,-372,-4032
2226,6348,4662,1286,1153,264,-4032
-416,-5318,-780,611,-137,-202,-4080
498,3452,14600,-2230,-551,-151,-4080
-1662,954,10592,1492,906,2,-4048
-2830,-2612,11422,-2451,-1050,-638,-4080
3804,-1282,3012,3051,421,-31,-4048
-754,3348,10668,-2044,-273,-297,-4080
-2756,-1098,2348,1165,-55,-340,-4032
3302,3924,3782,-1408,29,190,-4112
-500,5762,8212,-1476,888,105,-4080
2512,-1394,-3050,1729,-161,-304,-4080
2400,4024,6314,-2716,380,35,-4080
-1538,-3960,5442,2790,865,-287,-4080
-1936,-4332,13458,-2880,-1157,-498,-4048
-1896,3878,14580,798,212,-66,-4080
2810,-8114,4090,189,98,-64,-4064
-2178,4936,17108,-2117,-422,-83,-4080
1092,5128,720,2088,764,-81,-4048
2246,-4594,196,-2347,-217,-91,-4096
-2292,1424,12434,73,-143,-199,-4064
-14,-10620,7100,-370,-852,-489,-4064
1964,7992,4618,2143,720,32,-4064
-2060,-2324,4506,-1604,-358,-416,-4032
-2466,1742,7970,1091,-424,-128,-4064
4426,-1792,3920,-5,744,375,-4032
-5294,-9176,18688,-2340,-362,-346,-4048
4272,6964,7632,2678,895,39,-4048
2212,1896,5686,-3111,290,-218,-4048
-2294,9732,8752,968,498,-396,-4048
1596,-6718,-20,-424,-378,-234,-4048
-2044,-4376,17898,-1615,-948,-344,-4048
5246,-1820,-3740,3054,1453,302,-4048
-3066,-5864,10310,-1686,-871,-235,-4048
-972,6818,17196,305,-12,-71,-4048
2298,-4524,258,246,598,21,-4032
-4000,-340,16518,-1309,-834,-434,-4064
1954,-10758,9028,1582,-598,-272,-4032
-960,8724,14006,201,498,-35,-4032
-2272,-2796,1918,285,-39,-412,-4064
184,4702,11394,-745,-550,-13,-4032
1840,4330,7814,826,1255,387,-4032
-2452,-12434,8268,95,-1189,-462,-4064
3978,7082,10358,950,662,229,-4064
422,-8914,3756,653,575,-267,-4048
-3840,2460,17584,-2007,-614,-545,-4048
-704,2522,5714,2163,567,12,-4048
4304,-8020,-238,-1427,-760,-224,-4096
-10,8512,11048,-337,580,146,-4064
820,-2610,-3660,1916,437,-149,-4064
1540,768,8806,-2957,-540,-131,-4064
-2894,1442,14008,945,496,-40,-4064
-1564,-4902,8332,-2066,-965,-570,-4048
3862,2524,1088,3105,712,20,-4080
-1088,884,9114,-2495,-416,-444,-4048
-2536,3000,10802,1548,-128,-231,-4080
3866,1948,2646,-1486,217,228,-4048
-1850,4512,10382,-2225,523,-103,-4080
4556,1944,-5694,2148,428,-203,-4080
1792,-446,3754,-3595,216,-105,-4080
-1716,480,4990,2639,948,-317,-4048
-826,-6918,9068,-2381,-1009,-410,-4048
-2424,2382,18560,-138,-219,-160,-4048
4722,-7804,-1826,1522,710,108,-4064
-3220,1228,17730,-2376,-721,-171,-4064
20,6504,6720,2025,588,-25,-4032
2240,-5088,144,-1402,102,-48,-4064
-3214,1106,15192,-316,-457,-244,-4032
288,-12468,9334,298,-830,-464,-4064
966,11044,7444,1742,860,26,-4064
-2456,-3250,470,-857,-359,-448,-4064
-2634,4440,13148,33,-641,-85,-4064
4488,-2016,3230,1114,1065,440,-4048
-5606,-15202,18900,-2354,-1157,-492,-4048
2960,9484,16980,2785,1068,205,-4080
1876,-4002,1050,-1817,441,-266,-4016
-3252,10708,13080,-746,11,-464,-4048
1372,-3730,-1098,1339,207,-116,-4048
-2982,1256,20686,-2376,-1352,-360,-4064
3686,2852,298,2966,1551,378,-4016
-2000,-7148,3864,-557,-657,-277,-4080
120,5696,17342,-633,-241,-67,-4064
2342,-4888,268,1114,874,41,-4032
-3594,-790,14090,-2071,-939,-545,-4032
3226,-6172,4730,2838,-84,-107,-4064
-990,5586,14318,-2017,-138,-257,-4048
-2342,-2638,-196,1528,176,-355,-4032
2354,3768,7476,-1926,-304,74,-4048
-166,8230,9276,-209,1242,279,-4032
1558,-5300,-2320,1567,-717,-405,-4064
2630,9620,19250,-1561,331,153,-4032
-862,-6888,4836,2908,875,-254,-4064
-2754,-3100,15410,-3209,-1151,-576,-4032
-2070,4848,12702,1685,514,-39,-4064
1742,-8434,7354,-664,-317,-147,-4064
-1920,7454,16662,-1503,40,18,-4064
1706,3122,-2878,2353,677,-93,-4064
2360,-3676,1942,-2994,-393,-100,-4032
-1342,588,9830,753,231,-101,-4064
-490,-9690,7304,-1314,-917,-529,-4032
2710,8818,2484,2771,924,122,-4064
-1864,-3338,4148,-2301,-510,-463,-4080
-2726,2524,7714,1255,-390,-177,-4080
4808,-1890,1142,-374,634,311,-4048
-4800,-6690,16978,-2912,-266,-328,-4080
4924,7098,3748,2719,957,3,-4080
2522,3640,7146,-3595,245,-211,-4048
-2200,9510,7814,1476,699,-371,-4048
1316,-7534,914,-904,-540,-314,-4048
-2152,4226,15848,-1099,-710,-265,-4032
5490,-2848,-4674,2824,1294,249,-4064
-3242,-5786,11342,-2210,-1064,-250,-4064
-820,7398,17016,949,312,-22,-4032
2502,-4688,-334,27,575,33,-4064
-4210,74,17374,-1251,-792,-390,-4064
1540,-11586,9464,1653,-632,-278,-4032
-958,9278,14178,200,472,-11,-4032
-2182,-3890,2306,519,-103,-409,-4064
-50,4602,13326,-757,-720,-63,-4048
1966,4634,7516,1547,1398,445,-4048
-2578,-14016,7988,-669,-1374,-492,-4016
3982,8638,10078,1481,833,278,-4048
582,-9968,1894,729,660,-292,-4080
-4016,2946,18322,-2719,-865,-590,-4064
-554,3240,5698,2495,686,-21,-4064
-1680,-6024,16958,-2359,-1344,-362,-4048
-98,9094,11820,1212,1112,356,-4048
1264,-1974,-4752,1132,109,-177,-4048
1466,420,8180,-2647,-576,-173,-4048
454,-1400,4858,1281,833,38,-4048
-1634,-5024,7642,-2442,-1022,-606,-4016
4212,4420,-314,3201,637,50,-4048
-946,7564,14508,-2623,-395,-363,-4064
-2482,716,2896,1617,7,-270,-4064
4436,434,850,-1591,80,125,-4064
-2728,1902,12972,-1955,790,25,-4064
-490,-9378,2578,2162,201,-254,-4064
3034,8670,13372,-3426,227,-47,-4064
-1968,3812,5232,2910,970,-298,-4064
74,-7716,6186,-2791,-1140,-483,-4064
-1302,4194,8580,417,48,-98,-4032
5304,-7362,-3434,1259,519,75,-4064
-3340,-1046,17438,-2207,-457,-109,-4048
-372,7564,9776,2368,755,-62,-4048
1926,-1886,5276,-2212,-141,-74,-4048
-3840,1464,16750,25,-213,-179,-4080
814,-12434,8722,-105,-802,-464,-4048
286,9444,9448,1895,693,36,-4048
-1378,-634,6938,-1141,-317,-436,-4048
-1906,3032,11964,798,-550,-149,-4080
3564,-388,6398,368,846,405,-4048
-5428,-14594,18080,-1936,-746,-415,-4048
4984,3906,-2408,2586,931,127,-4080
1394,-4296,3040,-2307,417,-252,-4080
-3176,8814,12914,23,219,-440,-4048
328,-7718,5098,-46,-320,-203,-4064
-2474,-268,20118,-1659,-1061,-291,-4064
2908,3208,2336,3029,1435,335,-4064
-1466,-6396,3150,-1212,-843,-276,-4032
110,4670,16560,-1435,-340,-120,-4016
-822,168,8424,1230,861,56,-4064
-3066,-1480,12810,-2231,-930,-542,-4032
3196,-5188,5004,2719,54,-115,-4048
-924,5872,12936,-1704,-80,-235,-4048
-2668,708,5304,1358,33,-303,-4048
2210,4080,7150,-1710,-268,63,-4048
204,7570,8322,-702,1216,190,-4048
1318,-5374,-2172,1583,-456,-375,-4048
2958,10038,18274,-1661,393,147,-4032
-898,-6652,4560,2981,905,-277,-4080
-2812,-2728,15364,-3239,-1270,-539,-4048
-1702,4744,11958,1724,581,-11,-4064
1224,-8340,8042,-749,-356,-184,-4064
-1688,7832,16118,-1267,164,70,-4032
1532,2140,-2518,2288,668,-46,-4096
1974,-3164,2936,-1869,-39,-107,-4032
-4126,1146,17326,-134,-365,-234,-4064
1408,-12394,9048,-447,-883,-469,-4048
3166,7916,1744,2051,879,42,-4048
-1724,-1634,4550,-1440,-329,-476,-4048
-1258,3964,12148,641,-538,-137,-4080
3168,1766,6290,299,897,428,-4048
-4072,-4770,15154,-2113,-713,-406,-4080
4714,5328,2414,2446,862,106,-4048
1022,-6768,3530,-2164,391,-250,-4080
-1862,7506,6058,545,386,-434,-4064
852,-7198,2544,329,-107,-224,-4048
-2326,-2140,19448,-1962,-1133,-345,-4048
1850,6396,5050,2955,1496,283,-4064
-3480,-4752,14004,-1312,-890,-289,-4096
-916,7770,15392,-179,-102,-88,-4064
1460,-3654,1868,956,740,91,-4064
-2428,-3286,11192,-1828,-1004,-494,-4032
1392,-11522,9146,2345,-281,-162,-4064
-432,9128,11726,-544,235,-128,-4064
-2734,-1944,1826,725,-36,-423,-4032
2832,3964,5532,-1143,-436,25,-4032
2800,1374,6442,577,1277,386,-4032
-4232,-14924,14144,696,-1134,-436,-4064
2686,9998,19494,-3,618,219,-4064
-1546,-4694,5222,2154,694,-276,-4064
-4038,6126,17216,-2855,-1035,-582,-4064
290,492,2048,2254,655,14,-4064
2830,-8666,3580,-1626,-807,-247,-4032
-2328,5484,17588,-323,552,151,-4032
168,-4188,-2290,1567,369,-197,-4080
1086,2308,11992,-2790,-574,-162,-4048
-1970,1072,12050,993,565,5,-4080
-304,-10580,7822,-2017,-905,-576,-4048
3800,218,1444,3106,767,73,-4016
-1128,1436,10982,-2725,-497,-416,-4048
-2800,3056,9882,1602,-150,-252,-4048
3838,2242,2490,-1476,259,226,-4032
-1764,6380,10694,-2846,193,-207,-4048
4652,1576,-6906,2445,526,-117,-4064
2186,364,3756,-3861,125,-157,-4064
-1726,-504,5534,2727,948,-292,-4032
-944,-7092,9744,-2303,-963,-406,-4064
-2830,3228,18530,-328,-316,-164,-4064
5132,-864,-3054,2165,964,126,-4064
-2748,2848,17756,-2547,-889,-212,-4064
226,6042,4360,1812,512,-32,-4064
2622,-4936,-312,-1446,129,-32,-4080
-4084,144,16348,-254,-409,-265,-4080
164,-12512,9196,386,-858,-416,-4048
934,10416,7378,1601,762,36,-4048
-2352,-3260,1432,-613,-282,-451,-4048
1054,4838,10526,129,-652,-63,-4080
4388,-1896,4046,1065,1131,465,-4048
-5532,-13748,18710,-1404,-1195,-465,-4048
3276,8128,14752,2322,941,210,-4048
1712,-2210,2586,-1490,456,-271,-4064
-2762,10128,11472,-774,-20,-505,-4000
1152,-4344,-724,1208,179,-125,-4032
-458,-6920,13736,-2335,-1373,-375,-4064
3990,1908,-578,2622,1479,358,-4032
-2304,-6840,5190,153,-389,-248,-4048
-92,5814,17716,-1701,-469,-121,-4048
-188,-396,6760,1380,918,92,-4048
-3668,-990,15072,-2253,-968,-555,-4032
2774,-6704,6272,2930,103,-110,-4032
-718,7010,13234,-2016,-110,-263,-4032
-2404,1580,3482,1657,108,-342,-4064
1892,4346,9560,-2183,-357,64,-4064
316,8166,8146,-574,1226,223,-4096
1046,-6926,-2110,1683,-423,-375,-4064
2632,7322,11814,-2489,243,80,-4064
-610,-8236,3912,3240,947,-242,-4048
-3142,-2422,16674,-3478,-1277,-592,-4048
-1816,4994,11884,1773,551,11,-4048
5824,-6278,-5380,-469,-297,-144,-4048
-1524,8176,16216,-1609,-14,27,-4080
1538,2350,-3536,2262,765,-72,-4048
2246,-2972,2318,-2782,-334,-85,-4080
-1084,418,9300,684,286,-78,-4032
-768,-8818,7412,-1101,-925,-579,-4048
3220,8752,1068,3030,946,112,-4032
-1998,-3756,4766,-2324,-607,-453,-4064
-2714,2538,7176,1318,-420,-176,-4064
4994,-2600,256,19,773,354,-4064
-4826,-6602,17784,-3148,-510,-380,-4032
4712,7202,3814,2890,1075,67,-4064
2638,3930,6212,-3504,286,-237,-4032
-2228,9934,7838,889,543,-391,-4064
1548,-7600,642,-390,-350,-229,-4064
-2594,-3528,19856,-1439,-897,-274,-4048
5962,-3616,-5256,3068,1390,302,-4048
-3568,-5470,12600,-2084,-960,-249,-4080
-942,7650,16328,903,247,-19,-4080
1538,-3272,2362,161,595,36,-4048
-4344,520,17886,-1284,-832,-438,-4080
1710,-11702,8996,1895,-547,-267,-4048
-820,9042,13954,-43,328,-80,-4080
-2526,-618,1644,561,-34,-408,-4080
-280,4080,12452,-836,-580,5,-4048
2138,3570,7754,865,1270,384,-4048
-3166,-13560,10320,149,-1181,-460,-4080
2876,9972,17688,874,678,253,-4048
622,-8526,3554,1077,573,-251,-4080
-3836,4386,17058,-2328,-734,-568,-4016
-232,1774,3746,2131,555,-38,-4048
-1818,-4486,18326,-2233,-1232,-341,-4064
592,7990,9062,1202,1129,274,-4096
676,-3122,-3784,1067,31,-196,-4064
1150,1092,10772,-2565,-581,-164,-4064
890,-2154,3518,1415,791,8,-4032
-1808,-4626,8592,-2224,-989,-592,-4032
3700,1290,2082,3104,447,0,-4064
-992,1022,10632,-2308,-333,-322,-4064
-2582,-722,1602,1660,-49,-258,-4064
3684,1522,3106,-1783,-70,111,-4048
-1734,5570,10724,-1468,981,96,-4048
4308,1386,-6406,1974,-70,-260,-4048
2696,10074,17412,-3159,193,61,-4080
-1734,-244,5164,3247,1022,-287,-4048
-882,-7202,9746,-3068,-1241,-529,-4080
-280,2734,5036,1250,369,-47,-4064
4198,-8456,-790,792,318,-10,-4048
-2864,2634,18276,-2310,-462,-104,-4048
148,6232,4904,2416,774,-93,-4032
1394,604,8998,-2501,-227,-103,-4032
-2924,1096,14370,186,-92,-186,-4096
182,-11608,8982,-840,-905,-509,-4096
1658,10762,5144,2558,1011,80,-4064
-1346,82,10144,-1917,-491,-460,-4064
-2774,3572,11858,905,-513,-146,-4064
4692,-1898,2598,309,928,374,-4032
-5438,-13196,17982,-2906,-705,-406,-4064
4894,3236,-5988,2693,1019,68,-4048
2018,-1414,1930,-3307,306,-244,-4048
-2736,10668,10572,269,350,-418,-4064
1566,-4704,-1072,94,-188,-217,-4064
-888,-6780,14654,-2370,-1311,-374,-4064
-616,9032,13158,2494,1474,360,-4048
-2390,-7564,6190,-106,-499,-241,-4048
-510,6832,18292,-1469,-402,-83,-4080
22,-934,5648,1408,883,60,-4048
-982,-5960,7478,-2333,-1062,-564,-4048
2784,-8188,6976,2964,169,-77,-4048
-968,6912,13668,-1809,-113,-265,-4048
-2694,456,3748,1236,64,-363,-4080
4310,800,1474,-1553,149,187,-4064
-2602,1776,11788,-1898,751,-25,-4064
-734,-8856,3428,1953,76,-231,-4064
3086,8576,13014,-3190,236,-18,-4064
-1878,3162,5414,2923,943,-264,-4032
-336,-7402,6986,-2719,-1150,-470,-4064
-940,3692,8308,415,86,-93,-4032
5040,-6796,-3198,839,411,37,-4048
-3176,-1166,16746,-2274,-516,-120,-4048
-436,7564,9872,2240,755,-22,-4048
1686,-1902,4878,-2040,-132,-81,-4048
-3662,1156,16490,-114,-266,-206,-4080
790,-12626,9474,-131,-776,-429,-4048
3382,5856,908,2272,883,70,-4096
-1498,-1014,6996,-1362,-395,-470,-4048
-2010,3738,12542,943,-511,-139,-4032
3846,-292,5446,319,816,390,-4032
-3656,-1134,14448,-2471,-762,-372,-4032
5382,4968,-2578,2728,1022,131,-4032
1544,-5632,1900,-2761,345,-275,-4064
-3532,9232,14386,244,365,-408,-4064
630,-8186,3630,289,-102,-195,-4064
-2846,-372,20786,-2029,-1181,-329,-4064
2782,4372,2960,3159,1459,363,-4096
-1266,-6396,1724,-1525,-922,-274,-4080
-986,7426,13006,75,-31,-60,-4016
2062,-4036,704,695,737,50,-4016
-2994,-1380,12126,-1923,-912,-484,-4064
3496,-3594,3192,2460,-214,-176,-4032
-382,10156,12066,-1183,96,-175,-4064
-2634,-2160,792,1108,45,-399,-4064
2868,3468,5804,-1376,-457,-2,-4080
-506,7002,9024,233,1281,341,-4080
-4430,-14678,13422,812,-990,-412,-4048
2942,10298,17768,-528,582,187,-4080
-990,-4458,4038,2150,782,-258,-4080
-2164,-3918,13318,-2989,-1014,-579,-4048
220,72,2038,2068,604,13,-4080
2400,-8714,4802,-1389,-720,-212,-4048
-2106,5862,17138,-589,476,135,-4080
-90,-4854,-1844,1769,415,-141,-4032
828,2914,13182,-2936,-563,-191,-4064
-1820,974,11466,1124,560,-7,-4032
-144,-10712,7570,-1955,-977,-585,-4064
3582,-446,2804,2972,774,43,-4032
-782,2784,10424,-2205,-376,-438,-4064
-2746,1470,9070,1427,-343,-240,-4064
4328,-1574,4338,-1066,322,285,-4064
-894,5684,8340,-2275,298,-174,-4032
3392,-248,-4862,2009,403,-160,-4048
2294,2796,5608,-3530,251,-108,-4080
-2184,9440,7798,2483,915,-304,-4080
-1684,-5348,12034,-2279,-983,-390,-4048
-2100,3496,16440,-192,-276,-155,-4048
5096,-1966,-3534,2000,923,133,-4048
-2342,3648,17588,-2317,-742,-168,-4096
620,5580,2808,1534,500,-72,-4080
2346,-4548,-252,-816,319,-10,-4080
-4076,-212,16600,-517,-460,-282,-4032
-24,-11284,8400,479,-785,-442,-4096
1496,9770,5130,1555,743,5,-4032
-2302,-3678,2648,-767,-340,-466,-4032
472,4964,12202,245,-599,-83,-4064
4808,-2826,2688,1172,1151,491,-4064
-5836,-12216,19782,-1654,-1269,-489,-4032
3740,8194,11870,2508,1030,246,-4096
290,-9892,2896,-966,486,-283,-4064
-2702,11206,10770,-1312,-244,-499,-4032
1672,-5668,-1304,1775,375,-55,-4032
-1308,-5996,16022,-2594,-1443,-408,-4064
4,9282,11598,2451,1438,352,-4064
-2728,-6962,7704,0,-367,-301,-4064
-640,6376,18294,-1192,-383,-101,-4048
380,-1372,5668,1256,915,87,-4048
-1696,-5412,7842,-2213,-965,-594,-4016
2550,-8716,6832,2926,38,-110,-4048
-1012,7336,14634,-1974,-178,-273,-4048
-2340,450,3236,1579,117,-317,-4048
1552,4708,9634,-1849,-356,46,-4032
864,7034,8006,-664,1194,231,-4048
-468,-9052,2016,1592,-444,-344,-4080
2810,8590,13450,-1523,372,186,-4064
-252,-8692,4424,2843,821,-268,-4032
-3350,-244,17194,-3189,-1166,-536,-4032
-1398,4226,8912,1774,509,-12,-4032
5624,-7082,-3872,-697,-388,-163,-4064
-922,8812,14306,-1329,169,69,-4064
1452,326,-4514,2263,688,-126,-4064
1940,-1640,5034,-2994,-410,-109,-4096
-3700,1366,16416,647,237,-104,-4032
-762,-7432,6902,-1592,-956,-581,-4048
3328,5872,1380,2821,802,62,-4048
-1342,-1518,6818,-1243,-369,-423,-4048
-2034,3578,12638,847,-506,-114,-4016
3788,-1258,5680,506,858,382,-4048
-3528,14,13600,-2492,-628,-394,-4064
5492,4248,-3736,2772,1006,167,-4048
1296,-4668,2614,-2944,293,-261,-4064
-3140,9504,13364,508,418,-404,-4064
412,-8240,4714,4,-238,-217,-4064
-2792,240,20580,-1863,-1123,-297,-4064
3134,3484,1504,2306,1417,360,-4096
-1552,-6530,2756,156,-352,-239,-4064
-20,5040,16876,-1822,-471,-90,-4064
-684,318,8244,1329,886,86,-4064
-3276,-1356,13182,-2337,-966,-571,-4032
3290,-5346,4714,3027,231,-49,-4064
-944,5398,13524,-2291,-197,-291,-4064
-2606,1652,5118,1690,145,-311,-4032
2376,3740,7066,-2039,-312,62,-4080
-54,8572,8790,-1151,1059,126,-4064
1658,-5334,-3444,1982,-157,-323,-4064
2744,6118,9560,-2388,243,73,-4016
-750,-6844,4574,3237,976,-254,-4048
-2778,-3426,15330,-3294,-1267,-548,-4048
-1810,4992,12748,1448,456,-39,-4016
5870,-5514,-5268,-46,-91,-43,-4048
-1916,7886,17042,-1872,-138,-23,-4048
1514,2470,-2848,2463,741,-71,-4080
2208,-3370,2238,-2832,-344,-95,-4048
-1340,684,9590,678,223,-95,-4032
-438,-8808,7280,-1401,-944,-562,-4064
3372,8414,1036,2977,994,111,-4032
-2048,-2930,4708,-2243,-551,-485,-4032
-2912,1898,7542,1347,-392,-164,-4032
4822,-1958,1178,-200,704,294,-4064
-4424,-4924,16158,-2985,-296,-345,-4064
4902,6402,1924,2652,945,-7,-4064
2658,5186,7564,-3594,296,-182,-4032
-1878,8524,6716,1308,632,-355,-4064
882,-7544,2004,-1264,-705,-322,-4048
-2204,-2872,20076,-1153,-686,-237,-4048
5626,-3948,-5206,2963,1370,269,-4016
-3586,-5634,13458,-2291,-1070,-277,-4048
-884,8108,16166,1054,307,-14,-4016
2316,-4472,830,-389,385,-13,-4064
-4178,912,17672,-1307,-848,-379,-4048
1550,-11976,9298,1608,-538,-319,-4080
-716,9480,12696,763,570,-4,-4064
-2046,-2948,4206,-53,-158,-425,-4032
-728,4366,12936,-682,-601,-51,-4080
2804,2932,6378,1117,1273,426,-4048
-3838,-14978,11910,-423,-1275,-497,-4048
4608,6930,5074,1798,810,273,-4064
1020,-8674,2220,80,579,-263,-4064
-4076,5930,17098,-1899,-499,-536,-4032
418,1318,2118,1998,500,-33,-4064
-2108,-3582,18956,-2413,-1220,-337,-4064
764,7850,8108,1469,1143,292,-4032
600,-4132,-3192,821,-56,-203,-4064
1018,1950,11834,-2319,-598,-115,-4032
1066,-2696,3224,1371,809,13,-4064
-1960,-3582,9368,-2316,-947,-597,-4064
3854,628,1516,3172,361,-32,-4048
-1190,1080,10982,-2324,-297,-310,-4048
-2502,-360,1282,1614,55,-338,-4048
3944,1852,2264,-1628,-64,110,-4048
-1766,5628,11180,-1601,856,65,-4048
4184,1762,-5720,2128,-93,-263,-4048
2852,9430,17610,-3011,199,56,-4048
-1878,-514,5992,3195,1007,-259,-4016
-1200,-6800,9982,-2944,-1195,-501,-4048
-614,3090,5362,1069,376,-49,-4032
4278,-8168,-884,309,127,-57,-4064
-2738,2456,17678,-2180,-351,-59,-4032
314,6598,4590,2423,742,-92,-4064
1414,576,8774,-2560,-254,-91,-4032
-2976,1222,14204,105,-164,-219,-4016
350,-12396,8592,-686,-877,-493,-4064
822,9638,7432,2067,828,74,-4048
-1164,430,7894,-1551,-378,-456,-4064
-2426,2716,11358,682,-602,-118,-4048
4244,-1134,5038,289,836,395,-4032
-5458,-13478,18100,-2310,-650,-393,-4064
4660,2934,-4618,2584,924,125,-4064
1832,-1758,3224,-2565,405,-236,-4032
-2766,9868,10860,317,335,-454,-4064
1340,-4376,-474,167,-194,-217,-4064
-2372,1318,19114,-1881,-1165,-336,-4064
3678,1768,-82,2952,1456,329,-4096
-1926,-7064,5286,-967,-878,-255,-4064
-348,5834,18142,-428,-125,-20,-4064
2214,-4982,-358,1099,856,23,-4064
-3672,-1044,15054,-2023,-952,-488,-4064
2536,-6504,6806,2422,-171,-157,-4032
-590,6442,12440,-953,104,-139,-4064
-2480,-2264,1770,825,-24,-377,-4096
2028,5236,7784,-1506,-358,20,-4064
908,7126,6460,308,1343,332,-4048
194,-6886,156,656,-1086,-438,-4080
3138,9264,16790,-178,603,207,-4048
-602,-8394,4470,2081,714,-277,-4048
-3394,-1302,17434,-2860,-1052,-599,-4048
-1434,4112,10638,2168,675,-34,-4048
274,-7688,10416,-1493,-828,-245,-4016
-1220,8096,15172,-388,493,170,-4048
1660,1720,-3686,1822,518,-121,-4048
86,4594,16544,-2856,-552,-143,-4064
-720,176,8762,1059,595,-21,-4064
-824,-8340,7326,-1941,-940,-611,-4064
3138,7444,1426,3124,731,86,-4064
-914,4818,13072,-2500,-482,-377,-4064
-2550,1182,6282,1548,-222,-258,-4096
4736,-956,1804,-1043,415,245,-4064
-4282,-4156,15774,-2528,264,-159,-4064
1792,-3782,-2504,2343,634,-112,-4064
2640,5426,8338,-3729,268,-121,-4032
-2082,8026,6638,2231,837,-335,-4096
1304,-7864,2166,-1900,-839,-345,-4064
-2056,4662,13238,-579,-441,-207,-4032
5778,-4856,-5034,2390,1021,171,-4032
-3522,-4160,14258,-2352,-858,-171,-4032
-764,7616,14682,1535,459,-30,-4064
2374,-3684,1762,-685,364,-7,-4032
-4216,770,17670,-836,-656,-367,-4032
1346,-11610,8918,1147,-682,-329,-4064
-536,8914,12240,672,494,-9,-4064
-1632,-1902,4036,-236,-210,-421,-4032
-642,4138,11216,-132,-512,-73,-4064
2648,2062,6728,628,1095,409,-4064
-4102,-13674,13090,-742,-1069,-477,-4064
4596,5826,3958,1757,832,232,-4032
654,-7084,3786,-301,488,-245,-4032
-3506,6104,15836,-1091,-212,-482,-4080
222,160,2102,1414,255,-75,-4048
-2268,-2962,19002,-2267,-1298,-358,-4016
1614,6774,6194,2127,1403,381,-4048
-118,-4292,-1798,130,-345,-240,-4112
872,2268,12824,-1729,-466,-94,-4048
1318,-2944,2724,1437,892,37,-4048
-2208,-3474,9958,-2171,-994,-570,-4080
3538,-888,3294,2851,116,-91,-4048
-434,8954,12332,-1480,-41,-222,-4032
-2582,-1908,1734,1275,18,-399,-4064
3102,3052,5024,-1731,-259,54,-4064
-958,6924,9062,-322,1287,278,-4064
-3710,-14170,11864,1360,-654,-408,-4032
2690,10146,19088,-1726,357,154,-4064
-1690,-3236,5362,2971,824,-288,-4064
-1406,-5526,12386,-3133,-1188,-565,-4032
172,1020,3146,1727,519,-32,-4064
3166,-8572,2708,-973,-485,-146,-4080
-2442,4932,17638,-969,292,89,-4080
712,4562,1580,2051,576,-154,-4048
1288,2242,11230,-2846,-436,-131,-4048
-2148,976,12256,633,294,-92,-4048
-324,-10590,8412,-1598,-955,-552,-4080
4092,154,808,3141,900,108,-4032
-1150,1610,11384,-2553,-557,-499,-4080
-2672,3464,9818,1502,-263,-186,-4048
4866,-2706,1594,-879,519,290,-4032
-1894,6626,11208,-2948,-19,-264,-4064
4352,744,-6708,2796,942,19,-4048
2160,706,3846,-3714,202,-180,-4048
-2390,10394,9548,1065,545,-398,-4064
1506,-6236,-202,-501,-404,-264,-4032
-2556,3448,17800,-1645,-944,-300,-4032
5072,-952,-3372,3266,1486,310,-4064
-3390,-7126,9818,-1907,-1080,-303,-4032
-586,7492,18102,646,118,-53,-4032
2462,-5428,168,454,627,41,-4064
-4072,394,16982,-1531,-897,-484,-4064
2272,-10228,7560,1648,-559,-252,-4080
-1136,8370,14030,49,425,-35,-4080
-2300,-2908,1226,348,4,-412,-4080
780,5318,10690,-1000,-607,-41,-4048
1792,5840,7128,1064,1329,446,-4080
-2014,-11644,5852,-189,-1293,-461,-4080
3516,7966,12380,1193,724,239,-4048
350,-9688,3612,925,558,-278,-4048
-3880,2230,18146,-2300,-665,-535,-4080
1528,-5544,-870,2096,495,-59,-4064
-1128,-6116,15950,-2308,-1199,-343,-4064
-648,8924,12562,1425,1139,294,-4064
1362,-1328,-4684,942,-68,-233,-4064
-546,6400,18432,-2432,-613,-135,-4064
254,-892,5430,1305,811,49,-4064
-1148,-5698,7070,-2370,-934,-586,-4064
3878,4108,90,3190,519,8,-4064
-946,7964,13882,-2703,-370,-354,-4064
-2548,684,2276,1773,13,-269,-4032
4344,-594,1024,-2017,-101,124,-4048
-3020,2632,13676,-1556,954,62,-4048
-356,-9614,1126,2159,-12,-259,-4016
2710,8722,14472,-3444,79,-30,-4048
-1758,4298,5500,3435,1101,-283,-4080
-3654,-312,17618,-3326,-1274,-555,-4064
-1224,5036,8922,689,220,-44,-4048
5418,-7430,-4698,1019,438,8,-4048
-3386,-1138,17242,-2262,-369,-104,-4064
1706,264,-4742,2455,741,-74,-4064
1854,-1842,4990,-2110,-117,-55,-4080
-3866,948,16766,128,-232,-211,-4048
884,-13424,9882,-314,-892,-485,-4016
3908,6964,208,2427,1010,116,-4096
-1840,-2614,6318,-1204,-379,-481,-4048
-2100,4124,14364,328,-684,-146,-4048
3792,630,5394,781,985,438,-4064
-3858,-2638,15580,-2531,-877,-450,-4064
4936,5600,-544,2756,995,149,-4032
1452,-6178,1718,-2362,420,-255,-4096
-3554,8488,14824,-55,238,-450,-4032
654,-8006,3390,602,-54,-164,-4032
-2568,-1134,20314,-2191,-1268,-340,-4064
2398,5672,3658,3064,1534,360,-4032
-780,-6478,60,-952,-849,-311,-4064
-756,8142,13916,-173,-99,-64,-4048
1914,-4298,656,977,847,85,-4048
-3052,-2032,12320,-1969,-938,-450,-4048
3390,-3186,3956,2526,-226,-215,-4080
-710,9724,12246,-972,109,-149,-4048
-2420,-1570,932,982,24,-371,-4048
3132,3832,4932,-1342,-437,1,-4016
3108,1486,6852,591,1250,367,-4064
-4432,-15220,14400,958,-996,-437,-4080
2674,9904,18954,-402,570,203,-4080
-1324,-5510,5252,1798,678,-267,-4064
-3906,6906,16220,-2734,-933,-572,-4032
518,122,1324,2197,624,-23,-4032
2462,-8468,4372,-1677,-873,-279,-4064
-2254,5586,17518,-247,562,154,-4064
466,-4524,-2318,1838,475,-114,-4032
614,2690,13206,-3017,-562,-162,-4064
-1950,1278,11674,1024,551,-34,-4032
-148,-10818,7334,-2130,-949,-608,-4048
3708,-136,2114,3071,693,53,-4048
-1032,1988,10962,-2556,-471,-393,-4080
-2590,2778,9188,1646,-153,-235,-4112
4818,-2684,2450,-1179,304,246,-4048
-1560,6744,10400,-2613,335,-184,-4048
4156,386,-6790,2706,828,-78,-4032
2220,894,4828,-3240,267,-247,-4048
-2658,10938,9578,763,457,-435,-4048
1846,-6676,-966,-135,-289,-234,-4048
-2018,-4880,17776,-1909,-1105,-312,-4048
5168,-1476,-3600,3257,1485,342,-4048
-2976,-6566,9582,-1620,-955,-252,-4048
-898,7170,18122,216,50,-32,-4048
2394,-4970,-326,386,665,41,-4064
-4232,154,16900,-1504,-865,-438,-4064
2210,-9674,7682,2910,90,-76,-4064
-884,7388,14040,-1741,-165,-228,-4064
-2680,-208,3396,1213,7,-374,-4064
4090,1786,1810,-1469,-147,83,-4032
1376,5594,7808,-556,1151,270,-4048
-1840,-10268,6024,1384,-681,-384,-4080
3190,9268,14358,-1319,462,169,-4048
-1876,1482,5176,2544,776,-270,-4048
-3682,1636,17584,-2935,-1130,-524,-4048
-854,3010,6700,1749,534,-57,-4048
4648,-7560,-1498,-813,-454,-174,-4016
-244,8456,12040,-688,434,149,-4064
1222,-984,-4390,2158,655,-139,-4048
1596,-566,7424,-2920,-453,-137,-4048
-3324,1424,15548,652,273,-82,-4080
-932,-6252,7162,-1506,-921,-577,-4032
3376,3888,1886,2584,664,31,-4064
-976,1016,7664,-1989,-327,-389,-4032
-2090,2622,9904,1392,-363,-204,-4064
3756,1108,4350,-813,413,275,-4064
-2578,1208,11886,-2104,151,-189,-4064
4658,1736,-3334,2304,609,-83,-4064
1250,-2506,5184,-3423,295,-147,-4032
-1708,2476,4198,2300,838,-353,-4048
-142,-7162,7410,-2134,-940,-382,-4048
-2656,1848,19232,-670,-522,-203,-4064
4108,1566,-970,2484,1145,183,-4064
-3068,116,17522,-2098,-897,-216,-4032
-452,6490,8682,1115,314,-18,-4064
2132,-4740,-38,-228,449,12,-4064
-3516,-1262,14562,-1079,-761,-378,-4064
386,-11776,9470,1149,-700,-321,-4064
870,10322,7410,760,609,-31,-4064
-2400,-2748,832,-539,-217,-422,-4048
1546,4804,9074,-151,-569,-58,-4048
4296,-998,3980,1041,1231,435,-4048
-5544,-14534,17966,-1090,-1234,-508,-4048
2998,9136,16684,1984,879,241,-4048
-356,-8454,4220,-226,532,-261,-4080
-3112,9662,13246,-1674,-442,-511,-4048
1420,-3328,-666,1931,476,-19,-4048
-114,-7658,11756,-2417,-1353,-409,-4048
3588,3104,564,2402,1455,343,-4032
-2030,-6840,3810,-61,-418,-267,-4032
10,5518,16964,-1584,-441,-87,-4064
-466,-302,7652,1300,860,39,-4032
-3404,-922,13868,-2247,-947,-564,-4064
3190,-6366,5228,2949,169,-58,-4032
-1062,6174,13834,-2016,-159,-252,-4032
-2608,1054,4664,1522,128,-347,-4064
2046,4502,7790,-1854,-186,78,-4064
348,7416,8628,-821,1116,159,-4032
704,-6418,-112,1690,-471,-330,-4064
2864,7172,10668,-2155,291,93,-4032
-686,-7406,4962,2785,799,-272,-4080
-2812,-1810,15788,-3021,-1102,-531,-4080
-1624,4378,10832,1500,462,-62,-4048
5660,-5834,-4594,-544,-232,-131,-4048
-1566,7846,15380,-1488,49,33,-4048
1576,2198,-3332,2221,659,-118,-4016
2062,-2854,3088,-2806,-408,-118,-4016
-914,462,8716,703,286,-62,-4032
-596,-8228,6926,-1164,-889,-525,-4048
3212,7282,1392,2818,923,66,-4048
-1672,-2604,5912,-2172,-487,-457,-4080
-1720,4868,13680,1398,-371,-158,-4048
4620,-2452,1956,-196,647,304,-4080
-4438,-3580,17004,-2871,-403,-356,-4048
5278,5924,-102,2927,1050,24,-4048
2432,5924,9562,-3901,154,-219,-4064
-1902,8278,6400,1233,643,-328,-4048
1038,-8484,1902,-1151,-618,-289,-4096
-2758,-1562,20964,-1306,-784,-253,-4032
5818,-5070,-5294,3100,1389,311,-4032
-3564,-4188,14350,-2124,-1004,-251,-4064
-1046,7392,15318,873,159,-52,-4064
1732,-3642,1862,231,525,35,-4032
-4136,632,17500,-1311,-804,-459,-4064
1374,-12628,9714,1797,-592,-283,-4032
-750,10710,13202,-104,456,-54,-4064
-2334,-1128,-610,444,-77,-439,-4048
-988,4564,14932,-1068,-752,-94,-4016
2704,2874,6990,1504,1434,451,-4048
-3536,-15754,10934,-318,-1355,-495,-4080
2330,9954,20712,1089,762,290,-4016
1034,-9360,1020,1160,712,-261,-4048
-4098,5246,17758,-2630,-758,-551,-4048
-264,2062,3344,2460,665,-12,-4080
-2280,-4536,19216,-2508,-1362,-347,-4064
724,8524,9194,870,984,281,-4048
644,-4204,-3696,936,-50,-210,-4064
1112,2066,11146,-2478,-579,-127,-4064
1100,-2600,3236,1341,858,41,-4032
-2184,-3658,9108,-2522,-1013,-606,-4064
4134,1864,314,3317,602,13,-4032
-1176,224,9950,-2746,-437,-402,-4064
-2504,-32,1360,1737,-16,-288,-4064
4208,1154,1636,-1659,75,171,-4064
-2202,4826,11602,-1729,840,47,-4048
4750,2242,-6170,2103,73,-228,-4080
2702,9548,16586,-3269,211,7,-4048
-1612,762,5234,2985,1000,-302,-4064
-836,-7504,8908,-2697,-1091,-458,-4064
-2622,2366,19494,190,-88,-135,-4032
4976,-8322,-2076,1705,707,121,-4064
-3160,882,18304,-2469,-815,-197,-4064
30,7066,6606,2265,729,-66,-4080
2410,-5330,-630,-1923,-31,-73,-4048
-3358,1488,15598,-133,-261,-238,-4048
452,-12744,8972,-8,-808,-468,-4048
610,10888,7740,1895,803,18,-4048
-2296,-2826,540,-1056,-367,-455,-4048
-2526,4144,12794,384,-635,-85,-4016
4456,-1872,3938,1033,1113,432,-4080
-5834,-14958,19124,-2208,-1141,-439,-4080
5244,4410,-5128,2814,1130,183,-4064
1738,-3988,1684,-2429,369,-281,-4064
-3162,10990,12886,-248,180,-419,-4064
1450,-3472,-1638,848,2,-144,-4032
-2880,750,21224,-2300,-1335,-354,-4064
3282,3106,1100,3110,1548,353,-4064
-1458,-7108,3006,-843,-761,-262,-4064
-146,5378,17598,-764,-224,-99,-4064
2174,-4656,-208,1145,908,70,-4032
-3586,-1114,13618,-1952,-921,-529,-4080
3230,-5980,5110,2526,-267,-213,-4048
-990,5552,14214,-1317,103,-180,-4048
-2346,-2616,-628,1445,117,-363,-4016
2412,3094,7784,-1896,-567,16,-4080
-480,8342,10184,227,1394,348,-4048
-4938,-16068,14668,866,-1001,-452,-4064
2626,10388,19588,-1330,379,175,-4080
-734,-6250,4350,2784,896,-268,-4080
-2616,-3636,14686,-3197,-1098,-547,-4096
776,-790,604,2167,634,4,-4064
1542,-8884,7038,-1374,-780,-251,-4064
-1698,7342,16926,-566,492,134,-4032
1490,3002,-2468,2066,570,-107,-4064
414,4138,15288,-3143,-575,-156,-4032
-1416,776,9900,869,386,-40,-4048
-340,-9662,7088,-1565,-986,-593,-4016
2744,8828,2694,2790,909,90,-4016
-942,3034,12142,-2189,-485,-414,-4064
-2884,1452,8550,1160,-500,-226,-4048
4630,-1208,2648,-301,677,349,-4048
-4626,-6888,16212,-2594,55,-223,-4032
2250,-1842,-3188,2289,675,-102,-4032
2814,4498,5948,-3512,333,-123,-4064
-1968,8370,6716,1758,796,-370,-4064
1162,-6978,1894,-1544,-749,-369,-4064
-1798,3770,14288,-817,-589,-226,-4064
5292,-3194,-4186,2549,1185,207,-4064
-3346,-5250,12516,-2149,-974,-253,-4032
-816,7432,16172,1139,399,-44,-4064
2266,-4510,746,-543,357,4,-4016
-4218,226,17716,-934,-687,-368,-4048
1376,-10924,9552,1093,-685,-355,-4048
-386,8710,11986,1020,562,-31,-4048
-1994,-2046,4504,-425,-233,-430,-4048
-324,4472,11584,114,-528,-50,-4048
2572,2616,6826,891,1104,423,-4016
-5180,-8336,18048,-1323,-1105,-449,-4032
4456,5978,5964,2155,868,221,-4048
800,-8784,3602,-464,468,-293,-4080
-4096,5182,17356,-937,-201,-468,-4064
1440,-7128,560,1417,256,-94,-4064
-2256,-3524,18950,-2282,-1294,-364,-4064
952,7560,7876,2406,1407,324,-4064
320,-4122,-2534,-104,-450,-222,-4064
-988,7002,16862,-1467,-407,-119,-4064
1122,-2604,3342,1322,856,55,-4064
-1978,-3354,9242,-2175,-947,-549,-4064
3776,-144,1728,2679,-61,-107,-4048
-844,8948,13420,-1460,-35,-191,-4016
-2524,-1240,1372,1258,99,-343,-4048
3600,2316,3462,-1584,-268,59,-4048
-1380,5460,10546,-511,1173,213,-4048
-2950,-13010,9008,1640,-449,-364,-4064
3080,9718,16876,-2164,313,122,-4064
-1772,-1378,5334,2770,854,-252,-4080
-1162,-5946,10934,-2999,-1151,-560,-4048
-246,1802,4458,1673,515,-11,-4048
3668,-8572,1378,-540,-314,-143,-4048
-2834,3422,18000,-1354,96,54,-4080
582,5758,3128,2148,624,-59,-4048
2352,-5022,64,-2108,-122,-103,-4032
-2600,1492,13374,-19,-250,-212,-4064
156,-11422,7806,-248,-817,-437,-4032
1496,9284,5532,2045,814,60,-4032
-2254,-2654,2742,-1407,-317,-470,-4064
-2570,2348,9838,745,-517,-112,-4032
4452,-1690,3820,155,848,394,-4032
-5352,-10518,17702,-2142,-742,-392,-4032
4362,7172,8738,2461,972,110,-4064
2024,932,4432,-2398,364,-256,-4032
-2246,10134,8802,509,407,-422,-4048
1486,-5992,-596,-91,-230,-234,-4048
-1434,-5382,16686,-1831,-1048,-309,-4048
4628,-430,-2710,3025,1504,322,-4048
-2852,-6644,8202,-1141,-890,-274,-4048
-712,6236,18276,-240,-134,-97,-4048
2338,-5134,-94,790,692,71,-4064
-3850,-586,16394,-1800,-911,-466,-4080
2254,-8954,8224,2338,-282,-170,-4048
-850,8344,13572,-371,335,-82,-4064
-2552,-3546,2348,741,-50,-389,-4032
870,4748,11148,-1274,-549,23,-4032
1364,5972,7624,858,1358,427,-4032
-1206,-10692,4214,498,-1187,-470,-4064
3408,8928,14066,93,605,242,-4064
94,-9308,2944,1955,756,-278,-4032
-3610,978,17634,-3018,-1007,-557,-4032
-1052,4138,7564,2242,732,31,-4032
-656,-6984,13756,-2044,-1067,-351,-4048
-754,9356,13394,-141,622,178,-4064
1518,-648,-4582,1757,418,-191,-4032
1750,-906,5880,-2895,-583,-138,-4064
-26,-616,6658,926,547,-1,-4032
-1212,-6124,7136,-1986,-947,-582,-4032
4004,5614,-248,3193,863,76,-4032
-1662,-1536,7404,-2657,-521,-443,-4064
-2746,634,4346,1613,-227,-261,-4096
4708,-380,1054,-1064,431,293,-4064
-3332,180,13712,-2714,172,-195,-4032
5244,4964,-3510,2331,502,-141,-4048
2790,7696,12072,-3800,196,-114,-4016
-1904,5460,5968,2558,931,-315,-4016
396,-7928,4614,-2154,-917,-426,-4048
-2680,-108,20198,-473,-333,-181,-4048
5908,-6230,-5018,2165,1004,176,-4048
-3508,-2222,15802,-2549,-911,-231,-4048
-492,7820,11402,1712,477,-34,-4080
2108,-2478,3618,-1407,106,-12,-4064
-3998,1148,17044,-602,-571,-333,-4048
1038,-13098,9426,492,-798,-389,-4032
-404,10302,11476,1445,692,37,-4064
-1618,-2534,5536,-635,-276,-452,-4064
-1610,4602,13048,68,-649,-78,-4032
3556,54,5640,1125,1122,461,-4064
-5016,-15284,16322,-1592,-1229,-516,-4064
5170,5420,-50,2475,1027,210,-4064
1080,-6950,2608,-1098,462,-296,-4032
-3752,8356,15842,-1066,-146,-481,-4064
640,-1174,308,1236,157,-142,-4080
-2794,-1500,20916,-2413,-1371,-368,-4048
2086,5876,4458,2733,1468,353,-4016
-342,-5300,-878,-404,-550,-257,-4080
560,3726,14478,-1241,-353,-75,-4080
1628,-3692,1724,1300,941,82,-4048
-2770,-2398,11206,-2244,-948,-550,-4080
3676,-2146,2904,3031,80,-84,-4048
-868,2814,12550,-2124,-172,-258,-4048
-2316,-1432,-206,1842,118,-295,-4032
3414,2316,4542,-2089,-245,99,-4064
-1172,8494,10260,-611,1248,205,-4080
3680,-822,-7426,1786,-420,-319,-4016
2224,10396,20968,-2472,210,67,-4048
-1438,-3346,5478,3500,995,-225,-4080
-1592,-6452,12274,-3357,-1280,-551,-4080
66,1598,3144,1804,549,0,-4032
3280,-9132,1970,-24,-77,-125,-4080
-2408,4950,18124,-1998,-183,-30,-4080
850,5124,1236,2363,780,-111,-4048
1182,2170,11538,-2912,-351,-125,-4064
-2462,1000,12630,601,167,-135,-4032
-224,-11774,8832,-1307,-1005,-576,-4032
1772,10532,5198,2887,982,90,-4032
-1224,338,10564,-2058,-560,-474,-4064
-2782,3448,11114,1149,-497,-144,-4032
4972,-2794,2104,166,863,377,-4032
-5716,-12052,18958,-3019,-588,-381,-4032
4618,1988,-6896,2828,1081,86,-4064
2072,-60,2968,-3653,258,-217,-4048
-2418,10848,9922,1289,610,-368,-4080
1480,-5804,-438,-735,-500,-304,-4048
-2672,2928,18702,-1488,-938,-301,-4048
4762,-420,-2672,3228,1439,291,-4048
-2964,-7502,8470,-1988,-1086,-299,-4080
452,6746,4812,1145,339,-6,-4032
2440,-5548,-512,377,648,3,-4048
-4312,38,17070,-1315,-843,-422,-4064
2510,-8590,7176,1700,-536,-272,-4064
794,9654,7906,201,371,-40,-4064
-2256,-2176,1920,217,-75,-405,-4032
1252,4582,9016,-544,-518,-41,-4064
1260,5770,7366,774,1212,414,-4032
-5544,-12756,18478,-326,-1195,-456,-4064
3566,8008,12784,1358,746,261,-4032
304,-8896,3976,450,563,-254,-4032
-3804,1472,17456,-2000,-617,-495,-4064
1470,-4836,-630,1991,491,-54,-4064
-792,-6328,14530,-2148,-1184,-324,-4064
-574,8604,12594,1146,1067,273,-4064
1418,-816,-4560,1035,87,-218,-4064
-568,6162,18052,-2498,-597,-154,-4064
2,-592,6296,1248,794,18,-4032
-1100,-5626,7090,-2187,-943,-556,-4048
3900,3846,422,3040,293,-17,-4080
-998,7512,14396,-2232,-270,-307,-4048
-2460,92,2752,1643,67,-309,-4048
4226,424,1648,-1700,-48,120,-4016
912,6458,8500,-970,1095,168,-4032
-1058,-10100,3484,2097,-136,-263,-4048
2928,8490,14600,-2954,201,29,-4048
-1950,3204,6008,3197,936,-250,-4080
-3562,-6,17758,-3048,-1229,-542,-4032
-1072,4118,8426,1243,386,-55,-4032
5080,-7312,-3188,140,46,-61,-4032
-3274,-198,16998,-1993,-213,-53,-4064
1362,-450,-4424,2397,704,-104,-4064
1868,-976,5726,-2647,-288,-140,-4064
-3572,1226,15716,344,-28,-167,-4064
660,-12736,9242,-911,-933,-514,-4064
3700,5368,260,2478,927,97,-4064
-1378,-1098,7078,-2035,-458,-472,-4048
-2208,3290,12568,1049,-432,-179,-4080
3794,-330,5276,-151,756,372,-4048
-2958,646,12594,-2685,-355,-302,-4048
4652,4000,-2590,2550,836,10,-4048
1632,-3676,3110,-3104,311,-185,-4048
-1904,3922,5850,1574,657,-400,-4032
-62,-7540,6210,-655,-473,-276,-4080
-2376,256,19656,-2070,-1179,-321,-4064
3038,3516,1076,2721,1497,342,-4064
-1726,-6844,3008,-658,-719,-269,-4032
76,5256,17214,-960,-293,-71,-4064
2250,-4926,104,1365,882,57,-4032
-3268,-1464,14126,-2174,-995,-558,-4096
2872,-5380,5960,2750,-39,-118,-4064
-832,5450,12770,-1183,27,-202,-4064
-2606,-2160,1774,1000,-15,-373,-4032
4422,-204,2604,-1530,67,123,-4064
540,7108,7566,-1696,825,-1,-4064
576,-5734,-494,1768,-216,-315,-4080
2918,7430,10376,-2723,275,46,-4048
-1804,6270,5346,3073,952,-243,-4048
-3156,-2132,16890,-2990,-1240,-515,-4080
-1478,4398,11476,937,311,-71,-4048
5466,-5580,-4750,523,274,11,-4048
-1582,7752,16022,-1930,-248,-35,-4032
1586,2464,-2836,2144,695,-63,-4048
2188,-2974,2270,-2124,-141,-117,-4048
-3916,508,17104,197,-39,-172,-4064
-484,-8446,6668,-702,-859,-473,-4064
2946,7670,1166,2364,867,76,-4032
-1940,-2540,5094,-1808,-457,-490,-4064
-1218,4144,13082,900,-512,-151,-4064
4870,-1300,1374,314,893,370,-4064
-4432,-5632,16580,-2601,-757,-392,-4064
4748,6140,2820,2712,1017,79,-4032
1078,-7772,2272,-2613,396,-236,-4032
-2130,8998,6996,694,495,-431,-4048
1398,-7466,1124,-241,-268,-204,-4016
-2580,-2718,19456,-1861,-1036,-274,-4048
1536,7100,6310,3170,1485,324,-4080
-3378,-5324,13130,-1520,-979,-289,-4048
-916,7530,16264,226,-44,-35,-4048
1424,-3332,2432,780,726,19,-4048
-4338,504,17572,-1456,-837,-427,-4032
1514,-11836,9390,2253,-351,-182,-4048
-930,8956,13350,-220,328,-123,-4064
-2592,-1108,1704,583,-44,-413,-4064
-476,4250,12140,-880,-509,-22,-4032
2436,2928,7738,558,1192,403,-4032
-3504,-13590,11304,500,-1124,-427,-4000
2748,9432,17718,3,573,265,-4048
632,-8222,3266,1428,626,-264,-4064
-3890,4428,17062,-2405,-796,-508,-4064
-358,1502,4032,2086,578,-4,-4064
3566,-8250,1790,-1677,-967,-238,-4032
358,7718,9598,164,681,175,-4096
966,-3116,-3236,1666,328,-146,-4064
1184,1300,10250,-2859,-595,-167,-4064
-2716,1418,13260,1057,631,-23,-4064
-1920,-4306,8586,-2021,-866,-586,-4032
3802,1702,1370,2969,580,16,-4080
-930,1562,9286,-2529,-382,-405,-4080
-2448,2752,9630,1555,-132,-269,-4048
3972,2162,2968,-1611,185,224,-4048
-1794,5334,10292,-2171,623,-52,-4048
4544,1952,-6988,2078,394,-180,-4048
2712,9898,17026,-3462,230,-46,-4064
-1746,106,5142,2838,968,-288,-4048
-734,-7042,9320,-2561,-1064,-419,-4080
-2566,2642,18834,349,0,-76,-4032
4600,-8204,-1568,1480,610,60,-4064
-2996,1788,17594,-2418,-705,-167,-4064
198,6134,6038,2045,643,-60,-4064
2408,-4610,-144,-1495,125,-71,-4064
-3126,954,14914,-292,-368,-266,-4064
122,-12396,9762,142,-878,-454,-4032
912,11214,7014,1785,864,37,-4064
-2342,-3596,88,-944,-424,-465,-4032
-2532,4600,12818,371,-613,-112,-4048
4652,-1556,2704,1007,1161,477,-4016
-5812,-14532,18206,-2414,-1089,-473,-4080
3182,9382,15902,2697,1046,205,-4080
1706,-3422,1660,-1807,435,-265,-4048
-2850,10438,12496,-707,-18,-440,-4048
1290,-3752,-746,1153,153,-114,-4080
-2974,1358,20078,-2294,-1349,-371,-4064
3952,2686,-468,3126,1595,368,-4064
-2100,-7262,4458,-615,-681,-288,-4080
-176,5850,17956,-958,-306,-105,-4048
-378,-484,7178,1337,913,37,-4048
-3850,-730,14834,-2217,-1013,-565,-4048
3146,-6582,5468,2849,-22,-72,-4016
-930,5886,13512,-1686,-86,-241,-4080
-2346,-2134,592,1165,93,-381,-4064
2250,4354,7382,-1525,-369,45,-4064
302,7010,8590,67,1279,298,-4032
252,-6964,838,1195,-895,-414,-4064
2888,8870,17114,-855,485,218,-4032
-566,-7956,4878,2433,753,-272,-4032
-3050,-1614,16654,-2888,-1046,-515,-4064
-1590,4210,10528,1928,560,-4,-4064
752,-7544,10396,-1092,-569,-193,-4032
-1372,7938,15270,-823,324,67,-4032
1468,1838,-3654,1860,511,-140,-4080
2172,-2598,3196,-2987,-526,-154,-4080
-766,482,8616,918,490,-49,-4080
-612,-7960,6484,-1811,-926,-578,-4048
3206,6930,1174,2903,774,64,-4048
-1548,-2412,6052,-1631,-431,-430,-4048
-1738,4330,13282,1082,-384,-190,-4032
4700,-1646,1516,69,772,343,-4064
-4216,-2690,16260,-2842,-539,-356,-4064
5088,5698,-552,2930,980,86,-4064
1280,-6802,1826,-3325,254,-237,-4032
-1966,7428,6522,863,519,-368,-4032
960,-8382,2732,-269,-373,-247,-4032
-2714,-1128,20530,-1789,-1019,-307,-4032
2454,5666,3512,3252,1526,313,-4032
-3654,-3768,15256,-2051,-1020,-264,-4048
-986,7566,14274,771,148,-36,-4048
1864,-4106,1404,321,616,22,-4016
-2964,-1796,11796,-1312,-843,-450,-4048
1040,-12826,10252,1657,-640,-289,-4048
-396,10678,11700,4,456,-21,-4048
-2178,-1922,-790,479,-4,-430,-4048
2838,3388,5472,-1104,-645,-53,-4048
3050,1382,6342,867,1367,426,-4032
-4520,-16118,14240,512,-1155,-447,-4032
2536,9356,20304,847,612,254,-4048
-1242,-5628,6152,1403,653,-267,-4080
-3640,6870,15606,-2488,-783,-554,-4048
474,-108,1670,2287,587,-20,-4080
2130,-8570,5620,-1940,-1058,-284,-4048
-2336,6450,17592,547,922,225,-4048
-370,-6084,-1242,1585,171,-206,-4016
784,3702,14526,-2900,-595,-166,-4016
-1686,1284,10386,1276,731,14,-4048
-2638,-2530,11248,-2436,-1014,-589,-4032
3700,-1764,2872,3111,526,18,-4032
-902,3346,11414,-2504,-300,-361,-4064
-2742,2340,7846,1537,-27,-276,-4032
3264,3424,4274,-1640,98,164,-4032
-650,7588,9050,-1931,793,-7,-4096
2818,-1602,-4812,2051,86,-244,-4064
2602,3976,6120,-3319,197,-26,-4032
-1354,-4412,5220,3007,971,-306,-4032
-2048,-4644,13300,-2953,-1174,-501,-4080
-1830,4032,14970,753,285,-97,-4080
5006,-2954,-4264,776,340,-18,-4016
-2560,4962,17686,-2262,-501,-154,-4048
1220,5012,538,2251,711,-49,-4080
2312,-4790,362,-2094,-121,-84,-4080
-2046,1460,12074,152,-110,-168,-4064
14,-10812,7284,-229,-808,-423,-4080
2068,9670,3878,2051,899,68,-4048
-2346,-3076,2916,-1679,-435,-438,-4032
-2882,2770,9540,834,-506,-138,-4064
4840,-2376,2340,453,845,416,-4032
-5364,-10580,18836,-2699,-787,-415,-4064
4172,7786,8648,2826,1088,116,-4032
2296,1130,4144,-2831,351,-263,-4064
-2434,11122,8860,162,344,-434,-4064
1856,-6414,-1350,344,-79,-203,-4064
-1890,-5318,17516,-2175,-1219,-348,-4032
5062,-904,-3848,3151,1530,347,-4064
-2898,-6864,8896,-1172,-871,-284,-4032
-744,6984,18244,-324,-161,-60,-4000
694,-1906,4492,1071,824,77,-4032
-4228,-30,16808,-1887,-943,-491,-4064
2212,-10098,8212,2664,-193,-163,-4064
-1048,7824,15022,-1186,31,-156,-4032
-2792,220,3140,1109,0,-369,-4048
816,3774,11118,-1200,-530,13,-4016
1136,5274,9292,417,1284,342,-4016
-1540,-11030,5922,1094,-990,-397,-4048
2820,8648,15386,-319,541,177,-4048
108,-8992,3882,2187,754,-268,-4048
-3756,1162,17574,-2822,-1017,-570,-4048
-1040,3840,7418,2038,625,-34,-4048
-798,-6766,14448,-1691,-886,-294,-4032
-836,8860,13436,-102,660,184,-4032
1710,-380,-4790,1801,396,-142,-4064
