AcX,AcY,AcZ,GyX,GyY,GyZ,Tmp
2022,1136,8640,-1211,467,-368,-2720
-3702,-1906,8188,725,-573,107,-2720
2808,-8132,7244,-197,-251,-421,-2752
862,6860,3638,250,250,-323,-2688
2100,-7936,13834,856,508,-182,-2720
-3104,5582,6850,-1118,-281,24,-2688
3172,2312,5802,-618,94,-93,-2720
834,-9662,10482,655,280,-138,-2720
-676,2140,6406,-36,-251,37,-2688
3892,998,11516,699,607,-351,-2720
-1808,3454,8314,-1555,497,-251,-2752
-508,-5976,9232,-149,16,-129,-2752
2920,-1836,4968,-66,343,-416,-2720
-1754,-2930,8858,90,376,-37,-2752
-3524,-2066,9920,622,-716,334,-2736
4592,13082,3046,-1109,250,-345,-2752
-4102,-7504,10602,376,-154,24,-2736
1872,-1280,8410,-497,-442,-198,-2736
2768,-9074,11906,902,360,-478,-2736
274,2816,7590,-247,230,-118,-2704
312,8154,7576,-419,459,-219,-2704
-268,-6214,10780,380,-112,51,-2736
3130,2044,6136,-943,105,-126,-2736
-1314,1226,5050,570,70,-117,-2736
488,-5974,12326,682,-69,-73,-2704
2150,8212,7644,37,677,-381,-2736
-1536,4624,8536,-1454,190,-181,-2736
-1044,-1652,5510,177,-53,-178,-2736
3344,-5326,7758,72,500,-390,-2736
-3836,894,6646,-9,-91,152,-2736
-406,-6192,11244,1188,-537,107,-2704
2906,4756,6744,-1186,455,-344,-2736
-4140,-4934,10496,743,-541,106,-2736
2880,-6838,6808,-318,-240,-397,-2736
1136,5146,4536,357,290,-322,-2736
2216,-8336,13560,815,460,-166,-2704
-2340,7158,6850,-1347,42,-60,-2752
116,4530,4096,265,-317,49,-2720
1786,-2430,6234,-133,319,-248,-2720
-2150,1948,7582,255,-119,9,-2720
2122,1810,7824,494,-90,-106,-2720
338,12176,5540,-778,659,-373,-2720
-1990,-3172,8096,-430,208,-197,-2720
782,-2608,8066,-192,-7,-287,-2720
1300,1262,4708,-78,513,-262,-2736
-4034,-1368,9198,127,-543,332,-2736
2002,-420,10198,397,-173,-155,-2704
-874,-2712,9516,-756,169,-151,-2704
-1782,4874,3746,39,-743,34,-2768
2668,-9202,10772,717,75,-522,-2720
-8,6614,5788,-341,132,-195,-2720
1362,1314,10022,400,438,-168,-2720
-2686,-1818,8758,-937,-280,0,-2752
2980,2890,5872,-259,-46,-93,-2720
1100,-10804,10706,651,409,-218,-2720
-988,3744,6200,-297,-304,84,-2752
3606,2786,8600,592,396,-268,-2720
-948,4836,9898,-1262,649,-321,-2688
-920,-2426,5506,221,-91,-198,-2736
3498,-5496,7588,-12,499,-358,-2736
-3508,378,6802,-29,-280,228,-2704
1854,-2392,10558,1183,-396,-17,-2704
-760,-2366,9890,-1195,432,-331,-2720
-4324,-8024,11926,665,-644,115,-2720
2570,-4906,6390,-107,-176,-429,-2720
134,6816,5960,209,224,-282,-2752
1466,722,9910,753,463,-157,-2720
-1792,8068,7338,-1459,-151,-32,-2720
-240,3522,4316,119,-245,18,-2720
1386,-10386,10472,298,433,-224,-2720
-1196,3598,6680,-36,-193,21,-2688
1642,316,9068,362,16,-153,-2720
782,13190,4634,-973,673,-374,-2688
-436,-11582,12546,-102,223,-190,-2752
296,-1806,7842,-413,-22,-268,-2704
1792,-530,5252,96,546,-208,-2720
-4322,-72,8506,139,-713,348,-2736
4136,13276,3530,-314,-35,-270,-2704
-3816,-6572,9872,-273,12,-55,-2736
-2002,5572,3470,-377,-677,-23,-2736
2734,-10400,10716,1196,300,-504,-2704
-8,4166,8080,-728,79,-111,-2704
536,10942,5560,-70,487,-194,-2736
-3100,-1340,8714,13,-129,32,-2704
3094,3676,5294,-805,165,-110,-2736
-862,-1654,6506,573,251,-117,-2736
20,-4490,10896,235,-193,-14,-2736
3744,2334,8258,715,693,-428,-2736
-978,5624,9886,-1799,374,-207,-2736
-860,-2162,5428,136,-26,-150,-2736
3602,-6054,7812,-62,435,-423,-2736
-978,-968,7798,132,197,12,-2704
-1180,-6426,11734,1013,-623,223,-2736
3564,8174,5276,-1284,399,-344,-2704
-4250,-7578,11380,873,-294,82,-2704
1218,1402,7090,-627,-358,-265,-2688
1536,1686,6750,745,287,-396,-2720
1936,-6692,11886,301,379,-131,-2720
-2072,7474,7786,-914,274,-161,-2720
-138,-10030,13008,415,-227,55,-2720
1650,-548,5198,-756,227,-181,-2720
-2222,1566,7296,589,-25,-88,-2720
1836,266,8716,670,-104,-43,-2720
3156,4934,9946,-404,647,-386,-2720
-2214,-1734,7872,-991,138,-194,-2752
302,-1328,7388,33,-61,-258,-2720
3554,-6202,7774,66,563,-349,-2736
-3682,1268,6574,-112,-376,264,-2720
1904,-2912,10858,1222,-370,-40,-2720
-674,-3342,10076,-1122,334,-284,-2720
-4110,-8128,11962,585,-693,102,-2736
2552,-5830,6576,145,-124,-478,-2704
180,6910,5926,75,219,-286,-2704
1332,1132,9430,766,463,-162,-2736
-1786,7774,7230,-1435,-211,-12,-2736
-478,4204,3856,47,-213,8,-2704
1106,-11082,10682,614,359,-167,-2736
-1312,4234,5930,-229,-313,55,-2704
3796,2138,8794,671,398,-295,-2736
-932,6622,8934,-1518,624,-279,-2736
-410,-11378,12144,82,81,-121,-2736
2820,866,4034,-436,271,-384,-2704
-1220,-180,7580,184,427,-78,-2704
-1000,-6960,11962,557,-707,328,-2704
4338,13246,3410,-1090,186,-320,-2704
-4090,-7376,11430,921,-272,73,-2736
1238,1468,7112,-647,-338,-275,-2704
1538,2630,6654,573,304,-405,-2704
2070,-7156,11906,525,447,-127,-2736
-1878,6532,8514,-879,371,-159,-2720
-10,-11114,13996,441,-204,86,-2720
1978,30,5008,-805,231,-198,-2752
-2318,1734,7520,616,-14,-65,-2720
1806,-108,8590,627,-111,-107,-2720
2950,5500,9822,-463,618,-401,-2688
-2208,-1948,7688,-883,177,-176,-2720
370,-2284,7920,-11,-15,-246,-2720
1612,932,4558,17,504,-351,-2720
-3490,-418,7106,-17,-357,240,-2688
1610,-2298,10520,1100,-400,-24,-2720
-306,-2730,10064,-1060,361,-302,-2720
-4176,-8652,12348,575,-655,105,-2704
2550,-3990,5942,191,-105,-464,-2720
250,6264,5906,52,251,-295,-2752
1418,-224,10404,665,465,-177,-2720
-1694,7398,7924,-1433,-185,7,-2736
-238,3860,4084,90,-197,17,-2704
1130,-11126,10808,416,384,-249,-2704
-1148,3984,6316,-155,-247,28,-2704
1604,-1026,9444,483,61,-149,-2736
874,12526,4960,-971,711,-333,-2736
-546,-10258,12034,-164,210,-160,-2704
2350,628,4136,-435,12,-298,-2736
2088,-452,5206,44,516,-212,-2704
-4410,160,8250,113,-652,315,-2672
3884,11102,4682,-32,-120,-203,-2736
-3462,-5674,9116,-478,63,-99,-2704
-2548,4422,3870,-176,-706,-27,-2672
2898,-11406,11006,1169,278,-552,-2736
-352,5572,7400,-723,77,-135,-2704
622,10230,5478,107,427,-181,-2704
-3186,1210,7640,-261,-162,17,-2736
2318,4162,5098,-609,58,-82,-2704
-124,-3734,7424,573,307,-104,-2704
-214,-2804,9594,19,-211,36,-2672
3450,3782,6882,701,631,-363,-2736
-710,6850,9472,-1655,511,-230,-2768
-824,-3464,6490,44,-6,-139,-2736
3492,-4984,6984,-128,333,-416,-2704
-530,362,6782,102,279,-42,-2736
-1946,-5674,11320,837,-663,294,-2704
4366,10834,3486,-1221,422,-377,-2736
-4558,-8918,12190,851,-416,72,-2736
2410,-3930,7094,-540,-348,-309,-2720
300,7408,4286,509,257,-383,-2720
1382,-3786,10118,618,422,-153,-2720
-1138,7394,8276,-1130,130,-133,-2720
-340,1680,5524,315,-273,61,-2720
1086,-9480,9696,-395,269,-210,-2720
-2294,2038,6100,404,-95,-62,-2720
1378,-3800,11252,481,33,-120,-2704
1018,13028,4544,-953,630,-370,-2752
-688,-9762,11876,-185,228,-177,-2720
1920,-354,5328,-371,17,-292,-2720
2536,-1522,6070,-71,514,-241,-2704
-4366,688,7420,120,-579,309,-2704
3434,7898,6330,269,-187,-168,-2704
-2946,-4470,9032,-695,145,-133,-2704
-3056,1022,6186,7,-744,2,-2736
2846,-9846,9414,951,179,-491,-2736
-170,5814,7632,-551,145,-136,-2704
676,9340,5692,231,430,-149,-2736
-2974,3782,6902,-593,-241,15,-2736
1610,4880,4280,-454,58,-73,-2736
400,-6316,9026,625,307,-134,-2752
-478,-372,7822,-32,-223,29,-2720
2876,5104,5696,677,529,-338,-2768
-198,7316,9334,-1522,561,-267,-2736
-640,-4834,7570,-29,45,-143,-2704
3394,-3654,6318,-239,278,-375,-2704
-120,98,6394,173,384,-78,-2736
-2524,-4848,11162,669,-719,312,-2736
4524,12990,2542,-1157,246,-347,-2704
-4352,-10156,12558,664,-115,40,-2736
294,4414,5294,-651,-415,-178,-2736
2266,-3668,9742,879,342,-423,-2736
1118,-2610,9494,-54,259,-122,-2736
-524,7846,8424,-576,425,-173,-2704
-1042,-11028,14054,425,-165,89,-2736
2752,2072,4786,-899,174,-166,-2736
-2284,1736,5864,616,61,-88,-2736
1092,-4366,11846,682,-110,-81,-2704
3674,518,12524,-110,657,-404,-2736
-2112,2310,7046,-1302,157,-197,-2736
-388,-1888,6848,123,-31,-210,-2736
2554,-2404,6360,79,544,-403,-2736
-2656,-2208,8500,18,-112,176,-2720
800,-4326,10612,1157,-499,94,-2720
930,-796,9600,-1110,425,-354,-2720
-3148,1238,6032,735,-545,99,-2720
2256,-3242,7556,-226,-291,-398,-2720
486,6890,4094,313,225,-312,-2720
1946,-5582,13018,818,476,-160,-2720
-3334,4160,6660,-1411,-110,-33,-2720
-446,-328,6646,107,-320,3,-2720
1082,-7930,8446,196,402,-264,-2752
-1616,2488,7834,-264,-312,87,-2720
3100,4884,5694,536,247,-229,-2688
-146,7298,9490,-1184,681,-327,-2720
-906,-8976,11440,-143,199,-121,-2704
1640,132,5640,-458,86,-309,-2704
144,210,5864,124,531,-142,-2720
-2732,-4182,11386,382,-713,340,-2704
4406,13908,2070,-810,123,-295,-2736
-2820,-3774,8802,-31,-32,-22,-2720
2372,-2496,7492,-651,-408,-220,-2720
2406,-4930,10276,778,329,-450,-2720
1040,-982,8678,10,321,-116,-2720
-430,7146,9018,-631,432,-171,-2720
-472,-1028,7086,404,-152,53,-2720
2754,2078,5378,-886,182,-168,-2720
-1986,1830,5478,611,49,-86,-2720
962,-4942,12286,697,-88,-71,-2688
4008,178,12376,-20,695,-404,-2736
-2114,3194,7178,-1277,140,-163,-2752
-718,-1148,6318,128,-56,-209,-2720
2702,-4128,7164,123,574,-383,-2688
-2608,-814,8110,-92,-208,195,-2736
878,-6412,11506,1289,-495,62,-2736
1172,-178,9336,-1238,435,-340,-2736
-3338,1108,6474,732,-610,105,-2704
2212,-3244,7820,-168,-188,-401,-2736
522,7812,3534,189,220,-307,-2704
2242,-7044,13624,887,486,-181,-2704
-3396,4924,6634,-1496,-104,-62,-2704
-472,-1954,7594,149,-296,30,-2704
1288,-7160,8124,212,386,-238,-2736
-1842,2790,7894,17,-217,35,-2704
3022,4158,6042,457,-6,-147,-2736
1534,12190,5148,-974,656,-387,-2768
-1140,-9182,11074,-148,238,-175,-2736
1618,-666,6398,-407,5,-287,-2704
238,1450,5112,-6,551,-216,-2736
-4308,1188,6708,127,-640,346,-2736
3138,5466,7846,141,-138,-211,-2704
-2422,-4224,9278,-595,98,-88,-2736
-372,5420,3914,-166,-734,27,-2704
2706,-8530,7792,1095,260,-531,-2704
-170,5410,8062,-696,75,-121,-2736
690,8678,5954,-66,495,-204,-2736
-1284,-9054,12678,5,-172,16,-2704
3090,1936,5810,-789,141,-119,-2736
794,-8754,10156,578,231,-90,-2704
-662,1516,6824,180,-188,36,-2704
3890,708,11756,606,687,-382,-2704
-2020,3666,7802,-1661,431,-224,-2736
-546,-6570,9094,21,-30,-147,-2704
3206,-2216,5314,-55,393,-412,-2736
-1980,-1932,8456,166,262,37,-2704
42,-6652,11656,910,-671,265,-2736
4680,14152,2416,-1278,349,-362,-2768
-4174,-9420,11382,781,-164,56,-2688
1938,-1792,8098,-645,-396,-237,-2720
870,6856,3566,789,332,-445,-2688
470,1286,7914,126,306,-137,-2688
-28,8408,7728,-712,383,-195,-2720
-408,-4896,9322,448,-231,70,-2720
1352,-4568,6948,-867,172,-172,-2720
-1698,1092,5228,612,33,-97,-2688
542,-5956,12396,675,-127,-69,-2752
2252,8978,7168,-130,688,-398,-2752
-1930,5326,7728,-1511,165,-191,-2736
-902,-890,5430,127,-59,-194,-2720
3312,-5700,7906,151,542,-362,-2720
-3966,974,6962,-115,-207,222,-2720
-92,-7108,11778,1274,-506,88,-2704
2560,3676,7382,-1166,433,-329,-2720
-3844,-3836,9556,748,-547,89,-2736
2690,-7834,7474,-176,-198,-409,-2736
1100,5816,4852,174,229,-320,-2704
2272,-8240,13208,909,510,-188,-2736
-2796,5692,7680,-1408,-152,-49,-2704
424,6250,2792,123,-322,13,-2736
1452,-3256,5930,185,382,-268,-2736
-2188,1928,8048,52,-246,2,-2736
2262,3204,6596,413,-19,-138,-2704
240,11522,6332,-948,652,-348,-2704
-1856,-5158,8918,-184,219,-147,-2736
984,-1572,7312,-387,-13,-304,-2704
1072,1608,4570,-15,509,-208,-2736
-3826,-1768,9720,76,-603,344,-2736
2138,1354,9212,227,-112,-204,-2704
-1372,-3466,9880,-664,138,-129,-2704
-1486,6572,2802,-115,-729,18,-2736
2908,-9812,11818,1065,262,-553,-2736
154,6088,6836,-584,162,-125,-2736
1010,4452,8438,122,402,-166,-2736
-1978,-5032,10292,-420,-162,10,-2736
3098,2420,6164,-524,98,-98,-2704
1104,-11152,11236,616,324,-140,-2704
-894,3684,5780,-98,-226,57,-2704
3772,1404,10260,691,533,-320,-2736
-1290,5026,8736,-1564,523,-308,-2736
-344,-9370,11140,-23,24,-123,-2704
2938,-506,4244,-282,236,-373,-2720
-1434,-1996,8460,184,411,-112,-2720
-596,-7058,11674,596,-711,326,-2720
3098,5248,6508,-1293,452,-387,-2688
-4154,-5300,10586,930,-320,84,-2720
1554,-4,8050,-667,-342,-287,-2752
1252,4816,4946,561,293,-393,-2720
2182,-8846,13572,607,428,-141,-2720
680,9014,7088,-972,279,-153,-2736
-138,-7552,11170,346,-258,98,-2752
1366,-2616,6082,-440,256,-204,-2720
-2078,1742,7882,504,-25,-57,-2736
326,-5744,11974,631,-98,-79,-2736
2424,7536,8414,-497,626,-372,-2736
-1846,-4362,8552,-851,151,-172,-2736
1034,-2036,7550,4,-40,-268,-2704
3292,-5436,7722,54,553,-336,-2704
-3912,-26,7326,-39,-393,277,-2736
2164,1542,9220,931,-368,-80,-2704
-1390,-3456,9798,-954,307,-270,-2736
-3932,-5040,10458,292,-759,91,-2736
2676,-6374,6700,605,20,-510,-2720
12,5868,6820,-229,178,-222,-2720
1236,4428,8150,603,474,-191,-2736
-2472,6692,7242,-1244,-245,-14,-2704
52,5770,3346,-119,-128,-24,-2736
1058,-10934,10974,615,447,-194,-2736
-868,3498,6014,-276,-287,82,-2704
2286,2482,7182,541,214,-196,-2736
400,11118,6216,-1131,671,-333,-2704
-268,-8662,10956,-145,182,-134,-2704
2596,-416,4352,-425,127,-315,-2704
1092,1290,4782,57,472,-148,-2704
-4052,-1202,9298,357,-696,338,-2704
4596,12600,3454,-534,2,-279,-2704
-3998,-7584,10492,-96,-3,-21,-2736
-1412,5814,3386,-356,-564,-115,-2736
2936,-10076,11716,1114,373,-550,-2736
164,3374,7636,-636,121,-121,-2736
324,9008,6824,-29,484,-188,-2688
-2118,-4680,10622,62,-69,47,-2688
2988,2736,5648,-823,105,-85,-2720
-1320,578,5268,570,223,-114,-2720
250,-5896,12234,314,-160,-2,-2720
3646,1342,10208,550,645,-365,-2720
-1180,5592,8412,-1755,349,-222,-2752
-1188,-1838,5584,109,-21,-145,-2720
3384,-5596,7842,-60,398,-418,-2720
-1718,-2200,8686,181,206,29,-2720
-654,-6488,11496,1241,-540,115,-2704
3130,5806,6382,-1265,497,-360,-2704
-4070,-5784,10808,858,-525,95,-2704
2788,-7002,6802,-412,-269,-383,-2736
1222,5052,4784,382,273,-310,-2704
2208,-9018,13828,855,481,-179,-2736
-2328,7658,6798,-1442,-8,-73,-2704
-104,4760,3738,233,-324,62,-2736
1740,-2140,5834,41,382,-230,-2704
-1092,3726,5986,-227,-304,77,-2736
2098,2176,7312,488,143,-213,-2736
508,12648,5468,-1218,688,-322,-2704
-412,-9750,11434,-25,165,-129,-2736
2788,-196,4388,-518,131,-318,-2704
1230,802,4978,99,522,-181,-2736
-3976,-1330,9398,295,-673,353,-2704
4632,13244,3390,-534,21,-281,-2704
-3718,-7320,10094,-139,1,-7,-2704
-1340,6676,2772,-370,-550,-104,-2736
2754,-10252,12168,1140,366,-527,-2736
318,3646,7386,-655,103,-111,-2704
364,9224,6884,-92,541,-224,-2736
-2632,-4128,10514,140,-141,59,-2704
3288,3036,5450,-798,63,-98,-2688
-1046,-644,5900,644,247,-122,-2720
130,-5214,11454,197,-208,48,-2752
3806,2064,9408,547,629,-370,-2720
-1220,4446,9240,-1617,401,-220,-2720
-1006,-1300,5076,-11,-20,-130,-2720
3376,-5084,7864,19,415,-432,-2656
-1220,-2842,8886,178,233,20,-2688
-930,-5512,10936,859,-699,249,-2752
3366,6900,5750,-1193,348,-365,-2752
-3730,-6782,9902,742,-145,49,-2736
1320,806,7886,-681,-370,-290,-2720
1372,3174,5542,723,314,-382,-2720
1964,-7862,13058,387,378,-134,-2752
570,9198,6732,-788,364,-186,-2704
-298,-9152,12386,382,-250,61,-2720
1912,-1208,5724,-747,196,-179,-2736
-2220,1728,7264,537,37,-114,-2736
66,-4708,10938,673,-105,-69,-2704
3152,4180,10174,-181,681,-387,-2736
-2450,-1176,7586,-1253,131,-163,-2704
126,-1028,7312,175,-80,-224,-2736
3466,-6324,8042,77,524,-351,-2704
-3478,1348,6346,-146,-359,265,-2720
1820,-3326,10962,1218,-369,-53,-2720
-722,-3344,10118,-1136,330,-293,-2720
-2012,6310,2942,466,-691,83,-2752
2538,-5806,6798,331,-75,-467,-2752
40,7572,5390,-83,186,-252,-2688
1572,-148,10272,763,455,-211,-2720
-1930,7700,7638,-1448,-220,-25,-2704
-250,3944,4000,12,-225,-4,-2752
1222,-11032,10652,481,450,-219,-2752
-1280,4430,6184,-236,-295,71,-2688
1688,-568,9210,428,71,-151,-2704
798,13700,4270,-1080,720,-368,-2720
-500,-11822,12850,-63,187,-134,-2704
2580,332,4270,-556,26,-284,-2736
1906,-302,5254,58,546,-210,-2704
-4248,526,8056,88,-638,370,-2704
4046,11466,4740,-94,-38,-224,-2768
-3358,-5502,9392,-472,76,-90,-2704
-2426,4530,4044,-272,-673,-25,-2704
2776,-10348,10366,1165,298,-552,-2704
-10,4668,8312,-702,104,-154,-2736
494,10698,5262,36,461,-158,-2736
-2934,514,7754,-108,-158,1,-2736
2676,3982,5408,-751,134,-105,-2736
-404,-3290,7094,638,262,-108,-2704
-188,-3388,9756,54,-234,29,-2672
3390,3826,7096,716,639,-352,-2704
-768,5858,10014,-1658,436,-220,-2736
-830,-2782,5858,6,24,-158,-2720
3540,-5466,7316,-203,312,-368,-2720
-678,-528,7304,177,329,-47,-2688
-1826,-5440,11304,686,-711,303,-2720
4144,11434,3454,-1222,277,-341,-2720
-4212,-9294,12596,697,-114,65,-2720
696,3272,6278,-704,-395,-242,-2752
2020,-362,7902,836,336,-423,-2720
1584,-5172,11056,36,318,-106,-2720
-1070,7322,8606,-818,343,-168,-2736
-400,-11538,14348,409,-200,61,-2704
2246,1058,4926,-912,192,-133,-2720
-2138,1724,6546,593,46,-92,-2752
1316,-2246,10580,714,-96,-71,-2720
3548,1818,12110,-161,672,-417,-2720
-2328,656,7024,-1274,127,-183,-2752
-38,-1088,7002,95,-57,-227,-2720
2192,-1624,5830,143,522,-387,-2720
-3138,-518,7580,-121,-269,224,-2720
1268,-3576,10594,1230,-465,-9,-2720
78,-2540,10270,-1151,447,-335,-2720
-2730,4708,4128,576,-693,112,-2720
2290,-4542,7014,35,-186,-426,-2688
442,7664,4278,96,226,-319,-2720
1740,-2638,11954,831,472,-147,-2720
-1242,7640,8148,-1485,-144,-30,-2736
-418,2530,5052,61,-212,11,-2720
1118,-10142,10032,386,432,-241,-2688
-1268,3760,6926,-129,-255,51,-2720
1586,-2712,10732,473,-9,-128,-2704
870,13962,3870,-996,631,-385,-2672
-538,-10486,12362,-133,222,-172,-2736
2186,-496,5164,-389,38,-306,-2704
2160,-766,5870,-107,521,-250,-2704
-4450,236,7622,211,-594,331,-2736
3778,9350,5976,67,-93,-188,-2736
-3292,-4122,8754,-626,75,-107,-2736
-2790,3060,4898,-142,-726,26,-2736
3002,-10260,9896,1082,245,-546,-2736
-182,4928,8164,-631,132,-98,-2704
482,10260,5196,99,425,-175,-2704
-3000,2278,7218,-319,-140,-8,-2704
2158,4190,4902,-595,104,-92,-2736
-166,-4556,8004,615,296,-160,-2704
-216,-2080,8702,-21,-263,33,-2736
3272,4614,6194,697,588,-348,-2736
-364,6108,9894,-1540,520,-287,-2704
-852,-3676,6814,-7,-36,-179,-2688
3482,-4008,6224,-80,396,-392,-2720
-280,-392,6660,187,345,-24,-2736
-2244,-5766,11750,893,-699,281,-2720
4342,11572,2960,-1227,332,-349,-2752
-4428,-10162,12846,771,-175,47,-2704
602,2916,6488,-655,-432,-224,-2704
2044,-1784,8406,792,300,-429,-2736
1142,-4196,10380,130,278,-111,-2704
-744,7848,8104,-702,391,-195,-2704
-806,-10910,13782,390,-189,76,-2704
2376,1300,4826,-820,125,-119,-2736
-2124,1902,6136,607,17,-85,-2736
1224,-3018,10788,655,-111,-69,-2704
3568,2002,11396,-210,630,-417,-2736
-2306,1476,7388,-1189,181,-187,-2736
-124,-1822,6908,-188,24,-295,-2704
2394,-1744,6356,-58,565,-289,-2736
-4462,810,7398,-30,-465,308,-2720
3642,9286,6044,759,-308,-97,-2720
650,-1244,9716,-917,252,-246,-2688
-2896,2718,5282,152,-764,64,-2720
2946,-9734,9302,614,80,-518,-2720
-244,5212,8290,-286,189,-219,-2752
2180,-4830,12690,530,468,-179,-2720
-3406,3492,7256,-531,-191,9,-2736
1830,4632,4612,-591,58,-72,-2720
544,-6070,8770,659,319,-151,-2720
-398,-966,8470,-21,-244,40,-2720
3350,4276,6506,646,555,-320,-2736
-166,6070,9498,-1476,524,-271,-2720
-870,-3588,7362,-141,15,-120,-2720
3214,-3364,5836,-131,292,-364,-2704
-90,62,6300,180,353,-57,-2704
-2334,-3532,10630,614,-727,293,-2704
4354,11652,3158,-1008,257,-304,-2736
-4278,-10092,12578,499,-126,52,-2704
298,3458,5742,-549,-410,-196,-2704
2166,-3924,9556,808,310,-452,-2720
1116,-2040,9458,130,290,-120,-2720
-614,7424,8320,-663,405,-207,-2688
-1090,-9794,13472,361,-191,79,-2704
2862,1516,5192,-768,168,-170,-2720
-2064,1954,5580,539,75,-102,-2736
942,-4560,11890,685,-108,-84,-2736
3664,578,12078,-60,686,-402,-2704
-2150,3400,7028,-1420,175,-151,-2736
-678,-2092,6574,197,-49,-198,-2704
2814,-3320,6858,43,511,-420,-2704
-2458,-1572,8404,-19,-161,187,-2704
614,-6278,11470,1265,-511,57,-2704
1462,184,9244,-1243,456,-371,-2704
-3474,458,6530,737,-592,133,-2736
2186,-2202,7318,-193,-219,-447,-2704
606,6924,4320,257,226,-342,-2704
2246,-7064,13396,848,478,-167,-2704
-3338,5190,6626,-1468,-97,-36,-2736
-368,-2944,8068,217,-290,33,-2736
1356,-6420,7992,118,397,-271,-2704
-1842,2222,8098,83,-220,14,-2736
2802,4832,5722,384,-64,-88,-2752
1772,11216,5618,-778,695,-372,-2720
-1470,-8506,10976,-368,213,-161,-2720
1610,380,5756,-350,-30,-285,-2720
456,1050,5552,99,538,-279,-2720
-4070,672,7208,-11,-555,297,-2720
2740,4010,8176,540,-234,-171,-2720
-2186,-4616,9590,-739,213,-204,-2720
-798,6250,3438,18,-736,56,-2688
2658,-8240,7770,855,116,-507,-2720
-48,5994,6996,-414,128,-186,-2720
700,7108,7150,-121,422,-161,-2720
-1554,-7704,11636,73,-134,39,-2720
3446,2200,6164,-810,177,-112,-2688
-1900,1714,4962,571,241,-83,-2752
-720,2908,5964,373,-129,-30,-2704
3978,18,11838,680,750,-382,-2720
-1876,4498,8142,-1764,384,-208,-2720
-910,-1316,5408,103,-43,-133,-2720
3122,-1360,4710,-48,393,-416,-2720
-4178,1848,6250,-29,-109,160,-2720
-148,-6710,11554,1239,-531,103,-2752
2488,3832,7230,-1249,445,-395,-2688
-3946,-3784,9688,869,-504,80,-2720
1782,-1376,8484,-537,-326,-368,-2736
1062,6310,3984,350,253,-366,-2720
2080,-8446,13838,851,494,-173,-2688
-2664,6884,6828,-1456,-101,-48,-2720
-234,-6124,10352,226,-279,59,-2736
1004,-10332,10826,468,452,-231,-2704
-1850,1360,8386,-225,-248,57,-2704
2080,4256,6094,407,83,-188,-2736
222,11112,6888,-1006,725,-358,-2736
-214,-9922,10980,-49,171,-128,-2736
1170,-396,6800,-545,32,-331,-2736
1030,584,5110,183,564,-218,-2704
-3740,-2268,9976,105,-681,361,-2704
4444,15466,1890,-330,-11,-231,-2704
-1768,-4542,9810,-222,45,-49,-2704
-1272,6768,3116,-411,-676,-36,-2704
2658,-8734,11002,1235,275,-525,-2720
344,1912,8462,-707,66,-140,-2720
814,5532,7722,40,435,-172,-2720
-2016,-6636,11252,-131,-122,35,-2720
3366,3220,5636,-739,138,-106,-2688
-1628,820,5314,580,270,-115,-2720
-984,3670,5674,90,-217,45,-2720
4048,56,11184,771,665,-366,-2752
-1508,4788,8636,-1730,403,-220,-2720
-1010,-1240,5446,58,4,-140,-2752
2960,-950,4684,-108,363,-422,-2688
-1606,-1338,8088,57,160,54,-2720
-466,-6938,11728,1096,-625,224,-2688
2622,4624,6724,-1265,423,-363,-2752
-4056,-4984,10288,937,-344,89,-2720
1688,-1444,8486,-565,-405,-301,-2720
1148,5338,4390,515,279,-405,-2720
1958,-8034,13318,662,418,-136,-2720
-2544,6670,7136,-1167,128,-83,-2720
12,-6966,10960,307,-248,27,-2720
1038,-3106,5948,-401,277,-203,-2720
-1946,1646,8204,452,-84,-79,-2720
2240,3248,6568,569,-118,-92,-2720
2318,8692,7370,-630,584,-360,-2752
-1724,-5010,9280,-622,211,-193,-2720
1058,-1668,7466,-125,-29,-278,-2752
3458,-5340,7672,-18,551,-329,-2736
-4056,1448,6360,-76,-490,313,-2720
2276,866,9774,1036,-322,-46,-2704
-1492,-3172,9376,-1057,305,-286,-2704
-4054,-5260,10268,359,-761,119,-2704
2774,-7090,6776,465,-47,-510,-2736
-58,6286,6850,-153,184,-250,-2672
1048,4822,7562,583,417,-115,-2736
-2288,7260,6648,-1226,-217,-26,-2704
50,5158,3642,-100,-115,-31,-2704
1040,-10714,10704,574,401,-216,-2736
-958,3420,5974,-273,-290,76,-2736
2140,2884,6806,568,229,-210,-2704
336,11828,6230,-1264,688,-342,-2736
-358,-9102,10958,-1,147,-156,-2736
2932,-818,4546,-481,112,-301,-2704
1032,1028,4916,91,507,-160,-2736
-3866,-2172,9874,373,-701,336,-2736
4670,14370,2630,-707,54,-283,-2736
-3946,-7672,10518,31,-9,-12,-2704
-1250,7032,2656,-395,-588,-86,-2688
2862,-9616,12138,1181,389,-545,-2720
306,2980,7672,-735,85,-115,-2720
438,9028,7290,-164,529,-232,-2736
-2454,-4996,11072,219,-71,36,-2704
3194,2894,5702,-926,103,-67,-2736
-1010,-54,5688,642,182,-84,-2768
338,-5796,12136,400,-164,-38,-2704
4000,1598,10102,385,688,-385,-2672
-1422,3600,9448,-1563,299,-214,-2736
-946,-714,5040,-52,-60,-164,-2736
3196,-4652,7472,130,497,-428,-2736
-1366,-2532,8656,84,175,26,-2720
-666,-4982,10802,946,-698,206,-2720
2862,5244,6518,-1154,394,-373,-2688
-4020,-6070,10762,794,-290,52,-2720
1490,-560,8252,-577,-373,-303,-2688
1210,4288,4758,555,269,-407,-2688
2098,-7680,13002,506,426,-169,-2720
-2274,6966,7404,-961,260,-102,-2720
-308,-7810,11728,284,-278,97,-2720
1582,-2038,5726,-474,237,-194,-2720
-2154,1960,7742,400,-58,-35,-2720
146,-5342,11626,654,-83,-66,-2736
2464,6478,8820,-568,606,-378,-2720
-1908,-2278,7946,-819,213,-173,-2720
432,-3008,8178,24,16,-272,-2752
3326,-4564,7448,-69,519,-329,-2704
-3648,96,6934,48,-293,229,-2704
2084,-1932,10768,1085,-404,3,-2736
-798,-2466,9600,-1133,389,-329,-2704
-4104,-7416,11548,509,-690,122,-2704
2796,-5294,6426,156,-49,-467,-2704
-38,6306,6536,64,208,-291,-2736
1556,1064,9334,698,436,-157,-2704
-1760,7352,7360,-1344,-204,-27,-2704
-250,3494,4308,48,-238,19,-2704
1236,-9948,10100,423,415,-233,-2704
-1116,3536,6558,-128,-264,25,-2704
1642,678,8688,390,81,-189,-2704
770,12894,4766,-1019,733,-379,-2704
-490,-10818,12230,-127,204,-130,-2704
2602,572,4338,-488,58,-282,-2736
1744,-588,5384,88,526,-169,-2704
-4200,20,8382,137,-670,335,-2704
4132,11896,4336,-198,-37,-263,-2704
-3544,-6362,9612,-375,79,-55,-2704
-2056,5536,3538,-309,-622,-16,-2736
2886,-10584,11080,1153,329,-571,-2704
26,4294,8056,-692,86,-111,-2736
538,10250,5716,41,472,-200,-2736
-3016,-586,8784,-92,-138,27,-2704
2818,3766,5346,-749,112,-113,-2704
-488,-2534,6542,592,275,-98,-2736
-238,-3888,10358,161,-200,13,-2704
3454,3116,7814,663,649,-372,-2704
-908,5970,9638,-1685,397,-205,-2704
-928,-2386,5598,30,-32,-118,-2736
3412,-5126,7256,-146,290,-390,-2752
-588,-1174,7384,203,312,-32,-2720
-1744,-4988,10990,676,-730,315,-2720
4018,10356,3970,-1148,305,-317,-2720
-4180,-9078,12214,653,-154,49,-2752
704,3016,6276,-656,-382,-232,-2720
1766,-428,7856,850,323,-445,-2688
1832,-5256,11054,35,344,-118,-2720
-1276,7078,8436,-655,405,-178,-2688
-314,-10870,14022,412,-158,85,-2752
2304,624,5160,-840,199,-196,-2688
-2260,1566,6786,565,72,-70,-2720
-234,-2820,9576,717,-100,-61,-2704
3490,1822,12010,-192,655,-378,-2720
-2308,912,6858,-734,154,-169,-2704
-296,-1428,7248,-105,-88,-249,-2736
2200,-2112,5726,73,539,-316,-2704
-4406,980,7968,-161,-500,287,-2704
1566,-4816,11202,942,-256,-120,-2704
-178,-2294,10148,-1068,240,-229,-2704
-2748,5404,3588,209,-773,78,-2704
3012,-11882,11108,725,72,-522,-2736
290,7570,4792,-379,144,-216,-2736
784,10238,5564,177,498,-194,-2736
-3118,888,7924,-254,-132,9,-2704
2584,4540,5014,-683,82,-99,-2704
-302,-3740,7344,606,305,-129,-2704
-262,-3062,9726,45,-226,56,-2704
3634,3252,7258,747,638,-329,-2704
-712,7040,9598,-1762,467,-229,-2736
-858,-3160,6098,125,-19,-136,-2736
3412,-5600,7134,-194,326,-401,-2672
-698,354,6592,125,286,-4,-2736
-1850,-6658,11792,937,-658,296,-2736
4222,10388,3914,-1291,350,-373,-2736
-4378,-8600,11878,790,-189,62,-2704
708,3060,6112,-625,-396,-199,-2720
1848,-698,8376,838,312,-444,-2720
1850,-5218,10652,39,320,-134,-2720
-1526,7416,8320,-734,381,-143,-2688
-218,-11420,13988,509,-167,58,-2720
2234,698,5196,-956,206,-152,-2720
-2416,1958,6490,647,26,-27,-2720
1494,-2366,10570,735,-85,-73,-2720
3400,2788,11770,-257,627,-370,-2720
-2308,324,6942,-1204,116,-164,-2720
14,-1902,7318,89,-80,-233,-2720
3566,-5250,6988,80,530,-399,-2704
-3360,-880,7832,-51,-249,229,-2688
1410,-3862,10714,1209,-436,-20,-2720
144,-2448,10168,-1119,408,-319,-2784
-4194,-9906,12718,751,-632,108,-2704
2546,-3996,6662,-215,-271,-436,-2736
296,7446,4542,245,226,-339,-2704
1576,-2674,11894,852,473,-166,-2704
-1328,7386,8506,-1499,-178,-9,-2704
-506,3346,4200,107,-229,7,-2704
1190,-10740,10374,330,402,-258,-2736
-1382,4004,6788,-71,-266,16,-2736
1430,-1646,10026,429,-12,-147,-2704
1026,13548,4328,-1061,705,-381,-2720
-524,-11578,12476,-28,221,-156,-2720
2510,814,4434,-534,17,-307,-2704
2092,-1298,5738,97,595,-207,-2704
-4560,664,7982,44,-710,336,-2704
3998,12498,4268,-134,-76,-215,-2704
-3416,-6262,9544,-425,40,-48,-2704
-2464,5488,3492,-281,-709,-18,-2736
3086,-11712,11150,1246,342,-551,-2736
-308,5642,7538,-475,165,-111,-2704
782,10268,5736,-301,552,-220,-2736
-422,-10970,13830,359,-105,28,-2704
2176,542,4996,-1005,95,-121,-2736
-250,-3496,7060,686,113,-82,-2704
-122,-3572,10368,461,-146,-13,-2752
3234,4340,10394,374,711,-410,-2720
-2394,-1220,8012,-1637,276,-218,-2688
-1166,-1378,5718,25,-71,-146,-2688
1992,-12,5238,105,552,-379,-2688
-3220,-1120,7724,-74,-301,230,-2720
1360,-2266,10458,1105,-442,-3,-2720
0,-2714,10142,-1052,383,-317,-2720
-4230,-8342,12110,606,-620,117,-2736
2580,-4286,6716,108,-147,-442,-2688
174,6706,5198,95,253,-289,-2720
1664,-1860,11426,739,473,-189,-2720
-1296,6552,8574,-1383,-162,-43,-2736
-314,3012,4752,49,-260,16,-2736
1026,-10126,9958,308,402,-247,-2704
-1230,3832,6624,-69,-253,24,-2736
1586,-2198,10220,500,63,-140,-2704
844,12944,4482,-1019,643,-371,-2736
-456,-9038,11404,-180,240,-182,-2704
2054,-648,5392,-321,37,-290,-2736
2166,68,5264,-93,524,-214,-2704
-4440,454,7956,188,-596,367,-2736
3920,8784,6296,99,-121,-209,-2704
-3100,-4020,8484,-564,80,-76,-2688
-2796,3784,4336,-101,-685,8,-2704
3122,-10840,10608,1118,364,-540,-2720
-168,5772,7676,-740,129,-115,-2720
716,9324,5640,173,421,-189,-2736
-2908,2742,7306,-389,-143,3,-2736
2040,3958,5186,-527,42,-81,-2736
110,-4970,8056,609,305,-138,-2736
-398,-1688,8554,-37,-253,35,-2736
3196,4464,6382,637,554,-336,-2736
-438,7250,9166,-1493,516,-262,-2704
-832,-4124,7108,-68,18,-113,-2704
3262,-3428,5902,-190,268,-366,-2736
-194,406,6126,125,356,-71,-2736
-2564,-4516,10892,690,-695,325,-2736
4462,12610,2752,-1100,220,-314,-2704
-4356,-9098,12090,508,-128,51,-2736
-62,4482,4908,-559,-434,-196,-2704
2192,-4152,9958,850,355,-478,-2736
976,-1474,9144,-158,254,-140,-2704
-408,7396,8416,-527,444,-214,-2704
-1142,-9992,13304,454,-161,90,-2736
3194,1952,5376,-972,134,-194,-2736
-2126,1754,5570,595,76,-85,-2736
968,-5142,12104,603,-98,-49,-2720
3750,402,12158,174,723,-396,-2752
-2198,3362,7490,-1547,186,-159,-2720
-606,-1986,6134,66,-54,-273,-2720
2838,-3580,6972,20,538,-342,-2720
-4158,1012,7030,-30,-340,229,-2720
3010,4544,8154,1010,-374,-42,-2688
1634,1686,8306,-1025,368,-318,-2720
-3550,-1638,8122,446,-712,115,-2720
2730,-7730,7462,165,-102,-459,-2720
706,6586,3798,175,247,-276,-2736
2138,-7272,13614,650,448,-155,-2688
-2922,5978,6570,-1338,-243,4,-2720
1070,5238,4008,-15,-169,-18,-2720
942,-8598,9884,489,389,-231,-2688
-1646,2248,7940,-207,-229,49,-2752
2558,4304,6338,434,155,-167,-2752
178,9324,7758,-1026,683,-370,-2720
-436,-7798,9786,-121,203,-184,-2720
1308,-836,6948,-478,20,-321,-2720
708,810,5028,133,514,-199,-2720
-3328,-2864,10606,149,-673,304,-2688
4526,15152,1642,-296,-14,-243,-2720
-2230,-3402,9040,-338,32,-31,-2752
-798,6190,3440,-288,-634,-33,-2720
2562,-7720,11324,1200,339,-531,-2720
-170,6320,7446,-789,38,-134,-2704
856,7434,6154,24,478,-189,-2688
-1794,-8406,12722,-23,-118,30,-2720
3216,3160,5188,-799,95,-95,-2752
900,-8856,9936,551,316,-138,-2704
-876,2334,6538,101,-184,43,-2704
4032,-298,11810,673,629,-357,-2736
-1738,4468,7968,-1692,459,-209,-2736
-302,-8728,10310,148,21,-125,-2704
3260,-1458,4922,-196,374,-406,-2704
-2064,-1036,8284,137,286,-13,-2704
54,-7068,11818,848,-642,290,-2736
4662,14840,2148,-1278,347,-368,-2736
-4010,-8558,11234,786,-196,52,-2736
1964,-1528,8096,-677,-342,-277,-2704
898,6070,4314,749,292,-424,-2704
688,1260,8400,275,375,-155,-2704
4,8896,7652,-873,352,-152,-2704
-120,-5828,10002,474,-212,70,-2704
1148,-4284,6632,-797,198,-170,-2736
-1844,1184,5188,573,-40,-73,-2672
562,-6374,12718,671,-107,-51,-2704
2088,10170,6394,-367,594,-369,-2704
-1682,-6690,9858,-1044,138,-186,-2704
-1078,-1054,5492,40,-45,-247,-2672
3254,-5478,7800,46,550,-363,-2704
-4238,1928,6148,-66,-336,253,-2736
2528,2496,9264,1136,-385,-33,-2672
2226,3250,7730,-1128,362,-304,-2736
-3804,-3418,9072,495,-742,88,-2736
2744,-7868,7422,218,-85,-493,-2736
24,6356,7296,11,213,-304,-2704
2150,-8386,13882,669,486,-152,-2736
-2864,6946,6452,-1353,-236,-29,-2736
640,5368,3650,-31,-182,-1,-2704
1010,-10144,10576,535,415,-199,-2736
-1888,1892,8104,-217,-284,86,-2704
2446,3764,6184,434,66,-155,-2720
252,10662,7330,-1040,688,-354,-2688
-320,-8718,10204,-69,230,-154,-2720
1196,-710,6974,-514,30,-283,-2720
886,634,4898,165,533,-218,-2720
-3686,-2790,10560,89,-660,352,-2752
4508,15742,1420,-226,-88,-237,-2720
-2050,-4220,9520,-350,39,-93,-2720
-820,6902,2984,-315,-688,-48,-2720
2650,-8648,11478,1254,332,-576,-2720
350,1870,7858,-815,31,-139,-2720
922,6848,6414,59,457,-196,-2720
-1922,-7770,12324,-75,-106,37,-2720
3208,2916,5532,-793,109,-73,-2720
940,-10068,10464,616,262,-145,-2736
-836,2922,5972,180,-183,33,-2720
4242,-110,11574,716,671,-375,-2720
-1840,4070,8338,-1774,381,-231,-2720
-420,-8832,10526,102,-24,-150,-2704
3124,-1928,4734,-126,387,-405,-2736
-2120,-1378,8550,118,290,-29,-2704
158,-6840,11450,926,-692,308,-2736
4826,14350,2348,-1274,319,-343,-2704
-4112,-8546,10958,817,-204,85,-2736
1852,-2114,8598,-623,-391,-266,-2736
856,6676,3588,696,270,-420,-2736
576,1462,7908,266,349,-136,-2736
-120,9026,7542,-999,258,-148,-2752
-272,-5616,9928,400,-251,62,-2720
1324,-4224,6696,-642,225,-206,-2720
-1606,1122,5192,587,6,-72,-2736
518,-6302,12456,666,-138,-105,-2736
2036,10284,6574,-881,633,-357,-2736
-1466,-6062,9544,-300,258,-171,-2736
1174,-2482,7932,-244,22,-266,-2736
982,1842,4364,-122,567,-239,-2736
-4010,822,6598,83,-540,303,-2736
2554,1442,9606,540,-229,-139,-2704
-1456,-3324,9348,-829,194,-192,-2704
-1244,5838,3170,63,-768,79,-2704
2766,-6706,6722,847,150,-527,-2704
-72,5882,7296,-429,169,-200,-2736
838,5260,7700,334,441,-178,-2704
-1968,-5310,10810,-825,-261,14,-2736
276,5534,3302,-220,-80,-34,-2720
1030,-10470,10684,634,377,-188,-2720
-846,2932,6228,-276,-329,70,-2688
3826,1458,10116,529,315,-230,-2752
326,11236,6350,-1235,693,-339,-2720
-400,-9322,11242,-89,128,-129,-2720
2880,-228,4272,-415,168,-361,-2752
-1484,-1602,8230,141,503,-143,-2720
-3886,-1634,9442,378,-733,322,-2720
4420,13826,3078,-752,75,-269,-2720
-3804,-7448,10006,85,-2,-18,-2720
-1586,6774,2666,-361,-560,-77,-2672
2924,-10270,12062,1070,382,-521,-2752
54,3448,7598,-551,153,-113,-2720
538,9220,6986,-218,478,-190,-2720
-2382,-4070,10572,133,-139,27,-2704
3004,3504,5326,-945,100,-103,-2720
-970,-1146,6162,617,142,-100,-2720
130,-5048,11102,461,-130,-2,-2720
2638,5758,9430,472,733,-394,-2720
-1352,5426,9226,-1702,238,-212,-2720
-1014,-1066,5000,41,-68,-200,-2720
3342,-5464,7546,86,459,-400,-2720
-3386,-492,7436,67,86,66,-2720
-1072,-6136,11464,1075,-611,180,-2720
3508,7826,5156,-1220,417,-379,-2720
-4196,-7416,11564,845,-328,88,-2720
1050,1218,7224,-570,-322,-312,-2704
1600,1768,6918,508,277,-374,-2720
1898,-6118,11292,619,450,-121,-2720
-1744,6054,8714,-931,220,-148,-2704
-30,-10362,13500,330,-236,55,-2704
1854,-304,4898,-591,200,-176,-2736
-2290,1772,7272,508,-15,-51,-2704
1776,-250,9014,460,-18,-137,-2736
584,12622,4810,-883,642,-345,-2736
-342,-9632,11816,-296,185,-135,-2736
354,-3104,7958,-253,-2,-299,-2704
1844,122,5170,-73,529,-209,-2704
-4244,410,8182,95,-564,331,-2704
4048,10746,4968,360,-160,-159,-2704
-274,-2168,9936,-795,133,-143,-2768
-2424,4888,3640,-48,-759,14,-2704
2902,-11082,11030,865,141,-517,-2720
-204,5256,7834,-466,128,-162,-2688
1500,-1606,11448,335,403,-153,-2720
-2892,1002,7508,-813,-219,-29,-2752
2448,3370,5748,-297,8,-85,-2688
-280,-2788,6792,602,386,-183,-2720
-1240,3558,6734,-222,-261,64,-2688
3532,3768,7222,622,461,-294,-2752
-768,6148,9644,-1401,611,-336,-2720
-820,-3008,6060,-36,85,-122,-2720
2410,560,4416,-340,248,-366,-2688
-696,-370,7208,128,421,-111,-2752
-1708,-5968,11628,565,-715,335,-2720
4060,10150,3840,-998,170,-309,-2720
-3322,-5456,9360,396,-84,20,-2752
836,2518,6584,-580,-455,-155,-2720
1792,-144,7734,995,368,-459,-2752
1698,-5396,11038,-335,201,-119,-2720
670,10136,5598,-421,489,-205,-2688
-612,-10832,13528,386,-143,64,-2688
2382,666,5136,-953,151,-143,-2720
-2438,2014,6332,595,98,-87,-2720
-266,-2336,9162,614,-133,-76,-2720
3206,2382,11678,149,680,-413,-2720
-2176,696,6872,-1508,153,-166,-2688
-828,-2338,5830,86,-85,-188,-2736
3346,-4404,6656,102,521,-413,-2720
-3018,-1588,8310,29,-61,156,-2752
1344,-2788,10232,1099,-550,93,-2720
3990,10800,3384,-1167,451,-358,-2704
-4252,-9238,12358,786,-509,113,-2720
2558,-3656,6914,-407,-281,-371,-2720
362,7040,4494,457,279,-335,-2704
1686,-4042,10198,761,477,-149,-2736
-1224,7020,8626,-1285,23,-62,-2672
-456,1782,5300,188,-291,63,-2736
1190,-9262,9338,-95,330,-252,-2736
-1268,3214,7232,-167,-249,82,-2704
3234,4158,6546,424,94,-178,-2704
1036,13676,3900,-1109,678,-357,-2736
-506,-10308,11896,-91,223,-115,-2704
2072,604,4838,-481,54,-286,-2736
-398,-1006,7070,127,548,-174,-2672
-4422,1490,7398,207,-668,353,-2704
3866,9818,5986,-376,-10,-248,-2704
-3358,-5080,8912,-300,13,-74,-2704
880,2644,6724,-521,-483,-153,-2720
1902,-762,7632,1005,351,-459,-2688
1466,-5440,11288,-389,208,-99,-2720
784,9424,5928,-308,523,-209,-2720
-674,-10990,13680,335,-98,63,-2688
2268,1228,5036,-957,158,-118,-2720
-2252,1680,6290,593,114,-125,-2720
-406,-1990,8820,667,-156,-45,-2704
3696,1486,12002,254,694,-387,-2688
-2354,1282,7100,-1655,198,-187,-2688
-180,-1302,7142,160,-39,-202,-2720
3510,-5378,6992,103,556,-397,-2752
-3100,-182,7538,-52,-49,167,-2720
1314,-4930,11398,1334,-509,131,-2752
364,-2182,9778,-1313,429,-371,-2720
-4254,-8632,11786,870,-517,91,-2720
2460,-5006,7846,-347,-260,-383,-2720
192,7946,4016,304,217,-310,-2720
2088,-4370,12350,888,527,-176,-2720
-1132,7064,8692,-1359,-7,-57,-2720
-538,1318,5502,194,-335,45,-2720
1138,-9296,9102,23,351,-269,-2720
-2390,2092,6070,315,-149,-13,-2736
1388,-3290,11078,432,-80,-136,-2720
964,14006,3726,-905,637,-382,-2720
-554,-10174,11894,-272,237,-169,-2720
-186,-2052,6984,-241,-26,-272,-2704
2274,-1366,5818,-28,520,-274,-2704
-4544,938,7576,25,-535,318,-2704
3822,8582,6334,647,-233,-143,-2736
624,-1382,9818,-906,186,-186,-2704
-2962,2882,5034,45,-758,75,-2768
2950,-10270,9746,820,174,-542,-2736
-42,5558,8136,-391,187,-197,-2736
1886,-4360,12624,367,457,-165,-2736
-3178,3434,6928,-873,-222,14,-2704
2062,4236,4972,-297,-25,-60,-2704
240,-5680,8436,627,408,-189,-2736
-1388,3080,7444,-275,-266,90,-2736
3124,4558,6250,615,357,-288,-2672
-292,7356,9248,-1313,667,-314,-2736
-876,-4458,7262,-61,93,-137,-2704
1870,192,5454,-372,147,-322,-2704
-92,366,6180,179,478,-150,-2736
-2518,-4608,11130,412,-753,313,-2736
4508,13706,2136,-850,73,-280,-2704
-4254,-9790,12358,811,-168,45,-2672
2178,-2624,7544,-664,-375,-260,-2704
2280,-4180,9852,730,331,-399,-2736
998,-1584,9402,236,383,-120,-2704
-306,7660,8472,-826,323,-173,-2736
-354,-1706,7404,440,-198,85,-2736
3054,2408,5212,-918,165,-136,-2688
-2014,1496,5528,608,40,-77,-2720
1006,-5274,12202,689,-101,-69,-2688
1524,11636,5254,-607,672,-394,-2752
-1456,-9156,11432,-638,158,-179,-2720
1780,234,5732,-182,-39,-249,-2720
2906,-4516,7130,70,556,-310,-2720
-4184,880,7156,-73,-485,322,-2720
2802,5140,7694,844,-297,-101,-2720
1812,1720,8204,-972,351,-299,-2736
-3548,-1996,8446,218,-758,103,-2720
2668,-8086,7494,570,-4,-494,-2720
-104,5620,7576,-245,185,-258,-2720
2140,-7724,13414,689,461,-139,-2704
-2988,5326,7156,-1296,-308,2,-2736
934,6500,2916,-93,-177,-46,-2736
822,-10128,10996,621,303,-123,-2720
-672,2556,6030,88,-209,39,-2672
3878,190,11888,709,689,-370,-2736
-1870,3942,8002,-1657,423,-244,-2704
-352,-7202,9592,-15,-31,-137,-2736
3000,-2016,5000,-45,351,-387,-2704
-1738,-2754,8872,172,293,-37,-2736
-94,-6030,11166,836,-685,293,-2736
4620,14142,2458,-1213,329,-348,-2704
-4188,-8656,11158,798,-154,62,-2704
2778,-7640,7138,799,141,-533,-2720
-6,5954,7474,-720,81,-144,-2704
800,6634,6846,91,413,-179,-2704
-1586,-7782,12204,-7,-102,26,-2720
2974,2794,5378,-781,104,-86,-2720
948,-9994,10508,638,282,-141,-2736
-778,2510,6360,19,-227,40,-2704
3756,630,11064,697,618,-357,-2704
-1686,4584,8152,-1637,441,-241,-2704
-340,-8410,10394,5,-32,-134,-2704
3012,-888,4146,-137,341,-412,-2736
-1908,-1714,8582,152,292,-30,-2704
-90,-6546,11468,841,-699,289,-2704
4504,14804,1970,-1239,351,-353,-2704
-4146,-8420,11274,762,-202,72,-2704
1870,-920,7750,-681,-374,-260,-2704
1034,5916,4696,764,337,-447,-2704
310,1632,8278,208,337,-123,-2704
358,8986,7248,-786,352,-153,-2704
-228,-6274,10444,429,-190,82,-2736
1230,-3804,6508,-784,202,-162,-2736
-1584,972,5284,577,19,-63,-2736
578,-6154,12420,652,-132,-91,-2704
2128,9496,6976,-150,662,-386,-2688
-1724,-5730,9256,-1254,136,-163,-2720
-892,-1190,5458,104,-64,-217,-2720
3198,-5010,7312,77,516,-397,-2752
-4092,614,6990,-27,-225,220,-2720
2480,3036,8702,1100,-457,26,-2720
2360,4052,7104,-1093,404,-335,-2720
-3942,-3838,9634,591,-658,99,-2720
2732,-6706,6764,-43,-215,-440,-2720
64,5954,7402,155,238,-287,-2720
2142,-7850,13394,793,451,-189,-2688
-2560,6802,6742,-1421,-158,-54,-2720
462,5740,3726,-7,-212,14,-2720
1130,-3644,6448,246,412,-234,-2736
460,-6234,12424,553,-113,-15,-2704
2264,9122,7136,-171,624,-379,-2688
-1526,-5212,9284,-1281,177,-204,-2720
-964,-1650,5564,126,21,-239,-2704
3394,-5062,7820,-42,538,-382,-2704
-4162,1664,6168,-35,-272,231,-2736
2394,1002,9852,1169,-434,2,-2736
2732,4114,7370,-1110,385,-303,-2704
-3880,-4796,9886,548,-700,109,-2736
2802,-7268,6930,-131,-197,-439,-2720
-110,6288,7108,245,254,-312,-2688
2076,-8842,13824,807,440,-137,-2720
-2568,7150,6538,-1434,-155,-44,-2688
94,5216,3424,86,-265,18,-2688
1140,-10280,10630,348,388,-266,-2720
-2066,1484,8166,-60,-245,10,-2720
2136,3372,6436,401,-5,-153,-2752
384,11434,6582,-973,678,-389,-2720
-390,-9176,10732,-179,232,-159,-2720
834,-588,6826,-459,22,-304,-2720
1030,256,5244,116,528,-210,-2720
-3780,-1734,9874,407,-738,325,-2720
4714,14562,2588,-701,93,-298,-2672
-3962,-8252,10772,40,-37,0,-2736
-1010,7064,2606,-461,-510,-114,-2736
2816,-9694,12110,1112,405,-522,-2704
368,2896,7590,-659,114,-102,-2736
316,9066,7398,-118,551,-197,-2704
-2470,-5536,11346,206,-110,69,-2704
3298,2638,5644,-925,114,-100,-2736
-1264,274,5450,607,190,-91,-2768
254,-5614,12022,449,-161,2,-2736
4018,996,10336,434,687,-382,-2704
-1570,4528,8884,-1694,269,-192,-2704
-1026,-784,4978,74,-54,-166,-2736
3244,-5734,8104,126,471,-424,-2704
-1560,-2496,8834,79,67,81,-2704
4600,13684,2758,27,-117,-202,-2752
-3958,-5590,10362,844,-311,73,-2688
1592,-208,7820,-537,-330,-337,-2736
1198,4040,5194,600,280,-388,-2720
2152,-7970,12928,537,400,-156,-2720
-2586,6778,7406,-1014,211,-137,-2720
-280,-8308,11930,345,-280,56,-2720
1648,-2140,5660,-491,241,-213,-2720
-2248,1890,7818,440,-72,-68,-2720
2154,1662,7736,629,-95,-100,-2688
2610,6664,8778,-559,609,-379,-2752
-1940,-3104,8096,-784,200,-182,-2688
438,-2098,7762,-17,-48,-275,-2720
3330,-5364,7860,-11,507,-328,-2704
-3688,796,6562,-34,-378,312,-2688
2168,-2054,10618,1042,-336,-65,-2720
-990,-3248,9918,-1086,306,-283,-2720
-4120,-7658,11710,537,-702,125,-2736
2692,-5626,6416,397,-18,-497,-2720
28,6688,6300,-84,224,-240,-2720
1192,1560,9476,747,453,-187,-2736
-2050,7302,7752,-1435,-267,-14,-2704
-188,4628,3492,57,-228,-21,-2704
1270,-11104,10922,462,427,-262,-2736
-1142,4082,5954,-186,-294,40,-2704
1806,970,8204,428,85,-183,-2736
594,12868,5182,-1023,768,-352,-2704
-554,-11528,12386,-77,198,-86,-2704
2846,654,3956,-563,47,-314,-2736
1738,-716,5348,157,539,-201,-2736
-4168,38,8442,90,-704,346,-2736
4130,12808,4024,-237,-12,-226,-2704
-3492,-6388,9398,-349,49,-39,-2704
-2136,5978,3094,-343,-644,-58,-2704
2816,-11056,11156,1221,322,-548,-2704
54,4598,7864,-738,86,-122,-2704
422,10676,5804,43,504,-200,-2736
-2998,-976,8848,-71,-165,31,-2704
2894,4246,5168,-801,95,-127,-2704
-526,-2806,6752,647,264,-140,-2704
-108,-4130,10326,125,-203,36,-2704
3718,2894,7756,711,700,-357,-2736
-920,6034,9816,-1736,404,-223,-2704
-912,-1966,5496,51,-52,-132,-2704
3508,-5808,7560,-74,379,-398,-2704
-650,-398,7234,128,274,15,-2704
-1640,-5366,11292,850,-654,263,-2736
3866,10714,3904,-1265,372,-324,-2736
-4210,-8584,11966,753,-210,54,-2736
638,3122,5992,-604,-371,-236,-2720
1852,-466,8310,820,317,-410,-2720
1734,-4782,10612,35,312,-76,-2688
-1300,6578,9046,-662,367,-195,-2720
-162,-11664,14490,438,-154,89,-2688
2168,922,4744,-914,185,-149,-2720
-2230,1652,6874,628,53,-75,-2720
1480,-1960,10234,712,-104,-90,-2720
900,13778,4036,-761,626,-393,-2720
-648,-10988,12314,-481,153,-175,-2720
-60,-1558,7368,-252,-54,-277,-2720
2112,-1424,5570,92,556,-302,-2752
-4440,702,7932,-129,-534,309,-2720
1440,-4016,11000,874,-283,-117,-2704
-112,-2456,10182,-907,212,-179,-2720
-2690,5370,3656,33,-784,92,-2720
3066,-11606,11028,725,43,-553,-2736
-218,5408,7722,-772,83,-119,-2704
770,9992,5580,140,496,-198,-2736
-2982,640,7962,-237,-113,6,-2704
2422,4052,5230,-680,101,-68,-2704
-364,-3762,7342,639,275,-101,-2704
-282,-2820,9416,38,-229,61,-2704
3584,3408,7156,748,632,-339,-2736
-728,6164,9834,-1716,424,-264,-2704
-942,-1952,5594,32,-23,-116,-2704
3416,-5508,7280,-86,384,-390,-2736
-842,238,6822,98,284,-1,-2704
-1686,-6526,11794,966,-663,259,-2704
4090,9410,4400,-1287,355,-337,-2704
-4296,-8120,11856,779,-228,68,-2704
846,2458,6480,-604,-353,-274,-2704
1858,62,7950,687,306,-415,-2736
1762,-5556,10906,319,383,-146,-2736
-1434,6824,8438,-868,304,-165,-2736
-220,-10956,13800,419,-211,81,-2704
2120,236,5262,-746,198,-152,-2704
-2326,2134,6530,558,-10,-75,-2704
1560,-1798,10098,683,-114,-90,-2704
3070,3648,11126,-487,591,-365,-2736
-2104,-788,7276,-850,189,-171,-2704
214,-2542,7298,-8,-32,-239,-2736
1794,-348,5470,4,565,-357,-2704
-3446,-1318,8008,-10,-289,230,-2720
1402,-2162,10096,1084,-417,-14,-2752
-112,-2236,10066,-1052,391,-322,-2720
-2568,4950,3714,536,-726,140,-2720
2530,-3682,6268,39,-167,-451,-2720
222,7010,5010,137,250,-298,-2688
1560,-1600,11360,695,431,-144,-2720
-2824,864,7728,-1402,-198,0,-2720
-456,3562,4112,4,-175,-24,-2720
1092,-10740,10620,484,418,-233,-2720
-1138,3844,6598,-197,-273,10,-2720
1554,-1128,9646,438,38,-124,-2704
990,12976,4586,-1103,667,-371,-2720
-394,-10328,11746,-108,238,-140,-2720
2264,370,4598,-468,80,-321,-2688
1888,-560,5442,30,571,-195,-2704
-4462,554,7960,210,-692,341,-2688
4220,11932,4390,-150,-64,-210,-2672
-3596,-5848,9442,-434,56,-84,-2704
-2428,5370,3456,-255,-667,-26,-2736
1670,1336,6822,1008,367,-477,-2672
-280,5522,7316,-412,177,-107,-2736
874,9858,5974,-470,507,-239,-2720
-440,-10466,13360,380,-140,84,-2752
2190,114,5282,-923,134,-112,-2720
-2264,1802,7052,604,81,-94,-2720
-134,-3446,10198,627,-138,-59,-2752
3184,3750,10810,9,679,-404,-2720
-2298,-912,7648,-1375,179,-191,-2720
-1074,-1962,5894,85,-40,-150,-2736
3360,-5024,7252,100,532,-398,-2720
-3232,-1190,7780,14,-104,199,-2752
1410,-1928,10156,1131,-557,39,-2720
3830,9320,4442,-1176,437,-369,-2704
-4124,-8430,12060,802,-487,73,-2736
2632,-4366,6784,-379,-260,-369,-2704
64,6906,4972,349,246,-381,-2704
1700,-5020,10598,853,524,-163,-2704
-1464,6488,8772,-1341,7,-54,-2704
-458,3266,4348,139,-348,81,-2704
1252,-10164,10188,47,309,-237,-2736
-2348,1962,6794,175,-148,4,-2704
1570,-1606,9992,451,-72,-101,-2704
906,12476,4686,-840,632,-361,-2704
-500,-9368,11512,-385,247,-173,-2704
12,-3052,7834,-213,-9,-269,-2736
2090,-178,5336,-93,524,-283,-2736
-4484,774,7878,79,-592,317,-2704
4016,9064,5966,494,-213,-163,-2736
288,-1374,9998,-984,209,-214,-2720
-2582,3682,4012,137,-764,80,-2720
2924,-11178,10962,771,190,-531,-2720
-286,6292,7076,-392,163,-181,-2720
1732,-2762,11536,436,442,-179,-2720
-3158,1892,7730,-929,-212,-12,-2720
2236,3862,4942,-218,-98,-31,-2720
74,-4294,7866,584,404,-216,-2720
-1322,2950,7284,-210,-276,88,-2720
3206,4370,6560,523,343,-281,-2720
-458,7292,9208,-1291,694,-330,-2720
-898,-4336,6766,-2,60,-107,-2736
2084,1238,4414,-360,186,-365,-2736
-376,-592,6964,243,422,-119,-2736
-2204,-4684,11020,423,-758,299,-2672
4370,13024,2540,-976,161,-333,-2736
-3152,-5450,9232,213,-64,9,-2720
346,4554,5216,-575,-527,-113,-2720
1986,-2300,8934,1117,364,-510,-2720
1444,-3654,10372,-519,169,-108,-2720
826,10014,5524,-317,496,-213,-2720
-962,-10976,13710,363,-138,71,-2720
3074,1808,5262,-984,144,-108,-2720
-2232,1664,6002,608,187,-99,-2688
-602,-500,8074,510,-125,-32,-2688
3896,434,12412,396,719,-400,-2720
-2418,2288,7088,-1727,232,-181,-2720
-712,-5372,7708,214,-58,-169,-2704
3544,-4386,6538,44,468,-409,-2688
-2608,-1006,7898,53,39,99,-2720
892,-5270,11204,1152,-607,169,-2688
4372,13138,2608,-1315,438,-350,-2704
-4352,-9838,12116,965,-340,95,-2704
2314,-3402,7624,-604,-326,-335,-2704
360,7880,3574,520,250,-384,-2736
1274,-2168,9272,658,430,-178,-2704
-832,7766,8374,-1190,127,-86,-2736
-238,-100,6258,312,-331,47,-2736
1088,-8458,8980,-376,290,-246,-2704
-2360,1828,5766,445,-64,-45,-2704
3008,4574,5934,440,38,-147,-2704
1376,13226,4334,-994,675,-357,-2704
-944,-10264,11806,-84,223,-179,-2672
1864,284,5550,-488,1,-289,-2704
24,218,6022,96,576,-214,-2736
-4500,2028,6670,46,-677,347,-2736
1170,-628,9678,-1290,441,-388,-2752
-3362,1336,6102,743,-593,112,-2736
2824,-10610,9342,97,-148,-443,-2720
602,7516,4136,-83,189,-246,-2704
1990,-6536,13366,828,454,-138,-2752
-3130,4484,6484,-1462,-223,-9,-2720
1640,5364,4202,66,-222,15,-2720
1054,-7880,8548,406,424,-237,-2752
-1624,2666,7708,-139,-258,43,-2720
2868,5324,5480,382,40,-165,-2720
-278,8672,9098,-1041,722,-370,-2720
-1260,-10220,11964,-42,192,-136,-2752
2174,1382,4940,-583,42,-315,-2720
24,686,6212,176,593,-182,-2688
-4462,1870,6732,-29,-667,345,-2736
3178,8196,6622,-282,-14,-241,-2720
-2818,-4782,9340,-321,49,-57,-2720
142,5450,4464,-399,-656,-26,-2752
2796,-10102,8742,1244,282,-553,-2736
-180,5468,8304,-783,73,-133,-2736
706,10284,4928,93,462,-186,-2704
-770,-11576,14496,-157,-132,21,-2704
1806,5324,4434,-747,138,-95,-2704
300,-7008,9006,642,277,-124,-2736
-428,-190,7604,63,-219,39,-2704
3810,338,12682,794,662,-344,-2704
-228,7530,9588,-1719,426,-206,-2704
-596,-4214,7284,-3,-22,-116,-2736
3268,-4240,6300,-69,399,-408,-2704
-2570,-2224,8542,95,317,-10,-2704
-2708,-4802,11342,920,-693,287,-2704
4492,12668,2694,-1223,350,-341,-2704
-4318,-9160,11882,758,-189,8,-2704
2268,-3152,7710,-572,-401,-244,-2672
2508,-4716,10106,675,296,-426,-2704
1128,-1494,8924,86,312,-135,-2720
-596,7120,8726,-684,382,-180,-2688
1594,5052,4388,-353,41,-79,-2720
312,-7084,9184,579,138,-89,-2704
-342,-50,7236,548,-118,-44,-2720
3598,724,12678,394,696,-373,-2720
-2038,3218,6830,-1674,234,-202,-2720
-474,-2182,6856,99,-45,-199,-2720
2702,-3074,6858,12,574,-347,-2688
-2680,-1920,8674,-32,-172,198,-2736
782,-5426,11040,1197,-457,-7,-2688
1426,-262,9512,-1159,434,-311,-2720
-3444,898,6604,603,-696,104,-2720
2346,-2490,7606,-224,-216,-438,-2736
674,7544,3636,258,267,-328,-2736
1888,-6894,13858,831,472,-157,-2704
-3134,5188,6096,-1471,-136,-37,-2672
-548,-808,6926,99,-257,19,-2672
1146,-7694,8460,333,368,-252,-2704
-1642,2844,7660,-42,-243,-4,-2704
3010,4334,6060,457,5,-152,-2736
1456,12388,4966,-995,671,-370,-2704
-998,-9450,11222,-110,235,-157,-2704
1918,-226,5958,-458,41,-289,-2704
-42,1096,5552,29,555,-222,-2736
-4430,1164,6906,140,-646,358,-2704
3274,7628,7114,-45,-121,-204,-2704
-2654,-4090,9090,-488,98,-84,-2704
106,4190,5104,-247,-666,-21,-2704
2970,-9584,8920,1076,303,-548,-2720
-210,5556,8112,-633,108,-143,-2688
918,9048,5956,207,497,-186,-2688
-1206,-9782,13188,-482,-190,20,-2752
1510,5210,4222,-560,50,-105,-2688
644,-7694,9524,684,322,-158,-2720
-470,170,7468,-148,-269,43,-2720
3554,1610,11522,679,586,-350,-2720
8,7092,9004,-1437,560,-295,-2720
-858,-3938,7878,-221,22,-128,-2720
2664,-2050,6498,-142,507,-288,-2736
-2888,-3102,10480,275,-650,361,-2720
3290,5120,7938,-297,-53,-227,-2704
-2482,-3008,8754,-374,11,-84,-2704
-350,4720,4438,-221,-657,-37,-2704
2370,-5828,10664,890,375,-477,-2704
746,300,8504,-284,232,-104,-2736
-58,7282,8360,-395,473,-238,-2736
-1314,-8464,12660,348,-91,66,-2704
3056,1616,5656,-925,140,-96,-2704
-1786,2186,5330,562,121,-90,-2688
784,-5536,12434,594,-111,-36,-2720
3608,856,11696,205,670,-382,-2720
-1934,3398,7774,-1528,259,-218,-2720
-726,-2628,6226,113,-59,-244,-2688
2956,-3576,6840,-29,525,-341,-2752
-4342,1748,6694,-15,-286,253,-2720
222,-6274,11466,1171,-455,28,-2704
2040,1836,8138,-1100,354,-321,-2720
-3848,-1360,8018,463,-746,111,-2720
2786,-8706,7840,185,-92,-472,-2752
592,6638,3786,174,235,-285,-2704
2156,-7854,13756,775,428,-189,-2736
-2912,6666,6218,-1419,-151,-46,-2736
836,4840,4310,115,-269,17,-2704
1442,-4990,7286,295,409,-263,-2704
-1884,2056,7978,-59,-215,52,-2704
2528,3940,6422,384,53,-176,-2704
42,10470,7176,-950,709,-359,-2704
-1678,-6748,9932,-122,212,-137,-2736
1358,-850,6962,-457,31,-296,-2736
758,1150,5014,44,532,-181,-2704
-3426,-2560,10062,116,-666,337,-2704
2594,3016,8708,-2,-94,-214,-2736
-1900,-3568,9448,-538,91,-94,-2704
-920,6078,3414,-186,-694,3,-2704
2530,-7772,11022,1068,278,-532,-2704
2346,-7676,12770,690,421,-181,-2720
-2880,5680,7608,-1323,-46,-57,-2720
576,6042,2918,88,-318,17,-2704
1314,-3520,6146,238,403,-253,-2736
-2038,1606,8216,-87,-225,54,-2688
2346,3652,6488,396,-23,-130,-2704
234,11120,6612,-932,664,-386,-2736
-1768,-4736,8740,-237,245,-180,-2704
964,-1284,7312,-387,-38,-301,-2704
1072,1120,4784,24,537,-224,-2704
-3646,-1150,9734,0,-612,325,-2736
2420,314,9764,256,-94,-214,-2672
-1736,-3152,9596,-758,101,-107,-2704
-1332,6790,2694,-101,-738,9,-2704
2794,-10114,12172,1146,399,-535,-2736
328,3538,7496,-662,112,-101,-2736
398,8582,7382,-131,498,-186,-2736
-2052,-5570,11012,96,-78,6,-2720
3188,3048,5654,-891,134,-103,-2720
-1436,424,5494,597,210,-101,-2720
380,-5936,12222,346,-148,-15,-2720
3974,734,10444,623,694,-380,-2720
-1370,5470,8630,-1832,315,-178,-2720
-1114,-1366,5250,218,-92,-142,-2688
3410,-6560,8278,-8,444,-426,-2688
-1648,-1408,8414,96,147,72,-2720
-384,-7942,11990,1165,-582,221,-2688
2778,4900,6864,-1376,417,-372,-2720
-3984,-8508,10950,924,-261,38,-2704
1714,-226,7914,-659,-346,-320,-2720
1104,5278,4820,591,291,-389,-2720
2334,-9190,13716,637,442,-191,-2720
370,9602,7118,-1039,294,-162,-2704
-226,-7920,11336,361,-295,60,-2688
1486,-2422,5850,-656,256,-172,-2704
-2230,1316,8232,577,-32,-46,-2704
2514,8136,8060,216,699,-388,-2704
-222,-10190,11528,-60,213,-133,-2720
1070,-686,7060,-569,47,-305,-2704
1054,1034,4808,104,552,-155,-2688
-3938,-1704,9774,187,-676,326,-2720
4488,14516,2554,-250,-60,-233,-2736
-1562,-4068,9758,-350,41,-77,-2736
-1324,6350,3246,-357,-683,-38,-2704
2646,-9244,11170,1212,291,-539,-2704
414,2544,8420,-699,118,-137,-2704
962,4090,8706,-61,470,-203,-2704
-2248,-4794,10322,-26,-110,26,-2704
3310,2514,6126,-807,152,-105,-2736
-1526,628,5130,613,204,-83,-2704
-860,3792,5728,179,-215,7,-2736
3956,672,10646,691,682,-372,-2704
-1330,4422,8876,-1739,391,-210,-2736
-1176,-1092,5262,83,-42,-146,-2736
2784,-636,4498,-54,413,-425,-2736
-1592,-2204,8538,194,240,16,-2704
-444,-6922,11762,954,-663,257,-2704
2774,5222,6274,-1288,316,-336,-2688
-3962,-8180,10244,948,-182,77,-2720
1800,-1196,8884,-706,-407,-260,-2720
1040,6256,3480,685,276,-441,-2688
1978,-9162,14450,326,350,-124,-2752
300,8550,7712,-853,311,-156,-2720
-228,-6760,10660,352,-200,76,-2688
1336,-2870,6170,-743,204,-153,-2720
-1986,1642,8222,583,-14,-75,-2688
362,-6144,12370,632,-119,-85,-2688
2640,8442,7578,-732,638,-385,-2672
-1950,-5482,9318,-303,244,-179,-2688
1096,-1088,7352,-269,-24,-287,-2736
1060,996,4754,30,611,-260,-2704
-4054,1828,6154,-92,-562,328,-2736
2408,1394,9774,672,-230,-170,-2704
-3992,-8194,10812,905,-277,70,-2704
2746,-7966,7388,898,119,-547,-2704
-210,6696,6688,-494,132,-187,-2736
1098,5100,7756,419,450,-181,-2736
-2270,-5476,11054,-874,-236,21,-2704
138,6024,3010,-324,-13,-52,-2704
1058,-11090,11124,668,380,-204,-2704
-994,3604,5796,-278,-306,76,-2736
4094,758,10848,722,436,-264,-2672
340,10944,6520,-1428,609,-277,-2704
-456,-7876,10626,-84,76,-129,-2704
2784,-1292,4724,-286,235,-341,-2704
-1642,-2080,8538,39,469,-139,-2688
-3862,-2618,10036,544,-700,315,-2720
4674,12934,3292,-831,126,-281,-2720
-3950,-7090,10032,121,-67,-13,-2720
1648,-1812,8848,-344,-487,-173,-2688
2924,-10166,12618,980,395,-537,-2720
280,3478,7162,-495,168,-92,-2720
212,8462,7218,-240,477,-207,-2720
-336,-6924,11020,308,-109,44,-2720
3016,2558,5782,-966,97,-112,-2752
-1232,224,5484,643,129,-88,-2688
316,-5558,11628,507,-154,-39,-2720
3732,2246,9538,353,637,-378,-2736
-1450,4646,8986,-1539,250,-196,-2720
-1046,-1470,5348,53,-49,-171,-2688
3432,-4702,7532,73,448,-417,-2688
-1324,-2582,8624,106,130,74,-2704
-786,-5734,11062,1020,-646,217,-2704
3382,6180,6096,-1194,460,-378,-2704
-4134,-6870,11304,669,-604,101,-2704
2798,-5374,6206,33,-146,-447,-2720
-18,6498,6562,113,265,-275,-2720
1718,-7700,12950,787,471,-165,-2672
-1868,7180,7354,-1388,-180,-55,-2720
1910,-1340,5554,-737,185,-206,-2704
-2130,1280,7696,453,-78,-64,-2704
1840,1128,8154,437,-59,-81,-2704
480,12630,5082,-839,660,-356,-2720
-410,-9960,11848,-306,197,-172,-2720
490,-2286,7798,-297,-23,-282,-2720
1650,262,5206,-3,540,-269,-2720
-4128,-458,8600,26,-565,335,-2720
1668,-1250,9958,555,-225,-175,-2704
-710,-2638,10024,-765,167,-149,-2720
-2142,5704,3158,-69,-759,41,-2752
2884,-10220,11154,784,117,-518,-2736
-36,6962,5454,-370,179,-194,-2736
1650,-534,10810,394,447,-181,-2704
-2930,6,8170,-942,-268,21,-2704
2844,3346,5860,-252,-41,-47,-2736
1304,-10862,10752,606,422,-183,-2704
-1228,4010,6460,-298,-285,99,-2736
3562,3432,7500,637,438,-275,-2736
-824,5328,10124,-1284,633,-310,-2736
-428,-10344,12116,-119,107,-129,-2704
2196,364,4336,-341,175,-342,-2704
-580,-1010,7380,92,444,-102,-2736
-1656,-4756,10926,425,-720,317,-2704
4034,10258,5028,-758,136,-285,-2704
-3424,-5244,9498,140,-37,0,-2704
660,2794,6468,-463,-497,-132,-2704
1752,-422,7772,1077,355,-509,-2720
-98,5348,7732,-573,132,-106,-2720
570,9800,5588,-182,442,-185,-2720
-420,-10312,13354,209,-105,48,-2720
2248,558,5122,-902,125,-120,-2688
-276,-3200,7206,536,175,-98,-2720
-310,-2730,9426,465,-126,-28,-2688
3264,1756,12068,447,691,-377,-2688
-2232,1324,6614,-1711,273,-177,-2688
-816,-3986,6444,229,-62,-165,-2720
-518,-856,7374,202,531,-176,-2736
-1864,-5028,11230,263,-716,329,-2704
3726,10766,4958,-793,125,-293,-2704
-3456,-5758,9450,375,-55,6,-2752
758,3792,5852,-699,-440,-175,-2704
1834,-610,8198,972,355,-463,-2736
1670,-5122,11110,-221,260,-118,-2736
736,10460,5302,-520,453,-196,-2704
-510,-11280,13932,461,-116,82,-2736
2428,938,5300,-974,151,-126,-2752
-2352,1638,6422,578,132,-106,-2688
-374,-2132,9030,648,-107,-68,-2720
3600,1256,12358,253,735,-381,-2720
-2336,826,6712,-1633,194,-178,-2720
-268,-1034,7116,231,-57,-208,-2720
3504,-5846,7502,95,497,-375,-2720
-3352,-310,7428,-24,-93,156,-2720
1420,-3962,10726,1284,-524,101,-2688
-66,-2094,9816,-1269,444,-374,-2688
-4334,-8574,11794,817,-565,107,-2688
2402,-4670,7116,-306,-276,-416,-2720
222,7886,4262,259,214,-340,-2688
1716,-4982,10472,827,462,-180,-2736
-1616,7784,8126,-1443,-81,-50,-2688
-394,2676,4930,176,-283,36,-2688
1244,-10190,10078,96,410,-239,-2720
-2316,1620,6552,257,-170,3,-2704
1458,-2268,10632,435,-103,-116,-2704
1016,13648,3974,-791,619,-373,-2736
-492,-11200,12620,-358,220,-191,-2704
-108,-2252,7610,-282,-17,-268,-2704
2266,-1518,5894,3,579,-277,-2704
-4590,1350,7522,-16,-569,331,-2736
3846,10524,5264,527,-212,-153,-2704
198,-2042,9896,-821,146,-185,-2704
-2600,3548,4490,45,-780,62,-2704
2836,-11212,10308,948,178,-553,-2736
1722,-4800,10818,732,481,-153,-2688
-1144,7048,8700,-1430,-53,-41,-2720
-498,2440,4882,131,-283,44,-2720
1024,-10126,9868,312,401,-260,-2704
-1392,3580,6842,-133,-284,52,-2720
1384,-1922,10380,392,-68,-136,-2736
1134,13802,4046,-948,683,-378,-2736
-590,-11028,12176,-145,230,-168,-2736
2308,1294,4496,-537,-13,-295,-2704
2028,-2234,6026,197,604,-231,-2704
-4544,1116,7730,-30,-696,362,-2704
3886,12018,4588,5,-93,-227,-2704
-3366,-6156,9654,-515,49,-74,-2704
-2692,5586,3714,-274,-692,-24,-2704
3028,-11758,11060,1228,338,-565,-2736
-198,5528,7758,-803,81,-112,-2704
638,10388,5498,136,518,-195,-2704
-3188,996,7834,-217,-98,-8,-2736
2512,4172,5286,-680,83,-91,-2736
-290,-3858,7340,626,289,-159,-2736
-320,-3306,10032,62,-263,34,-2736
3626,2926,7838,708,610,-378,-2736
-648,6840,9230,-1718,463,-229,-2736
-1030,-2488,6158,61,-7,-135,-2704
3310,-5500,7080,-218,293,-383,-2720
-724,442,6622,141,348,-48,-2720
-1820,-6394,11808,805,-703,316,-2720
4132,10646,3688,-1196,264,-319,-2720
-4322,-8924,12220,619,-120,70,-2720
586,2684,6314,-593,-380,-184,-2720
1892,-986,8400,825,364,-453,-2688
1540,-4528,10494,11,306,-140,-2720
-1290,7114,8434,-645,402,-190,-2720
-514,-10926,13812,472,-173,59,-2720
2502,918,5282,-942,170,-142,-2720
-2316,2124,6250,608,49,-85,-2720
-232,-2396,9066,674,-115,-75,-2704
3296,2676,11552,-196,627,-403,-2688
-490,-9688,11858,-134,167,-141,-2736
3308,-4078,6390,-172,267,-380,-2720
-204,-124,6538,145,349,-73,-2736
-2200,-4654,11138,701,-709,274,-2704
4310,12240,2930,-1134,246,-325,-2736
-4304,-10184,12608,617,-105,25,-2704
222,3700,5676,-557,-386,-259,-2704
2260,-3398,9662,784,338,-426,-2704
1118,-2496,9352,1,293,-115,-2704
-624,6514,9160,-547,435,-168,-2704
-444,648,5770,277,-303,68,-2720
1076,-8334,9068,-477,251,-209,-2720
-2112,1704,5968,435,-51,-65,-2752
1078,-4082,11376,614,-108,-108,-2720
1400,11668,5318,-469,650,-377,-2720
-1054,-9352,11504,-870,159,-171,-2688
-462,-1644,6478,-31,-23,-234,-2688
2738,-3312,7094,52,564,-304,-2688
-4228,1472,6854,-128,-349,277,-2688
3098,6340,7662,1020,-349,-42,-2688
1522,-196,9330,-1010,386,-254,-2720
-3436,400,6840,293,-733,112,-2752
2860,-9248,8400,397,-60,-478,-2752
738,7112,3752,71,241,-299,-2672
2176,-6960,13592,624,436,-183,-2752
-3052,5248,6472,-1255,-227,-3,-2688
1332,5130,4138,-331,-22,-69,-2736
700,-8300,9522,624,354,-182,-2736
-780,974,7376,-214,-259,77,-2704
2740,4012,6376,637,438,-293,-2704
-124,9148,8010,-1388,631,-300,-2704
-446,-6344,9028,-43,66,-143,-2672
2964,-2100,4984,-317,177,-359,-2704
520,1530,4978,56,393,-108,-2704
-3244,-3016,10166,526,-717,318,-2736
4580,13038,2724,-1117,282,-331,-2720
-880,5298,3858,72,-762,43,-2720
34,5502,7544,-505,122,-154,-2736
828,6712,6932,90,430,-178,-2720
-1750,-7292,11816,-394,-180,17,-2688
3100,2096,5802,-544,60,-82,-2720
856,-9686,10506,632,307,-151,-2720
-656,2292,6250,-41,-245,47,-2688
3656,790,11260,634,572,-332,-2688
-1748,4212,8222,-1577,519,-273,-2720
-472,-7980,10044,15,-9,-151,-2720
3130,-1362,4722,-223,307,-381,-2688
-1844,-1794,8412,197,362,-74,-2688
-3482,-2538,9996,612,-688,289,-2704
4566,13982,2630,-1171,258,-349,-2720
-4172,-9272,11142,735,-150,37,-2720
1904,-1124,8044,-666,-444,-219,-2720
2894,-8902,11724,905,322,-458,-2704
306,2058,7716,-159,193,-107,-2704
338,8286,7862,-487,445,-203,-2704
-426,-5274,9334,364,-183,112,-2704
3032,2936,4852,-875,151,-149,-2704
-1632,798,5690,595,81,-80,-2736
346,-5528,12064,653,-106,-81,-2704
2220,9106,7186,29,664,-388,-2704
-1594,4032,8464,-1427,162,-153,-2704
-1024,-866,5326,148,-74,-228,-2704
3196,-5206,7830,110,556,-411,-2704
-4154,994,6870,-27,-149,185,-2704
52,-6870,11708,1218,-470,52,-2704
2372,2714,7844,-1183,457,-335,-2736
-3884,-3370,9096,725,-607,111,-2736
2738,-8302,7704,-84,-210,-412,-2704
986,5746,4886,180,222,-320,-2704
2326,-8066,13126,861,469,-168,-2688
-2924,5690,7302,-1404,-134,-47,-2736
270,6150,2960,81,-310,18,-2704
-1632,1338,5296,544,144,-99,-2704
2378,4016,6134,379,-100,-97,-2752
252,10632,6860,-964,631,-349,-2736
-1618,-5404,9098,-175,243,-175,-2704
1172,-1620,7160,-406,47,-275,-2736
814,1170,5056,-22,552,-205,-2704
-3752,-2128,10040,113,-618,344,-2704
2464,2102,9298,100,-111,-199,-2736
-1796,-2748,9410,-653,68,-118,-2704
-908,5752,3414,-133,-690,-13,-2736
2840,-9038,11784,1079,300,-540,-2704
48,5940,7488,-686,102,-117,-2704
992,5930,7248,149,453,-187,-2736
-1818,-6680,11818,-313,-162,-4,-2704
3094,2494,5402,-492,102,-65,-2720
996,-9940,10672,618,336,-123,-2720
-770,2808,6184,-89,-259,57,-2720
3806,444,11100,702,516,-321,-2720
-1524,5100,8044,-1552,569,-267,-2720
-368,-9216,10738,14,11,-116,-2688
2958,-376,3976,-303,270,-368,-2720
-1882,-2210,8878,279,394,-80,-2720
-192,-6908,11332,617,-714,288,-2688
4580,15520,1726,-1184,259,-339,-2720
-3990,-8952,11204,671,-96,28,-2688
1882,-432,7972,-710,-412,-202,-2720
2654,-9382,11894,934,376,-482,-2736
272,3136,7322,-87,296,-142,-2720
410,8808,7758,-589,484,-188,-2720
-248,-6858,10658,419,-168,87,-2720
3194,3064,5384,-960,150,-148,-2704
-1430,386,5676,611,86,-55,-2688
300,-5752,12318,653,-136,-55,-2720
2662,8196,7530,143,705,-404,-2672
-1912,-5576,9268,-831,169,-179,-2704
908,-464,6996,-90,-45,-246,-2704
3150,-6228,8280,103,566,-324,-2704
-128,-7470,11820,803,-702,320,-2736
2640,4478,7080,-1325,397,-351,-2736
-4004,-7954,10722,921,-267,43,-2704
1820,-1016,8276,-592,-378,-323,-2720
1052,5474,4688,540,253,-368,-2720
2308,-8632,13330,652,448,-163,-2720
-2826,7044,7172,-1122,193,-127,-2688
-344,-8050,11782,329,-320,130,-2720
1622,-2522,5462,129,365,-286,-2704
-2300,1996,8048,70,-186,11,-2704
2274,2194,7206,475,-74,-114,-2704
434,11194,6190,-951,651,-383,-2704
-1824,-4730,8782,-190,238,-162,-2736
896,-2350,7974,-347,-10,-281,-2704
1220,1606,4322,-49,542,-211,-2736
-3988,-1522,9812,64,-609,343,-2736
2270,388,9880,307,-170,-178,-2704
-1252,-2940,9594,-772,115,-136,-2704
-1288,5834,2934,-22,-708,23,-2736
2708,-10402,12380,1031,282,-535,-2704
-36,6042,7400,-660,107,-146,-2704
1160,3770,8052,282,465,-152,-2736
-2422,-4714,10854,-566,-209,-21,-2704
3068,3198,5218,-475,5,-80,-2736
1222,-10450,10424,641,313,-155,-2736
-966,3102,6572,-138,-262,88,-2736
3792,1856,9328,636,411,-311,-2688
-1358,5002,9038,-1429,645,-309,-2720
-438,-10350,11816,9,70,-96,-2720
2856,326,3688,-386,210,-350,-2720
-1558,-1274,8312,215,391,-77,-2720
-698,-6528,11482,496,-762,323,-2752
4252,14316,2510,-1046,151,-303,-2720
-3844,-7662,10322,459,-95,34,-2720
1326,998,7390,-640,-440,-168,-2720
2646,-10042,11202,1080,353,-503,-2704
-46,3652,7888,-304,199,-109,-2720
-2198,7026,7578,-1341,-246,-8,-2736
3142,3602,5266,-1013,146,-149,-2704
-972,-1104,6310,625,119,-114,-2720
132,-5212,11372,638,-111,-38,-2720
2920,5544,9776,195,737,-409,-2720
-1260,5120,9628,-1696,208,-191,-2704
-1064,-1320,5214,154,-78,-190,-2720
3360,-6328,8046,120,477,-428,-2736
-3526,-12,7166,5,5,107,-2704
-950,-6904,11868,1193,-587,162,-2704
3446,7812,5056,-1238,429,-360,-2704
-4290,-7172,11512,881,-417,79,-2704
2538,-5322,6604,-444,-301,-347,-2704
1438,2490,6136,427,259,-350,-2736
1824,-6838,12040,769,454,-139,-2704
-1990,6998,7954,-1291,20,-57,-2704
56,4978,3526,235,-285,26,-2736
1804,-616,5064,-162,323,-217,-2736
-2256,1934,7316,253,-103,-20,-2736
1814,112,8928,510,-54,-112,-2704
564,12792,4968,-773,592,-351,-2736
-2144,-1166,7386,-453,192,-187,-2704
396,-2930,8342,-214,-20,-284,-2704
1874,550,4866,-71,537,-281,-2688
-4396,76,8512,-31,-473,296,-2720
1612,-2642,10748,847,-270,-128,-2720
-404,-2796,9842,-979,304,-253,-2720
-2318,4950,3762,251,-769,78,-2720
2810,-10642,10758,596,20,-527,-2688
342,7316,4950,-242,175,-203,-2720
1250,-778,11174,514,406,-153,-2688
-2822,64,7776,-267,-150,0,-2720
2638,3480,5588,-645,100,-84,-2688
-486,-2192,6774,594,297,-150,-2720
-14,-3960,10266,36,-213,29,-2720
3526,3372,7446,711,610,-355,-2688
-464,-10996,12554,-53,194,-130,-2720
2634,754,4098,-476,155,-344,-2720
-784,-642,7618,171,461,-118,-2736
-1342,-6698,11746,542,-705,347,-2736
3800,8632,4818,-1297,403,-357,-2672
-4408,-7798,11754,895,-278,73,-2704
1100,1564,7334,-669,-350,-306,-2704
1598,1688,6602,672,290,-404,-2704
1836,-7030,12060,458,392,-141,-2736
-1718,7890,7396,-997,259,-143,-2672
-464,-10300,13008,396,-256,96,-2704
1894,-314,5340,-624,211,-188,-2704
-2314,2100,6718,492,-31,-71,-2704
1680,-550,9480,565,-118,-104,-2752
2932,4352,10554,-533,607,-373,-2704
-2154,-1146,7314,-619,186,-187,-2688
408,-2158,7678,-133,-46,-269,-2688
1768,118,5330,-22,548,-334,-2720
-3520,-932,7750,-24,-437,299,-2704
1658,-1128,9892,893,-341,-71,-2704
-544,-2760,10014,-951,333,-270,-2736
-2186,4976,3764,330,-767,82,-2736
2548,-5208,6746,459,-49,-500,-2736
236,6822,5354,-139,199,-235,-2704
1482,104,10346,576,449,-153,-2704
-2880,-888,8714,-1200,-257,-28,-2736
-452,4184,4060,-167,-110,-20,-2736
1066,-10844,10392,635,440,-209,-2704
-1142,3766,6544,-278,-335,81,-2672
3588,2782,8256,596,251,-218,-2736
862,12696,4662,-1202,656,-344,-2704
-258,-9584,11504,-134,194,-143,-2704
2366,308,4446,-429,101,-301,-2704
-972,-1786,7914,126,534,-167,-2704
-4354,474,8114,343,-700,362,-2704
4272,12006,4346,-680,89,-288,-2704
-3788,-6008,9492,-219,-18,-40,-2720
2656,-4628,6066,-177,-221,-417,-2720
-172,5542,7152,-738,94,-108,-2672
652,9504,6304,115,483,-198,-2720
-2882,-924,8714,-43,-58,4,-2704
2778,2772,5874,-634,76,-89,-2688
-628,-1422,6116,561,254,-155,-2720
-80,-4516,10892,117,-241,52,-2720
3708,2446,8538,675,620,-371,-2752
-882,6064,9174,-1703,463,-255,-2688
-1160,-2094,5608,80,-37,-124,-2688
3542,-6158,7804,-122,398,-399,-2720
-1144,-1328,7844,204,303,-30,-2720
-1184,-6780,11800,901,-689,312,-2720
3638,8144,4972,-1266,329,-362,-2720
-4206,-7502,11760,871,-244,74,-2720
1268,880,7688,-703,-382,-270,-2720
1386,2928,5772,716,329,-406,-2720
2024,-7582,12582,358,361,-142,-2720
-1874,7984,7276,-919,385,-168,-2720
-596,-9756,12670,419,-250,86,-2720
2128,-690,5464,-712,204,-193,-2720
-2412,2064,7112,551,-23,-74,-2688
-140,-3780,10462,607,-128,-103,-2704
2922,4924,10086,-408,637,-413,-2688
-2182,-1660,7694,-958,179,-184,-2688
330,-2556,8064,25,-3,-255,-2720
3334,-5636,7782,36,535,-360,-2736
-3432,-244,7120,-19,-292,255,-2736
1768,-2248,10738,1156,-425,12,-2672
-370,-2482,9812,-1119,383,-306,-2704
-4164,-8084,11832,578,-641,135,-2672
2718,-4666,6488,14,-142,-431,-2736
8,6660,5836,126,235,-305,-2736
1686,-722,10618,769,501,-190,-2704
-1770,7112,7972,-1393,-182,-17,-2704
-292,3138,4570,12,-279,25,-2704
1154,-10022,9978,384,384,-252,-2736
-144,-3404,9958,528,-99,-43,-2720
3038,3534,11006,-478,624,-396,-2736
-532,-10442,12164,-430,225,-176,-2720
-12,-2254,7698,-311,-17,-274,-2704
1986,-456,5208,29,542,-248,-2704
-4338,458,8482,-23,-581,344,-2736
4052,11238,4908,426,-168,-199,-2704
-96,-2048,10224,-852,154,-148,-2736
-2432,5160,3434,4,-721,8,-2704
2984,-11782,11630,901,177,-528,-2720
-334,6150,6996,-575,134,-148,-2752
1584,-1408,10876,356,443,-177,-2704
-3032,406,8504,-900,-207,-13,-2688
2578,4238,4908,-286,-33,-63,-2720
-238,-3956,7496,604,421,-183,-2720
-1232,3296,7034,-218,-297,68,-2720
3412,3730,6932,610,371,-294,-2720
-836,7658,9124,-1380,681,-312,-2720
-904,-3734,6160,57,78,-120,-2720
2414,982,4246,-457,153,-348,-2752
-498,96,6706,198,450,-89,-2720
-2034,-5478,11252,416,-701,342,-2720
4268,12404,3116,-874,104,-292,-2720
-3088,-5484,9318,224,-56,5,-2752
256,4340,5144,-549,-491,-135,-2688
2082,-2138,9082,1114,402,-493,-2720
-178,5114,7978,-596,149,-125,-2704
474,10836,5196,-412,479,-186,-2688
-554,-11248,13694,450,-123,59,-2720
2920,1236,5730,-986,208,-149,-2704
212,-6494,9084,594,142,-91,-2736
-436,-692,7794,443,-120,-15,-2704
3658,554,12762,517,755,-400,-2736
-2362,2810,6442,-1786,273,-168,-2704
-612,-4406,6926,148,-71,-160,-2704
3340,-4356,6454,65,457,-430,-2704
-2564,-1324,7968,69,108,91,-2704
3380,7480,6814,-45,-52,-210,-2704
-2806,-4134,8972,-155,11,-45,-2672
0,4396,5044,-417,-511,-114,-2688
2378,-4526,10066,1123,348,-497,-2688
1052,-2032,9264,100,319,-125,-2688
-612,7392,8514,-695,332,-166,-2752
-288,100,6256,444,-188,79,-2720
2694,1972,4778,-843,182,-172,-2720
-2206,2034,5472,572,36,-84,-2720
1034,-4808,12192,737,-52,-84,-2688
3648,418,12568,-72,656,-364,-2704
-2264,3420,6728,-1232,131,-147,-2720
-536,-1658,6580,154,-63,-244,-2752
2816,-3554,6924,119,523,-357,-2704
-2512,-1238,8186,-121,-189,215,-2736
762,-6366,11500,1305,-453,51,-2704
1226,-740,9528,-1207,441,-320,-2736
-3436,1270,6096,716,-602,81,-2736
2250,-2998,7638,-108,-207,-456,-2704
732,7394,4078,203,216,-329,-2704
2028,-6722,13386,844,450,-179,-2736
-3226,4756,6360,-1486,-155,-51,-2672
-492,-1246,6940,130,-274,-2,-2704
1048,-7614,8298,289,381,-253,-2704
-1810,2898,7828,-7,-228,20,-2736
2976,4772,5756,413,-19,-124,-2672
1422,12992,4412,-1003,639,-364,-2704
-1118,-9610,11570,-101,207,-149,-2736
1970,-14,5540,-464,23,-308,-2704
62,1392,5720,-4,531,-238,-2752
-4438,734,7030,86,-608,349,-2720
3154,7306,6936,171,-146,-192,-2720
-2794,-4312,9220,-610,122,-169,-2688
-106,5058,4562,-166,-782,41,-2688
2836,-9376,8454,1065,218,-557,-2720
-112,5214,8226,-606,116,-148,-2688
744,9626,5290,171,461,-184,-2720
-344,-900,6976,221,-260,70,-2720
992,-7494,8146,163,374,-267,-2720
-1656,2868,8026,-56,-233,10,-2704
3088,4510,5576,479,75,-136,-2688
1356,13296,3962,-997,642,-375,-2736
-796,-9146,11314,-133,240,-171,-2704
1820,-570,5962,-405,53,-309,-2704
116,906,5818,-79,543,-212,-2704
-4556,1436,6774,164,-629,335,-2736
3346,6824,7470,-30,-96,-205,-2704
-2700,-3778,8772,-557,66,-68,-2704
152,4160,5276,-153,-681,-2,-2768
3054,-10230,9104,1125,334,-539,-2704
-172,6046,7858,-756,99,-108,-2736
708,9116,5408,102,467,-195,-2704
-916,-10448,13850,-230,-92,-10,-2704
1428,4430,4808,-687,81,-84,-2704
404,-6882,8912,626,247,-154,-2704
-524,-266,7662,90,-244,41,-2704
3644,1048,11962,654,592,-344,-2704
-82,7958,8886,-1634,454,-275,-2704
-740,-4916,7802,-30,22,-108,-2720
3336,-3068,5348,-217,294,-367,-2720
-2764,-1688,8692,206,352,-29,-2688
-2726,-4920,11492,752,-720,284,-2720
4608,13484,2112,-1200,279,-334,-2720
-4270,-9902,12536,755,-155,71,-2720
2334,-2830,7412,-695,-398,-225,-2688
2324,-4168,9750,819,355,-442,-2720
956,-2012,9400,58,302,-134,-2720
-416,7950,8290,-683,431,-182,-2688
-624,-1452,7406,418,-196,58,-2720
2946,1758,5470,-874,188,-171,-2720
-2036,1914,5498,602,18,-41,-2720
1116,-4948,12010,659,-109,-74,-2688
3840,706,12122,-60,686,-406,-2736
-2126,2216,7764,-1171,150,-150,-2688
1752,-824,6372,-402,188,-330,-2736
-4460,1114,6770,-45,-239,213,-2720
3324,5882,7790,496,-206,-158,-2736
-2542,-3346,9002,-832,169,-173,-2672
-3284,234,7032,51,-786,58,-2720
2950,-8458,8008,705,129,-534,-2720
-162,5486,8346,-326,164,-180,-2688
1018,8306,6020,428,483,-165,-2720
-1488,-9154,13080,-186,-139,6,-2720
2964,1656,5246,-651,58,-76,-2720
946,-8082,9816,629,286,-132,-2688
-596,838,7234,88,-244,37,-2720
3482,1558,11210,571,609,-344,-2688
92,7858,8494,-1502,510,-292,-2736
-832,-5258,8452,-91,-18,-107,-2720
3112,-2100,5128,-41,369,-423,-2688
-2270,-2872,8838,197,254,18,-2720
358,-5632,11108,1065,-621,144,-2736
1958,1442,8668,-1191,460,-369,-2704
-4196,-9578,11992,842,-420,94,-2736
2122,-858,7212,-625,-314,-352,-2736
754,6102,4394,548,318,-382,-2704
2240,-7948,13948,660,469,-156,-2736
118,7680,8302,-1180,153,-73,-2736
-342,-4326,8974,294,-313,76,-2704
1370,-5124,7336,-274,274,-211,-2704
-1882,1778,8056,371,-74,-48,-2704
612,-5484,12222,510,-115,-109,-2736
2094,9646,6528,-615,660,-371,-2704
-1694,-6532,9838,-681,178,-164,-2704
1284,34,6498,-234,-42,-275,-2688
704,550,5342,56,538,-290,-2720
-4150,1762,6398,-85,-533,347,-2720
2650,2834,8926,680,-242,-149,-2752
-2120,-3780,9600,-892,210,-199,-2720
-732,6548,3198,78,-749,49,-2720
828,6058,4262,750,293,-408,-2736
2362,-8494,13638,755,484,-179,-2704
-2972,6764,6744,-1307,-317,-6,-2688
680,5404,3388,-25,-165,-1,-2720
1020,-10034,10732,517,465,-214,-2720
-884,3488,5754,-284,-300,97,-2720
2338,3744,6138,504,230,-229,-2720
134,11338,6820,-1133,701,-349,-2688
-266,-9258,10758,-23,157,-129,-2720
984,-522,6848,-550,44,-275,-2704
1084,1450,4888,121,489,-172,-2688
-3704,-1498,9710,205,-692,331,-2656
4552,14180,3030,-440,12,-279,-2720
-1482,-3714,9988,-415,55,-54,-2704
-1336,6446,2888,-341,-578,-48,-2688
2668,-9320,11672,1136,303,-542,-2736
432,3302,7736,-732,99,-126,-2736
820,4706,8082,-1,467,-197,-2704
-2114,-5138,10636,-44,-118,13,-2704
3272,2856,5960,-780,137,-85,-2704
-1320,164,5470,610,279,-98,-2736
-874,3428,6146,150,-178,-4,-2704
3924,1114,10096,680,627,-366,-2704
-1390,4978,8952,-1722,410,-226,-2704
-1090,-1682,5284,134,-41,-126,-2704
2928,-28,4140,-129,337,-404,-2704
-3854,1294,6404,-2,-57,148,-2704
-574,-7334,11820,1321,-515,111,-2704
3134,6588,6134,-1369,474,-383,-2720
-4060,-6362,11032,987,-405,96,-2720
2728,-7356,7222,-545,-309,-350,-2720
1470,4548,5522,451,289,-354,-2688
2298,-8660,13184,816,476,-184,-2720
-2318,7000,7530,-1360,82,-78,-2752
-158,5928,2888,263,-300,35,-2688
1468,-1570,5522,-194,320,-228,-2720
-2164,1370,7770,337,-123,-21,-2720
4034,1170,9678,752,689,-401,-2704
-1354,5158,9520,-1712,174,-170,-2736
-1084,-920,4822,173,-109,-209,-2704
3396,-6908,8056,186,547,-415,-2688
-3848,750,6908,-98,-122,168,-2688
-792,-7676,12132,1305,-573,147,-2704
3212,6494,5588,-1257,467,-339,-2704
-4268,-5930,11132,876,-487,74,-2704
2450,-6266,6764,-394,-333,-354,-2704
1262,4168,5258,342,257,-372,-2704
2120,-8036,12780,864,486,-153,-2704
-2352,7198,7354,-1441,-29,-40,-2704
102,5698,3334,218,-301,16,-2704
1368,-1372,5492,-40,355,-238,-2736
-2136,1560,7836,199,-150,-9,-2704
2008,1426,8018,435,-88,-67,-2704
464,12414,5540,-808,672,-351,-2704
-2104,-3154,8276,-315,194,-208,-2704
736,-2324,7822,-305,-21,-287,-2704
1486,674,4772,-21,548,-250,-2704
-4314,-942,8900,20,-559,332,-2736
1910,-760,10004,501,-184,-162,-2736
-788,-3482,10070,-786,156,-190,-2736
-1944,5722,3106,-8,-781,23,-2704
2816,-10620,11338,934,134,-571,-2704
228,6504,5880,-480,124,-192,-2736
1026,1680,9788,386,426,-139,-2688
-2446,-2708,9064,-875,-261,-19,-2720
2882,2986,5914,-292,30,-64,-2720
1004,-11618,11130,676,359,-154,-2720
-964,4018,5770,-289,-314,72,-2720
3652,2342,9030,656,379,-276,-2720
-960,5516,9348,-1359,628,-309,-2720
-392,-10080,11638,-43,70,-116,-2720
2634,646,4124,-409,229,-324,-2720
-1260,-1502,8054,210,440,-131,-2720
-1042,-7018,11896,489,-717,318,-2688
-830,-3066,10182,-1157,360,-343,-2704
-1862,6712,2816,204,-805,87,-2704
3086,-11214,11964,1091,248,-588,-2720
-42,4440,7366,-772,96,-143,-2704
1310,1962,9104,200,497,-189,-2736
-2612,-3154,10192,-318,-123,26,-2704
2912,3454,5274,-982,91,-114,-2704
-824,-1556,6284,665,98,-100,-2720
42,-4668,11096,565,-141,-20,-2752
2888,5714,9434,353,709,-392,-2736
-1084,5410,9084,-1621,218,-202,-2704
-1120,-940,5268,53,-53,-188,-2736
3334,-5614,7668,147,516,-412,-2704
-3528,-230,7300,33,50,109,-2736
-1044,-6464,11514,1155,-603,182,-2704
3494,7342,5422,-1216,430,-365,-2704
-4214,-7316,11676,846,-418,89,-2672
2668,-5208,6498,-468,-301,-361,-2736
1546,2604,6170,402,268,-350,-2704
1960,-6810,11974,772,473,-145,-2704
-1822,6668,8058,-1228,101,-103,-2704
-340,4190,4100,220,-341,41,-2736
1940,-876,5438,-183,287,-227,-2704
-2280,2302,6968,250,-133,4,-2704
1850,-398,8978,468,67,-162,-2688
686,12556,4922,-1033,655,-338,-2688
-276,-8592,11252,-230,257,-139,-2720
2234,-430,4866,-305,36,-301,-2720
1806,1028,4838,-143,523,-224,-2720
-4298,438,8322,196,-618,322,-2720
4192,10268,5334,56,-110,-202,-2720
-3406,-4480,8730,-699,53,-112,-2720
-2408,4982,3266,-79,-705,14,-2688
3000,-11126,11588,1071,349,-549,-2688
-44,5920,7244,-694,116,-136,-2688
1628,-814,10700,244,457,-147,-2736
-2972,892,8168,-403,-140,25,-2688
2568,3382,5446,-534,50,-50,-2720
-178,-3052,7176,588,241,-122,-2720
-240,-3016,9586,375,-139,-10,-2736
3142,2728,11268,367,652,-412,-2720
-2266,1030,6910,-1650,268,-213,-2720
-1000,-3184,6108,142,-60,-175,-2688
3456,-4978,7070,61,464,-416,-2720
-2992,-638,7476,97,60,90,-2720
1242,-4144,11072,1095,-611,195,-2720
4208,11182,3282,-1246,433,-390,-2688
-4364,-9554,12496,929,-348,79,-2688
2502,-3932,6706,-587,-334,-322,-2720
204,6938,5032,558,295,-380,-2688
1502,-4916,11002,660,436,-168,-2752
-1106,7802,7934,-1194,146,-126,-2688
-442,768,5924,359,-318,82,-2720
2710,1196,5092,-555,237,-217,-2704
-2248,1590,6304,406,-63,-26,-2720
1256,-3062,10914,522,-107,-89,-2688
1098,12944,4490,-573,641,-368,-2720
-2352,1850,7038,-883,141,-150,-2672
-362,-2010,6990,14,-41,-264,-2704
2424,-2482,6316,63,541,-332,-2736
-4348,934,7328,-45,-371,285,-2704
956,-4378,10918,985,-351,-54,-2704
740,-908,9542,-1001,334,-265,-2704
-2962,1186,6166,363,-733,93,-2704
2682,-9256,8732,313,-60,-471,-2704
394,7580,3848,-58,199,-263,-2736
2136,-6054,13402,676,469,-191,-2736
-3386,4178,6598,-1290,-282,15,-2672
1758,4694,4388,-72,-192,-22,-2704
1070,-7916,8536,540,437,-259,-2736
-460,-106,7676,-149,-266,110,-2736
2962,4734,5908,707,523,-313,-2672
-258,7764,9200,-1534,573,-285,-2736
-652,-5484,7752,24,76,-128,-2736
2656,-3134,6600,44,503,-266,-2704
848,-6210,11314,927,-654,246,-2720
4470,14084,2020,-1298,429,-386,-2704
-4246,-10470,12638,960,-317,120,-2704
2298,-2438,7156,-691,-340,-311,-2704
680,7402,3982,680,320,-385,-2688
1234,-2112,9336,472,398,-139,-2688
-462,7918,8498,-1036,195,-102,-2688
-478,-900,6662,347,-257,88,-2720
1230,-8020,8848,-543,259,-195,-2720
-2080,1586,5788,514,-20,-69,-2688
1030,-4498,11868,558,-122,-91,-2688
1632,12742,4610,-482,641,-361,-2720
-1148,-10688,11950,-856,170,-155,-2720
-750,-1128,6446,-64,-80,-268,-2688
2760,-4188,6962,114,551,-322,-2688
-4432,1742,6802,-171,-450,268,-2688
984,-6708,11672,1208,-328,-48,-2704
1064,-806,9744,-1066,312,-254,-2688
-3260,1380,6208,351,-746,71,-2720
2842,-10796,9208,520,-29,-521,-2688
748,7966,3844,-100,171,-262,-2736
2206,-6820,13426,696,446,-160,-2688
-3374,4180,6772,-1263,-275,-20,-2720
1620,5656,3870,-92,-102,-28,-2720
1048,-8028,8622,517,440,-206,-2704
-1830,2926,7804,-248,-345,57,-2704
3006,4886,5346,490,123,-158,-2704
-242,8296,9260,-1138,694,-345,-2736
-1180,-10126,11884,8,160,-116,-2672
1944,668,5126,-543,77,-320,-2704
-26,868,5966,145,429,-77,-2704
-2710,-4836,11346,788,-680,300,-2688
4638,13446,2484,-1224,288,-358,-2720
-4198,-9964,12132,585,-101,64,-2672
106,4824,4774,-594,-416,-183,-2736
-58,5724,8188,-777,118,-140,-2688
-788,7828,8596,-1205,125,-73,-2704
-290,-44,6310,259,-271,74,-2720
1104,-8244,8818,-209,338,-229,-2720
-1564,3092,7788,331,-140,-34,-2688
1096,-4882,12084,483,-103,-96,-2720
1536,13062,4282,-735,641,-377,-2720
-902,-10178,11876,-473,248,-206,-2720
-582,-1296,6530,-159,-12,-269,-2704
2734,-3382,6872,31,574,-287,-2688
-4504,2108,6544,-99,-543,297,-2720
3248,7378,7210,705,-238,-109,-2720
1318,-944,9908,-1019,249,-230,-2704
-3426,1440,6058,217,-804,95,-2704
2974,-10816,9126,711,56,-515,-2704
-302,6304,7606,-364,151,-230,-2704
1908,-6512,13402,503,412,-144,-2704
-3248,4514,6462,-1058,-266,5,-2672
1390,5526,4106,-230,-87,-23,-2672
512,-7206,9068,616,406,-199,-2704
-1782,3024,7340,-248,-306,49,-2672
2992,4576,6024,602,306,-253,-2704
-220,8908,8436,-1345,652,-330,-2704
-524,-5978,8684,39,141,-164,-2736
1944,-168,6138,-492,173,-350,-2736
104,1534,5342,107,504,-126,-2704
-2804,-5028,11522,432,-708,346,-2672
4778,13808,2234,-836,95,-269,-2704
-2612,-3882,9172,127,-43,-5,-2736
10,5396,4266,-492,-501,-102,-2736
2434,-5532,10880,1102,396,-502,-2672
958,-944,8654,-691,103,-105,-2688
834,9486,5442,-155,498,-195,-2720
-1038,-10158,13578,249,-51,74,-2688
2964,2138,5430,-954,138,-105,-2720
-1998,1668,5420,655,201,-91,-2688
-580,942,7126,372,-149,-25,-2720
1230,12702,4840,-979,622,-388,-2736
-550,-1542,6238,26,-64,-175,-2720
2736,-2438,6524,-57,534,-307,-2736
-4250,688,6926,28,-388,259,-2704
3008,5136,8074,889,-366,-75,-2736
1798,1070,8668,-988,357,-306,-2688
-3534,-1908,8132,428,-728,105,-2720
2874,-7532,7352,177,-93,-473,-2720
-100,5574,8084,53,219,-268,-2688
2032,-7350,13742,622,460,-173,-2688
-2918,6118,6364,-1292,-202,-12,-2752
956,4878,4124,-57,-167,9,-2720
908,-8840,10142,505,420,-238,-2720
-1816,2254,7982,-172,-246,57,-2720
2572,4096,6392,462,148,-158,-2720
204,9096,7810,-1014,661,-360,-2720
-534,-6936,9614,-162,216,-156,-2720
1156,-1880,7352,-382,74,-311,-2752
738,762,5172,50,532,-196,-2688
-3354,-2436,10224,193,-671,319,-2688
2754,2314,9268,1,-114,-198,-2704
-1964,-3098,9076,-421,17,-86,-2720
-880,5782,3398,-215,-648,-71,-2688
2618,-8282,11424,1129,326,-531,-2688
-186,6266,7392,-729,92,-106,-2704
952,5982,7032,170,477,-186,-2736
-2042,-6676,11800,-354,-172,0,-2704
3230,2854,5188,-585,18,-53,-2704
1098,-9606,10166,615,321,-138,-2736
-848,2650,6428,-24,-263,74,-2704
3930,910,10520,669,610,-351,-2704
-1672,4266,8804,-1640,238,-178,-2672
-916,-1362,5226,124,-61,-182,-2720
3182,-5262,7694,99,455,-392,-2736
-1506,-1738,8282,67,62,89,-2704
-410,-6104,11468,1109,-612,194,-2704
-3992,-7166,10152,446,-104,35,-2720
2716,-5996,6504,-303,-279,-374,-2704
-52,6360,6730,-110,190,-260,-2704
1230,3552,8970,523,479,-178,-2688
-2454,6404,7822,-1274,-261,-10,-2704
346,5472,3296,-175,-99,-34,-2752
1124,-11074,11298,622,440,-205,-2688
-978,3744,5852,-308,-282,62,-2688
2054,2240,7418,494,243,-198,-2704
412,11370,6114,-1166,658,-337,-2688
-322,-9264,11276,-133,173,-127,-2672
2544,-104,4140,-434,63,-303,-2704
1458,962,4726,84,496,-195,-2704
-4054,-664,9210,249,-703,354,-2704
4292,12996,3286,-418,-3,-254,-2704
-3922,-6776,10038,-224,3,-19,-2704
-1794,5358,3384,-319,-604,-85,-2704
2750,-10264,11418,1146,307,-524,-2672
20,4276,7650,-698,86,-113,-2704
520,9458,6290,-63,483,-207,-2704
-2570,-2564,9310,69,-115,1,-2704
2944,2936,5656,-837,131,-111,-2704
-894,-522,5802,583,210,-116,-2672
112,-4992,11330,305,-155,3,-2736
3662,2216,8858,585,684,-376,-2704
-1008,5216,9444,-1755,345,-190,-2704
-960,-2578,5672,208,-35,-142,-2736
3490,-6240,7998,-123,393,-398,-2688
-1178,-1100,8232,134,251,46,-2688
-920,-7218,11858,1031,-633,235,-2688
3420,7140,5712,-1308,390,-384,-2752
-4376,-6374,10954,942,-286,62,-2720
1400,930,7554,-730,-412,-288,-2752
1266,3478,5668,723,303,-417,-2720
2176,-8116,12776,425,363,-166,-2688
-2174,8156,6946,-1037,294,-155,-2720
-334,-9352,12064,445,-250,78,-2688
1354,-10408,10354,598,410,-169,-2704
1854,1054,8284,607,-141,-73,-2720
2906,5312,9740,-574,632,-365,-2704
-2200,-2696,7882,-682,185,-168,-2736
588,-880,7226,-174,-26,-265,-2736
1508,140,5210,90,569,-293,-2672
-3718,614,6828,-102,-473,302,-2704
1932,-796,10114,868,-306,-93,-2704
-948,-3340,9790,-949,282,-244,-2704
-1776,5678,3574,391,-740,120,-2688
2670,-6650,7354,419,-54,-468,-2688
8,7430,5222,-154,155,-269,-2688
1278,1656,9800,676,459,-176,-2720
-2608,-2378,9260,-1266,-300,23,-2720
-98,5226,3324,-120,-132,-5,-2720
994,-11042,10704,594,430,-233,-2752
-1074,4030,6162,-285,-301,75,-2688
3822,1840,9008,540,190,-205,-2720
504,13292,4856,-1177,695,-330,-2752
-62,-10526,12060,-37,209,-128,-2720
2624,136,4452,-510,98,-328,-2688
1694,242,5156,117,559,-155,-2672
-4178,92,8774,247,-675,326,-2688
4310,13204,4024,-577,55,-251,-2720
-3732,-6132,9342,-173,1,2,-2720
-2060,6880,2382,-286,-621,-50,-2736
3056,-11676,12174,1161,383,-535,-2720
94,5342,7246,-815,95,-98,-2704
538,9314,6522,-2,487,-182,-2704
-2594,-2014,9204,62,-57,-6,-2704
2940,3330,5784,-842,109,-99,-2704
-834,-1504,6134,647,56,-66,-2704
54,-5176,11342,693,-121,-64,-2688
3194,4700,9980,-37,666,-444,-2720
-2300,-1716,7826,-1454,115,-179,-2688
-1158,-2298,5632,211,-95,-219,-2736
-1192,-724,7678,176,271,13,-2688
-1162,-7594,12006,1117,-620,251,-2672
-592,-3766,10280,-836,194,-189,-2736
-2094,6078,3188,-94,-778,46,-2688
2858,-10750,11012,1031,175,-521,-2720
38,7400,5354,-478,118,-191,-2672
1536,374,10120,299,475,-205,-2688
-3042,-1306,8878,-647,-224,27,-2688
2982,3394,5610,-409,32,-78,-2720
1246,-11310,10732,664,390,-182,-2704
-1260,4472,6050,-282,-327,66,-2704
3772,2106,8642,737,441,-299,-2736
-910,5526,9688,-1459,628,-309,-2704
-408,-11034,12418,-16,97,-115,-2704
2450,166,4148,-353,206,-342,-2736
-976,-888,7700,140,418,-96,-2704
-1276,-5574,11104,497,-741,301,-2704
4204,11904,4036,-933,124,-299,-2704
-4176,-8000,11810,799,-248,51,-2704
912,1728,6902,-613,-341,-284,-2704
1692,1290,6998,621,308,-421,-2704
1784,-5888,11454,358,438,-134,-2672
-1626,6818,8266,-922,296,-137,-2736
-292,-10374,13430,436,-177,56,-2720
2158,-342,5398,-783,188,-186,-2688
-2190,2302,6664,574,-5,-64,-2720
1638,-1548,10002,687,-102,-106,-2720
832,12856,4384,-826,618,-373,-2720
-434,-9850,11888,-422,238,-162,-2688
220,-2960,7846,-221,-35,-273,-2720
2040,-92,5210,-74,539,-254,-2720
-4496,636,8114,-1,-542,316,-2720
4008,10224,5292,-241,-55,-265,-2688
-3296,-5184,8878,-416,48,-85,-2720
724,2026,7066,-217,-618,-39,-2688
2998,-11354,11230,1144,333,-529,-2688
1666,-2304,11470,646,443,-173,-2704
-2918,1300,7848,-1069,-233,12,-2704
2276,3864,5126,-162,-85,-36,-2704
-68,-3834,7350,587,374,-199,-2688
-1354,3688,6834,-241,-300,76,-2720
3336,3862,6786,602,394,-277,-2688
-740,7106,9308,-1367,646,-299,-2720
-854,-3322,6390,-23,91,-117,-2720
2216,66,4910,-346,189,-349,-2720
-498,288,6618,107,418,-127,-2688
-2104,-5204,11134,503,-706,329,-2688
4230,11736,3256,-873,120,-257,-2688
-3094,-4658,8990,199,-71,13,-2688
306,3756,5512,-510,-501,-141,-2720
2104,-2064,8908,1027,332,-498,-2720
1364,-3144,10160,-499,157,-71,-2688
632,10400,5186,-354,485,-201,-2688
-768,-10650,13648,375,-109,66,-2720
2792,1488,5328,-990,139,-128,-2720
328,-6012,8638,587,182,-117,-2704
-384,-920,8248,542,-119,-8,-2688
3590,1040,12258,322,709,-397,-2688
-2240,1932,7204,-1593,217,-178,-2720
-544,-4264,7274,54,-43,-182,-2736
3270,-3614,6144,51,447,-417,-2704
-2458,-2130,8374,104,129,64,-2704
718,-4358,10702,1001,-633,192,-2704
4392,12252,2912,-1203,414,-385,-2704
-4292,-9674,12120,909,-327,77,-2736
2180,-2572,7240,-590,-364,-335,-2704
500,7064,4040,239,254,-333,-2672
1988,-6070,13298,776,466,-156,-2704
-2974,4712,6634,-1417,-142,-40,-2704
-272,-570,6746,45,-253,16,-2736
1022,-7582,8658,316,372,-218,-2704
-1412,2810,7866,-37,-203,3,-2704
2986,4806,6008,428,-5,-96,-2688
-2112,3278,6988,-1670,256,-159,-2720
1698,-296,6124,-239,14,-266,-2704
2798,-3088,6808,-17,549,-259,-2704
-4344,1748,6794,24,-592,359,-2688
3176,6498,7574,273,-156,-162,-2720
-2736,-3878,8918,-720,124,-146,-2688
-180,5280,4684,-60,-733,5,-2720
