AcX,AcY,AcZ,GyX,GyY,GyZ,Tmp
-2710,-2312,14224,-164,-55,-35,-3136
184,1616,2350,-1601,1487,-184,-3136
-2106,-2622,12598,286,-372,-85,-3152
2272,1648,7490,1577,-1087,-200,-3152
-10,1740,4920,-2423,1933,-38,-3152
316,-4024,11330,674,-756,-181,-3136
1512,-606,5498,587,-149,-265,-3136
-802,682,8480,-923,773,-56,-3152
1008,540,8718,862,-776,-136,-3136
1194,868,5548,-1079,769,-92,-3120
-2226,-332,11898,281,-773,-188,-3152
3980,-2760,1876,148,456,-362,-3152
-2568,-150,10828,-393,154,-18,-3120
-332,1176,11572,1468,-1429,-135,-3136
5038,626,1478,-1681,1819,-305,-3104
-3342,-3082,13064,-1054,724,7,-3152
40,-3378,11600,2347,-1859,-157,-3120
2950,3394,1044,-1128,981,-124,-3136
-2306,-1578,12426,-968,714,15,-3136
714,-1988,11600,1995,-1530,-259,-3120
1768,2042,1838,-1686,1580,-209,-3120
-1916,-2828,13606,132,-205,-59,-3120
2756,2294,6086,1882,-1319,-217,-3136
1510,2610,2232,-2367,1951,-52,-3136
-1098,-3694,13264,242,-578,-184,-3120
1718,-666,4224,918,-194,-268,-3152
-472,138,6012,-956,855,-40,-3168
470,1196,10884,1089,-1063,-165,-3168
1288,506,4718,-1117,900,-106,-3152
-2014,-2150,10502,-4,-249,-70,-3152
4362,-1288,4636,1059,-819,-406,-3136
-2744,-798,11826,-252,74,47,-3120
1980,3418,9178,1485,-1489,-174,-3168
5078,972,664,-2331,2481,-250,-3152
-3928,-3532,13620,-165,-237,-6,-3120
1484,598,9410,2629,-2047,-188,-3136
2028,2556,1818,-2044,1747,-104,-3104
-2398,-1922,13162,-253,-77,-57,-3136
2970,-486,7500,1856,-1212,-292,-3152
-276,60,4078,-2170,2001,-107,-3120
-1958,-2908,13954,909,-894,-122,-3136
2402,2584,6154,946,-696,-215,-3136
-666,476,7302,-2349,1916,7,-3152
-158,-4162,12416,1117,-976,-238,-3152
1048,240,4866,343,100,-230,-3168
-662,692,10354,-417,409,-70,-3104
792,692,9848,672,-601,-140,-3152
142,210,6328,-1081,732,-82,-3152
-1524,736,12466,634,-1256,-260,-3152
3380,-2822,1112,-585,1207,-341,-3152
-3140,438,11082,-294,-24,45,-3136
482,2298,11006,1557,-1464,-160,-3136
4750,-420,968,-2057,2238,-275,-3136
-4220,-3854,14150,-497,57,43,-3136
824,-1922,11022,2678,-2114,-191,-3152
3138,3278,-684,-1814,1610,-140,-3184
-2780,-2312,14256,-606,284,31,-3152
1816,-1912,10356,2075,-1503,-311,-3168
1034,1866,1452,-2031,1912,-176,-3136
-1908,-2988,14480,315,-368,-50,-3120
2058,776,8404,1610,-1159,-221,-3120
594,2014,3124,-2583,2124,-38,-3168
-440,-4448,12812,870,-899,-186,-3168
1924,-1154,6148,1029,-400,-241,-3152
-610,714,6802,-1129,915,-41,-3184
474,760,10168,1242,-1136,-159,-3168
1606,1680,5158,-1017,734,-88,-3152
-2116,-1442,10900,-377,-64,-105,-3152
4010,-2338,3364,715,-308,-391,-3184
-2404,410,9398,-1006,909,-29,-3120
-1028,-224,12346,1411,-1301,-72,-3136
4686,1978,2672,-836,770,-287,-3136
-2776,-2300,11728,-1738,1496,-57,-3152
-1080,-4390,12368,2386,-1820,-99,-3120
3330,3498,2350,-300,168,-131,-3136
-1470,-734,10436,-1781,1491,-15,-3136
-928,-2516,12668,1904,-1447,-208,-3120
2580,1524,2280,-942,960,-254,-3152
-2246,-2160,12012,-1084,760,-91,-3168
-134,-680,11728,2314,-1668,-175,-3152
2576,2664,2172,-1756,1498,-142,-3120
-1758,-2460,13016,-505,3,-51,-3152
1798,-1216,5440,1560,-728,-286,-3120
42,732,4576,-1030,941,-78,-3168
-346,1200,11914,826,-987,-99,-3136
1556,564,4974,-770,619,-147,-3152
-2344,-1702,11264,-486,323,-58,-3136
2644,-132,8436,984,-962,-385,-3120
184,-584,6052,-1460,1811,-31,-3168
-1316,-736,12636,1572,-1466,-2,-3136
3126,3872,7248,96,-339,-307,-3152
-68,-1070,6262,-2482,2425,-170,-3152
-1184,-4848,12752,1976,-1758,-18,-3136
2676,2352,7442,1054,-891,-192,-3120
1012,1064,3970,-2699,2393,-39,-3120
-1258,-2766,13426,1736,-1528,-126,-3152
2858,2000,1822,235,176,-323,-3136
-1068,-834,6010,-2083,1622,-69,-3136
-322,-928,12280,2532,-2052,-203,-3152
2870,3096,1276,-1045,967,-201,-3120
-1302,-594,9530,-1637,986,6,-3168
1272,-3072,8904,2111,-1354,-291,-3168
450,1048,3632,-1016,997,-129,-3136
-902,224,11394,90,-309,-77,-3152
1162,1244,6984,166,-145,-178,-3152
-730,-1508,7058,-1198,1028,-8,-3168
-764,-216,12138,939,-1448,-328,-3120
2280,-1610,3060,-745,1358,-209,-3184
-1724,-804,11802,603,-600,37,-3152
3370,3540,6378,1032,-1156,-231,-3168
3374,-486,2184,-2333,2484,-186,-3136
-3174,-3788,13364,485,-818,-58,-3152
2784,2420,6410,1837,-1495,-227,-3120
2616,2528,870,-2240,2095,-37,-3136
-2326,-2482,13720,420,-614,-83,-3136
3278,768,5056,1095,-538,-338,-3136
100,972,2834,-2154,1925,-44,-3184
-1172,-2446,13924,1826,-1550,-147,-3152
2798,3378,3564,102,-67,-239,-3136
-358,1378,5432,-2074,1591,7,-3120
454,-3746,11358,1705,-1363,-281,-3152
1266,948,3218,-602,786,-202,-3184
-236,642,12256,1101,-1095,-135,-3136
1518,1330,4148,-1160,895,-128,-3152
-2912,-1606,12700,293,-766,-123,-3152
4460,-1966,2140,646,-122,-380,-3152
-2378,-104,10110,-1070,950,21,-3152
-732,-354,12778,1819,-1689,-138,-3184
4794,2272,1856,-1304,1122,-316,-3136
-2956,-2872,12384,-1485,1226,-7,-3136
-508,-4796,12182,2658,-1981,-117,-3120
3376,4068,1490,-904,653,-137,-3120
-2048,-1326,11372,-1833,1529,-3,-3136
-702,-2616,12968,2203,-1684,-200,-3120
2346,1884,2290,-1110,1071,-239,-3120
-1882,-2298,12596,-581,413,-59,-3152
2014,1542,7614,2189,-1609,-208,-3168
1970,2912,2268,-1935,1585,-92,-3168
-774,-2992,12284,-377,-99,-176,-3152
1210,-972,5642,1191,-364,-283,-3152
-130,510,5640,-818,707,-72,-3152
312,1434,10514,587,-711,-128,-3136
740,64,6116,-930,760,-113,-3136
-1544,-2572,9102,-11,-107,-79,-3152
4200,-606,5562,829,-685,-381,-3120
-1642,184,8856,-1297,1549,-26,-3136
-452,190,11552,1624,-1491,-54,-3136
3458,4342,5322,-400,31,-298,-3152
-1636,-1866,9102,-2283,2159,-122,-3152
108,-4134,11752,2358,-1827,-115,-3152
3294,3348,5008,324,-396,-206,-3136
-460,528,7852,-2341,1995,12,-3136
586,-2558,11574,1927,-1590,-157,-3120
3514,1114,4056,-455,629,-292,-3120
-2004,-1794,9434,-1586,1182,-76,-3168
1050,168,9916,2596,-2035,-199,-3168
3050,3318,2462,-1562,1355,-163,-3152
-1666,-1512,11906,-1131,521,-24,-3184
1636,-2172,7188,1809,-988,-280,-3168
-418,856,5640,-1110,1035,-95,-3168
1194,830,8008,907,-784,-158,-3152
-142,-744,6278,-1225,928,-94,-3136
-1850,-428,12164,525,-1021,-244,-3152
3642,-2340,1968,-123,769,-338,-3152
-2256,-296,10858,531,-557,51,-3152
1874,3308,9190,744,-992,-225,-3152
1514,-980,4248,-2326,2467,-226,-3152
-2248,-4816,12888,794,-959,-39,-3152
1680,1044,9202,1924,-1509,-197,-3168
1956,2032,2320,-2426,2207,-20,-3136
-1900,-2494,14192,551,-704,-82,-3152
2616,-168,7742,1133,-545,-313,-3120
-184,-614,4294,-1993,1704,-81,-3184
-570,-878,12468,1830,-1591,-207,-3168
2510,2666,5306,-323,287,-188,-3152
-1008,-38,8404,-1793,1268,19,-3152
1440,-3338,8936,1541,-1100,-304,-3152
32,552,4876,-542,724,-158,-3168
-928,430,11166,338,-368,-68,-3136
1628,1720,6232,177,-278,-172,-3152
-738,-1832,8116,-1247,997,-61,-3120
-1804,-268,12454,1111,-1533,-307,-3136
3798,-2040,996,-748,1342,-306,-3136
-2582,-768,12388,-154,-115,27,-3120
2214,3718,8376,957,-1118,-212,-3152
1302,-1218,4766,-2394,2587,-231,-3136
-3894,-3658,13606,453,-780,-23,-3168
1918,1422,8642,2212,-1745,-193,-3152
1724,1610,2684,-2313,2117,-60,-3184
-2892,-1988,13802,141,-444,-38,-3168
3150,-322,7090,1541,-909,-331,-3136
-398,-108,4588,-2230,1995,-121,-3152
-1852,-2718,14216,1277,-1187,-134,-3120
2964,2484,5270,633,-343,-240,-3136
-1246,208,8208,-2328,1805,2,-3136
-238,-4694,12578,1391,-1095,-267,-3120
1024,534,4728,81,163,-171,-3152
-474,1124,12030,642,-758,-119,-3104
1332,678,5798,-606,528,-110,-3120
-1032,636,12032,634,-1213,-273,-3136
2494,-2456,2676,-665,1361,-298,-3120
-1770,-714,11390,255,-454,25,-3136
774,2506,10660,1080,-1172,-185,-3136
3904,-764,2100,-2000,2258,-249,-3152
-3314,-3912,13198,-59,-330,13,-3152
896,-1114,10750,2327,-1795,-194,-3136
2960,2656,634,-1850,1710,-92,-3136
-2604,-1970,13524,-376,43,-35,-3088
2092,-1320,9726,1618,-1108,-334,-3120
404,1098,2160,-2156,1982,-159,-3168
-1586,-2492,14390,1007,-916,-95,-3136
2962,3400,3632,71,66,-218,-3120
-1772,-762,10624,-2155,1545,10,-3152
-44,-3992,12008,1808,-1321,-276,-3168
1570,726,3170,-427,582,-201,-3136
-1362,492,12288,-409,169,-57,-3152
1006,880,9144,838,-688,-170,-3152
558,82,5172,-1551,1192,-76,-3136
-1170,-504,12584,743,-1215,-228,-3168
4322,-2168,2712,-32,610,-357,-3152
-2464,612,9742,-543,339,0,-3152
746,1876,10768,1454,-1379,-152,-3152
3558,-286,2454,-1604,1639,-248,-3136
-2770,-2518,11508,-703,364,1,-3168
560,-1120,10632,2493,-1958,-176,-3152
2914,3248,960,-1244,1070,-147,-3152
-1220,-780,10086,-1215,905,-31,-3136
1648,-1182,9884,1810,-1346,-288,-3168
434,916,2974,-1681,1548,-197,-3120
-1856,-2284,12214,295,-269,-91,-3120
2032,1452,7442,1329,-962,-197,-3152
-110,1268,5510,-2117,1704,-37,-3152
806,-4080,10878,891,-844,-211,-3152
1784,-1148,5142,512,2,-262,-3168
-860,590,9036,-551,471,-50,-3168
1618,1254,5704,-376,279,-183,-3136
-1446,-2380,8774,-690,521,-13,-3104
3498,-556,6878,1115,-1469,-383,-3136
-900,54,7780,-1328,1927,-121,-3136
-1750,-1072,12582,1348,-1239,-11,-3136
3164,4294,6154,410,-664,-243,-3152
-796,-1512,8066,-2458,2481,-184,-3152
-3632,-4070,13578,1394,-1436,-58,-3168
2782,3126,6458,1337,-1169,-202,-3136
384,596,5740,-2711,2438,-34,-3120
-2948,-2056,14520,1204,-1246,-111,-3120
3390,852,5156,721,-141,-318,-3168
-1450,-1454,7652,-2146,1811,-61,-3136
-1570,-2080,14478,2221,-1866,-200,-3152
3140,3230,3342,-656,617,-205,-3152
-1546,-1320,10906,-1860,1204,5,-3136
1396,-2426,7962,1884,-1229,-280,-3136
982,930,3780,-800,837,-151,-3136
-1150,708,12238,43,-200,-85,-3120
1414,1374,6308,270,-245,-165,-3088
72,-76,5958,-1267,1001,-41,-3136
388,-476,11318,916,-1376,-321,-3136
1640,-1194,4222,-555,1245,-243,-3152
-2462,22,10648,391,-475,18,-3152
1620,2912,9612,1079,-1162,-221,-3136
2226,-878,3916,-2013,2239,-204,-3168
-2980,-3228,12418,52,-458,-38,-3152
1286,584,9472,1934,-1571,-218,-3152
2104,1954,2110,-2011,1860,-81,-3136
-2086,-2100,13748,12,-249,-26,-3136
2534,-466,8148,1467,-880,-324,-3152
-314,16,4230,-1992,1785,-84,-3120
-770,-1160,13012,1366,-1160,-129,-3136
2484,2294,5696,337,-192,-197,-3136
-690,462,7708,-1958,1494,-20,-3200
1122,-3386,9704,1312,-1042,-242,-3152
1442,-372,4550,-232,460,-196,-3152
362,1614,10352,868,-932,-126,-3152
1046,158,5314,-1425,1153,-62,-3152
-2128,-630,12734,844,-1266,-223,-3152
4084,-1992,1066,-260,791,-338,-3152
-2746,-536,12066,-366,164,-11,-3152
-296,658,11678,1724,-1613,-151,-3136
5028,746,872,-1809,1870,-282,-3136
-3640,-3282,13388,-1001,678,-26,-3152
348,-3402,11430,2497,-1977,-148,-3120
2984,4454,428,-1404,1098,-112,-3136
-2616,-2134,13232,-1214,926,37,-3168
748,-2310,11630,2300,-1736,-283,-3152
1242,2532,1730,-1780,1567,-199,-3120
-1696,-2910,13894,291,-293,-70,-3152
2790,2302,5700,1715,-1256,-229,-3168
1192,2518,2974,-2267,1883,-45,-3136
-366,-4200,12396,396,-531,-189,-3152
1122,150,4794,814,-258,-252,-3120
-524,712,6440,-919,752,-70,-3168
752,434,9738,800,-699,-135,-3168
482,456,6090,-874,662,-83,-3152
-1962,-1236,10286,126,-519,-108,-3184
4478,-2376,2874,405,57,-379,-3136
-2936,406,10422,-671,507,-36,-3136
-920,-226,11662,1535,-1466,-96,-3152
4974,2284,2122,-1282,1162,-315,-3152
-3224,-2132,12406,-1539,1210,1,-3152
718,-1528,11264,2532,-1902,-90,-3136
3434,4050,2122,-841,587,-138,-3168
-1982,-784,10978,-1783,1432,-18,-3152
2008,-1786,10034,2330,-1763,-236,-3152
3206,1650,1632,-1188,1272,-248,-3136
-2438,-2340,12588,-783,462,-66,-3136
2030,1174,8128,2454,-1796,-230,-3152
2570,3020,1474,-2111,1872,-88,-3120
-1788,-2900,13260,-408,-102,-82,-3136
1818,-954,5690,1503,-738,-309,-3136
126,796,3902,-1262,1228,-87,-3152
1482,1622,6750,816,-688,-172,-3168
-1060,-1374,7642,-1420,1117,-27,-3136
-1218,-106,12682,1037,-1637,-340,-3136
2920,-1754,2342,-667,1327,-261,-3136
-1840,-680,11910,303,-407,26,-3168
774,2368,10724,1095,-1210,-223,-3152
3566,-210,2260,-2289,2477,-224,-3152
-3540,-3904,13248,42,-473,-40,-3136
674,-788,10830,2219,-1775,-173,-3152
2880,2438,428,-2078,1922,-62,-3152
-2622,-2002,14164,161,-451,-35,-3152
3456,296,5096,1559,-890,-320,-3136
586,844,2454,-2096,1892,-87,-3136
-1554,-2002,13886,1210,-1094,-161,-3152
2720,3086,4066,470,-336,-239,-3184
148,1336,5136,-2111,1682,-16,-3168
638,-3850,11042,1245,-1027,-245,-3136
730,578,4418,-137,432,-177,-3136
-852,442,8978,-171,145,-60,-3184
1304,1082,8024,522,-478,-162,-3152
-230,-330,7080,-1166,841,-90,-3168
-2334,-642,11804,681,-1214,-217,-3152
4888,-2588,570,-434,1015,-335,-3152
-3262,-284,11742,-400,134,39,-3152
1224,2980,10246,1704,-1526,-143,-3168
5236,1714,954,-1887,1962,-304,-3168
-3886,-3018,13418,-1083,669,-32,-3120
1244,-258,10322,2847,-2221,-186,-3152
3602,4574,416,-1418,1150,-145,-3168
-2288,-1578,12676,-1099,831,-18,-3136
2290,-872,9076,1858,-1302,-311,-3152
238,894,2312,-2220,2002,-145,-3120
-1744,-2114,14318,852,-817,-100,-3168
2512,1834,7002,1116,-790,-231,-3136
-66,1376,5302,-2492,2054,-5,-3152
354,-4388,11406,1119,-956,-223,-3152
1480,-332,5350,604,-135,-238,-3168
-74,410,11612,960,-993,-127,-3152
146,52,6056,-1202,890,-76,-3136
-1938,-422,11660,330,-902,-249,-3152
3602,-2844,2178,-228,831,-320,-3152
-2350,-112,10566,-117,-29,18,-3152
1712,3058,9480,1214,-1248,-163,-3168
4734,518,1926,-1689,1925,-277,-3136
-3324,-3116,12632,-404,32,14,-3136
1622,458,9174,2384,-1869,-194,-3120
3162,3682,912,-1695,1546,-77,-3120
-2072,-1660,12520,-661,407,-34,-3168
2478,-218,8290,1722,-1252,-311,-3136
1464,1596,1878,-1847,1679,-187,-3152
-1750,-2878,13418,609,-572,-96,-3152
2628,2214,6002,422,-289,-223,-3136
-560,678,7272,-2164,1711,-4,-3152
790,-3358,10546,1367,-1176,-217,-3152
1940,-470,4078,-150,441,-238,-3152
-1384,324,10598,-374,202,-54,-3168
1624,1426,7508,904,-836,-150,-3136
1644,702,4314,-1635,1294,-89,-3120
-2652,-1246,12766,536,-971,-159,-3152
4274,-1794,1836,347,102,-374,-3136
-956,450,7132,-1096,1020,7,-3152
-782,42,12386,1689,-1579,-106,-3152
5018,1392,1688,-1243,1169,-327,-3152
-3424,-2954,12568,-1511,1271,-14,-3168
-282,-4202,12068,2611,-2009,-113,-3136
3268,4420,1218,-668,414,-144,-3152
-2124,-1516,12116,-1732,1443,23,-3120
178,-2490,12202,2192,-1683,-272,-3120
1724,2258,1798,-1328,1267,-239,-3136
-1778,-2890,13270,-480,367,-56,-3104
670,64,10342,2130,-1547,-225,-3120
1752,2344,2458,-2054,1795,-91,-3152
-1060,-3530,12758,-103,-330,-137,-3136
1434,-348,5134,1308,-566,-295,-3168
-512,992,11830,477,-718,-111,-3152
1288,872,5884,-656,617,-142,-3136
-1850,-1816,9260,-425,253,-19,-3168
4380,-1520,4370,799,-851,-363,-3136
1078,-1298,4868,-1137,1458,-81,-3152
-1242,-812,12034,1456,-1298,-28,-3184
4276,3564,3980,-225,-65,-306,-3120
-2282,-1782,10562,-2333,2251,-134,-3168
-2542,-4520,12938,1979,-1609,-58,-3136
3356,3768,4274,824,-749,-153,-3152
-1058,128,8746,-2501,2132,-3,-3152
-2136,-2070,14138,1615,-1440,-162,-3136
3464,1124,3192,-80,452,-297,-3136
-2176,-2016,10494,-1877,1449,-32,-3152
-846,-1384,13326,2541,-1991,-199,-3120
3022,2950,2044,-1379,1292,-152,-3152
-2028,-1920,12758,-1221,560,-35,-3168
1140,-3538,9870,1930,-1272,-298,-3152
698,716,3318,-1149,1175,-109,-3152
-938,572,12862,506,-674,-87,-3152
1718,1664,5306,4,-34,-171,-3168
-358,-974,6512,-1266,1066,-28,-3136
1494,-856,10224,1183,-1587,-348,-3152
1018,-584,5202,-872,1450,-172,-3120
-2080,-512,11180,558,-582,31,-3136
2370,3284,8262,865,-1010,-280,-3136
788,-890,5238,-2312,2450,-203,-3120
-3544,-3446,13162,627,-900,-78,-3152
1886,1384,8340,1972,-1512,-198,-3136
1352,1618,3338,-2346,2129,-48,-3136
-2360,-2006,13362,387,-547,-95,-3152
2804,-94,6628,1018,-486,-310,-3120
-710,-738,5816,-1904,1625,-93,-3120
-354,-636,11824,1700,-1434,-172,-3136
2324,2888,5208,-178,238,-205,-3168
-966,-292,9248,-1662,1200,2,-3152
1860,-3126,7910,1298,-959,-303,-3152
600,356,4722,-580,715,-151,-3168
1234,1646,8426,774,-846,-160,-3152
30,-354,6762,-1406,1089,-72,-3152
-1296,130,12498,907,-1275,-214,-3152
5012,-1612,1706,-316,846,-341,-3184
-3088,234,11242,-524,242,14,-3152
654,1926,10914,1887,-1645,-145,-3136
4722,3104,2158,-1694,1629,-273,-3152
-3190,-2706,12364,-1205,781,5,-3152
516,-1390,11190,2826,-2192,-167,-3152
3124,3252,-906,-1428,1060,-142,-3136
-1816,-998,11458,-1219,910,27,-3168
1910,-1562,9732,2278,-1716,-308,-3152
706,1692,1848,-1702,1565,-196,-3152
-2110,-2692,12488,-150,15,-70,-3136
2116,1192,7820,1966,-1453,-219,-3136
398,1674,4194,-2310,1973,-84,-3168
-1036,-3266,12742,208,-475,-167,-3184
1234,-886,5960,875,-289,-254,-3184
-558,840,8156,-561,453,-58,-3136
1050,750,8590,654,-591,-127,-3152
-86,34,6644,-1027,700,-56,-3120
-2148,-162,11532,377,-915,-214,-3168
4174,-2908,1610,-179,770,-371,-3136
-2762,-142,11202,-388,123,-15,-3120
-392,788,11498,1476,-1387,-161,-3152
4982,1006,1526,-1716,1821,-297,-3152
-3368,-3188,12798,-999,639,-43,-3136
226,-4264,11580,2504,-1961,-161,-3152
3062,3862,726,-1262,1070,-147,-3152
-1924,-1532,12404,-903,691,-35,-3120
2346,-168,8532,1964,-1451,-247,-3168
1560,1868,1984,-1658,1531,-183,-3136
-1832,-2992,13478,96,-119,-102,-3152
2612,2332,6192,1719,-1240,-235,-3152
1490,2770,2438,-2355,1896,-55,-3168
-890,-3510,12814,413,-554,-168,-3168
1522,-284,4576,943,-299,-274,-3152
166,992,10832,863,-953,-127,-3136
1448,1874,5726,-728,565,-155,-3152
-1316,-2244,9350,-389,127,-62,-3168
3794,-1558,5296,968,-754,-385,-3168
-1564,324,8376,-1206,1340,-60,-3152
-1508,-680,12320,1350,-1250,-55,-3120
3686,3264,4640,-265,45,-300,-3168
-1592,-1806,9498,-2124,2017,-108,-3136
-2432,-4868,12748,1936,-1563,-57,-3152
2980,3306,4736,484,-458,-174,-3152
-536,206,7992,-2136,1871,-7,-3152
550,-1920,11420,1750,-1495,-143,-3168
3044,1042,3810,-398,471,-315,-3136
-1664,-1676,9596,-1478,1132,-109,-3120
1196,256,9250,2165,-1629,-196,-3120
2690,2876,3180,-1340,1169,-146,-3136
-1724,-1276,11932,-981,375,-47,-3168
1538,-2314,6514,1462,-750,-289,-3152
208,302,4932,-724,735,-100,-3152
-282,1278,11424,565,-749,-140,-3168
1372,744,5770,-546,493,-166,-3168
-714,-1364,8144,-577,484,-36,-3152
1768,506,9450,934,-1356,-380,-3152
660,-1330,5598,-1213,1839,-141,-3184
-1012,-826,11794,1164,-1080,30,-3136
2268,4152,8382,359,-688,-261,-3200
1078,-1372,5032,-2546,2648,-185,-3152
-1796,-5110,12592,1307,-1350,-54,-3152
1954,1442,8680,1701,-1363,-192,-3136
1588,1366,3018,-2510,2242,-39,-3136
-1586,-2176,13532,1006,-1127,-76,-3152
3324,144,6890,670,-203,-343,-3120
-590,-570,5070,-2301,1973,-61,-3136
-612,-1362,12768,2089,-1710,-163,-3136
2980,2676,4850,-303,307,-231,-3152
-1312,132,8730,-2003,1415,26,-3152
1122,-3382,9624,1966,-1373,-268,-3152
630,1016,3506,-600,701,-177,-3168
560,520,10232,1107,-1014,-154,-3152
970,914,5280,-1149,870,-81,-3168
-1894,-1454,10170,-147,-284,-153,-3152
3830,-2122,4054,476,94,-339,-3168
-2160,612,9200,-734,556,-17,-3136
310,1708,11280,1356,-1318,-111,-3152
4186,2396,3488,-1153,1244,-282,-3120
-3516,-3660,12988,-683,225,9,-3168
420,-1696,11244,2476,-1935,-178,-3168
2846,3122,684,-1452,1248,-107,-3152
-2116,-2058,13028,-717,429,-9,-3152
1608,-1342,10032,1741,-1277,-309,-3136
556,1100,2552,-1924,1757,-136,-3136
-1168,-2364,13578,578,-499,-96,-3120
1854,1048,7848,1071,-731,-200,-3152
108,1472,5084,-2072,1674,-40,-3168
302,-3396,11402,909,-952,-218,-3168
2236,-1338,4816,398,142,-244,-3152
-1066,368,8758,-586,430,-85,-3152
1186,1422,8846,938,-904,-136,-3136
412,-226,5934,-1397,1167,-104,-3136
-2334,-2160,11360,180,-458,-66,-3120
4550,-1148,2910,599,-399,-403,-3152
-2448,100,10142,-1304,1369,1,-3152
-1060,-1076,12486,1746,-1567,-49,-3136
4152,3298,3222,-822,528,-315,-3168
-2570,-2268,11542,-1959,1855,-69,-3152
-1576,-5044,12594,2501,-2014,-58,-3152
3350,4456,2996,-47,-192,-152,-3136
-1214,-1148,9790,-2227,2010,21,-3168
-1270,-2614,13560,2046,-1685,-201,-3152
2592,2160,2884,-851,857,-271,-3152
-1808,-2484,11558,-1322,1079,-65,-3136
-450,-732,12268,2457,-1842,-221,-3152
2480,2854,2288,-1617,1390,-120,-3152
-1416,-2472,12640,-677,144,-105,-3152
1396,-1364,5950,1615,-795,-296,-3168
204,468,4796,-959,864,-84,-3136
1064,790,8674,372,-379,-137,-3152
14,60,6648,-1075,796,-57,-3152
-480,338,11580,787,-1369,-313,-3120
2286,-2170,2864,-837,1501,-263,-3152
-1670,-818,11756,446,-523,46,-3168
1000,2508,10232,1128,-1192,-179,-3136
3474,-752,2432,-2048,2266,-242,-3152
-3290,-3868,13090,84,-500,-7,-3152
972,-560,10434,2184,-1773,-209,-3136
2674,2236,544,-2140,2018,-75,-3168
-2510,-1788,13978,-111,-138,-50,-3152
2026,-688,9238,1447,-917,-289,-3152
24,950,2888,-2088,1899,-121,-3136
-1276,-2222,13918,1312,-1114,-161,-3136
2554,1588,6942,808,-635,-233,-3152
-204,1502,5702,-2227,1751,1,-3152
754,-4052,10890,1170,-980,-231,-3136
744,616,3988,41,273,-215,-3104
-1078,452,9076,-422,261,-42,-3168
1062,1270,8332,780,-726,-147,-3120
162,-644,6008,-1387,1071,-74,-3152
-2126,-1214,12002,526,-936,-187,-3104
4146,-2062,1856,34,498,-352,-3168
-2586,-104,10832,-665,513,-34,-3152
-588,262,12164,1641,-1545,-133,-3152
4740,1496,1772,-1408,1328,-296,-3136
-3298,-3030,12356,-1216,885,-24,-3136
-180,-4298,11888,2494,-1916,-126,-3120
3150,4130,1242,-1148,866,-146,-3152
-2078,-1334,12134,-1476,1178,-7,-3168
2312,-806,8600,2098,-1568,-268,-3136
2014,2106,2086,-1421,1339,-191,-3152
-1714,-2826,13030,-208,95,-99,-3120
2196,1680,6812,1762,-1314,-240,-3120
1464,2580,2844,-1987,1698,-83,-3136
-746,-3146,12512,163,-459,-160,-3136
1178,-500,5262,998,-335,-273,-3152
-424,502,6096,-778,677,-63,-3152
1514,700,7106,-9,-21,-143,-3152
-502,-768,7416,-789,640,-32,-3152
884,602,10560,1019,-1419,-377,-3104
1348,-1558,4536,-1195,1802,-151,-3168
-1394,-790,12122,1127,-1118,8,-3120
1994,3948,9258,539,-859,-260,-3152
1992,-1230,3556,-2640,2826,-178,-3136
-2618,-5094,13130,1082,-1319,8,-3136
1706,1144,9734,1883,-1489,-200,-3120
2298,1430,1106,-2769,2591,5,-3120
-2196,-2330,14450,1049,-1165,-85,-3136
3018,-350,7544,1094,-500,-328,-3184
-128,-268,3672,-2329,1986,-75,-3152
-1076,-1580,13404,2085,-1779,-192,-3152
2946,3522,2274,-1118,990,-160,-3168
-1990,-1806,12648,-1466,808,-29,-3136
836,-3472,10066,1928,-1161,-315,-3152
846,628,3436,-1009,1025,-108,-3120
-826,480,12506,275,-444,-91,-3136
1182,1290,7742,300,-221,-171,-3120
-384,-728,6658,-1161,920,10,-3120
1770,-1062,9640,974,-1412,-372,-3152
550,-672,5808,-687,1295,-188,-3136
-1786,-768,10958,685,-679,21,-3136
2948,3618,7532,639,-864,-247,-3120
-170,-804,6624,-2409,2472,-202,-3152
-3718,-3758,13182,934,-1053,-40,-3152
2326,1562,7496,1722,-1340,-176,-3136
686,1310,4446,-2348,2065,-46,-3136
-2286,-2060,13684,833,-921,-87,-3152
3338,606,5738,777,-233,-327,-3152
-1016,-802,6702,-2064,1784,-49,-3136
-1364,-2618,13828,1720,-1430,-169,-3120
2484,2964,4638,-219,186,-227,-3184
-1198,-738,9594,-1796,1310,8,-3152
1560,-2728,8346,1556,-1142,-262,-3168
1142,188,4000,-605,773,-175,-3136
-214,874,11934,1051,-974,-103,-3152
232,-46,6008,-1364,1076,-42,-3136
-1132,162,12382,1053,-1616,-311,-3136
3228,-1862,1514,-735,1349,-315,-3136
-2064,-1000,12568,524,-618,66,-3120
2910,4122,6910,1142,-1255,-207,-3168
4078,-90,1596,-2514,2710,-204,-3136
-3758,-4354,13650,246,-618,9,-3152
2506,2014,7194,2244,-1746,-178,-3152
834,992,4498,-2543,2296,-42,-3168
-2726,-1832,14522,1029,-1057,-85,-3152
3286,370,5598,682,-215,-314,-3120
-1246,-660,6906,-2071,1694,-93,-3184
14,-876,11264,2406,-1816,-174,-3168
2214,2932,2100,-1378,1144,-149,-3168
-1420,-252,10092,-1280,649,-44,-3152
1506,-2902,8338,1769,-964,-298,-3152
112,538,4788,-910,930,-117,-3136
-840,394,11616,410,-594,-117,-3120
1188,1356,6606,-90,37,-158,-3152
-1082,-1702,8172,-817,625,-23,-3152
3858,-1462,6056,883,-1284,-367,-3136
1608,-1556,3784,-1056,1576,-140,-3168
-1434,-792,11722,937,-855,51,-3152
3462,3936,5432,423,-704,-224,-3152
2704,-944,3116,-2413,2540,-197,-3136
-3168,-4550,13126,1117,-1200,-66,-3136
3214,2884,5376,1801,-1403,-193,-3152
2640,2032,782,-2468,2246,-47,-3152
-2346,-1712,14080,1025,-1084,-82,-3152
3472,978,4472,777,-217,-340,-3136
-14,430,3020,-2195,1826,-50,-3120
-1370,-2106,13756,1999,-1669,-193,-3152
3016,3390,2860,-438,436,-218,-3152
-1622,-1296,11626,-1954,1435,19,-3136
292,-3574,11376,1848,-1372,-271,-3136
1274,740,3084,-581,774,-173,-3152
-194,496,11998,1222,-1201,-143,-3136
1654,1482,4374,-1055,758,-108,-3152
-2386,-1092,12320,-511,105,-92,-3120
3232,-1622,6934,1130,-774,-374,-3136
-732,640,6932,-1207,1151,-52,-3152
-788,294,12498,1390,-1290,-70,-3152
4668,1200,2214,-697,624,-331,-3120
-822,-1476,7944,-1785,1592,-110,-3168
-250,-3904,12012,2300,-1822,-91,-3168
3198,3872,1696,-57,-32,-174,-3152
134,988,6596,-1897,1636,6,-3152
126,-2264,12048,1795,-1434,-188,-3136
1434,1768,2408,-861,848,-238,-3136
-1504,-1284,8504,-1005,737,-88,-3152
742,-132,10044,2075,-1455,-184,-3152
1688,2330,3164,-1594,1346,-136,-3104
-1378,-1218,11064,-638,124,-40,-3120
1716,-2192,7080,1381,-691,-311,-3120
-472,300,6338,-831,802,-77,-3152
350,1570,10468,735,-902,-120,-3136
1608,1196,5176,-887,731,-144,-3136
-1844,-2344,9656,-522,428,-19,-3152
4366,-516,5320,1086,-1409,-384,-3184
2252,-1696,2708,-1476,2035,-67,-3120
-1760,-1334,12844,1390,-1265,-11,-3136
3550,4478,5184,368,-725,-283,-3136
3196,-1214,1896,-2645,2750,-164,-3120
-3310,-4672,13480,1539,-1547,-74,-3152
3070,3800,5754,1560,-1310,-198,-3136
2838,2000,-2,-2745,2550,-35,-3152
-2562,-2300,14828,1195,-1273,-105,-3152
3268,1224,4292,566,-124,-340,-3152
-1534,-1648,8928,-2213,1881,-44,-3136
-1312,-1798,13970,2238,-1848,-179,-3136
3022,3262,2998,-465,481,-203,-3120
-1694,-1640,11708,-1738,1147,23,-3120
614,-3604,10796,1935,-1326,-306,-3120
1040,768,3566,-726,816,-180,-3136
134,514,11314,902,-845,-124,-3152
1266,898,5208,-1113,880,-79,-3136
1162,-1048,10556,791,-1298,-329,-3152
3512,-2694,2266,-483,1128,-251,-3120
-2348,-220,10932,287,-386,37,-3152
2208,3224,9016,1211,-1308,-214,-3136
5022,294,1296,-2024,2275,-275,-3152
-3642,-3048,13140,-178,-345,-27,-3152
1592,1006,9236,2260,-1780,-205,-3152
1858,1742,2110,-1975,1847,-114,-3168
-2328,-1938,12894,-146,-140,-15,-3136
2622,-52,7672,1642,-1075,-317,-3152
-270,-426,4422,-2061,1883,-72,-3152
-1466,-2970,13854,1326,-1164,-150,-3152
2518,2680,5806,713,-494,-225,-3168
-780,228,7916,-2042,1634,26,-3168
-390,-3352,12542,1218,-1111,-258,-3152
1470,-192,4040,-195,540,-238,-3184
-1340,440,11270,-393,245,-26,-3136
698,1320,10124,827,-825,-154,-3152
864,34,4964,-1586,1266,-68,-3152
-2030,-496,13078,842,-1261,-190,-3152
3916,-1622,1000,123,338,-346,-3136
-2196,620,9268,-812,594,-11,-3168
-14,1128,11590,1860,-1678,-121,-3152
4818,502,828,-1618,1522,-290,-3152
-2570,-1924,11018,-1178,828,-1,-3152
628,-2910,11300,2755,-2048,-144,-3136
2988,4008,-180,-1291,993,-156,-3136
-1258,-290,9392,-1520,1225,17,-3120
1324,-2188,10762,2267,-1645,-255,-3120
1062,1920,1666,-1544,1429,-202,-3136
-1858,-2356,11108,-328,194,-98,-3152
1472,864,8832,2027,-1545,-211,-3152
668,2374,3586,-2185,1806,-96,-3152
352,-4316,11674,64,-327,-135,-3136
1538,-1664,6248,941,-311,-212,-3168
-290,1136,11382,577,-664,-135,-3136
-916,-1672,8042,-548,453,-26,-3152
3486,-456,7146,870,-1227,-391,-3120
-980,-476,8064,-1196,1718,-90,-3184
-1858,-974,11934,1407,-1280,-9,-3152
3352,4424,6372,172,-495,-276,-3104
-924,-1466,7900,-2529,2525,-156,-3136
-3732,-4348,13504,1560,-1456,-88,-3120
2848,2714,6552,1084,-934,-165,-3120
228,656,6204,-2532,2220,-14,-3152
-246,-2428,12326,1492,-1388,-123,-3168
3448,954,4994,222,183,-302,-3136
-1526,-1344,7854,-1993,1605,-35,-3152
520,-230,10944,2444,-1961,-183,-3152
2926,3550,3244,-965,841,-212,-3136
-1820,-1016,11232,-1627,990,9,-3136
1756,-2574,7826,1916,-1249,-286,-3120
1198,724,3344,-1010,1066,-150,-3152
-1156,130,12668,290,-365,-57,-3168
1812,1692,5960,371,-313,-174,-3168
424,78,5430,-1473,1211,-27,-3152
-68,-850,11978,1105,-1546,-354,-3152
1944,-1102,3514,-717,1297,-224,-3152
-1616,-498,12124,257,-360,44,-3136
1478,2680,10068,1029,-1177,-248,-3136
2320,-344,3106,-2278,2433,-209,-3152
-2760,-4444,13026,296,-627,-10,-3120
1100,-66,9924,2095,-1595,-175,-3136
2254,2124,1608,-2117,1915,-68,-3168
-2082,-1900,13838,1028,-1017,-129,-3120
3362,622,4298,616,-110,-312,-3152
-1620,-1368,9018,-1905,1560,-60,-3136
-1032,-1556,13010,1898,-1538,-179,-3136
2646,2816,3324,-566,557,-192,-3152
-1678,-1110,11556,-992,424,-59,-3120
1802,-2256,6850,1559,-816,-279,-3136
406,638,4576,-848,897,-84,-3152
1576,1502,7164,853,-762,-186,-3136
-620,-924,7354,-1397,1032,-78,-3152
-2382,-306,12512,986,-1400,-273,-3152
4426,-2162,790,-477,974,-335,-3136
-3058,-188,12208,-390,100,24,-3104
-410,408,11664,1707,-1515,-140,-3152
5096,1102,1004,-1934,1984,-270,-3152
-3908,-3250,13530,-690,252,-15,-3152
1538,246,9496,2711,-2017,-142,-3136
3268,4122,324,-1647,1411,-120,-3168
-2472,-1584,13328,-899,569,-21,-3120
2768,-648,7852,2035,-1438,-311,-3152
1692,2014,1358,-1836,1656,-164,-3136
-1928,-2840,13816,227,-303,-72,-3136
2594,2110,6222,1659,-1155,-234,-3120
1382,2458,2682,-2309,1930,-54,-3152
-826,-3754,12842,516,-639,-158,-3168
1446,-10,4876,856,-286,-262,-3136
-240,788,5834,-927,764,-30,-3120
404,710,10634,899,-842,-146,-3120
952,482,5556,-982,789,-97,-3168
-2162,-42,12340,-103,-423,-135,-3168
4192,-1918,4400,513,-40,-378,-3168
-2030,398,9102,-924,853,-38,-3152
2,1288,11320,1449,-1318,-118,-3152
4058,2876,3882,-894,751,-315,-3136
-2022,-2118,10452,-1559,1392,-45,-3136
326,-2468,11456,2334,-1828,-113,-3152
2980,3578,4094,-396,220,-181,-3152
-868,-114,9028,-1756,1468,49,-3168
1298,-1728,10804,1884,-1491,-245,-3136
2898,1210,2992,-1025,1038,-254,-3152
-2090,-1862,11082,-838,540,-63,-3120
1642,884,8682,2192,-1578,-211,-3136
814,1844,3676,-1897,1651,-101,-3136
-1702,-2162,12686,-384,-53,-71,-3152
2078,-1534,5852,1405,-687,-296,-3152
-772,14,7298,-1143,1123,-74,-3136
1704,1774,6836,562,-502,-149,-3152
-480,-1496,6964,-1579,1232,-62,-3136
936,-284,10490,1220,-1705,-290,-3168
4168,-1840,1002,-787,1400,-300,-3136
-2628,-580,12048,-38,-135,58,-3136
1718,3156,9044,1613,-1458,-178,-3120
4888,806,1120,-2157,2315,-223,-3120
-3922,-3278,13550,-337,-162,8,-3168
1468,698,9380,2591,-1979,-192,-3136
3308,4150,208,-1864,1606,-103,-3152
-2292,-1928,13104,-551,204,-67,-3152
2384,-394,7722,1698,-1131,-295,-3184
66,62,3984,-1984,1785,-106,-3168
-1612,-2854,13562,765,-724,-130,-3168
2314,2168,6162,1091,-813,-214,-3120
-438,374,7312,-2040,1687,-34,-3120
-306,-3634,12222,887,-823,-205,-3104
1226,-70,5180,352,75,-191,-3136
-790,894,10186,-551,430,-50,-3152
880,610,9570,544,-493,-138,-3152
378,0,6292,-1042,798,-90,-3136
-1998,666,12394,467,-943,-168,-3136
4892,-1732,3154,-94,562,-387,-3152
-2882,536,10736,-595,375,-2,-3152
16,1420,11340,1741,-1495,-86,-3136
4876,-2,838,-1485,1316,-336,-3136
-2878,-1990,11464,-1184,819,-9,-3168
752,-2560,11192,2753,-2083,-180,-3152
3348,3408,-806,-1277,980,-160,-3120
-1552,-408,10470,-1535,1220,-2,-3136
1378,-1984,10572,2179,-1613,-268,-3136
1102,1994,1332,-1532,1414,-221,-3152
-2208,-2498,11608,-416,226,-89,-3152
1864,326,8666,2379,-1644,-223,-3104
938,2490,2928,-2220,1898,-94,-3136
-1852,-2392,12900,-178,-202,-101,-3152
1692,-1234,6622,1409,-734,-303,-3120
-562,664,6508,-1300,1141,-93,-3136
1402,1208,7248,671,-607,-168,-3120
-358,-1188,6462,-1435,1202,-8,-3152
1810,-1142,9746,1052,-1516,-342,-3120
3072,-2022,2382,-703,1333,-198,-3152
-2054,-466,11218,475,-537,44,-3152
2472,3438,8100,1072,-1245,-247,-3136
4420,-50,1412,-2140,2378,-226,-3120
-3488,-3414,13188,299,-681,-85,-3120
2140,1466,8002,1841,-1463,-152,-3152
1214,1230,3976,-2200,2072,-60,-3136
-2450,-2020,13480,305,-514,-87,-3136
2828,220,6526,1344,-739,-290,-3152
-802,-734,6094,-2012,1737,-73,-3152
-1136,-2488,13672,1487,-1293,-175,-3136
2538,2986,4830,108,-17,-202,-3136
-980,-514,9402,-1934,1524,13,-3120
102,-3928,11424,1339,-1047,-254,-3152
118,362,4868,-665,712,-173,-3136
-864,584,11354,319,-377,-80,-3136
1716,1322,6056,66,-101,-149,-3120
-1064,-1722,8292,-1134,930,-17,-3120
-1400,312,12508,1131,-1625,-314,-3136
3200,-2098,1402,-961,1592,-279,-3136
-2336,-1154,12410,243,-404,45,-3152
574,1950,11046,1485,-1542,-225,-3120
4614,-214,432,-2355,2620,-264,-3136
-4158,-3904,14046,-159,-417,24,-3136
674,-1630,11170,2497,-1948,-190,-3120
3056,3116,-918,-2316,2092,-97,-3120
-3098,-2082,15084,24,-354,-31,-3152
3490,448,5806,1895,-1225,-317,-3136
916,1908,1480,-2262,2021,-137,-3136
-1754,-2564,14680,1025,-962,-103,-3120
3066,2848,4364,902,-605,-236,-3120
274,2040,3970,-2365,1897,-20,-3136
114,-4324,11914,1224,-1036,-228,-3136
1168,862,4096,345,24,-222,-3120
-392,616,12168,462,-618,-101,-3136
1218,898,5618,-881,624,-92,-3136
-2400,-308,11534,-62,-466,-106,-3104
4156,-2812,2156,456,97,-372,-3136
-1080,48,8018,-720,544,-32,-3120
-684,780,11836,1484,-1453,-137,-3152
5284,958,1182,-1369,1470,-316,-3152
-3666,-2742,13022,-1514,1181,-2,-3168
42,-3940,11902,2504,-1985,-128,-3168
2958,3768,686,-897,645,-142,-3152
-2212,-1674,12532,-1327,1031,-18,-3152
548,-2182,11754,2164,-1659,-281,-3136
2016,2114,1390,-1506,1479,-227,-3136
-2056,-2934,13874,-601,333,-36,-3120
988,-222,10088,2212,-1533,-255,-3120
1546,2468,1976,-2232,1867,-78,-3184
-1294,-3446,13398,-3,-374,-130,-3136
2170,-2110,7170,1395,-666,-311,-3120
-404,460,5244,-1404,1232,-54,-3120
-62,548,11858,1284,-1149,-117,-3120
1524,1438,4316,-739,531,-120,-3136
-1790,-1734,9338,-715,327,-50,-3168
3862,-1840,5860,1448,-1248,-399,-3120
-1236,564,7060,-1348,1491,-30,-3120
-1652,-812,12720,1122,-1094,7,-3168
3848,3260,4812,-77,-45,-310,-3168
-1590,-1534,9200,-1940,1706,-52,-3152
-112,-3710,12112,2480,-1887,-74,-3120
3138,3948,654,-135,-13,-151,-3136
-420,276,7464,-1899,1620,-24,-3136
924,-2294,11486,2082,-1622,-229,-3152
1230,2298,2136,-1060,1024,-248,-3152
-1860,-1368,9798,-1016,731,-115,-3136
972,170,9530,2240,-1591,-215,-3136
1128,2494,3058,-1731,1401,-109,-3152
-1646,-1142,11968,-528,-8,-126,-3120
1866,-2386,6504,1409,-553,-293,-3104
-586,1082,12020,539,-647,-77,-3152
1350,1084,5726,-434,315,-138,-3136
-1716,202,12420,254,-730,-135,-3136
4896,-2000,2860,172,316,-383,-3136
-2830,532,10210,-889,643,12,-3136
100,1680,11462,1737,-1553,-111,-3120
4734,3180,2740,-1428,1375,-329,-3120
-3062,-2076,12054,-1648,1294,-2,-3136
596,-2616,11452,2848,-2165,-160,-3168
3580,4452,2756,-745,497,-185,-3152
-1420,-758,10234,-1757,1441,-13,-3120
1636,-2016,10386,2346,-1802,-234,-3136
1012,2104,1328,-1415,1347,-252,-3136
-2176,-2498,11638,-645,397,-38,-3136
1668,716,8704,2369,-1700,-241,-3120
822,2106,3220,-2227,1881,-93,-3152
-1728,-2766,12936,-201,-167,-62,-3136
1942,-1158,6224,1522,-772,-304,-3136
-602,826,6864,-1258,1163,-66,-3120
-902,534,12844,1004,-1043,-127,-3120
1582,1554,5226,-575,348,-131,-3136
-2046,-1426,10412,-804,421,-64,-3104
2294,-1390,8910,1116,-946,-408,-3120
296,-270,5978,-1105,1320,-44,-3088
-1220,-104,12338,1080,-1027,-13,-3104
4624,2154,2868,-56,-107,-321,-3136
166,-1196,6274,-2212,2175,-135,-3120
-1052,-4834,12324,1874,-1582,-34,-3152
3298,3942,2586,599,-544,-190,-3120
1048,1388,4354,-2352,2008,-9,-3136
-840,-2334,13008,1614,-1319,-135,-3136
2218,1630,2710,-64,370,-257,-3152
-1228,-850,6408,-1578,1155,-75,-3152
1936,1008,7666,2195,-1585,-211,-3136
2316,2710,2460,-1832,1532,-111,-3136
-1382,-2508,12800,-397,-34,-73,-3120
1934,-1308,5164,1361,-575,-291,-3152
-1076,390,11848,512,-606,-72,-3168
1860,1538,5634,-308,174,-171,-3152
-1258,-2084,8558,-1134,922,-30,-3152
2804,-472,8254,1321,-1738,-356,-3152
3386,-1716,1122,-1308,1915,-172,-3152
-2560,-976,12878,663,-712,37,-3168
2796,4102,7472,1117,-1252,-229,-3136
4824,-294,534,-2526,2807,-233,-3120
-4298,-3960,13972,626,-1029,0,-3120
2534,2424,7916,2168,-1708,-188,-3120
1174,978,3544,-2716,2474,-52,-3136
-3154,-2034,15270,677,-876,-89,-3136
3336,104,6048,1396,-715,-299,-3120
-858,-610,5832,-2332,2020,-67,-3152
-1870,-2446,14692,1581,-1397,-161,-3136
3102,2694,4466,226,-41,-239,-3136
-1420,-320,9620,-2164,1600,-2,-3120
142,-4258,12070,1651,-1216,-286,-3152
1252,566,4170,-83,349,-172,-3104
-856,920,11290,-370,149,-77,-3136
1116,412,8868,476,-436,-139,-3120
70,2,6464,-1210,906,-5,-3120
-178,122,11580,631,-1209,-258,-3168
1774,-1806,3490,-488,1204,-302,-3136
-2920,122,10822,41,-269,45,-3152
1272,3158,10270,1395,-1427,-194,-3152
3384,-1022,2342,-2059,2335,-275,-3152
-3500,-2782,12942,-443,-19,6,-3136
1114,-170,10458,2474,-1954,-172,-3136
2536,2056,376,-1909,1728,-107,-3120
-2346,-1432,12398,-410,123,-17,-3152
2506,-986,8924,1884,-1281,-306,-3168
-12,714,2802,-2145,1926,-151,-3136
-2090,-3012,13738,828,-746,-92,-3120
2978,3424,3172,133,-65,-241,-3152
-494,1356,6354,-2107,1620,8,-3136
814,-3918,10738,1634,-1265,-280,-3168
882,820,3290,-341,594,-233,-3152
-90,762,11740,962,-1038,-105,-3136
1476,1100,4584,-1341,1050,-95,-3152
-2442,-1052,12706,81,-540,-113,-3120
3958,-2138,2024,639,-116,-387,-3120
-1220,618,7396,-1025,917,-8,-3136
-514,418,12328,1567,-1518,-107,-3136
4870,1188,1426,-1159,1114,-350,-3136
-1512,-1590,8722,-1635,1400,-6,-3120
56,-3988,11814,2592,-2014,-113,-3120
2980,4136,914,-649,416,-173,-3104
-488,688,7328,-1875,1600,-4,-3152
450,-2276,11784,2117,-1618,-212,-3152
1556,1910,1846,-1292,1232,-248,-3152
-1626,-2826,13380,-565,370,-73,-3168
950,290,9784,2098,-1538,-209,-3136
1374,2454,2896,-1879,1581,-138,-3120
-228,-3422,12274,-181,-290,-147,-3152
1890,-2502,6342,1133,-272,-282,-3136
-552,184,6690,-863,729,-59,-3136
630,1584,9876,756,-855,-120,-3184
1454,976,5360,-981,850,-95,-3152
-2044,-2146,10094,-113,-169,-60,-3152
4592,-1426,3756,956,-811,-384,-3136
968,-1002,4874,-1272,1492,-50,-3120
-1300,-804,12228,1526,-1399,-26,-3152
4404,3634,3470,-409,74,-327,-3120
-2366,-2100,11014,-2376,2304,-124,-3136
-2094,-5010,12902,2226,-1773,-59,-3168
3444,3996,3596,571,-560,-149,-3120
-1416,-354,9690,-2460,2141,-6,-3120
-1850,-2250,13922,1899,-1639,-174,-3136
3394,1574,2952,-241,524,-300,-3136
-2120,-2082,11130,-1716,1331,-52,-3152
-664,-1212,12830,2575,-1992,-180,-3152
2736,3296,1900,-1390,1172,-171,-3104
-1798,-2346,12738,-1290,637,-76,-3136
886,-3344,9800,1906,-1136,-281,-3184
736,872,3634,-1081,1093,-140,-3120
578,356,10170,979,-850,-117,-3136
628,580,5522,-1289,958,-64,-3136
-1230,-182,12360,664,-1152,-243,-3136
2778,-1592,2478,-297,861,-333,-3136
-2508,578,9670,-322,123,38,-3152
566,1700,11024,1430,-1384,-183,-3120
3902,56,1974,-1754,1898,-257,-3168
-2706,-2288,11104,-871,490,-46,-3152
464,-1460,11180,2462,-1941,-174,-3152
2734,2948,796,-1553,1402,-105,-3152
-2232,-1920,13478,-714,431,15,-3104
1720,-1238,10006,1811,-1301,-300,-3136
516,1266,2726,-1736,1617,-155,-3120
-1048,-2332,13312,636,-564,-116,-3152
2114,1030,7426,916,-651,-210,-3120
0,1528,5438,-2151,1724,-62,-3136
298,-3466,11362,837,-899,-251,-3168
2114,-1360,4806,316,207,-257,-3152
-1204,364,8950,-530,395,-52,-3120
1358,1434,8678,1040,-921,-137,-3136
1728,1056,4598,-1323,1101,-87,-3120
-2468,-1802,11786,268,-546,-98,-3152
4562,-1068,2682,600,-320,-385,-3152
-2696,112,10288,-1433,1369,-56,-3136
-1122,-898,12608,1841,-1621,-71,-3104
4596,2868,2548,-786,527,-307,-3120
-3070,-2362,11842,-2020,1830,-74,-3152
-1520,-4942,12726,2514,-1931,-96,-3136
3212,4368,2664,-144,-46,-156,-3136
-1486,-910,10546,-2184,1848,35,-3152
-944,-2372,13334,2200,-1781,-244,-3120
2628,1896,2292,-946,946,-249,-3152
-1806,-2412,11890,-1220,863,-64,-3136
-252,-586,11864,2299,-1721,-212,-3152
2422,2688,2280,-1767,1557,-140,-3152
-1440,-2738,12636,-610,77,-68,-3120
1436,-1324,5782,1567,-771,-287,-3168
-50,692,5032,-875,833,-77,-3136
1232,1034,8410,455,-435,-160,-3104
20,-16,6838,-1098,820,-23,-3120
-646,716,11798,917,-1530,-369,-3120
2410,-2116,2636,-953,1618,-257,-3152
-1706,-1096,11808,523,-586,48,-3088
1076,2626,10424,1147,-1263,-218,-3136
3456,-690,2064,-2310,2538,-238,-3136
-3346,-4228,13564,162,-594,6,-3152
928,-580,10532,2255,-1746,-194,-3152
2664,2398,398,-2165,1940,-84,-3136
-2508,-2170,14070,193,-442,-39,-3136
2436,-1070,8968,1582,-972,-370,-3152
92,1298,2668,-2304,2022,-97,-3152
-1180,-2202,14030,1242,-1064,-144,-3136
2728,3344,3414,475,-331,-221,-3136
-496,1442,5854,-2289,1812,-4,-3152
860,-4350,10912,1488,-1168,-265,-3152
898,822,3668,89,260,-209,-3168
-894,344,9260,-451,341,-71,-3136
1320,1092,8318,813,-742,-160,-3136
-32,-226,5938,-1499,1083,-83,-3120
-566,-248,12174,968,-1472,-292,-3136
4500,-2172,1848,-329,941,-345,-3120
-2660,132,10444,-362,147,24,-3120
964,2312,10414,1497,-1424,-179,-3152
3410,-492,2400,-1838,1935,-240,-3136
-3242,-2546,12526,-553,103,-41,-3136
878,-762,10392,2576,-2027,-189,-3120
2720,2556,550,-1611,1401,-132,-3152
-1650,-1528,11278,-707,368,-3,-3120
2092,-928,9002,1872,-1289,-340,-3136
340,854,3096,-1962,1831,-115,-3136
-1746,-2642,12820,500,-469,-92,-3152
2110,1600,7092,1158,-855,-233,-3120
-170,918,5842,-2099,1737,-44,-3136
-1238,-2832,12868,684,-826,-197,-3120
1674,-730,4960,514,39,-248,-3120
-858,548,12118,595,-692,-83,-3104
1160,832,5324,-1193,933,-113,-3152
-2458,-804,12080,188,-575,-77,-3152
4706,-2526,956,349,67,-383,-3152
-1372,314,8224,-982,831,-14,-3120
-576,-184,12014,1755,-1546,-109,-3104
5086,1592,1268,-1120,916,-334,-3136
-1364,-1662,8564,-1705,1495,-13,-3152
0,-4370,11930,2758,-2084,-92,-3152
3634,4452,168,-578,273,-194,-3136
-2588,-1396,13238,-1966,1659,15,-3168
122,-2572,11986,2285,-1762,-233,-3136
1896,2704,1584,-1232,1191,-281,-3184
-2286,-3186,13970,-840,591,-30,-3120
596,-112,10650,2602,-1887,-236,-3104
1926,3110,1792,-2164,1806,-120,-3168
-1058,-3864,13248,-447,-57,-68,-3152
1572,-2092,7834,1640,-830,-273,-3120
-10,776,4674,-1300,1156,-57,-3136
-142,354,11614,835,-862,-113,-3136
1328,1364,6204,-430,329,-121,-3152
-1476,-1582,8444,-817,459,-48,-3152
3966,-2218,5502,986,-789,-393,-3152
-1612,550,8632,-927,1181,-64,-3136
-1262,-412,11684,1208,-1092,-22,-3136
3756,3070,4750,-66,-165,-310,-3184
-2030,-1756,9834,-2077,1937,-129,-3152
-2234,-4502,12672,1802,-1510,-67,-3136
3260,3220,4308,488,-448,-169,-3136
-936,296,8696,-2363,2033,9,-3152
-1888,-1940,13814,1652,-1397,-158,-3120
3226,1100,3330,-87,451,-287,-3104
-2190,-1824,10554,-1585,1111,-51,-3168
-690,-1020,12932,2381,-1855,-232,-3120
2858,2794,2316,-1359,1244,-157,-3120
-1774,-2114,12438,-1150,585,1,-3136
1926,-1592,6318,1720,-1028,-305,-3168
474,516,4024,-1023,1085,-123,-3120
538,1182,10460,934,-837,-131,-3152
-476,-1164,6790,-1193,946,-31,-3152
1062,-578,10500,1419,-1622,-366,-3152
1514,-648,3984,-1136,1688,-151,-3120
-1538,-752,12904,705,-769,48,-3136
1964,3380,9114,861,-974,-236,-3136
1784,-1070,3660,-2502,2603,-222,-3120
-2374,-4814,12998,787,-1096,-12,-3152
1564,936,9220,1925,-1477,-188,-3136
2172,1638,1606,-2576,2346,-62,-3136
-1986,-2384,14386,641,-800,-49,-3152
2894,-564,7264,1075,-437,-318,-3120
-440,26,4410,-2143,1813,-88,-3136
-702,-1316,12742,1836,-1552,-158,-3136
2698,2260,5608,-30,132,-218,-3152
-956,542,8156,-1872,1276,9,-3152
1218,-3340,9406,1535,-1081,-281,-3136
394,424,4202,-455,603,-158,-3136
-828,650,10804,-86,-25,-64,-3120
1450,1088,6836,310,-299,-158,-3120
-830,-1448,7504,-1210,914,-41,-3136
-1536,374,12516,939,-1495,-288,-3136
3130,-2470,1758,-710,1412,-284,-3136
-2206,-850,11848,174,-380,49,-3152
430,2268,11254,1377,-1425,-230,-3120
4684,-346,874,-2288,2589,-231,-3104
-3982,-3758,13942,-176,-373,-26,-3136
666,-1708,11112,2431,-1942,-156,-3152
2966,2864,-676,-2182,2048,-70,-3152
-2960,-2096,14588,-239,-84,-44,-3168
2022,-1478,9938,2007,-1358,-348,-3152
722,1746,1592,-2225,2038,-96,-3120
-1544,-2608,14610,1930,-1628,-181,-3152
2914,3190,4190,-247,269,-205,-3152
-1566,-524,9968,-2101,1510,-20,-3136
10,-4078,12094,1688,-1298,-247,-3152
1434,566,3442,-530,716,-188,-3152
-492,540,12464,1126,-1076,-112,-3120
1434,1482,5084,-1182,852,-74,-3152
-2368,-1362,11682,-21,-485,-118,-3184
4206,-2498,2396,669,-166,-405,-3152
-2416,190,9644,-1012,859,-32,-3136
-912,210,12396,1493,-1446,-84,-3136
4914,1676,1880,-1092,993,-345,-3152
-3158,-2514,12460,-1622,1358,-64,-3152
-682,-4426,12158,2379,-1860,-97,-3136
3038,3926,1900,-500,359,-168,-3168
-1828,-1384,11194,-1742,1494,-31,-3152
6,-2250,12634,2105,-1628,-232,-3120
2160,2094,2324,-1308,1254,-233,-3120
-1680,-2806,12676,-737,513,-72,-3136
444,-596,10578,2176,-1557,-224,-3152
1738,2580,2406,-1898,1588,-106,-3120
-1202,-2826,12940,-207,-234,-131,-3120
1742,-954,5034,1280,-445,-309,-3168
-402,504,5664,-944,795,-49,-3104
164,1444,11196,895,-976,-108,-3120
1126,520,5338,-873,775,-117,-3152
-1668,-2172,9344,-307,44,-46,-3136
4300,-892,5608,1000,-934,-403,-3136
-1536,-8,8244,-1484,1773,-54,-3152
-1708,-1064,12694,1564,-1448,-31,-3120
3564,4504,5252,-144,-259,-296,-3168
-1458,-1900,9070,-2507,2528,-100,-3136
-3386,-4906,13610,2007,-1717,-19,-3152
3438,4586,226,-226,3,-202,-3120
-48,172,6544,-2271,1998,31,-3168
366,-2378,12006,2318,-1865,-189,-3168
2032,2774,1598,-833,904,-283,-3120
-1702,-1536,8608,-1332,987,-54,-3152
436,-96,10682,2651,-1981,-224,-3136
1876,2866,1694,-1894,1641,-136,-3136
-1780,-1256,11610,-879,327,-39,-3120
1674,-2280,7736,1861,-1014,-271,-3120
-936,406,12548,382,-535,-105,-3152
1004,954,5468,-777,559,-89,-3136
-1880,8,12100,-313,-208,-118,-3136
4186,-1940,4756,499,-17,-385,-3136
-1974,338,9036,-883,749,29,-3136
-278,1342,11666,1432,-1346,-91,-3152
4070,3144,4116,-1010,939,-346,-3152
-2240,-1978,10488,-1658,1482,-46,-3136
358,-2674,11650,2527,-1957,-123,-3168
3412,3796,3908,-435,223,-138,-3120
-1000,-118,9294,-1760,1518,-1,-3152
1236,-1976,10880,2109,-1609,-222,-3152
902,2034,1702,-1127,1103,-242,-3136
-2200,-1976,10748,-773,526,-96,-3136
1502,504,8966,2329,-1691,-225,-3152
1020,2324,3238,-2043,1687,-107,-3152
-1794,-1968,12656,-387,-43,-68,-3104
2210,-1492,6434,1546,-796,-321,-3136
-814,434,6672,-1262,1203,-74,-3184
-984,344,12870,1080,-1114,-121,-3120
1844,1710,4840,-573,423,-147,-3136
-1930,-2006,10172,-975,742,-62,-3136
918,-592,10758,1376,-1513,-351,-3152
1650,-728,3646,-1312,1739,-94,-3152
-1642,-900,12966,889,-878,12,-3136
1734,3170,9276,778,-919,-254,-3152
2048,-1042,3442,-2453,2572,-192,-3120
-2538,-4808,13104,1279,-1304,-33,-3152
3246,3890,4784,1674,-1376,-214,-3136
2216,1914,1352,-2621,2333,-16,-3104
-2028,-2426,14286,986,-1036,-62,-3120
3086,1474,3672,740,-194,-322,-3120
-310,266,3516,-2129,1742,-63,-3152
-1084,-1436,13386,2029,-1655,-175,-3136
2990,2918,2604,-562,527,-212,-3104
-726,568,7420,-1736,1161,-5,-3152
1052,-3652,10028,1822,-1206,-281,-3120
686,704,3978,-543,656,-148,-3136
752,816,9756,707,-742,-160,-3136
488,426,6166,-1202,896,-70,-3136
-1940,344,12518,352,-911,-162,-3136
4666,-2128,3052,47,552,-381,-3152
-2822,410,10186,-548,302,-14,-3184
176,1698,11450,1721,-1601,-97,-3104
5094,-138,564,-1512,1523,-348,-3136
-2908,-1980,11954,-1399,1071,-20,-3152
710,-2390,11376,2733,-2059,-122,-3152
3072,3214,-714,-1322,1039,-160,-3152
-1860,-514,10434,-1453,1127,27,-3136
1670,-1964,10390,2272,-1691,-304,-3136
882,2256,1234,-1624,1488,-217,-3152
-2572,-2090,12116,-295,102,-60,-3152
2088,720,8592,2400,-1637,-218,-3136
692,2178,3134,-2394,2019,-78,-3104
-2076,-2466,13580,72,-511,-143,-3152
2228,-1376,5788,1352,-571,-299,-3152
-872,356,6756,-1459,1248,-66,-3136
602,798,10430,1176,-1111,-114,-3136
1890,1712,4776,-871,658,-101,-3120
-2396,-1634,10936,-775,357,-62,-3120
4104,-2482,3852,1328,-951,-374,-3152
652,-44,5144,-1187,1265,-54,-3136
-1310,-190,12732,1248,-1252,-65,-3104
4706,2142,2834,-138,16,-332,-3152
134,-748,6010,-2163,1977,-135,-3152
-1056,-4928,12504,1992,-1555,-51,-3136
3150,3864,2980,409,-426,-171,-3104
996,1662,4060,-2332,1972,1,-3120
-702,-2466,13270,1756,-1400,-201,-3152
2442,1636,2408,-258,514,-272,-3136
-1058,-610,6668,-1532,1139,-75,-3152
-58,-702,11454,2312,-1729,-197,-3120
2176,2360,2196,-1384,1182,-156,-3152
-1636,-2090,13092,-939,301,-84,-3104
2032,-2850,7656,1464,-748,-340,-3168
-354,512,5274,-1058,1047,-74,-3152
1362,1378,8380,655,-589,-153,-3120
-156,-516,6396,-1493,1141,-57,-3152
-1224,184,12644,1238,-1685,-270,-3152
3310,-1562,904,-692,1286,-347,-3152
-3078,124,11056,-340,50,44,-3168
688,2156,10850,1788,-1636,-165,-3136
4306,-356,816,-2114,2207,-266,-3152
-3548,-2478,12922,-701,114,-4,-3152
700,-1274,10894,2810,-2163,-196,-3136
3000,3282,-844,-1916,1636,-134,-3168
-2128,-1246,11818,-938,591,18,-3152
2260,-1714,9638,2261,-1533,-304,-3152
582,1526,1772,-2081,1870,-146,-3152
-1768,-2364,14564,475,-532,-126,-3168
2124,1272,7706,1491,-1066,-223,-3136
250,1570,4562,-2379,1984,-44,-3120
524,-4052,11434,757,-800,-218,-3152
1602,-678,5488,598,-69,-231,-3136
-960,790,8612,-813,673,-50,-3136
1068,838,8784,944,-842,-154,-3152
1228,930,5310,-1144,840,-77,-3152
-2256,-572,11994,160,-624,-158,-3136
4042,-2456,1850,340,204,-355,-3168
-1288,340,7960,-856,669,25,-3152
-524,632,11912,1540,-1456,-104,-3120
4912,1006,1572,-1750,1956,-274,-3136
-3606,-2998,12744,-740,192,3,-3136
1172,316,9932,2569,-2005,-204,-3152
3034,4004,722,-1664,1497,-104,-3120
-2146,-1608,12700,-773,487,-42,-3136
2434,-260,8436,1971,-1381,-269,-3136
1426,2288,1818,-1820,1605,-152,-3152
-1832,-2784,13758,585,-525,-105,-3120
2664,2082,6004,1441,-1018,-221,-3168
-600,668,7278,-2421,1921,-35,-3136
-1186,-3184,13174,629,-798,-196,-3120
1876,-644,4146,535,25,-233,-3152
-868,534,12632,656,-717,-100,-3136
-156,-1086,6646,-1466,1204,-55,-3120
482,-216,11062,1096,-1624,-312,-3152
4130,-1876,1350,-735,1348,-288,-3120
-2642,-528,11476,-119,-49,35,-3136
1632,2986,9438,1546,-1505,-163,-3136
4952,1122,1166,-2118,2251,-266,-3152
-3744,-3154,13118,-362,-102,-12,-3088
1358,120,9560,2457,-1882,-162,-3152
2112,2308,1632,-1866,1650,-82,-3168
-2384,-1612,12852,-332,11,-73,-3168
2632,-564,7940,1912,-1281,-311,-3152
-10,208,3782,-1989,1777,-129,-3120
-1572,-2582,13428,713,-713,-122,-3136
2340,2448,6354,834,-579,-248,-3136
-534,430,7348,-2192,1807,6,-3120
-758,-3430,12554,966,-908,-210,-3152
1344,-300,4826,355,83,-231,-3136
-864,542,10260,-420,349,-43,-3136
678,1142,10126,747,-687,-124,-3152
692,390,6036,-1218,890,-81,-3120
-2126,502,12506,525,-1039,-190,-3152
3710,-2936,992,-91,634,-396,-3136
-2772,508,10282,-524,243,16,-3136
174,1304,11236,1454,-1406,-182,-3152
5090,106,758,-2020,2224,-242,-3136
-4070,-3652,13772,-453,-28,11,-3168
500,-2984,11464,2642,-2033,-199,-3120
3302,3640,-440,-1814,1610,-109,-3120
-2870,-1854,13928,-724,403,12,-3136
3354,-262,6998,2071,-1436,-328,-3136
-656,-284,4456,-2446,2117,-78,-3152
-706,-1562,13118,1916,-1607,-149,-3152
2792,3618,1678,-968,877,-205,-3136
-1250,344,8410,-1819,1177,4,-3120
1218,-3420,10048,2168,-1420,-308,-3152
-1276,460,11248,-111,-29,-56,-3136
1440,1184,7452,564,-479,-148,-3120
-526,-880,6294,-1514,1191,-31,-3136
1602,-1322,9884,889,-1464,-336,-3168
2994,-2072,2524,-609,1223,-236,-3120
-1774,-494,10704,184,-249,64,-3104
2272,3264,8256,985,-1099,-222,-3136
4196,-58,2074,-2041,2273,-211,-3152
-3382,-3310,12958,290,-643,-59,-3152
1902,1354,8232,1951,-1533,-187,-3152
1038,1542,4038,-1989,1806,-48,-3168
-2476,-1924,13062,211,-510,-83,-3168
3142,262,6400,1251,-674,-342,-3120
-732,-680,6028,-2047,1848,-74,-3120
-1242,-2534,13684,1360,-1153,-141,-3136
2494,2922,4966,202,-102,-215,-3136
-1042,-592,9240,-1974,1557,10,-3152
-108,-3714,12050,1498,-1211,-273,-3152
1416,188,3820,-189,500,-237,-3136
-1102,392,11620,-189,74,-50,-3136
1056,1176,9306,716,-653,-165,-3120
544,-76,5648,-1494,1181,-63,-3120
-2032,20,12756,717,-1173,-214,-3136
3722,-1896,676,-186,642,-355,-3136
-2728,502,10042,-855,623,24,-3152
178,1082,11342,1907,-1641,-135,-3120
4782,356,740,-1692,1611,-298,-3120
-3026,-1836,11656,-1261,857,8,-3136
512,-2698,11388,2878,-2177,-161,-3136
3430,3714,-1082,-1281,874,-185,-3152
-1396,-764,10154,-1458,1081,-20,-3152
1626,-2204,10308,2340,-1719,-256,-3136
1244,2176,1368,-1751,1603,-228,-3136
-2200,-2452,11554,-480,288,-60,-3152
1702,318,8740,2195,-1564,-223,-3152
762,2310,3140,-2166,1847,-110,-3136
-1810,-2282,12954,-46,-360,-136,-3120
1818,-1334,6036,1268,-545,-255,-3120
-1028,420,11078,18,-190,-73,-3136
1286,1150,5464,-522,434,-129,-3120
-2392,-916,11012,-656,326,-49,-3152
2834,-1242,8086,902,-742,-395,-3120
-328,-132,6928,-998,1232,-71,-3136
-764,-210,11894,1305,-1160,-17,-3136
3134,3652,6940,-99,-116,-324,-3152
-710,-1214,7238,-2163,2001,-110,-3152
-412,-4800,12064,2133,-1674,-65,-3120
3304,4084,1344,414,-439,-189,-3104
298,792,5554,-2356,2018,2,-3136
-194,-2454,12726,1844,-1561,-178,-3120
2254,2164,1644,-487,760,-296,-3120
-1688,-1338,7978,-1585,1184,-36,-3136
456,-242,11014,2628,-2017,-228,-3136
2172,2722,1558,-1551,1347,-146,-3120
-1506,-1280,11196,-967,373,-51,-3152
1776,-2104,7986,1852,-1135,-315,-3136
-114,276,4638,-1269,1270,-105,-3136
-1306,248,12776,694,-776,-100,-3152
1644,1854,5714,-204,65,-134,-3120
-1288,-2034,8478,-1396,1149,-31,-3136
3246,-1538,7332,1492,-1671,-374,-3136
2728,-1000,2402,-1084,1581,-165,-3136
-2096,-792,12654,561,-578,20,-3152
3260,3522,6282,1038,-1136,-255,-3152
3328,-426,1808,-2423,2556,-223,-3168
-3326,-4328,13282,684,-965,-59,-3136
2776,2830,6520,1966,-1581,-199,-3152
2740,2648,112,-2571,2306,-31,-3120
-2416,-2348,14686,540,-700,-68,-3136
3180,562,4746,1139,-515,-298,-3136
-1390,-1070,8288,-1854,1461,-100,-3152
656,-514,10158,2185,-1692,-179,-3136
2896,2656,3560,-894,787,-184,-3136
-1720,-816,11138,-1374,703,-6,-3104
1628,-2568,7256,1668,-960,-320,-3120
-564,996,11802,-57,-64,-50,-3136
1418,876,7326,103,-91,-142,-3120
-622,-618,7420,-1027,772,-48,-3120
792,424,10766,1000,-1620,-349,-3152
1500,-1580,4130,-1005,1724,-261,-3152
-3084,-512,11910,780,-863,47,-3152
1970,3726,9394,1197,-1370,-223,-3136
2270,-1092,3112,-2611,2869,-236,-3136
-3954,-3110,14120,244,-706,-30,-3152
1580,664,9720,2155,-1733,-194,-3120
2316,1390,906,-2424,2291,-26,-3136
-2442,-2216,14632,393,-683,-39,-3136
3092,-398,7902,1708,-994,-367,-3152
-266,300,3422,-2423,2179,-76,-3120
-1076,-1680,13786,1402,-1331,-162,-3168
2930,2442,5956,567,-325,-253,-3168
-794,722,7070,-2365,1816,11,-3136
854,-3734,10422,1573,-1256,-275,-3152
1714,184,4244,-229,490,-218,-3152
-1184,338,10434,-603,422,-60,-3136
1142,1170,7876,937,-844,-162,-3136
930,1020,5130,-1389,1000,-25,-3152
-1434,-298,12610,583,-1203,-267,-3120
2934,-2344,2372,-68,755,-334,-3168
-2372,458,9140,-320,86,24,-3152
370,1866,11158,1351,-1385,-179,-3152
4246,-62,1662,-1921,2143,-270,-3152
-3606,-3586,13360,-728,264,-21,-3136
496,-1844,11198,2415,-1862,-157,-3104
2890,2900,152,-1512,1383,-121,-3184
-2678,-1834,13984,-658,329,22,-3152
1648,-1384,10356,2030,-1451,-288,-3168
926,1752,1874,-1982,1849,-157,-3200
-1770,-2582,14104,518,-547,-94,-3136
1580,892,8452,1485,-1053,-240,-3120
618,1810,3674,-2269,1863,-21,-3120
-202,-3634,12402,666,-804,-196,-3136
2146,-1510,5398,691,-35,-267,-3152
-308,502,12264,740,-787,-73,-3136
1538,1034,4738,-509,389,-130,-3152
-1302,-1744,8114,-733,476,-50,-3120
4654,-2092,2352,920,-544,-406,-3120
-40,-50,5874,-1290,1242,-38,-3120
-1138,-304,12642,1645,-1484,-43,-3152
5088,2376,2158,-756,495,-315,-3168
-236,-1222,6522,-2177,2004,-113,-3120
-1094,-5046,12552,2499,-1863,-79,-3152
3502,4528,1896,-33,-140,-175,-3152
-1888,-1294,11268,-2345,2018,0,-3168
-624,-2596,13366,2275,-1829,-218,-3168
2816,2482,2248,-720,811,-290,-3152
-2330,-2770,12700,-1420,1044,-65,-3152
-266,-1068,11866,2639,-1954,-196,-3136
2580,3148,1386,-1784,1467,-152,-3168
-1674,-2972,13450,-1097,479,-31,-3120
1492,-3002,8944,1980,-1099,-301,-3120
286,1144,3656,-1220,1154,-100,-3136
-564,290,12368,589,-739,-108,-3136
1190,1202,7026,22,-18,-160,-3120
-1004,-1154,7612,-906,620,-40,-3152
3756,-1762,6604,830,-970,-399,-3120
-1398,70,8240,-987,1409,-68,-3168
-1292,-834,11296,1131,-1009,0,-3136
3472,3892,5750,131,-456,-276,-3120
-1440,-1570,8684,-2331,2396,-147,-3152
-3104,-4768,13024,1533,-1417,-46,-3136
3068,3096,5680,1181,-1021,-205,-3136
-186,444,6890,-2551,2289,-11,-3152
-2380,-2128,14296,1420,-1342,-115,-3152
3460,1106,4472,410,42,-324,-3136
-1938,-1552,8722,-2057,1665,-55,-3104
-1332,-2046,14054,2354,-1900,-176,-3152
2984,3604,2840,-972,814,-202,-3152
-1626,-1654,11666,-1757,1161,25,-3136
1662,-1842,8052,2067,-1443,-293,-3136
1586,676,2642,-1047,1114,-160,-3136
-358,304,12240,1335,-1237,-148,-3136
1664,1728,4420,-1441,1060,-123,-3120
-2510,-956,12356,127,-690,-183,-3136
3972,-2434,2710,559,32,-353,-3120
-2228,100,9496,-885,716,-1,-3152
-980,196,12714,1428,-1341,-106,-3136
5046,1082,2246,-1077,1163,-313,-3136
-3370,-2290,12218,-1454,1153,-23,-3152
-364,-4080,12102,2436,-1895,-150,-3152
3180,4002,1568,-896,695,-146,-3152
-1978,-1384,11474,-1630,1310,-37,-3168
26,-2576,12326,2118,-1640,-250,-3120
1538,2418,2168,-1374,1239,-228,-3152
-1672,-2670,13118,-337,253,-94,-3120
2244,1628,6864,1992,-1416,-213,-3136
1704,2502,2694,-2051,1732,-87,-3104
-1266,-2904,12972,55,-386,-88,-3120
1692,-690,4670,1156,-458,-280,-3152
-426,642,5788,-953,820,-61,-3136
326,1268,10996,875,-966,-152,-3168
1198,518,5300,-1033,887,-106,-3152
-1760,-2222,9256,-301,59,-48,-3152
3932,-1000,5970,987,-954,-383,-3136
-1474,234,8296,-1330,1542,-46,-3136
-1874,-1276,12524,1466,-1330,-3,-3120
3566,4154,5778,-39,-318,-313,-3184
-1114,-1422,8630,-2326,2328,-181,-3152
40,-4368,11668,1976,-1636,-49,-3136
3078,3404,6216,625,-616,-157,-3136
-196,338,6426,-2588,2339,-11,-3152
14,-2720,12390,1829,-1611,-127,-3152
3520,1038,4648,73,297,-314,-3136
-1734,-1324,8444,-1932,1510,-31,-3168
736,-294,10744,2599,-2018,-213,-3184
3234,3248,2840,-1270,1179,-174,-3152
-1830,-1448,11840,-1440,778,10,-3136
1884,-2314,7422,2102,-1287,-314,-3136
1056,808,3184,-1179,1110,-129,-3152
1304,934,8064,991,-860,-153,-3152
-260,-482,5980,-1514,1144,-34,-3120
-2330,-756,12406,659,-1181,-234,-3120
3804,-2378,1952,-153,792,-318,-3120
-2450,-296,10746,-252,41,28,-3152
2052,2968,9352,1564,-1533,-170,-3136
5022,848,1230,-1887,2092,-249,-3136
-3662,-2832,13332,-742,237,42,-3120
1482,272,9478,2504,-1904,-199,-3152
3022,3768,500,-1620,1390,-127,-3136
-2454,-1790,12860,-764,379,-21,-3136
2898,-412,7712,1915,-1252,-312,-3136
1344,2180,1892,-1979,1849,-145,-3152
-1722,-2910,13930,775,-714,-115,-3152
2396,2476,5958,1292,-960,-246,-3104
854,2364,3088,-2184,1758,-53,-3120
-476,-3208,12844,938,-1021,-237,-3184
1884,-196,3812,188,398,-240,-3152
-1534,614,11214,-757,577,-42,-3136
382,1426,10630,1002,-929,-146,-3168
898,134,4694,-1539,1274,-66,-3120
-2372,-686,13290,482,-867,-140,-3152
4688,-1412,4052,695,-219,-426,-3136
-2104,622,8780,-1261,1122,16,-3136
-148,782,11880,1893,-1681,-73,-3152
4204,3572,3848,-1137,932,-338,-3152
-2500,-1694,10470,-1998,1681,9,-3136
258,-3402,11538,2749,-2071,-123,-3104
3374,3878,3954,-365,125,-175,-3152
-952,-348,8648,-2163,1783,21,-3152
1050,-2496,11096,2433,-1839,-242,-3120
1470,2358,1476,-1022,1053,-242,-3136
-1872,-1788,10600,-879,613,-99,-3104
1162,520,9458,2471,-1833,-205,-3152
1336,2330,2744,-1949,1626,-131,-3152
-1710,-1666,12428,-606,33,-82,-3168
1756,-1932,6446,1410,-610,-283,-3168
-1004,674,10644,27,-205,-66,-3120
590,294,5986,-1094,843,-90,-3152
-1064,316,12220,436,-959,-214,-3152
4712,-2530,2530,-38,694,-339,-3120
-2824,528,10152,-564,276,29,-3136
564,2396,11106,1503,-1428,-138,-3104
4850,2054,2338,-1513,1608,-300,-3152
-3434,-2198,12044,-1133,650,-17,-3120
734,-1312,11114,2693,-2039,-173,-3168
3136,2820,-424,-1355,1164,-141,-3136
-1934,-762,11512,-1097,738,1,-3104
2094,-1542,9848,2237,-1596,-277,-3120
362,1292,1654,-1807,1638,-185,-3120
-1606,-2304,14548,1074,-1050,-152,-3136
3154,3444,3594,883,-599,-246,-3136
368,1614,4572,-2481,1933,30,-3136
-32,-3818,12016,1217,-1087,-227,-3120
1472,388,3290,38,278,-199,-3152
-1016,342,8518,-737,587,-28,-3104
1016,758,9146,1118,-973,-163,-3136
604,98,5368,-1334,1066,-114,-3120
-2218,-1096,11828,348,-857,-204,-3152
4148,-2226,2400,323,217,-357,-3136
-2390,112,9930,-739,576,-1,-3136
-812,-274,12128,1530,-1425,-100,-3152
4802,1622,2058,-1347,1341,-334,-3120
-3240,-2454,12338,-1254,940,-4,-3120
738,-852,10614,2455,-1902,-162,-3136
2674,2736,690,-1561,1390,-119,-3120
-2012,-1234,11318,-731,365,7,-3120
2068,-1032,9366,2065,-1485,-320,-3136
520,830,2386,-1916,1721,-165,-3136
-1630,-2676,12838,451,-487,-111,-3152
2238,1634,7108,1132,-808,-225,-3120
-178,1014,5666,-2267,1854,-20,-3184
428,-3752,11050,824,-886,-204,-3136
1788,-918,4866,387,89,-245,-3104
-982,456,9286,-650,503,-44,-3120
1436,1238,8004,926,-859,-139,-3120
1200,964,5320,-1227,967,-94,-3168
-2474,-640,12108,280,-723,-154,-3136
4288,-2468,1290,329,58,-398,-3152
-2952,-168,11376,-483,207,0,-3136
-520,236,11772,1705,-1565,-114,-3152
5588,1138,814,-1891,2090,-289,-3136
-3930,-2808,13668,-965,461,-32,-3152
1200,-138,10280,2665,-2047,-128,-3152
3320,4226,492,-1472,1231,-167,-3136
-2582,-1650,13008,-985,583,-12,-3136
2776,-808,8504,2324,-1710,-336,-3152
2258,2620,1094,-1976,1858,-197,-3152
-2306,-2932,14052,-124,-24,-48,-3104
2614,2020,6858,1924,-1372,-236,-3136
1724,2936,1504,-2511,2130,-66,-3120
-1382,-3804,13882,542,-767,-173,-3152
1858,-242,4684,1192,-496,-294,-3136
-868,388,9298,-1152,1030,-42,-3136
218,340,11618,1119,-991,-127,-3120
1010,1208,5206,-1023,699,-102,-3120
-2138,-654,12272,-458,-46,-72,-3136
3754,-2184,5568,812,-381,-412,-3136
-1584,500,8120,-946,833,-45,-3136
-204,1184,11688,1319,-1286,-62,-3120
3958,2844,4482,-830,790,-311,-3120
-1970,-1780,9878,-1700,1513,-20,-3136
36,-2952,11636,2282,-1815,-100,-3136
2872,3246,4688,-126,-23,-183,-3152
-654,78,8306,-1723,1420,15,-3152
1364,-1788,11042,1903,-1520,-251,-3136
1374,1756,1924,-1107,1214,-240,-3168
-2236,-1594,10792,-1061,750,-56,-3120
1324,516,9262,2249,-1645,-213,-3120
910,1748,3020,-2028,1699,-99,-3152
-1994,-2164,12868,-279,-180,-112,-3136
2580,-1602,5948,1362,-615,-339,-3120
-806,482,6774,-1250,1158,-37,-3120
532,1102,10682,1150,-1157,-137,-3136
1096,740,4476,-1426,1122,-98,-3104
-2512,-946,13230,-34,-362,-117,-3136
4264,-1476,5026,855,-458,-415,-3136
-1660,602,7638,-1489,1450,-13,-3120
-552,266,12316,1705,-1535,-36,-3152
3826,3242,4670,-540,344,-318,-3136
-1840,-1456,9616,-1982,1767,-8,-3136
94,-3540,11882,2417,-1891,-86,-3120
3294,3624,4788,-27,-131,-165,-3120
-400,-210,7524,-2377,2068,-53,-3136
698,-2238,11604,2130,-1684,-185,-3168
3160,1296,3686,-700,836,-274,-3120
-1990,-1532,10038,-1312,944,-84,-3152
1002,224,9752,2479,-1841,-200,-3136
1326,2360,2896,-1680,1417,-96,-3136
-1712,-1426,12374,-759,175,-100,-3120
2090,-2120,6304,1621,-763,-295,-3120
-804,822,6536,-1096,976,-49,-3152
-720,886,12306,642,-828,-134,-3136
1318,1028,5580,-585,516,-152,-3168
-2196,-1848,10184,-742,515,-24,-3120
2028,-604,9454,1049,-1132,-387,-3120
494,-744,5424,-1173,1683,-106,-3168
-1150,-754,12202,1262,-1149,19,-3136
2320,3910,8440,330,-620,-278,-3120
792,-1252,5000,-2393,2400,-148,-3120
-1694,-4796,12732,1531,-1501,-93,-3104
3670,4170,2602,1118,-1000,-202,-3136
1566,1208,2808,-2681,2465,1,-3152
-1442,-2500,13748,1449,-1356,-137,-3120
3104,1902,2294,489,40,-337,-3136
-2620,-2438,12148,-1523,1057,-90,-3168
-436,-1182,12738,2790,-2085,-217,-3120
2998,2934,1124,-1767,1578,-142,-3120
-1946,-2434,13544,-1012,377,-23,-3136
1454,-3010,9284,1988,-1196,-299,-3152
-790,506,12982,366,-530,-85,-3136
1584,1370,6672,-59,-19,-143,-3152
-2140,-1918,10934,-737,471,-58,-3136
4120,-2334,3448,1292,-1026,-379,-3104
486,-210,5460,-1175,1320,-67,-3136
-1242,-420,12604,1326,-1269,-11,-3136
4496,2500,3026,-110,-77,-331,-3152
454,-1170,5586,-2122,1968,-124,-3152
-1160,-4596,12206,1894,-1537,-37,-3136
3136,4090,3046,344,-351,-153,-3104
1168,1130,3792,-2369,2037,-2,-3120
-1110,-2324,13652,1818,-1492,-194,-3152
2462,1802,2800,-223,481,-275,-3104
-1746,-2404,11948,-1362,1070,-113,-3104
84,-726,11452,2273,-1690,-200,-3136
2232,2540,2440,-1396,1169,-143,-3120
-1390,-2262,12864,-817,270,-86,-3120
1714,-2706,8034,1539,-774,-294,-3136
-234,500,5086,-985,948,-108,-3136
-104,1166,11604,616,-721,-85,-3120
1592,1150,5752,-579,442,-179,-3152
-1484,-1964,8804,-742,536,-29,-3104
3450,-498,7260,1217,-1538,-384,-3136
2734,-1960,1652,-1277,1911,-131,-3152
-1986,-1088,12548,1205,-1163,5,-3120
2972,4574,6682,731,-1033,-250,-3136
-262,-1620,7002,-2675,2830,-207,-3136
-3838,-4168,13744,892,-1130,-51,-3120
2666,2894,7392,1765,-1440,-155,-3120
766,502,4682,-2754,2550,-20,-3120
-3180,-2210,15246,1017,-1133,-59,-3136
3648,532,5466,1010,-394,-359,-3104
-1362,-1108,6792,-2410,2055,-85,-3152
-1818,-2656,14976,2171,-1809,-157,-3120
3448,3126,3610,-84,173,-211,-3136
-1822,-390,10666,-2183,1504,9,-3136
20,-4054,12224,1887,-1334,-253,-3152
-850,624,7862,-773,562,-41,-3120
822,420,9226,886,-745,-142,-3136
216,148,5756,-1298,1011,-48,-3136
464,-600,11480,650,-1287,-318,-3136
1488,-1350,4228,-328,1006,-279,-3136
-2400,-272,10188,246,-313,69,-3168
1998,3194,9488,1120,-1298,-210,-3152
1928,-578,3804,-2189,2479,-256,-3152
-3676,-3050,12898,14,-426,-9,-3152
1362,378,9608,2286,-1813,-183,-3136
1840,2056,1578,-2132,2019,-66,-3168
-2600,-1834,12998,-5,-288,-17,-3120
2920,-258,8116,1657,-1007,-344,-3088
-176,248,3760,-2291,2047,-86,-3136
-2008,-3046,14064,1101,-1001,-135,-3152
2594,2574,6178,806,-582,-236,-3120
-646,562,7026,-2364,1873,12,-3152
1052,-3678,10470,1334,-1215,-239,-3136
2014,-158,3910,-91,490,-227,-3136
-1428,-2,10700,-627,514,-28,-3152
1548,1556,7608,1214,-1027,-151,-3152
1398,988,4386,-1590,1244,-89,-3136
-2548,-810,13280,510,-1030,-203,-3136
3926,-1902,1544,264,326,-386,-3168
-1760,608,7528,-1010,727,-21,-3152
-464,830,12286,1737,-1617,-148,-3184
5118,870,1062,-1476,1466,-303,-3136
-1984,-1436,9902,-1523,1106,-71,-3152
-46,-3210,12024,2698,-2019,-138,-3152
3152,3790,32,-1077,840,-167,-3120
-2626,-1790,13474,-1547,1177,61,-3136
1032,-1998,11376,2318,-1721,-304,-3136
1504,2164,1438,-1616,1546,-214,-3120
-1916,-2924,14218,-241,74,-67,-3120
1142,308,9464,2110,-1542,-211,-3136
1198,2262,2584,-2271,1893,-81,-3136
-548,-3802,12802,255,-560,-184,-3136
2010,-1982,6348,1160,-397,-273,-3120
-680,586,12408,213,-374,-81,-3136
1336,1156,5800,-595,472,-126,-3120
-2206,-1248,10258,-462,89,-20,-3152
4936,-2488,2676,781,-627,-428,-3120
38,-582,6126,-1201,1345,-56,-3104
-1144,-566,11956,1468,-1300,-3,-3104
4822,2854,2614,-297,-7,-334,-3120
366,-1112,5814,-2273,2185,-137,-3152
-1554,-5150,12560,2098,-1706,-46,-3104
3650,4118,2438,559,-587,-169,-3136
1432,972,3292,-2485,2184,-18,-3152
-1272,-2656,13536,1888,-1569,-150,-3120
3162,1872,2396,-73,421,-325,-3136
-910,-768,5340,-2019,1576,-35,-3152
-562,-1114,12646,2599,-2032,-218,-3120
2790,3352,1348,-1410,1208,-151,-3152
-1914,-2594,13694,-1444,801,13,-3104
1206,-2828,9688,2137,-1357,-315,-3136
764,788,2868,-1329,1340,-110,-3168
-1040,214,13406,544,-689,-109,-3088
1406,1562,7142,241,-265,-141,-3152
-316,-1146,6298,-1550,1246,-34,-3136
2064,-1690,9370,1098,-1444,-351,-3136
528,-190,5562,-1015,1357,-109,-3120
-1366,-130,12474,743,-749,34,-3136
2552,3182,7776,412,-552,-300,-3168
196,-1000,6054,-2220,2273,-184,-3120
-1144,-4418,12284,1334,-1249,-67,-3152
2236,1426,7592,1127,-926,-185,-3120
1080,1418,4216,-2220,1902,24,-3120
-832,-2272,13238,1823,-1413,-181,-3136
2612,1580,2654,-397,664,-284,-3152
-2184,-2220,11830,-1165,827,-88,-3136
-252,-646,11762,2282,-1664,-192,-3120
2540,2496,2148,-1670,1400,-126,-3152
-1796,-2308,13044,-633,162,-76,-3136
1696,-2638,8552,1664,-945,-286,-3152
-1082,206,11926,-55,-32,-60,-3136
1872,1444,5534,361,-405,-169,-3120
500,-298,5904,-1579,1247,-67,-3104
-1820,-22,12770,1139,-1618,-287,-3152
3726,-1856,548,-796,1431,-326,-3120
-2840,-998,12970,-78,-151,43,-3120
110,1340,11466,1861,-1794,-185,-3168
5236,258,-38,-2187,2455,-271,-3136
-4208,-3644,14238,-582,69,59,-3152
648,-2422,11384,2761,-2099,-188,-3120
3362,3724,-1210,-2035,1689,-100,-3136
-3266,-2328,15020,-693,286,-52,-3136
1500,-1866,10580,2366,-1574,-331,-3120
1154,2214,716,-2301,2083,-139,-3120
-2104,-2904,15220,453,-517,-73,-3136
3144,2728,4802,1579,-1102,-252,-3136
756,2114,3120,-2460,2068,-4,-3120
-312,-4010,12720,958,-1033,-192,-3120
1672,602,3700,772,-149,-249,-3168
-596,702,6770,-1019,806,-53,-3104
784,538,9886,924,-849,-126,-3168
490,332,5628,-1157,893,-111,-3120
-2548,-674,11080,120,-653,-122,-3120
4448,-2482,2684,383,159,-384,-3168
-2646,24,9980,-709,566,12,-3136
-1032,-22,12310,1679,-1537,-95,-3120
5274,1866,1752,-1293,1320,-340,-3120
-3434,-2190,12456,-1571,1180,-49,-3168
762,-792,10866,2623,-1994,-131,-3136
3304,4124,1558,-876,558,-169,-3152
-2088,-1362,11512,-1621,1301,-3,-3152
2196,-1096,9596,2305,-1695,-282,-3120
366,1232,2246,-2082,1909,-154,-3136
-2298,-2706,13346,480,-458,-69,-3120
2384,1618,7464,1510,-1148,-244,-3152
-140,1420,5192,-2350,1967,-40,-3136
652,-3946,11414,919,-995,-213,-3104
2446,-988,4456,392,158,-233,-3168
-1274,294,12846,555,-650,-83,-3168
1740,2036,5730,-567,400,-121,-3152
-1780,-1846,8868,-1018,759,6,-3152
3506,-1682,7132,1540,-1527,-387,-3120
-564,320,6426,-1282,1662,-107,-3136
-1782,-912,12618,1091,-1019,30,-3104
3372,3814,6134,561,-748,-273,-3152
-956,-1086,7750,-2558,2556,-161,-3152
-3378,-4510,13438,1272,-1285,-80,-3136
2698,2846,6616,1415,-1180,-186,-3136
326,598,5448,-2692,2438,-9,-3152
-2624,-2414,14760,1282,-1282,-130,-3120
3278,890,5012,785,-251,-312,-3136
-1264,-918,7934,-2053,1726,-55,-3136
-1520,-2044,14188,2113,-1698,-180,-3120
2958,2992,3810,-505,469,-196,-3120
-1638,-498,11114,-1769,1144,-46,-3136
2024,-2802,7312,1592,-985,-283,-3136
578,772,4374,-728,804,-158,-3152
-860,838,12156,241,-364,-57,-3120
1248,1288,5914,-95,31,-136,-3120
-668,-738,7114,-1055,790,-32,-3136
1062,-228,10658,1090,-1652,-341,-3104
1288,-1178,4374,-957,1627,-258,-3152
-2766,-336,11464,665,-719,78,-3152
2098,3546,9418,1121,-1267,-231,-3168
1936,-1036,3464,-2454,2773,-235,-3136
-3960,-3168,13762,270,-791,-37,-3120
1548,962,9664,2113,-1664,-193,-3120
2048,1342,1270,-2450,2313,-50,-3136
-2904,-1870,14044,270,-569,-44,-3120
3110,-280,7824,1609,-946,-340,-3152
-352,204,3630,-2403,2130,-76,-3120
-1080,-1816,13786,1777,-1568,-169,-3120
3092,2312,5698,506,-350,-232,-3136
-758,640,7236,-2511,1872,20,-3136
934,-3664,10558,1616,-1289,-250,-3152
1776,424,4380,-291,464,-188,-3088
-1080,64,13254,853,-969,-123,-3120
1514,1324,5578,-655,510,-104,-3152
-1732,-1608,9612,-405,0,-84,-3136
4028,-2212,4390,1005,-648,-387,-3120
-1974,682,8728,-1006,990,-53,-3120
-1300,-164,12084,1235,-1181,-19,-3136
4268,2586,3764,-498,375,-307,-3136
-2304,-1744,10466,-2044,1905,-84,-3120
-1628,-4832,12462,2118,-1611,-102,-3152
2908,3746,3990,27,-144,-157,-3120
-1164,-246,9288,-2041,1706,0,-3136
-1142,-2354,13668,1871,-1493,-193,-3120
2884,1314,2856,-633,720,-243,-3152
-2156,-1930,11476,-1139,737,-75,-3152
1980,674,8104,2309,-1664,-228,-3136
2580,2762,1974,-1851,1553,-122,-3104
-2022,-2074,13190,-743,174,-57,-3120
2366,-1526,5312,1533,-798,-282,-3120
142,648,4170,-1186,1174,-88,-3136
-638,636,12530,971,-1002,-100,-3136
1814,1226,4614,-408,325,-144,-3120
-976,-1454,7790,-896,678,2,-3152
2154,-592,9184,1373,-1550,-377,-3168
458,-458,5028,-1301,1733,-114,-3136
-2274,-784,12242,879,-910,11,-3152
2610,3698,7740,591,-775,-290,-3152
646,-1270,5400,-2530,2634,-172,-3152
-1568,-4874,12784,1178,-1251,-69,-3168
1976,1984,8312,1508,-1259,-194,-3136
1236,1044,3512,-2522,2286,-41,-3120
-1180,-2454,13528,1245,-1264,-114,-3120
3362,72,6178,834,-302,-329,-3136
-808,-340,5774,-2158,1809,-62,-3136
-286,-946,12032,1944,-1615,-184,-3120
2858,3014,4766,-527,535,-186,-3120
-1466,-124,9548,-1953,1345,28,-3136
1738,-3222,8724,1865,-1262,-299,-3136
1302,266,3732,-666,845,-158,-3152
978,948,9306,1102,-1028,-135,-3168
380,346,5880,-1433,1130,-72,-3136
-850,-272,12260,806,-1406,-264,-3136
2534,-1794,2538,-398,1005,-309,-3152
-2552,152,9780,-133,-47,41,-3120
924,2488,10808,1412,-1448,-181,-3136
3394,-500,2140,-1998,2328,-243,-3136
-3378,-2308,12686,-440,-40,-24,-3152
788,-784,10600,2436,-1922,-178,-3152
2570,2514,490,-1859,1671,-89,-3120
-2428,-2316,13922,-396,79,12,-3136
2426,-944,9328,1820,-1216,-343,-3136
328,1324,2520,-2198,2032,-129,-3120
-1352,-2366,14172,880,-794,-115,-3152
2374,1704,7354,1146,-837,-240,-3136
-82,1020,5188,-2407,1957,-6,-3104
142,-3720,11924,1182,-1187,-203,-3120
2544,-730,4448,298,182,-268,-3152
-1376,230,9082,-933,751,-36,-3136
1114,1234,9008,1312,-1157,-133,-3104
1608,1704,4274,-1494,1121,-94,-3152
-2712,-1526,12350,24,-513,-112,-3152
4422,-2074,2502,735,-279,-390,-3152
-2332,156,9508,-1324,1212,-20,-3136
-1194,-470,12966,1701,-1536,-57,-3136
4752,2286,2522,-753,610,-332,-3120
-3008,-2116,12036,-1781,1543,-60,-3120
-1222,-4474,12584,2411,-1859,-91,-3104
3438,3992,2332,-232,51,-172,-3168
-1488,-1220,10312,-2093,1799,-27,-3152
-562,-2384,13050,2066,-1589,-209,-3120
2296,2252,2742,-884,911,-238,-3136
-1984,-2472,12248,-1061,809,-90,-3136
-108,-906,11386,2270,-1653,-231,-3120
2224,2682,2336,-1671,1384,-121,-3120
-1496,-2156,12922,-410,-85,-85,-3152
1930,-1058,5224,1449,-606,-289,-3136
-1032,680,11914,77,-221,-70,-3120
1402,1352,5990,-377,302,-142,-3136
-1542,-1830,8450,-827,607,-28,-3168
3826,-1018,6760,1090,-1413,-403,-3136
2616,-1932,2136,-1238,1906,-114,-3120
-1942,-1122,12318,1153,-1070,10,-3120
3078,4352,6592,552,-854,-270,-3152
-776,-1386,7586,-2527,2712,-194,-3168
-3692,-4336,13626,1340,-1459,-68,-3168
2944,3048,6706,1485,-1234,-180,-3136
496,282,5278,-2834,2663,3,-3136
-3058,-2278,15090,1298,-1378,-110,-3152
3564,1040,5306,578,-64,-328,-3152
-1460,-1272,7366,-2278,1921,-45,-3152
118,-520,11534,2459,-2081,-184,-3136
3160,3500,3436,-789,703,-221,-3136
-1540,-992,10812,-1924,1302,24,-3120
1612,-2554,8276,2116,-1366,-272,-3120
1306,1134,3636,-849,839,-155,-3136
-1310,420,12420,-6,-186,-48,-3104
1464,1196,6296,532,-466,-175,-3120
306,2,5486,-1462,1144,-18,-3120
-66,-912,11862,879,-1363,-333,-3104
1850,-1240,3710,-460,1163,-251,-3136
-2338,198,10018,174,-259,60,-3120
1252,2542,10280,1161,-1261,-206,-3152
2858,-614,2876,-2063,2268,-239,-3152
-2828,-4070,12872,-75,-401,-17,-3136
1008,-204,10046,2040,-1620,-205,-3136
2434,2144,1062,-2064,1902,-82,-3120
-2466,-2166,14210,-47,-242,-36,-3152
2340,-596,9018,1668,-1022,-335,-3136
50,662,3186,-2143,1901,-90,-3104
-1134,-1816,13736,1218,-1123,-160,-3120
2404,2014,6678,566,-361,-227,-3152
-110,596,6182,-2199,1772,4,-3104
944,-3684,10590,1343,-1116,-242,-3136
1758,-618,4712,23,377,-235,-3120
138,1006,11300,832,-957,-120,-3120
1224,540,4964,-884,705,-113,-3136
-1756,-2114,9464,-385,157,-36,-3136
4142,-1482,5550,1086,-876,-396,-3104
-1690,442,8400,-1270,1373,-38,-3168
-1746,-756,12628,1526,-1366,-24,-3152
3814,3996,5054,-310,-47,-326,-3152
-1638,-1454,9160,-2458,2348,-90,-3136
-3094,-4512,13296,1843,-1595,-33,-3120
3116,3538,5574,715,-673,-179,-3120
-418,-22,7036,-2579,2302,12,-3120
412,-2482,12068,1920,-1679,-176,-3136
3492,1344,4208,-153,435,-284,-3136
-1742,-1578,9292,-1739,1362,-30,-3136
1044,-262,10088,2618,-1942,-179,-3120
3290,3106,2726,-1461,1204,-164,-3120
-1960,-1426,12012,-1350,703,11,-3136
1722,-2092,7428,1982,-1176,-302,-3136
1114,834,3250,-1136,1101,-121,-3120
-986,386,12456,328,-522,-84,-3120
1252,1372,6342,159,-140,-157,-3136
-210,-562,6188,-1077,886,-6,-3120
1642,-914,10122,1001,-1327,-363,-3152
720,-814,5546,-815,1341,-121,-3120
-1192,-420,11798,797,-781,37,-3136
2502,3606,8504,490,-789,-286,-3136
864,-872,4926,-2479,2593,-211,-3120
-1524,-5182,12564,1018,-1109,-40,-3152
2018,1126,8520,1461,-1118,-165,-3120
1262,1282,2972,-2467,2230,-33,-3136
-1574,-2280,13886,1223,-1248,-96,-3136
3492,282,6952,867,-239,-342,-3120
-700,-630,5014,-2270,1876,-21,-3152
-510,-1312,12766,2154,-1804,-181,-3136
2840,3086,5160,-244,262,-239,-3152
-1216,-72,8580,-2031,1465,51,-3120
1250,-3164,9698,2007,-1455,-297,-3120
592,706,2946,-836,984,-185,-3136
510,634,10752,1348,-1252,-133,-3120
-530,-1272,6354,-1691,1362,-28,-3136
1650,-1398,9990,1220,-1699,-328,-3104
3480,-1746,1954,-530,1172,-274,-3136
-2076,-744,11026,-182,54,23,-3120
2260,3284,8496,1343,-1438,-187,-3120
4556,418,1438,-2155,2368,-251,-3104
-3658,-3544,13180,-184,-273,9,-3136
1702,1314,8756,2414,-1888,-208,-3120
2864,3492,284,-1998,1811,-73,-3152
-2396,-2146,13502,-302,3,-10,-3136
3140,82,6688,1791,-1105,-342,-3104
878,2076,1838,-2156,1880,-95,-3152
-1548,-2630,14076,1084,-956,-139,-3120
2512,2738,5324,622,-495,-204,-3120
-950,-296,8812,-2183,1775,-10,-3136
-106,-3622,12294,1225,-1102,-242,-3104
1284,188,4156,50,381,-215,-3152
-1074,454,11390,-321,253,-60,-3120
1040,824,9264,805,-724,-143,-3104
100,376,6254,-1284,922,-61,-3136
-1188,344,12398,594,-1128,-195,-3120
5160,-2472,1748,-230,807,-361,-3120
-3252,522,10788,-742,396,-1,-3136
534,2084,11252,1774,-1592,-105,-3168
5014,2780,2004,-1649,1606,-325,-3120
-3452,-1850,12726,-1214,751,-38,-3120
790,-2010,11080,2801,-2101,-106,-3136
3272,3042,-938,-1263,937,-156,-3136
-1868,-1038,11238,-1288,913,6,-3136
2178,-1850,9882,2390,-1685,-277,-3120
774,1956,1536,-1775,1620,-183,-3120
-2238,-2790,12446,-411,181,-98,-3104
2008,824,8086,2131,-1489,-241,-3136
522,1704,3658,-2388,2031,-51,-3136
-1728,-3208,13440,283,-535,-141,-3120
2072,-666,5742,1192,-506,-310,-3152
-1460,310,12134,31,-210,-48,-3120
1458,1406,6866,497,-415,-154,-3168
-1116,-1212,6950,-1453,1078,-28,-3120
2856,-1756,8054,1099,-1410,-403,-3120
2292,-1540,2956,-817,1369,-166,-3136
-1832,-506,11566,546,-583,34,-3104
3108,3470,6776,725,-890,-269,-3136
3258,-174,2528,-2240,2428,-182,-3152
-3042,-4078,13194,890,-1002,-15,-3120
2850,2216,6592,1773,-1422,-176,-3136
2702,2478,504,-2308,2093,-51,-3152
-2598,-1912,14062,581,-769,-82,-3120
3338,374,5248,1066,-377,-348,-3152
-1398,-814,7528,-2138,1851,-58,-3136
-1358,-2166,13838,1734,-1487,-187,-3136
2706,3100,4072,-28,106,-208,-3120
-1318,-994,10554,-1832,1377,6,-3152
242,-3328,11682,1612,-1322,-243,-3136
1220,376,3520,-606,813,-194,-3168
-1162,236,12302,-17,-174,-53,-3120
1230,1612,8606,567,-565,-178,-3120
502,-528,5798,-1650,1367,-46,-3136
-1176,-20,12560,933,-1493,-242,-3136
4782,-1746,1940,-324,919,-362,-3120
-3042,-26,10724,-542,316,56,-3120
540,2116,10960,1892,-1745,-138,-3120
4456,-474,566,-1869,1952,-299,-3136
-3512,-2446,12652,-884,397,-46,-3136
884,-1464,10972,2875,-2183,-167,-3120
3242,3118,-996,-1749,1450,-136,-3120
-2208,-1330,11922,-1241,838,4,-3136
1986,-1532,9552,2364,-1695,-309,-3168
568,1558,1200,-1987,1768,-175,-3120
-2444,-2772,13154,160,-237,-78,-3120
2236,1338,7816,2049,-1490,-230,-3104
426,1862,4320,-2414,2051,-34,-3136
-1518,-2986,13630,440,-681,-155,-3152
1852,-802,5610,1042,-408,-254,-3120
-854,544,11714,93,-356,-91,-3104
1174,1036,6582,-129,161,-135,-3104
-1410,-1334,8168,-852,641,-14,-3136
3992,-1848,6020,876,-1010,-390,-3104
1418,-1524,4252,-910,1390,-97,-3120
-1460,-738,11594,1219,-1063,41,-3120
4204,3658,5054,338,-610,-310,-3168
2810,-1002,2672,-2508,2604,-174,-3120
-3046,-4472,13156,1401,-1374,-36,-3120
3176,3204,5348,1265,-1016,-203,-3152
-782,460,7428,-2631,2353,-32,-3136
-2544,-2362,14488,1432,-1347,-108,-3136
3690,1290,3812,576,-59,-349,-3152
-2058,-1434,9498,-2186,1804,-61,-3152
-1190,-1906,14144,2552,-2018,-188,-3120
3148,3620,2436,-787,738,-204,-3136
-2104,-1606,12432,-1668,1005,30,-3168
766,-3664,10966,2079,-1469,-322,-3120
1258,792,2504,-1182,1244,-138,-3120
-1314,34,13332,137,-304,-66,-3136
1438,1076,8264,638,-532,-158,-3120
70,-482,5294,-1722,1437,-1,-3152
230,-1142,11862,1180,-1646,-346,-3152
1678,-492,3588,-414,1071,-304,-3136
-2278,-370,10184,149,-266,40,-3088
1888,2870,9664,1229,-1297,-239,-3120
2012,-530,3374,-2340,2585,-195,-3136
-2492,-4688,13128,327,-716,-88,-3168
1244,492,9710,2217,-1735,-194,-3152
2070,2058,1252,-2359,2124,-66,-3120
-1942,-2588,14438,364,-611,-64,-3120
2776,-608,7790,1542,-760,-327,-3104
-220,98,3804,-2222,1925,-67,-3104
-1036,-1474,13292,1560,-1385,-165,-3152
2418,2518,6214,259,-141,-210,-3120
-432,154,7286,-2074,1584,18,-3104
1520,-3504,9464,1417,-1130,-292,-3136
1240,18,4506,-410,620,-199,-3120
564,1252,10036,835,-965,-116,-3136
514,298,5736,-1089,902,-81,-3136
-2106,-2158,10434,16,-396,-94,-3136
4732,-1688,3440,765,-348,-409,-3136
-2526,488,9730,-1238,1211,11,-3120
-1396,-664,12468,1669,-1569,-83,-3152
4500,3452,3278,-687,384,-343,-3168
-2762,-1892,11484,-2064,1897,-45,-3136
-1872,-5020,12692,2430,-1857,-109,-3120
3342,4050,3074,-171,6,-197,-3152
-1580,-640,10246,-2121,1772,1,-3120
1802,-2186,10578,2339,-1864,-188,-3136
3598,2090,2502,-868,1040,-290,-3136
-2478,-2240,11726,-1432,1007,-39,-3152
1796,678,8932,2761,-2053,-226,-3152
2940,3346,1100,-1950,1663,-145,-3136
-2046,-2518,13564,-825,199,-74,-3136
1976,-1172,6374,1959,-1081,-300,-3152
548,958,3066,-1454,1281,-70,-3120
-948,522,13134,715,-831,-83,-3136
1650,1238,5142,-246,229,-123,-3136
-716,-1258,6888,-1046,733,-2,-3152
2584,-1406,8632,1226,-1211,-403,-3152
46,-164,6220,-1031,1393,-99,-3136
-1152,62,12252,932,-950,-3,-3136
2852,3436,7276,175,-390,-314,-3136
-136,-1142,6504,-2286,2317,-156,-3120
-764,-4582,12218,1520,-1270,-40,-3152
2446,1804,7282,1119,-952,-172,-3104
562,1278,5150,-2275,2020,2,-3136
-226,-2428,12870,1303,-1167,-128,-3088
3348,402,5444,224,163,-315,-3152
-1646,-958,7438,-1787,1391,-84,-3136
494,-414,10800,2259,-1808,-203,-3168
2750,3386,3720,-1123,934,-185,-3152
-1548,-966,11016,-1337,770,10,-3120
2128,-2398,7728,1744,-1133,-293,-3136
-1448,134,9404,-535,388,-32,-3152
1196,1472,8666,1013,-915,-173,-3136
432,-452,5640,-1614,1285,-75,-3136
-902,-466,12504,751,-1251,-216,-3136
3150,-1322,1604,-697,1339,-248,-3136
-2494,-180,10214,-277,13,57,-3120
624,2034,10872,1601,-1565,-221,-3152
3882,-336,1158,-2118,2379,-263,-3168
-3778,-4346,13718,-404,-123,-45,-3168
686,-1006,10876,2705,-2097,-171,-3152
2946,3146,-376,-2048,1788,-117,-3152
-2606,-2460,14936,-576,208,26,-3136
2168,-1270,9296,2096,-1374,-332,-3104
468,1354,2028,-2227,1973,-137,-3136
-1480,-2292,14156,725,-716,-123,-3120
2044,1576,7608,972,-687,-229,-3120
160,1092,5002,-2315,1911,-3,-3104
434,-4036,11446,1101,-1021,-218,-3136
1746,-744,5216,442,79,-194,-3152
-822,718,8786,-611,472,-60,-3120
1250,784,8332,824,-728,-113,-3136
-112,-170,6540,-1191,886,-75,-3104
-2550,-154,12076,279,-861,-147,-3120
4434,-2918,1394,45,527,-356,-3152
-3016,-86,11134,-575,294,-1,-3120
-624,276,11776,1622,-1477,-104,-3104
5250,1426,1392,-1507,1482,-295,-3136
-3450,-2682,13236,-1293,986,-62,-3152
-138,-3966,11778,2551,-1957,-130,-3152
3210,3812,934,-966,722,-141,-3136
-2318,-1670,12354,-1312,981,33,-3136
450,-2380,11900,2197,-1652,-290,-3152
-162,764,3038,-2163,1953,-143,-3152
-2266,-2914,13924,530,-506,-82,-3136
2792,2014,6494,1387,-937,-219,-3168
-656,1078,6334,-2531,2051,-47,-3120
-1478,-3484,13674,1055,-1025,-201,-3120
-188,560,4802,-1250,1105,-44,-3120
-64,718,11756,1194,-1114,-146,-3136
1368,1256,4736,-1256,922,-105,-3136
-2576,-1082,12648,-323,-121,-81,-3152
3534,-1396,6578,1006,-590,-410,-3152
-818,368,6900,-1345,1351,-4,-3136
-856,-80,12560,1441,-1378,-51,-3136
3170,3604,5954,-318,158,-331,-3152
-802,-1478,8030,-2005,1924,-37,-3120
-352,-4114,12050,2136,-1708,-83,-3104
3270,4160,1370,238,-351,-176,-3136
-2400,-2182,14158,519,-684,-72,-3136
3376,588,4746,1001,-379,-293,-3168
152,744,3102,-2172,1862,-65,-3120
-1286,-2042,13722,1747,-1475,-166,-3120
2820,3020,3518,-234,253,-191,-3120
-1666,-1024,11294,-1844,1273,6,-3168
1164,-3768,10604,1675,-1148,-277,-3136
732,774,4100,-551,707,-156,-3120
-804,678,12384,112,-257,-81,-3120
1520,1082,7444,352,-283,-163,-3104
-490,-712,6924,-1307,981,-27,-3168
228,318,11464,977,-1529,-319,-3184
4644,-2620,572,-754,1500,-294,-3152
-3072,-296,11832,-57,-198,39,-3136
1380,3246,10118,1601,-1534,-173,-3136
5474,1470,684,-2047,2255,-278,-3120
-4116,-2934,13680,-470,-64,-49,-3120
1248,172,10350,2694,-2125,-186,-3120
2724,1942,-452,-2141,1830,-100,-3104
-2984,-1734,13808,-550,132,-18,-3104
2740,-822,8478,2184,-1507,-329,-3120
102,998,2600,-2316,2061,-140,-3120
-2556,-3040,14556,542,-621,-90,-3104
2902,1834,6588,1589,-1113,-242,-3104
-252,960,5868,-2585,2143,-42,-3120
-1222,-3758,13734,995,-939,-196,-3120
1792,96,4970,809,-217,-231,-3136
-1156,586,9354,-1144,956,-48,-3136
940,554,8438,1116,-969,-169,-3152
50,-102,5458,-1416,1083,-44,-3152
918,-934,11146,815,-1299,-357,-3120
1202,-898,4768,-517,1170,-234,-3152
-2268,20,10348,334,-357,58,-3104
1900,3004,9364,979,-1139,-220,-3104
1744,-868,3998,-2006,2235,-249,-3152
-3538,-3062,12674,202,-621,-33,-3120
1690,658,9060,2047,-1639,-188,-3136
1776,1552,2112,-2246,2053,-75,-3136
-2558,-2052,13078,82,-315,-39,-3120
2894,-188,7650,1472,-812,-335,-3152
-520,34,4264,-2173,1948,-63,-3120
-814,-1162,13214,1557,-1375,-170,-3104
2670,2684,5502,189,-148,-228,-3104
-804,196,8064,-2138,1668,1,-3152
1132,-3020,9992,1593,-1241,-271,-3120
1912,22,3964,-250,503,-225,-3136
-1576,472,11042,-430,232,-61,-3136
1598,1132,7254,944,-806,-165,-3152
1216,512,4620,-1568,1262,-74,-3120
-2356,-538,13140,653,-1129,-203,-3136
4068,-1892,1308,37,559,-380,-3136
-1962,712,8604,-753,571,16,-3120
-376,584,11974,1793,-1663,-140,-3120
5164,856,696,-1480,1411,-320,-3104
-3718,-3132,13450,-1361,935,35,-3136
120,-3434,11648,2628,-2021,-150,-3104
3288,4084,-20,-1204,896,-129,-3120
-2870,-2012,13680,-1428,1144,52,-3120
754,-2154,11774,2482,-1825,-298,-3104
1526,2432,1222,-1735,1580,-202,-3104
-1912,-2770,14472,-274,76,-86,-3120
1302,356,9366,2012,-1468,-249,-3120
1270,2448,2604,-2248,1934,-74,-3136
-658,-3836,12898,226,-525,-149,-3136
1826,-1970,6626,1144,-504,-288,-3120
-768,714,12482,79,-277,-84,-3104
1336,920,7192,107,-51,-143,-3120
-642,-1194,7120,-938,751,10,-3136
2364,-848,9058,1019,-1340,-378,-3136
114,-624,6380,-937,1493,-126,-3120
-2184,-852,11466,981,-966,46,-3120
2950,3922,7554,636,-938,-284,-3136
158,-1056,6066,-2570,2678,-171,-3104
-3636,-3790,13554,968,-1108,-17,-3120
2298,2058,7910,1511,-1239,-186,-3120
826,990,4142,-2493,2287,-4,-3120
-1070,-2278,13666,1135,-1198,-100,-3104
3626,622,6018,758,-187,-337,-3136
-1106,-668,6204,-2300,1957,-58,-3152
-36,-1272,12100,2213,-1787,-182,-3152
3064,3080,4384,-333,331,-193,-3104
-1640,-460,9732,-1979,1360,35,-3104
1658,-2908,8990,1956,-1417,-283,-3120
1832,440,2954,-923,1045,-158,-3152
-1540,242,12386,-71,-107,-38,-3136
1416,1880,6770,790,-663,-169,-3136
778,408,4456,-1656,1296,-41,-3120
-1278,-590,13016,1019,-1615,-321,-3120
2880,-1420,2452,-400,1071,-294,-3120
-1890,-586,11802,-227,51,46,-3136
626,1916,11114,1326,-1410,-210,-3104
3786,36,1890,-2024,2232,-224,-3120
-3222,-4048,13224,-331,-77,-5,-3152
666,-1582,10644,2382,-1827,-186,-3136
2628,2994,616,-1796,1591,-106,-3136
-2372,-2270,14052,-496,236,-62,-3120
2032,-1284,9696,1867,-1178,-337,-3120
552,1224,2496,-2043,1849,-121,-3104
-1390,-2222,13834,873,-795,-120,-3104
1870,1312,7768,1078,-808,-216,-3120
254,1400,4916,-2166,1791,-15,-3120
546,-3626,11314,915,-887,-228,-3136
-1154,552,8946,-820,655,-58,-3136
1346,976,8120,456,-387,-130,-3152
-196,-458,6762,-1252,940,-47,-3120
-270,464,11932,1076,-1685,-336,-3120
2494,-1852,1894,-840,1541,-320,-3136
-3348,-170,11576,13,-251,76,-3136
1058,2784,10514,1643,-1521,-149,-3120
3738,-822,1368,-2283,2479,-260,-3120
-4180,-2566,13452,-332,-210,23,-3120
1008,-926,10808,2823,-2164,-200,-3136
3164,2758,-910,-2119,1823,-116,-3104
-2404,-1500,12764,-649,253,-19,-3120
2518,-1350,8996,2164,-1372,-309,-3120
422,1212,1790,-2208,1972,-123,-3136
-2330,-3012,13654,392,-449,-103,-3152
2442,1498,7240,1577,-1110,-238,-3120
124,1156,4606,-2575,2159,-26,-3120
230,-4310,11950,887,-928,-195,-3136
2072,-496,5154,736,-159,-256,-3136
-1008,780,8498,-1128,932,-35,-3120
898,544,9090,1205,-1075,-155,-3120
1432,1272,5122,-1149,812,-103,-3152
-2330,-294,11828,-205,-432,-140,-3136
3854,-3020,2178,410,252,-349,-3104
-1382,242,7890,-791,571,1,-3120
-782,1000,12034,1384,-1399,-128,-3120
5210,764,1628,-1078,1161,-315,-3136
-1720,-1236,9104,-1547,1266,23,-3120
64,-3584,12008,2530,-1970,-142,-3120
3302,3784,426,-913,654,-160,-3152
-2318,-1894,12642,-1672,1347,56,-3104
440,-2330,11950,2253,-1698,-268,-3136
1776,2254,1616,-1272,1231,-235,-3120
-2024,-2886,13740,-651,392,-114,-3152
766,24,10170,2273,-1619,-221,-3136
1762,2398,2074,-2131,1793,-116,-3136
-1396,-3204,13366,48,-382,-111,-3136
2136,-1986,7098,1437,-728,-318,-3120
-1182,178,12946,9,-159,-77,-3136
1858,1806,5176,-633,487,-154,-3168
-1750,-2022,9278,-858,571,-6,-3152
3656,-1342,6652,1426,-1433,-360,-3136
2436,-1068,2412,-1365,1801,-78,-3120
-2066,-870,12926,1002,-1044,45,-3120
3512,3792,5964,539,-774,-327,-3152
-946,-1294,7944,-2510,2683,-170,-3136
-380,-4296,12042,2063,-1706,-67,-3120
2934,3080,6470,499,-510,-156,-3120
172,120,5688,-2579,2314,8,-3136
-252,-2384,12776,2014,-1755,-177,-3136
3456,916,4844,-86,386,-313,-3120
-1580,-1114,7910,-1836,1474,-42,-3152
416,-396,11004,2651,-2031,-215,-3120
2202,2828,1524,-1357,1186,-158,-3104
-1712,-974,11316,-1163,559,-29,-3168
1894,-2456,7706,2033,-1229,-312,-3152
-254,920,4702,-1175,1103,-107,-3152
-948,496,12290,363,-601,-90,-3104
1376,1164,6074,-175,145,-157,-3104
-1800,-1528,8852,-1074,819,-6,-3120
858,-498,10882,1038,-1297,-362,-3120
1214,-1212,4594,-905,1503,-130,-3168
-1604,-548,11998,926,-911,48,-3104
2018,3598,9570,748,-990,-293,-3120
2156,-964,3298,-2517,2676,-177,-3120
-2516,-4506,13206,1191,-1324,-72,-3120
3382,3384,4524,1645,-1284,-187,-3136
1924,1604,1438,-2587,2357,-25,-3136
-2258,-2512,14334,1008,-1105,-96,-3120
3734,1374,3158,812,-216,-344,-3120
-304,116,3594,-2361,2027,-55,-3136
-992,-1834,13892,2304,-1898,-171,-3104
3276,3394,1672,-580,561,-183,-3136
996,-3670,10732,1591,-1418,-266,-3136
2464,50,3362,-374,647,-219,-3152
-1810,184,10966,-600,339,-55,-3120
1300,1404,8106,1187,-983,-171,-3120
40,-694,5022,-1880,1487,-12,-3152
-2326,-1302,13518,815,-1336,-302,-3120
3424,-1812,2436,60,629,-314,-3152
-2056,-354,10174,-590,424,32,-3136
-330,820,12566,1620,-1593,-158,-3120
4834,678,1410,-1770,2002,-263,-3120
-3530,-3278,12984,-703,180,-51,-3152
1334,744,9356,2511,-1964,-178,-3120
2772,3662,384,-1747,1479,-110,-3104
-2332,-2052,13084,-612,304,-22,-3104
2874,-276,7308,2019,-1369,-312,-3120
1290,1902,1782,-1998,1856,-80,-3120
-1764,-2520,14046,667,-645,-119,-3136
2438,2706,5830,1146,-880,-229,-3136
904,2194,3254,-2185,1794,-21,-3152
-158,-3258,12434,929,-1020,-246,-3152
1412,102,4194,234,287,-245,-3136
-1146,240,11346,-598,480,-66,-3136
840,1300,9780,922,-864,-114,-3120
464,-22,5652,-1463,1216,-85,-3120
-1998,-296,13090,471,-868,-128,-3104
5022,-1648,3034,413,108,-400,-3136
-2570,456,9698,-1202,1011,-3,-3152
100,1374,11664,1906,-1739,-104,-3120
4738,3486,2890,-1354,1313,-327,-3152
-2938,-1950,11708,-1826,1468,2,-3104
354,-2708,11556,2819,-2098,-105,-3104
3316,4222,2886,-738,453,-152,-3120
-1626,-786,10112,-1897,1504,-12,-3120
1766,-2142,10518,2575,-1946,-247,-3136
3286,2170,2338,-1202,1243,-232,-3152
-2392,-2426,12086,-857,504,-55,-3120
1756,1110,8712,2541,-1860,-224,-3088
992,1780,2726,-2306,1960,-101,-3104
-1674,-2698,13468,-205,-279,-128,-3136
308,834,3614,-1353,1224,-83,-3136
-754,386,12820,880,-946,-117,-3120
1448,1292,5222,-531,395,-119,-3152
-2232,-1024,11278,-687,334,-6,-3120
3090,-1384,8166,1140,-874,-412,-3088
-234,98,6526,-1178,1344,-40,-3104
-972,96,12204,1257,-1214,-22,-3136
2978,3590,6982,-75,-125,-316,-3120
-508,-1124,6918,-2243,2143,-130,-3120
-598,-4672,12192,1881,-1507,-51,-3104
3072,4014,2014,538,-506,-177,-3104
462,1062,5266,-2314,1984,22,-3120
-220,-2546,12786,1793,-1432,-202,-3152
2258,1980,2168,-21,366,-295,-3168
-1410,-1066,7354,-1589,1186,-51,-3136
312,-478,11018,2368,-1822,-210,-3120
2064,2772,1920,-1497,1241,-157,-3120
-1592,-832,10876,-1038,476,-6,-3120
2090,-2474,7748,1736,-996,-295,-3104
-466,574,5088,-1174,1172,-112,-3136
-1296,224,12558,770,-839,-94,-3152
1774,1720,5488,-281,155,-149,-3120
-1594,-2026,8934,-1213,900,-41,-3136
-894,-122,12358,1427,-1780,-368,-3120
3108,-1192,1826,-1131,1708,-192,-3088
-2254,-694,12882,514,-653,34,-3120
3046,3544,6560,1131,-1259,-243,-3136
3766,-356,1410,-2428,2625,-220,-3136
-3304,-4332,13420,420,-708,-55,-3120
2476,2648,7032,2080,-1672,-180,-3152
2880,2968,204,-2386,2209,-38,-3088
-2654,-2356,14596,410,-627,-40,-3136
3488,518,5334,1402,-734,-324,-3136
606,1310,1952,-2259,1988,-89,-3120
-1568,-2338,14174,1513,-1330,-149,-3120
3034,3136,3906,375,-202,-254,-3136
206,1382,4606,-2299,1776,18,-3120
316,-4080,11576,1519,-1174,-268,-3120
-132,784,4492,-1118,1014,-55,-3088
1294,664,8338,901,-795,-150,-3120
-96,-128,6320,-1286,943,-93,-3152
-2498,-286,11984,450,-1084,-199,-3152
4300,-3032,1432,-28,685,-355,-3136
-2874,-8,10868,-456,141,34,-3104
-676,522,11868,1557,-1481,-132,-3088
5396,916,1094,-1657,1837,-265,-3120
-3762,-2634,13338,-1099,646,13,-3136
1146,232,10190,2629,-2042,-139,-3104
3282,3808,346,-1279,1039,-155,-3120
-2534,-1636,12842,-1056,710,-42,-3120
2854,-690,8582,2273,-1683,-303,-3104
2248,2506,1052,-1875,1781,-197,-3104
