AcX,AcY,AcZ,GyX,GyY,GyZ,Tmp
940,190,5826,79,-114,-94,-2464
1330,-436,6332,-264,477,-217,-2448
-3574,792,12190,657,-695,-63,-2448
2584,-3302,7562,-710,767,-398,-2464
144,3154,3398,-248,169,-171,-2432
-1110,-4014,12820,840,-464,-3,-2448
-1036,2412,6992,-220,-116,-51,-2480
5270,-2796,-824,-2145,1493,-512,-2480
-2302,3784,2574,2150,-1080,22,-2432
-1834,-1398,15192,645,-856,-57,-2464
5264,2298,1648,-1604,1648,-459,-2432
-2348,292,5332,88,-202,59,-2432
648,-1792,12888,789,-566,41,-2448
-280,-526,10186,-305,262,-188,-2448
1246,736,3596,-859,765,-276,-2464
248,-308,5984,379,-270,-22,-2432
2248,-450,7620,-129,299,-188,-2448
-3340,-642,12002,440,-214,-17,-2480
3762,-1078,3488,-1320,704,-352,-2480
-346,-2714,12744,1298,-274,-184,-2432
-1116,-2902,10658,-605,163,-146,-2432
500,2460,3264,-146,109,-1,-2448
1334,3670,10278,-475,96,-358,-2448
-2010,-10442,19788,1809,-224,-170,-2464
-1774,2220,5678,-1815,212,-34,-2496
7748,4330,-4576,-796,1036,-311,-2464
-3780,-906,9748,887,-350,-61,-2480
-732,-1522,11688,513,-682,70,-2432
1646,1094,4066,-1172,761,-194,-2464
2256,1846,1658,-123,271,-245,-2448
-1756,-2192,13010,579,-289,-54,-2448
2056,-114,7416,-218,224,-172,-2464
-1534,-624,9212,264,-51,-60,-2464
3382,980,2768,-922,390,-319,-2448
-588,374,8880,1065,-128,-196,-2448
-368,88,6854,-817,212,-147,-2464
992,1368,4552,184,-24,35,-2432
5194,3350,1876,-682,139,-332,-2432
116,-10972,15552,1877,-221,-178,-2448
-894,4392,-678,-1987,369,-36,-2416
7914,4248,-3742,392,113,-165,-2464
-4066,-2050,14694,838,1,-203,-2464
-1466,-738,7946,-189,-365,112,-2464
3404,3730,-48,-1176,733,-179,-2400
1962,662,5580,631,-64,-217,-2464
-1064,-1444,10028,55,104,-96,-2448
1940,718,6004,-198,183,-141,-2480
110,-1106,7118,-293,486,-131,-2448
1256,2932,5042,122,-452,-93,-2448
1984,-4482,10000,225,424,-336,-2464
396,2818,3316,-1041,429,-179,-2432
376,-190,8732,1291,-643,41,-2480
-1982,2754,9566,86,-452,-158,-2480
3734,-5570,3280,-1338,1386,-473,-2448
-1468,4800,-592,323,-499,34,-2432
-790,-1742,17764,1488,-1106,-81,-2448
3390,-206,6922,-1193,1462,-424,-2416
-2232,-88,5436,-271,-257,121,-2448
4058,3456,2280,210,-131,-39,-2448
-854,-1478,13544,478,-90,-178,-2464
544,108,4826,-1032,773,-239,-2432
1060,544,5092,335,-204,-20,-2416
2004,-592,8124,-196,404,-205,-2480
-3542,548,11838,564,-535,-24,-2432
2986,-2698,6452,-1070,745,-375,-2432
-380,-442,9738,576,-97,-169,-2448
-1308,-3802,12580,336,-288,-72,-2416
-494,1946,5762,-442,167,-16,-2448
6036,-818,-2708,-1595,909,-411,-2432
-3392,-8028,20560,2781,-1136,0,-2432
-2216,-618,12680,-932,-294,-65,-2448
6656,2942,-2076,-1569,1546,-413,-2448
-4250,-2480,16056,1040,-456,-49,-2464
-28,-2528,14356,778,-761,112,-2432
118,334,6886,-1358,872,-200,-2464
1562,360,6894,-70,308,-243,-2448
-1886,-2662,13548,651,-319,-13,-2448
2220,-386,7730,-323,245,-204,-2464
-2504,-136,10318,-107,237,-105,-2432
726,2710,6008,-507,32,-251,-2464
504,-3640,12258,947,83,-237,-2448
-854,-1430,9096,-1033,373,-172,-2480
290,-256,8882,675,-239,60,-2464
-236,3588,11626,200,-506,-219,-2464
-434,-10290,16694,-339,950,-365,-2416
-1794,4406,492,-978,-23,5,-2448
3936,596,10960,1168,-542,-166,-2448
-1180,-2790,15020,-60,675,-327,-2448
-1704,-1918,11438,-97,-394,142,-2448
3872,2626,3732,-760,626,-130,-2448
820,-1180,11856,770,-195,-218,-2432
-1662,-2220,12126,-360,366,-179,-2432
546,-162,5590,-84,-33,-69,-2448
1728,-624,6268,-338,518,-214,-2448
-1732,3138,9332,646,-742,-72,-2464
814,-5598,13504,-273,655,-397,-2464
-76,3558,3216,-786,420,-178,-2464
-258,-2190,12618,1210,-667,13,-2448
-2624,1894,13810,-21,-285,-62,-2448
6506,600,-3460,-2348,1619,-526,-2432
-3668,756,9318,2000,-1095,24,-2432
68,-2010,19158,972,-1060,-65,-2464
7340,4138,-3762,-1840,1818,-430,-2416
-3228,-250,7800,311,-361,49,-2448
2436,-514,9696,873,-607,40,-2432
990,1112,4870,-688,473,-158,-2480
2602,2014,1266,-914,796,-321,-2448
-1248,-1376,9144,685,-482,-33,-2448
2004,-738,7880,-249,354,-211,-2448
-1894,-52,9316,305,-208,-67,-2432
3286,-358,3164,-1069,612,-329,-2464
-550,1640,6784,962,-184,-164,-2416
-674,-982,8892,-249,28,-160,-2448
948,1648,3386,-323,196,-6,-2464
5602,2696,326,-669,233,-354,-2464
-382,-10304,16814,1941,-409,-124,-2448
-1396,3892,1768,-1587,111,-32,-2448
7518,3228,-2978,-313,680,-282,-2448
-3552,-1018,11656,649,-8,-168,-2432
-1656,-1620,10624,366,-590,130,-2464
2606,2560,1944,-1185,775,-183,-2448
2692,1344,3208,321,4,-241,-2448
-1812,-1762,11358,591,-277,-35,-2432
2110,-638,7834,-143,164,-176,-2432
-66,-702,7314,-112,296,-111,-2464
2398,2616,3098,-752,225,-268,-2432
-538,-2262,12058,1305,-199,-203,-2464
580,2266,3976,-1260,463,-197,-2448
798,1594,5766,329,-121,-16,-2448
1516,2390,10552,461,-557,-252,-2416
-1852,-9036,19056,30,739,-302,-2464
-1180,5426,-708,-1063,-54,-11,-2464
5444,782,6122,964,-306,-200,-2416
-2410,-2122,14148,-163,678,-286,-2448
-2270,-860,7774,191,-527,152,-2448
3772,3132,2440,-859,623,-126,-2432
1366,398,8072,762,-271,-196,-2464
328,-1050,7198,-340,389,-196,-2448
768,406,5522,-154,44,-100,-2448
1270,-450,6086,-247,470,-202,-2496
304,3490,6584,477,-647,-90,-2464
1950,-4640,9282,-2,489,-348,-2432
766,3486,2134,-829,388,-206,-2416
578,-274,9264,1222,-641,1,-2480
-1296,614,8596,17,-272,-63,-2432
5554,-1426,-3080,-2522,1743,-507,-2464
-2282,4132,2818,1881,-1088,26,-2432
-1710,-1540,14352,758,-891,-59,-2448
5398,2980,-138,-1770,1724,-416,-2448
-2300,384,5910,406,-413,67,-2464
3242,790,6864,261,-102,-31,-2432
-50,-1080,13270,352,-157,-168,-2448
2494,1320,2020,-995,865,-301,-2448
-436,-648,6658,306,-237,-54,-2432
1862,-400,7138,-147,354,-190,-2432
-2834,334,11142,543,-501,-19,-2448
3524,-1622,4170,-1080,806,-416,-2448
-390,2674,4802,303,-78,-144,-2448
-288,-3116,13158,437,-306,-89,-2432
638,2136,3704,-517,245,-33,-2432
5622,1544,-1086,-1312,709,-396,-2448
-3326,-1540,12536,2454,-862,-36,-2448
-1870,2254,5638,-608,-369,-130,-2448
7120,3522,-3002,-1288,1319,-361,-2448
-3072,-326,8930,452,-213,-60,-2448
1856,-1162,10450,865,-692,57,-2480
1638,1428,3500,-897,540,-202,-2448
2664,1810,2086,-449,549,-250,-2464
-1350,-1394,9980,605,-256,-51,-2464
1712,44,7246,-182,171,-177,-2416
-1026,-578,8596,74,109,-90,-2448
3614,1116,2328,-892,334,-279,-2432
-746,184,9042,1339,-244,-173,-2464
148,500,6390,-939,322,-188,-2432
1410,1920,3342,155,43,5,-2448
2674,3732,6580,558,-690,-195,-2448
2250,-8476,8782,-146,874,-338,-2464
-834,6172,-2774,-1368,146,-27,-2464
6284,2328,3046,1486,-746,-154,-2448
1630,-1624,10402,-311,772,-315,-2448
-1664,238,6384,-180,-382,101,-2448
3484,2694,2406,-420,394,-93,-2432
-552,-1104,13586,728,-263,-171,-2448
-190,-970,8146,-515,490,-161,-2416
1170,406,5872,-105,-13,-77,-2448
836,-684,6574,-197,436,-170,-2432
-2826,1908,11242,385,-558,-99,-2432
1690,-4324,10278,-62,492,-332,-2432
256,2532,4030,-544,296,-169,-2448
-624,-3492,12630,1014,-493,-16,-2448
-2138,2026,9708,-21,-286,-59,-2432
4274,-4988,2034,-2133,1549,-512,-2432
-3432,-2780,15160,1747,-895,20,-2448
-1824,-2176,18242,1069,-1119,-41,-2480
3908,410,5362,-1682,1694,-452,-2416
-1754,858,3724,150,-193,-3,-2432
866,-2272,13440,1035,-658,30,-2432
-906,-660,11754,-602,427,-183,-2416
1378,702,3200,-970,820,-295,-2448
-1550,-2068,11096,513,-333,-41,-2448
1998,-512,7672,-175,300,-186,-2432
-3078,216,11738,417,-236,-77,-2432
3168,-1984,5364,-1135,628,-360,-2464
-432,-1542,10864,947,-190,-169,-2432
-932,-3012,11322,-399,107,-150,-2416
122,2116,4298,-303,209,-7,-2416
1908,3258,8950,-400,15,-318,-2464
-1904,-9032,19302,1860,-356,-113,-2464
-1958,1162,7814,-1516,40,-80,-2464
5796,1686,4792,-97,507,-278,-2416
-2904,-2992,15828,648,-5,-137,-2448
-512,-1698,12352,252,-574,108,-2464
1076,786,5310,-1226,797,-172,-2432
1354,146,8290,361,51,-213,-2448
-1868,-2380,13148,304,-88,-57,-2448
2132,-234,7366,-269,179,-153,-2448
1074,-712,6632,-190,433,-157,-2464
-84,2968,6910,-41,-316,-143,-2432
538,-4260,12824,753,233,-259,-2464
306,3042,3264,-1151,505,-175,-2416
130,-1112,10090,974,-454,18,-2448
-1018,3986,12526,309,-684,-147,-2464
5074,-3710,-366,-1502,1474,-522,-2448
-1966,4688,862,-80,-329,38,-2448
3192,174,13620,1814,-1156,-100,-2448
-1296,-3782,16438,-839,1278,-346,-2448
-2272,1134,4100,-397,-224,100,-2432
3688,1812,5102,161,-28,-15,-2432
310,-1656,13224,450,-159,-205,-2480
1574,1106,2588,-957,752,-242,-2448
268,-208,6120,289,-240,-56,-2464
1580,-586,6922,-265,465,-202,-2464
-3272,208,11480,614,-528,-32,-2416
3364,-1510,4956,-885,711,-395,-2448
-448,2364,5172,200,62,-149,-2448
-484,-3072,13032,469,-346,-125,-2464
284,2420,4232,-391,74,-46,-2464
6228,178,-1762,-1680,1019,-461,-2448
-3640,170,10024,2473,-1050,-16,-2448
-2166,1144,8424,-170,-565,-46,-2416
7286,3808,-2920,-1564,1580,-417,-2416
-3502,-148,8158,466,-270,-8,-2416
2690,-228,9182,837,-661,87,-2480
1446,802,5274,-803,537,-225,-2432
1962,1602,1872,-718,696,-274,-2464
-764,-998,8256,566,-364,-4,-2448
2362,-156,7126,-211,367,-206,-2448
-2104,-724,9888,169,38,-101,-2464
3694,864,2652,-886,303,-308,-2464
830,-4672,12972,1175,-71,-206,-2448
-314,-50,6872,-1027,365,-167,-2448
962,1748,3718,251,-70,4,-2448
5446,3454,1888,-29,-361,-283,-2432
-4396,-6110,19706,2672,-858,-88,-2432
-688,5050,-1806,-1833,184,-57,-2448
7828,4502,-2802,-583,860,-308,-2448
-4462,-3060,16180,1020,-250,-117,-2432
490,-2540,13782,32,-439,103,-2432
3314,3408,526,-1218,789,-195,-2448
1972,378,5264,367,116,-239,-2448
-2070,-2242,12138,354,-156,-37,-2448
1936,844,6236,-222,192,-180,-2432
-324,-1072,7996,-118,382,-104,-2464
1872,1882,4400,-216,-247,-171,-2448
1636,-4582,11122,743,174,-273,-2448
160,1800,5032,-1073,445,-204,-2464
534,254,6990,850,-389,27,-2464
-2200,2974,11074,194,-567,-171,-2448
2584,-7896,7180,-717,1176,-438,-2448
-1058,5370,-2134,-793,-68,8,-2448
5968,2444,4142,1694,-1037,-72,-2432
2356,-1542,9830,-649,1117,-372,-2464
-1858,326,5172,-463,-232,76,-2464
3896,3928,2284,205,-48,-60,-2448
-682,-1342,13782,624,-191,-196,-2448
224,-132,5564,-916,744,-276,-2464
1226,404,5344,193,-146,-28,-2432
2026,-390,7580,-303,467,-208,-2448
-3404,664,11924,642,-650,-22,-2432
2802,-2902,6896,-937,759,-411,-2448
62,3114,3510,120,8,-164,-2448
-202,-1922,11816,1226,-642,-22,-2432
-636,1972,5708,-213,-182,-61,-2416
5880,-778,-2610,-2209,1579,-501,-2448
-3094,2310,5800,1661,-971,22,-2448
1538,-1170,17132,1110,-1057,-16,-2448
6606,3316,-1308,-1765,1744,-446,-2464
-3052,48,6548,220,-370,76,-2464
3130,664,7792,816,-567,16,-2448
286,336,7222,-307,285,-168,-2448
2028,1664,1488,-943,785,-307,-2464
-492,-1050,7292,609,-400,9,-2464
2392,-422,7194,-249,359,-240,-2480
-2536,46,10558,411,-238,-62,-2448
3480,-984,3808,-1102,634,-371,-2448
-218,2408,5670,955,-154,-153,-2464
-984,-1990,10156,-179,10,-131,-2432
844,1298,3404,-323,257,26,-2448
6132,3044,-1916,-790,257,-366,-2416
-1306,-11082,19320,2433,-671,-57,-2448
-1644,3314,3258,-1771,153,-77,-2464
8244,3674,-4714,-453,801,-330,-2464
-2204,-3440,16540,794,-136,-193,-2448
-1312,-1652,11596,334,-608,149,-2480
2042,1978,2518,-1298,812,-200,-2448
2696,1602,1860,314,53,-239,-2432
-1720,-2612,12920,457,-144,-74,-2432
1858,108,7376,-282,158,-132,-2448
-772,-520,7644,-375,506,-141,-2416
3124,1666,2264,-587,106,-251,-2464
-542,-730,9968,1195,-91,-188,-2432
102,1146,5644,-1060,375,-203,-2432
1032,1980,4326,422,-153,9,-2448
2790,2892,7288,322,-535,-218,-2480
2242,-7938,8354,-85,817,-361,-2464
-1212,5518,-918,-1042,-51,22,-2432
6416,1266,3082,862,-249,-197,-2432
1246,-958,10342,-240,707,-279,-2480
-2364,-1114,9114,200,-586,124,-2480
3412,2802,2454,-885,658,-115,-2448
2080,834,5654,616,-147,-194,-2464
-544,-1760,9398,-101,268,-159,-2464
1064,284,6756,-174,37,-89,-2464
972,-554,6178,-334,536,-206,-2448
-3348,1640,12126,576,-693,-100,-2448
1480,-5280,10872,-221,624,-391,-2464
944,3430,2002,-903,425,-168,-2464
-1028,-4044,14632,1302,-673,1,-2448
-1972,954,10278,-63,-298,-95,-2448
4968,-3368,-898,-2372,1759,-564,-2448
-1828,4930,706,1978,-1102,38,-2464
-1412,-1768,16678,891,-921,-57,-2464
4542,1804,3276,-1594,1642,-422,-2448
-2378,192,5902,225,-329,62,-2448
1248,-1214,11464,654,-467,33,-2464
-1082,-710,11868,-123,147,-174,-2432
1618,368,3876,-1085,856,-312,-2464
338,-288,5578,148,-190,-62,-2448
1786,-270,6240,-168,428,-218,-2448
-3210,454,11850,587,-562,-69,-2432
2686,-2570,6246,-888,757,-373,-2464
106,2950,3752,295,39,-142,-2480
-1046,-3160,12162,597,-351,-51,-2448
-424,1832,5646,-449,135,-45,-2432
5774,-450,-1620,-1619,1000,-440,-2464
-2384,-7834,18972,2398,-921,-39,-2416
-2104,478,10500,-412,-492,-107,-2480
5872,2610,-222,-1234,1366,-393,-2448
-2566,254,6366,353,-112,-56,-2464
-284,-2156,13244,840,-672,49,-2432
124,150,7326,-855,516,-149,-2464
2702,1520,1670,-466,541,-279,-2416
-1578,-2212,12500,564,-266,-57,-2448
1656,-432,8084,-96,137,-193,-2432
-2158,-552,10370,12,169,-114,-2496
3968,660,1860,-887,306,-262,-2464
-166,-5000,14210,1408,-233,-215,-2464
-132,-812,7526,-1252,476,-185,-2480
1482,2828,1438,205,-5,22,-2448
-1460,1528,14710,570,-641,-246,-2432
508,-9288,13862,161,651,-293,-2464
-1166,4834,450,-1220,44,-2,-2432
3034,-372,13218,901,-284,-159,-2448
-690,-2380,13570,5,534,-286,-2480
-1652,-1320,10862,71,-491,169,-2432
2686,2020,2600,-1308,838,-190,-2432
2308,1458,3160,423,-49,-206,-2416
-910,-2490,11170,270,-14,-70,-2448
1436,516,6382,-252,122,-145,-2464
-154,-692,7458,-157,422,-172,-2432
-2162,3024,10008,10,-377,-153,-2448
1044,-5498,12630,679,225,-304,-2448
586,1812,4438,-1290,541,-200,-2480
1080,1250,5148,1031,-466,6,-2464
-2686,2136,13294,563,-743,-127,-2432
2572,-8102,6864,-1709,1579,-493,-2448
-424,6206,-3962,13,-364,29,-2448
-200,-2558,19950,1865,-1115,-84,-2416
1904,-1408,9664,-1258,1461,-382,-2432
-1434,638,4934,-327,-252,84,-2464
2314,-1256,10726,486,-200,-48,-2480
-1176,-1358,14094,449,-169,-167,-2448
654,-210,5892,-1057,861,-308,-2496
922,442,5652,309,-229,-33,-2464
1724,-366,7864,-190,382,-168,-2432
-3288,1318,11998,655,-543,-59,-2448
2432,-3960,8302,-1105,848,-421,-2416
-842,572,8390,526,-104,-170,-2432
-832,-4008,13130,454,-261,-78,-2464
-1094,2142,6920,-485,240,-25,-2448
4040,2920,3840,-1410,758,-382,-2448
-3064,-5916,18166,2514,-932,-35,-2448
-2064,-1336,14434,-792,-281,-64,-2464
5450,2504,932,-1639,1621,-406,-2464
-2256,392,5802,228,-272,33,-2400
386,-2262,12764,884,-629,26,-2480
-120,-122,8512,-542,352,-141,-2448
2036,1552,1784,-757,738,-275,-2400
-360,-768,7204,637,-374,15,-2432
2256,-464,7170,-312,332,-199,-2464
-2584,240,10244,277,-150,-79,-2448
3648,-1406,3758,-1136,559,-335,-2448
-284,-2726,12370,1185,-235,-159,-2432
-848,-2468,10496,-506,102,-135,-2432
876,1828,2996,-233,229,-11,-2448
-386,3394,12076,13,-283,-284,-2480
-1034,-10894,18586,1638,-78,-207,-2448
-1470,3294,2492,-1919,318,-19,-2464
4160,728,10956,730,-107,-247,-2480
-1960,-4098,16848,508,197,-224,-2448
-974,-960,10300,-99,-421,125,-2480
2244,2014,2192,-852,633,-160,-2464
504,-1030,11568,646,-163,-218,-2464
-1480,-2036,12038,-169,248,-114,-2448
1934,338,6710,-207,77,-121,-2448
1432,-900,6878,-183,433,-155,-2416
-962,2636,8254,130,-455,-129,-2432
998,-4386,11722,358,323,-346,-2464
-134,2568,4472,-776,371,-180,-2448
200,-1932,11002,969,-469,-7,-2448
-2248,3138,12204,203,-529,-87,-2480
1758,-9034,10470,-419,1007,-365,-2464
-1028,5128,-1212,-670,-71,-9,-2448
744,-836,17600,1553,-936,-126,-2448
1124,-2892,12702,-357,948,-346,-2448
-2002,-262,7074,-446,-210,105,-2464
3770,3864,898,-66,133,-95,-2464
-36,-1872,14028,610,-154,-163,-2448
-704,-1276,8342,-827,652,-239,-2448
1738,954,5636,100,-162,-74,-2480
1832,-510,7770,-246,472,-185,-2448
-2860,1620,10944,546,-582,-58,-2464
1958,-3762,9142,-584,650,-354,-2432
-656,1102,7428,66,54,-155,-2480
-710,-3734,12902,767,-424,-47,-2448
-1754,2050,8334,-367,-6,-61,-2448
4894,-3548,300,-1922,1266,-498,-2464
-3814,-4450,16670,2252,-1060,-21,-2464
-1682,-1436,16276,29,-705,-57,-2480
4852,1190,3292,-1644,1652,-441,-2448
-3928,-1430,12294,438,-310,33,-2448
1106,-1296,12344,866,-685,105,-2432
-518,-1056,11870,-643,480,-200,-2432
2248,1524,2608,-811,726,-254,-2480
-1614,-1986,11126,709,-419,-11,-2448
2106,-756,8340,-262,305,-214,-2464
-3264,714,11140,130,-1,-70,-2432
2358,1360,4048,-838,374,-317,-2464
-116,-1112,9972,987,-70,-225,-2448
-1150,-3046,11160,-143,-37,-84,-2432
-242,1816,5578,-233,133,-37,-2432
3310,4124,6128,-1225,588,-403,-2448
-2922,-8572,20480,2675,-932,-48,-2448
-2200,-120,10746,-1220,-112,-87,-2448
7108,3640,-3378,-917,1093,-330,-2432
-3728,-2988,16640,1003,-325,-75,-2464
-522,-2298,13692,422,-631,114,-2448
708,836,6092,-1311,796,-214,-2480
2070,24,6960,55,285,-267,-2432
-2292,-2458,13316,594,-332,-25,-2464
2438,-116,7584,-224,184,-166,-2464
870,-680,6510,-190,399,-128,-2448
266,2424,6198,-305,-123,-182,-2480
556,-3424,11840,843,108,-261,-2448
-658,-1138,8512,-1040,442,-216,-2464
188,-758,9240,659,-315,62,-2432
-348,4106,11578,301,-643,-198,-2416
-290,-10548,16868,-339,1002,-384,-2480
-1748,4702,246,-1066,29,20,-2448
3444,418,12106,1464,-727,-171,-2448
-980,-3218,15402,-320,873,-359,-2448
-1596,-1414,9968,-281,-332,174,-2432
3362,2286,5118,-364,289,-89,-2464
934,-1396,12310,675,-98,-245,-2432
-1782,-2034,11860,-501,442,-172,-2480
600,-306,6078,44,-141,-79,-2448
1632,-710,6608,-312,569,-208,-2448
-1650,3066,8918,512,-675,-41,-2432
2942,-2774,6332,-339,639,-347,-2448
178,3496,3120,-673,367,-190,-2448
-162,-2098,12266,1216,-657,-16,-2448
-2508,2258,14000,9,-271,-22,-2432
6726,694,-4248,-2546,1763,-560,-2464
-3744,1422,8774,2066,-1136,66,-2432
32,-2580,20174,696,-907,-59,-2448
7460,4762,-4704,-2078,1936,-426,-2448
-3374,-442,8458,650,-511,79,-2432
2424,-932,10002,719,-550,15,-2432
854,1158,4922,-587,363,-169,-2480
2290,1580,1762,-839,770,-290,-2416
-950,-1104,8096,510,-359,-13,-2448
2220,-206,7212,-170,354,-203,-2464
-2234,-384,10098,334,-212,-59,-2432
3148,-106,3508,-999,536,-332,-2448
-228,1762,6682,867,-125,-175,-2448
-562,-1182,8826,-435,87,-157,-2464
746,1708,4060,-120,100,-7,-2432
5750,2468,386,-857,325,-365,-2432
-390,-10294,16860,2017,-382,-115,-2448
-1574,3518,2574,-1574,63,-52,-2448
7810,3784,-3392,-119,489,-269,-2432
-3666,-1064,12108,701,-72,-200,-2432
-1494,-1506,10224,245,-540,107,-2432
2828,2696,1684,-1119,724,-144,-2448
2298,1028,3880,377,34,-216,-2448
-1384,-1964,11232,141,93,-91,-2432
1658,412,7160,-97,118,-104,-2464
-460,-1306,8200,-301,483,-136,-2432
-1950,2986,9406,23,-435,-106,-2480
1008,-5360,12660,672,195,-315,-2448
526,1788,4526,-1201,491,-187,-2448
966,1276,5750,1015,-461,18,-2448
-2510,1652,12534,430,-607,-104,-2464
3364,-6136,4620,-1559,1507,-469,-2464
-1458,5540,-1002,495,-569,26,-2448
-98,-1800,17596,1397,-1004,-111,-2448
2722,-348,7898,-1240,1478,-421,-2432
-2300,-390,6858,9,-408,107,-2464
2364,-422,9236,202,-120,-30,-2448
-608,-1104,13482,532,-182,-151,-2448
224,-928,6790,-955,785,-257,-2448
1066,476,5286,188,-187,-71,-2464
2182,-604,8040,-146,398,-194,-2432
-3506,1268,12030,563,-545,-49,-2416
2218,-4110,8528,-983,735,-385,-2448
-326,936,7702,181,32,-176,-2416
-1274,-4048,13626,580,-342,-95,-2464
-1348,1542,8064,-434,143,-20,-2464
4868,3534,2100,-1735,972,-441,-2448
-3764,-6040,19130,2760,-1150,-2,-2416
-1958,-1444,15408,-780,-386,-64,-2464
5150,2040,1648,-1482,1492,-406,-2464
-4036,-1348,13590,706,-355,-29,-2432
644,-2264,13450,777,-727,89,-2448
-788,-234,9802,-1117,696,-189,-2448
2172,1156,4354,-326,443,-249,-2464
-1810,-1744,12100,591,-293,-23,-2464
2006,-782,8510,-102,180,-181,-2464
324,-700,6426,-125,263,-120,-2416
2080,2864,3818,-710,170,-288,-2480
-250,-3048,12460,1189,-14,-217,-2464
428,2572,3592,-1232,468,-205,-2448
696,1152,7080,558,-176,45,-2448
708,2410,11240,337,-510,-244,-2448
-1116,-9398,17702,107,690,-304,-2416
-1474,4734,94,-903,-135,-8,-2432
5138,562,7244,785,-218,-220,-2432
-2012,-1688,13560,-22,533,-290,-2464
-2402,-924,8036,226,-555,173,-2480
3952,3026,2206,-996,709,-161,-2448
1156,278,8476,693,-227,-179,-2448
-1606,-2496,12994,-229,314,-169,-2464
1754,-444,7970,-263,152,-128,-2464
1426,-324,5894,-289,461,-162,-2448
-538,3460,8038,-4,-382,-174,-2448
188,-5514,14574,695,267,-300,-2464
460,3840,2082,-1263,570,-176,-2448
168,-1134,11048,1168,-546,54,-2480
-2028,2216,14170,386,-646,-155,-2448
914,-9748,12588,-1481,1465,-469,-2448
-2872,3264,4456,299,-502,18,-2496
2166,-794,16172,1613,-1045,-99,-2464
-194,-2766,13934,-1047,1402,-380,-2448
-2442,430,5280,-246,-286,99,-2448
3712,1044,5384,164,-39,-52,-2464
-464,-1170,13404,585,-213,-147,-2432
2188,1378,2354,-985,770,-245,-2448
-144,-524,6326,146,-144,-81,-2448
1792,-352,6830,-172,364,-177,-2480
-2792,2062,11270,645,-554,-42,-2464
3528,-572,3488,-1075,824,-386,-2464
-656,2132,5812,508,-87,-160,-2448
-516,-3744,13486,416,-278,-86,-2448
606,2688,3410,-491,169,-19,-2432
5904,244,-468,-1571,950,-439,-2464
-3478,-582,11346,2329,-996,-10,-2464
-2090,1688,7388,-251,-562,-102,-2416
7286,3272,-3258,-1506,1539,-368,-2448
-3032,516,7806,574,-214,-54,-2432
2120,-822,10446,964,-765,66,-2464
1552,1478,3966,-1084,639,-193,-2432
2752,1854,1216,-432,495,-257,-2448
-1158,-1426,9086,599,-289,-46,-2448
1912,-554,7446,-182,229,-225,-2464
-1280,-998,8998,357,-108,-76,-2480
3630,2062,1902,-1267,628,-333,-2448
-868,-656,10412,1394,-283,-158,-2432
322,1042,5150,-1043,344,-146,-2416
1226,2432,3634,-26,66,7,-2448
3436,2220,6778,6,-197,-311,-2448
-3260,-7530,19678,1066,115,-192,-2432
-936,5364,-1476,-1515,110,-10,-2400
6990,2390,738,167,355,-286,-2464
-3700,-2338,14602,407,220,-210,-2448
-1938,-868,8344,210,-588,106,-2448
3624,3424,1210,-1175,784,-154,-2432
1730,772,5926,684,-189,-242,-2432
-480,-1682,9128,-66,211,-128,-2480
1494,1170,5528,-283,143,-115,-2416
416,-866,7164,-121,417,-135,-2432
996,2712,5858,200,-496,-121,-2432
1924,-4602,9944,244,419,-343,-2432
438,2636,3372,-941,432,-188,-2448
556,164,8264,1194,-639,37,-2448
-1898,1952,10178,173,-433,-126,-2464
3936,-5186,2094,-1866,1571,-522,-2432
-1152,5434,-1426,981,-751,12,-2480
-1246,-2260,18702,1571,-1157,-56,-2416
3512,166,5744,-1393,1602,-394,-2448
-1778,888,4120,-147,-298,89,-2432
1524,-2136,12196,773,-453,-6,-2448
-1156,-868,12134,12,93,-157,-2448
1430,754,3398,-1073,864,-293,-2448
544,-122,5680,443,-289,-49,-2448
1986,-372,7698,-282,405,-219,-2464
-3106,464,11532,552,-447,-19,-2464
3198,-2288,5756,-1161,734,-393,-2448
-410,-1362,10584,737,-136,-188,-2480
-924,-3494,11502,-134,-48,-138,-2496
-34,2478,4448,-426,254,-28,-2464
2328,3214,8022,-843,330,-354,-2448
-2398,-8582,19494,2355,-682,-65,-2448
-2160,264,9732,-1251,-120,-86,-2480
7246,3798,-3190,-1012,1090,-371,-2448
-3100,-3174,16092,867,-306,-108,-2416
-546,-2340,13230,536,-668,135,-2432
1166,1128,4234,-1418,823,-206,-2432
1410,-548,9004,281,181,-227,-2448
-2160,-2862,13470,475,-190,-49,-2448
2500,284,6054,-422,268,-161,-2432
-2056,110,9530,84,223,-105,-2432
418,2662,6646,-573,23,-216,-2432
482,-3604,12084,928,37,-269,-2416
-644,-994,8716,-1033,361,-200,-2416
356,-334,8758,611,-231,43,-2464
-1568,3218,13406,696,-775,-132,-2464
298,-10656,15162,-1224,1399,-455,-2416
-2304,4460,2266,-588,-197,18,-2448
1902,-908,16642,1895,-1127,-116,-2448
-216,-3604,14560,-1158,1342,-381,-2432
-2380,690,5234,-165,-337,113,-2448
3116,670,7560,224,-33,-51,-2448
288,-1230,13218,517,-133,-168,-2448
-1316,-1538,10518,-810,705,-252,-2432
-230,-922,6602,138,-181,-66,-2432
1910,-200,6762,-319,519,-213,-2432
-1804,2428,9506,545,-587,-54,-2448
2750,-2120,5998,-410,565,-370,-2480
-48,2562,4726,-186,191,-188,-2432
-86,-2618,11210,691,-366,-39,-2432
16,1360,5636,-113,-98,-1,-2448
6242,892,-1948,-2151,1320,-510,-2448
-3496,248,10310,2264,-1022,14,-2480
-782,-2286,19270,124,-771,-35,-2464
7904,3892,-4876,-1841,1733,-441,-2464
-3348,266,8588,731,-346,-26,-2448
1726,-1420,11530,959,-748,82,-2448
1746,2110,2960,-1147,686,-190,-2432
2486,1582,1698,-556,683,-286,-2464
-1304,-1806,9202,625,-351,30,-2464
2378,72,6902,-240,276,-206,-2448
-1808,-518,9462,160,21,-108,-2416
3324,442,2976,-948,412,-288,-2480
-464,808,7962,1100,-182,-162,-2448
-224,-38,7442,-698,215,-176,-2464
980,1630,3738,-106,138,8,-2464
4252,3522,3786,104,-387,-282,-2480
1200,-9562,12516,1097,185,-226,-2448
-1164,4990,-1214,-1600,154,-13,-2464
7420,2992,-658,691,-81,-222,-2464
290,-2614,12928,133,488,-283,-2448
-1962,-492,8442,10,-463,137,-2448
3080,2882,2084,-952,628,-148,-2448
2176,840,4770,586,-126,-234,-2464
-1158,-2098,10422,27,140,-95,-2432
1682,760,6230,-162,37,-107,-2448
106,-662,7378,-246,494,-183,-2416
-2284,2190,9932,162,-449,-103,-2432
1302,-4692,11304,338,316,-289,-2432
450,1984,4852,-940,478,-196,-2432
-478,-2954,12352,962,-511,13,-2448
-2364,2150,11852,396,-625,-62,-2416
3290,-7116,5414,-2118,1682,-533,-2464
-3974,-664,12022,1285,-843,12,-2416
-418,-2508,18912,1404,-1143,-46,-2448
2606,-562,7808,-1521,1650,-405,-2448
-1964,570,5454,-74,-318,90,-2448
2072,-1346,10544,586,-330,3,-2432
-658,-614,12806,109,-29,-150,-2432
252,-730,6908,-947,845,-325,-2448
-1436,-1042,8588,197,-250,-46,-2448
2326,0,7318,-109,353,-192,-2432
-3806,630,12946,654,-484,-37,-2432
3332,1262,2144,-1260,769,-395,-2416
-464,410,8450,775,-199,-146,-2416
-1138,-4012,13276,127,-152,-107,-2416
-1014,2090,6956,-419,210,-10,-2432
4692,2908,3538,-1215,636,-380,-2432
-3518,-6388,18562,2378,-707,-77,-2448
-1690,-970,13638,-1155,-145,-68,-2416
6952,2798,-266,-800,1052,-326,-2448
-3556,-1862,13648,578,-157,-93,-2448
592,-1688,12164,699,-612,70,-2432
34,-194,9374,-494,340,-165,-2432
1258,848,3740,-734,723,-291,-2480
-1910,-1526,10996,467,-324,-16,-2448
2486,-388,7304,-178,293,-187,-2448
-3332,-286,11940,347,-147,-111,-2432
2356,2520,3168,-1160,525,-297,-2448
-254,-1868,11552,1224,-268,-154,-2448
-1136,-3006,11588,-549,130,-149,-2448
282,1644,4094,-179,126,-25,-2432
1286,4140,9914,-170,-166,-306,-2464
-1990,-10808,20638,1849,-244,-145,-2464
-1604,2244,5084,-1962,330,-40,-2448
5066,960,7788,419,188,-228,-2448
-2626,-3690,16796,375,235,-207,-2432
-492,-1352,10668,-126,-413,126,-2432
3568,2390,4016,-823,597,-162,-2480
1086,-384,9824,489,-46,-217,-2448
-1720,-1906,12458,-4,163,-107,-2432
2004,76,7590,-67,42,-146,-2432
1392,-610,6282,-350,549,-163,-2464
-410,2994,7138,170,-459,-116,-2448
748,-4430,12616,431,265,-280,-2448
346,2954,3664,-957,440,-195,-2464
102,-1490,10508,1087,-509,2,-2432
-1260,3236,12106,165,-506,-130,-2464
5024,-2538,-130,-1502,1413,-524,-2448
-2428,3140,3354,293,-447,54,-2448
2690,256,13552,1112,-587,-143,-2432
-150,-2648,14076,-98,733,-328,-2432
-2058,-1580,10478,-246,-329,106,-2448
3664,1698,5094,-463,353,-102,-2448
18,-1460,13296,792,-281,-132,-2464
-998,-1942,10608,-630,548,-221,-2432
20,-456,6070,-6,-16,-69,-2416
1696,-264,6762,-272,444,-174,-2448
-2760,2174,11402,757,-779,-64,-2480
1456,-5360,11430,-742,811,-376,-2416
-662,2652,5456,-106,103,-185,-2432
-704,-3694,14496,1148,-594,-11,-2432
-2298,1342,11052,-597,142,-80,-2448
5646,2382,-718,-1966,1274,-460,-2448
-4038,-3334,15542,2330,-1133,25,-2448
-870,-1756,17244,-70,-637,-50,-2464
7954,3340,-3304,-1418,1527,-443,-2448
-3888,-1048,10986,464,-301,0,-2448
1990,-774,10342,762,-634,65,-2416
-1050,-1098,13146,-634,472,-185,-2464
2320,1920,1890,-809,679,-262,-2464
-1092,-1380,9648,580,-305,-32,-2432
1868,-734,8506,-144,206,-192,-2448
-858,-462,8014,135,8,-48,-2448
3092,1796,2860,-880,327,-318,-2464
-488,-706,10190,1172,-130,-170,-2464
24,944,5702,-896,303,-175,-2448
1124,1620,4578,122,49,34,-2416
3704,3022,5436,-981,475,-368,-2464
-3156,-7228,19382,2405,-804,-32,-2464
-2052,-256,12848,-1208,-151,-48,-2416
7960,2528,-1414,-1108,1245,-373,-2480
-3858,-1184,14052,838,-307,-58,-2416
-48,-2544,14708,734,-780,120,-2432
3916,3766,240,-1516,949,-208,-2448
1626,868,5636,200,118,-213,-2416
-1824,-2506,13348,597,-216,-46,-2448
1932,-778,8312,-361,226,-149,-2464
738,-494,6024,-258,413,-128,-2432
954,3132,5902,-149,-221,-190,-2432
72,-4430,13526,735,262,-286,-2448
300,3102,2848,-1280,480,-180,-2448
440,2,9232,1093,-474,46,-2432
-286,3296,12196,220,-615,-170,-2464
4272,-5000,1692,-990,1218,-456,-2448
-1600,4674,-192,-519,-171,-7,-2416
4334,756,9722,1411,-806,-137,-2416
-1542,-2768,15548,-371,915,-328,-2416
-2346,188,5238,-197,-365,101,-2448
3968,2876,2810,-341,303,-74,-2464
758,-742,11194,771,-227,-182,-2464
802,328,4932,-658,535,-246,-2480
778,-98,5582,-11,-61,-96,-2448
1630,-536,6250,-284,500,-198,-2432
-1492,3332,9130,735,-737,-52,-2464
3062,-2680,5866,-677,774,-433,-2432
-78,3468,3110,-1015,489,-146,-2416
-216,-2406,12612,1249,-659,25,-2464
-1980,2636,12836,14,-400,-47,-2432
6100,-1060,-2278,-2026,1613,-554,-2448
-3262,2222,6582,1025,-738,38,-2448
1098,-944,17514,1506,-1172,-53,-2448
702,-2646,12966,-1507,1690,-432,-2464
-2770,532,5622,-189,-248,112,-2464
3126,486,7484,734,-472,-9,-2448
-964,-1726,14832,119,49,-164,-2480
2384,2002,1066,-1146,833,-308,-2448
-550,-1018,7372,454,-286,-55,-2464
1652,-444,7574,-179,341,-220,-2432
-2354,-258,10182,475,-348,-59,-2448
3554,108,2974,-1125,707,-385,-2480
-726,1438,7218,867,-127,-167,-2496
-742,-3832,13246,-88,-92,-105,-2432
854,2292,3688,-318,136,-26,-2432
5658,1080,782,-1188,622,-417,-2448
-3570,-2230,13888,2413,-824,-73,-2448
-1722,2504,4516,-977,-190,-64,-2464
7684,3666,-4280,-1156,1209,-348,-2432
-3380,-198,9760,907,-226,-151,-2448
-1748,-2342,12178,655,-744,128,-2448
2628,2758,1530,-1490,883,-204,-2448
2504,1516,2624,251,140,-270,-2432
-1510,-2490,11920,340,-141,-61,-2448
2024,938,6278,-332,249,-177,-2448
-774,-1086,8282,17,222,-99,-2464
2800,2114,3002,-543,29,-222,-2432
1028,-5400,12584,1046,50,-254,-2448
424,1560,4582,-1297,474,-169,-2448
1136,1578,4620,490,-213,26,-2480
2782,3190,7764,523,-667,-205,-2432
2240,-7882,7790,-231,902,-356,-2432
-752,5968,-2428,-866,-62,41,-2448
6220,2060,3652,1503,-741,-152,-2416
1908,-1610,9798,-390,900,-351,-2416
-2058,-118,6184,-212,-401,161,-2432
3826,3596,1666,-443,379,-103,-2432
-552,-1560,14122,746,-250,-173,-2416
-16,-738,7138,-686,573,-254,-2416
1228,666,5684,152,-171,-77,-2432
738,-1066,7198,-260,492,-195,-2432
-3004,2016,11014,448,-585,-61,-2432
1886,-4446,10006,-361,582,-357,-2448
474,2734,3698,-513,326,-181,-2448
-1018,-3542,13186,948,-539,3,-2432
-1772,1546,9748,33,-279,-20,-2464
4552,-4100,362,-2358,1551,-495,-2448
-4088,-4096,17330,2257,-1151,52,-2480
-1736,-2594,17624,770,-940,-44,-2416
4694,1812,2410,-1967,1817,-401,-2432
-4158,-1626,13518,685,-439,-6,-2448
860,-2836,13262,874,-666,23,-2480
-546,48,9556,-795,471,-178,-2416
1744,1154,2420,-641,685,-292,-2464
-2090,-2094,12204,623,-394,-10,-2464
2236,-254,7560,-259,335,-207,-2432
-3274,324,11730,288,-90,-60,-2480
2444,2196,3326,-1148,571,-332,-2448
-248,-1642,11014,1189,-238,-158,-2432
-1116,-3336,11878,-610,162,-149,-2464
890,1466,5404,-57,118,-6,-2480
1372,3294,9674,58,-261,-255,-2480
-1756,-9656,19598,1437,-41,-195,-2480
-1722,1504,6296,-1767,294,-50,-2464
4964,1324,7012,619,-16,-246,-2464
-2328,-3368,16122,343,248,-230,-2464
-686,-1652,11286,35,-460,95,-2464
3442,3140,3674,-895,580,-144,-2480
1234,-610,10042,553,-28,-219,-2448
-1840,-2350,12638,-107,230,-99,-2432
898,200,5908,-76,20,-132,-2448
1170,-1114,7088,-210,449,-177,-2448
380,3104,6316,-111,-289,-133,-2448
304,-4058,13188,632,147,-320,-2432
730,3192,3054,-1181,541,-177,-2464
474,-334,8860,892,-435,-3,-2464
-2450,2618,14436,632,-718,-75,-2480
6194,-934,-3532,-2346,1824,-521,-2480
-2670,3772,4254,1298,-882,0,-2432
1084,-1820,18794,1604,-1209,-20,-2464
6620,3766,-2742,-1936,1828,-436,-2480
-2610,294,6344,250,-435,67,-2448
2826,-28,8422,599,-335,-15,-2480
-34,-1144,13342,-28,111,-150,-2464
2340,1480,1626,-1084,884,-296,-2464
-532,-920,7022,460,-310,-36,-2416
1788,-304,7582,-119,331,-201,-2480
-2644,300,10494,370,-328,-61,-2432
2954,-1692,4582,-923,656,-375,-2432
-128,2506,4948,376,11,-187,-2496
-826,-2224,10484,186,-137,-94,-2448
388,1594,4464,-420,228,-40,-2480
5668,2020,-580,-979,431,-357,-2464
-678,-9748,17652,2110,-500,-117,-2480
-2006,2926,4724,-1290,-111,-62,-2448
7600,3300,-2912,-648,906,-325,-2448
-3396,-698,10398,643,-165,-97,-2448
-1304,-1450,11550,487,-623,128,-2432
1802,1756,3478,-1108,709,-186,-2432
2646,1330,2406,-53,290,-239,-2416
-1806,-2348,12628,464,-171,-37,-2448
1844,-230,7506,-137,104,-160,-2448
-1014,-578,8576,-149,314,-95,-2480
3268,1386,2258,-596,97,-218,-2416
432,-5212,13658,1288,-173,-197,-2448
266,718,6102,-1216,465,-190,-2464
1230,1928,3686,403,-114,10,-2432
-2704,1598,14422,717,-836,-173,-2448
2350,-8194,8812,-650,1108,-406,-2448
-1066,6028,-2198,-598,-177,17,-2432
6636,1924,2716,1516,-799,-146,-2432
1600,-1560,10282,-497,1003,-367,-2432
-2036,-112,7322,-105,-387,119,-2448
3404,2732,2142,-420,367,-83,-2448
-154,-1064,13400,692,-246,-192,-2464
-442,-1654,9330,-502,521,-200,-2464
1318,570,5816,-60,-115,-95,-2480
2146,-488,7512,-165,459,-194,-2448
-3156,1928,11476,547,-640,-41,-2464
1564,-4844,10434,-473,673,-369,-2432
-386,2018,5708,-289,187,-188,-2448
-762,-3562,13214,948,-478,-20,-2416
-2152,2160,10494,-46,-268,-41,-2448
3978,-5560,3082,-2176,1470,-489,-2432
-3768,-2312,14108,1943,-976,7,-2400
-952,-1850,17826,525,-857,-59,-2448
3250,52,6958,-1551,1625,-370,-2448
-3370,-64,9578,69,-188,32,-2480
1758,-1506,11240,852,-567,66,-2432
-1188,-1030,12750,-395,282,-166,-2432
2864,1636,1862,-917,793,-293,-2448
-1594,-1396,9774,515,-304,-18,-2448
2160,-550,7882,-49,201,-180,-2496
-3630,342,12564,279,-85,-46,-2432
3162,2056,2468,-1172,590,-360,-2464
-784,-992,10854,1300,-258,-187,-2448
-1058,-3884,12252,-758,239,-153,-2416
946,1498,4806,21,68,16,-2432
2994,3370,6596,-366,-96,-327,-2464
-2754,-8274,19704,1472,5,-188,-2448
-924,5380,-2062,-1699,183,-58,-2448
6472,2368,1670,-221,610,-264,-2432
-3260,-2398,14882,547,90,-184,-2448
-64,-1822,12610,295,-608,125,-2448
3290,2800,2122,-1096,718,-187,-2432
1986,436,5910,174,220,-247,-2432
-1906,-1682,11734,341,-171,-52,-2464
2296,-370,7650,-114,180,-183,-2448
-2878,-726,11262,2,264,-118,-2464
1354,3334,4634,-785,232,-238,-2432
-10,-3466,13062,1297,-164,-183,-2464
-946,-2024,9634,-1260,434,-165,-2448
600,50,8042,420,-159,30,-2448
184,4344,11666,318,-597,-219,-2464
-1480,-11556,19824,534,587,-335,-2464
-1136,6150,-2652,-1595,240,-21,-2448
4270,750,10530,1427,-617,-146,-2448
-2312,-4120,17666,26,545,-275,-2448
-968,-1330,10460,-432,-280,121,-2464
3720,2226,4252,-516,450,-120,-2432
442,-1140,11798,753,-259,-179,-2448
-1582,-1888,12144,-379,384,-161,-2416
700,-236,5778,-1,-51,-69,-2432
1392,-518,6126,-382,554,-182,-2464
-1172,2778,8726,544,-655,-66,-2464
2832,-2538,6638,-328,606,-419,-2448
-104,2992,4032,-584,290,-171,-2448
140,-2252,11658,1020,-549,-40,-2432
-1762,3156,11758,-147,-239,-9,-2464
5376,-1810,-640,-1813,1444,-508,-2464
-2722,2264,5164,1329,-756,-1,-2448
1702,-276,15340,1104,-1060,-59,-2448
5714,2244,720,-1430,1577,-378,-2464
-2452,670,5572,-113,-164,43,-2432
3268,1064,6594,918,-650,30,-2448
-240,-1712,14214,568,-187,-163,-2480
-816,-1380,9664,-957,740,-267,-2432
-64,-684,6656,164,-111,-55,-2432
1640,-400,7266,-261,462,-197,-2432
-3344,1472,11898,749,-702,-33,-2448
2122,-4240,9358,-1143,869,-387,-2432
-806,1218,7484,318,-71,-196,-2464
-888,-4472,14022,535,-362,-69,-2448
-1588,2230,8128,-627,203,-71,-2448
5378,2202,1492,-1481,924,-417,-2464
-4262,-4300,17346,2556,-1082,-6,-2464
-1274,-1368,16658,-248,-586,-50,-2464
8536,3422,-4012,-1557,1616,-433,-2448
-4300,-1256,11930,637,-377,18,-2448
1330,-1214,12348,879,-808,57,-2464
2682,2224,1642,-1259,795,-205,-2448
2198,1902,2096,-470,543,-245,-2416
-1600,-1818,11288,750,-413,-41,-2416
1948,-972,8510,-262,267,-184,-2448
-596,-324,7324,-58,146,-102,-2496
2680,1642,3562,-668,174,-257,-2464
-158,-1210,10428,1071,-66,-197,-2448
38,1230,5438,-905,302,-173,-2448
922,1238,5600,404,-86,21,-2432
3194,3246,6042,-127,-280,-250,-2432
1938,-8732,9508,616,428,-250,-2416
-1256,4930,-970,-1384,70,5,-2448
7614,2524,228,331,115,-265,-2416
-3374,-1578,14472,508,307,-256,-2432
-2300,-940,8386,16,-524,137,-2464
4068,3864,476,-975,720,-141,-2448
1776,474,6518,837,-209,-199,-2416
-562,-1548,8814,-75,233,-109,-2448
1580,816,5392,-263,103,-90,-2432
874,-810,6170,-312,532,-184,-2464
-3306,1034,11808,564,-721,-66,-2448
2368,-3632,8582,-274,648,-412,-2416
150,2906,3612,-453,288,-199,-2432
164,-490,9960,1155,-599,5,-2432
-1540,2216,8294,-117,-252,-76,-2464
4666,-3680,512,-2038,1547,-544,-2448
-2038,3980,1664,1397,-849,35,-2448
-1416,-1518,15912,1135,-1029,-26,-2448
4322,1244,4066,-1313,1558,-421,-2416
-2400,58,5286,-151,-222,96,-2480
3932,2876,3224,672,-413,31,-2464
-744,-1134,11848,123,70,-157,-2464
1112,836,3582,-1041,831,-302,-2416
604,6,5834,436,-355,-44,-2448
2070,-600,7854,-212,385,-196,-2496
-3326,436,11550,545,-461,-51,-2432
3106,-2240,5626,-1101,725,-383,-2432
-274,-1128,10490,740,-107,-143,-2480
-1322,-3224,11960,142,-167,-66,-2448
-26,1550,4890,-488,249,2,-2432
2716,3668,7344,-913,385,-389,-2448
-2774,-9358,20738,2525,-801,-35,-2448
-2026,694,8966,-1428,-41,-79,-2448
7182,3944,-3772,-943,1122,-337,-2448
-3600,-3272,16808,950,-287,-127,-2432
-506,-2006,13000,477,-635,129,-2464
824,904,5294,-1306,838,-223,-2448
1722,90,7882,25,219,-279,-2448
-1972,-2358,13370,479,-194,-33,-2464
2126,-366,8004,-186,138,-156,-2464
1070,-440,5996,-288,433,-137,-2448
376,2742,6220,-254,-132,-186,-2448
360,-3946,12608,908,97,-258,-2448
-674,-932,8388,-1121,453,-177,-2432
290,-550,9362,728,-305,24,-2432
-470,2822,12038,263,-570,-211,-2448
66,-9530,15168,-510,1016,-389,-2448
-1886,3884,1676,-729,-133,-4,-2480
3318,510,11750,1319,-730,-140,-2432
-738,-2748,14068,-386,964,-319,-2464
-2282,24,5850,-222,-266,112,-2448
3890,2500,3926,-331,276,-74,-2448
710,-942,12038,675,-271,-188,-2432
-1400,-2440,11894,-699,624,-203,-2432
360,-474,5740,33,-82,-100,-2432
1676,-258,6700,-300,516,-204,-2432
-1984,3030,9732,645,-730,-81,-2432
3106,-2268,4964,-620,760,-377,-2416
30,3360,3352,-463,260,-195,-2448
-368,-2280,12992,1180,-626,-4,-2448
-2526,812,13996,-284,-40,-63,-2464
6494,2130,-4116,-2395,1598,-525,-2464
-4044,-556,11850,2661,-1273,32,-2448
-96,-2698,19122,120,-610,-18,-2480
7498,4086,-3958,-1563,1637,-431,-2464
-3684,-954,9758,587,-409,33,-2432
2506,-660,9350,639,-530,25,-2464
1014,794,5038,-567,343,-169,-2448
2568,1572,1776,-823,777,-323,-2448
-1182,-1174,8692,614,-338,-48,-2464
1944,-260,7660,-133,216,-180,-2448
-1688,-154,9388,159,-26,-66,-2480
3298,182,2894,-1088,538,-359,-2448
-402,1300,7380,1143,-224,-159,-2464
-422,-690,8120,-626,153,-162,-2464
1082,1668,3094,-253,203,-20,-2432
4986,3358,1428,-73,-239,-299,-2448
272,-10408,15188,1656,-166,-159,-2480
-1584,-1750,15026,-1421,14,-65,-2432
7484,3090,-2074,-852,1056,-310,-2464
-3692,-1752,13154,687,-226,-155,-2480
762,-2028,12522,523,-671,109,-2448
2732,2526,2012,-1136,709,-176,-2464
2542,1242,3964,-52,287,-284,-2432
-1972,-1978,11994,569,-201,-55,-2432
1314,464,6664,-221,118,-139,-2448
264,-582,6764,-204,358,-118,-2448
2336,2640,3584,-342,-110,-213,-2464
1010,-5618,12384,942,39,-236,-2448
586,2444,3950,-1291,542,-208,-2448
930,1194,6372,803,-320,22,-2416
66,3060,11686,603,-732,-140,-2448
3948,-4976,2718,-1210,1345,-463,-2464
-1386,5204,-836,-369,-210,-17,-2464
4372,526,9082,1499,-853,-70,-2432
3594,772,5716,-907,1220,-341,-2416
-2172,-168,6314,-34,-388,102,-2448
3432,2516,4118,-198,181,-72,-2416
1078,-284,9932,592,-194,-206,-2432
728,-58,5552,-674,642,-211,-2432
584,-94,5900,103,-161,-66,-2480
1582,-626,6416,-229,461,-177,-2480
-3280,1304,11830,545,-623,-85,-2448
2032,-3986,8636,-538,659,-391,-2432
500,3328,2874,-438,196,-174,-2464
-1104,-3738,13276,948,-484,-41,-2448
-2826,2186,14636,432,-572,-54,-2480
6268,-144,-3828,-2539,1763,-554,-2432
-2896,2720,5772,1487,-884,0,-2464
1002,-1858,18554,1030,-1074,-45,-2448
6480,3596,-2120,-1729,1706,-414,-2448
-2570,310,6462,307,-350,40,-2464
2832,-200,8296,681,-465,15,-2432
-6,574,6660,-316,255,-156,-2480
2618,1566,1474,-1033,880,-297,-2448
-716,-1044,7248,427,-319,-35,-2448
1752,-368,7378,-134,259,-190,-2464
-2254,90,10266,369,-302,-38,-2400
3370,-840,3710,-1047,614,-366,-2416
-506,1784,6132,827,-130,-142,-2448
-682,-1602,9494,-65,-48,-93,-2416
748,1936,4262,-276,255,-11,-2464
5222,1954,682,-838,306,-321,-2432
-130,-9610,16416,1914,-363,-151,-2480
-1954,2762,4036,-1274,-73,-60,-2448
7684,3196,-3296,-379,644,-308,-2464
-3218,-474,10054,675,-23,-187,-2464
-1670,-1942,11856,499,-653,125,-2432
2264,2072,2314,-1295,799,-147,-2480
2594,1732,2464,238,133,-250,-2448
-1604,-2452,12526,325,-53,-79,-2432
1854,320,6774,-297,151,-165,-2464
-490,-526,7888,-162,402,-144,-2464
-1980,2954,9902,-10,-363,-158,-2448
-570,-1430,11168,1276,-144,-169,-2416
504,1636,4448,-1114,413,-189,-2416
1046,1558,4856,386,-116,10,-2432
2020,3622,8640,397,-664,-229,-2432
2816,-7716,6786,3,823,-348,-2448
-942,6008,-2830,-1416,92,-25,-2416
6302,2014,3924,1371,-623,-165,-2464
-3528,-3148,16934,-67,696,-296,-2432
-1986,208,6112,-234,-383,167,-2448
3838,2850,1876,-679,511,-166,-2448
1472,322,7444,691,-224,-154,-2480
-44,-1098,8086,-356,370,-204,-2464
1154,358,5938,-148,-4,-113,-2464
940,-580,6202,-274,508,-188,-2448
-3372,1526,12112,557,-658,-52,-2480
1950,-4168,9560,-326,632,-389,-2464
284,2818,3278,-611,328,-165,-2432
-904,-3956,13086,1028,-541,7,-2480
-1856,2170,9346,9,-356,-66,-2480
4616,-4518,980,-2222,1661,-548,-2480
-1510,5058,-452,1727,-990,25,-2464
-1698,-2252,17692,1165,-1138,-69,-2464
4268,1026,3930,-1654,1735,-440,-2432
-1978,1090,4110,89,-233,39,-2448
976,-2192,13214,825,-544,31,-2448
-502,-642,11304,-377,295,-183,-2464
1080,614,3778,-947,807,-309,-2464
-1734,-1816,10762,483,-328,-12,-2448
1690,-400,6504,-294,489,-192,-2480
-3504,32,11892,695,-574,-31,-2464
3410,-1850,5088,-1039,803,-394,-2432
-510,2898,4600,510,-88,-135,-2448
-1132,-3094,11194,370,-264,-78,-2480
138,2134,4412,-360,24,-40,-2432
6484,114,-2928,-2091,1320,-502,-2464
-3564,938,9138,2463,-1105,13,-2432
20,-2098,19100,332,-775,-62,-2464
7460,4324,-3712,-1844,1736,-431,-2464
-3338,-358,8182,612,-376,1,-2448
2420,-416,9564,788,-643,51,-2448
1360,720,5150,-787,565,-221,-2432
1908,1462,1880,-710,676,-260,-2432
-682,-1024,7888,504,-344,-16,-2432
2362,-124,7294,-217,367,-183,-2480
-2450,-610,10642,392,-176,-69,-2448
3672,-82,2964,-1058,469,-310,-2464
436,-3826,12924,1191,-158,-204,-2448
-702,-1216,8692,-735,195,-154,-2448
902,1858,3372,-43,61,13,-2448
6252,2614,-614,-410,-31,-355,-2464
-910,-11390,18046,1975,-311,-141,-2464
-1284,3784,1270,-1965,316,-42,-2432
8356,4558,-5308,213,290,-257,-2448
-1788,-4242,17292,870,-78,-173,-2448
-1348,-1174,9920,-199,-399,135,-2464
2750,2822,1100,-1311,781,-194,-2432
2350,1238,3228,101,261,-278,-2480
-1830,-2016,11236,517,-297,-26,-2480
2124,642,6500,-208,208,-211,-2464
-796,-1056,8430,-94,331,-104,-2464
2084,1740,4032,-424,-53,-209,-2432
1530,-4564,11302,772,116,-252,-2448
58,1306,5440,-1044,382,-184,-2416
664,548,6480,826,-348,35,-2464
-1938,3508,11198,86,-498,-171,-2448
1958,-8502,9150,-242,938,-388,-2480
-1040,4982,-1214,-1033,15,38,-2448
6698,2888,1722,1445,-828,-114,-2432
1662,-2136,11548,-330,957,-334,-2496
-2014,-314,6752,-365,-291,109,-2496
3730,4098,1270,-125,174,-45,-2448
-494,-1702,14284,764,-220,-175,-2448
-398,-778,7432,-738,605,-211,-2464
1526,700,5594,58,-84,-81,-2464
926,-1028,6492,-294,495,-178,-2464
-3482,1300,12034,668,-773,-34,-2464
2306,-4088,9020,-471,699,-410,-2432
516,3220,2816,-299,230,-161,-2448
-1108,-4066,13916,1123,-603,-21,-2448
-1486,1356,8404,-271,-36,-50,-2432
5342,-2446,-1488,-2297,1571,-510,-2464
-4132,-5854,18968,2450,-1194,52,-2448
-1742,-1756,15358,362,-845,-19,-2448
5538,2236,862,-1907,1855,-451,-2448
-2518,570,4784,612,-421,68,-2464
868,-2066,13376,901,-671,63,-2464
-552,-356,10098,-767,535,-186,-2448
1696,1238,2026,-881,757,-309,-2448
-2044,-2242,12612,732,-441,-35,-2432
2314,-806,7846,-276,332,-194,-2464
-3024,246,10918,213,-120,-80,-2432
2074,1896,4362,-935,373,-315,-2448
70,-1810,10760,993,-138,-193,-2448
-1302,-2796,11282,-591,158,-158,-2464
238,1742,4508,-130,113,-14,-2464
2036,3770,8368,-485,17,-322,-2432
-2082,-9356,19404,1563,-117,-178,-2448
-2072,1884,8048,-1484,-19,-50,-2448
6340,1426,4440,42,455,-280,-2464
-2598,-2192,14392,508,80,-204,-2432
-980,-2166,13456,332,-677,147,-2448
3766,3378,1886,-1209,805,-168,-2448
1848,122,7608,467,-43,-232,-2464
-2070,-2396,13266,275,-7,-100,-2464
1186,552,5392,-269,123,-135,-2416
1352,-266,5746,-373,518,-177,-2416
-218,3036,7510,308,-559,-146,-2480
488,-5008,13804,271,414,-347,-2432
452,3602,2462,-1148,548,-188,-2464
38,-620,10676,1266,-650,54,-2448
-1584,2074,14344,293,-536,-101,-2448
5686,-1770,-2454,-1964,1689,-523,-2480
-2548,3794,3398,494,-601,46,-2448
2004,-1074,16158,1662,-1092,-72,-2448
-60,-2636,13208,-1414,1598,-377,-2432
-2606,-62,6026,-2,-372,107,-2400
3344,1102,5872,308,-182,-20,-2448
516,-1096,12624,359,-66,-187,-2480
1584,1060,3118,-909,749,-247,-2448
-54,-522,6468,242,-253,-44,-2464
1922,-406,6736,-197,441,-217,-2432
-3166,268,11608,656,-628,-22,-2480
2960,-2170,5028,-942,767,-404,-2448
174,3258,3538,278,2,-176,-2432
-562,-2518,12898,657,-411,-51,-2496
4,1492,4534,-445,95,-36,-2496
6606,1170,-3082,-1828,1093,-483,-2448
-3912,334,10658,2745,-1199,12,-2448
-2014,1410,7564,-700,-334,-77,-2432
7382,3892,-3944,-1434,1473,-401,-2432
-3236,-234,8110,763,-296,-74,-2448
-732,-1958,12530,685,-653,59,-2448
1070,1208,4712,-996,611,-157,-2416
2798,1748,1526,-399,490,-276,-2432
-1764,-2726,12936,589,-270,-36,-2448
1902,-16,7542,-154,180,-181,-2448
-1648,-540,9434,1,177,-129,-2448
3264,766,2452,-666,166,-253,-2432
210,-4536,13186,1168,-132,-168,-2464
-148,-302,7300,-1029,374,-203,-2432
962,2290,3426,413,-147,38,-2448
-1048,2212,12716,164,-419,-284,-2448
750,-8816,13164,230,642,-276,-2464
-1620,4586,1896,-1029,-77,-5,-2432
2930,-110,12596,801,-250,-183,-2448
-266,-1990,12760,-35,553,-280,-2448
-2074,-1726,11176,197,-554,167,-2480
2766,2186,2672,-899,626,-150,-2464
550,-780,11920,685,-201,-186,-2432
-1184,-2404,11466,-255,389,-186,-2448
1352,380,7252,-105,-14,-83,-2480
1772,-12,6416,-353,564,-196,-2448
-2250,2964,10454,474,-662,-95,-2448
830,-6198,13676,-27,550,-374,-2464
-72,3570,3132,-870,409,-171,-2416
-456,-2568,13668,1332,-717,38,-2448
-2638,376,13878,124,-343,-81,-2448
3346,-5816,3816,-2413,1665,-537,-2464
-4040,-1692,12936,1935,-1094,41,-2464
-42,-2362,17922,1398,-914,-115,-2448
2590,184,7198,-1115,1361,-394,-2480
-2082,-274,6754,35,-372,103,-2432
3816,2604,2726,-49,84,-49,-2432
-1212,-1048,13726,683,-318,-158,-2464
658,-948,7060,-897,748,-276,-2448
652,250,5496,35,-67,-64,-2480
1798,-488,8158,-44,311,-151,-2464
-3418,886,12602,655,-578,-20,-2464
2226,-3856,8148,-1192,875,-388,-2480
-756,524,8246,309,-31,-155,-2448
-1044,-3850,13380,673,-383,-63,-2480
-1346,1792,7804,-407,148,-40,-2464
4444,3130,2772,-1563,882,-397,-2448
-3368,-5632,18222,2580,-1003,-32,-2448
-1894,-1552,14932,-351,-470,-59,-2448
4916,1976,2034,-1378,1369,-383,-2432
-3484,-1408,12766,556,-213,-49,-2432
426,-2468,13226,835,-692,85,-2432
-580,-358,9088,-1167,655,-184,-2448
2150,1226,5084,-363,509,-277,-2448
-1978,-2288,12876,629,-248,-36,-2432
1970,-660,7640,-287,232,-194,-2464
286,-766,7028,-21,220,-93,-2448
1878,2616,4750,-685,184,-277,-2448
-364,-3180,12602,1192,-117,-205,-2448
-632,-2236,9820,-1177,396,-153,-2432
818,670,7452,483,-117,-9,-2432
-588,2920,12436,30,-345,-257,-2448
-506,-10188,17044,1396,-17,-182,-2448
-1576,3204,3336,-1614,191,-57,-2432
7534,3756,-3078,316,187,-223,-2432
-1414,-2896,15140,449,133,-203,-2464
-1132,-1310,11152,229,-558,122,-2464
2106,1484,2868,-1115,728,-197,-2448
740,-752,11080,495,-54,-200,-2480
-1606,-2392,12414,72,91,-124,-2432
1826,144,6748,-306,145,-141,-2464
1480,-798,6746,-191,436,-169,-2480
-822,3044,8532,-18,-366,-165,-2448
564,-4888,13258,728,157,-299,-2480
14,400,6694,-1145,496,-185,-2464
334,-1452,10652,913,-428,14,-2464
-2846,2566,14238,601,-718,-55,-2480
1690,-9632,10912,-1947,1696,-524,-2480
-2868,2664,6174,698,-611,-33,-2432
250,-2058,19504,1869,-1308,-41,-2464
1240,-2660,12060,-1709,1735,-421,-2480
-2682,574,6392,-101,-298,71,-2416
2354,-772,9768,658,-320,-25,-2448
-366,-1316,13894,49,105,-121,-2496
-256,-684,7616,-1035,820,-304,-2464
-976,-1510,8420,451,-308,-33,-2448
1894,-510,7388,-303,431,-178,-2448
-2622,1896,10436,502,-435,-85,-2448
3218,-558,4248,-847,603,-365,-2464
-596,1176,7092,-49,112,-133,-2448
-460,-3244,12064,667,-388,-38,-2448
-1934,2214,8772,-232,-85,-63,-2480
4420,-4332,1578,-1883,1232,-479,-2464
-3300,-3492,15440,2007,-913,-18,-2432
-1866,-1932,16994,273,-817,-45,-2480
4580,754,4110,-1673,1647,-417,-2448
-3622,-718,11672,517,-257,-7,-2464
762,-2010,13306,1023,-755,89,-2464
-398,-908,11368,-853,568,-199,-2432
2288,1468,3130,-687,679,-261,-2448
-1662,-2288,11608,677,-388,-41,-2448
2054,-836,7880,-297,310,-209,-2448
-2978,378,10774,200,-95,-78,-2448
2316,2012,4146,-971,413,-320,-2480
-296,-1808,11304,1139,-178,-179,-2464
-1082,-3068,10970,-659,196,-133,-2464
864,900,6112,17,89,-19,-2448
1862,4098,8908,-200,-164,-311,-2448
-2364,-9994,20732,1755,-208,-185,-2480
-1998,1006,7400,-1928,262,-44,-2464
5944,2166,5012,352,173,-282,-2432
-3500,-3786,18032,596,164,-191,-2480
-550,-1946,12156,-164,-383,125,-2448
3904,3236,2162,-930,679,-161,-2432
1130,-290,9420,626,-101,-224,-2432
-1838,-2486,13350,99,60,-137,-2432
1348,536,5440,-233,101,-129,-2448
1010,-764,6852,-191,463,-183,-2448
-232,2820,7220,143,-461,-145,-2448
784,-4166,12212,288,408,-310,-2464
150,2672,3768,-982,459,-196,-2464
168,-1406,10302,1028,-518,3,-2448
-978,4358,11682,184,-546,-88,-2416
4866,-3912,850,-1317,1399,-491,-2448
-1976,4234,1160,303,-470,1,-2464
2968,384,13360,1752,-1209,-70,-2464
4934,1636,2526,-1306,1560,-386,-2480
-2240,990,4262,-335,-192,111,-2448
3502,1848,5232,575,-363,41,-2464
710,-1594,12934,238,22,-154,-2432
1184,828,3064,-948,811,-256,-2448
408,-350,5904,246,-259,-19,-2448
1770,-224,6230,-295,480,-197,-2448
-3570,-302,12340,734,-542,-50,-2464
3540,-1640,4866,-1091,794,-378,-2432
-408,2904,4752,584,-63,-179,-2448
-1190,-2948,11084,307,-221,-66,-2448
386,2086,4148,-473,178,-35,-2432
6572,908,-2518,-1411,756,-433,-2464
-2000,-10034,19508,2566,-864,-45,-2448
-2018,1416,6780,-756,-369,-49,-2464
7848,4444,-4366,-1437,1490,-403,-2464
-3576,-602,9194,805,-330,-8,-2464
-796,-1904,12326,663,-709,109,-2448
1630,1416,4036,-1115,666,-231,-2448
2182,1532,1824,-818,718,-269,-2464
-1136,-1396,8924,551,-394,-20,-2432
2148,-358,7518,-227,359,-258,-2448
-1888,-504,9584,381,-214,-52,-2448
3258,480,3070,-1029,527,-311,-2464
-356,984,7928,949,-144,-150,-2464
-268,-322,7276,-622,121,-155,-2480
862,1642,3874,-82,100,31,-2448
5546,3318,1442,-588,94,-370,-2432
-4154,-5298,19020,2252,-484,-128,-2432
-856,4546,-968,-1898,286,-74,-2400
8144,4416,-4072,-57,447,-224,-2448
-4278,-2282,14854,1010,-145,-184,-2448
-1452,-722,7950,-169,-400,129,-2432
3408,3546,304,-1165,752,-169,-2496
2220,668,5016,519,-35,-222,-2464
-1316,-1524,10546,157,17,-40,-2448
1994,728,6482,-166,119,-132,-2448
-152,-1082,7776,-316,543,-145,-2464
-2200,2238,9908,128,-444,-95,-2448
1506,-4722,11408,452,259,-310,-2448
328,1850,4924,-1039,437,-194,-2416
548,564,7084,1004,-485,32,-2448
-2154,2254,11012,195,-514,-125,-2464
3116,-6222,5096,-1378,1417,-476,-2464
-1372,4992,-608,456,-522,44,-2416
-100,-1642,17012,1363,-983,-71,-2480
2606,-214,8186,-1106,1404,-393,-2464
-2322,-438,7182,-82,-344,75,-2432
2288,-458,9312,307,-216,-11,-2448
-664,-956,13124,404,-79,-174,-2416
-4,-842,6772,-846,692,-251,-2416
926,48,5620,131,-120,-45,-2464
2132,-316,7250,-232,410,-222,-2432
-3714,590,12746,760,-632,-52,-2432
2430,-3704,8024,-1064,792,-394,-2432
-344,626,8442,364,-50,-174,-2448
-1306,-3966,13786,659,-377,-69,-2480
-1058,1024,7132,-528,243,-56,-2432
6190,-688,-3736,-1743,994,-445,-2464
-3690,-7884,21092,2867,-1070,-29,-2480
-2060,-946,12956,-979,-292,-69,-2448
6736,3270,-2020,-1477,1506,-440,-2448
-4208,-2896,16006,943,-380,-58,-2464
304,-2204,13198,690,-683,78,-2432
-74,388,7686,-1230,761,-188,-2448
1738,706,6080,-244,413,-232,-2448
-2112,-2362,13124,607,-270,-13,-2464
2332,-624,7774,-287,254,-185,-2464
486,-592,6632,-125,309,-126,-2448
1466,2348,5188,-536,48,-228,-2448
138,-2966,11816,1093,-27,-213,-2448
-1012,-1958,10214,-1072,418,-194,-2464
512,466,7538,387,-93,64,-2432
594,3424,10316,131,-450,-271,-2464
-1024,-9770,17796,146,702,-294,-2480
-1520,4726,-32,-1092,-61,-16,-2448
5202,834,7530,826,-273,-200,-2432
-1856,-1784,14084,51,537,-263,-2432
-2314,-536,7130,80,-520,132,-2448
3870,2744,2274,-859,612,-144,-2448
1490,166,8288,670,-208,-198,-2432
-1788,-2490,12894,-140,334,-176,-2464
812,204,5192,-260,74,-84,-2432
1772,318,4986,-405,531,-194,-2448
-876,3248,8462,826,-822,-77,-2480
2720,-3390,6804,-529,730,-410,-2464
402,3824,2180,-650,304,-166,-2464
-38,-1190,11750,1237,-623,25,-2448
-870,1534,6138,-243,-124,-58,-2480
5928,-526,-3062,-2218,1598,-533,-2480
-3190,2100,6156,1718,-991,7,-2448
1754,-1190,16144,598,-845,-57,-2464
5988,2938,260,-1383,1539,-406,-2464
-2748,-654,6860,120,-260,30,-2464
3476,1206,5710,-25,60,-56,-2448
-46,-870,13102,480,-172,-139,-2432
-786,-1840,10234,-871,708,-281,-2464
-316,-696,6580,122,-158,-97,-2464
2074,-212,6640,-216,407,-166,-2448
-2788,2598,11040,698,-669,-52,-2480
3460,-1430,3502,-1093,880,-452,-2464
-308,2968,4354,166,22,-134,-2432
-768,-3226,13916,644,-384,-53,-2448
646,2192,3044,-624,193,-58,-2448
6242,1410,-2298,-1898,1198,-466,-2448
-3932,-1022,12750,2639,-1166,23,-2464
-1916,2388,5892,-570,-404,-88,-2448
7328,3314,-3430,-1349,1443,-398,-2480
-3334,-92,8526,458,-236,-27,-2448
2324,-990,9894,848,-663,79,-2448
1458,1066,4206,-957,613,-197,-2464
2800,1934,1438,-619,531,-256,-2432
-1268,-1460,9538,577,-262,-85,-2416
1728,198,7544,-169,186,-169,-2448
-1280,-772,9056,73,149,-111,-2464
3348,1540,2562,-805,257,-238,-2432
598,-5196,13002,1159,-63,-206,-2448
-76,636,6006,-1085,367,-167,-2480
1146,2084,4162,347,-74,27,-2448
3788,2042,5342,72,-420,-264,-2464
1200,-8626,11476,647,375,-252,-2432
-1184,4490,326,-1176,41,1,-2480
7032,2388,-812,-496,769,-293,-2448
-3254,-1264,12436,544,37,-170,-2464
-2260,-1582,10278,463,-686,139,-2448
3284,3082,1624,-1353,810,-177,-2448
2166,1004,4746,345,1,-220,-2480
-1656,-2220,12136,230,8,-91,-2432
1302,688,6490,-191,109,-139,-2432
368,-906,7124,-206,453,-164,-2464
1908,3238,4256,-182,-240,-167,-2496
1508,-5584,11638,770,195,-292,-2448
710,2962,2786,-1385,575,-206,-2448
866,992,6996,1119,-585,56,-2432
22,2774,12694,543,-687,-138,-2464
4068,-4780,1136,-1488,1466,-457,-2432
-1268,5692,-1328,265,-477,28,-2448
4508,428,10130,1643,-1039,-93,-2448
3404,666,5420,-1170,1486,-385,-2432
-2010,350,5312,-155,-342,121,-2464
3856,2604,3642,47,26,-75,-2464
-1134,-884,12534,529,-207,-148,-2448
1212,248,4562,-898,742,-267,-2448
426,-52,5856,265,-183,-49,-2464
1992,-412,7662,-188,386,-184,-2448
-3420,716,11930,664,-555,-44,-2448
3018,-2946,6514,-1057,849,-417,-2448
-2,3238,3398,192,-1,-154,-2448
-1258,-3904,12862,586,-375,-35,-2464
-462,2246,5480,-506,151,-40,-2464
5592,-1072,-1852,-2057,1489,-502,-2448
-2612,2450,5376,1567,-864,30,-2448
1192,-1064,16896,868,-952,-36,-2432
6044,2800,-798,-1645,1664,-442,-2464
-2408,858,5466,151,-238,4,-2448
3054,430,7646,961,-629,21,-2448
112,220,6922,-612,382,-177,-2464
2446,1828,1266,-907,817,-285,-2464
-662,-998,7596,601,-349,-32,-2496
2112,-280,7266,-260,307,-168,-2480
-2394,-414,10332,351,-198,-40,-2448
3950,-382,2648,-1164,606,-317,-2464
12,-3826,13216,1222,-258,-153,-2448
-576,-1580,9108,-628,169,-151,-2448
1282,2248,2696,-271,268,-10,-2448
4956,3080,1236,130,-379,-244,-2432
222,-10270,15512,1707,-215,-183,-2448
-1366,4204,536,-1726,195,-53,-2448
7862,3910,-2838,-159,529,-275,-2448
-3832,-2038,13498,768,-110,-151,-2448
-1446,-704,9424,182,-527,97,-2464
2828,2552,1588,-1215,755,-159,-2432
2046,1316,3904,498,-9,-225,-2448
-1304,-2098,11154,204,2,-90,-2448
1900,822,5920,-288,151,-115,-2464
-276,-530,7904,-66,339,-153,-2464
-1764,2540,9478,-98,-330,-176,-2448
1114,-4528,11778,677,174,-308,-2480
232,1294,5438,-1064,440,-190,-2448
882,1046,5702,921,-433,26,-2432
-2928,2318,12860,531,-748,-97,-2432
3006,-7974,6496,-72,852,-383,-2448
-706,6426,-3706,-1596,247,13,-2448
5658,2466,5452,1752,-952,-131,-2464
-3222,-4336,18548,-242,823,-331,-2432
-1664,1040,3750,-546,-212,125,-2416
3790,3462,2866,-56,198,-64,-2448
1076,-938,10584,743,-226,-231,-2480
182,86,5294,-766,600,-174,-2464
1284,522,5516,78,-133,-68,-2432
1214,-1140,7120,-242,499,-202,-2448
-2916,1320,10948,388,-574,-81,-2448
2270,-2994,8130,-256,534,-341,-2416
12,2380,4602,-264,211,-169,-2432
-750,-3304,11680,715,-373,-3,-2480
-1094,2138,6864,-238,-115,-44,-2448
5364,-2350,-586,-1944,1341,-487,-2448
-2542,2834,4212,1725,-885,-38,-2480
-2212,-1208,13818,586,-957,-34,-2432
5978,2324,598,-1668,1684,-469,-2464
-2606,414,5588,374,-254,7,-2480
128,-2124,13326,879,-668,71,-2448
174,-60,8626,-754,557,-181,-2432
1606,1188,2282,-815,736,-297,-2432
-1954,-2292,12318,592,-383,-20,-2416
2318,-324,7374,-244,317,-235,-2448
-2820,-36,11052,331,-157,-87,-2448
3140,-1288,4486,-997,481,-320,-2448
270,-2342,11324,992,-89,-181,-2464
-1070,-2242,10424,-428,99,-131,-2464
674,1162,4022,-274,221,-19,-2464
358,4448,11106,-245,-172,-286,-2448
-1296,-11188,19860,1867,-260,-153,-2448
-1460,2974,2746,-2011,313,-35,-2464
8286,4744,-5292,441,153,-253,-2432
-2326,-4206,17260,501,241,-222,-2448
-1022,-1030,9970,-184,-408,126,-2448
2088,2206,2240,-962,643,-141,-2448
998,-830,11078,485,-49,-217,-2432
-1894,-2198,12480,147,15,-96,-2464
2030,282,7210,-132,22,-140,-2480
1494,-238,6524,-293,526,-166,-2448
-924,2656,8286,84,-408,-135,-2416
934,-4496,12380,447,295,-326,-2432
112,2986,3816,-950,475,-190,-2448
20,-1738,10962,957,-488,41,-2448
-1832,3202,12566,309,-614,-124,-2448
1388,-9532,11728,-1652,1494,-510,-2464
-2852,2588,5056,357,-474,9,-2464
1432,-1032,16446,1601,-1086,-58,-2464
648,-2362,12620,-1245,1474,-407,-2448
-2686,548,6188,-228,-250,93,-2448
3046,498,7314,464,-301,2,-2432
250,-1252,13336,269,-42,-154,-2432
2106,1126,2144,-962,813,-285,-2480
-398,-702,6630,210,-253,-51,-2480
2004,102,6714,-205,446,-197,-2448
-3146,1690,11706,734,-555,-21,-2432
3666,-522,2688,-1218,845,-390,-2432
-382,2474,5610,658,-141,-131,-2448
-904,-3902,14192,321,-251,-58,-2448
944,2266,2776,-581,253,-26,-2480
6028,3278,-696,-1309,692,-403,-2432
-4276,-4258,17206,2792,-990,-56,-2464
-1282,3976,1066,-1368,-35,-87,-2416
8014,4428,-3856,-979,1136,-348,-2480
-4048,-2144,13200,885,-306,-50,-2480
1276,-1824,11874,425,-634,114,-2480
2432,2180,2340,-1085,660,-205,-2464
2298,1080,3312,-234,437,-250,-2432
-1706,-1480,10552,520,-295,-32,-2448
1924,288,7186,-175,206,-168,-2448
-858,-796,8494,34,197,-126,-2448
2816,1276,2954,-719,168,-207,-2432
882,-4788,12946,1122,-98,-218,-2448
86,648,6352,-1044,408,-189,-2416
948,1062,4556,298,-102,-7,-2448
3528,4180,5030,357,-588,-229,-2464
1740,-9462,10410,252,715,-344,-2432
-702,5954,-2936,-1585,229,2,-2464
6614,2816,1448,1451,-716,-164,-2480
1318,-2246,11736,-94,700,-298,-2480
-1710,224,6222,-423,-264,103,-2432
3618,3418,1824,-330,308,-111,-2464
-460,-1134,13926,734,-234,-188,-2448
-368,-1020,7960,-485,490,-187,-2480
1316,316,5818,-71,-32,-100,-2448
1030,-650,6126,-329,550,-196,-2464
-3092,1282,11966,576,-660,-77,-2464
2066,-4154,9412,-536,636,-391,-2416
408,3148,3492,-355,220,-206,-2448
-836,-3876,13350,1060,-537,1,-2448
-1466,1984,7894,-364,-84,-81,-2464
4668,-3196,484,-1874,1374,-457,-2432
-3728,-4536,16352,1880,-928,-13,-2448
-1048,-1136,14634,466,-837,-21,-2416
4246,1278,4544,-1291,1438,-419,-2464
-2440,-526,6442,68,-188,3,-2464
1424,-1124,10990,675,-490,6,-2432
-912,-708,11634,-328,249,-123,-2480
1138,484,4250,-900,772,-259,-2480
-1348,-1622,10502,498,-255,-45,-2464
2068,-766,7886,-121,238,-184,-2464
-3222,-98,11890,448,-307,-16,-2448
3358,-1726,4584,-1263,626,-379,-2464
-320,-2012,11486,1129,-257,-143,-2464
-1124,-3094,11584,-506,145,-137,-2480
432,1678,3604,-416,283,-2,-2416
1598,3554,9726,-470,99,-379,-2480
-2242,-10122,20702,1894,-323,-110,-2464
-1792,2094,6310,-1797,106,-9,-2464
6110,1316,5842,24,514,-312,-2448
-3316,-3376,16378,726,-75,-172,-2448
-444,-1574,12314,173,-617,155,-2464
1104,866,4688,-1164,827,-188,-2432
870,-8,8970,354,-8,-174,-2464
-1590,-2524,13062,244,18,-105,-2480
1884,-352,7682,-295,163,-120,-2448
1310,-400,6026,-280,482,-144,-2432
-310,3020,7878,117,-417,-138,-2432
604,-4922,13260,613,233,-301,-2464
84,3114,3130,-1091,482,-188,-2480
148,-1124,10634,1070,-483,-1,-2416
-1298,2910,12458,101,-485,-104,-2464
4858,-2754,-18,-1440,1328,-473,-2480
-2248,2884,2946,169,-426,36,-2480
3518,578,12004,1185,-852,-127,-2416
-528,-2470,14082,-387,997,-315,-2448
-2088,290,5392,-397,-195,90,-2432
3972,2320,3310,-62,87,-50,-2432
-74,-1110,12810,639,-233,-183,-2448
1802,834,2932,-935,752,-264,-2448
380,-158,5210,82,-107,-68,-2496
1618,-360,6652,-137,354,-189,-2464
-3078,-254,11782,723,-606,-25,-2480
3996,-1038,3002,-1311,950,-437,-2448
-764,2856,4854,500,-124,-177,-2448
-524,-3378,14402,465,-288,-47,-2464
798,2534,2238,-802,338,-29,-2464
5972,1430,-1716,-1251,704,-417,-2480
-3896,-1766,13156,2532,-994,-11,-2448
-1724,2758,5348,-638,-400,-101,-2448
7362,3286,-2978,-1267,1452,-395,-2448
-3444,-550,8842,544,-230,-44,-2464
2334,-130,9348,877,-759,63,-2464
1396,598,4748,-911,638,-162,-2432
2428,2024,1256,-526,533,-268,-2448
-868,-1008,8840,633,-302,-18,-2448
1786,-722,7978,-114,297,-196,-2464
-1514,-484,9168,366,-214,-67,-2448
3548,720,2354,-1208,685,-353,-2448
-732,782,8002,954,-197,-152,-2448
-1090,-3924,13502,-334,27,-110,-2432
1226,2060,3232,-401,282,9,-2432
5046,2774,2230,-931,404,-374,-2464
-3836,-5432,18544,2285,-620,-84,-2448
-1172,4864,-246,-1510,23,-61,-2416
7934,3138,-3030,-452,796,-303,-2432
-3862,-1282,13020,878,-195,-147,-2432
-1754,-1132,9782,314,-607,123,-2448
3198,2968,1198,-1322,859,-151,-2448
2262,1074,4004,190,116,-213,-2480
-1668,-2008,11812,338,-37,-83,-2464
1510,368,6780,-162,128,-139,-2464
124,-956,7026,-315,492,-177,-2480
1958,3014,3780,-36,-335,-172,-2480
1440,-5118,11488,543,299,-328,-2464
308,2438,3820,-1152,464,-189,-2464
648,1048,7420,1071,-486,47,-2432
-1890,2412,10500,57,-452,-157,-2448
2852,-6378,5316,-830,1161,-407,-2448
-1158,4772,-466,-115,-325,37,-2464
5818,1740,4470,1275,-804,-88,-2464
2348,-1290,9802,-648,1175,-373,-2448
-2470,-866,7220,-308,-245,106,-2416
4048,3924,1056,-242,198,-93,-2480
1544,-8,8538,847,-258,-193,-2464
102,-694,7012,-364,387,-216,-2480
1200,640,5330,-186,69,-108,-2432
1186,-754,6620,-215,500,-189,-2432
-478,3442,7442,350,-609,-108,-2464
2604,-3760,7696,-79,557,-375,-2480
408,3506,2550,-930,434,-199,-2448
-12,-1288,11332,1314,-702,42,-2432
-926,1970,6668,-109,-278,-66,-2448
5518,-1824,-2448,-2263,1700,-538,-2448
-2620,3822,3260,1435,-967,40,-2480
2310,-908,16400,1464,-1110,-68,-2448
5628,2758,-328,-1819,1783,-437,-2464
-2400,788,4922,26,-307,73,-2464
3438,1134,6528,690,-394,16,-2432
-494,-252,8954,-69,79,-201,-2480
2184,1604,1560,-1129,874,-322,-2416
-240,-716,6464,557,-351,-21,-2464
1566,-470,7752,-170,323,-203,-2464
-2922,204,10940,495,-419,-39,-2464
3782,-1246,3704,-1218,786,-392,-2448
-518,2558,5178,738,-150,-129,-2448
-1104,-2540,10802,-12,-109,-149,-2432
592,2320,3936,-343,218,6,-2432
5834,886,-1000,-1026,496,-380,-2448
-1640,-9686,18748,2444,-792,-52,-2448
-1954,1434,6770,-1065,-196,-73,-2448
7508,3900,-4052,-900,1040,-300,-2464
-2204,-3048,16182,820,-187,-155,-2448
-1230,-2358,13014,514,-648,129,-2448
1686,2012,2718,-1414,799,-202,-2448
2606,1710,2144,358,99,-257,-2464
-1936,-2446,12586,334,-105,-14,-2464
2156,738,6568,-277,217,-136,-2464
-1406,-798,9274,-71,343,-137,-2448
-636,2960,7500,-453,-80,-212,-2448
652,-4564,12772,889,86,-266,-2464
-48,98,6848,-1158,449,-172,-2464
208,-1288,10644,807,-374,-5,-2480
-2634,2130,13986,651,-757,-143,-2480
2040,-8834,9714,-1249,1404,-452,-2448
-874,5802,-2372,-450,-223,22,-2448
394,-1850,18772,1750,-1053,-100,-2416
1460,-1844,10798,-1080,1334,-385,-2464
-1752,202,6406,-171,-327,116,-2464
2568,-218,9012,147,-26,-61,-2448
-158,-1486,13658,583,-142,-176,-2448
-516,-1058,7882,-851,684,-241,-2480
1450,696,5522,159,-186,-55,-2464
1790,-534,7734,-188,480,-200,-2432
-2526,1904,10756,463,-573,-83,-2448
1376,-4272,11204,-391,574,-346,-2480
-46,2374,5458,-408,246,-206,-2448
-482,-3012,12422,812,-431,-31,-2432
-2338,1090,11048,-37,-139,-8,-2464
5928,3478,-1184,-2271,1378,-466,-2416
-3762,-3438,16290,2622,-1197,-17,-2448
-1996,-3012,18360,158,-745,-20,-2448
4734,1502,2716,-1824,1677,-436,-2464
-4002,-1668,13344,879,-475,-11,-2464
654,-2648,13430,691,-650,64,-2448
-338,126,10086,-1024,582,-176,-2448
2502,1036,3672,-458,589,-290,-2432
-2098,-2144,11778,615,-392,-8,-2464
2346,-424,7390,-211,277,-223,-2464
-446,-640,7818,61,87,-89,-2448
2266,1540,3878,-822,295,-304,-2480
-124,-1078,9954,1058,-102,-192,-2464
230,1276,5594,-865,348,-191,-2448
730,1238,5902,196,-20,20,-2448
1872,3376,8642,211,-473,-268,-2480
-1806,-8976,18996,734,415,-240,-2448
-1286,5356,-1148,-1372,80,-7,-2464
5878,1680,4988,848,-219,-214,-2464
-2448,-2898,15288,-56,659,-289,-2416
-2374,-104,6802,1,-494,153,-2448
3494,3340,2766,-612,493,-95,-2464
1640,-250,8566,589,-92,-195,-2464
-200,-812,7128,-343,378,-170,-2480
1006,350,6140,-29,-62,-84,-2448
1232,-840,6784,-283,499,-184,-2432
248,3178,6224,118,-468,-116,-2464
1776,-4502,9844,447,271,-305,-2448
626,3024,2852,-1130,536,-184,-2448
364,-286,8880,981,-504,-8,-2480
-1750,3010,14014,467,-629,-46,-2464
5760,-1900,-2618,-2340,1779,-554,-2464
-2498,4236,2688,1371,-908,45,-2480
2364,-1092,16282,1464,-1153,-56,-2448
5746,2778,-216,-1747,1739,-409,-2464
-2574,546,5690,181,-406,48,-2432
3434,546,6604,506,-280,7,-2464
-360,154,8802,-3,86,-168,-2448
1944,882,2838,-961,819,-307,-2480
-272,-490,6410,371,-308,-13,-2464
1978,-112,6608,-106,352,-185,-2432
-2914,152,11442,505,-420,-44,-2464
3020,-1424,4718,-1022,654,-337,-2448
-160,2488,5062,560,-59,-191,-2448
-892,-2560,10486,-30,-57,-114,-2464
260,1948,4194,-338,170,-41,-2464
6134,1168,-1602,-1068,427,-386,-2448
-1422,-9848,18922,2423,-773,-83,-2448
-256,-2050,17568,-207,-557,-68,-2464
7090,3542,-2592,-1369,1509,-376,-2432
-3104,-378,8996,409,-175,3,-2448
2184,-918,9528,731,-594,59,-2416
1198,1138,4814,-648,408,-194,-2416
2606,1224,2080,-686,712,-262,-2464
-1228,-872,8370,496,-323,-23,-2464
1864,-272,8108,-45,165,-191,-2448
-1654,-900,9652,165,41,-74,-2448
3680,1184,1774,-1001,373,-283,-2464
-700,700,8414,1366,-247,-181,-2432
-2,18,6860,-1081,410,-196,-2448
1266,2056,2794,58,53,-15,-2480
4012,3572,4172,299,-497,-287,-2448
1288,-9648,12146,524,546,-289,-2432
-814,5768,-2062,-1614,191,-17,-2432
6930,2832,414,883,-192,-173,-2464
464,-2120,12116,-27,551,-291,-2480
-1532,-152,7788,-80,-463,134,-2480
2978,2362,2370,-835,587,-168,-2448
2092,684,5100,541,-121,-206,-2464
-770,-1356,10166,28,152,-133,-2464
1206,200,7176,-64,-42,-85,-2448
398,-914,7218,-361,583,-168,-2448
-2560,2524,10488,167,-457,-132,-2480
1336,-5128,11860,253,368,-317,-2496
392,2162,4344,-1000,447,-175,-2432
-482,-3356,12856,1112,-555,16,-2448
1196,4032,9484,312,-672,-176,-2448
3212,-6738,5222,-724,1180,-440,-2432
-1124,5344,-2082,-779,-69,1,-2464
5552,1770,5894,1508,-921,-116,-2480
2500,-864,9160,-434,964,-295,-2480
-1882,294,5692,-404,-244,109,-2432
4116,3160,2460,-76,147,-75,-2464
-1206,-1134,13594,649,-274,-157,-2416
650,-208,5868,-742,648,-197,-2448
874,72,5434,7,-24,-92,-2480
1288,-370,5980,-230,429,-186,-2464
-3468,362,12354,700,-638,-25,-2432
2906,-2808,6464,-1066,843,-404,-2480
-30,3346,3448,242,-60,-174,-2448
-1036,-3844,12874,611,-336,-85,-2432
-476,2086,5064,-638,214,-26,-2432
5528,-644,-1936,-1625,1037,-486,-2464
-2832,-7316,19048,2357,-949,-19,-2416
-1974,-100,11580,-212,-591,-48,-2448
5880,2436,520,-1260,1390,-409,-2464
-3246,-1778,13422,418,-148,-70,-2448
202,-1818,12972,873,-758,78,-2448
-158,-488,8820,-877,592,-184,-2448
1968,1570,1796,-644,572,-258,-2448
-1636,-2212,12562,623,-298,-14,-2432
1912,-650,7944,-213,253,-174,-2432
-2410,-410,10660,122,67,-140,-2432
1000,3124,5392,-839,227,-243,-2448
-574,1896,6398,969,-186,-181,-2448
-848,-1676,9202,-367,33,-86,-2432
992,2104,3090,-373,261,-45,-2464
5680,2428,-182,-516,95,-325,-2448
-802,-10590,17578,2132,-484,-126,-2448
-1826,3446,2774,-1512,-10,-41,-2448
8434,3358,-4786,-543,798,-321,-2432
-2200,-3716,16600,879,-151,-164,-2448
-1312,-1496,11900,333,-667,147,-2448
2400,1958,2328,-1316,885,-203,-2480
2302,1766,2344,272,51,-210,-2448
-1396,-2454,12418,312,-35,-52,-2464
1826,246,6998,-270,210,-151,-2432
-722,-478,7776,-91,217,-110,-2480
2772,2072,3442,-540,75,-238,-2448
-456,-1690,10938,954,88,-239,-2464
-1190,-3246,11548,-693,221,-180,-2448
1018,1644,5712,-30,81,-15,-2448
2718,2534,7654,-471,78,-322,-2416
-2408,-7790,18596,1527,-165,-147,-2432
-1196,4832,-464,-1356,-7,-55,-2480
7134,1850,1118,-202,574,-287,-2448
-3162,-1350,13808,626,-28,-171,-2480
-304,-2110,14174,462,-688,127,-2496
3878,3532,1064,-1350,902,-224,-2464
1772,552,6060,462,-16,-212,-2448
-1616,-2032,12426,317,-26,-43,-2448
1322,400,6332,-188,138,-147,-2480
920,-502,5936,-392,506,-165,-2464
790,3566,5684,242,-537,-123,-2464
2160,-4670,9736,349,412,-362,-2480
492,3444,2530,-1215,535,-207,-2448
388,-26,9266,1303,-636,51,-2496
-652,2664,13162,186,-493,-102,-2464
4878,-3586,-122,-1732,1553,-491,-2464
-2160,4334,1298,720,-642,37,-2448
3896,388,11744,1505,-1007,-106,-2464
-1566,-3138,15500,160,563,-269,-2432
-1656,-1772,11496,12,-487,166,-2464
4084,2748,3100,-902,668,-138,-2416
302,-1016,12420,862,-268,-185,-2448
-1546,-2576,12262,-355,358,-169,-2464
1948,422,6530,-181,34,-118,-2464
1510,-512,6962,-183,422,-190,-2416
-1940,2702,9928,505,-675,-98,-2448
1238,-5096,12450,-156,600,-363,-2448
-216,2916,3902,-660,341,-188,-2464
-290,-2628,12640,1198,-651,-3,-2464
-1868,2950,12370,-151,-273,-70,-2480
5924,-780,-1850,-1943,1549,-515,-2448
-3148,1954,7174,1096,-759,18,-2448
822,-1024,17778,1302,-1140,-60,-2464
6378,3098,-1900,-1633,1687,-412,-2480
-2752,568,5828,-32,-216,64,-2448
2920,8,8346,835,-525,-3,-2480
-626,-1622,14352,-339,230,-166,-2432
2554,1840,1144,-1049,835,-314,-2464
-708,-1124,7848,567,-372,-50,-2480
1662,-330,7682,-179,334,-190,-2448
-2224,-512,10214,498,-321,-42,-2448
3758,734,2470,-1211,681,-345,-2464
-822,1068,8066,1097,-246,-170,-2464
-302,-828,7482,-523,167,-141,-2416
1140,2704,2546,-347,157,-3,-2480
5354,1778,1936,-482,132,-364,-2432
-3948,-4140,16438,2396,-986,-24,-2432
-1648,-1728,16320,-548,-450,-50,-2448
7932,3594,-3180,-1422,1492,-434,-2448
-3790,-1324,12008,711,-233,-47,-2464
1080,-1686,12828,862,-773,75,-2432
2846,2982,1482,-1328,779,-179,-2416
2468,1244,3274,-279,459,-282,-2448
-1950,-2114,11762,660,-343,-25,-2448
2244,-674,7230,-355,287,-180,-2448
-568,-924,8116,214,40,-52,-2448
2646,1578,3138,-1016,426,-271,-2448
-184,-808,10086,1169,-178,-174,-2448
-1430,-3256,12470,-596,140,-150,-2480
938,1178,4434,-153,127,7,-2464
3018,4378,6528,-69,-186,-337,-2432
-3088,-9506,21626,1383,63,-214,-2480
-424,6450,-3794,-2044,400,-40,-2448
6270,2410,3290,523,134,-225,-2416
-3456,-3732,17462,425,275,-227,-2432
-1596,602,5170,-322,-312,116,-2480
3540,3194,2568,-741,537,-140,-2480
1620,-530,8570,655,-112,-223,-2448
-2008,-2444,12688,-74,236,-133,-2480
1074,378,5988,-74,21,-138,-2464
918,-986,6960,-275,542,-151,-2464
416,2848,6100,181,-498,-134,-2448
2004,-4196,9532,325,339,-337,-2448
302,2660,3864,-863,423,-195,-2464
276,-460,9318,1062,-532,40,-2432
-1628,1792,8428,144,-453,-75,-2416
4818,-3362,52,-1909,1576,-491,-2480
-1926,4126,1392,772,-600,19,-2448
2690,-288,13606,1320,-1075,-28,-2432
4936,2152,2248,-1470,1593,-410,-2464
-2246,334,5576,70,-306,65,-2448
3294,1662,5862,622,-399,5,-2448
-394,-182,9576,-163,145,-177,-2464
1692,988,2772,-1009,879,-289,-2464
-62,-608,6188,401,-316,-4,-2464
2206,-468,7574,-226,332,-225,-2480
-3212,268,11836,600,-454,-32,-2448
3270,-2650,5034,-1322,823,-394,-2432
-374,-1440,11108,906,-253,-144,-2448
-1210,-3402,12592,164,-172,-117,-2448
440,1090,4048,-743,453,-32,-2480
6316,2904,-3644,-892,373,-368,-2448
-1758,-10834,20662,2395,-638,-101,-2464
-1498,2424,4418,-1790,196,-92,-2464
7702,4800,-4554,-479,731,-318,-2464
-2268,-3906,16566,782,-124,-124,-2448
-640,-1006,10212,193,-518,96,-2448
1546,1516,3462,-1076,688,-169,-2448
2736,1474,2100,135,218,-205,-2464
-1860,-2164,12780,421,-126,-33,-2464
1914,-34,7460,-191,103,-130,-2480
-1408,-338,9282,-166,334,-135,-2448
3032,64,3386,-881,386,-297,-2464
474,-3992,12602,1130,-186,-183,-2448
-242,-448,8080,-692,272,-189,-2448
828,1216,4272,2,138,-15,-2448
4268,3996,2968,23,-416,-255,-2480
1104,-10084,13066,774,415,-294,-2464
-1052,5082,-1350,-1767,258,-11,-2464
7320,3328,-1012,1040,-457,-196,-2480
430,-2932,13584,275,453,-270,-2448
-1630,-290,7524,-350,-285,115,-2464
3210,3436,1520,-547,493,-116,-2464
-102,-1338,13694,730,-211,-202,-2480
-738,-1664,9270,-370,391,-161,-2480
1346,536,6254,-131,-43,-97,-2448
724,-730,6574,-326,518,-182,-2432
-2724,2074,11144,432,-612,-126,-2464
1310,-5028,11244,-123,516,-322,-2448
548,2704,3484,-733,355,-161,-2448
-520,-3470,13382,1128,-571,4,-2464
-2224,1084,10442,-143,-196,-40,-2496
4528,-3772,784,-2154,1482,-500,-2464
-3616,-3906,15748,1888,-989,-36,-2448
-1182,-1580,16372,691,-920,-31,-2448
4210,1138,4424,-1430,1578,-442,-2432
-2490,-164,6566,214,-266,-2,-2464
1390,-910,10746,617,-484,24,-2448
-572,-872,12028,-188,214,-150,-2448
876,-42,5036,-1010,845,-309,-2480
-1486,-1500,10072,447,-335,-7,-2464
2036,-772,8058,-83,248,-199,-2496
-3358,634,11866,413,-251,-49,-2432
2948,1416,2666,-1159,637,-366,-2480
-386,-468,9334,925,-186,-140,-2448
-1136,-3592,12368,-167,-9,-114,-2448
-370,1190,5746,-388,240,-25,-2464
3008,4250,6430,-767,245,-361,-2432
-2688,-9132,20884,2159,-488,-113,-2448
-2222,282,10356,-1698,103,-79,-2448
6878,2232,1756,-492,822,-304,-2448
-3446,-2798,16040,806,-78,-117,-2400
-294,-2026,12980,263,-567,134,-2464
3530,2992,2068,-1140,782,-160,-2480
1806,484,6958,165,101,-217,-2480
-1838,-2184,12780,323,-42,-101,-2432
2048,-582,8132,-136,112,-155,-2432
1082,-410,6006,-333,532,-150,-2448
464,2958,6012,38,-389,-163,-2480
360,-4170,12916,689,227,-290,-2480
344,2934,3360,-1119,466,-204,-2464
298,-398,9634,1030,-485,31,-2464
-618,3120,12284,177,-554,-177,-2480
4464,-4124,1126,-1090,1252,-494,-2448
-1850,4262,1076,121,-403,29,-2432
3818,360,10844,1400,-934,-123,-2432
4096,948,4950,-883,1247,-376,-2416
-2260,62,5722,-251,-253,95,-2448
3812,2334,3610,-39,80,-28,-2448
746,-780,11340,511,-184,-182,-2464
974,292,4650,-727,637,-274,-2432
534,-148,5868,153,-163,-92,-2480
1718,-284,6290,-248,460,-180,-2448
-3500,86,12172,727,-677,-21,-2448
3256,-2314,4882,-1175,908,-408,-2432
-62,3348,3404,282,-37,-123,-2464
-1098,-3630,12110,522,-323,-53,-2448
58,2054,4436,-541,219,-36,-2480
6622,898,-3404,-1626,896,-439,-2432
-3912,562,10454,2866,-1136,-18,-2464
-2130,1004,8088,-233,-542,-74,-2480
7676,4358,-4708,-1648,1606,-401,-2496
-3444,-352,8338,824,-449,4,-2432
-412,-1918,12270,666,-640,113,-2448
1252,814,4948,-964,627,-206,-2448
2226,1692,1526,-395,495,-233,-2496
-792,-922,8178,599,-316,-26,-2464
1982,-430,7434,-152,343,-177,-2448
-2020,-590,9874,443,-284,-50,-2480
3506,388,2860,-1169,668,-352,-2480
-370,1372,7040,889,-173,-163,-2464
-568,-1112,8260,-361,9,-129,-2448
980,1874,3776,-216,165,-13,-2480
5612,2402,762,-1038,431,-402,-2480
-3792,-3702,16540,2315,-589,-120,-2464
-1550,3674,1952,-1443,18,-58,-2464
8022,3634,-4280,-569,787,-305,-2448
-3672,-872,11496,904,-220,-133,-2448
-1622,-1644,10960,420,-660,92,-2480
2948,2830,1480,-1297,856,-180,-2464
2182,1440,3678,315,105,-236,-2464
-1328,-2004,11324,301,-71,-64,-2448
1720,398,7016,-182,180,-175,-2448
-106,-1184,7606,-331,495,-137,-2464
1898,2866,4106,72,-434,-174,-2464
1560,-4800,11112,479,330,-304,-2464
368,2210,3900,-1013,424,-209,-2480
666,544,7524,1187,-558,47,-2480
-2186,2716,10672,99,-485,-132,-2464
3192,-6360,4860,-1330,1358,-442,-2464
-1372,4938,-700,371,-517,13,-2448
-264,-1362,17548,1444,-1029,-49,-2448
2634,-800,8574,-942,1336,-400,-2480
-2306,-262,6664,-140,-329,107,-2464
2458,-262,9724,328,-221,-37,-2448
1030,-296,9270,822,-219,-177,-2448
10,-468,6546,-417,411,-192,-2448
1164,612,5626,-45,-39,-90,-2464
1230,-1038,6792,-229,469,-180,-2464
-810,3072,8012,512,-667,-64,-2464
2684,-3012,7612,-263,590,-388,-2464
144,2790,3678,-415,287,-188,-2448
-96,-1490,10966,1066,-567,-27,-2448
-754,1948,6462,-213,-141,-63,-2432
5302,-1832,-1400,-2118,1529,-530,-2464
-2738,3012,4180,1665,-996,65,-2432
-1832,-750,13952,821,-1012,-74,-2448
5526,1744,1384,-1593,1752,-455,-2448
-2466,736,4650,92,-310,26,-2464
576,-2076,13908,1015,-681,57,-2416
-750,-572,9836,-436,348,-185,-2448
2210,1458,1336,-1098,868,-287,-2448
92,-302,5882,660,-371,2,-2464
1960,-916,8170,-116,257,-206,-2464
-2684,-62,10606,241,-166,-59,-2432
3786,-144,3202,-921,463,-322,-2448
166,-3474,12384,1021,-134,-203,-2480
-878,-1716,9278,-644,170,-150,-2464
848,2574,3186,-79,87,-20,-2464
564,2890,11056,-299,-52,-305,-2448
-946,-9452,17086,1539,-210,-135,-2448
-2040,2776,5442,-1307,-67,-44,-2448
7612,2446,-2496,-187,597,-287,-2464
-3426,12,8488,489,-136,-99,-2480
-1538,-2326,13580,950,-854,125,-2480
1776,1470,4162,-1252,755,-206,-2480
2392,1712,1776,-204,432,-221,-2432
-1806,-2538,12836,534,-244,-61,-2480
2044,132,7318,-197,181,-158,-2480
-1490,-724,9140,-24,224,-136,-2416
3572,1302,2342,-494,-33,-211,-2464
686,-5228,13372,1181,-8,-254,-2432
-70,436,6424,-1173,443,-154,-2432
1362,1808,3008,489,-199,28,-2448
-2112,2248,14200,520,-680,-174,-2480
1366,-9614,11512,-543,1076,-413,-2464
-862,5810,-2166,-988,-7,34,-2496
7228,2492,336,1344,-595,-174,-2432
632,-2172,12394,-183,729,-292,-2464
-2008,-586,8476,-66,-466,128,-2448
3486,2938,1760,-685,544,-101,-2448
-136,-1228,13452,739,-222,-227,-2496
-904,-2010,10086,-364,387,-188,-2432
1692,644,5964,-174,46,-85,-2464
1814,-390,7266,-209,478,-201,-2480
-2596,1644,10812,436,-591,-57,-2416
1584,-4306,10888,-283,591,-356,-2432
-374,2130,5714,-385,227,-155,-2448
-494,-3092,12692,959,-519,-3,-2448
-2076,2358,11030,-21,-342,-78,-2480
3126,-6634,5306,-2057,1549,-495,-2464
-1264,5230,-1258,25,-377,18,-2432
-500,-1810,17876,1537,-1077,-84,-2448
2568,-698,8356,-935,1320,-395,-2448
-1974,62,5712,-284,-236,107,-2464
3812,3200,2614,330,-182,-21,-2432
-846,-872,13094,423,-136,-157,-2432
388,-266,6116,-903,776,-303,-2480
920,74,5984,245,-197,-38,-2448
2170,-408,7118,-248,458,-208,-2400
-3524,804,12080,679,-609,-29,-2464
2498,-3630,7434,-1220,839,-394,-2448
-692,198,8894,448,-97,-149,-2448
-1184,-4024,13598,601,-352,-67,-2448
-742,1510,6334,-762,308,-29,-2432
3974,3072,5084,-1143,614,-428,-2448
-3534,-7528,19980,2569,-985,-14,-2448
-1764,-434,11778,-929,-212,-68,-2448
6040,3512,-576,-793,1028,-325,-2464
-3410,-2674,14578,589,-163,-61,-2432
436,-1486,11668,542,-627,102,-2464
-62,170,8330,-988,605,-184,-2448
2222,692,5212,-349,508,-248,-2448
-1930,-1938,12154,547,-303,-65,-2448
2152,-506,7474,-179,204,-176,-2448
-2918,76,11208,87,111,-115,-2464
2196,2560,3646,-1040,428,-255,-2464
-206,-2158,11796,1334,-262,-204,-2464
-1100,-2674,11540,-891,342,-135,-2448
814,960,5736,-84,126,22,-2480
648,4040,10488,489,-621,-242,-2432
-1674,-10882,20522,739,452,-285,-2464
-928,6326,-2732,-1629,203,12,-2448
4614,620,9128,1206,-400,-151,-2480
-2196,-3560,16274,65,495,-289,-2448
-866,-1222,10976,-211,-328,140,-2496
3522,2470,4294,-554,491,-108,-2496
1146,-586,10452,684,-210,-219,-2480
-1718,-2294,12576,-288,408,-173,-2480
576,20,5712,-80,-58,-62,-2432
1536,-424,6170,-335,541,-178,-2464
-830,2874,8316,441,-625,-99,-2464
2788,-3196,7082,-200,583,-383,-2448
170,3332,3302,-753,355,-177,-2480
46,-1744,11598,1206,-609,-18,-2432
-562,1918,5622,-254,-152,-59,-2448
5592,-846,-2180,-2030,1456,-476,-2448
-2726,2052,5770,1567,-855,6,-2448
1422,-1338,16046,902,-912,-56,-2448
5652,2912,248,-1395,1539,-411,-2464
-2532,-224,7100,92,-240,19,-2432
3046,524,6546,608,-469,24,-2448
-320,190,8176,-138,145,-164,-2448
2324,1238,2582,-861,810,-301,-2496
-670,-998,7186,388,-249,-38,-2464
2052,-434,7410,-179,250,-182,-2448
-2632,-332,11218,500,-291,-76,-2448
3914,-970,2828,-1414,792,-360,-2448
-510,2870,5236,1234,-318,-153,-2432
-712,-2212,10204,-226,35,-146,-2464
1114,2126,2048,-487,331,-7,-2480
5440,3576,-460,-212,-141,-266,-2448
-396,-11222,17224,2033,-382,-169,-2448
-980,4396,-208,-2015,283,-63,-2448
7744,4546,-3630,268,277,-254,-2432
-1136,-3586,15634,559,102,-181,-2448
-954,-324,8506,-71,-416,98,-2480
2396,2172,2172,-948,655,-177,-2448
2500,1104,3666,291,77,-230,-2448
-1304,-1676,11332,171,59,-92,-2464
1632,140,7200,-136,62,-163,-2464
-388,-836,8070,-292,465,-135,-2448
-1048,2792,8538,-211,-170,-157,-2448
708,-4826,12800,771,89,-273,-2464
132,816,6328,-1095,468,-180,-2496
102,-1916,11184,868,-382,36,-2448
-2682,2248,12786,459,-648,-137,-2448
2266,-8268,8762,-1231,1332,-450,-2448
-988,5282,-1568,45,-335,-18,-2432
522,-1464,17460,1571,-1050,-71,-2464
1444,-1942,11586,-903,1286,-401,-2448
-2018,-180,7226,-319,-186,77,-2448
2510,-282,8678,189,-66,-34,-2448
-624,-1368,13720,454,-144,-135,-2464
-70,-1114,7762,-904,765,-263,-2432
-860,-1052,7888,189,-171,-57,-2480
1810,-530,7446,-212,414,-184,-2448
-3060,1200,11472,556,-528,-52,-2432
2040,-3938,8556,-1062,839,-376,-2464
-798,952,7984,457,-107,-143,-2432
-708,-3974,13400,345,-207,-100,-2448
-1482,1770,7662,-621,263,-11,-2448
4440,2752,3344,-1225,619,-400,-2464
-3346,-5834,18310,2467,-882,-22,-2464
-2122,-1138,15016,-978,-249,-88,-2480
7576,3062,-1880,-1092,1215,-389,-2448
-3560,-1806,13002,685,-203,-86,-2432
544,-1618,12716,704,-708,85,-2464
2802,2564,1810,-1213,766,-188,-2448
2372,1348,3554,-306,440,-244,-2448
-1822,-2012,11722,604,-300,-13,-2448
2100,-706,7992,-205,145,-193,-2448
126,-654,7324,31,197,-133,-2448
2070,2422,3850,-641,100,-247,-2464
-196,-1972,11404,1201,-105,-228,-2432
410,1940,4264,-1136,467,-187,-2448
860,932,5998,362,-87,30,-2480
2022,3862,8562,157,-483,-258,-2480
-2206,-9692,20270,454,552,-316,-2432
-882,5874,-2810,-1569,171,-22,-2464
6150,1944,4162,1120,-428,-198,-2480
-3240,-2986,16648,198,461,-277,-2448
-2052,340,5878,-288,-316,147,-2464
3846,3274,1994,-674,527,-118,-2464
1408,-174,8598,699,-244,-191,-2480
252,-722,7058,-318,396,-189,-2448
1068,336,5582,-139,-8,-103,-2448
1278,-380,6212,-273,508,-191,-2464
-3512,708,12286,652,-675,-27,-2480
2632,-3088,7378,-555,711,-371,-2480
50,3118,3744,-379,228,-148,-2448
60,-1960,11492,939,-492,0,-2464
-1002,2426,6592,-185,-220,-33,-2464
5420,-2802,-1254,-2137,1535,-514,-2432
-2284,3848,2654,1905,-996,-2,-2480
-2150,-1524,15428,1004,-1019,-21,-2480
5736,2548,256,-1815,1803,-450,-2432
-2448,670,5076,253,-265,58,-2432
384,-2182,13542,857,-601,60,-2448
276,-176,8932,-530,400,-204,-2448
1236,1188,2854,-826,726,-287,-2416
26,-314,6918,559,-403,-22,-2432
2502,-292,7066,-262,404,-232,-2464
-3184,-194,11122,372,-181,-25,-2480
3716,-988,3766,-1178,576,-334,-2448
-48,-2638,12488,1206,-197,-166,-2464
-1024,-2758,10314,-626,168,-146,-2432
752,2220,2976,-254,197,-19,-2464
738,3884,11240,-350,-78,-357,-2416
-1782,-11070,20066,2061,-367,-141,-2480
-1748,2584,4228,-1895,213,-24,-2448
8276,4840,-5612,-275,661,-306,-2448
-2648,-4114,17876,835,-98,-141,-2464
-770,-1580,11086,93,-503,136,-2464
2144,1888,2396,-1220,764,-181,-2448
662,-954,11218,510,-30,-224,-2416
-1734,-2384,12676,313,-115,-85,-2448
2298,444,6384,-263,182,-170,-2464
1062,-932,7100,-150,456,-174,-2448
-872,2620,8300,5,-392,-196,-2480
1088,-4398,12112,544,246,-277,-2480
-140,180,6568,-1044,350,-196,-2464
968,1576,4594,507,-183,25,-2432
-1666,3600,12336,56,-455,-228,-2448
890,-9858,12796,488,529,-319,-2448
-1280,4584,-468,-1285,114,16,-2464
1928,-68,15596,1245,-658,-154,-2448
30,-3342,14774,31,664,-311,-2448
-1898,-932,8572,-405,-307,106,-2480
3554,3928,670,-578,404,-112,-2448
-82,-1914,14266,842,-261,-203,-2464
-1058,-1510,9634,-471,413,-157,-2464
1778,772,6008,-17,-37,-77,-2448
1638,-324,7108,-332,555,-193,-2448
-2912,1686,11108,645,-711,-35,-2432
1912,-4276,10098,-521,657,-405,-2432
-508,1954,6412,-224,154,-224,-2480
-860,-3570,13742,1000,-559,-16,-2480
-1956,1704,10016,-223,-117,-86,-2448
4298,-4384,1538,-2088,1437,-522,-2432
-4082,-3436,15474,2106,-1034,13,-2464
-1214,-1882,17226,283,-817,-24,-2448
4068,598,5032,-1739,1758,-463,-2448
-4074,-1082,11318,455,-339,33,-2464
1592,-1350,11826,961,-732,90,-2464
-824,-1102,12600,-577,421,-194,-2464
2118,1864,2430,-814,755,-271,-2480
-1538,-1968,11172,712,-415,-46,-2448
2002,-796,8264,-246,334,-194,-2448
-3206,800,11378,451,-437,-70,-2464
2894,-2478,6484,-968,668,-389,-2496
-198,-648,9694,530,-85,-188,-2448
-1332,-3302,12200,278,-237,-76,-2480
-410,1460,6066,-313,138,-52,-2448
5976,-618,-2656,-1594,878,-433,-2464
-3318,-8142,20450,2764,-1052,-13,-2464
-2188,-564,11954,-1027,-246,-67,-2480
6768,3132,-2398,-1416,1400,-397,-2480
-3996,-2758,16118,936,-407,-49,-2480
-166,-2612,13930,658,-731,96,-2464
314,878,6182,-1261,772,-189,-2432
1688,114,7258,-84,345,-267,-2480
-2094,-2436,13246,590,-274,-36,-2448
2320,-212,7506,-248,202,-204,-2464
-2522,-374,10644,-120,270,-107,-2464
926,2856,5588,-581,86,-251,-2464
238,-3680,12696,1076,7,-262,-2448
-804,-1442,9102,-1137,447,-201,-2480
254,354,8774,606,-240,46,-2464
-198,2716,12446,381,-583,-220,-2464
-360,-9930,16608,-463,994,-364,-2480
-1852,4168,1038,-802,-153,11,-2448
4222,-38,10348,1098,-535,-167,-2464
-1220,-2032,13520,-288,798,-284,-2464
-2456,-532,6958,69,-508,136,-2448
3792,2712,3098,-660,518,-105,-2448
1216,-292,9816,635,-109,-219,-2448
-1778,-2292,12622,257,-9,-75,-2464
1732,-272,7994,-161,51,-129,-2464
1724,-86,5618,-413,545,-181,-2480
-1048,3214,8440,125,-429,-159,-2416
356,-5472,14266,610,270,-340,-2496
350,3498,2316,-1170,606,-161,-2448
190,-1100,11022,1064,-534,19,-2448
-2416,1574,14582,519,-680,-96,-2480
1762,-9178,10406,-1950,1670,-540,-2448
-3388,2088,7084,377,-587,68,-2480
1078,-1836,18188,1578,-1096,-63,-2464
962,-1890,11316,-1282,1467,-417,-2464
-2942,-114,7186,-21,-364,96,-2480
3020,38,7678,297,-112,-23,-2448
-312,-1046,13446,412,-137,-170,-2448
-466,-1372,9062,-935,762,-310,-2464
-660,-916,7256,227,-210,-47,-2464
2074,-244,6932,-221,386,-203,-2448
-2848,1892,11116,616,-537,-41,-2448
3308,-712,3578,-926,760,-389,-2448
-388,2030,5860,315,6,-140,-2464
-692,-3286,13248,524,-322,-71,-2464
490,2118,3842,-421,90,-13,-2448
5816,1262,-134,-1604,1002,-462,-2448
-3738,-1912,13248,2359,-954,-11,-2432
-322,-1360,16490,-333,-498,-76,-2432
6912,2660,-1776,-1123,1317,-330,-2432
-3066,-146,8678,236,-41,-80,-2448
2142,-688,9380,659,-482,27,-2464
-1122,-924,12918,-181,159,-190,-2464
2832,1556,1944,-931,810,-317,-2480
-1184,-932,9030,396,-254,-32,-2480
2018,-402,7540,-27,231,-202,-2448
-3640,312,12876,395,-148,-53,-2464
3614,2036,1484,-1407,745,-346,-2464
-952,-408,10136,1376,-335,-150,-2480
-1018,-4062,13368,-542,148,-174,-2448
1446,2338,2762,-447,262,-17,-2496
2960,2830,6964,24,-201,-307,-2464
-2988,-8162,19970,1631,-225,-134,-2432
-916,5962,-1460,-1568,109,-35,-2448
6312,1556,2540,167,400,-263,-2448
-3322,-2276,14054,252,227,-179,-2432
344,-1202,11872,398,-648,118,-2464
3384,2604,2396,-1150,756,-156,-2480
1936,1050,5432,370,-56,-217,-2448
-1812,-2156,12580,312,-16,-128,-2480
1124,468,6024,-241,131,-116,-2464
726,-580,6394,-260,480,-135,-2464
1470,2856,4710,-105,-283,-157,-2464
1492,-5108,11228,681,176,-293,-2448
638,2888,3444,-1226,532,-186,-2448
828,618,7362,882,-386,23,-2448
-54,3456,12196,600,-730,-140,-2432
3894,-5014,1864,-1410,1404,-458,-2432
-1038,5456,-1634,143,-410,-12,-2448
4484,682,9694,1059,-343,-165,-2448
-1868,-3274,15580,-108,674,-293,-2464
-1234,-1648,11770,-199,-361,113,-2432
3836,2640,3360,-530,442,-115,-2448
806,-654,10862,809,-340,-197,-2480
-1440,-2452,12608,-351,436,-177,-2448
396,30,5464,-102,-5,-90,-2432
1540,-156,6218,-314,500,-189,-2464
-1190,3030,9036,630,-706,-79,-2448
3060,-2876,6078,-409,685,-393,-2448
-62,3208,3240,-405,213,-175,-2432
174,-2042,11892,1119,-561,-42,-2432
-340,2136,5130,-339,-76,-41,-2448
5716,-462,-2326,-2026,1432,-472,-2448
-2866,1478,6930,1783,-863,11,-2448
804,-1432,17190,586,-854,-35,-2464
6262,3324,-984,-1548,1595,-448,-2432
-2554,32,6868,254,-236,19,-2512
2750,196,7804,836,-617,10,-2448
322,320,6468,-435,286,-194,-2448
2350,1798,1504,-812,790,-273,-2464
-762,-1114,7936,568,-341,-4,-2464
2090,-348,7110,-249,301,-185,-2480
-2288,-34,10052,336,-182,-53,-2480
3872,-676,3076,-1142,569,-338,-2464
-50,-3604,12918,1190,-272,-173,-2480
-588,-1516,9254,-556,161,-148,-2448
1178,1904,2796,-350,272,-15,-2480
5332,3282,350,-1101,534,-366,-2464
-3912,-4726,17942,2715,-905,-47,-2464
-2034,-2370,17420,-1274,-107,-126,-2496
8082,4314,-4140,-1257,1270,-359,-2464
-4020,-2224,13996,1077,-395,-100,-2480
856,-2336,12680,347,-556,59,-2480
2706,2670,1688,-1149,751,-166,-2464
2158,1062,4408,0,268,-218,-2432
-1780,-1976,11688,440,-176,-43,-2432
1742,406,6694,-179,157,-156,-2448
-324,-914,8198,-36,186,-125,-2480
2198,1626,4032,-530,27,-217,-2496
1148,-4430,11584,879,63,-244,-2448
12,1192,6094,-948,367,-158,-2480
778,614,6084,535,-137,13,-2448
2330,4184,6974,163,-538,-209,-2448
2466,-8410,8364,-91,859,-395,-2464
-728,5488,-2752,-1410,208,-13,-2432
5970,2984,3206,1657,-979,-107,-2448
2200,-2164,10484,-240,899,-377,-2448
-1796,656,4790,-576,-118,119,-2432
3844,3884,1748,-19,114,-40,-2464
-148,-1488,13724,603,-159,-199,-2480
-60,-352,6138,-785,635,-223,-2480
1406,594,5526,86,-126,-69,-2448
1094,-1342,7028,-263,486,-206,-2464
-3178,1362,11268,541,-633,-56,-2464
2306,-3452,8028,-689,708,-384,-2448
216,3150,3428,-868,414,-198,-2448
-42,-1150,11050,1235,-650,2,-2464
-1178,1842,6858,-99,-254,-75,-2480
5588,-1858,-1888,-2144,1599,-517,-2448
-2570,3374,4060,1318,-846,17,-2448
2240,-694,15512,1116,-1090,-37,-2432
5860,2408,184,-1661,1737,-470,-2464
-2708,354,5610,63,-319,104,-2496
3616,1578,5482,653,-434,4,-2480
-178,-482,9888,99,59,-174,-2480
1484,966,2778,-1044,816,-279,-2464
232,-306,6050,383,-331,-54,-2464
