AcX,AcY,AcZ,GyX,GyY,GyZ,Tmp
-248,2722,5996,-293,137,-181,-2400
210,2388,4766,-300,204,2,-2400
5106,42,3102,-720,444,-384,-2432
-3566,-2630,11198,1499,-409,-121,-2416
-1480,3178,5954,-578,-538,59,-2416
7210,744,2308,-319,914,-420,-2400
-4222,-1222,12026,18,130,-80,-2400
-1448,-22,10276,230,-668,75,-2416
930,300,8064,-391,267,-92,-2416
2042,-178,5096,-409,636,-251,-2416
-1912,-840,9552,305,-249,-46,-2432
2264,312,6494,-142,117,-140,-2432
-1354,-630,9398,97,211,-155,-2416
2746,-146,5012,-688,55,-218,-2416
1054,-4032,10622,889,23,-285,-2400
354,836,6932,-1035,478,-78,-2432
806,1236,5784,659,-297,-44,-2400
-2590,2260,11450,133,-736,-279,-2416
2616,-6890,8208,-750,1259,-317,-2416
-1896,4436,5194,558,-905,80,-2400
1942,-240,12256,595,-544,-206,-2416
2202,348,7202,-1216,1596,-334,-2448
-2704,-670,9766,789,-1082,137,-2416
1792,-24,8344,-467,264,2,-2400
1458,1102,7524,-143,221,-267,-2432
-1006,-1614,9124,-20,266,-178,-2400
986,-382,7616,75,-271,-53,-2432
2626,-366,6450,-270,541,-205,-2416
-3142,2014,9560,163,-600,-172,-2416
2368,-4104,8818,-170,561,-284,-2416
256,2958,5964,-230,91,-163,-2400
-610,-3458,11850,767,-409,-20,-2432
-1612,3250,8000,-390,-296,-144,-2416
4846,-4472,3858,-1070,1315,-382,-2400
-3622,2864,6372,961,-941,19,-2416
4268,720,9798,409,-624,-126,-2416
4474,1206,6216,-1114,1588,-372,-2400
-4088,-1862,10840,617,-763,161,-2432
2582,668,6578,-349,19,-9,-2416
828,284,8052,-2,100,-224,-2384
136,-1250,8420,-236,508,-248,-2400
-114,-412,8162,182,-377,-54,-2400
3390,118,5892,-415,530,-223,-2416
-3766,740,11070,487,-575,-109,-2384
3134,-2840,6644,-829,701,-261,-2416
-216,3548,5708,603,-190,-226,-2432
-448,-2632,9680,-30,-19,-61,-2432
-100,2662,5312,-190,88,7,-2416
6452,-730,1532,-841,383,-424,-2384
-1348,-7724,14184,1528,-289,-153,-2432
-1232,2600,5968,-920,-278,96,-2400
7574,1998,1196,-73,711,-389,-2448
-2124,-2258,10328,71,204,-129,-2416
12,1350,8626,104,-608,81,-2416
980,-28,8278,-182,136,-121,-2400
2410,444,5486,-452,637,-314,-2416
-2052,-1344,8888,159,-162,-57,-2416
2912,36,6268,-125,98,-165,-2416
-2378,-252,9984,-1,333,-155,-2400
-102,2330,6546,-519,-102,-201,-2400
-98,2114,6586,-33,60,-183,-2416
558,1674,5598,543,-217,-23,-2432
4920,1840,3530,-927,348,-391,-2400
-3586,-4970,13338,1893,-557,-112,-2448
-974,772,8636,-915,-284,122,-2384
7588,1286,1836,-263,857,-393,-2432
-4340,-2488,12472,342,-24,-65,-2400
1696,568,7462,-39,-545,91,-2384
1660,668,7702,-221,181,-104,-2416
2188,22,6020,-394,615,-305,-2400
-2396,-928,9376,116,-172,-35,-2400
1878,92,7312,-71,75,-146,-2416
-496,-1376,8480,-41,319,-181,-2416
1384,1210,5620,-319,-303,-172,-2432
340,-970,9530,762,104,-305,-2432
320,2140,6070,-929,383,-80,-2432
356,170,7852,924,-504,-22,-2416
422,2474,9536,-231,-485,-256,-2416
4280,-4482,4808,-1052,1411,-391,-2400
-3644,2696,7424,732,-958,68,-2400
5004,672,8928,366,-404,-248,-2432
-898,-1578,8394,-884,1407,-346,-2432
-3840,-2438,10654,662,-1007,160,-2416
2578,1400,6534,-528,221,-34,-2416
2230,462,6442,-48,231,-287,-2416
-458,-1102,8476,-187,355,-146,-2432
448,-290,7782,72,-207,-105,-2416
1212,-664,7566,-184,571,-202,-2416
-1108,2740,7232,-75,-536,-179,-2416
1312,-3680,10470,302,375,-306,-2400
314,3308,5268,-809,357,-176,-2400
-190,-1868,10418,912,-558,-16,-2384
-2406,2426,11574,-231,-257,-101,-2416
6526,-680,528,-1824,1546,-394,-2432
-5064,-110,8994,1943,-1415,-66,-2400
2516,66,11458,-276,-489,-35,-2384
6990,1316,1936,-1035,1600,-429,-2384
-5190,-2030,12954,806,-835,103,-2448
3294,732,5676,-389,-29,20,-2400
1352,818,7794,-93,139,-180,-2432
1274,-724,6782,-384,624,-241,-2400
-1412,-428,8888,292,-391,-29,-2432
2528,94,6594,-261,415,-192,-2384
-2808,66,10652,365,-425,-129,-2384
2974,-1610,5972,-647,367,-290,-2400
-104,2358,6192,390,6,-256,-2400
-338,-1334,8760,-231,39,-45,-2384
684,2260,4836,-311,203,-3,-2416
4776,748,3746,-377,-7,-385,-2400
-3664,-4100,12288,1142,26,-126,-2400
-1628,3694,5984,-576,-562,75,-2400
7106,184,3092,-130,840,-384,-2432
-4244,-1140,11482,-201,264,-74,-2400
-2028,-174,10876,451,-855,112,-2416
1074,94,8178,-392,321,-90,-2384
2324,102,4638,-479,669,-309,-2400
-2120,-378,9752,463,-288,-24,-2400
2340,350,6746,-165,89,-122,-2416
-908,-674,8852,-39,284,-171,-2416
2572,182,4658,-515,-113,-201,-2416
1324,-4596,10668,794,118,-258,-2400
304,1446,6474,-1100,468,-95,-2432
940,972,5902,944,-494,0,-2416
-2242,1668,10648,44,-643,-254,-2448
3594,-5432,5804,-1328,1493,-392,-2400
-2776,4018,6546,1019,-1114,61,-2400
1788,390,10478,240,-430,-164,-2416
2766,1226,6946,-1170,1616,-359,-2448
-3470,-1878,10764,867,-1071,194,-2384
1898,360,7994,-608,302,3,-2400
844,1104,8294,29,77,-245,-2400
-764,-2078,9036,-121,378,-234,-2416
722,-260,7612,81,-297,-53,-2416
2936,20,6372,-249,470,-219,-2400
-3228,2114,10040,236,-599,-192,-2432
428,-2826,10548,995,-79,-264,-2384
-94,-700,7784,-928,414,-37,-2400
724,1972,4882,342,-156,-19,-2400
4588,880,4564,-126,-420,-365,-2400
852,-7538,11496,593,474,-191,-2400
-1594,4032,5790,-528,-509,137,-2400
7012,582,2814,188,291,-306,-2416
142,-558,8178,-515,799,-214,-2384
-1896,-198,9696,435,-874,151,-2400
1080,86,8256,-293,259,-63,-2400
2030,1006,6962,-337,367,-308,-2416
-1664,-1890,9142,268,16,-102,-2448
1586,-34,7718,31,-216,-82,-2400
-348,-746,8380,-327,607,-186,-2400
-1906,2542,8276,-104,-476,-164,-2400
1374,-4714,10634,290,444,-243,-2416
622,2180,5890,-762,309,-103,-2448
-550,-2964,12510,1098,-610,-46,-2432
-2286,1750,10230,-420,-246,-131,-2432
3878,-4664,4890,-1456,1350,-411,-2416
-4838,-1932,11240,1580,-1208,-35,-2416
1436,676,9958,-205,-402,-113,-2400
3078,1380,6718,-898,1484,-407,-2400
-4938,-2158,13186,654,-608,105,-2416
3512,1102,3880,-561,95,-3,-2416
800,584,8548,248,-114,-209,-2416
-608,-1918,9042,-485,667,-260,-2400
-1492,-222,8732,199,-363,-29,-2432
2700,-426,7110,-169,352,-222,-2384
-3188,2112,9834,248,-298,-101,-2416
3072,-1292,5216,-786,542,-274,-2400
-592,1806,7256,623,-205,-260,-2400
-582,-3494,11648,-119,-25,-62,-2432
970,1496,4854,-271,210,7,-2416
3754,2182,5034,-623,205,-374,-2384
-3062,-5698,14062,1374,-85,-175,-2400
-1394,4308,5446,-925,-285,144,-2416
6462,434,4372,174,491,-399,-2416
-4606,-2218,12736,868,-933,117,-2432
1178,292,8324,-195,108,-47,-2416
2544,238,5310,-421,424,-326,-2384
-1062,-1608,8664,116,123,-112,-2416
1148,-248,7860,10,-151,-126,-2416
84,-910,7682,-293,568,-165,-2432
-2512,2394,8976,-21,-564,-173,-2448
1822,-4952,10252,499,331,-290,-2448
616,2622,5624,-916,359,-110,-2416
684,462,7754,1096,-581,-35,-2400
-2232,2148,9174,-428,-263,-145,-2400
4542,-4068,3694,-1419,1430,-351,-2400
-3710,2284,7524,1398,-1121,-37,-2384
806,944,8122,34,-419,-110,-2416
3626,1550,6692,-761,1349,-405,-2432
-3670,-2208,11240,602,-700,104,-2432
2776,1028,5530,-400,47,-3,-2416
436,270,8750,71,-17,-199,-2416
160,-1172,8454,-497,688,-259,-2432
-70,-396,7860,154,-301,-40,-2400
2900,-558,6528,-210,371,-226,-2400
-3438,1452,10670,420,-445,-129,-2416
2668,-3718,7724,-828,664,-272,-2416
-568,562,8356,612,-214,-213,-2400
-324,-3110,10790,-89,9,-55,-2432
-378,2094,5814,-374,350,9,-2384
1076,2428,8698,-320,-74,-386,-2384
-1576,-7722,14952,1041,155,-171,-2432
-684,3228,4928,-880,-316,87,-2432
5412,-142,8198,397,260,-331,-2384
-1952,-2000,9514,-380,545,-160,-2416
384,1142,7530,194,-653,70,-2384
530,158,8260,-254,217,-97,-2432
2068,872,6074,-464,554,-283,-2400
-1804,-1120,9234,117,-3,-100,-2416
2612,-486,6512,111,-115,-100,-2416
842,-720,7308,-108,366,-139,-2400
1814,-4062,9416,-359,505,-285,-2416
358,2920,5608,-279,151,-178,-2400
-416,-3086,11358,626,-324,-43,-2432
-1892,2450,8032,-449,13,-3,-2400
5590,-3504,2502,-1376,1162,-400,-2368
-2670,-4606,12460,1759,-1002,-116,-2416
-862,1036,8224,-220,-578,-9,-2448
5336,1634,4756,-925,1413,-404,-2416
-3960,-1356,10858,463,-374,-9,-2400
1284,404,8082,-159,-283,44,-2432
694,328,7762,-248,166,-123,-2416
870,-782,7086,-399,662,-272,-2384
-2224,-1024,9382,291,-337,-5,-2400
3154,54,5818,-190,249,-189,-2400
-3056,350,10704,332,-146,-129,-2400
1860,1544,5120,-849,355,-267,-2416
-150,-1246,9984,921,-175,-226,-2416
26,-2124,8996,-897,412,-43,-2400
274,2512,4518,275,-44,-7,-2368
-198,2146,10102,2,-602,-323,-2448
-110,-7816,12858,143,784,-224,-2384
-1120,3452,4926,-330,-582,152,-2416
4896,20,9224,436,-8,-306,-2400
-1028,-1364,8986,-721,1039,-222,-2400
-810,976,9248,682,-1031,106,-2448
2664,424,6882,-495,303,-67,-2384
2196,1200,5984,-264,367,-312,-2432
-1700,-1768,9164,208,35,-115,-2400
382,-216,7532,-23,-170,-64,-2384
1248,-510,7340,-184,529,-232,-2416
-918,2432,7232,-139,-433,-175,-2416
1058,-3458,10598,297,378,-283,-2400
174,3330,5640,-769,333,-154,-2400
-174,-2144,10688,1020,-569,-14,-2384
-2060,3056,10768,-289,-302,-135,-2416
6322,-2062,1354,-1513,1415,-380,-2400
-4530,1328,8388,1482,-1139,-41,-2400
2562,230,11782,34,-635,-46,-2416
-3348,-2060,10976,-9,275,-145,-2400
822,460,8246,40,-577,81,-2416
730,138,7866,-171,128,-101,-2416
2532,324,5570,-405,643,-292,-2384
-2138,-906,9368,252,-253,-42,-2384
3226,36,6066,-164,216,-143,-2416
-3108,130,10648,20,204,-130,-2400
1036,1788,5674,-657,91,-257,-2400
260,-2430,10252,919,54,-256,-2416
-54,-1146,8042,-1009,383,-75,-2384
248,-796,9258,945,-438,-26,-2400
-552,2898,9864,-306,-463,-307,-2400
462,-7830,12180,-138,1006,-280,-2400
-3624,2708,6642,45,-642,92,-2416
4448,532,9296,461,-241,-247,-2384
-384,-1238,8502,-881,1389,-343,-2400
-4154,-2280,11156,777,-1074,178,-2416
2546,1086,6596,-543,275,-20,-2416
2528,862,6256,-139,308,-317,-2416
-2168,-1888,9314,-19,258,-155,-2400
264,-222,7528,39,-248,-70,-2400
1462,-494,7412,-244,617,-211,-2384
-1556,2782,7818,125,-651,-154,-2416
2620,-3438,7590,-42,494,-302,-2384
230,3738,5528,-349,148,-152,-2400
-484,-3022,11660,845,-481,-52,-2400
-550,2322,5992,-418,-59,-49,-2416
6894,-1350,470,-1729,1446,-442,-2384
-5054,480,8686,2095,-1242,-110,-2400
1420,-230,12544,-347,-521,6,-2400
7460,2436,946,-1169,1622,-444,-2432
-5466,-2278,13696,881,-652,2,-2416
2816,-114,6504,-376,-6,7,-2400
1760,1164,6964,-234,224,-181,-2400
1050,-714,7288,-190,453,-258,-2384
-1640,-934,9466,217,-377,-22,-2416
2956,202,5800,-484,596,-210,-2416
-3142,1884,9530,486,-509,-90,-2432
902,-2202,10064,682,170,-286,-2416
-804,-3598,11990,455,-305,-29,-2368
-1662,2906,7702,-447,-164,-111,-2432
5126,-3890,3334,-1448,1361,-429,-2384
-3968,2390,7000,1447,-1049,-46,-2416
-436,798,8718,192,-719,-60,-2384
5252,1240,5534,-1096,1597,-443,-2432
-4134,-1662,10934,610,-626,75,-2400
1752,348,7772,-111,-207,23,-2416
868,230,7792,-190,197,-197,-2384
290,-542,7272,-422,626,-257,-2432
-2344,-1072,9818,343,-422,-26,-2384
3440,196,5458,-411,469,-197,-2384
-3466,790,10874,464,-333,-129,-2384
2936,-2596,6802,-753,331,-228,-2432
272,-722,8914,659,-77,-253,-2400
-528,-2272,9712,-365,124,-39,-2432
-4,1976,5328,-31,90,11,-2416
632,2902,9042,-370,-147,-397,-2416
-1014,-7856,14496,716,403,-187,-2432
-1056,3360,5380,-651,-450,188,-2400
5288,566,9280,376,153,-378,-2416
-1280,-2214,9106,-493,803,-204,-2384
-702,862,9130,521,-984,168,-2400
1114,136,8098,-395,301,-69,-2432
2110,758,6132,-401,522,-342,-2432
-1940,-1600,9168,121,16,-74,-2416
2506,170,6502,21,-122,-112,-2416
1012,-662,7734,-109,448,-163,-2432
-652,2390,6884,-229,-371,-198,-2400
1346,-3034,9936,512,284,-283,-2416
148,3068,5686,-889,437,-124,-2416
2,-1512,9852,872,-493,-20,-2416
-1758,2526,10738,-194,-438,-174,-2448
1828,-6978,9414,-1327,1384,-361,-2432
-4460,374,8176,1151,-1120,47,-2400
3434,656,10380,88,-488,-151,-2384
-3448,-1212,10412,-93,269,-88,-2400
3430,1192,5086,-287,-46,19,-2464
1514,534,8166,65,95,-251,-2432
-1672,-2068,9644,-186,436,-172,-2400
-1000,-180,8636,212,-368,-16,-2416
2188,-382,7232,-247,526,-203,-2416
-2826,2204,8814,172,-612,-139,-2416
2244,-4404,9138,-340,570,-290,-2400
-292,2388,6184,-183,115,-177,-2432
-510,-2926,11460,504,-305,-31,-2448
-2264,2174,9688,-441,97,-43,-2416
5658,1114,2630,-1213,877,-411,-2400
-4092,-3930,12192,1957,-970,-130,-2400
270,806,9092,-759,-374,74,-2416
7320,1068,2168,-522,1170,-434,-2416
-4754,-2152,12916,232,-91,-27,-2368
2932,1190,4864,-207,-347,73,-2400
740,-112,8694,-55,55,-149,-2384
2014,-158,5288,-557,728,-300,-2416
-1930,-296,9146,314,-376,-32,-2384
3166,-324,6374,-72,186,-152,-2432
-1216,-604,9210,164,29,-132,-2400
2760,-134,4724,-837,256,-214,-2384
-308,772,7864,1034,-160,-262,-2416
394,1010,6530,-915,402,-40,-2416
840,1194,5354,456,-217,-15,-2432
2526,2058,7060,-30,-528,-388,-2400
2484,-6660,8188,8,898,-202,-2416
-1894,4262,5596,-288,-598,126,-2416
6126,262,5810,465,-96,-278,-2432
-2880,-2002,10166,-854,1177,-255,-2400
-2752,-1118,9860,647,-1012,131,-2384
1486,152,8512,-328,238,-61,-2416
2758,522,4804,-339,362,-351,-2416
-1106,-1908,9126,193,134,-134,-2400
1068,-180,7752,30,-240,-103,-2432
610,-532,7348,-373,628,-196,-2416
2958,-1484,5530,-849,412,-225,-2400
-316,2146,6514,770,-180,-277,-2416
76,-1144,7844,-326,119,-35,-2416
552,2486,4558,-398,184,-16,-2432
4800,226,4036,-496,250,-365,-2400
-3886,-3512,12270,1146,-163,-135,-2416
-1622,3856,5898,-646,-464,83,-2416
6796,92,3372,-59,796,-418,-2400
-4144,-1314,11794,-252,331,-82,-2400
-1892,80,10814,470,-827,66,-2384
964,-320,8602,-275,195,-111,-2416
2446,170,4402,-612,693,-301,-2448
-1914,-356,9218,425,-275,-100,-2400
1852,42,7276,-150,96,-125,-2432
-820,-760,8428,-89,376,-142,-2416
2924,628,4356,-529,-61,-196,-2416
1124,-4912,11320,972,55,-288,-2432
652,1856,5834,-1162,535,-73,-2400
944,1328,5472,976,-543,-45,-2416
-2388,1644,10968,14,-634,-244,-2384
-1676,-7536,14998,-299,1001,-249,-2400
-2642,4136,6540,-79,-675,169,-2432
5534,-172,8058,497,-109,-288,-2416
-2094,-1846,9250,-988,1245,-233,-2416
-3104,-1618,10656,858,-1118,136,-2400
1910,58,8202,-375,274,-48,-2432
2418,934,5074,-354,338,-306,-2432
-458,-1704,8730,93,204,-150,-2384
366,-412,8074,19,-221,-73,-2416
978,-400,7172,-311,618,-190,-2400
-3164,1976,9888,138,-595,-186,-2384
2024,-4532,9300,139,455,-305,-2416
554,3176,5360,-617,236,-115,-2416
298,-1136,9360,916,-510,-54,-2400
-1450,2234,7496,-517,-29,-76,-2400
5480,-2674,1828,-1457,1313,-376,-2432
-4418,1614,7786,1653,-1100,-77,-2448
-296,1776,7194,-238,-466,-42,-2416
514,-136,8212,-556,855,-225,-2416
1622,692,7198,-179,-246,-20,-2400
148,-106,8174,-37,-8,-126,-2400
1170,-1024,7360,-547,732,-295,-2432
-2162,-626,9364,224,-319,-21,-2416
2852,-334,6638,-134,262,-196,-2448
-3226,634,10846,227,-91,-90,-2432
1912,1688,5416,-778,320,-275,-2384
-330,-1792,10086,994,-199,-280,-2416
122,-1942,8554,-784,328,-77,-2416
340,2602,4506,212,-38,-23,-2400
-880,2050,10700,3,-555,-384,-2400
268,-7604,12546,202,710,-205,-2432
-1106,3640,5466,-90,-644,114,-2384
4324,96,10258,440,21,-296,-2416
-138,-1066,7912,-789,1083,-275,-2400
-1028,316,9110,611,-970,121,-2432
2440,1030,6830,-467,305,-23,-2416
1962,878,6504,-301,343,-294,-2416
-1602,-1540,9170,-13,247,-140,-2432
1814,-370,7280,138,-266,-85,-2432
1564,-570,7266,-145,497,-143,-2400
-680,2906,6708,-167,-451,-191,-2384
922,-3866,10576,512,282,-280,-2416
326,3466,5132,-764,303,-126,-2400
112,-1930,10628,929,-423,-34,-2400
-2872,2544,11294,-338,-159,-55,-2416
6392,-1116,882,-1669,1452,-398,-2384
-4390,130,8550,1794,-1238,-47,-2400
1330,-82,12184,59,-666,-63,-2400
6850,1904,1820,-1103,1545,-435,-2416
-4620,-1614,12598,726,-692,75,-2416
2546,238,6552,-327,-57,-2,-2416
1496,908,7568,-126,102,-166,-2400
1734,-608,6342,-369,644,-243,-2400
-1654,-646,9114,204,-308,-26,-2416
2696,144,6226,-259,348,-212,-2416
250,2236,6132,-288,-309,-212,-2384
442,-2748,10376,810,54,-281,-2416
136,-738,7770,-972,397,-79,-2416
190,-1002,9618,777,-338,-37,-2416
-1460,2274,11006,-104,-539,-277,-2416
1374,-6950,10646,-665,1180,-326,-2400
-4316,1722,8262,602,-873,52,-2384
3796,688,10308,324,-344,-221,-2416
408,-882,8236,-774,1293,-318,-2448
-2332,-512,10586,521,-885,174,-2400
2920,984,5624,-531,292,-26,-2432
1832,540,7732,31,111,-263,-2416
-1540,-1772,8972,-119,329,-193,-2416
-438,-400,8436,203,-345,-52,-2416
1962,-506,7164,-255,566,-204,-2400
-2090,2884,8234,132,-561,-193,-2400
2696,-2794,6990,-258,560,-311,-2416
0,3240,5566,-292,163,-148,-2416
-502,-3180,11830,606,-323,-38,-2432
-2438,2546,10204,-388,20,-35,-2400
6534,172,1078,-1529,1204,-412,-2432
-4700,-1540,10704,2074,-1208,-130,-2416
858,134,11404,-460,-508,-1,-2416
7686,1656,878,-905,1461,-452,-2400
-5210,-2024,13404,606,-451,63,-2400
2946,590,5848,-312,-212,60,-2416
700,20,8314,-31,76,-141,-2448
1714,-546,6172,-428,647,-275,-2432
-1860,-284,9130,222,-313,-32,-2400
2364,-48,7062,-100,165,-156,-2416
-1762,-482,9666,130,14,-134,-2384
2782,-302,5266,-696,254,-237,-2416
-404,1190,7670,850,-42,-263,-2432
172,334,7044,-804,319,-49,-2400
604,1674,5654,546,-249,8,-2384
3552,1180,5934,-303,-320,-349,-2384
1780,-7242,9600,246,708,-219,-2432
-2102,3562,5964,-322,-567,141,-2400
960,-304,8240,-937,1474,-377,-2432
1158,824,7920,408,-806,98,-2416
1696,904,7810,-359,249,-108,-2416
2480,252,4852,-443,594,-307,-2416
-2328,-986,9760,279,-230,-36,-2432
3272,-202,5920,-182,141,-155,-2400
40,-1244,7972,18,296,-144,-2400
1134,1638,6018,-425,-178,-192,-2384
296,-1778,9756,830,126,-287,-2384
588,2624,5796,-991,426,-64,-2400
310,-432,8406,1012,-498,-18,-2432
-448,3516,9854,-123,-616,-231,-2416
5090,-4756,3328,-1166,1484,-386,-2416
-3814,3488,6352,833,-1001,52,-2432
4208,218,10680,650,-668,-210,-2400
4812,2026,5084,-1405,1811,-358,-2416
-4204,-2084,11346,998,-1144,125,-2416
2416,362,7212,-476,179,-20,-2416
2350,832,6126,-154,265,-252,-2432
-370,-1092,8416,-111,329,-223,-2432
128,-596,8184,174,-312,-47,-2416
1456,-482,7284,-384,637,-199,-2448
-3586,1408,10366,242,-630,-147,-2384
2370,-3464,8114,-116,463,-315,-2416
322,3328,5484,-186,139,-205,-2432
-642,-3106,10638,454,-308,-13,-2416
-2204,3708,10322,-308,-263,-88,-2416
6518,-1824,1248,-1639,1478,-381,-2432
-4596,1168,8168,1538,-1107,-75,-2432
1286,6,12702,265,-775,-31,-2400
7342,2046,1462,-1333,1709,-432,-2416
-5268,-1654,12956,876,-816,80,-2416
2750,56,6456,-168,-197,7,-2432
1166,650,7006,-269,166,-174,-2416
1298,-448,6378,-370,642,-250,-2384
-1614,-946,9500,315,-428,-47,-2416
2898,74,6200,-414,504,-193,-2432
-106,2292,6428,-51,-560,-164,-2416
934,-2682,10310,573,250,-279,-2432
364,3062,5506,-972,390,-145,-2416
34,-962,9352,938,-525,-24,-2416
-1588,2642,11492,-95,-549,-233,-2416
1314,-7480,10890,-1393,1538,-381,-2400
-4588,1168,8062,1082,-1136,40,-2400
3570,282,11138,364,-516,-155,-2400
934,-422,7820,-1089,1603,-388,-2416
-4766,-2398,12234,807,-1023,164,-2416
3270,1058,5372,-564,216,27,-2400
1810,732,7476,-8,198,-267,-2400
286,-764,7776,-269,440,-202,-2416
-420,-530,8234,219,-330,-42,-2416
1906,-382,7346,-314,550,-192,-2384
-2200,2730,8006,333,-623,-134,-2400
2936,-2826,6810,-341,508,-317,-2432
50,3232,5512,-45,116,-227,-2416
-672,-2736,11496,447,-304,-10,-2416
342,1558,5296,-473,264,-18,-2400
6040,832,1516,-1161,743,-381,-2400
-4452,-2702,10984,2089,-871,-103,-2432
-1066,3616,5546,-853,-394,51,-2384
7636,694,1332,-502,1158,-437,-2384
-5136,-1572,12884,243,-95,-37,-2400
-658,522,8968,50,-547,72,-2416
766,174,7970,-270,209,-115,-2416
2020,-126,5642,-453,655,-318,-2416
-2110,-536,9496,315,-282,-37,-2400
2460,62,6698,-107,145,-166,-2400
-1516,-474,9328,132,74,-132,-2400
2772,-378,5406,-504,26,-221,-2416
1352,-3586,9950,725,75,-262,-2384
-46,430,7458,-880,368,-58,-2432
766,1588,5798,601,-254,-28,-2400
-2050,2302,10988,-51,-588,-296,-2416
2438,-6476,8546,-513,1077,-307,-2416
-2312,3904,6488,554,-937,109,-2432
6042,1144,3926,-506,1209,-446,-2448
-4694,-2268,12062,268,-267,66,-2400
1714,516,8142,-570,333,-15,-2432
1672,750,8160,-92,237,-298,-2432
-1504,-1990,9266,81,185,-152,-2432
1494,100,7176,62,-306,-38,-2416
2422,-198,6912,-251,542,-225,-2384
-3064,2554,9422,145,-669,-165,-2416
1940,-4994,10158,-192,616,-304,-2400
-284,2944,6114,-297,186,-157,-2416
-788,-3524,12514,862,-516,-34,-2416
-1974,1836,9218,-486,31,-42,-2416
5358,-3854,2394,-1443,1145,-422,-2400
-4202,-4144,12718,2004,-1263,-118,-2400
304,1086,8706,-673,-301,34,-2416
4698,1780,5242,-1164,1656,-397,-2416
-4310,-2230,11786,849,-852,105,-2400
2566,980,5762,-519,67,55,-2384
748,524,8148,91,-29,-176,-2416
70,-1382,8666,-244,511,-264,-2384
-52,-476,7988,138,-343,2,-2384
3316,-136,6154,-208,421,-205,-2400
-3660,1188,10964,294,-473,-131,-2400
2448,-3610,7870,-797,642,-264,-2416
-384,672,8204,424,-139,-225,-2416
-836,-2986,11152,-53,-66,-27,-2400
-438,2214,6206,-415,221,3,-2400
2412,1446,7312,-479,192,-412,-2448
-2104,-6250,13838,1399,-366,-119,-2384
-758,2942,6422,-727,-447,81,-2416
5910,1036,4066,-130,842,-374,-2400
-2620,-1178,9690,-134,231,-81,-2368
792,936,8006,286,-725,109,-2416
160,-470,8496,-207,150,-77,-2416
2756,596,4284,-579,699,-311,-2416
-2330,-1024,9562,398,-292,-56,-2400
2866,-410,6674,-106,122,-153,-2400
700,2200,6190,5,-573,-207,-2400
1992,-4602,9638,480,363,-279,-2416
238,-670,7512,-618,281,-73,-2400
712,1934,4334,-183,148,-20,-2400
4786,1276,3564,-215,-125,-371,-2400
808,-7650,11860,798,264,-193,-2416
-1138,4376,5006,-747,-454,109,-2416
6538,340,3878,369,327,-355,-2432
-4350,-2304,12530,-672,746,-136,-2400
-1446,296,9622,656,-1021,83,-2384
466,-642,9216,-262,235,-69,-2416
2552,386,4484,-602,630,-322,-2416
-1646,-2216,9382,405,-86,-92,-2432
1522,-244,7704,-118,-35,-117,-2400
-584,-474,8262,-233,530,-176,-2416
-1542,2770,8022,-300,-290,-201,-2448
1010,-4644,11222,871,104,-282,-2384
654,1736,5778,-1056,451,-102,-2400
-416,-2834,11986,1101,-605,-22,-2384
-2636,2572,10726,-222,-432,-189,-2384
3238,-6310,6720,-1399,1470,-375,-2384
-2612,3990,6272,280,-761,119,-2400
5556,106,7644,543,-254,-219,-2400
2500,1104,7364,-972,1311,-282,-2416
-2792,-1280,10028,696,-1007,135,-2416
1848,196,8060,-346,215,-39,-2400
2388,794,5568,-209,210,-286,-2432
-518,-1532,8740,-89,350,-195,-2416
512,-738,7870,64,-268,23,-2384
962,-404,7016,-297,555,-173,-2416
-3280,1614,10164,304,-716,-145,-2400
2418,-3944,8354,-229,601,-272,-2400
132,3596,5774,-822,307,-111,-2400
222,-1588,10294,1043,-524,-3,-2400
-2232,2344,11336,-340,-324,-141,-2432
5702,-2190,1752,-1389,1378,-394,-2416
-4464,638,8346,1298,-1121,-36,-2384
6184,370,4960,228,410,-357,-2416
-3030,-1704,10794,-90,179,-89,-2384
1196,780,7560,166,-572,83,-2384
456,-20,8236,-244,142,-135,-2416
2418,184,5396,-444,697,-276,-2384
-1882,-1078,9114,184,-166,-47,-2400
2884,-12,6160,-61,89,-128,-2432
218,-1064,8112,122,158,-167,-2416
1708,1836,5174,-766,162,-236,-2416
-18,-1568,9860,1073,-93,-251,-2400
-80,-1930,9068,-1069,462,-70,-2400
664,-74,7944,626,-245,-40,-2368
-1490,2646,11090,44,-744,-220,-2416
472,-8294,12868,-949,1364,-335,-2416
-4106,3084,6962,685,-926,88,-2400
3692,144,11650,687,-565,-220,-2432
86,-1454,8750,-1190,1612,-328,-2416
-3722,-1840,10992,673,-915,148,-2416
2422,302,7126,-306,142,-9,-2384
1764,754,7026,-208,205,-234,-2400
710,-824,7268,-220,468,-196,-2416
-732,-1078,8846,287,-388,-48,-2416
1850,10,6944,-322,557,-188,-2416
-1412,2728,7584,235,-578,-159,-2400
2502,-3176,7600,-209,554,-300,-2400
-12,3258,5502,-172,124,-186,-2416
-114,-2770,10960,590,-298,-24,-2384
-324,2498,5272,-660,211,-47,-2400
5634,-900,2174,-943,730,-399,-2400
-4216,-1098,9708,1653,-837,-110,-2432
-1318,2676,6184,-435,-539,54,-2384
6834,1122,2516,-638,1206,-460,-2416
-4376,-1368,12118,206,-157,-28,-2432
-382,66,9450,66,-502,43,-2416
728,510,7756,-347,234,-107,-2416
1940,-222,5500,-361,644,-273,-2416
-1820,-794,9570,294,-318,-59,-2400
2684,540,6072,-243,269,-164,-2368
-3092,2018,9226,18,-576,-181,-2416
-404,1600,7126,210,-44,-191,-2368
-440,-3198,11376,280,-147,-44,-2400
-1396,1878,7566,-560,220,-24,-2384
6370,-1510,610,-925,567,-351,-2400
-2548,-6428,14274,1911,-806,-129,-2400
-748,2258,6794,-830,-345,69,-2416
6108,1664,3550,-412,1070,-465,-2416
-3650,-1802,11316,110,27,-55,-2400
1470,1488,6912,-73,-471,78,-2432
318,-396,8470,-99,134,-134,-2416
2284,498,4852,-508,687,-278,-2416
-1864,-872,9180,305,-280,-47,-2448
2904,-316,6532,-117,97,-140,-2432
110,-694,7920,9,221,-157,-2416
1148,1394,5924,-591,52,-197,-2416
344,-1570,9506,815,49,-236,-2416
-250,-1624,8910,-917,377,-98,-2400
486,-560,8516,767,-282,8,-2432
212,3190,8864,-270,-508,-325,-2384
-300,-8066,13510,-44,926,-279,-2416
-3080,3462,6080,-249,-488,124,-2416
4822,860,8702,529,-337,-230,-2400
-1132,-1870,9518,-789,1251,-304,-2400
-3456,-1466,9910,420,-872,148,-2416
2212,376,7252,-176,97,-27,-2416
2332,588,6840,-167,258,-290,-2432
-1796,-1388,8838,-13,284,-165,-2400
66,-480,8234,174,-362,-70,-2416
1440,-464,7368,-378,653,-212,-2416
-1622,2560,7732,167,-626,-153,-2416
2860,-3068,7170,-254,558,-312,-2432
-114,3140,5946,-244,112,-182,-2400
-310,-2902,11476,669,-364,-38,-2384
-698,2700,6124,-413,-84,-68,-2416
6344,-1556,1518,-1405,1157,-440,-2432
-4654,374,8794,1713,-1063,-98,-2400
-1428,2022,7226,-343,-545,38,-2416
6994,1752,2476,-926,1469,-446,-2416
-5180,-2078,12924,652,-508,30,-2416
3072,912,5366,-285,-181,46,-2416
1072,-174,7820,-73,109,-165,-2400
778,-408,7198,-395,595,-270,-2432
-1204,-598,8952,260,-361,-5,-2416
3096,72,6004,-320,411,-200,-2384
-3034,-4,10538,349,-211,-133,-2416
3102,-1764,5730,-856,355,-218,-2432
586,-2280,10122,919,-116,-277,-2416
-176,-900,8162,-663,248,-64,-2416
592,1970,5166,214,-49,10,-2448
5438,1582,2788,-417,-287,-410,-2400
154,-8854,13330,906,382,-190,-2432
-1066,3654,4928,-939,-252,202,-2432
7550,1392,1436,507,124,-332,-2416
12,-1454,8766,-471,807,-180,-2416
-1380,490,8590,382,-893,142,-2432
1232,410,8234,-200,156,-74,-2400
1958,962,6950,-370,413,-306,-2416
-1634,-1488,8916,81,74,-76,-2416
1958,26,7378,123,-186,-86,-2400
-776,-954,8708,-294,582,-169,-2368
-2022,2350,8260,-63,-470,-157,-2400
1814,-4106,10058,322,388,-300,-2416
252,1572,6280,-770,324,-150,-2416
-380,-3270,11596,991,-564,-14,-2400
-2134,2986,9586,-412,-281,-132,-2432
3300,-5958,6812,-1425,1384,-429,-2416
-4454,-832,9294,1257,-1034,-24,-2416
1252,482,10532,180,-664,-53,-2432
2964,564,7834,-1038,1572,-405,-2400
-4940,-1472,12634,566,-630,95,-2416
2972,584,5554,-293,-75,18,-2416
1268,244,8394,-90,170,-205,-2416
-986,-1128,8442,-385,529,-236,-2400
-1652,-734,9640,335,-410,-23,-2432
3062,-182,6200,-451,524,-208,-2384
-3384,1952,9622,478,-481,-119,-2416
2874,-882,5606,-698,427,-263,-2432
14,1554,6860,465,-40,-246,-2400
-946,-3176,11454,-80,-56,-53,-2432
-1234,1646,7528,-365,261,9,-2400
3748,2404,4880,-787,357,-417,-2400
-3096,-6566,14554,1550,-175,-150,-2416
-492,2226,6126,-957,-352,112,-2384
7132,578,4454,76,672,-431,-2432
-3982,-2084,11466,-83,259,-95,-2400
1626,1356,6920,240,-785,80,-2416
1724,366,8230,-297,261,-114,-2416
2120,312,5188,-471,559,-320,-2432
-2180,-1136,9616,264,-170,-48,-2400
1490,130,7342,-43,-18,-142,-2384
218,-852,7742,-43,324,-169,-2416
956,1328,6110,-373,-202,-206,-2416
624,-1198,9084,651,200,-299,-2432
164,2042,6200,-914,399,-139,-2432
412,20,8216,844,-450,12,-2384
92,2618,9430,-163,-491,-251,-2416
4384,-4780,4404,-1098,1335,-343,-2432
-3874,2814,7358,876,-1026,78,-2400
5532,584,8594,240,-469,-187,-2448
3646,862,7280,-842,1456,-325,-2416
-3780,-1762,10580,453,-863,152,-2416
2892,1006,6336,-414,215,-22,-2400
442,70,8568,23,95,-220,-2384
-120,-1428,8498,-242,479,-205,-2384
218,-126,7662,262,-422,-53,-2384
1348,-442,7348,-310,522,-209,-2432
-3554,1200,10298,270,-649,-144,-2400
2828,-3500,7492,-539,615,-279,-2448
20,3362,5524,46,20,-227,-2416
-712,-2642,10920,455,-271,-26,-2416
-530,1740,6492,-531,237,-4,-2400
6450,-424,624,-1076,727,-400,-2400
-1850,-7618,14496,1849,-675,-148,-2416
-718,3316,5200,-895,-302,73,-2384
6554,1574,2648,-714,1344,-442,-2432
-5074,-2698,13330,591,-519,83,-2400
3242,818,4910,-554,76,27,-2432
306,-568,8330,184,-80,-180,-2384
1292,-556,7218,-436,674,-257,-2416
-1200,-44,8378,204,-343,-28,-2416
2628,-130,6326,-146,291,-219,-2400
-2738,60,10414,266,-309,-152,-2400
2846,-1932,5656,-879,530,-258,-2384
-196,2830,6160,700,-161,-272,-2384
-164,-1158,8264,-330,90,-39,-2384
454,1802,5076,-60,91,-39,-2400
5470,1064,2976,-494,22,-421,-2432
388,-8346,12756,1170,102,-179,-2384
-1284,4176,4952,-927,-278,124,-2416
7170,850,1958,235,413,-348,-2400
-170,-1126,8400,-495,775,-178,-2384
-1468,344,8784,271,-741,105,-2416
894,248,8510,-85,101,-80,-2416
2284,-368,5928,-483,572,-319,-2416
-1686,-1286,8680,186,-74,-69,-2400
1802,-288,7794,127,-172,-128,-2400
-1020,-1074,9146,-357,592,-164,-2384
-1426,2802,7468,-303,-272,-241,-2384
1060,-4778,11062,677,241,-288,-2432
576,1934,5890,-1067,477,-118,-2400
-570,-2582,12338,1150,-687,-18,-2416
-2000,1318,10596,-231,-391,-188,-2416
3340,-4972,6142,-704,1226,-305,-2432
-2708,3582,6920,458,-921,120,-2400
5664,-366,7298,175,-69,-234,-2416
2366,1194,6756,-929,1321,-292,-2384
-3546,-2206,11444,922,-1177,109,-2384
1836,386,8078,-682,364,-26,-2432
1188,962,8636,36,56,-271,-2416
-918,-2314,9298,61,256,-205,-2416
644,348,7384,-83,-201,-40,-2416
934,-654,7106,-213,555,-197,-2400
-2882,2468,9486,59,-612,-168,-2432
1616,-4796,10202,139,493,-286,-2400
944,3312,5134,-612,242,-143,-2432
-678,-3516,12320,944,-530,-19,-2448
-1890,1570,8798,-387,-118,-84,-2416
5720,-2848,1326,-1773,1495,-372,-2416
-4350,2712,7462,2034,-1344,-92,-2432
-270,1198,7834,-402,-349,4,-2400
5294,2346,4304,-860,1390,-452,-2384
-4472,-2468,12610,869,-697,60,-2384
2424,1290,5520,-524,7,33,-2432
262,428,8158,172,-86,-147,-2400
636,-1424,8364,-522,770,-286,-2416
-2034,-204,8712,54,-236,-58,-2448
3002,-456,6408,-56,251,-193,-2416
-3584,688,11298,230,-174,-91,-2432
2340,1314,4636,-915,414,-227,-2384
-462,-798,9648,1019,-331,-255,-2384
-334,-2488,9962,-96,22,-34,-2432
146,3008,4780,-468,245,5,-2400
5628,-802,2300,-679,388,-345,-2400
-696,-6886,13402,1379,-257,-148,-2384
-1150,2826,6050,-698,-403,64,-2384
6628,1038,2702,-79,717,-386,-2400
-1244,-1328,8652,-158,319,-139,-2384
-576,438,9262,267,-709,91,-2416
554,110,8238,-271,141,-103,-2416
2186,-402,5528,-487,640,-300,-2368
-1942,-1530,9184,248,-156,-78,-2400
2168,-56,7048,-56,29,-117,-2368
-1708,-554,9692,-33,257,-155,-2416
-488,2936,6750,-508,-80,-222,-2384
726,-4104,11338,955,43,-277,-2400
480,468,7010,-1136,492,-118,-2432
-2,-1528,10742,918,-463,-46,-2416
-2818,1640,12004,18,-613,-201,-2416
2840,-6364,7510,-1607,1576,-357,-2432
-2126,4176,6198,1273,-1215,38,-2432
2010,-34,11332,266,-492,-153,-2416
2352,902,7070,-1102,1414,-308,-2400
-2722,-1222,10164,824,-1129,83,-2432
1760,230,7932,-447,269,-21,-2400
1456,960,7632,-233,288,-274,-2416
-776,-1500,8432,-45,306,-168,-2384
688,-484,8028,106,-311,-46,-2400
582,-802,7494,-242,547,-193,-2400
-2556,2342,8884,116,-637,-166,-2416
1570,-4504,10010,96,434,-288,-2416
484,2700,5644,-601,269,-142,-2416
-504,-3124,11714,838,-430,-30,-2432
-1990,1880,8844,-514,24,-56,-2432
5244,-3444,2714,-1349,1157,-380,-2416
-3270,-3942,12448,1779,-1092,-70,-2384
-300,1376,8468,-379,-488,24,-2400
4530,1192,5800,-770,1336,-422,-2400
-3706,-1686,10776,532,-649,105,-2384
2640,840,6400,-235,-57,-6,-2416
538,216,8454,-60,136,-190,-2432
824,-826,7050,-411,633,-266,-2432
-546,-484,8642,303,-433,-3,-2416
3166,-66,5982,-320,470,-229,-2384
-3166,894,10412,348,-367,-112,-2400
2722,-2902,6930,-778,575,-271,-2432
-232,-666,9098,590,-98,-237,-2384
-228,-2472,9660,-193,70,-47,-2416
46,2546,4802,-384,237,-18,-2416
5698,-64,2234,-256,-119,-362,-2432
-290,-7138,13068,1127,25,-188,-2400
-1150,2924,5514,-591,-459,131,-2416
7150,974,2324,-43,611,-373,-2384
-1454,-1386,9076,-333,586,-163,-2368
-746,522,9534,390,-829,88,-2432
662,-92,8596,-380,270,-80,-2400
2102,856,6254,-381,481,-284,-2416
-1798,-1592,9230,271,-155,-103,-2416
2440,16,6456,-103,-44,-99,-2400
1062,-774,7598,-40,368,-175,-2384
-642,2636,7166,-363,-279,-198,-2416
1088,-3604,10352,697,198,-271,-2448
-44,470,7436,-996,444,-99,-2416
-192,-2040,10718,948,-489,8,-2416
-1960,3166,10650,-115,-573,-249,-2432
1664,-7874,10314,-1047,1354,-369,-2400
-4662,1784,8154,803,-927,74,-2416
2800,-98,11860,588,-583,-191,-2416
986,-432,8502,-1136,1566,-349,-2384
-2198,-232,9392,736,-930,163,-2400
3064,268,5868,-402,181,-8,-2400
1468,1146,7752,-69,107,-237,-2448
-1202,-1790,8724,-120,379,-222,-2416
-976,-610,8552,197,-360,-18,-2432
2324,14,6604,-392,574,-204,-2432
-2674,2066,8802,350,-578,-148,-2416
3140,-1726,5802,-515,617,-298,-2416
-320,2428,6556,77,6,-190,-2448
-384,-3524,11778,312,-161,-72,-2400
340,2536,5234,-347,121,-25,-2416
5378,310,3112,-1027,664,-415,-2416
-3988,-2846,11594,1702,-749,-126,-2384
164,602,9776,-661,-460,45,-2400
7604,1160,1658,-576,1200,-443,-2432
-4726,-1786,12634,192,-15,-45,-2416
2604,884,5966,-38,-409,66,-2400
1164,210,8230,-163,131,-161,-2416
1918,-204,5428,-474,716,-311,-2384
-2056,-416,9464,308,-374,-7,-2368
2314,352,6784,-222,213,-169,-2448
-1280,-1094,9094,141,135,-150,-2416
2672,274,4872,-698,85,-206,-2416
-292,296,8606,988,-33,-309,-2400
390,1536,6254,-1049,439,-69,-2464
686,1052,6172,669,-316,3,-2400
2248,2608,7264,-178,-547,-337,-2416
2890,-6896,7392,-206,1021,-272,-2416
-2378,4112,5724,56,-708,138,-2400
6232,690,6262,586,-262,-259,-2400
2518,478,7264,-1052,1425,-306,-2448
-3054,-1382,10192,721,-1084,138,-2368
2012,352,8048,-407,224,-77,-2416
2422,502,5240,-340,373,-317,-2384
-1118,-1456,8688,56,187,-152,-2400
826,-124,7966,58,-225,-60,-2432
684,-896,7650,-309,665,-185,-2448
-3108,1912,9416,73,-616,-174,-2416
2218,-3972,9158,222,388,-297,-2384
258,2802,5868,-532,224,-164,-2400
-706,-3450,11742,838,-487,-5,-2384
-1682,2752,7936,-415,-136,-88,-2416
5174,-4014,3252,-1536,1405,-407,-2416
-4024,2616,6940,1614,-1072,-87,-2432
-514,1002,8742,-1,-672,-16,-2400
5096,1426,5390,-1000,1529,-447,-2416
-4220,-1560,11370,637,-625,56,-2416
1604,360,7852,-116,-276,3,-2400
778,144,8072,-165,164,-169,-2432
396,-716,7300,-434,641,-255,-2432
-2254,-926,9604,321,-406,-7,-2416
3492,78,5572,-390,482,-213,-2384
-3532,540,10940,375,-244,-104,-2432
1814,1206,5398,-767,290,-263,-2416
142,-806,9066,825,-105,-258,-2448
-548,-2272,9906,-494,142,-61,-2416
268,2124,4908,-156,137,9,-2384
476,2136,9396,-53,-400,-389,-2400
-738,-7494,13788,524,472,-179,-2432
-1026,3614,5570,-256,-632,139,-2416
5716,222,8772,210,395,-372,-2416
-1416,-1552,8664,-601,897,-209,-2400
-652,424,9354,629,-1014,129,-2432
918,-106,8092,-447,310,-134,-2416
1654,318,5546,-448,602,-306,-2384
-2020,-1932,9744,324,-243,-33,-2400
2536,226,6506,-217,181,-137,-2400
-1706,-112,9228,99,233,-171,-2416
-790,2128,7442,-390,-162,-188,-2448
1344,-2898,9810,714,139,-289,-2416
-168,26,7750,-851,341,-85,-2448
718,1232,6102,696,-335,-12,-2432
-2022,3276,10992,-55,-614,-300,-2432
1782,-7810,10268,-955,1307,-343,-2384
-1950,4206,6136,545,-903,138,-2416
2966,136,11528,463,-461,-217,-2432
1256,-236,8436,-955,1481,-316,-2400
-2540,-762,9610,580,-973,159,-2368
3256,590,5496,-420,237,-7,-2416
1436,984,7596,-160,219,-262,-2384
-1462,-1830,9074,-128,387,-213,-2400
-1052,-582,8556,216,-380,-17,-2384
2226,38,6994,-291,571,-216,-2384
-2578,2154,8912,263,-685,-148,-2416
2180,-4222,9486,-346,578,-301,-2400
-354,2710,6410,-196,149,-174,-2432
-564,-3088,11738,614,-368,-5,-2432
-2122,2094,9494,-549,171,-19,-2416
5114,834,3110,-1185,928,-379,-2416
-3968,-3864,12002,1815,-895,-107,-2400
564,1334,8394,-624,-429,2,-2400
7220,574,2616,-458,1127,-454,-2384
-4536,-1694,12090,191,-155,24,-2416
2928,1394,5076,-12,-457,84,-2400
686,-186,8806,-133,113,-161,-2400
2044,-144,4968,-516,723,-283,-2384
-2028,-488,9700,429,-452,-33,-2416
3204,-354,6444,-189,275,-176,-2416
-1334,-580,9202,201,-56,-98,-2400
2904,-372,4746,-922,348,-244,-2400
-258,952,7702,993,-175,-282,-2416
304,802,6812,-831,392,-66,-2384
1124,1260,5148,324,-122,-36,-2368
2018,2826,7544,211,-690,-374,-2400
2986,-6432,7368,-356,1052,-272,-2416
-2220,4696,5654,-134,-645,108,-2416
5654,-62,7472,634,-123,-312,-2416
-2712,-2074,10256,-1072,1318,-260,-2432
-2948,-902,10170,684,-1040,127,-2432
1584,-124,8510,-306,245,-52,-2432
2684,638,4936,-402,355,-304,-2384
-1138,-1782,9348,246,80,-135,-2416
900,-594,7982,44,-235,-95,-2448
574,-232,7274,-356,613,-204,-2432
-3088,1916,9718,74,-539,-184,-2416
2018,-4580,9608,214,453,-253,-2384
514,3094,5648,-714,282,-132,-2416
228,-706,9122,1085,-585,10,-2400
-1584,2670,8020,-511,-174,-97,-2432
4850,-3998,3356,-1292,1272,-413,-2384
-3846,2204,7298,1340,-1029,-30,-2416
206,1094,8724,50,-522,-67,-2416
4238,1262,6516,-854,1425,-428,-2432
-4050,-2176,11220,490,-566,98,-2400
2462,622,6004,-317,-56,5,-2416
336,156,8796,152,-96,-189,-2416
238,-1318,8394,-467,715,-270,-2432
-64,-322,7568,234,-369,-31,-2400
3110,-206,6282,-291,358,-206,-2416
-3562,1146,10792,364,-357,-80,-2416
2612,-3510,7450,-950,690,-278,-2384
-672,120,8786,839,-328,-222,-2400
-442,-2850,10616,-288,77,-52,-2432
-122,1572,5936,-267,203,-4,-2416
1412,2384,8378,-331,-59,-374,-2416
-1680,-7508,14824,1048,147,-158,-2400
-536,3582,4786,-967,-301,128,-2368
5228,-504,8574,443,304,-378,-2416
-1988,-1846,9226,-553,678,-135,-2384
856,1484,6860,489,-866,91,-2400
34,-580,9058,-75,81,-104,-2400
2858,1014,4228,-648,673,-282,-2432
-1994,-982,9418,326,-131,-106,-2416
2478,-494,7334,-28,-56,-90,-2384
902,-418,7044,-238,509,-178,-2400
486,2102,6284,-336,-239,-203,-2400
302,-3170,10886,913,67,-277,-2400
710,3448,4992,-1131,494,-96,-2384
34,-1322,9586,1059,-547,-33,-2384
-1198,3090,10408,-239,-541,-252,-2384
578,-7944,12444,-1003,1336,-339,-2400
-3984,2654,6786,581,-865,81,-2432
3680,234,11040,526,-566,-123,-2416
378,-1040,8232,-1079,1550,-368,-2384
-3898,-1746,11382,708,-897,115,-2400
2532,24,6568,-302,82,-8,-2432
2134,1120,6720,-208,176,-268,-2432
804,-1240,7750,-155,471,-238,-2416
-806,-548,8660,93,-324,-22,-2416
2040,28,6604,-329,542,-207,-2400
-3446,614,11130,424,-641,-138,-2416
2966,-2778,6536,-603,697,-317,-2416
-50,3380,5432,145,-70,-177,-2416
-486,-3222,12446,277,-176,-29,-2368
184,2662,4668,-655,314,-16,-2400
5650,68,2034,-888,578,-401,-2432
-4338,-2598,11190,1597,-481,-145,-2416
-1068,3418,5532,-763,-357,36,-2384
6728,914,2758,-68,752,-418,-2432
-4622,-2132,13212,30,55,-57,-2400
-700,682,8986,131,-558,57,-2416
628,-222,8406,-198,138,-124,-2416
1962,62,5814,-525,678,-275,-2400
-1834,-518,9208,231,-189,-48,-2432
2080,-14,6828,-111,106,-146,-2416
-1658,-374,9260,126,122,-143,-2416
3050,-922,5022,-714,148,-250,-2416
766,-3676,10606,977,-71,-240,-2432
142,374,7484,-954,403,-90,-2400
1004,1754,5300,625,-252,-42,-2384
-2552,2180,11486,57,-663,-278,-2416
2286,-7042,8886,-937,1318,-308,-2400
-1944,4160,5990,462,-828,130,-2432
2256,-40,11564,543,-503,-204,-2416
1782,54,7832,-1035,1448,-296,-2384
-2274,-658,9058,583,-929,120,-2416
1790,450,7492,-269,182,-26,-2416
1274,710,7904,-165,209,-248,-2432
-822,-1084,8336,-118,408,-184,-2432
846,-300,8342,218,-384,-19,-2400
2518,156,6364,-361,586,-197,-2416
-2568,2150,8916,130,-617,-154,-2416
1830,-4276,9806,-112,519,-270,-2400
-338,2528,6446,-292,134,-182,-2416
-286,-3276,11420,689,-322,18,-2384
-2064,2352,8370,-594,107,-58,-2448
4976,-3536,3226,-1039,891,-379,-2432
-3052,-3660,11696,1617,-911,-122,-2400
-406,1306,8874,-217,-622,-3,-2400
4728,958,5972,-725,1304,-425,-2416
-3916,-1368,11644,267,-234,1,-2384
1768,668,7174,1,-441,25,-2400
588,-336,8334,-196,197,-152,-2400
2282,320,5006,-473,657,-273,-2384
-2068,-992,9668,393,-404,-57,-2384
3094,-246,6088,-283,293,-168,-2400
-3162,1102,10060,272,-89,-154,-2400
2252,512,5130,-771,291,-267,-2400
-162,-70,8872,819,-60,-259,-2416
-302,-2372,9626,-752,312,-57,-2448
662,486,6820,368,-99,-1,-2464
770,3072,8648,-97,-559,-376,-2432
-988,-8300,14498,58,812,-284,-2416
-1208,3090,5496,-949,-294,148,-2416
7466,1624,994,97,488,-365,-2400
-2034,-2064,9960,-180,456,-147,-2400
-170,1150,8268,247,-756,140,-2416
662,44,8364,-188,158,-114,-2416
2434,734,5662,-447,519,-320,-2400
-1764,-1238,8888,215,-72,-33,-2400
2446,0,6868,28,-131,-79,-2416
954,-612,7396,-177,493,-161,-2416
-386,2272,6652,-386,-238,-160,-2416
938,-3292,10268,783,153,-279,-2384
116,40,7374,-1028,436,-98,-2416
60,-1866,10396,1055,-526,-30,-2432
-1742,3296,10616,-233,-528,-198,-2432
1400,-7774,10894,-1002,1316,-385,-2448
-4484,1912,7714,569,-851,97,-2416
3250,178,11148,458,-573,-175,-2400
662,-520,8606,-1040,1553,-342,-2400
-4524,-1674,11960,598,-838,137,-2416
2924,562,5670,-343,93,-1,-2448
1838,900,7604,-39,139,-250,-2384
-1668,-1646,9268,-176,413,-234,-2400
-632,-456,8386,151,-346,-32,-2432
2280,-70,6796,-360,590,-225,-2384
-3024,2488,9260,358,-622,-144,-2416
3310,-1690,5534,-711,726,-274,-2432
-610,2644,6334,292,-115,-193,-2400
-652,-4072,12560,346,-206,-15,-2432
-1966,3206,8798,-509,-59,-61,-2416
4736,-5080,4288,-1434,1232,-395,-2368
-4330,-2472,11810,1723,-1122,-103,-2400
-92,264,10638,-247,-550,25,-2416
4542,1540,5758,-1137,1594,-454,-2416
-5066,-2298,13316,797,-635,55,-2416
2768,652,5374,-337,-173,22,-2432
1222,614,7762,-19,59,-146,-2432
1688,-496,6112,-359,581,-293,-2384
-2026,-492,9374,194,-316,-17,-2416
3530,-44,5824,-234,366,-182,-2400
-3622,1384,10192,319,-195,-127,-2432
2668,-292,5066,-815,323,-212,-2416
-222,992,7970,863,-170,-253,-2352
-686,-3352,10982,-528,171,-71,-2416
846,1214,5926,223,-36,-4,-2432
2832,2636,6562,-492,-140,-385,-2400
-2302,-6934,14768,783,418,-206,-2416
-2088,3994,5602,-784,-348,155,-2416
6554,886,5256,305,298,-344,-2416
-3066,-2506,10704,-266,594,-198,-2416
532,756,8060,264,-828,156,-2368
1932,552,7614,-255,204,-106,-2400
2270,232,5924,-310,440,-313,-2416
-2112,-1066,9298,105,34,-64,-2448
1088,-188,7830,69,-173,-128,-2400
490,-960,7804,-241,555,-159,-2400
86,2224,6544,-22,-558,-169,-2416
944,-2622,10030,758,129,-290,-2416
-162,-848,8004,-905,350,-106,-2432
152,-1066,9594,836,-420,-37,-2432
-1088,2628,10444,-272,-458,-227,-2416
1026,-7424,11012,-907,1290,-369,-2416
-4360,1672,7786,803,-971,75,-2400
3834,820,10418,373,-459,-196,-2400
482,-796,8324,-898,1455,-376,-2432
-4394,-2190,11442,647,-947,116,-2416
3036,1192,5652,-444,197,-14,-2384
2014,412,7450,-45,209,-264,-2400
212,-634,7456,-276,455,-216,-2384
-326,-346,8414,238,-376,-38,-2416
1788,-512,7438,-352,603,-226,-2416
-2244,2666,8158,342,-672,-143,-2400
2866,-2762,7004,-287,498,-279,-2400
158,3308,5430,-207,186,-200,-2400
-690,-2576,11506,467,-348,-11,-2384
100,1424,5520,-460,184,-19,-2416
6472,1066,506,-1337,875,-408,-2432
-4742,-2714,10870,2220,-999,-102,-2400
-1052,3906,5230,-949,-333,78,-2384
7674,724,1334,-405,1152,-474,-2384
-5372,-1928,13416,198,-108,18,-2400
3136,1046,5174,-145,-404,60,-2400
614,-184,8462,-136,164,-121,-2416
1744,-310,5968,-511,712,-268,-2416
-1940,-298,9258,342,-336,-25,-2384
2552,-32,6886,-120,188,-125,-2432
-1820,-390,9464,99,44,-139,-2432
2772,-764,5274,-562,115,-218,-2400
1406,-3242,9710,734,83,-279,-2448
-162,226,7660,-781,290,-52,-2384
786,1804,5872,385,-119,-1,-2416
3176,1882,5930,-123,-519,-308,-2400
1882,-7116,9752,-26,804,-270,-2432
-2158,3758,6618,-61,-688,156,-2400
6832,188,4546,235,40,-293,-2416
1122,100,8132,-646,1019,-251,-2416
-2930,-1176,10750,691,-1015,156,-2400
1718,774,7848,-617,422,-46,-2400
1600,852,8132,-132,299,-294,-2384
-1732,-2174,9480,138,102,-127,-2384
1602,220,7050,16,-245,-83,-2400
178,-938,7814,-120,529,-209,-2400
-2630,2618,8814,61,-635,-198,-2416
1790,-4724,10240,115,523,-304,-2384
642,2764,5560,-678,310,-142,-2416
-582,-3226,12150,915,-526,-17,-2432
-2290,1698,9642,-360,-100,-85,-2400
5276,-4072,2638,-1572,1349,-437,-2384
-4266,-4106,12380,1981,-1335,-77,-2416
334,1146,8740,-503,-398,-24,-2400
4428,1824,5386,-881,1464,-454,-2400
-4780,-2282,12972,581,-527,24,-2416
2932,1166,4982,-544,33,28,-2416
780,428,8322,153,-50,-198,-2384
-166,-1612,8814,-459,687,-273,-2400
-2030,-162,8992,220,-371,-17,-2400
3132,-350,6474,-102,311,-189,-2448
-3574,1374,10402,200,-282,-104,-2416
2604,-434,5086,-802,444,-262,-2432
-298,1138,7838,678,-139,-210,-2400
-590,-3136,10968,-486,164,-42,-2384
818,1202,5688,2,75,-12,-2384
2942,2156,6406,-386,-163,-409,-2400
-2218,-6414,14110,1114,160,-180,-2400
-1900,4010,5656,-748,-410,152,-2416
6286,508,4918,62,597,-380,-2400
-2922,-2024,10198,-325,603,-171,-2384
712,872,7920,263,-785,125,-2416
1714,388,8180,-175,160,-83,-2384
2764,404,4888,-465,561,-340,-2368
-2268,-530,9458,294,-139,-71,-2432
940,-192,8036,47,-88,-93,-2416
530,-770,7432,-289,560,-174,-2384
974,2138,5558,-236,-372,-170,-2400
1746,-4826,10054,577,314,-267,-2448
754,3182,5174,-1003,433,-96,-2416
288,-160,8414,1076,-652,-14,-2416
-950,1544,10998,-90,-444,-226,-2416
4844,-2404,2546,-1385,1453,-343,-2432
-4066,1958,8384,1269,-1198,29,-2400
4516,-396,10022,-155,-174,-103,-2416
4148,1656,5656,-870,1419,-353,-2416
-4408,-3102,12538,831,-939,128,-2432
2814,988,6166,-807,399,-8,-2400
32,-54,9574,399,-175,-244,-2416
158,-1778,8950,-340,553,-248,-2384
98,206,6824,68,-272,-60,-2368
1550,-136,6930,-157,389,-215,-2400
-3488,1432,10444,224,-547,-175,-2400
2454,-3628,7702,-586,651,-295,-2416
382,3638,5394,250,-68,-232,-2416
-480,-2666,10638,199,-170,-20,-2400
-460,1782,6214,-466,228,-29,-2400
6386,-814,404,-1035,612,-403,-2384
-2046,-7318,14868,1938,-761,-149,-2416
-742,2842,5474,-1038,-214,87,-2400
6386,1780,2428,-181,832,-409,-2432
-2486,-2050,9858,74,60,-98,-2384
848,1188,7266,-109,-419,64,-2416
272,36,8390,57,-25,-126,-2416
1866,-738,6792,-552,696,-302,-2400
-1864,-890,8836,132,-131,-56,-2368
2356,-426,6998,19,-25,-110,-2416
-2530,-322,10448,-39,246,-127,-2448
742,2228,5878,-645,110,-244,-2384
190,-3056,11060,1125,-201,-254,-2384
142,-592,7610,-1137,470,-76,-2400
222,-974,9428,824,-410,-25,-2416
-1582,1944,11274,-86,-572,-307,-2448
1264,-6692,10786,-522,1095,-288,-2416
-1608,3660,6318,488,-820,112,-2400
3864,-60,10164,238,-124,-262,-2400
554,-212,7498,-743,1170,-291,-2432
-1872,-820,10074,722,-996,112,-2384
2864,1230,5616,-535,287,-49,-2416
1834,908,7170,-77,187,-285,-2400
-1534,-1722,9406,-99,352,-170,-2400
-590,-396,8152,87,-256,-74,-2416
1770,-496,7350,-203,531,-184,-2384
-1898,3044,8048,139,-630,-167,-2432
1160,-4774,10788,-102,528,-316,-2400
-124,3344,5486,-469,157,-159,-2400
-330,-2722,11712,804,-431,-21,-2384
-2702,1780,10666,-552,102,-37,-2416
5972,590,1442,-1361,1063,-374,-2400
-4442,-2704,11144,2045,-1142,-132,-2400
940,592,9610,-701,-300,61,-2416
7046,954,1786,-634,1238,-435,-2416
-4964,-2002,13292,444,-351,17,-2400
2770,784,5816,-297,-193,-4,-2432
612,-128,8324,-92,85,-93,-2416
2076,-146,5680,-507,697,-309,-2416
-1942,-472,9220,274,-286,-3,-2416
2918,-324,6406,-86,185,-183,-2432
-1598,-84,9444,246,-147,-112,-2368
2882,-1078,5524,-731,347,-223,-2448
-356,1630,7366,744,-91,-271,-2448
70,82,7656,-678,254,-77,-2400
792,1842,5604,166,36,-4,-2400
2904,1460,6228,-137,-475,-331,-2384
1908,-6768,9522,323,598,-234,-2416
-1996,3474,6528,-129,-602,129,-2400
6460,442,4296,270,68,-301,-2432
-2822,-1344,10264,-470,846,-246,-2400
-2332,-1010,9680,369,-831,98,-2400
1902,576,7200,-486,346,-67,-2416
2268,728,5496,-224,262,-321,-2384
-1112,-1590,9302,132,109,-142,-2384
1206,-74,7478,35,-177,-81,-2400
392,-952,7804,-159,432,-170,-2400
-2842,2340,9390,4,-557,-181,-2416
2024,-4378,9316,136,504,-290,-2416
466,2832,5606,-546,211,-140,-2400
114,-570,9318,992,-507,-55,-2432
-2132,2466,8892,-455,-80,-104,-2384
5358,-3680,2694,-1493,1340,-423,-2416
-4218,2396,7532,1654,-1241,-81,-2416
-156,1226,8594,-110,-555,-59,-2400
4852,1460,5258,-1016,1565,-437,-2400
-4280,-2076,11492,611,-587,84,-2384
2318,1232,5954,-481,42,19,-2416
692,-100,8516,96,9,-151,-2400
258,-1160,8286,-432,618,-247,-2400
-1920,-684,9198,254,-377,-36,-2384
3090,-474,6450,-202,325,-186,-2384
-3312,1230,10366,282,-292,-92,-2384
2676,-3232,7310,-789,491,-270,-2432
-318,18,8730,619,-127,-257,-2400
-456,-2698,9928,-462,166,-46,-2384
-414,2508,6010,58,42,24,-2416
1986,2650,7364,-614,41,-408,-2400
-1546,-7152,14332,1476,-88,-194,-2432
-1514,2298,7154,-856,-329,156,-2448
6300,1230,5388,-126,624,-356,-2416
-2564,-2240,10494,0,329,-134,-2416
2,562,8926,158,-698,84,-2400
1872,730,7462,-257,189,-78,-2416
2556,358,5826,-311,491,-333,-2416
-2254,-1144,9202,188,-93,-50,-2384
3024,248,6250,-3,-101,-91,-2432
778,-808,7544,-183,467,-162,-2400
-106,2376,6526,-303,-342,-185,-2400
744,-3110,10726,693,260,-278,-2368
204,3246,5534,-960,374,-65,-2448
14,-1882,10420,1176,-581,-30,-2416
-1454,3492,10352,-390,-430,-216,-2432
1184,-8040,11070,-1006,1329,-362,-2400
-4312,2110,7312,601,-874,49,-2400
3556,462,10692,502,-617,-178,-2384
550,-690,8572,-1120,1625,-375,-2416
-4538,-2022,11676,726,-839,191,-2432
2754,1034,6030,-444,168,-30,-2400
2206,642,7284,-34,127,-256,-2384
160,-836,8074,-192,375,-235,-2384
1796,296,7148,98,-310,-44,-2400
1908,-214,7112,-286,682,-158,-2400
-2356,2852,8460,132,-651,-145,-2416
1622,-4948,10572,5,527,-282,-2384
-30,3526,5502,-399,142,-198,-2432
-786,-3612,12830,993,-574,-27,-2400
-2288,2900,9632,-539,13,-55,-2384
6502,-122,1342,-1568,1356,-401,-2416
-4796,-1596,10700,1865,-1237,-93,-2448
544,202,10880,-358,-517,21,-2400
7780,1738,680,-975,1523,-430,-2416
-5424,-2296,13612,770,-605,50,-2416
2794,308,6010,-346,-165,33,-2416
1236,854,7756,-134,103,-160,-2400
1488,-152,6594,-352,604,-259,-2400
-1980,-728,9468,203,-311,0,-2416
3332,-18,5824,-283,405,-206,-2416
-1772,-746,9772,324,-172,-136,-2384
2480,-424,5624,-625,197,-260,-2400
-48,1188,7378,666,-39,-243,-2400
10,184,7370,-614,173,-57,-2416
676,1380,6070,257,-67,-5,-2384
3578,1998,5414,-508,-210,-378,-2432
-2394,-5562,13286,790,414,-206,-2432
-2018,3264,6368,-490,-460,164,-2416
6886,1448,3770,330,111,-307,-2384
-3230,-1978,11080,-341,777,-238,-2416
-2414,-994,9118,269,-815,136,-2384
922,330,7376,-367,249,-104,-2400
2114,-74,6120,-293,600,-327,-2400
-2068,-1314,9158,147,-99,-57,-2352
3266,516,5620,-98,87,-116,-2384
130,-1128,8306,-5,356,-180,-2400
638,2140,6044,-469,-220,-200,-2400
668,-2276,10120,775,130,-309,-2416
408,2842,5656,-1029,440,-83,-2384
222,-530,8620,837,-428,-47,-2448
-1342,2578,11180,-32,-564,-224,-2400
5646,-2814,1860,-1511,1553,-378,-2384
-4636,1914,7618,1235,-1197,54,-2416
4346,430,10820,274,-464,-194,-2416
182,-1054,8232,-1070,1617,-376,-2432
-4466,-2500,11786,768,-1032,152,-2400
3140,1414,5814,-509,187,-32,-2384
1796,394,7364,9,159,-231,-2384
356,-696,7330,-323,454,-174,-2448
-436,-342,8230,312,-429,-44,-2400
1692,-476,7654,-320,530,-193,-2400
-3372,1234,10204,269,-581,-133,-2416
2686,-2986,7500,-277,418,-295,-2416
42,3018,5518,-77,160,-238,-2400
-714,-2516,10196,250,-233,-17,-2384
-48,1818,5890,-443,234,-12,-2384
6024,36,1510,-1053,697,-362,-2416
-4458,-1718,9894,1867,-786,-122,-2416
-1360,3362,6190,-651,-542,43,-2400
6912,298,2432,-443,1172,-428,-2432
-4774,-1388,12214,63,-10,-49,-2384
-304,364,9346,142,-551,79,-2416
634,-158,8086,-365,282,-112,-2400
1950,-56,5420,-526,719,-242,-2400
-2444,-1646,9970,452,-373,-61,-2384
2820,274,6420,-214,232,-159,-2384
-2052,-234,9618,110,78,-141,-2384
3128,-1076,5044,-600,90,-217,-2384
1062,-3214,10082,764,86,-289,-2400
32,-62,7526,-853,353,-44,-2432
924,1800,5062,386,-134,13,-2432
-2050,2088,11346,95,-653,-329,-2416
2136,-6986,9404,-427,1052,-293,-2384
-1904,4140,5958,411,-856,103,-2400
3038,170,11190,356,-235,-255,-2448
1204,142,7566,-941,1375,-303,-2416
-2918,-1050,10788,784,-1076,131,-2416
1420,382,8518,-578,321,-18,-2400
1914,920,7518,-124,262,-345,-2432
-1406,-1830,9044,86,178,-135,-2432
1568,-42,7152,75,-283,-48,-2416
2334,-334,6752,-239,569,-207,-2416
-2438,2770,8520,-1,-558,-175,-2400
1522,-4762,10320,132,479,-278,-2432
108,3104,5428,-504,230,-151,-2416
-698,-3048,12234,902,-539,-23,-2416
-2330,1982,9764,-381,-29,-21,-2400
4640,-4694,4036,-1585,1296,-415,-2400
-4432,-2816,11598,1902,-1286,-68,-2400
742,452,9554,-471,-426,6,-2416
3956,1588,6188,-905,1489,-417,-2416
-4782,-2112,13014,584,-501,48,-2400
2744,544,5622,-380,-75,12,-2400
592,1104,8108,63,-43,-115,-2416
2236,-360,5810,-441,663,-282,-2416
-2008,-268,8946,201,-328,-37,-2400
3224,-12,6022,-60,234,-197,-2400
-1324,-606,9084,125,-60,-102,-2416
2882,-18,4622,-878,458,-245,-2384
-610,744,8232,913,-183,-232,-2416
-488,-3278,10948,-775,326,-51,-2432
702,1702,5378,126,-56,-34,-2432
2606,1064,7322,-103,-295,-364,-2384
-1948,-5562,13130,544,452,-201,-2416
-2336,3534,6510,-278,-642,152,-2432
6322,-78,5194,75,441,-317,-2432
-2594,-1310,9552,-159,232,-63,-2368
814,1058,8104,298,-717,46,-2432
202,-566,8666,-235,184,-146,-2384
3024,758,3906,-616,762,-330,-2416
-2450,-954,9860,426,-344,-81,-2432
2860,-432,6566,-211,165,-159,-2400
422,-852,7632,-26,294,-168,-2416
1372,1792,5636,-647,27,-211,-2416
76,-2126,10188,1043,-42,-282,-2400
-122,-1316,8436,-1113,509,-90,-2400
516,44,7474,576,-276,-17,-2400
-1168,2464,11130,236,-748,-320,-2416
184,-8134,13480,-1014,1362,-318,-2384
-4094,2646,7222,785,-991,101,-2400
4226,-810,11218,446,-277,-252,-2400
-104,-700,7700,-1173,1533,-284,-2416
-4274,-2586,12536,1055,-1265,119,-2384
2700,380,6926,-684,374,-6,-2400
2366,1644,5436,-72,121,-280,-2400
326,-1768,8756,-60,403,-201,-2416
-216,-204,7406,-55,-198,-52,-2384
1540,126,6678,-255,514,-191,-2416
-1394,2466,8130,272,-686,-165,-2432
2710,-3270,7208,-275,631,-295,-2368
290,3488,5300,-62,-19,-180,-2384
-326,-2782,11844,711,-406,-25,-2384
-394,2750,5868,-604,174,-30,-2400
5996,-1506,1564,-1261,1035,-354,-2464
-4648,-98,8838,1427,-1101,-70,-2384
2266,214,10416,14,-518,-87,-2416
1886,582,8066,-833,1383,-377,-2400
-4564,-1548,12580,589,-650,75,-2432
3096,342,5500,-260,-88,-7,-2416
1128,998,8088,8,10,-145,-2416
1756,-488,6432,-454,682,-289,-2416
-1484,-268,8758,196,-318,-27,-2400
2614,-52,6540,-278,394,-228,-2368
-2646,-44,10490,432,-362,-110,-2384
3528,-1450,4952,-857,615,-278,-2416
-720,2236,7106,686,-254,-241,-2416
-528,-3716,12282,-328,117,-21,-2400
896,2414,4372,-370,263,-22,-2432
3808,1226,5108,-378,-33,-371,-2400
-2998,-5436,13460,1008,161,-173,-2384
-1470,3838,6004,-712,-408,129,-2416
6560,616,4474,270,413,-346,-2400
-3764,-1888,11742,-401,541,-175,-2432
-2194,-334,10020,408,-832,105,-2416
1268,-4,8332,-323,212,-99,-2416
2406,340,5130,-481,523,-305,-2400
-2064,-802,9258,218,-39,-81,-2400
1330,-174,7572,17,-94,-118,-2400
-228,-898,8064,-81,349,-156,-2384
2304,858,4978,-476,-130,-221,-2384
1372,-4658,10692,860,85,-284,-2432
460,2176,6290,-1104,467,-106,-2400
850,576,6944,518,-164,-12,-2384
78,2492,9398,9,-611,-306,-2416
-708,-7842,14056,-489,1115,-297,-2400
-3176,3696,6652,115,-723,108,-2400
5002,322,9078,571,-378,-258,-2448
-1180,-1924,9222,-901,1290,-279,-2416
-3092,-1292,9914,508,-901,132,-2432
2196,424,7614,-256,179,-32,-2400
2072,658,6646,-215,227,-273,-2416
-14,-1110,8150,-72,329,-182,-2416
-28,-638,8584,208,-327,-55,-2384
1336,-560,7062,-309,577,-211,-2368
-3044,1296,9996,222,-615,-152,-2416
2332,-3384,8102,-236,548,-313,-2416
84,2962,5330,-323,116,-184,-2416
0,-1978,10722,633,-323,-63,-2400
-962,2540,6240,-623,110,-44,-2432
5884,-1656,1714,-1029,854,-432,-2416
-4610,132,9268,1628,-914,-125,-2416
-1010,2614,6628,-323,-521,-6,-2384
5960,996,4182,-670,1294,-441,-2448
-4510,-1892,12022,211,-244,36,-2432
3168,1138,4768,-159,-263,47,-2400
362,-500,8502,8,36,-167,-2400
1432,-288,6270,-538,735,-259,-2384
-1060,-328,8706,404,-404,-54,-2384
2758,-116,6472,-249,272,-195,-2400
-2610,348,10000,250,-105,-99,-2400
3324,-1860,5478,-801,593,-304,-2416
-578,2690,6592,451,-105,-181,-2416
-614,-3688,12022,-161,45,-45,-2400
662,2048,4778,-243,176,40,-2400
5202,1430,3254,-665,178,-390,-2416
-3790,-4104,12648,1737,-377,-157,-2384
-1042,3708,4852,-1012,-289,142,-2432
7590,1254,1360,-160,762,-395,-2400
-4732,-2402,12812,-71,340,-133,-2416
-1184,552,8714,27,-566,82,-2448
886,246,8374,-91,67,-116,-2384
2094,-268,5964,-412,560,-317,-2400
-1564,-1316,8736,164,-81,-56,-2416
1892,-88,7416,24,-81,-126,-2448
-916,-1058,8864,-103,409,-177,-2384
2272,768,5138,-378,-248,-171,-2432
1574,-4414,10338,754,150,-273,-2400
164,1710,6400,-1018,414,-93,-2384
562,426,7128,1127,-555,-22,-2416
-2116,3688,9614,-372,-450,-235,-2400
2858,-6766,7926,-737,1239,-374,-2432
-2334,3494,5764,345,-738,75,-2432
1712,86,11310,531,-576,-187,-2416
2344,364,8020,-1041,1563,-339,-2416
-2954,-1530,9868,630,-850,165,-2400
3008,418,5236,-358,86,-29,-2416
1554,586,7986,-55,174,-258,-2416
-1050,-1506,8914,-115,316,-218,-2384
920,58,7728,92,-273,-74,-2400
808,-1004,7638,-307,624,-203,-2432
-86,2704,6592,99,-643,-197,-2400
2432,-4378,8902,152,520,-296,-2400
362,3626,5410,-539,207,-178,-2416
-118,-1874,10416,1114,-595,-33,-2384
-1342,2808,7238,-528,-91,-60,-2400
5902,-3158,1860,-1559,1411,-424,-2400
-4614,2154,7518,1734,-1190,-106,-2416
-748,1290,8058,-87,-579,16,-2416
5966,2202,3642,-1216,1642,-441,-2384
-4736,-2322,12380,867,-725,113,-2400
1886,1108,6600,-401,-131,31,-2416
860,12,7994,-6,92,-171,-2416
300,-782,7738,-399,584,-270,-2448
-620,-482,8424,225,-353,-8,-2432
3410,-254,5838,-288,434,-228,-2432
-3318,670,10572,301,-215,-103,-2416
2604,-2576,6968,-677,350,-253,-2416
366,-530,8910,591,-77,-220,-2448
-418,-2270,9506,-426,99,-44,-2400
186,2238,5464,30,48,-11,-2400
876,3482,8358,-638,-8,-397,-2416
-1040,-8106,14588,1284,76,-178,-2416
-1430,2520,6124,-902,-280,157,-2432
4852,1052,8864,392,143,-355,-2384
-1334,-2414,9988,-272,698,-213,-2384
-684,412,8454,133,-708,113,-2384
1314,1030,7004,-281,161,-92,-2400
1866,-362,6048,-289,580,-316,-2400
-1866,-1326,8716,64,-91,-25,-2384
2550,526,6346,-77,110,-155,-2384
-1642,-1286,9860,104,196,-159,-2384
2584,304,5272,-497,-126,-194,-2432
1418,-4130,10630,866,66,-314,-2400
296,724,6762,-1008,424,-94,-2416
860,1750,5634,860,-431,-31,-2416
-2320,2416,11118,-202,-505,-229,-2400
2868,-6100,7308,-1096,1408,-382,-2400
-2694,3390,6992,772,-1002,112,-2432
1956,610,10808,371,-460,-193,-2416
2294,648,7852,-952,1501,-355,-2416
-3142,-1786,10354,729,-1008,153,-2384
2256,980,7316,-569,256,-31,-2368
1432,260,8346,-20,177,-269,-2400
-1222,-1550,9054,-262,442,-181,-2384
1136,94,7282,204,-350,-25,-2416
2738,-500,6764,-256,611,-229,-2384
-3006,2280,9036,204,-607,-138,-2432
2124,-4162,9246,-104,454,-302,-2400
-18,2524,6360,-238,141,-209,-2416
-758,-3276,11600,579,-374,-12,-2416
-1812,1870,8618,-396,152,-21,-2400
4826,2086,3308,-1306,900,-397,-2416
-3514,-5308,13348,2132,-961,-126,-2416
-318,1554,7336,-733,-365,50,-2384
5418,1610,4390,-1034,1582,-449,-2400
-4340,-1852,11632,712,-717,74,-2432
2020,688,7026,-311,-107,16,-2384
502,302,7980,-128,155,-217,-2416
808,-962,7464,-370,636,-266,-2432
-2282,-586,9606,253,-332,-37,-2416
3348,-182,5866,-194,337,-221,-2416
-3522,566,10884,305,-266,-124,-2384
2902,-2438,6654,-714,352,-256,-2432
124,-632,8984,602,-63,-221,-2368
-494,-2196,9720,-401,112,-35,-2432
280,2194,4964,-56,124,-24,-2416
390,2164,9458,-207,-235,-374,-2416
-378,-7680,13364,585,492,-156,-2400
-1086,3568,5196,-469,-588,96,-2432
5272,30,9070,293,286,-341,-2416
-1112,-1044,8536,-597,795,-194,-2416
-876,630,9722,645,-1032,148,-2400
704,-126,8470,-525,371,-85,-2400
2470,720,5876,-392,548,-315,-2400
-2312,-1634,9582,316,-124,-49,-2416
2662,-42,6566,-30,-90,-110,-2384
1200,-502,7212,-117,421,-193,-2416
-600,2676,6780,-356,-307,-208,-2384
964,-3802,10712,652,266,-250,-2432
468,3344,5100,-966,443,-134,-2416
-188,-1372,10430,1018,-544,-28,-2416
-2412,1646,11668,-21,-459,-191,-2416
2444,-6722,8356,-1110,1399,-320,-2432
-1946,4554,5720,643,-974,114,-2400
2754,-382,11386,377,-295,-225,-2416
1762,874,7146,-1160,1491,-303,-2416
-2870,-980,10640,989,-1158,140,-2400
3394,862,4884,-694,435,-40,-2384
1328,1482,7582,11,108,-237,-2384
-1386,-2028,9450,38,252,-224,-2384
1062,-442,7630,5,-279,-50,-2400
2406,-62,6376,-267,515,-203,-2432
-2538,2070,9020,126,-588,-171,-2400
1772,-4322,9822,-203,553,-330,-2416
-230,2764,6202,-292,166,-183,-2416
-610,-2976,11972,697,-390,-36,-2432
-1932,2188,9016,-551,47,-55,-2400
5188,282,3222,-1148,950,-391,-2416
-3772,-2862,11486,1644,-948,-151,-2416
438,1162,9006,-481,-468,25,-2400
3636,948,6874,-652,1291,-450,-2400
-4224,-1454,11808,296,-282,52,-2464
2598,544,6058,-55,-368,23,-2416
558,236,8502,-58,41,-167,-2416
2410,-60,4936,-488,693,-287,-2432
-2134,-254,9650,340,-388,-35,-2432
3106,-310,6334,-186,244,-157,-2416
-1026,-808,8890,134,-26,-135,-2416
2832,492,4674,-792,286,-199,-2400
-594,-4,8630,1064,-197,-241,-2400
-432,-2802,10526,-382,149,-43,-2416
-382,2366,5770,-320,210,-4,-2416
1640,1614,8228,-195,-171,-402,-2400
-1606,-6998,14244,1009,101,-151,-2400
-536,3046,5188,-789,-382,96,-2400
5862,-138,7008,229,509,-363,-2416
-2232,-1410,9614,-452,556,-93,-2448
720,1672,7596,403,-839,89,-2384
-90,-918,9330,-201,181,-71,-2400
2732,1064,3966,-686,684,-296,-2400
-2130,-1230,9388,436,-226,-92,-2384
2374,-728,7460,-107,19,-125,-2416
854,-446,6960,-127,422,-165,-2400
838,1926,6274,-375,-178,-225,-2400
234,-2488,10616,931,-7,-233,-2432
648,3374,5542,-1071,459,-96,-2448
336,-1000,8904,894,-469,-37,-2384
-1566,2844,10974,-32,-602,-215,-2400
5454,-3278,2012,-1463,1534,-368,-2384
-4236,2606,7208,1052,-1072,49,-2416
3728,-152,11510,425,-447,-189,-2416
422,-710,7986,-1137,1552,-324,-2400
-3950,-2192,12050,847,-980,117,-2432
2580,312,6856,-434,187,-16,-2432
2162,1252,6406,-75,92,-236,-2384
736,-1362,7720,-187,470,-272,-2384
-736,-594,8176,103,-263,-45,-2368
1854,72,6896,-293,513,-196,-2400
-1760,2760,8234,176,-686,-204,-2448
1246,-4924,10866,91,526,-305,-2416
-68,3528,5538,-430,116,-131,-2400
-280,-3136,12206,958,-497,-58,-2400
-2498,1978,10064,-736,189,-38,-2416
5586,-320,2118,-1265,1076,-373,-2416
-4214,-2190,10284,1693,-952,-131,-2368
1072,856,9442,-391,-423,-1,-2400
6430,926,2952,-513,1096,-476,-2448
-4428,-1842,12788,383,-352,49,-2416
2822,894,5520,-155,-270,7,-2400
956,244,8358,-44,48,-150,-2400
2280,-282,5484,-536,770,-297,-2368
-1848,-544,9118,216,-270,-16,-2384
2956,-342,6324,-155,249,-189,-2416
-1852,-418,9704,357,-253,-131,-2416
3306,-936,4770,-933,521,-238,-2416
-514,1882,7272,933,-262,-253,-2400
318,114,7320,-691,317,-47,-2416
974,1886,4750,-55,165,-19,-2384
2690,2438,6312,-44,-484,-369,-2416
-2492,-7078,15060,350,617,-210,-2400
-1814,4532,5932,-570,-424,146,-2432
6292,404,5756,596,-53,-316,-2416
-3188,-2186,11224,-706,935,-225,-2384
-2358,-458,9416,426,-895,115,-2400
1576,-60,8232,-268,180,-73,-2432
2268,386,5662,-450,480,-281,-2400
-1938,-734,8980,153,-61,-82,-2416
2926,-262,6436,136,-129,-99,-2400
368,-600,7620,-90,285,-144,-2400
1236,1482,5768,-496,-55,-246,-2400
206,-1556,9752,781,84,-247,-2416
238,2630,6016,-973,434,-84,-2416
602,-522,8414,858,-355,-16,-2400
-576,2350,9864,-234,-485,-248,-2400
4666,-4326,4218,-818,1203,-339,-2384
-3554,2670,7216,595,-865,77,-2416
4476,1064,9520,435,-536,-164,-2432
-410,-1356,8774,-844,1376,-358,-2400
-3444,-1600,10012,356,-732,156,-2432
2718,1008,6008,-307,139,6,-2384
1930,274,7536,-30,154,-215,-2416
318,-896,7410,-280,464,-202,-2400
-214,-526,8536,317,-427,-34,-2400
1622,-760,7386,-370,546,-176,-2384
-3266,1338,10318,263,-605,-123,-2416
2596,-3342,7666,-498,635,-292,-2432
56,3360,5450,-24,66,-139,-2400
-420,-2798,10248,338,-214,-51,-2384
-468,2098,5908,-515,192,-11,-2416
6330,-388,1036,-1117,767,-363,-2416
-4790,-1000,9968,1895,-775,-143,-2400
-1036,2818,5768,-769,-379,54,-2400
6910,1532,2216,-553,1169,-437,-2400
-5072,-2452,13088,229,-109,-29,-2416
3102,1070,5150,-502,49,-13,-2416
1306,902,7954,139,-25,-166,-2400
1452,-426,6584,-444,635,-244,-2400
-1472,-152,8740,235,-364,-31,-2384
2766,-536,6536,-182,338,-212,-2416
-2154,-112,9602,244,-266,-95,-2416
2962,-938,5364,-778,403,-261,-2400
-464,1902,7068,658,-73,-232,-2432
-6,-334,7488,-556,203,-43,-2384
570,1768,5510,142,-4,9,-2416
4804,1210,3716,-648,0,-411,-2432
-3352,-4170,12492,1392,-54,-191,-2400
-1484,3518,5546,-852,-337,152,-2384
7526,1288,1356,6,569,-342,-2416
-4336,-1786,12080,-74,428,-177,-2384
-1754,26,9188,196,-750,120,-2432
1306,478,8002,-238,187,-79,-2464
2354,-112,5326,-372,484,-315,-2416
-1672,-1548,9072,200,-81,-56,-2416
1718,270,7346,17,-98,-74,-2368
-532,-1132,8588,-152,459,-180,-2400
-2280,2630,8396,-182,-471,-181,-2416
1818,-4564,10080,479,384,-303,-2416
306,2248,5920,-871,342,-75,-2416
534,-146,7802,1175,-599,-4,-2400
-2234,3194,9252,-356,-419,-164,-2400
3904,-5856,5712,-1346,1426,-414,-2384
-2904,3502,6004,994,-979,18,-2416
5226,680,7990,619,-496,-212,-2400
3626,1016,6758,-1157,1590,-353,-2416
-3476,-1862,10420,793,-1079,196,-2384
2260,842,7176,-416,170,-28,-2384
2354,444,6188,-156,289,-295,-2400
-866,-968,8510,-95,280,-139,-2400
590,-372,7916,123,-309,-87,-2384
976,-1102,7710,-304,662,-199,-2416
-678,2830,6680,16,-622,-171,-2384
2384,-4144,8778,325,401,-313,-2416
330,3578,5150,-654,273,-172,-2368
-84,-2452,10632,1092,-576,-33,-2400
-872,2552,6898,-394,-124,-71,-2384
6590,-2338,1034,-1791,1595,-431,-2416
-4920,1866,7654,1906,-1307,-108,-2400
2138,-210,12672,-54,-621,5,-2368
6830,2284,1996,-1227,1638,-461,-2448
-5130,-2140,12846,977,-781,20,-2448
2846,264,6374,-410,-15,-5,-2416
894,338,7398,-113,140,-170,-2400
910,-740,7296,-347,548,-276,-2400
-1170,-636,9114,227,-350,-37,-2448
3272,270,6054,-314,420,-202,-2416
-3082,-132,10934,360,-198,-102,-2400
2938,-1624,6014,-749,324,-242,-2432
590,-1836,9994,777,-95,-258,-2416
-68,-1542,8234,-562,200,-51,-2384
498,2520,5046,87,28,-4,-2384
5122,582,3208,-391,-190,-379,-2368
444,-7672,12236,751,322,-205,-2432
-1620,3282,6276,-438,-555,158,-2384
7382,952,2022,258,274,-362,-2416
148,-1338,8278,-508,830,-239,-2368
-1724,-352,9570,437,-909,120,-2400
1484,808,7592,-409,289,-79,-2400
2102,434,7408,-293,433,-315,-2384
-1936,-1510,9200,70,25,-81,-2384
2066,344,6722,75,-192,-70,-2432
1696,-642,7394,-236,561,-205,-2416
-2012,3118,7790,-77,-556,-187,-2416
1662,-4612,10442,501,297,-303,-2416
336,1594,6402,-851,391,-129,-2432
-584,-2452,11684,1000,-618,-22,-2432
-2516,1576,11046,-231,-274,-103,-2400
4078,-5060,4864,-1846,1624,-392,-2384
-4912,-2746,10872,1919,-1408,-3,-2416
1192,568,9716,-63,-489,-60,-2384
3340,1414,6700,-1156,1658,-432,-2416
-3492,-2026,10630,908,-962,133,-2416
3298,1194,5434,-521,130,1,-2400
882,530,8248,-2,106,-210,-2432
-460,-1472,8472,-393,565,-255,-2384
-1732,-432,9204,237,-347,-10,-2416
3080,-498,6142,-265,455,-217,-2368
-3382,1598,9922,339,-438,-105,-2400
2710,-772,5486,-605,423,-251,-2384
-8,2998,5714,-266,153,-210,-2416
-826,-2870,11408,522,-331,-17,-2400
-922,2250,6886,-485,141,-45,-2432
5902,-2002,1748,-1143,833,-396,-2384
-2432,-5874,13650,1853,-818,-118,-2416
-752,2168,6824,-487,-535,4,-2416
5770,958,4144,-602,1289,-446,-2400
-3532,-1354,10616,176,-99,-34,-2416
970,506,8210,103,-524,49,-2384
450,-116,7926,-286,196,-131,-2448
1222,-672,6710,-468,706,-288,-2400
-2376,-956,9724,424,-431,-38,-2400
3184,174,6182,-199,216,-163,-2416
-3030,142,10550,131,73,-130,-2416
878,1622,5964,-678,131,-233,-2384
274,-1830,10048,851,11,-274,-2400
-202,-1432,8494,-905,378,-78,-2400
372,-38,8022,474,-208,-13,-2416
-1164,2346,11000,222,-755,-346,-2416
738,-7930,12338,-804,1216,-337,-2368
-1114,4366,5066,405,-887,141,-2432
4444,-392,10912,409,-83,-278,-2400
2,-588,7698,-1033,1377,-311,-2384
-1746,310,10174,925,-1191,162,-2416
2906,848,6244,-684,433,-27,-2400
2218,1190,6374,-152,240,-276,-2432
-1922,-1892,9420,91,186,-168,-2416
-64,-120,7486,-15,-218,-65,-2416
-1002,-292,8556,-151,448,-175,-2416
-1232,2712,7498,-416,-190,-183,-2384
1084,-4292,10812,774,204,-256,-2400
266,1324,6722,-1132,488,-98,-2400
-492,-2150,11570,1034,-565,-22,-2416
-2354,1914,10786,-74,-525,-171,-2416
3010,-6068,7112,-1439,1479,-378,-2432
-2362,4048,6190,1218,-1134,22,-2400
2258,124,10618,212,-387,-146,-2432
2140,906,7468,-1035,1518,-357,-2384
-3042,-1272,10338,733,-902,100,-2384
3104,522,5396,-499,224,-20,-2400
1188,1218,8002,59,12,-252,-2400
-1018,-1682,9368,-228,498,-246,-2384
-1568,-26,8782,124,-309,-44,-2416
2714,42,6216,-316,444,-226,-2432
-3116,1650,9798,305,-521,-156,-2432
3110,-1116,5036,-759,623,-256,-2384
-442,1680,6974,432,-152,-220,-2416
-518,-3298,12000,240,-135,-22,-2416
-1362,2156,7564,-535,243,-4,-2432
4228,606,4926,-657,381,-384,-2400
-3336,-4208,12878,1362,-323,-138,-2416
-68,1694,7648,-678,-396,81,-2416
6590,88,3748,-231,890,-419,-2416
-3686,-1396,11246,-157,206,-85,-2432
2176,1154,6164,238,-617,86,-2400
1178,12,8470,-159,136,-144,-2416
546,-952,8224,-607,739,-264,-2384
-2242,-486,9556,337,-368,-47,-2432
3014,-616,6718,-194,285,-179,-2400
-3438,1316,10744,191,-66,-128,-2384
2404,750,4966,-909,471,-234,-2416
-440,-414,9198,1048,-268,-240,-2368
-254,-2452,9710,-742,301,-53,-2432
736,566,6224,151,-48,-13,-2416
570,2740,9154,-9,-496,-379,-2416
-1026,-7958,14838,528,526,-208,-2416
-708,3754,4936,-672,-413,187,-2416
5126,-338,9036,519,161,-342,-2400
-1452,-1534,8580,-739,918,-169,-2400
4,1206,7870,525,-942,114,-2400
2038,58,7984,-277,247,-72,-2416
2678,1164,4868,-516,463,-323,-2416
-1986,-1256,9368,253,28,-108,-2400
204,-284,7800,-18,-179,-105,-2416
1222,-108,6914,-285,575,-188,-2416
-334,2296,7098,-90,-453,-203,-2416
836,-3630,10562,389,363,-290,-2400
578,3326,5380,-838,326,-178,-2400
32,-1770,10270,1017,-526,-61,-2416
-1724,2406,10682,-425,-264,-145,-2416
5570,-2500,1816,-1292,1359,-383,-2384
-4368,966,7816,1283,-1052,-8,-2432
3552,192,10112,31,-446,-136,-2368
5204,1126,5034,-750,1358,-413,-2416
-2412,-1032,10176,664,-975,134,-2416
3242,1018,5120,-518,265,-27,-2432
1492,944,7728,-37,96,-219,-2400
-1496,-2010,9412,-251,448,-208,-2416
-908,-262,8260,77,-273,-38,-2448
1972,-224,7122,-238,469,-209,-2400
-2538,2656,8884,326,-664,-133,-2400
3496,-2256,5592,-548,689,-320,-2384
-374,3024,5964,44,-69,-199,-2416
-538,-3224,12384,564,-331,-34,-2384
-2218,1446,9346,-676,339,-21,-2400
5150,1208,2832,-1057,714,-377,-2400
-3950,-4536,12548,1840,-615,-165,-2416
390,1420,7796,-832,-313,75,-2416
6874,614,3158,-170,852,-447,-2432
-4570,-1840,12730,127,-54,-48,-2400
2520,942,5388,-34,-439,66,-2384
878,-272,8390,-126,80,-141,-2416
2254,148,5520,-514,706,-260,-2416
-1952,-648,9194,235,-182,-43,-2400
3050,-190,6300,-33,100,-108,-2400
-976,-504,8890,161,28,-161,-2368
2586,-442,5198,-732,255,-250,-2384
-206,802,7978,885,-110,-255,-2384
252,906,7142,-729,315,-72,-2448
862,1218,6274,356,-80,-1,-2400
1752,2298,7304,-53,-520,-327,-2432
2906,-6340,7568,-191,934,-292,-2416
-1178,2666,6210,-646,-424,131,-2432
6006,420,6488,221,343,-341,-2400
-2214,-1980,9924,-298,553,-170,-2400
172,574,8420,198,-715,126,-2384
1976,494,7290,-304,225,-105,-2416
2348,616,6060,-386,431,-288,-2400
-2032,-1248,9254,181,20,-77,-2400
678,-340,7962,69,-170,-99,-2416
770,-784,7386,-139,432,-171,-2416
236,2308,6470,-141,-407,-197,-2400
504,-2954,10558,494,340,-311,-2400
200,3270,5588,-867,334,-87,-2432
132,-1184,10134,1008,-518,-40,-2416
-1682,2442,10898,-328,-354,-144,-2416
5780,-2872,2104,-1370,1357,-410,-2400
-4490,1664,8126,1320,-1131,-13,-2432
3430,278,10734,119,-611,-130,-2384
5382,1564,4774,-1041,1559,-395,-2416
-4480,-2130,11882,636,-682,117,-2432
2880,802,5936,-483,128,5,-2432
708,-410,8260,106,56,-208,-2416
606,-816,7684,-344,542,-235,-2384
-546,-410,8372,244,-398,-28,-2384
2082,-572,7040,-316,462,-226,-2400
-3208,824,10458,322,-493,-117,-2432
2762,-2782,6826,-719,562,-279,-2416
-22,3072,5582,366,-32,-262,-2416
-402,-2362,9388,-100,-22,-21,-2368
-28,2250,5608,-360,53,-53,-2416
3690,-5892,6002,-1430,1471,-385,-2384
-2760,4080,5772,1134,-1087,11,-2416
938,106,11274,431,-646,-141,-2416
3192,800,7154,-1241,1706,-374,-2400
-3238,-1392,10092,761,-872,147,-2400
2890,462,5920,-384,119,-7,-2384
1020,836,7820,-37,83,-233,-2416
-436,-1424,8710,-241,493,-266,-2400
454,-452,7870,123,-344,-43,-2432
1150,-346,7380,-404,612,-206,-2384
-3578,1610,10386,245,-691,-171,-2416
2578,-4002,8248,-412,686,-309,-2432
154,3340,5364,-148,42,-174,-2432
-480,-3590,11164,619,-351,-29,-2384
-1072,3510,6526,-522,48,-40,-2416
5746,-3506,2382,-1289,1118,-412,-2416
-4324,1908,7480,1621,-974,-98,-2400
-1100,1232,8406,-135,-625,4,-2432
5988,1704,4010,-918,1438,-434,-2416
-4730,-1816,12122,526,-392,16,-2416
1444,890,7250,-196,-306,41,-2400
874,-38,7714,-67,45,-177,-2400
328,-748,8124,-383,633,-267,-2416
-2356,-456,9474,237,-363,0,-2416
3596,-102,5482,-284,385,-193,-2416
-3490,320,11054,277,-68,-74,-2400
1300,1888,5432,-826,273,-243,-2416
226,-1928,9848,1026,-173,-265,-2416
-202,-1638,8390,-934,383,-27,-2416
318,2462,4914,652,-279,2,-2400
110,3602,9240,-455,-373,-352,-2432
-534,-8660,14080,355,746,-231,-2384
-1170,2960,5402,-614,-384,147,-2416
4552,596,9990,555,-52,-316,-2416
-816,-1936,9602,-761,1144,-282,-2432
-896,642,8236,403,-909,165,-2400
1118,528,7880,-116,88,-82,-2416
1658,-538,6516,-306,583,-315,-2400
-2130,-714,9592,110,-229,-32,-2368
3570,254,5386,-169,255,-173,-2400
-1672,-1024,9800,268,-22,-131,-2400
2524,-34,5192,-741,169,-212,-2384
-32,888,7858,977,-139,-296,-2416
142,854,6782,-911,357,-81,-2400
728,1492,6264,533,-195,-2,-2432
2780,2340,6472,-620,62,-383,-2384
-2136,-6400,14238,1286,23,-150,-2416
-1294,1800,7084,-846,-343,172,-2400
6356,882,5250,128,460,-359,-2432
-2768,-2312,10454,-264,633,-216,-2416
238,416,8698,235,-758,119,-2384
2052,900,7244,-292,209,-64,-2432
2342,378,6148,-317,482,-309,-2400
-2222,-1158,9214,88,-14,-35,-2432
1140,-82,7858,21,-89,-121,-2416
430,-1424,8002,-123,442,-183,-2448
30,2370,6320,-154,-508,-153,-2368
2284,-4262,9044,458,322,-291,-2384
236,3060,5498,-850,342,-98,-2416
56,-836,9410,1005,-570,-17,-2416
-1576,2144,11130,-369,-278,-111,-2432
5798,-2316,1656,-1577,1507,-384,-2432
-4810,1188,8178,1520,-1258,6,-2400
3514,542,11108,66,-585,-85,-2416
6000,1456,3964,-1084,1607,-423,-2384
-4954,-2304,12350,742,-774,100,-2400
3238,1238,5492,-477,54,-1,-2400
654,-330,8066,-11,128,-186,-2352
412,-626,7630,-427,544,-210,-2384
-458,-592,8232,313,-390,-37,-2400
1866,-416,7330,-290,441,-204,-2432
-3312,874,10630,363,-502,-124,-2432
2960,-2528,6608,-571,398,-276,-2416
-4,3076,5856,-150,156,-238,-2368
-572,-2866,11340,855,-499,-16,-2432
-2484,2104,10230,-345,-115,-101,-2416
4502,-4752,4224,-1713,1441,-393,-2416
-4228,-3336,11264,1893,-1326,-70,-2416
624,1010,9064,-107,-566,-53,-2384
3750,1266,6700,-967,1543,-428,-2400
-5010,-1586,12592,575,-572,65,-2416
2678,702,6508,-261,-128,42,-2416
794,444,8204,-136,161,-155,-2416
-116,-1232,8212,-471,720,-257,-2400
-2324,-376,9538,328,-454,-9,-2432
3340,-144,6022,-257,423,-221,-2432
-3588,1072,10580,370,-286,-140,-2384
2568,46,5084,-747,431,-272,-2384
-222,598,8172,647,-16,-255,-2400
-674,-2912,10854,-412,140,-45,-2432
760,1558,6046,-38,115,-9,-2416
1918,2082,7786,-188,-259,-376,-2384
-1512,-6860,14044,876,275,-165,-2416
-894,3142,5700,-437,-585,145,-2400
6102,224,6790,134,476,-396,-2432
-2572,-1342,9656,-568,809,-166,-2448
462,882,8436,624,-1029,96,-2384
2098,688,7798,-530,357,-89,-2400
2584,454,4654,-415,527,-339,-2400
-2288,-1104,9416,278,-102,-51,-2416
1094,216,7388,-37,-87,-105,-2416
622,-874,7550,-118,441,-179,-2416
734,2132,5742,-334,-344,-202,-2400
1810,-4836,9888,593,296,-289,-2416
708,3076,5062,-1075,470,-82,-2384
136,-538,8724,1071,-582,-30,-2384
-1410,2176,10986,-145,-399,-118,-2400
5728,-2788,1408,-1569,1531,-390,-2368
-4504,2394,7826,1565,-1302,-18,-2384
3952,-102,11280,50,-465,-110,-2448
5152,1626,4710,-1128,1624,-396,-2416
-4552,-2310,12372,808,-890,120,-2400
2954,392,6134,-542,185,-17,-2400
334,50,8246,129,-34,-183,-2384
634,-1098,8116,-285,533,-272,-2416
-454,-456,7936,192,-355,-39,-2416
1882,240,6866,-258,437,-201,-2416
-3380,926,10798,248,-548,-150,-2416
2808,-2934,6728,-671,672,-265,-2400
-22,3284,5738,226,-60,-210,-2432
-328,-2512,9730,181,-120,-45,-2416
-90,2636,5258,-492,191,-25,-2448
5858,-968,2236,-727,442,-379,-2400
-4404,-948,9864,1494,-517,-105,-2400
-1334,2758,6444,-564,-437,60,-2400
6530,836,3082,-345,1030,-380,-2416
-4554,-1606,12320,35,47,-45,-2416
-332,472,9280,213,-618,86,-2400
576,-144,8116,-171,113,-126,-2400
2096,-298,5706,-533,740,-286,-2384
-1698,-130,9098,282,-351,-34,-2416
2794,-222,6460,-223,323,-162,-2432
-2126,-374,9942,234,-115,-126,-2368
3122,-848,4938,-896,406,-237,-2416
-580,1562,7284,1022,-274,-246,-2416
520,38,6548,-808,359,-77,-2400
800,1896,4470,67,53,-30,-2400
3634,1952,5444,130,-539,-376,-2416
2006,-7110,9540,195,705,-236,-2416
-1644,4518,5618,-473,-509,150,-2448
6256,100,5318,514,47,-329,-2400
1326,430,7134,-964,1178,-213,-2384
-2528,-540,10410,853,-1161,108,-2384
1082,-334,9092,-373,248,-49,-2416
2792,670,4216,-397,413,-332,-2400
-1468,-2176,9332,289,5,-106,-2400
1134,-30,7734,-74,-142,-79,-2384
128,-602,7800,-266,563,-177,-2416
-2180,2414,8488,-145,-433,-206,-2416
1328,-4510,10750,492,280,-264,-2432
758,2272,5692,-857,364,-128,-2400
-514,-3050,12148,997,-559,-36,-2416
-2462,2098,10032,-260,-339,-155,-2416
4234,-4792,4366,-1540,1473,-386,-2416
-3464,3394,7102,1356,-1171,-36,-2448
1028,712,9106,-23,-464,-114,-2400
3414,1406,6838,-906,1451,-358,-2400
-3400,-1792,10890,682,-948,115,-2384
2446,364,6854,-471,255,-11,-2416
2298,1166,5866,-22,67,-255,-2432
-2,-1590,8748,-187,444,-193,-2432
64,-390,7648,90,-273,-15,-2416
1352,-26,7116,-240,477,-209,-2416
-3502,1518,10800,332,-695,-135,-2448
2750,-3562,7462,-496,698,-306,-2400
114,3658,5518,47,-42,-181,-2400
-262,-3102,10740,435,-240,-31,-2416
-510,2634,5728,-711,313,-49,-2416
5982,-880,1288,-924,630,-381,-2400
-4712,-946,9220,1688,-687,-106,-2400
-806,2654,5756,-709,-403,37,-2416
6268,1278,3284,-262,916,-431,-2384
-4672,-2228,12952,190,-120,-19,-2416
648,850,7876,-5,-427,56,-2432
404,-86,8416,-151,110,-171,-2400
1570,-456,6430,-521,728,-297,-2416
-1946,-1220,9286,247,-253,-67,-2416
2694,-254,6396,-129,156,-159,-2432
-2520,412,10098,202,-13,-155,-2400
1090,1678,5658,-746,254,-219,-2448
128,-1726,10210,991,-190,-261,-2384
36,-1166,8750,-839,365,-72,-2416
476,1852,5136,329,-78,-15,-2432
-1830,2764,11444,132,-714,-333,-2432
818,-8328,12490,-531,1145,-289,-2416
-1176,4262,5166,-879,-318,176,-2416
6936,650,2680,542,149,-323,-2400
630,-832,7948,-642,893,-215,-2416
-1482,444,8532,244,-765,117,-2416
1104,4,8346,-186,162,-68,-2384
2310,-6,5658,-454,413,-335,-2432
-1360,-1288,8932,151,70,-84,-2400
1372,-322,8028,193,-244,-105,-2400
-396,-864,8294,-234,464,-148,-2400
-1560,2484,7814,-258,-323,-186,-2416
1350,-4346,10222,629,212,-256,-2448
336,1612,6302,-891,360,-97,-2400
-52,-3018,11230,967,-444,-36,-2416
-2540,2526,9966,-342,-295,-128,-2384
3664,-5238,5872,-1140,1299,-409,-2416
-3290,3220,7334,1235,-1018,-7,-2400
1254,862,10078,169,-521,-142,-2400
2824,576,7534,-858,1430,-394,-2400
-3458,-1506,10438,463,-634,110,-2416
2662,902,5904,-389,101,5,-2416
1086,-84,8334,14,101,-203,-2432
-536,-1244,8544,-369,545,-221,-2400
-1736,-584,9510,337,-424,-30,-2416
2918,-404,6578,-343,520,-220,-2416
-3242,2032,9560,344,-454,-126,-2400
2330,-4092,8452,-645,568,-276,-2432
-380,1318,7188,257,-32,-226,-2400
-506,-3334,11122,4,-18,-56,-2416
-1428,2160,7680,-412,67,-43,-2432
6364,-2180,1214,-1422,1097,-378,-2400
-2800,-6374,14186,2076,-1071,-118,-2384
-900,1840,7248,-611,-440,15,-2384
6178,2112,3190,-857,1432,-462,-2384
-4778,-2240,12438,488,-345,45,-2400
1728,1418,6396,-413,-122,40,-2400
436,-136,8212,63,30,-128,-2416
788,-1078,7808,-448,645,-260,-2416
-1898,-732,9020,269,-306,-55,-2432
3060,-290,6420,-120,211,-167,-2432
-3082,424,10496,133,-48,-111,-2368
1434,1388,5724,-725,195,-235,-2416
272,-1676,9644,828,-70,-256,-2416
-190,-1518,8520,-864,355,-77,-2400
386,-630,8644,670,-285,0,-2416
594,3324,8456,-580,-165,-382,-2400
-712,-7908,13824,1044,231,-201,-2368
-1628,2762,6422,-769,-390,136,-2432
5338,706,7686,192,302,-321,-2416
-1316,-1672,9288,-366,702,-209,-2416
-822,274,9348,319,-783,132,-2448
886,350,7952,-262,175,-76,-2400
2628,622,6064,-390,544,-337,-2400
-2084,-1344,8890,178,8,-64,-2416
2504,354,6680,5,-136,-96,-2416
1136,-572,7550,-263,597,-189,-2400
-1052,2736,7418,-105,-524,-178,-2400
1010,-4398,11142,896,125,-252,-2416
508,1160,6276,-1137,459,-88,-2384
660,1632,5796,1174,-582,-6,-2432
-2076,3370,10458,-298,-501,-282,-2400
2310,-7426,9024,-844,1346,-380,-2416
-2044,3736,5752,391,-808,88,-2416
2462,104,11494,530,-499,-208,-2400
1646,-14,8014,-1113,1574,-366,-2432
-2708,-802,10050,790,-1081,147,-2432
2918,698,5912,-410,183,-37,-2416
1838,852,7654,-139,262,-250,-2416
-1300,-1376,8590,-119,314,-189,-2400
-828,-674,8728,191,-304,-8,-2416
2324,-384,6828,-361,636,-218,-2416
-2776,2586,8604,217,-647,-136,-2416
1910,-4692,10064,-310,560,-296,-2400
-190,3084,5864,-200,99,-185,-2400
-714,-3766,12322,573,-348,-15,-2416
-2094,3014,8914,-417,12,-37,-2416
6178,518,1880,-1582,1257,-405,-2384
-4270,-2448,11334,2075,-1086,-116,-2432
-382,-58,10756,107,-700,-23,-2384
4908,1774,5228,-1406,1790,-447,-2416
-3810,-1602,10394,1009,-868,92,-2416
2436,168,6576,-327,-69,-22,-2400
1130,1120,6946,-241,185,-154,-2400
-170,-930,7962,-285,561,-265,-2416
-2460,-812,9594,216,-378,-22,-2416
3636,590,5276,-462,534,-238,-2416
-3686,658,10986,558,-475,-109,-2416
2730,-3150,7508,-804,457,-269,-2432
-54,352,8614,620,-124,-270,-2400
-620,-2996,10804,-152,-4,-48,-2400
-420,2806,5406,-221,127,6,-2416
1854,1916,7842,-557,155,-395,-2416
-1570,-6720,13422,1021,137,-182,-2400
-1138,2496,6280,-558,-540,152,-2400
6074,842,6652,56,568,-388,-2384
-2064,-1616,9482,-228,465,-205,-2416
-124,652,9306,457,-960,122,-2400
944,-4,7942,-482,347,-93,-2400
2230,284,5894,-318,504,-323,-2416
-1870,-1500,9230,161,-62,-45,-2384
2846,436,5976,-76,0,-130,-2416
566,-1172,7960,-48,399,-198,-2400
-212,2486,6500,-369,-327,-194,-2432
992,-2818,10140,687,181,-313,-2416
352,3110,5444,-988,454,-106,-2416
82,-1006,9388,906,-504,2,-2432
-1958,2606,11764,-4,-548,-187,-2400
6410,-1822,708,-1848,1701,-359,-2384
-4886,1404,7882,1612,-1361,12,-2384
2920,-92,12338,309,-645,-160,-2416
1328,-580,7832,-1352,1813,-369,-2400
-4954,-2274,12652,936,-1039,132,-2400
2828,450,6718,-367,73,18,-2416
1744,928,7364,-130,206,-224,-2416
848,-950,7298,-275,527,-221,-2400
-1006,-584,8752,237,-381,-13,-2432
2340,-2,6586,-322,467,-245,-2384
-3134,350,10804,387,-536,-137,-2416
2838,-2236,6482,-512,494,-305,-2416
-36,2810,5790,174,90,-238,-2432
-518,-1924,9316,-37,-70,-35,-2416
180,2162,5344,-344,208,14,-2448
5402,406,2742,-731,356,-401,-2416
-3844,-3142,10986,1638,-422,-128,-2416
-1472,3614,6118,-641,-522,56,-2384
7466,502,2040,-297,967,-415,-2432
-4594,-1186,12070,-22,115,-69,-2400
-1494,-60,10268,295,-739,68,-2416
1044,330,7908,-374,280,-135,-2416
2066,-240,5162,-442,641,-298,-2432
-1914,-518,9354,367,-303,-37,-2432
2336,142,6974,-67,112,-138,-2400
-1310,-744,9236,-1,253,-136,-2416
3052,140,4422,-583,-18,-197,-2448
1266,-4560,10770,879,92,-302,-2400
368,868,6238,-1148,491,-85,-2400
906,1322,5560,961,-466,2,-2416
-2392,1862,10814,30,-646,-247,-2416
3388,-5818,6458,-1269,1456,-374,-2432
-2554,4226,6456,916,-1075,66,-2432
1736,124,10952,339,-470,-180,-2416
2702,1116,6826,-1219,1644,-346,-2416
-3402,-1682,10760,913,-1117,151,-2416
1996,294,8064,-537,290,4,-2400
1340,1066,8058,-50,147,-267,-2400
-850,-1680,8960,-112,342,-231,-2416
910,-434,7808,128,-289,-44,-2416
2910,-60,6196,-323,553,-207,-2432
-3142,2190,9692,266,-614,-166,-2432
1992,-4884,9686,-301,629,-301,-2432
-318,2588,6496,-126,98,-177,-2416
-914,-3634,12360,747,-431,-41,-2416
-1524,2268,7940,-612,149,-67,-2432
4738,752,4244,-976,731,-380,-2416
-3398,-4036,12440,1744,-855,-113,-2416
-112,1578,8182,-546,-437,0,-2384
4508,1278,5810,-586,1218,-418,-2400
-4144,-1552,11666,271,-199,6,-2432
2074,682,6732,-93,-355,20,-2400
230,98,8250,-56,62,-132,-2416
714,-1078,7996,-487,687,-277,-2400
-2234,-580,9508,292,-417,-36,-2400
3216,-28,6238,-203,330,-200,-2400
-3486,936,11098,159,-102,-126,-2416
2222,762,4900,-893,441,-265,-2416
-418,-630,9242,894,-201,-253,-2384
-192,-2568,9342,-690,262,-74,-2432
808,1016,6044,142,-55,-29,-2384
426,1602,9696,147,-528,-362,-2416
-486,-6940,13174,258,604,-240,-2416
-1076,3790,5306,-166,-628,151,-2400
5146,-300,8578,245,264,-308,-2432
-1120,-1090,8006,-807,1074,-230,-2416
-428,826,9112,817,-1133,96,-2384
2350,742,7096,-569,356,-12,-2400
2706,1092,4766,-323,368,-348,-2432
-1912,-1756,9596,308,-28,-91,-2432
438,60,7172,-139,-79,-72,-2384
1332,-432,6952,-199,550,-197,-2384
-278,2612,7028,-116,-466,-187,-2400
2038,-4128,9006,276,438,-283,-2416
650,3344,5352,-746,311,-116,-2384
-174,-1566,10398,1052,-587,-3,-2384
-2326,2406,11558,-278,-246,-97,-2400
6238,-1768,364,-1774,1599,-411,-2400
-4606,1310,7774,1674,-1302,-62,-2400
3010,-432,11774,-133,-413,-71,-2416
5940,1968,3294,-1081,1576,-407,-2384
-2102,-396,9342,933,-1081,147,-2400
3010,182,6022,-485,222,2,-2416
1562,1594,7248,-74,70,-247,-2416
-1146,-1826,8844,78,292,-177,-2368
856,-342,8454,78,-293,-61,-2432
2370,316,6330,-355,637,-187,-2416
-2340,2242,8986,196,-694,-189,-2352
1632,-4758,10340,108,499,-290,-2384
666,2758,5472,-480,160,-155,-2432
-524,-3342,12462,980,-529,-24,-2400
-2126,2006,9106,-645,71,-76,-2384
4588,-3730,3530,-1323,1171,-369,-2384
-3846,-3190,11492,1648,-1075,-64,-2384
642,1408,8164,-276,-411,-30,-2384
3756,1366,6766,-608,1203,-415,-2400
-4094,-1366,11914,336,-408,40,-2416
2476,846,6128,-167,-183,32,-2384
376,90,8766,-18,37,-172,-2416
264,-1102,7774,-527,739,-287,-2384
-2136,-676,9508,299,-353,-2,-2400
3028,-342,6200,-219,318,-176,-2400
-3358,1620,10590,395,-293,-153,-2416
3172,138,4544,-921,556,-266,-2416
-542,498,8576,858,-257,-248,-2400
-258,-3094,10610,-530,226,-75,-2432
874,1410,5646,-64,149,-7,-2416
832,2490,8866,-41,-448,-397,-2384
-1300,-7884,14564,658,480,-211,-2448
-630,3318,5044,-449,-516,140,-2432
5438,-60,8632,502,154,-351,-2400
-1810,-1776,9352,-724,943,-223,-2384
286,1184,7586,470,-865,102,-2384
2020,190,7646,-364,258,-41,-2432
2210,834,5666,-411,464,-279,-2432
-1826,-1144,9232,131,144,-135,-2416
288,-452,8246,81,-230,-91,-2416
940,-486,7212,-141,474,-175,-2384
378,2238,6120,-243,-394,-236,-2368
1698,-4436,9846,502,283,-288,-2416
468,3070,5244,-931,367,-114,-2416
334,-882,9372,974,-472,-25,-2416
-1764,2442,10764,-371,-268,-111,-2400
5542,-3112,2008,-1385,1351,-395,-2400
-4340,1934,7678,1426,-1132,-28,-2416
3572,310,10906,192,-624,-115,-2416
5250,1214,4884,-963,1548,-388,-2384
-4040,-1494,11318,536,-676,114,-2400
2794,670,6206,-289,11,22,-2400
530,102,8162,-51,129,-208,-2416
876,-916,7068,-381,567,-256,-2416
-764,-470,8674,304,-427,-3,-2416
1966,-422,7266,-291,458,-208,-2416
-3018,644,10428,335,-441,-112,-2432
2938,-2378,6528,-656,600,-286,-2400
-362,2934,6012,448,-89,-209,-2416
-16,-1826,8970,-90,28,-52,-2384
-2356,2686,9784,-490,105,-13,-2400
5714,10,2490,-1205,930,-375,-2400
-4306,-2336,11128,1820,-928,-142,-2384
586,744,10192,-526,-530,40,-2416
7276,1028,2058,-587,1215,-437,-2400
-4726,-1812,12510,265,-222,21,-2400
2862,1170,5354,-95,-407,14,-2448
714,-228,8666,-45,83,-145,-2416
1954,16,5470,-536,716,-267,-2416
-1798,-452,9316,380,-381,-43,-2432
2384,104,6458,-235,239,-179,-2384
-1718,-216,9566,208,31,-126,-2384
2756,-666,5420,-711,237,-234,-2384
-488,1372,7694,837,-57,-264,-2432
-38,648,7352,-834,351,-76,-2432
758,1138,5608,611,-244,-12,-2416
3600,2218,5438,-324,-395,-391,-2416
1558,-7806,10482,634,538,-248,-2416
-1518,3996,5186,-495,-443,154,-2432
7100,994,3178,325,121,-316,-2400
866,-532,8562,-651,1066,-266,-2416
-2156,-630,9270,336,-846,123,-2416
1452,260,8048,-220,114,-65,-2400
2484,92,5274,-289,361,-322,-2400
-1232,-1608,8786,135,177,-147,-2384
1322,208,7758,71,-270,-94,-2416
250,-1118,7988,-302,658,-205,-2416
-2728,2254,8926,46,-582,-186,-2432
2002,-4508,9796,561,353,-256,-2416
322,2574,5608,-951,365,-102,-2384
204,-758,9060,1148,-591,-39,-2432
-128,3228,9180,-364,-414,-196,-2400
4404,-5238,4620,-933,1268,-381,-2400
-3586,3192,6662,576,-852,78,-2400
5088,628,8722,497,-574,-192,-2384
4212,1252,6390,-1057,1584,-365,-2416
-3910,-1996,11120,747,-929,147,-2400
2398,734,6940,-469,181,8,-2400
1242,36,8060,-39,149,-250,-2416
-704,-1240,8790,-158,371,-206,-2384
456,-428,7620,150,-347,-42,-2416
1220,-678,7370,-397,598,-227,-2400
-3852,1482,10426,349,-708,-121,-2400
2614,-3696,8032,-537,614,-323,-2416
258,3906,5322,111,-25,-188,-2384
-460,-3222,10788,281,-202,-26,-2400
-486,2330,6122,-371,186,-11,-2368
6850,-1402,340,-1393,996,-392,-2400
-2550,-7658,15502,2146,-878,-136,-2416
-1106,2284,6432,-960,-248,60,-2384
7186,2544,1110,-398,976,-402,-2400
-2892,-2958,11008,332,-59,-67,-2416
922,1016,6784,-251,-332,64,-2448
968,720,7362,-45,50,-142,-2384
1046,-566,7600,-358,584,-281,-2400
-2060,-592,8934,29,-113,-43,-2400
3274,120,5602,-322,415,-177,-2416
-2962,-340,10826,438,-262,-116,-2384
2710,-1552,6086,-769,295,-195,-2432
-88,2592,6500,768,-125,-253,-2432
-310,-972,8660,-594,188,-53,-2416
476,2208,5442,199,-20,-7,-2384
5182,598,3318,-640,-5,-377,-2384
368,-7782,12778,902,327,-225,-2400
-1714,3016,6464,-676,-469,163,-2400
7814,1240,1212,214,300,-370,-2416
-106,-1532,9012,-233,687,-219,-2416
-1952,-222,9458,335,-851,136,-2400
1568,840,7460,-365,253,-87,-2400
2182,446,7400,-275,445,-342,-2384
-1848,-1534,8900,103,-70,-34,-2432
