AcX,AcY,AcZ,GyX,GyY,GyZ,Tmp
102,-78,7944,-41,74,-163,-2336
102,-14,8032,-18,93,-142,-2336
102,-36,7932,-47,96,-148,-2352
144,-32,7946,-38,105,-160,-2336
68,-74,7968,-20,66,-156,-2336
114,-56,8002,-43,94,-142,-2320
86,-22,7964,-28,78,-155,-2352
114,-82,7970,-65,85,-167,-2368
144,-78,8000,-34,74,-159,-2336
154,-26,7940,-44,104,-142,-2352
138,-12,7940,-29,96,-142,-2320
110,-84,7940,-39,106,-161,-2336
94,-50,7970,-53,83,-171,-2368
102,-30,7944,-41,82,-139,-2288
94,-44,7934,-67,59,-164,-2320
92,18,7944,-43,96,-170,-2336
88,-46,7970,-29,82,-174,-2336
118,-82,7996,-37,88,-159,-2352
122,-44,7932,-40,62,-163,-2336
118,2,7924,-16,79,-154,-2352
96,-50,7966,-43,71,-140,-2368
90,-4,8024,-23,85,-146,-2336
102,-12,7892,-37,85,-172,-2320
164,-32,7966,-32,82,-158,-2352
96,-78,7954,-26,118,-159,-2336
18,-58,7940,-50,70,-154,-2304
102,-76,7900,-30,80,-150,-2304
120,14,7918,-42,101,-127,-2320
112,-34,7972,-63,52,-147,-2336
126,-88,7994,-43,108,-151,-2336
136,-52,8096,-39,58,-176,-2336
110,20,7936,-23,89,-148,-2320
104,-34,7950,-31,87,-143,-2288
78,-18,7964,-34,83,-164,-2336
98,-22,7976,-34,49,-147,-2320
184,-50,7980,-52,107,-145,-2304
94,36,7942,-43,114,-153,-2320
138,-12,7964,-44,91,-144,-2352
122,-52,7892,-24,108,-159,-2368
132,-64,7934,-63,106,-172,-2336
142,-22,7922,-36,81,-168,-2320
158,-38,7982,-31,101,-152,-2320
130,-42,7990,-40,85,-156,-2336
80,-18,7960,-42,58,-157,-2336
144,-6,7910,-42,93,-176,-2320
112,-14,7970,-53,91,-147,-2336
82,18,7964,-16,101,-172,-2336
142,-68,7986,-50,52,-163,-2368
76,-64,7930,-44,81,-115,-2320
126,-16,8048,-30,85,-149,-2336
84,-18,7940,-55,75,-170,-2368
110,-54,7970,-24,90,-147,-2336
114,18,7924,-36,91,-140,-2336
56,-14,7930,-35,92,-156,-2352
106,-54,7974,-32,74,-138,-2320
98,-28,7924,-51,73,-155,-2304
122,54,7948,-38,77,-137,-2336
124,-16,7962,-42,100,-156,-2336
92,-48,8006,-44,107,-148,-2304
96,-32,7958,-30,90,-156,-2304
122,-44,7962,-51,73,-165,-2320
56,-18,7954,-49,93,-166,-2320
100,-56,7966,-31,84,-148,-2336
142,-26,7966,-43,64,-123,-2304
170,-38,7912,-16,81,-147,-2352
106,-12,7950,-46,58,-161,-2336
68,-50,7986,-55,98,-149,-2336
94,-24,8000,-38,81,-150,-2336
106,-56,7982,-74,97,-173,-2320
116,-2,7932,-36,85,-138,-2320
90,-68,8010,-31,110,-135,-2336
44,-66,7986,-29,84,-166,-2320
138,-10,8008,-5,90,-173,-2352
80,-44,7988,-39,92,-125,-2336
92,-48,7994,-30,67,-142,-2336
82,-28,8004,-25,88,-157,-2320
104,-30,7936,-23,91,-148,-2336
120,-6,7992,-40,86,-152,-2304
82,-6,7942,-33,75,-160,-2320
106,-66,7924,-39,75,-148,-2352
88,-58,7942,-36,107,-146,-2304
76,-22,7924,-35,67,-153,-2304
140,-72,7950,-15,101,-134,-2320
154,-2,8030,-46,76,-160,-2320
94,34,7946,-29,96,-161,-2336
120,-82,7924,-33,68,-146,-2304
150,-20,7962,-48,94,-167,-2320
120,6,7982,-16,74,-146,-2320
98,-30,7998,-14,64,-153,-2336
46,-26,7896,-32,67,-138,-2336
120,-26,8050,-61,98,-152,-2320
128,22,8008,-25,78,-136,-2352
86,-12,7944,-57,91,-165,-2336
116,30,7958,-49,73,-154,-2320
112,4,8012,-54,102,-143,-2352
116,-18,7996,-35,92,-159,-2336
82,-8,7956,-28,78,-146,-2320
108,-18,7988,-34,60,-174,-2304
116,-66,7984,-39,55,-142,-2336
174,-62,7972,-46,115,-165,-2352
116,-74,7990,-40,67,-165,-2336
120,-44,7902,-47,97,-136,-2336
112,-16,8010,-52,76,-143,-2320
120,-2,7976,-25,91,-170,-2320
104,-34,7934,-36,72,-169,-2336
100,-64,7858,-53,63,-164,-2336
90,-54,7924,-47,88,-147,-2288
150,-70,7986,-38,114,-152,-2288
116,-30,7948,-50,88,-152,-2368
106,-26,7918,-43,106,-154,-2304
140,-42,7946,-37,64,-166,-2320
98,-62,7934,-37,54,-151,-2336
114,-82,8038,-28,78,-135,-2304
76,-22,7978,-35,72,-138,-2336
68,-28,7928,-25,80,-162,-2352
104,-20,7880,-42,98,-155,-2336
102,-8,7922,-31,95,-167,-2336
70,-24,7930,-47,68,-152,-2352
116,-34,7968,-47,84,-172,-2320
140,-18,8036,-28,88,-157,-2336
150,-62,7982,-44,110,-165,-2304
110,-16,8008,-28,95,-164,-2320
156,-32,7930,-32,81,-159,-2368
104,-24,7956,-34,83,-146,-2336
142,-54,7974,-20,89,-170,-2352
150,12,7926,-62,105,-138,-2320
98,-78,7934,-46,81,-181,-2336
88,-40,7986,-56,95,-157,-2336
114,-30,7960,-47,103,-147,-2352
86,-42,7922,-27,108,-160,-2288
126,-12,7968,-50,72,-131,-2304
134,-44,7920,-65,78,-142,-2336
74,-16,7942,-51,93,-156,-2352
122,-46,7976,-35,82,-154,-2304
86,-18,8034,-42,65,-154,-2336
76,-50,7954,-53,61,-163,-2304
138,-48,7950,-47,92,-157,-2320
122,-38,7972,-33,108,-138,-2320
100,-36,7994,-35,75,-152,-2336
80,-34,7932,-37,68,-172,-2336
86,-26,7962,-36,71,-152,-2320
92,-64,8008,-65,82,-129,-2288
124,-32,7948,-32,81,-161,-2336
156,-8,7966,-47,98,-141,-2336
126,-48,7968,-54,94,-144,-2320
112,-72,7966,-49,108,-176,-2336
120,-38,7976,-42,63,-147,-2336
112,-38,7900,-43,76,-147,-2320
146,10,7928,-46,84,-138,-2320
68,-6,7954,-36,96,-163,-2304
86,-90,7940,-33,68,-147,-2336
56,-42,7942,-61,98,-140,-2320
140,-2,7952,-42,63,-163,-2304
76,-32,8036,-36,101,-150,-2336
74,-68,7954,-45,91,-148,-2352
122,14,7984,-51,48,-128,-2320
110,-76,7996,-14,89,-184,-2304
92,-42,7952,-62,83,-165,-2336
112,-50,8010,-31,111,-139,-2320
80,20,7928,-29,73,-133,-2336
94,-40,8008,-33,115,-162,-2336
140,-62,7986,-38,74,-150,-2336
62,-20,7908,-19,75,-146,-2288
112,-30,7928,-50,65,-169,-2320
102,-54,7954,-27,93,-147,-2304
128,-6,7986,-23,97,-167,-2368
136,-48,7986,-50,104,-165,-2352
98,-22,7928,-47,75,-164,-2304
86,-54,7958,-27,65,-151,-2336
86,-10,7918,-35,77,-144,-2352
54,-24,7988,-44,90,-168,-2320
66,-44,7962,-22,101,-160,-2336
76,-54,7994,-48,92,-151,-2304
134,-42,7982,-30,97,-149,-2304
84,12,8004,-44,92,-150,-2320
122,-38,7950,-40,78,-183,-2320
98,-38,7978,-19,54,-159,-2336
122,-32,7968,-43,84,-159,-2368
60,-30,7960,-34,91,-142,-2320
126,-96,7996,-17,97,-153,-2352
110,-18,8002,-29,96,-156,-2304
114,-30,7944,-44,94,-155,-2336
138,4,8020,-39,93,-172,-2320
64,-54,7966,-44,97,-142,-2352
84,-12,7918,-69,70,-161,-2336
116,-48,8000,-42,89,-143,-2368
112,-18,7952,-40,59,-134,-2320
82,-50,7986,-20,120,-131,-2320
116,6,8046,-36,76,-167,-2336
56,-24,7974,-29,50,-146,-2336
98,30,8004,-48,82,-152,-2352
152,8,7994,-48,63,-144,-2336
70,-16,7930,-52,122,-166,-2304
94,-10,7966,-60,72,-162,-2320
158,-46,8010,-32,89,-161,-2352
76,-26,7988,-53,67,-135,-2304
116,-24,7934,-47,72,-171,-2336
96,-44,7976,-34,99,-167,-2320
80,10,7960,-6,89,-154,-2320
80,-58,8000,-52,95,-156,-2336
62,-40,7990,-38,82,-152,-2352
72,-62,7998,-52,79,-157,-2352
118,-10,7928,-36,55,-126,-2304
192,-22,7930,-48,92,-186,-2304
52,-6,7928,-29,59,-156,-2320
128,-54,7958,-40,75,-148,-2336
112,-58,7998,-21,74,-149,-2336
76,-10,7984,-28,101,-159,-2336
94,-2,7958,-48,60,-132,-2352
134,-30,8008,-43,107,-152,-2320
108,26,7948,-34,52,-157,-2336
100,-108,7940,-31,95,-158,-2336
80,-26,8008,-36,75,-141,-2336
110,-34,7956,-54,100,-153,-2352
74,-80,7934,-40,56,-161,-2352
134,8,7930,-38,103,-139,-2336
112,-50,7956,-47,105,-156,-2336
122,-26,7922,-41,96,-165,-2320
42,-56,8060,-46,71,-195,-2304
108,-16,7842,-21,71,-148,-2336
112,-36,8010,-58,59,-117,-2320
108,-38,8024,-54,108,-170,-2320
126,4,7906,-36,69,-139,-2336
128,-72,7934,-37,116,-160,-2336
112,-36,7964,-10,105,-152,-2320
142,-58,8000,-13,89,-160,-2320
78,-16,7968,-43,78,-122,-2336
62,-56,7954,-66,57,-159,-2304
88,-60,7930,-41,77,-159,-2352
118,-42,7960,-37,85,-171,-2320
116,-38,7918,-14,106,-145,-2336
154,6,7948,-36,54,-139,-2336
130,38,7970,-47,70,-163,-2352
94,-38,7970,-33,98,-154,-2320
118,-26,8042,-38,68,-141,-2304
80,14,7946,-53,63,-131,-2288
142,-14,7934,-35,92,-167,-2320
130,-72,7940,-31,96,-126,-2336
94,-42,7920,-37,103,-156,-2336
38,8,7966,-42,79,-150,-2320
104,-2,7862,-35,44,-143,-2304
118,-58,7966,-43,96,-145,-2304
112,-66,7986,-45,102,-150,-2304
158,-54,7958,-29,74,-143,-2320
180,-52,7964,-69,90,-143,-2320
120,-14,7976,-20,100,-131,-2336
76,-70,7958,-54,77,-166,-2304
84,-46,7976,-24,69,-149,-2320
96,-52,8024,-37,83,-151,-2352
118,-58,7986,-44,72,-163,-2336
128,-28,7930,-52,115,-144,-2336
108,-20,7936,-24,83,-139,-2336
100,-26,7996,-44,97,-140,-2352
132,-50,7930,-33,97,-140,-2336
122,-14,7986,-39,82,-166,-2336
116,-26,7938,-30,71,-159,-2336
60,-20,7960,-35,69,-144,-2288
124,-24,7954,-26,83,-136,-2288
116,-38,7966,-49,80,-138,-2336
74,-18,7984,-61,94,-146,-2320
126,-60,7984,-42,98,-156,-2352
84,-10,7920,-59,66,-147,-2304
160,-4,8020,-24,88,-152,-2304
82,-62,7966,-26,77,-157,-2320
140,22,7984,-44,74,-148,-2352
120,-32,7940,-56,93,-184,-2336
142,-20,7924,-28,96,-156,-2304
98,-48,7914,-22,79,-171,-2320
94,-70,7960,-46,60,-164,-2352
100,-52,7964,-62,71,-144,-2368
74,-20,7970,-19,106,-153,-2336
142,-6,7908,-33,102,-160,-2352
112,-28,8038,-46,87,-158,-2304
82,-56,7954,-36,103,-143,-2304
146,-60,7994,-35,92,-157,-2320
136,-4,7964,-16,94,-188,-2320
110,-86,7946,-35,75,-156,-2304
134,20,7896,-16,87,-168,-2336
108,-34,7988,-40,130,-141,-2320
94,-62,8050,-60,73,-163,-2320
70,-28,7968,-20,85,-176,-2368
140,-40,7916,-18,81,-149,-2336
100,-26,7934,-44,80,-188,-2320
100,-66,7952,-30,80,-111,-2352
102,6,7988,-28,83,-147,-2336
114,-38,7940,-41,102,-138,-2304
96,-32,7992,-28,106,-156,-2320
110,-36,8000,-74,63,-172,-2352
100,-54,7982,-14,114,-149,-2304
106,-62,7912,-34,58,-165,-2352
82,-24,7976,-48,82,-165,-2368
148,-16,7948,-26,94,-180,-2352
92,-26,7968,-51,105,-176,-2320
86,-50,7986,-46,69,-166,-2336
112,6,7896,-51,95,-186,-2336
112,-46,7950,-32,109,-143,-2352
138,-78,8040,-43,97,-159,-2320
92,-24,8000,-34,64,-153,-2336
132,-58,7904,-53,81,-148,-2304
96,-36,7962,-39,65,-170,-2320
86,-4,8104,-37,108,-159,-2352
126,-64,7930,-20,76,-169,-2336
114,-46,7922,-54,108,-127,-2336
84,14,7912,-32,44,-157,-2320
104,-44,7936,-48,108,-174,-2336
136,-30,8006,-22,96,-148,-2368
102,-36,7932,-37,73,-163,-2336
130,-72,7966,-65,92,-176,-2320
124,-54,8002,-24,85,-154,-2336
74,-44,7992,-49,107,-148,-2336
98,-30,7914,-32,73,-161,-2320
98,-40,7926,-68,100,-157,-2320
106,0,7982,-36,82,-151,-2368
96,-56,7920,-1,86,-171,-2336
132,-54,7912,-55,105,-161,-2352
112,-30,7954,-29,65,-150,-2352
112,-60,8062,-48,117,-141,-2304
132,-30,7950,-34,57,-167,-2304
116,-30,7932,-56,84,-173,-2320
116,-46,8000,-31,95,-128,-2288
112,32,7968,-56,106,-157,-2336
92,-116,8000,-37,95,-163,-2336
104,-50,8024,-50,96,-144,-2320
138,-28,7976,-25,74,-172,-2304
132,-74,7984,-52,94,-136,-2368
64,-34,8074,-42,76,-166,-2336
100,-30,7884,-62,91,-168,-2320
114,14,7930,-55,78,-144,-2352
144,64,7982,-46,80,-171,-2368
130,-32,7958,-43,82,-171,-2272
70,-14,8022,-21,99,-143,-2352
96,-80,8008,-57,91,-166,-2336
116,18,7944,-14,86,-138,-2336
86,-18,7940,-68,97,-143,-2336
128,-16,8002,-33,70,-178,-2320
86,-18,7950,-38,66,-145,-2320
78,-40,7908,-37,101,-145,-2304
102,-22,8018,-32,77,-140,-2320
96,-30,7996,-35,85,-157,-2320
76,-32,7950,-14,78,-148,-2336
106,34,7926,-40,56,-166,-2336
160,-26,8012,-55,55,-158,-2320
82,-14,7976,-30,102,-160,-2352
118,-50,7956,-43,79,-164,-2336
166,20,7922,-6,86,-149,-2304
96,18,7908,-49,90,-171,-2352
80,-78,7936,-14,100,-151,-2320
98,14,7964,-43,82,-157,-2304
104,-10,7934,-27,109,-148,-2336
166,-6,7964,-39,88,-148,-2320
128,-28,7990,-43,115,-136,-2304
122,-38,7994,-27,90,-138,-2336
106,-26,8008,-38,105,-172,-2368
168,-30,7960,-41,78,-152,-2320
166,-60,8068,-26,100,-144,-2336
48,-114,7966,-53,61,-130,-2336
94,-12,8014,-19,83,-171,-2320
108,-40,7918,-30,68,-146,-2320
98,-32,8028,-30,102,-144,-2336
86,-46,7980,-42,104,-150,-2336
94,-20,8008,-40,48,-154,-2352
114,-10,7922,-47,78,-150,-2320
122,-16,8020,-46,91,-155,-2336
96,-60,7924,-34,119,-161,-2304
86,-68,7972,-22,78,-168,-2352
94,34,7984,-44,103,-150,-2352
78,-6,7986,-34,85,-140,-2320
122,-38,7942,-43,45,-154,-2320
94,-64,8040,-42,85,-156,-2336
116,-38,7944,-53,64,-147,-2336
102,14,7988,-16,58,-159,-2320
130,-38,7940,-47,83,-155,-2304
100,-46,7994,-25,79,-142,-2304
88,-36,8000,-24,53,-130,-2320
76,-32,8002,-49,77,-171,-2336
142,-30,7954,-53,94,-161,-2304
108,-28,8044,-27,65,-145,-2336
84,-76,7974,-22,87,-156,-2320
78,-32,7930,-14,89,-139,-2336
116,-38,7960,-33,99,-157,-2336
90,-52,8022,-35,100,-133,-2320
142,-36,7976,-36,64,-162,-2320
116,-42,8000,-37,76,-132,-2304
104,-14,7912,-30,86,-144,-2368
154,-36,7998,-12,69,-159,-2320
122,-68,7964,-19,71,-161,-2320
110,40,7996,-44,95,-148,-2304
130,-22,7942,-26,65,-150,-2336
80,-38,7972,-25,86,-127,-2320
94,-28,8026,-15,71,-164,-2320
108,8,7976,-50,48,-146,-2336
108,-14,7916,-26,102,-160,-2336
110,-104,7898,-39,110,-166,-2320
56,-38,8012,-46,91,-147,-2336
84,30,7956,-51,118,-152,-2304
94,-60,7928,-53,61,-174,-2320
134,14,7992,-48,101,-160,-2320
68,-34,8042,-30,64,-163,-2336
100,16,7926,-48,70,-161,-2336
210,-10,7960,-24,86,-162,-2352
142,0,8002,-37,124,-157,-2352
102,-38,7950,-35,54,-158,-2336
70,-44,7986,-22,103,-149,-2336
126,-28,7990,-31,85,-145,-2320
134,-18,7972,-45,92,-153,-2320
128,-56,7936,-45,93,-157,-2320
76,-22,8044,-33,78,-164,-2336
100,-12,7940,-57,75,-134,-2336
146,-12,8002,-26,111,-165,-2352
108,-52,7986,-54,66,-134,-2336
104,0,7938,-22,57,-150,-2304
88,-20,7922,-57,95,-152,-2336
126,-8,7960,-45,81,-139,-2320
126,-22,8004,-57,107,-166,-2352
124,-68,7960,-34,73,-186,-2336
100,-10,7976,-29,91,-131,-2368
106,-80,7938,-35,98,-140,-2352
88,-10,7958,-37,96,-143,-2368
126,-38,8000,-42,52,-146,-2336
102,-8,7884,-35,74,-138,-2352
156,-12,7898,-40,99,-167,-2320
100,-38,7950,-26,118,-131,-2304
108,-66,7948,-7,102,-139,-2336
124,-12,7896,-41,79,-147,-2352
88,-28,7872,-49,82,-152,-2304
108,-26,8010,-37,89,-146,-2336
70,-68,7986,-37,109,-157,-2320
100,-54,7914,-35,75,-149,-2320
116,0,7932,-37,118,-170,-2336
132,-48,7968,-42,80,-136,-2336
88,-68,7996,-19,112,-153,-2320
126,-4,7992,-33,90,-176,-2352
146,-6,7932,-31,78,-140,-2336
132,2,7896,-38,84,-156,-2336
102,-30,8014,-35,59,-155,-2320
64,-8,7956,-32,97,-162,-2352
68,4,7988,-39,91,-154,-2304
142,-50,7952,-43,106,-145,-2336
100,4,8004,-42,66,-147,-2320
54,-64,7948,-31,73,-167,-2336
130,-74,7954,-24,65,-139,-2336
104,-14,7954,-46,100,-162,-2320
84,-70,7920,-27,84,-175,-2352
72,6,8074,-57,72,-150,-2320
96,-38,7976,-28,66,-148,-2320
144,-108,7950,-17,105,-159,-2336
72,-32,8022,-58,102,-160,-2336
50,-92,7968,-17,80,-138,-2288
84,-40,7912,-16,78,-133,-2336
126,12,7960,-47,61,-162,-2336
120,-44,7992,-30,113,-145,-2320
118,6,7946,-21,76,-146,-2352
108,-46,8000,-33,82,-151,-2336
156,-38,7920,-26,90,-160,-2336
78,-8,7968,-14,62,-154,-2320
72,-12,8000,-47,94,-176,-2336
90,26,7970,-35,73,-163,-2336
108,-14,7924,-29,130,-140,-2336
114,-34,7952,-33,107,-153,-2384
78,18,7998,-36,74,-146,-2352
100,-30,7976,-31,96,-160,-2336
82,-28,7922,-51,82,-158,-2336
118,6,7974,-25,74,-148,-2320
72,-38,7940,-11,96,-167,-2304
76,-16,7956,-65,81,-135,-2304
76,-38,7898,-41,67,-139,-2320
104,0,7900,-25,80,-158,-2320
154,-34,7984,-46,61,-166,-2336
92,-34,8002,-34,76,-140,-2272
126,8,7950,-41,86,-145,-2320
70,6,7940,-33,105,-139,-2304
112,-66,8004,-35,110,-155,-2336
98,12,7998,-53,90,-146,-2320
104,26,7982,-34,90,-156,-2352
126,-62,7942,-46,76,-159,-2336
68,-34,7980,-53,68,-163,-2336
112,-30,7992,-6,121,-141,-2320
84,16,7966,-51,78,-172,-2320
116,-26,7960,-17,85,-143,-2336
130,20,8024,-81,96,-135,-2336
116,-82,7994,-49,84,-150,-2352
82,-46,7952,-37,74,-159,-2320
102,6,8046,-47,65,-156,-2336
198,6,7950,-54,84,-144,-2336
108,-68,7978,-24,101,-142,-2336
52,-30,7942,-42,78,-183,-2320
48,-60,7930,-36,77,-160,-2320
134,-38,7956,-40,111,-150,-2304
96,20,7928,-38,85,-157,-2336
112,-56,7974,-40,42,-160,-2320
96,-64,7992,-47,77,-157,-2336
120,18,7978,-51,90,-152,-2336
132,-44,8054,-55,124,-150,-2352
122,-16,7894,-41,102,-177,-2320
194,-74,8056,-47,98,-138,-2304
132,0,7906,-23,78,-140,-2304
104,-80,8010,-68,89,-152,-2320
108,38,7996,-14,64,-158,-2320
78,-24,8022,-33,52,-153,-2304
126,-40,7806,-74,99,-143,-2304
150,-14,7982,-34,80,-161,-2320
106,-8,7968,-42,77,-143,-2336
104,-36,8010,-46,80,-163,-2336
128,-50,7974,-64,63,-140,-2336
144,0,7960,-36,90,-149,-2320
120,-34,7960,-50,103,-158,-2368
120,-24,8032,-18,80,-134,-2336
138,-8,8010,-34,71,-174,-2320
134,-12,7932,-54,89,-123,-2320
48,-60,8050,-50,74,-151,-2336
80,4,7890,-26,90,-167,-2336
154,-44,7936,-50,65,-163,-2320
162,0,7942,-45,103,-136,-2320
82,-42,8004,-26,88,-152,-2336
106,-32,7986,-45,85,-148,-2336
102,-14,8004,-60,126,-143,-2320
120,-36,7954,-51,60,-171,-2336
116,-28,7982,-34,113,-150,-2336
98,-68,7974,-43,74,-139,-2320
170,-14,7902,-34,58,-144,-2320
108,-34,7968,-30,120,-171,-2320
78,-72,8008,-23,107,-157,-2336
86,-48,8006,-35,99,-150,-2336
146,-32,7926,-50,95,-148,-2320
98,-44,7962,-44,91,-160,-2320
108,-76,7976,-24,133,-157,-2336
130,-40,8006,-9,89,-170,-2304
112,-10,7936,-39,88,-181,-2320
104,14,7976,-30,86,-145,-2304
132,-22,8008,-55,81,-168,-2336
92,-44,7980,-43,89,-166,-2336
94,-52,7948,-38,55,-170,-2320
120,-68,7914,-40,83,-143,-2320
148,28,7928,-25,80,-138,-2304
124,-22,7960,-69,101,-169,-2352
82,-24,8020,-37,87,-171,-2320
110,-38,7960,-37,93,-142,-2304
132,-48,7958,-47,82,-139,-2336
46,-32,8040,-21,63,-145,-2352
94,-18,7992,-60,104,-147,-2320
84,-50,7984,-56,70,-137,-2336
124,-36,8012,-28,110,-158,-2336
72,-40,7974,-47,93,-140,-2320
68,-78,7948,-22,109,-166,-2352
80,-14,7982,-45,62,-172,-2336
94,-30,7946,-31,68,-135,-2336
66,-76,7974,-45,118,-162,-2320
68,-40,8018,-22,47,-158,-2336
82,-24,7948,-15,81,-183,-2336
136,30,7956,-36,84,-154,-2336
118,-32,8004,-37,79,-145,-2352
134,-38,8004,-48,78,-118,-2336
114,-68,7944,-11,88,-154,-2304
146,12,7990,-28,71,-170,-2320
108,4,7930,-50,82,-148,-2320
60,-44,7972,-36,79,-153,-2336
82,-62,7956,-49,72,-158,-2336
140,6,8002,-25,85,-152,-2320
72,-8,7930,-17,85,-170,-2320
120,-60,7996,-49,86,-138,-2320
136,-44,7968,-36,72,-159,-2304
126,-20,7916,-51,45,-149,-2304
92,-4,7982,-35,93,-168,-2320
140,-88,7994,-37,112,-159,-2304
118,-4,7986,-50,77,-126,-2304
98,-12,7928,-57,81,-133,-2320
138,-68,7972,-36,95,-164,-2320
116,-34,8004,-52,72,-148,-2336
82,-60,7990,-57,65,-151,-2336
74,-38,7970,-55,82,-140,-2352
126,-38,7962,-23,96,-170,-2320
154,-42,7870,-46,99,-139,-2336
104,-30,7960,-31,88,-152,-2336
106,-58,7998,-41,69,-174,-2288
72,-46,8000,-31,87,-170,-2304
98,-12,7982,-46,64,-138,-2336
120,-62,7952,-31,97,-159,-2336
76,-38,7966,-33,90,-162,-2320
132,-48,7922,-51,97,-175,-2304
130,-18,7956,-31,94,-161,-2336
88,-40,8012,-39,110,-153,-2352
110,-66,7968,-42,35,-156,-2352
92,-16,7952,-15,70,-177,-2336
82,-30,7872,-64,90,-166,-2336
106,-72,7982,-53,106,-156,-2288
100,-28,7998,-58,62,-148,-2320
112,20,7858,-45,93,-156,-2304
92,-20,7950,-57,88,-172,-2336
104,42,7896,-20,87,-158,-2320
96,-12,7944,-35,60,-133,-2320
62,-18,7968,-34,87,-155,-2336
118,-42,8034,-26,80,-184,-2368
72,0,7956,-53,110,-158,-2320
132,-58,7948,-57,71,-153,-2368
88,-12,7984,-25,110,-148,-2336
118,50,7982,-48,62,-134,-2320
164,-44,7904,-32,88,-169,-2320
84,-60,7944,-47,61,-129,-2320
64,-14,7978,-49,70,-171,-2320
136,-24,7922,-44,79,-160,-2304
112,-22,7992,-67,77,-149,-2336
138,-28,7986,-20,88,-167,-2320
54,-20,7968,-27,60,-145,-2320
62,-32,7940,-40,86,-170,-2336
168,16,7968,-15,84,-124,-2352
98,-62,7956,-57,86,-141,-2320
138,-10,7952,-41,92,-142,-2336
104,-34,8006,-40,72,-127,-2336
124,18,7902,-12,103,-176,-2320
132,-50,8014,-46,53,-141,-2320
150,12,8014,-39,88,-156,-2304
102,-54,7902,-45,79,-161,-2320
86,-10,7996,-14,71,-139,-2320
66,-48,7960,-45,113,-120,-2336
90,-30,8014,-36,61,-146,-2336
94,-28,7964,-39,76,-145,-2320
100,-38,7912,-41,81,-163,-2320
120,-36,8008,-26,102,-161,-2304
82,-48,7924,-35,66,-169,-2304
120,-8,8010,-39,57,-143,-2352
90,10,7998,-49,104,-141,-2336
124,-38,7956,-47,136,-157,-2336
124,-50,7968,-11,107,-153,-2336
112,-20,7964,-48,54,-138,-2352
94,36,7958,-42,49,-160,-2320
90,-26,8034,-61,95,-168,-2336
74,-8,7976,-38,90,-141,-2336
134,-16,7912,-8,107,-178,-2320
118,-42,7980,-68,86,-144,-2320
120,-40,7970,-40,99,-127,-2304
140,-24,7978,-50,87,-164,-2352
86,-38,7978,-26,105,-157,-2320
166,-24,7916,-52,56,-152,-2304
140,-42,7946,-45,99,-155,-2336
114,-44,7968,-34,78,-157,-2304
128,-26,7964,-64,95,-148,-2336
72,-4,7996,-46,76,-130,-2320
66,-30,7952,-38,86,-173,-2336
102,-68,8006,-34,104,-152,-2304
88,-40,8038,-29,63,-170,-2320
80,-6,7942,-41,64,-139,-2352
110,-64,8000,-39,92,-152,-2304
130,-26,7914,-24,71,-138,-2304
120,-40,7996,-49,90,-148,-2320
88,-82,7966,-36,92,-168,-2320
96,-72,7992,-38,108,-144,-2304
110,-12,7900,-20,82,-165,-2336
122,-50,7996,-49,99,-152,-2320
116,-30,7960,-43,75,-175,-2320
130,-10,7986,-73,111,-153,-2304
138,-44,7942,-48,88,-154,-2336
78,-26,7990,-24,80,-134,-2320
108,-40,8014,-36,91,-161,-2336
150,-52,7920,-45,60,-157,-2336
118,-38,7910,-59,81,-153,-2304
106,-60,7966,-33,91,-146,-2320
138,-38,7984,-58,84,-135,-2304
168,-6,7958,-41,77,-139,-2336
142,-8,7990,-32,92,-156,-2320
120,-20,8002,-30,89,-178,-2320
122,-38,8010,-32,76,-159,-2336
78,-14,7984,-28,79,-153,-2320
110,-8,7964,-61,76,-162,-2352
120,-68,7980,-31,99,-162,-2336
110,-26,7946,-21,100,-168,-2304
70,4,7902,-43,62,-151,-2352
124,30,7936,-21,93,-155,-2336
104,8,7914,-61,69,-156,-2336
116,0,7956,-16,104,-150,-2336
96,-70,8002,-49,98,-154,-2320
104,-28,7970,-37,75,-162,-2320
98,-62,7954,-38,100,-141,-2336
68,-16,8010,-19,104,-150,-2304
80,-52,8006,-43,90,-178,-2320
120,-4,7930,-54,78,-174,-2352
136,-10,7964,-34,82,-156,-2320
98,-54,8024,-25,86,-173,-2336
120,-4,7994,-33,70,-162,-2336
140,-34,8008,-32,86,-147,-2288
116,-6,7958,-43,75,-149,-2336
102,-42,7902,-34,76,-157,-2304
108,-86,7962,-28,71,-169,-2304
102,-6,7884,-34,54,-124,-2320
126,2,7948,-43,91,-161,-2336
122,-60,7932,-33,79,-139,-2304
120,-36,8008,-45,90,-153,-2320
68,-30,7904,-27,96,-151,-2352
110,68,7946,-67,67,-142,-2304
136,-32,7952,-35,56,-142,-2336
64,-82,7964,-34,114,-158,-2352
100,-28,7952,-62,79,-160,-2320
134,-42,7924,-33,90,-145,-2336
114,20,7912,-41,100,-147,-2336
132,-72,7906,-28,65,-180,-2320
164,-30,8024,-9,96,-178,-2352
116,-76,7974,-46,60,-160,-2336
180,-32,7946,-22,82,-158,-2304
104,-34,7966,-48,89,-146,-2352
88,-28,8022,-21,84,-165,-2336
92,-44,7884,-52,84,-146,-2304
120,0,7924,-31,116,-160,-2320
116,-40,7986,-53,61,-157,-2320
94,-44,7884,-34,80,-152,-2336
48,-44,7872,-52,85,-159,-2336
76,-44,7976,-68,102,-138,-2320
94,-20,7996,-37,80,-155,-2336
112,-50,8020,-27,78,-163,-2336
104,-32,7930,-28,94,-157,-2288
108,-40,7926,-45,106,-163,-2288
72,-32,7922,-23,94,-134,-2336
104,-84,7968,-2,73,-158,-2336
114,14,7992,-52,83,-156,-2336
116,-38,7922,-39,94,-161,-2352
88,56,8000,-21,106,-142,-2320
122,-8,7930,-37,75,-150,-2336
94,-72,7942,-52,68,-163,-2304
152,-32,7930,-34,105,-155,-2320
102,8,8066,-47,82,-133,-2288
64,-64,8012,-46,78,-160,-2304
96,-6,7996,-64,76,-154,-2336
134,24,7910,-35,96,-157,-2320
142,-94,8150,-55,143,-145,-2320
12,-80,7802,-41,69,-177,-2304
16,74,7870,-98,43,-138,-2304
118,-106,8030,-40,120,-168,-2352
48,-20,8168,23,95,-147,-2336
156,78,7890,-57,125,-155,-2304
70,-56,7952,-16,107,-153,-2352
42,24,7906,-52,81,-152,-2320
94,12,7744,-93,100,-150,-2336
94,-78,8170,24,105,-151,-2336
64,-30,7782,61,67,-171,-2320
170,96,7884,-95,112,-131,-2320
38,-110,7736,-80,-11,-172,-2304
-108,122,7876,-58,41,-110,-2336
262,-50,7684,-96,116,-160,-2352
-76,-90,8456,135,101,-145,-2352
192,4,7648,-24,119,-177,-2304
128,10,8214,-90,190,-152,-2336
-122,-148,7828,6,-36,-158,-2320
-88,276,7384,-208,-23,-86,-2352
362,-272,7612,-120,180,-212,-2336
-4,-22,8778,304,98,-118,-2320
168,98,7446,-88,173,-178,-2288
16,-72,8356,-136,65,-167,-2304
130,48,8122,8,38,-141,-2336
222,54,7514,-232,66,-121,-2352
106,-248,8132,2,91,-192,-2336
174,-30,8034,157,95,-158,-2336
182,-30,7846,-105,155,-161,-2336
98,-52,8274,-25,80,-158,-2320
56,-34,7852,-103,-10,-172,-2320
176,-48,7616,-187,89,-169,-2336
50,-76,8214,28,69,-138,-2336
132,-20,7852,28,138,-163,-2320
152,-42,7868,-18,121,-146,-2320
60,-50,8132,-41,120,-147,-2336
160,-66,7918,-54,62,-154,-2336
146,-20,7992,-101,70,-150,-2320
190,-86,7958,-68,71,-176,-2320
128,-90,7962,-21,87,-144,-2336
96,-60,8018,2,95,-144,-2304
70,-46,7930,-31,74,-169,-2384
78,-8,8024,-61,99,-164,-2320
106,-38,8008,-64,92,-146,-2336
152,-92,7992,-27,82,-151,-2336
130,-6,7892,-21,80,-146,-2352
76,-24,7944,-16,105,-155,-2336
90,16,7978,-40,85,-156,-2336
96,-52,7974,-59,80,-135,-2320
124,-14,7968,-44,75,-149,-2352
138,-66,7880,-60,47,-145,-2336
114,-46,8036,-22,86,-139,-2336
84,10,8042,-8,75,-141,-2320
46,-24,7960,-56,60,-163,-2336
84,-4,7920,-25,84,-139,-2336
66,-36,7980,-71,70,-183,-2304
112,-28,8002,-25,103,-130,-2320
104,-32,7988,-28,58,-150,-2320
154,14,7922,-59,82,-168,-2304
124,-44,8012,-34,90,-143,-2368
94,-54,8026,-35,82,-145,-2320
68,6,7954,-33,91,-153,-2336
158,-42,8028,-54,59,-157,-2336
152,-38,7948,-34,125,-163,-2320
136,-10,7950,-54,56,-115,-2320
66,-34,7976,-34,101,-165,-2336
78,-16,7984,-34,80,-165,-2336
92,-12,7886,-36,85,-161,-2336
100,6,8028,-36,106,-158,-2352
124,-14,7966,-25,94,-159,-2320
104,-64,7936,-65,101,-159,-2336
128,-60,8054,-10,63,-159,-2304
78,6,7896,-38,120,-149,-2320
38,6,7924,-21,74,-161,-2352
52,-40,7990,-40,91,-139,-2336
104,-16,7970,-48,67,-157,-2304
128,-44,8042,-52,88,-167,-2320
134,-38,7982,-17,81,-152,-2320
112,-16,7922,-53,82,-155,-2336
114,-20,7950,-23,89,-142,-2336
144,-8,8010,-39,110,-168,-2320
96,-38,7988,-18,69,-154,-2288
156,28,7950,-48,76,-154,-2336
82,0,7998,-43,77,-140,-2352
116,20,8030,-40,95,-152,-2352
140,-50,7998,-47,109,-176,-2336
102,-60,7988,-22,101,-133,-2336
86,-38,7904,-68,86,-149,-2320
110,6,7942,-48,74,-156,-2336
112,-48,8012,-53,75,-147,-2304
88,-66,7948,-26,74,-172,-2304
152,-40,7968,-41,112,-147,-2320
108,-12,8000,-27,108,-129,-2352
108,-20,7964,-41,94,-152,-2336
114,-34,8020,-46,81,-158,-2304
130,30,7984,-17,38,-131,-2352
182,-10,7928,-50,97,-146,-2336
88,-4,8024,-36,85,-153,-2336
74,-68,7934,-30,97,-150,-2320
122,2,7964,-45,79,-158,-2320
84,-12,7930,-40,98,-156,-2336
96,14,7922,-43,93,-130,-2336
72,14,7996,-30,85,-180,-2320
126,-10,7922,-46,77,-153,-2320
74,4,7928,-44,116,-145,-2336
134,-44,7992,-32,76,-150,-2304
116,-26,7938,-32,82,-184,-2320
70,8,7896,-34,99,-148,-2320
72,-22,8010,-22,83,-180,-2320
144,-24,7960,-29,90,-155,-2336
82,-34,7984,-29,90,-145,-2368
74,-36,7980,-69,81,-177,-2320
124,-2,7906,-20,75,-152,-2320
134,-50,7980,-34,102,-141,-2336
108,-68,7934,-34,89,-139,-2336
116,-50,8008,-46,91,-155,-2352
142,4,7970,-36,94,-145,-2352
166,14,7968,-48,87,-149,-2304
94,-32,8026,-52,79,-153,-2320
76,-40,7964,-26,74,-146,-2320
92,-44,8000,-23,89,-160,-2336
92,-8,8020,-14,100,-146,-2304
136,-44,7952,-41,107,-138,-2320
70,-40,8026,-33,91,-158,-2304
116,-82,8002,-29,70,-149,-2304
136,-42,7954,-26,76,-164,-2336
118,-36,8014,-50,56,-165,-2288
160,-56,7986,-46,101,-159,-2352
100,-50,7958,-29,85,-163,-2304
64,-20,7964,-50,78,-153,-2304
130,-56,7910,-39,96,-162,-2320
100,-36,8012,-19,95,-129,-2352
60,-28,7982,-45,84,-173,-2304
86,-54,7978,-50,67,-127,-2336
138,-18,8004,-50,72,-170,-2304
116,-98,8014,-21,110,-139,-2336
84,-14,8006,-25,63,-173,-2320
96,-34,7956,-36,68,-165,-2320
152,-68,7956,-54,89,-175,-2368
108,-38,7964,-39,76,-119,-2336
140,-12,7946,-54,87,-159,-2352
146,-20,7934,-17,62,-176,-2320
146,-16,7968,-26,95,-142,-2336
118,-46,7992,-34,91,-145,-2352
130,-14,7934,-35,57,-159,-2336
116,-54,7956,-46,82,-160,-2304
80,-68,7958,-20,95,-144,-2320
76,-54,7962,-26,85,-140,-2320
102,-6,7978,-23,85,-158,-2304
124,32,7924,-43,91,-141,-2304
124,-56,7972,-39,94,-178,-2288
116,-46,7980,-27,100,-155,-2320
102,-6,7974,-21,47,-144,-2336
88,-2,7996,-34,108,-157,-2304
142,-46,8000,-31,95,-155,-2320
100,-54,7998,-34,88,-148,-2320
88,-94,8014,-57,94,-156,-2336
106,-78,7932,-45,82,-125,-2304
112,-54,7990,-63,80,-165,-2352
72,-82,7930,-41,93,-127,-2336
110,12,7956,-42,64,-152,-2304
82,-6,7878,-38,42,-147,-2320
56,-20,7980,-42,110,-153,-2320
80,-30,7990,-50,85,-152,-2336
86,-46,8018,-33,109,-162,-2304
94,-20,7936,-45,81,-147,-2320
148,-2,7878,-36,95,-161,-2320
104,-2,8008,-46,85,-147,-2336
88,-64,7992,-25,71,-155,-2336
112,-42,7980,-47,99,-180,-2320
102,-10,7958,-39,68,-121,-2352
92,22,7896,-41,87,-149,-2336
108,-46,7986,-42,86,-129,-2336
120,-38,8032,-33,63,-157,-2320
106,-42,7950,-40,76,-171,-2320
146,-16,7890,-39,85,-155,-2304
82,-26,8004,-36,95,-150,-2320
148,-50,7992,-36,85,-130,-2320
148,-48,7956,-36,90,-139,-2304
130,-44,7952,-65,107,-157,-2336
72,0,8024,-17,95,-145,-2352
88,-56,7994,-2,65,-137,-2336
110,-28,7936,-74,62,-164,-2320
90,-10,7998,-38,81,-152,-2304
152,-28,7990,-39,100,-149,-2336
118,-92,8014,-34,98,-148,-2320
92,22,7960,-29,62,-152,-2320
126,-64,7946,-60,84,-161,-2336
152,-10,7934,-44,85,-136,-2304
90,-22,7958,-47,76,-163,-2304
80,-42,7938,-39,90,-150,-2320
114,-48,7968,-69,77,-150,-2336
142,-34,7946,-25,74,-135,-2304
130,-32,7922,-30,104,-164,-2304
110,-56,8040,-47,76,-173,-2320
100,0,7936,-42,96,-124,-2304
68,-10,7932,-65,95,-173,-2304
120,-80,7954,-24,101,-169,-2352
112,-32,7986,-52,96,-162,-2320
90,18,8004,-16,67,-145,-2336
124,-18,7990,-65,80,-156,-2304
62,-26,7976,-28,74,-161,-2320
66,-14,7986,-31,44,-135,-2352
116,-26,7894,-26,84,-151,-2336
114,-8,7928,-35,91,-163,-2304
86,-46,7956,-22,68,-128,-2320
126,-48,7958,-24,99,-135,-2320
110,-44,7908,-43,83,-146,-2304
128,-26,7986,-58,79,-152,-2336
134,-46,8012,-27,92,-153,-2320
116,-8,7964,-33,81,-146,-2336
100,-62,7964,-46,94,-166,-2304
132,-42,7938,-24,85,-147,-2320
136,-38,7994,-55,90,-142,-2304
130,-56,7926,-25,88,-150,-2336
126,-50,7888,-36,84,-171,-2304
124,-26,7934,-46,81,-150,-2320
102,-20,7980,-37,73,-158,-2320
56,-62,8044,-45,93,-180,-2304
90,-38,7912,-41,30,-136,-2304
144,-80,7884,-30,95,-133,-2320
114,-26,7874,-37,85,-167,-2352
158,-62,7972,-46,97,-140,-2320
114,-22,8020,-44,89,-169,-2304
60,-8,7946,-26,100,-122,-2336
122,-14,7984,-35,85,-157,-2288
94,-40,7932,-37,87,-169,-2304
70,-48,7950,-16,87,-154,-2304
112,-32,7914,-56,86,-162,-2336
116,4,7922,-52,99,-161,-2320
136,-20,8002,-55,72,-124,-2320
72,-52,7966,-32,107,-142,-2336
102,-14,7986,-57,45,-150,-2320
96,-36,7960,-78,94,-177,-2320
112,-38,7932,-39,94,-141,-2304
106,-66,7950,-56,109,-160,-2336
80,-54,7962,-46,64,-184,-2352
144,6,7980,-46,70,-157,-2320
98,-26,7960,-51,73,-124,-2304
102,-48,8000,-48,67,-152,-2336
116,-2,7914,-40,115,-174,-2320
134,-18,7978,-46,79,-137,-2320
164,-60,8052,-35,71,-149,-2336
76,-22,7938,-57,87,-155,-2336
132,-56,8008,-30,79,-165,-2320
116,-32,7950,-42,92,-172,-2336
134,-18,7924,-25,78,-156,-2336
126,-22,8042,-38,92,-187,-2320
54,12,8016,-29,93,-107,-2288
82,-18,7962,-25,107,-152,-2336
134,-44,7900,-53,106,-164,-2336
112,-26,7964,-34,94,-134,-2320
92,-64,7986,-16,78,-150,-2352
96,-18,8000,-52,83,-159,-2304
154,-56,7964,-49,88,-151,-2336
112,-54,7904,-16,121,-137,-2352
36,-14,8000,-34,87,-142,-2320
116,-68,7958,-14,83,-158,-2336
120,-8,8012,-46,93,-152,-2336
168,18,7946,-11,101,-158,-2336
122,-10,7918,-61,83,-126,-2304
134,-20,7968,-48,90,-171,-2320
110,-22,7898,-20,82,-147,-2336
130,-12,7962,-44,86,-126,-2336
126,-8,7952,-4,79,-137,-2304
80,-56,7978,-56,58,-148,-2320
86,-10,7980,-26,51,-141,-2304
76,16,7984,-26,82,-139,-2304
102,-8,7968,-21,90,-150,-2320
64,-28,7990,-31,74,-113,-2288
116,-56,7906,-48,68,-156,-2336
134,-42,7996,-32,87,-156,-2336
110,-54,8020,-32,74,-181,-2352
86,-80,7964,-39,68,-131,-2352
138,-28,7990,-28,81,-173,-2336
76,-28,7914,-43,90,-154,-2304
140,6,8046,-44,95,-157,-2320
94,-30,7920,-26,101,-132,-2320
158,-48,7890,-34,82,-176,-2336
116,-38,7986,-53,81,-162,-2336
110,14,8020,-51,107,-166,-2320
132,-44,7954,-33,58,-138,-2304
144,-50,7966,-64,86,-131,-2336
126,-48,8010,-52,106,-179,-2320
148,-38,7972,-37,126,-161,-2320
108,-24,7992,-61,66,-133,-2336
108,-26,8000,-50,94,-173,-2336
136,-20,7976,-46,78,-161,-2320
154,-32,7952,-46,80,-144,-2320
136,-96,7956,-40,108,-163,-2304
90,8,7866,-28,91,-152,-2336
114,-14,7968,-61,104,-152,-2320
122,-20,7968,-40,73,-142,-2320
138,8,8034,-46,109,-151,-2336
116,-60,7912,-26,98,-141,-2336
74,-30,7984,-29,65,-148,-2288
176,18,7962,-32,84,-129,-2336
138,-10,7920,-32,97,-152,-2336
76,-30,7966,-44,118,-154,-2336
68,-32,7988,-56,72,-140,-2336
156,-36,7990,-32,90,-160,-2352
52,-32,8002,-41,97,-157,-2320
112,-28,8044,-26,63,-138,-2336
90,-78,7992,-18,57,-175,-2304
108,14,7900,-52,91,-155,-2320
128,34,7948,-36,116,-151,-2320
124,-24,8078,-19,102,-135,-2368
28,-92,8014,-46,89,-159,-2272
74,60,7836,-67,75,-150,-2352
210,-110,7882,-60,86,-147,-2320
138,-92,8136,35,66,-157,-2336
84,70,7908,-46,83,-157,-2304
84,-36,8084,-42,102,-145,-2320
130,-52,7804,-39,116,-153,-2336
134,10,7840,-71,46,-147,-2368
64,-88,8052,-42,97,-148,-2368
118,-8,7870,4,78,-165,-2320
106,14,7892,-49,108,-157,-2304
122,-72,8086,-71,62,-147,-2336
104,-50,7978,-28,75,-133,-2320
82,4,7930,-78,84,-163,-2352
76,-22,8062,-28,67,-158,-2336
130,-26,8004,14,69,-148,-2320
114,-66,7932,-34,110,-130,-2320
100,-24,8066,-32,53,-143,-2368
102,-32,7966,-40,68,-174,-2336
130,-36,8034,-52,87,-151,-2320
228,-86,8092,-57,140,-158,-2368
110,-62,7808,-9,44,-159,-2304
106,-36,7824,-86,66,-105,-2304
114,-56,8210,-3,111,-171,-2320
64,12,8014,-2,64,-139,-2320
108,-56,8030,-76,85,-161,-2336
172,-32,7938,-29,90,-168,-2336
128,66,7974,-50,79,-134,-2320
88,-30,7920,-93,96,-168,-2320
108,20,8088,43,59,-156,-2352
174,54,7924,-32,95,-132,-2320
148,36,7982,-75,77,-148,-2336
116,-46,8040,-25,76,-160,-2336
268,-104,8216,-36,152,-164,-2320
-90,-88,7800,-13,19,-165,-2336
-2,238,7638,-154,13,-113,-2304
332,-242,8074,-54,131,-202,-2336
-36,42,8214,152,67,-115,-2320
158,100,7586,-126,111,-157,-2320
-14,-32,8108,-45,40,-162,-2336
114,116,7964,-49,102,-149,-2336
178,-82,7814,-132,61,-143,-2352
54,-48,8106,86,83,-176,-2336
182,62,7788,7,94,-150,-2320
66,-20,8004,-114,100,-188,-2288
60,-30,8264,27,32,-163,-2368
176,-20,7690,-89,65,-142,-2336
154,-50,7936,-92,99,-163,-2320
106,-88,7984,22,107,-126,-2320
82,26,7918,-1,106,-130,-2336
136,-26,7896,-43,88,-137,-2336
66,20,8116,-56,89,-121,-2320
160,-84,7976,-63,67,-158,-2352
86,-70,8022,-44,41,-130,-2336
102,-40,7876,-63,73,-167,-2304
128,-22,8010,-28,76,-153,-2288
176,-58,8036,4,136,-155,-2304
72,-36,8108,-11,92,-161,-2336
102,-52,7954,-30,47,-150,-2352
140,4,7936,-55,77,-150,-2320
152,-12,7912,-85,48,-145,-2304
114,-56,7968,-7,84,-164,-2304
138,-52,7944,-5,81,-148,-2320
120,-28,7916,-40,97,-154,-2320
112,0,7998,-60,62,-154,-2336
118,-18,7984,-71,66,-151,-2320
78,-12,7976,-77,87,-152,-2320
146,-4,8000,-12,92,-165,-2336
138,0,7982,-16,90,-147,-2336
128,-22,7924,-36,96,-154,-2304
130,-60,8048,-44,75,-154,-2304
128,-46,7978,-41,57,-163,-2352
86,-28,8006,-48,89,-152,-2352
140,0,7948,-32,63,-163,-2304
100,-58,7990,-26,83,-144,-2336
102,20,7958,-62,68,-159,-2320
114,-58,7962,-9,91,-150,-2336
118,-82,8038,-48,93,-163,-2336
140,-74,7992,-27,61,-166,-2352
100,-26,7978,-54,73,-152,-2288
142,-22,7944,-40,104,-152,-2336
106,-22,7952,-22,121,-133,-2304
118,2,7964,-46,101,-148,-2352
116,-56,7968,-21,111,-138,-2320
142,-56,7950,-35,101,-114,-2336
126,16,7966,-58,83,-164,-2336
134,-62,7954,-31,95,-141,-2352
96,-52,7960,-9,69,-151,-2336
112,-38,7860,-59,67,-172,-2336
134,28,7968,-18,75,-158,-2304
104,10,8008,-46,81,-152,-2320
86,-74,7980,-24,99,-152,-2320
120,-80,7970,-44,67,-141,-2304
142,-52,7944,-37,84,-141,-2336
130,-44,7966,-29,102,-158,-2352
108,-56,7944,-38,80,-139,-2304
148,-46,7900,-44,82,-147,-2336
104,14,7926,-43,82,-172,-2320
132,-30,8004,-39,104,-154,-2304
92,-32,8040,-40,51,-140,-2304
128,-2,7934,-36,81,-160,-2336
154,-28,7928,-39,61,-147,-2320
128,20,7946,-42,89,-161,-2336
100,-20,7998,-21,93,-142,-2304
124,-24,7966,-39,99,-151,-2352
102,-16,7918,-52,98,-143,-2320
128,-30,8016,-12,87,-156,-2320
66,-32,8062,-12,102,-151,-2320
104,2,7980,-28,76,-156,-2336
118,-6,7932,-44,75,-133,-2336
146,-50,7932,-31,108,-167,-2320
142,-20,8008,-46,81,-163,-2304
120,-42,7978,-27,85,-140,-2304
140,2,7988,-51,86,-162,-2336
150,-28,7954,-46,91,-162,-2320
142,-54,8012,-31,66,-135,-2320
82,-2,8040,-30,81,-140,-2336
146,-56,7996,-63,78,-163,-2304
90,-20,7952,-41,86,-145,-2320
134,-44,8010,-31,94,-119,-2320
112,-50,7996,-17,82,-158,-2304
132,-32,7980,-49,52,-139,-2320
128,-14,7938,-60,93,-162,-2320
166,-84,7930,-44,76,-155,-2336
96,-38,7966,-48,84,-161,-2336
66,-54,7958,-44,73,-150,-2320
108,-64,7952,-29,76,-136,-2352
130,-14,7960,-77,129,-168,-2336
110,-92,7972,-27,106,-167,-2304
160,-44,8042,-29,90,-149,-2320
98,-32,7942,-25,64,-131,-2304
100,-26,7998,-57,102,-168,-2304
138,-52,8038,-20,74,-133,-2304
68,-30,7892,-38,84,-157,-2320
152,-24,7898,-22,76,-129,-2320
116,-18,8016,-32,92,-156,-2304
126,-34,7956,-32,61,-167,-2336
76,-44,7944,-25,73,-153,-2320
128,2,7934,-67,71,-153,-2336
118,-22,7926,-12,105,-155,-2336
128,-66,7962,-44,116,-149,-2320
104,-30,7982,-31,74,-146,-2320
122,-30,7966,-34,70,-151,-2304
84,-50,7928,-56,81,-171,-2336
58,-16,7966,-37,103,-151,-2304
116,-54,7914,-20,73,-157,-2320
106,-36,7980,-40,89,-181,-2320
120,-48,7946,-37,101,-138,-2336
182,-96,7960,-36,93,-147,-2336
66,-32,7980,-45,79,-153,-2288
68,-20,7956,-70,48,-169,-2272
80,-50,7972,-26,57,-159,-2336
142,-40,7912,-36,69,-158,-2304
122,-56,7968,-52,88,-156,-2320
38,-22,8008,-23,82,-142,-2320
108,-22,7992,-47,78,-152,-2336
148,-32,7958,-19,87,-143,-2336
104,-80,8016,-30,88,-153,-2320
60,-24,7982,-26,80,-145,-2320
166,-38,7976,-45,100,-155,-2304
116,-26,7930,-16,50,-120,-2320
108,-52,7974,-45,113,-142,-2320
66,-22,7988,-38,84,-135,-2336
84,-48,7982,-44,78,-171,-2304
100,0,7982,-64,89,-126,-2320
88,-72,7970,-24,66,-147,-2320
100,-36,8030,-22,67,-157,-2304
86,-74,7912,-37,88,-171,-2304
142,-32,7922,-43,82,-153,-2320
106,-16,7908,-51,100,-159,-2336
112,-24,7940,-38,72,-157,-2304
66,32,7974,-23,61,-187,-2368
62,-18,7954,-39,73,-150,-2320
88,-34,7924,-27,95,-178,-2352
102,-16,7996,-56,72,-139,-2336
88,-60,7956,-53,77,-157,-2336
112,-42,7956,-66,83,-150,-2352
152,-50,7998,-60,85,-152,-2336
100,-82,8018,-43,77,-172,-2336
118,-42,7950,-14,68,-158,-2320
86,0,7952,-12,67,-135,-2320
158,-40,7954,-37,86,-165,-2336
86,-64,7932,-49,88,-158,-2336
58,-62,7998,-41,57,-144,-2304
78,30,7952,-42,74,-151,-2304
118,-26,7966,-53,63,-154,-2320
126,-80,8020,-39,100,-154,-2304
60,-36,7936,-19,113,-122,-2336
134,-32,8000,-44,90,-163,-2320
106,-36,7924,-50,108,-152,-2320
104,-34,7922,-47,68,-148,-2304
76,-94,7976,-29,101,-134,-2336
94,-44,7940,-15,76,-179,-2320
100,-20,7892,-35,81,-157,-2320
118,-44,7980,-45,90,-131,-2336
68,-44,8006,-25,93,-179,-2304
126,-38,7996,-34,43,-172,-2320
92,-20,8010,-45,112,-142,-2352
112,-28,7992,-22,83,-147,-2336
66,-76,7962,-30,86,-154,-2336
58,-28,7984,-10,70,-154,-2320
114,-44,7934,-42,89,-147,-2336
102,34,7888,-34,79,-138,-2336
66,-70,7958,-41,79,-161,-2336
116,0,8028,-51,87,-134,-2352
100,-18,8014,-18,86,-144,-2304
126,-32,7924,-51,101,-161,-2304
90,-16,8034,-32,93,-143,-2320
146,-8,8002,-47,70,-162,-2352
100,-36,7946,-40,32,-147,-2336
80,6,7904,-47,87,-173,-2336
84,-36,8018,-55,104,-136,-2320
100,-44,7954,-37,83,-155,-2336
78,-56,7928,-32,110,-175,-2336
94,-56,7988,-41,42,-170,-2320
108,-18,7934,-50,94,-152,-2320
106,-10,7974,-39,72,-156,-2304
120,-44,8028,-45,89,-166,-2336
130,6,7934,-33,109,-138,-2320
80,-24,7904,-18,103,-171,-2352
92,-22,8016,-61,87,-145,-2304
126,-30,7936,-25,89,-175,-2336
100,-42,7980,-56,28,-149,-2336
102,-36,7954,-36,89,-157,-2320
134,-20,7968,-3,100,-176,-2320
116,4,8018,-42,104,-169,-2336
114,-42,7982,-58,84,-110,-2336
96,-48,7968,-17,93,-160,-2320
94,-4,7964,-52,94,-170,-2304
128,-34,7986,-32,80,-134,-2336
154,-64,7930,-49,74,-143,-2304
94,-38,7962,-36,73,-141,-2320
116,-10,7940,-67,72,-157,-2320
100,-36,8078,-40,87,-138,-2336
118,18,7910,-51,82,-156,-2336
132,-6,7964,-17,90,-153,-2320
118,-26,7940,-35,89,-188,-2320
102,-38,8000,-37,67,-138,-2336
110,-80,7972,-37,84,-141,-2304
136,-42,7996,-46,77,-156,-2320
140,-4,7952,-28,107,-143,-2288
108,-48,7962,-36,109,-140,-2304
90,-6,7978,-20,72,-138,-2336
94,-10,7944,-35,97,-147,-2352
132,-46,7886,-11,72,-140,-2304
110,-32,7988,-31,99,-165,-2336
60,-38,7960,-39,82,-177,-2320
94,-52,7942,-26,98,-160,-2336
156,14,8004,-37,124,-142,-2304
94,-30,7990,-23,76,-156,-2368
100,-72,7928,-35,81,-185,-2352
124,-40,7966,-15,87,-123,-2320
160,22,7940,-51,93,-170,-2304
78,8,7968,-34,79,-138,-2304
116,12,8018,-41,80,-156,-2320
122,2,7946,-43,78,-171,-2320
90,48,7954,-25,71,-145,-2336
98,-40,8004,-37,101,-160,-2288
68,-40,7998,-22,74,-164,-2336
84,36,7912,-56,70,-177,-2336
138,12,8010,-62,84,-156,-2336
90,-42,8048,-22,113,-148,-2336
88,-54,7928,-45,53,-135,-2304
116,-16,8022,-35,102,-166,-2320
150,-36,7976,-31,77,-145,-2320
104,-48,7962,-39,72,-164,-2336
94,-54,7974,-18,94,-127,-2304
148,-14,7980,-48,73,-154,-2352
118,-20,7964,-58,107,-153,-2336
96,-22,7908,-37,114,-124,-2336
118,-64,8018,-21,67,-166,-2320
118,-34,7992,-63,42,-171,-2352
130,2,7976,-58,85,-134,-2336
112,-64,7964,-46,101,-137,-2336
88,2,7984,-38,93,-173,-2320
80,-8,7942,-29,62,-159,-2320
122,-26,7920,-50,113,-150,-2304
108,28,7932,-47,76,-167,-2304
114,-66,8028,-49,94,-148,-2320
94,-54,8006,-32,94,-165,-2288
154,10,7966,-40,75,-147,-2304
156,18,7922,-39,98,-195,-2304
116,-4,8010,-34,103,-151,-2320
108,-58,8016,-37,102,-151,-2288
68,-52,8022,-30,99,-155,-2304
118,-8,7958,-38,85,-172,-2304
122,-56,7962,-36,85,-164,-2320
84,-26,8066,-46,71,-144,-2336
76,-86,7942,-57,73,-152,-2304
142,-20,7952,-58,92,-165,-2320
170,-10,7936,-24,87,-164,-2288
104,-26,7922,-47,81,-166,-2320
62,-58,7982,-29,107,-145,-2304
76,0,7956,-62,93,-147,-2336
138,-32,7966,-58,71,-163,-2320
146,18,7978,-38,102,-149,-2320
152,-18,7976,-45,87,-128,-2304
126,-10,7996,-56,106,-171,-2320
110,-80,7992,-29,79,-141,-2320
102,-30,7900,-45,91,-155,-2304
94,-38,7970,-45,75,-159,-2320
92,42,7982,-33,59,-143,-2304
108,-82,7928,-49,108,-169,-2304
58,-28,7976,-20,93,-144,-2320
130,16,7976,-47,74,-158,-2304
136,-52,7978,-58,87,-157,-2368
66,-12,7986,-30,89,-143,-2320
76,-22,7984,-33,56,-144,-2320
86,-8,7942,-37,87,-161,-2336
116,20,7918,-49,86,-169,-2304
128,-18,8014,-61,88,-156,-2320
70,-70,7996,-19,86,-144,-2320
112,-50,7906,-24,57,-130,-2336
108,-46,7976,-54,64,-150,-2336
100,-48,7952,-34,79,-148,-2320
98,-58,7930,-35,74,-155,-2304
112,12,8046,-61,91,-156,-2304
164,-94,8006,-34,77,-140,-2336
80,-2,7988,-46,104,-163,-2352
112,-62,7986,-64,100,-149,-2304
94,-6,7998,-32,81,-181,-2336
48,-4,7968,-33,73,-162,-2320
94,-44,7922,-77,82,-163,-2320
98,2,8004,-33,86,-167,-2336
90,-46,7952,-53,73,-158,-2304
108,-38,7932,-41,90,-131,-2320
80,-50,7980,-46,95,-166,-2320
140,-16,7874,-34,95,-153,-2336
122,2,7978,-36,78,-151,-2304
138,-36,7986,-35,78,-157,-2320
92,-26,7932,-52,76,-139,-2320
114,-56,7966,-29,94,-168,-2336
144,-48,7970,-16,115,-150,-2336
106,-52,7924,-24,81,-139,-2320
150,-30,7910,-52,108,-173,-2304
102,-62,7920,-61,77,-145,-2352
110,-56,8002,-28,103,-150,-2336
88,-4,7908,-46,78,-164,-2320
130,-32,8076,-12,97,-139,-2320
106,-28,7842,-47,74,-166,-2336
16,8,7860,-90,63,-136,-2336
130,-78,8068,-11,116,-183,-2352
64,-16,7948,16,76,-127,-2320
122,46,7952,-51,100,-135,-2336
106,-92,8060,-28,80,-152,-2304
96,-2,8004,-57,84,-168,-2320
100,16,7876,-90,87,-160,-2336
98,-22,8040,-5,107,-159,-2336
166,-38,7886,-6,58,-160,-2336
102,-50,7948,-60,86,-160,-2320
146,-14,8076,-15,71,-176,-2336
134,-46,7924,-67,78,-111,-2304
-70,-108,7916,-31,119,-159,-2320
214,14,7812,-42,71,-171,-2352
242,-106,7730,-123,58,-145,-2336
80,-22,8374,66,141,-156,-2336
150,44,7908,-5,82,-149,-2320
74,-92,8178,-65,91,-138,-2320
162,-10,7862,-17,51,-155,-2368
98,100,7868,-108,70,-121,-2336
124,-114,7980,-71,86,-185,-2320
60,-228,8670,191,215,-133,-2320
146,44,7224,-53,38,-201,-2272
-176,104,7434,-297,-43,-75,-2336
134,-286,8744,91,178,-202,-2320
-178,100,8304,134,3,-60,-2336
180,40,7708,-171,220,-187,-2368
96,-104,8126,79,3,-146,-2336
46,240,7692,-102,65,-143,-2320
174,-48,7754,-218,127,-168,-2336
-6,-176,8244,133,32,-154,-2368
198,140,7576,-2,73,-147,-2288
130,-32,7958,-136,137,-170,-2320
34,-14,8188,13,27,-121,-2304
176,6,7574,-198,103,-176,-2304
-18,-70,8234,-1,57,-133,-2304
112,-50,7946,32,105,-171,-2320
94,-6,7788,-42,102,-147,-2336
88,-52,8096,-46,81,-153,-2304
160,-2,7924,-66,77,-148,-2304
98,-60,8024,-106,67,-157,-2320
66,-130,8000,-3,75,-133,-2336
90,-78,7834,-26,86,-163,-2304
174,36,7838,-93,50,-138,-2320
156,-108,8016,-5,114,-149,-2288
168,-68,8022,16,107,-144,-2304
104,16,7992,-32,81,-165,-2304
154,-98,8008,-49,68,-165,-2320
194,24,7930,-44,103,-112,-2336
98,-10,7926,-76,106,-150,-2304
60,-92,7990,-7,72,-130,-2304
128,-26,7940,-28,57,-155,-2320
146,30,7986,-61,119,-136,-2288
126,-8,8018,-24,86,-159,-2304
86,-16,7972,-19,87,-149,-2320
70,-16,7958,-43,95,-153,-2320
74,-34,7902,-26,55,-128,-2336
68,-22,7902,-39,108,-161,-2304
118,16,7988,-48,82,-137,-2320
94,-44,7994,-33,94,-162,-2320
88,-30,7980,-22,64,-137,-2304
118,4,7912,-66,67,-169,-2336
92,-24,7970,-51,101,-154,-2320
86,10,8042,-49,85,-151,-2320
110,-44,7920,-58,69,-163,-2304
142,-38,8006,-33,84,-143,-2304
80,-18,8004,-35,102,-155,-2320
110,-34,8000,-54,74,-139,-2336
58,-74,7992,-25,60,-169,-2336
68,-8,7920,-49,101,-125,-2336
86,-32,7970,-36,91,-130,-2320
142,-22,8008,-52,48,-156,-2304
124,-10,7990,-41,89,-164,-2336
100,-46,7996,-29,90,-151,-2336
62,-8,8024,-27,77,-178,-2304
94,-88,7994,-11,80,-146,-2352
166,-22,7948,-52,66,-136,-2320
86,-18,7982,-58,78,-171,-2336
128,-34,7958,-29,88,-154,-2336
102,-20,7970,-21,53,-145,-2320
98,10,7932,-45,80,-156,-2352
140,-32,7932,-29,83,-145,-2304
122,-38,8012,-37,100,-126,-2336
100,-58,7958,-35,51,-172,-2320
72,-42,7982,-73,66,-131,-2336
126,-26,7988,-34,61,-181,-2304
108,-62,7996,-43,80,-145,-2288
80,-16,7966,-36,102,-155,-2320
110,10,7946,-40,88,-168,-2336
110,52,7972,-48,91,-163,-2304
106,-46,7992,-49,77,-135,-2320
86,0,7988,-39,78,-163,-2320
112,-12,7980,-51,69,-141,-2304
110,-20,7966,-42,67,-114,-2304
130,-12,8024,-57,86,-141,-2352
74,4,7954,-30,67,-166,-2352
108,-4,7916,-32,105,-155,-2336
110,-26,7996,-52,76,-159,-2336
64,-60,7990,-42,111,-175,-2320
94,-50,8022,-30,93,-156,-2336
126,-26,7930,-29,35,-123,-2304
140,-12,7992,-12,70,-140,-2352
146,-10,8010,-55,96,-189,-2304
116,-54,8052,-23,89,-132,-2320
84,-28,7930,-58,84,-153,-2320
132,8,7886,-23,88,-168,-2304
122,-12,7980,-41,101,-169,-2304
102,-40,7924,-19,84,-137,-2320
136,-12,8014,-29,80,-182,-2304
112,-12,7946,-18,99,-150,-2336
120,-22,7962,-25,103,-145,-2336
120,-48,7988,-44,101,-165,-2304
138,32,7958,-12,65,-165,-2320
124,-42,8002,-34,83,-173,-2352
122,-10,7984,-38,67,-147,-2304
108,-38,7954,-40,101,-170,-2304
126,-26,7920,-26,78,-143,-2352
90,-18,7960,-35,85,-154,-2304
112,-50,7936,-21,79,-150,-2336
82,-54,7986,-42,64,-141,-2320
118,0,7902,-35,67,-126,-2304
84,4,8004,-30,68,-137,-2304
124,-18,7940,-22,91,-165,-2304
52,-46,7956,-46,110,-171,-2320
112,-84,7970,-21,78,-157,-2352
108,-54,7930,-23,105,-132,-2336
128,-52,7988,-47,77,-124,-2304
94,-44,7996,-51,77,-157,-2288
108,-52,7940,-36,56,-132,-2320
138,-34,7864,-19,66,-167,-2336
96,18,8042,-28,98,-165,-2336
108,-44,7932,-45,118,-146,-2352
68,-46,7936,-20,84,-172,-2304
96,-106,7980,-39,106,-150,-2304
116,-50,7968,-46,73,-162,-2320
136,-72,7998,-33,115,-146,-2352
86,-58,7990,-28,36,-129,-2336
152,-48,7946,-19,63,-157,-2304
90,-52,7950,-51,98,-141,-2320
110,-46,7970,-39,120,-149,-2336
84,-92,7946,-27,91,-170,-2320
128,-36,7952,-41,83,-156,-2320
164,-24,7944,-33,81,-144,-2304
94,-12,7998,-20,76,-165,-2304
52,18,7990,-28,77,-174,-2320
132,-40,7956,-57,82,-139,-2336
126,-32,7976,-25,95,-124,-2352
146,-46,8016,-37,87,-144,-2320
124,-40,7936,-13,94,-150,-2352
46,-58,7922,-20,79,-130,-2320
108,-42,7886,-29,88,-133,-2304
128,-46,7996,-32,83,-145,-2336
124,-56,7986,-44,83,-142,-2352
106,-18,7954,-46,74,-139,-2320
92,-18,7916,-30,100,-143,-2336
114,-56,8048,-45,90,-156,-2336
26,-8,8012,-25,71,-152,-2352
88,-8,7982,-36,92,-148,-2320
86,32,8006,-38,67,-148,-2304
184,8,7964,-58,100,-158,-2304
58,-70,8048,-31,81,-158,-2288
118,-62,7962,-31,70,-149,-2336
130,-52,7940,-27,91,-158,-2336
116,-56,7974,-41,88,-144,-2320
126,-56,7994,-35,88,-148,-2352
84,18,8010,-52,94,-156,-2336
102,-26,7948,-53,111,-136,-2336
110,-14,7994,-27,99,-159,-2320
100,-78,7918,-51,86,-157,-2320
94,-26,8068,-10,88,-149,-2304
144,-22,7952,-16,40,-156,-2336
88,-26,7922,-46,106,-170,-2320
118,-6,7962,-36,80,-153,-2288
130,-24,7968,-21,85,-149,-2304
96,-6,7970,-23,58,-155,-2336
60,4,7962,-45,75,-139,-2320
122,-46,7992,-38,94,-178,-2304
136,-24,7984,-42,92,-141,-2336
114,-12,7952,-37,83,-140,-2336
140,-50,7948,-49,88,-166,-2320
154,-82,7982,-31,72,-172,-2336
62,-72,7936,-30,98,-153,-2304
108,-20,7968,-23,71,-153,-2320
108,-44,7906,-34,132,-120,-2320
68,-50,7970,-19,91,-157,-2336
88,-58,8016,-64,76,-165,-2304
88,-58,7964,-29,67,-148,-2336
140,-8,7918,-41,72,-159,-2320
104,-2,8042,-41,115,-146,-2320
114,-10,8006,-32,96,-170,-2336
74,-90,7976,-39,68,-126,-2368
108,26,7948,-37,68,-157,-2320
138,-28,7992,-66,90,-146,-2304
98,-34,8008,-21,94,-179,-2304
118,10,7952,-31,71,-145,-2304
114,8,7902,-52,89,-160,-2320
88,-8,7938,-21,99,-155,-2352
86,-6,8008,-72,80,-146,-2272
98,-62,8042,-61,86,-146,-2336
122,-18,7976,-29,80,-159,-2288
70,-56,7942,-44,80,-154,-2320
92,-32,7936,-30,99,-176,-2304
134,-62,7998,-37,77,-164,-2336
112,28,7926,-78,84,-157,-2320
114,-14,7984,-29,80,-155,-2304
100,-86,7956,-29,89,-168,-2336
112,-18,7914,-37,77,-160,-2320
116,12,7986,-25,75,-147,-2352
114,-22,7950,-39,76,-166,-2304
86,-26,7986,-38,116,-140,-2304
62,-42,7980,-65,108,-165,-2320
112,-26,7940,-40,89,-161,-2272
74,-18,7934,-21,97,-140,-2336
114,-16,7980,-42,65,-152,-2304
66,-4,8002,-48,101,-164,-2320
76,-36,7970,-25,51,-176,-2320
142,18,7908,-38,105,-139,-2336
136,-32,8018,-27,87,-167,-2336
98,-66,7968,-45,88,-148,-2320
80,-68,8026,-25,82,-144,-2352
144,-18,7962,-46,67,-160,-2304
114,-12,8012,-42,94,-152,-2320
76,-8,7982,-48,73,-146,-2336
106,-12,7916,-20,84,-158,-2336
138,-6,7932,-41,77,-190,-2336
110,-48,7980,-39,67,-154,-2320
72,-60,8008,-17,82,-159,-2368
142,-60,7924,-42,62,-137,-2304
126,-56,7970,-57,86,-160,-2304
124,-32,7974,-33,97,-160,-2320
76,-64,7990,-15,115,-152,-2352
122,-64,7998,-51,43,-186,-2304
138,-18,7972,-9,81,-139,-2336
146,-62,7916,-61,94,-134,-2320
128,-60,8044,-36,105,-160,-2352
58,-22,7940,-31,87,-144,-2304
98,-56,7940,-54,82,-157,-2304
136,14,8000,-69,119,-150,-2320
94,-4,7980,3,84,-177,-2336
122,-48,7970,-22,83,-154,-2336
118,-42,7998,-55,72,-110,-2352
150,-34,8022,-29,74,-165,-2320
104,-38,8008,-25,74,-131,-2272
100,-58,7930,-35,88,-151,-2336
140,10,7916,-25,71,-129,-2352
166,42,7906,-52,82,-175,-2304
82,-76,8012,-17,64,-153,-2304
102,-50,8010,-46,62,-132,-2304
100,-56,7918,-34,57,-156,-2352
146,-10,7934,-25,93,-154,-2320
136,-30,8022,-46,105,-163,-2304
164,-20,7950,-30,84,-133,-2320
138,-48,7926,-24,82,-173,-2320
128,-46,7996,-58,63,-150,-2368
132,-62,7984,-35,84,-155,-2336
120,-20,7930,-47,100,-141,-2320
80,-64,8002,-27,62,-159,-2320
122,-24,7932,-39,96,-141,-2368
88,-44,7942,-59,113,-151,-2336
90,-44,8034,-49,65,-174,-2304
130,-56,7978,-26,81,-149,-2352
148,-6,7970,-10,105,-145,-2320
70,-52,7970,-48,112,-160,-2336
96,-50,7948,-29,89,-155,-2336
92,-16,7962,-42,69,-152,-2352
128,-18,7978,-37,115,-168,-2320
76,-86,8004,-59,81,-166,-2304
70,-100,8012,-39,74,-120,-2336
82,-32,7904,1,85,-161,-2288
98,-26,8008,-34,105,-162,-2320
92,-24,7978,-46,78,-152,-2304
142,-4,8038,-40,100,-143,-2336
108,-76,7944,-44,87,-143,-2320
122,-10,7940,-32,97,-169,-2320
156,-54,7940,-40,89,-158,-2336
126,-26,8014,-49,65,-185,-2336
152,-22,7970,-28,66,-161,-2320
178,2,7992,-38,80,-169,-2304
86,-32,7994,-21,91,-146,-2336
56,-56,7954,-50,94,-146,-2352
106,-22,7964,-33,58,-149,-2320
102,30,8016,-44,92,-141,-2304
140,-54,7958,-31,119,-161,-2320
82,-46,7954,-34,100,-144,-2320
104,-44,7986,-54,53,-154,-2304
96,-24,7916,-33,112,-138,-2304
82,-4,7970,-31,58,-140,-2320
52,-60,7984,-37,91,-158,-2320
74,-56,7998,-37,50,-133,-2304
52,-38,7944,-47,58,-140,-2336
144,-2,7992,-31,107,-153,-2320
84,-24,8054,-51,96,-175,-2320
144,-70,7974,-25,67,-144,-2336
122,-52,7924,-33,85,-145,-2336
136,-58,7976,-41,75,-149,-2320
86,-56,7990,-24,93,-153,-2336
88,-50,7910,-50,55,-142,-2336
160,-20,7924,-31,94,-139,-2320
98,-72,7986,-38,109,-148,-2336
52,-22,7962,-43,56,-159,-2336
136,-2,7948,-44,66,-153,-2304
92,-8,7944,-51,89,-126,-2320
124,-92,7998,-32,70,-154,-2320
62,-6,7922,-21,94,-156,-2336
92,-66,7918,-35,81,-140,-2336
116,-52,7962,-51,118,-163,-2320
138,-66,7916,-28,105,-154,-2320
106,-32,8028,-31,84,-180,-2336
114,-2,7990,-35,69,-155,-2336
140,-20,7936,-34,104,-166,-2288
158,-52,7966,-21,77,-147,-2304
66,-48,7984,-31,91,-153,-2304
122,-38,8036,-46,91,-163,-2320
94,-70,7908,-12,67,-134,-2320
134,-36,7972,-47,93,-164,-2336
130,-40,7972,-30,72,-143,-2336
56,-20,7990,-48,83,-133,-2320
108,-28,7980,-27,61,-161,-2320
142,-42,7970,-66,92,-158,-2304
136,-86,7958,-55,91,-153,-2304
120,-16,7952,-30,101,-171,-2320
76,28,7914,-40,86,-143,-2352
52,-14,7904,-49,84,-155,-2304
86,-44,7966,-29,78,-142,-2304
94,6,7968,-43,82,-170,-2320
96,-34,7970,-48,80,-169,-2320
84,30,7980,-52,94,-144,-2336
108,-18,7914,-25,89,-130,-2320
104,-30,8014,-33,105,-148,-2320
120,-50,7996,-43,54,-154,-2320
116,-14,7910,-26,81,-129,-2304
134,-18,7914,-50,101,-143,-2304
116,-36,8034,-28,80,-144,-2320
92,-2,7958,-48,67,-160,-2352
150,-38,7952,-60,87,-145,-2352
94,-28,7978,-33,96,-142,-2336
52,-48,8154,-11,112,-140,-2304
192,12,7808,-39,53,-178,-2320
88,0,7758,-100,75,-126,-2352
38,-90,8112,-34,118,-153,-2304
28,-2,7940,34,70,-146,-2336
116,-16,8038,-78,109,-146,-2352
84,-64,7912,-22,85,-164,-2336
30,2,7990,-71,88,-124,-2336
106,-64,7918,-86,88,-152,-2336
-154,-162,8176,37,101,-142,-2288
318,40,7592,-34,85,-168,-2352
144,-30,7642,-187,105,-101,-2304
42,-96,8668,75,138,-187,-2320
30,60,7852,10,53,-152,-2320
206,26,7944,-144,123,-155,-2304
86,-370,8830,83,209,-125,-2304
152,88,7274,-31,-25,-205,-2320
-120,82,7074,-357,-26,-69,-2352
104,-320,8948,207,224,-244,-2336
-192,182,8200,182,20,-82,-2304
134,-2,7562,-272,203,-211,-2352
30,-194,8250,55,-67,-169,-2320
32,204,7728,-108,-9,-119,-2336
240,-62,7646,-231,167,-162,-2336
-18,-236,8326,210,38,-157,-2352
164,126,7664,61,136,-112,-2272
24,-78,8036,-141,162,-177,-2304
44,30,8242,49,-6,-146,-2320
194,44,7372,-188,-11,-144,-2320
240,-144,8000,-131,183,-199,-2336
42,-142,8194,167,26,-109,-2304
80,58,7930,-20,133,-162,-2320
164,-92,7888,-33,118,-141,-2352
42,56,8072,-49,70,-124,-2336
66,-82,7924,-158,64,-177,-2336
104,-88,8098,-19,64,-153,-2352
114,-42,7752,-11,99,-145,-2336
52,-78,8186,10,124,-164,-2304
84,-24,7878,-63,40,-160,-2304
116,6,7954,-100,78,-148,-2320
104,-76,8060,-32,60,-156,-2352
108,-32,7988,23,69,-139,-2336
116,-8,7892,-23,121,-133,-2336
82,-46,7962,-32,110,-136,-2320
84,18,7902,-35,66,-163,-2336
150,-22,8018,-57,72,-158,-2336
78,-4,7976,-92,64,-152,-2336
120,-20,7980,-28,111,-142,-2320
108,-60,8012,-7,138,-136,-2320
12,-32,7948,-22,89,-142,-2336
88,-46,7978,-70,93,-155,-2304
102,14,8016,-53,99,-159,-2352
156,6,7952,-71,75,-138,-2336
92,-38,8004,-26,98,-149,-2336
94,-60,7950,-12,79,-169,-2352
70,-2,7922,-52,61,-142,-2352
106,44,7986,-67,113,-154,-2304
146,42,7992,-59,66,-136,-2304
108,-116,7966,-49,76,-156,-2320
138,-24,7984,-37,89,-141,-2320
184,-8,8004,-33,134,-134,-2304
114,-66,7974,-35,82,-150,-2336
108,-32,7954,-1,75,-124,-2320
156,-34,7908,-69,71,-152,-2336
104,-58,8010,-43,72,-125,-2304
80,-72,8056,-31,87,-143,-2304
114,-20,7944,-67,42,-166,-2320
124,-60,7886,-34,100,-161,-2336
106,26,7988,-27,109,-144,-2336
104,-52,7922,-28,96,-149,-2336
122,-66,7984,-36,88,-157,-2320
122,24,7964,-28,58,-126,-2320
100,-26,7968,-71,90,-146,-2336
100,-2,8022,-25,102,-130,-2336
114,-18,7876,-30,96,-172,-2320
126,6,7910,-42,78,-141,-2320
110,24,7984,-56,87,-159,-2320
68,-70,7984,-42,44,-142,-2320
84,8,8020,-39,66,-135,-2336
100,-68,7946,-33,75,-144,-2304
56,-10,7966,-22,119,-157,-2288
164,-50,8008,-55,68,-168,-2320
102,-10,7934,-45,75,-162,-2336
146,-14,7946,-57,78,-153,-2288
118,-26,7934,-23,55,-136,-2320
106,-42,8014,-53,112,-134,-2336
180,-28,7964,-34,72,-153,-2304
138,-16,7970,-12,91,-141,-2320
92,-56,7968,-28,100,-138,-2320
120,-34,7932,-22,102,-166,-2304
50,-12,7996,-25,92,-152,-2304
134,-10,7978,-19,75,-159,-2320
110,-32,7916,-41,95,-153,-2336
88,-46,7998,-47,78,-130,-2304
96,-24,8002,-30,105,-148,-2336
116,18,7930,7,92,-137,-2320
126,-2,7962,-52,101,-131,-2352
136,-36,7958,-30,64,-158,-2304
110,6,7970,-27,50,-155,-2336
118,24,7920,-51,84,-141,-2288
106,-78,7964,-64,119,-131,-2336
120,-56,7986,-34,94,-151,-2336
138,-68,7952,-40,88,-151,-2288
108,18,7966,-34,74,-184,-2352
132,18,7966,-56,63,-126,-2336
120,-40,7986,-24,103,-158,-2336
94,-56,8070,-29,81,-156,-2304
118,-64,7954,-25,52,-147,-2304
116,-16,7982,-38,74,-158,-2320
122,-12,8002,-61,98,-175,-2288
86,-22,7994,-18,66,-165,-2336
148,-32,7980,-39,53,-152,-2320
56,8,7974,-64,73,-117,-2304
78,-24,7948,-18,94,-169,-2368
112,-54,8014,-31,84,-155,-2336
128,-52,7968,-32,80,-132,-2320
130,-40,7926,-37,99,-155,-2304
100,-62,7974,-34,90,-164,-2336
78,-46,8028,-44,98,-145,-2320
102,-28,7970,-42,76,-156,-2320
102,-16,7944,-53,68,-145,-2336
70,-18,7972,-56,113,-166,-2336
60,-50,7974,-31,82,-104,-2320
98,-14,8010,-40,81,-155,-2320
76,-28,7964,-38,59,-145,-2336
120,-36,8022,-24,76,-156,-2304
84,-32,7948,-48,68,-156,-2320
114,-18,7968,-47,47,-139,-2336
138,-26,7946,-29,103,-158,-2304
104,-12,7930,-7,118,-154,-2336
142,-56,7968,-29,96,-146,-2288
112,-68,7966,-51,75,-158,-2336
96,-38,7982,-49,88,-168,-2336
122,-10,7966,-44,85,-152,-2352
132,-26,8036,-37,76,-151,-2320
126,-20,7912,-52,78,-142,-2304
132,-8,8044,-33,81,-154,-2336
120,-42,7966,-53,90,-136,-2320
124,-2,7972,-30,99,-157,-2320
114,-80,8016,-55,66,-139,-2336
148,-42,7904,-41,81,-159,-2336
144,0,7980,-45,84,-146,-2320
60,-8,7970,-28,93,-147,-2352
134,-12,7974,-49,79,-163,-2336
160,-2,7946,-32,57,-162,-2288
126,-36,7912,-46,104,-171,-2320
126,-12,8014,-37,65,-169,-2368
126,-24,7984,-9,61,-141,-2336
80,-6,7958,-45,58,-160,-2336
88,4,8012,-18,79,-132,-2304
106,-44,8024,-33,77,-156,-2336
142,-32,7988,-64,110,-159,-2304
132,-32,7994,-33,83,-165,-2336
70,-14,7904,-24,83,-147,-2304
116,-20,7994,-40,84,-147,-2352
78,-90,7946,-20,77,-179,-2336
82,-18,7962,-35,91,-166,-2336
130,-24,7958,-59,103,-146,-2336
132,-16,7932,-24,99,-147,-2320
116,-36,8034,-38,75,-141,-2336
94,-54,7946,-27,69,-149,-2304
128,-16,7988,-50,97,-131,-2320
144,-10,7986,-44,83,-136,-2320
96,24,7900,-30,96,-135,-2336
74,-26,7996,-56,80,-143,-2304
108,-52,7920,-58,69,-152,-2320
132,-8,7902,-27,87,-150,-2320
102,-40,7982,-60,92,-160,-2336
112,-20,7982,-17,40,-147,-2304
156,-24,7940,-31,102,-172,-2320
146,-72,7956,-29,79,-147,-2320
156,-48,7990,-41,85,-150,-2336
84,-52,7922,-36,72,-146,-2336
124,-34,7948,-45,77,-143,-2320
102,-8,7892,-50,85,-148,-2304
104,-38,7982,-49,96,-158,-2304
108,-82,7914,-37,69,-144,-2320
110,-38,7996,-20,96,-156,-2320
94,-22,7944,-31,97,-155,-2336
126,-10,7958,-51,116,-147,-2304
52,-24,7928,-39,108,-153,-2320
84,-32,7940,-18,70,-153,-2320
66,-24,7920,-30,38,-154,-2336
128,-52,7972,-27,102,-152,-2304
84,-68,8016,-32,96,-136,-2320
134,-38,7944,-56,53,-155,-2352
104,32,7966,-34,112,-152,-2320
100,-44,7984,-58,95,-145,-2336
82,-56,7990,-32,105,-131,-2336
126,-16,7908,-50,78,-159,-2336
156,-6,7946,-26,105,-170,-2320
110,-42,7990,-39,94,-145,-2304
76,46,8002,-78,82,-155,-2336
98,-8,7972,-26,55,-148,-2352
94,-32,8002,-30,90,-140,-2320
74,-18,7922,-22,88,-151,-2304
94,-76,7974,-39,91,-129,-2336
90,-12,7996,-39,53,-165,-2320
108,-34,7964,-53,105,-150,-2320
140,-72,7996,-38,88,-141,-2304
138,-48,7976,-40,77,-148,-2336
178,-16,7966,-45,58,-156,-2320
110,-4,7962,-23,88,-153,-2320
146,-50,7920,-38,92,-139,-2336
108,-46,7954,-43,75,-150,-2336
58,-36,7986,-8,100,-139,-2320
86,-50,7932,-16,101,-171,-2320
138,-42,7964,-44,96,-160,-2336
164,-22,7940,-13,82,-175,-2304
100,4,7928,-36,76,-141,-2320
154,-68,7990,-37,68,-141,-2336
190,-22,8002,-25,97,-156,-2336
136,-14,8020,-30,86,-142,-2320
70,-32,7988,-46,74,-149,-2320
130,-20,7936,-34,78,-171,-2304
10,-48,7970,-50,83,-178,-2304
104,-58,8010,-43,100,-128,-2320
124,-50,7992,-42,86,-157,-2320
146,-62,8012,-46,71,-164,-2336
120,-12,7954,-36,73,-146,-2336
116,-50,7964,-40,102,-168,-2288
104,-24,8008,-38,82,-141,-2320
72,-32,7950,-42,81,-149,-2304
142,-10,7920,-48,86,-169,-2336
96,-66,7948,-44,97,-131,-2352
142,-16,7916,-21,56,-160,-2336
134,-38,7930,-37,68,-149,-2320
176,-96,7954,-49,70,-158,-2304
90,-14,7996,-32,90,-158,-2272
86,-120,7944,-51,63,-148,-2320
128,-76,8000,-23,65,-132,-2320
94,-32,7920,-50,101,-154,-2336
100,-60,7926,-13,85,-140,-2336
174,-62,7954,-20,98,-161,-2320
104,-44,8008,-52,67,-165,-2352
152,-22,7918,-39,101,-135,-2304
108,-46,7954,-25,83,-157,-2336
84,-82,7904,-37,93,-117,-2320
108,-20,7914,-44,49,-152,-2336
110,2,7962,-30,60,-172,-2336
84,-44,7986,-37,97,-140,-2352
130,-78,7996,-40,116,-157,-2352
134,-8,7888,-23,71,-163,-2336
130,-32,7960,-20,106,-174,-2304
118,12,7952,-47,85,-146,-2320
130,-38,8016,-35,46,-144,-2320
84,-48,7996,-41,46,-157,-2304
118,-64,7976,-27,110,-145,-2304
102,-4,8006,-48,96,-147,-2320
80,-52,7958,-18,108,-157,-2320
88,-90,7992,-48,53,-182,-2336
134,-28,8020,-44,75,-126,-2336
114,-28,7986,-49,60,-149,-2352
106,-54,8006,-30,100,-159,-2320
58,-84,8058,-72,98,-156,-2304
156,-26,7912,-48,76,-161,-2304
136,-40,7956,-43,74,-153,-2320
158,0,7906,-51,76,-143,-2336
100,-22,7998,-29,88,-160,-2304
128,18,7908,-39,57,-137,-2320
80,-4,8004,-50,88,-136,-2320
70,14,8006,-36,90,-170,-2304
96,-18,7944,-37,92,-151,-2304
106,-24,7938,-57,52,-156,-2336
138,-24,7948,-56,108,-139,-2304
100,-56,7930,-49,79,-144,-2320
120,-28,8006,-51,50,-142,-2320
82,8,7920,-37,104,-151,-2336
106,-4,7962,-39,91,-152,-2336
128,-74,8030,-22,73,-135,-2320
66,-62,7990,-50,92,-153,-2352
84,-12,7880,-40,55,-166,-2336
106,-12,7984,-48,96,-136,-2304
138,20,7996,-66,86,-151,-2320
68,-44,7982,-36,72,-156,-2320
122,-16,7930,-47,72,-160,-2304
116,-72,7992,-27,88,-151,-2336
132,-34,7914,-41,100,-155,-2288
78,-24,7978,-32,73,-147,-2320
60,-86,7982,-24,49,-146,-2304
150,-50,7954,-30,61,-125,-2320
116,-38,7910,-55,102,-143,-2320
112,-22,8020,-62,83,-170,-2304
90,4,7988,-28,103,-141,-2336
96,-44,7978,-36,82,-153,-2320
110,-18,7980,-31,78,-124,-2320
48,-46,7998,-31,71,-145,-2304
64,-116,7976,-72,93,-151,-2304
126,-42,7998,-34,81,-165,-2320
100,-46,7946,-54,96,-135,-2320
120,-26,7976,-35,83,-155,-2336
100,-38,7936,-26,99,-158,-2336
60,6,7926,-47,82,-151,-2320
126,-84,7970,-40,72,-158,-2288
110,-46,7990,-43,79,-128,-2304
122,-36,7952,-57,91,-171,-2336
78,-56,7946,-51,61,-119,-2320
120,-26,7996,-24,64,-151,-2304
150,6,8002,-39,86,-168,-2304
134,-84,8014,-40,70,-168,-2320
120,-32,7968,-32,73,-135,-2320
78,-6,7932,-56,69,-139,-2288
114,-38,7986,-31,91,-171,-2352
100,-58,7950,-21,73,-149,-2320
114,-20,7954,-35,84,-140,-2336
152,-26,7990,-28,89,-158,-2320
104,-42,7974,-41,86,-134,-2320
84,-24,7982,-39,39,-133,-2336
64,-34,7866,-47,66,-166,-2304
166,34,7980,-35,79,-159,-2320
86,-78,8040,-40,93,-160,-2336
114,-30,7976,-24,93,-134,-2304
78,-66,7962,-47,97,-169,-2304
126,-42,8020,-46,87,-148,-2320
84,-38,7984,-41,86,-128,-2320
126,-30,7942,-44,76,-150,-2304
108,-34,7992,-37,92,-156,-2336
86,40,7986,-33,99,-163,-2320
120,-68,7974,-44,83,-152,-2320
84,-14,8012,-28,54,-141,-2304
120,-90,7988,-42,83,-164,-2336
142,6,7986,-73,77,-179,-2352
178,-60,8066,-42,123,-139,-2288
-22,-60,8058,-20,44,-164,-2304
54,68,7862,-48,56,-131,-2320
212,-98,7838,-76,96,-161,-2320
72,-84,8212,45,120,-176,-2336
76,20,7802,-21,71,-134,-2304
18,-6,8114,-36,121,-129,-2320
126,-54,7922,-7,36,-163,-2336
78,36,7848,-89,66,-140,-2368
50,-98,8096,-22,90,-193,-2304
60,-34,8042,50,92,-159,-2320
96,38,7864,-51,146,-147,-2320
112,-20,8072,-55,87,-176,-2304
36,4,7956,-29,56,-136,-2304
100,-14,7844,-83,76,-145,-2320
106,-64,8096,-32,83,-159,-2320
90,-18,7716,-27,60,-163,-2320
32,38,7676,-114,47,-110,-2320
94,-130,8172,-18,109,-164,-2320
120,18,7960,26,66,-165,-2320
172,20,7854,-61,141,-142,-2336
140,-42,8012,-9,73,-145,-2336
68,4,7930,-53,65,-146,-2320
160,-32,7856,-119,95,-156,-2336
74,-90,8140,17,76,-167,-2336
88,-14,7760,-13,118,-137,-2304
42,-26,7966,-54,84,-151,-2320
92,-50,8100,-9,32,-157,-2352
142,0,7886,-59,89,-152,-2336
258,-142,8566,-41,242,-165,-2384
-254,-132,7698,59,-68,-202,-2320
-200,276,7368,-172,15,-85,-2336
304,-350,8204,-69,177,-230,-2304
-104,48,8666,203,58,-110,-2320
260,74,7532,-119,130,-209,-2288
-54,-94,8134,-52,40,-146,-2304
192,-30,7922,-29,40,-141,-2304
166,24,7956,-166,111,-150,-2320
16,-242,8060,91,50,-163,-2320
60,182,7576,-38,1,-102,-2336
318,-110,7898,-183,204,-176,-2304
42,-68,8632,141,66,-181,-2320
66,110,7884,-53,42,-98,-2304
126,-70,7868,-166,113,-192,-2368
20,-40,8150,35,49,-172,-2336
94,-12,7712,-96,91,-144,-2320
110,-150,7958,-22,104,-171,-2304
62,34,8108,71,104,-148,-2272
138,0,7806,-97,123,-172,-2352
142,-88,8218,-52,82,-168,-2352
86,20,7986,-13,44,-144,-2304
90,2,7756,-110,90,-163,-2336
116,-132,8200,8,104,-178,-2352
96,-52,7948,58,91,-171,-2320
100,-8,7938,-66,126,-168,-2336
44,-20,8102,-38,48,-162,-2336
110,24,7902,-62,23,-132,-2336
106,-14,7970,-34,106,-156,-2304
64,-72,7918,-22,92,-144,-2320
74,-38,8002,-31,89,-140,-2320
138,-26,8020,-34,84,-174,-2272
134,-54,7878,-50,69,-131,-2320
102,-12,7898,-50,102,-169,-2304
136,-42,8012,-21,103,-136,-2336
78,-24,8010,-45,84,-184,-2304
132,-46,7944,-17,98,-165,-2320
86,-52,7860,-44,90,-142,-2352
90,-68,7966,-52,71,-152,-2336
114,-68,8034,-35,55,-156,-2304
142,-36,7854,-35,70,-142,-2320
94,-32,7982,-50,95,-165,-2320
64,-30,8066,-2,75,-155,-2304
58,-26,7948,-38,90,-154,-2304
116,-14,7902,-56,70,-129,-2320
102,2,7958,-42,108,-142,-2352
78,-52,7952,-42,97,-140,-2304
136,-56,8048,-22,93,-159,-2320
116,-28,7952,-23,58,-152,-2288
102,-10,7874,-41,95,-163,-2304
110,-46,7966,-26,97,-170,-2336
138,-28,7980,-34,82,-153,-2320
112,-18,7974,-60,83,-158,-2336
112,-32,7932,-26,102,-176,-2304
78,-16,7896,-40,83,-160,-2304
120,-46,7946,-30,101,-148,-2320
78,-82,7934,-15,78,-142,-2320
140,-30,7966,-60,96,-138,-2304
74,-72,7974,-59,75,-129,-2336
144,-26,8000,-29,83,-142,-2320
86,-62,8010,-51,107,-155,-2336
156,-34,7994,-33,80,-146,-2304
116,-42,8030,-21,112,-152,-2320
72,-42,7960,-30,62,-149,-2352
108,-14,7978,-42,86,-166,-2336
118,-14,7946,-51,82,-136,-2288
148,-28,7976,-53,118,-154,-2304
76,-2,7986,-21,114,-141,-2304
40,-2,7926,-56,44,-165,-2320
94,-26,8020,-38,101,-177,-2352
94,-56,7948,-55,100,-149,-2304
72,-90,7980,-61,107,-165,-2336
122,-18,7948,-47,97,-137,-2320
112,2,7988,-16,72,-171,-2320
184,-16,7964,-46,107,-177,-2304
64,-68,8048,-63,73,-170,-2336
112,-22,7998,-29,87,-109,-2352
112,18,7984,-41,68,-133,-2336
102,-32,7926,-43,110,-167,-2304
148,-50,8038,-51,91,-114,-2320
114,-56,7946,-24,97,-152,-2320
52,16,7966,-52,83,-169,-2304
148,-36,7944,-43,78,-141,-2304
88,-32,7960,-56,88,-141,-2352
124,-68,7992,-23,88,-145,-2288
110,-42,7986,-41,79,-173,-2304
108,-30,7914,-28,80,-142,-2368
120,-60,8004,-35,99,-135,-2320
92,-20,7938,-27,59,-141,-2320
86,-40,7922,-39,96,-150,-2304
98,-2,7908,-44,79,-147,-2368
142,-46,7932,-40,96,-117,-2320
80,-22,7970,-28,87,-152,-2320
134,-32,7946,-46,76,-164,-2336
108,-16,7974,-57,103,-148,-2336
138,2,8014,-10,91,-164,-2320
104,-16,8026,-44,64,-168,-2304
58,-70,7954,-52,60,-128,-2336
126,-4,7934,-28,70,-146,-2352
140,-18,7940,-43,107,-157,-2320
114,-38,7950,-28,104,-132,-2320
88,-38,7944,-48,99,-170,-2336
122,-4,8006,-35,100,-155,-2320
80,-32,7972,-29,95,-144,-2288
94,-34,7980,-44,98,-147,-2304
88,-16,7918,-21,101,-144,-2336
102,-28,7974,-48,93,-154,-2352
122,-20,7974,-44,101,-140,-2336
96,-12,7984,-47,86,-148,-2304
112,-30,7960,-50,83,-176,-2304
90,-14,7926,-40,74,-127,-2288
52,-50,7938,-26,58,-168,-2352
58,-38,7956,-43,100,-130,-2336
54,-56,8018,-36,86,-172,-2352
124,-26,7936,-31,74,-147,-2320
64,-36,7978,-50,82,-150,-2304
78,-44,8030,-25,58,-173,-2336
142,-18,7974,-36,88,-156,-2320
102,-50,7970,-69,104,-149,-2320
104,-48,7912,-7,83,-167,-2304
112,-16,7902,-32,101,-163,-2304
104,-76,7980,-35,95,-147,-2288
148,-6,7958,-35,79,-181,-2320
108,-42,7992,-44,119,-164,-2336
104,-36,7960,-36,86,-133,-2336
70,-20,7972,-36,85,-150,-2352
128,-86,7952,-29,75,-141,-2336
144,8,7928,-71,72,-181,-2304
126,-16,8038,-42,112,-165,-2336
64,-24,7930,-33,98,-141,-2352
74,-66,7968,-36,56,-175,-2320
112,-44,8000,-55,75,-150,-2304
116,2,7944,-25,114,-155,-2320
62,-14,7954,-24,100,-169,-2320
108,-10,8008,-26,104,-134,-2368
74,-20,7920,-56,91,-144,-2336
132,12,7994,-55,89,-166,-2288
108,-72,7948,-54,74,-172,-2336
56,-46,7872,-38,63,-147,-2320
100,-40,7984,-33,122,-161,-2320
82,-48,7978,-20,83,-157,-2320
108,-6,7948,-34,93,-116,-2336
152,46,7908,-11,91,-146,-2304
134,4,7980,-49,81,-136,-2288
90,22,8048,-29,86,-133,-2320
94,-50,7962,-41,100,-123,-2336
120,-52,7878,-55,66,-136,-2336
84,34,7962,-8,91,-161,-2320
136,-56,7948,-60,72,-137,-2304
96,-46,7954,-36,83,-190,-2304
68,-20,7898,-36,67,-154,-2304
134,-34,7940,-72,99,-150,-2320
128,-20,8036,-27,75,-157,-2336
114,-26,7974,-44,85,-151,-2304
142,-16,7922,-43,98,-128,-2288
122,2,7952,-28,95,-156,-2320
98,-6,7970,-34,139,-154,-2336
130,-24,7946,-33,73,-160,-2304
74,-38,8030,-55,76,-149,-2320
116,-32,7918,-39,60,-162,-2320
120,-74,8012,-43,122,-146,-2304
100,-38,7986,-43,82,-126,-2336
116,-32,7918,-8,67,-169,-2320
120,6,7932,-33,104,-168,-2320
150,-8,8008,-58,105,-157,-2336
70,-64,8026,-32,79,-159,-2336
170,-24,8022,-42,78,-148,-2320
130,-60,7994,-8,78,-148,-2304
102,0,7950,-41,96,-163,-2304
96,-22,7956,-40,85,-153,-2304
96,2,7948,-31,73,-145,-2320
114,-10,8004,-47,90,-156,-2336
114,-52,7984,-40,63,-146,-2304
82,-66,7962,-29,80,-150,-2320
94,-58,7948,-28,86,-165,-2288
122,-28,7978,-39,99,-155,-2304
92,-60,7942,-46,98,-163,-2320
88,-4,8006,-42,95,-127,-2320
98,-14,8006,-33,91,-173,-2352
92,-64,7924,-47,80,-160,-2320
98,6,7898,-20,100,-145,-2368
74,-28,7930,-20,99,-159,-2336
130,8,8034,-46,85,-163,-2320
122,4,7950,-36,99,-162,-2320
110,-20,7932,-38,70,-126,-2304
126,-26,8014,-81,90,-170,-2304
116,-66,7982,-53,95,-154,-2288
152,-76,7946,-27,96,-154,-2320
66,18,7906,-40,98,-135,-2304
68,-60,7964,-24,59,-171,-2304
126,-22,7948,-43,123,-148,-2352
110,-58,7958,-39,104,-163,-2320
92,-8,7948,-67,65,-140,-2336
120,-68,7994,-30,113,-177,-2336
86,-30,7954,-31,71,-154,-2320
88,-58,7934,-44,73,-125,-2304
86,24,7972,-58,82,-159,-2336
108,-18,7968,-34,102,-158,-2320
104,-76,7958,-37,67,-139,-2320
88,-46,7928,-5,101,-146,-2304
88,-38,7928,-41,97,-161,-2336
144,-40,7962,-38,105,-131,-2320
140,-34,7980,-40,74,-160,-2320
96,-38,7940,-50,80,-136,-2336
94,-34,7948,-31,81,-148,-2304
84,-36,7972,-32,99,-135,-2320
138,-36,8000,-34,53,-140,-2288
112,-30,7986,-42,109,-175,-2336
104,-44,7996,-27,68,-117,-2336
130,-8,7974,-44,59,-142,-2320
120,-24,8008,-35,83,-170,-2320
56,-88,8014,-34,92,-153,-2304
100,-4,7978,-14,68,-161,-2320
114,-50,7898,-37,99,-181,-2320
108,-54,8006,-37,86,-158,-2304
160,-64,7988,-5,68,-139,-2336
72,-30,7978,-63,61,-149,-2336
92,26,7954,-47,69,-178,-2336
92,-12,7936,-19,63,-156,-2320
62,-32,7972,-46,66,-152,-2320
126,-88,7964,-44,74,-160,-2336
120,-4,7908,-34,51,-135,-2320
86,-58,8004,-63,79,-147,-2320
70,-32,7974,-25,71,-168,-2336
54,-46,7980,-23,87,-159,-2336
130,-34,7946,-46,96,-149,-2320
80,-40,7884,-32,78,-150,-2320
102,-114,7980,-42,81,-136,-2320
124,-56,7884,-55,70,-162,-2304
140,-2,7990,-24,84,-145,-2320
114,-42,8000,-43,103,-158,-2320
102,-56,8000,-16,72,-166,-2336
138,-10,7930,-29,92,-150,-2336
86,52,7974,-32,85,-163,-2320
98,18,7968,-29,65,-151,-2320
86,-72,7966,-44,84,-161,-2336
124,-62,7908,-44,101,-144,-2336
116,-2,7900,-41,68,-143,-2320
56,-10,7940,-25,99,-155,-2320
116,-58,7906,-41,98,-141,-2304
90,-62,8006,-29,78,-134,-2336
152,6,7940,-39,101,-159,-2288
132,-20,7952,-39,79,-163,-2304
78,-36,7940,-21,73,-140,-2336
146,-88,7900,-45,71,-157,-2352
86,-38,7952,-29,77,-165,-2320
84,0,7898,-67,87,-151,-2304
132,-8,8028,-29,96,-160,-2336
86,12,7978,-45,82,-132,-2320
162,22,7914,-51,98,-156,-2320
126,-16,7968,-35,61,-150,-2304
128,-50,8006,-39,88,-160,-2336
88,-22,7944,-38,78,-144,-2320
152,-24,7968,-43,72,-189,-2304
160,-28,7948,-31,109,-164,-2336
82,-54,8022,-32,74,-160,-2336
110,-4,8008,-35,88,-159,-2304
104,-38,7990,-26,45,-136,-2352
114,-30,7912,-35,92,-157,-2352
118,-10,7948,-30,116,-147,-2304
114,-92,7970,-49,86,-149,-2320
116,-20,7940,-41,78,-164,-2320
88,-14,7938,-44,83,-146,-2304
130,-46,7968,-20,91,-152,-2336
94,-66,8002,-22,71,-155,-2320
110,-36,7982,-25,82,-149,-2320
158,4,7922,-31,70,-179,-2304
154,-6,7930,-49,87,-165,-2336
94,-60,7988,-33,73,-153,-2320
92,-62,7894,-54,102,-164,-2320
86,-46,7984,-34,83,-153,-2336
74,-14,7910,-32,88,-157,-2336
134,-24,8042,-46,90,-155,-2320
116,-26,8032,-49,81,-155,-2336
122,-34,7898,-38,92,-161,-2304
100,-42,7948,-33,94,-134,-2336
116,12,8014,-23,89,-133,-2320
72,-36,7988,-54,91,-167,-2320
96,-44,7926,-36,93,-117,-2336
144,22,8004,-37,76,-152,-2320
124,-6,7986,-43,83,-137,-2352
88,-56,7960,-43,81,-159,-2336
132,-16,7972,-33,58,-129,-2304
118,-64,7970,-45,93,-151,-2320
118,-56,7962,-19,95,-120,-2304
94,10,7990,-47,75,-143,-2304
156,-40,7892,-56,93,-162,-2352
128,-14,7912,-49,70,-156,-2320
98,-6,8042,-37,99,-177,-2336
100,-14,7956,-43,121,-119,-2336
118,-8,7940,-34,73,-173,-2320
200,-26,7962,-34,80,-173,-2336
106,-40,7936,-57,70,-137,-2320
82,-2,7924,-24,91,-144,-2320
112,-84,7926,-25,63,-163,-2304
134,-68,7984,-47,79,-127,-2304
96,-70,7954,-37,100,-164,-2320
100,-2,8036,-37,111,-154,-2304
124,-36,8008,-30,76,-161,-2304
174,-18,7922,-52,69,-143,-2336
120,-82,8040,-63,107,-135,-2288
66,-70,8036,12,90,-170,-2320
122,-26,7922,-30,84,-153,-2304
164,-54,8010,-46,104,-149,-2304
66,-56,7920,-56,65,-147,-2320
70,10,7892,-81,85,-152,-2320
90,-58,7898,-23,59,-131,-2304
86,-50,7916,-47,85,-141,-2288
112,-26,7940,-35,89,-170,-2320
122,-34,7966,-57,76,-144,-2304
52,6,7944,-36,50,-154,-2336
110,18,7968,-61,104,-165,-2320
104,-40,7964,-57,99,-171,-2320
108,-28,8004,-50,75,-163,-2272
114,-68,7868,-44,78,-153,-2320
88,-48,8020,-56,61,-172,-2320
72,2,7956,-41,113,-170,-2304
76,-34,7990,-30,63,-126,-2336
94,-20,7962,-29,103,-176,-2288
134,-50,7912,-36,69,-151,-2320
112,-60,7954,-30,105,-163,-2304
94,-14,7998,-41,119,-151,-2336
118,4,7994,-50,79,-143,-2320
116,-92,8004,-38,101,-168,-2304
54,-100,8158,-20,130,-143,-2304
168,42,7766,-30,60,-176,-2304
44,50,7810,-96,49,-131,-2320
60,-56,8308,56,79,-118,-2304
142,-2,7932,-56,148,-162,-2304
38,-120,8066,-22,73,-163,-2352
58,38,7920,-50,58,-142,-2320
180,-82,7892,-97,103,-142,-2288
112,-100,8084,12,77,-168,-2336
324,-230,8794,98,259,-125,-2336
730,146,7586,-75,48,-223,-2320
-360,210,7206,-289,-88,-79,-2304
76,-308,8482,119,228,-226,-2336
34,200,7674,111,19,-84,-2336
162,-142,8260,-150,206,-175,-2320
-34,-100,7994,33,2,-168,-2288
-6,192,7744,-102,13,-130,-2336
228,-132,8006,-199,87,-176,-2320
-12,-170,8276,140,48,-186,-2320
32,86,7752,66,113,-147,-2336
-28,92,7632,-178,71,-183,-2336
106,52,7942,-100,13,-123,-2320
120,-114,8132,6,84,-160,-2320
138,60,8020,-36,94,-152,-2304
144,-102,8176,15,72,-159,-2304
122,-68,8044,29,111,-150,-2320
144,104,7718,-129,104,-151,-2320
86,-88,7998,-97,96,-133,-2368
74,-134,8116,75,52,-177,-2304
178,76,7844,-37,109,-145,-2320
146,-90,7990,-108,98,-166,-2336
118,-2,8070,9,44,-145,-2336
150,20,7744,-70,77,-134,-2320
74,-54,8044,-65,140,-145,-2320
76,-66,8014,19,76,-142,-2272
116,-36,7816,-41,77,-141,-2336
74,-44,7978,-31,120,-161,-2352
148,-32,8020,-33,86,-173,-2320
30,-62,8064,-49,95,-154,-2304
102,-16,7978,-45,64,-154,-2304
162,-82,7902,-59,64,-134,-2320
136,-20,7976,-45,91,-148,-2320
94,-44,7986,5,112,-154,-2288
66,-32,7988,-22,88,-156,-2320
116,-30,8004,-62,78,-141,-2320
144,-16,7900,-47,90,-179,-2304
110,-16,8002,-35,63,-136,-2304
100,-20,7976,-14,86,-164,-2320
80,-8,7962,-28,74,-154,-2320
128,-14,7880,-69,87,-150,-2304
148,-32,7912,-55,49,-146,-2304
128,-50,7936,-45,42,-160,-2352
168,-58,7938,-47,85,-138,-2304
90,-4,8020,-12,97,-167,-2304
114,-18,7912,-39,58,-140,-2304
134,-10,7964,-70,73,-143,-2352
94,-24,7942,-33,92,-148,-2320
100,-94,7952,-26,96,-169,-2368
108,-24,7968,-33,97,-135,-2320
148,-36,7968,-63,56,-150,-2352
154,-32,7924,-23,87,-141,-2336
122,-10,7944,-35,110,-161,-2336
142,2,7946,-53,77,-163,-2320
96,42,8014,-13,110,-136,-2320
132,-12,7954,-54,60,-164,-2336
130,-18,7970,-4,74,-155,-2304
106,28,7956,-24,95,-132,-2320
128,-20,7910,-25,101,-173,-2320
92,20,7962,-31,101,-149,-2368
130,24,7912,-48,101,-140,-2336
128,8,7986,-25,97,-145,-2320
98,-22,7940,-46,100,-164,-2304
100,-44,8014,-33,85,-138,-2336
64,-44,7954,-26,69,-183,-2320
94,-38,7962,-52,66,-138,-2320
80,-18,8022,-31,105,-158,-2304
50,-96,7986,-36,70,-138,-2336
114,10,7924,-37,63,-149,-2320
132,-30,7974,-48,124,-150,-2352
114,-72,8028,-43,86,-146,-2304
116,-50,8014,-53,78,-177,-2304
118,-26,7924,-45,74,-164,-2320
78,-58,7958,-49,96,-167,-2320
128,-2,8020,-52,105,-133,-2304
64,-44,7944,-51,99,-154,-2304
134,-56,7898,-53,90,-126,-2336
140,18,7908,-22,112,-162,-2320
154,-50,7972,-31,73,-154,-2320
110,-76,7964,-43,93,-153,-2336
130,-30,7920,-64,64,-161,-2304
138,30,7902,-55,103,-150,-2320
112,-104,7978,-29,90,-170,-2320
82,-24,8014,-23,80,-166,-2336
102,-36,7964,-37,78,-139,-2320
126,-16,7910,-37,86,-152,-2320
102,-56,7966,-19,81,-146,-2368
178,-58,8014,-37,72,-160,-2336
128,-94,7964,-28,71,-148,-2320
142,-42,7956,-39,114,-131,-2320
98,-12,7986,-33,113,-157,-2336
88,-24,8002,-38,70,-166,-2272
116,-14,7986,-38,78,-170,-2320
132,-24,8004,-71,94,-162,-2336
110,0,7924,-41,77,-142,-2336
144,-56,7954,-25,99,-138,-2304
82,6,7962,-42,56,-145,-2320
94,-22,8012,-21,102,-150,-2288
124,-8,7980,-48,69,-181,-2304
68,-96,8032,-28,76,-143,-2320
82,-54,7992,-29,86,-148,-2320
72,-22,7872,-48,99,-149,-2304
178,-40,8000,-56,103,-169,-2304
120,-50,8022,-49,91,-137,-2320
68,-16,7988,-8,71,-160,-2288
118,-12,7948,-46,69,-166,-2304
152,20,7956,-31,82,-148,-2304
112,-8,7956,-44,117,-145,-2352
74,6,7990,-47,74,-162,-2304
94,0,7902,-28,69,-125,-2336
78,-22,7992,-28,117,-151,-2336
106,-38,7942,-23,104,-185,-2320
