AcX,AcY,AcZ,GyX,GyY,GyZ,Tmp
-7062,-6928,20648,1112,-1055,-109,-3472
174,12496,6794,-1898,-1031,-362,-3504
2154,-17202,12500,1965,1003,-802,-3488
3366,4352,-12744,-2867,1069,-288,-3520
3338,4864,5266,4366,-2756,224,-3488
1970,-2276,6218,-1062,1261,29,-3488
8160,2396,-17750,-2878,3225,-214,-3488
-3642,-498,10558,3421,-2907,296,-3520
434,4230,3090,-1626,666,-71,-3536
4512,-1702,-8850,-1147,2295,-395,-3520
-6878,-2974,10246,2107,-1927,101,-3520
8398,-2952,-4346,-4064,542,-773,-3504
-5742,-8870,28650,4224,-2290,-459,-3504
3982,-4252,-2486,-2569,2290,-282,-3504
7734,9960,-10848,457,-73,398,-3536
748,3588,23968,2269,-2072,-58,-3504
5832,-5560,-12510,-2391,3981,10,-3504
2758,4768,-10944,670,-306,318,-3504
-1648,2728,24012,583,-1724,-140,-3504
-5564,-7684,19792,-923,1846,-349,-3536
-5436,1568,1476,1896,-2037,-18,-3520
7054,-13852,812,-1849,2032,-951,-3520
2758,11522,-4268,561,-1397,-300,-3520
-4142,-5340,31324,1662,-655,-62,-3552
4586,8594,-9840,-2472,2034,304,-3520
7596,8016,1334,230,-604,-186,-3520
-11606,-8688,32767,1185,-485,189,-3520
3014,7508,-15278,-2011,1875,134,-3472
3100,4902,5588,-654,-401,-297,-3520
-10598,-8328,32362,1031,-741,-186,-3536
3912,14376,3558,-1550,-835,-198,-3504
5566,-16634,6848,1884,661,-810,-3504
3030,7772,-8726,-2804,1326,-380,-3520
-1900,-840,20074,3517,-2195,285,-3504
510,-2722,23758,443,-179,27,-3520
5246,-6502,-10534,-3414,4254,-225,-3488
2020,3712,-8350,2794,-2129,332,-3504
-1268,984,20292,134,-1061,-84,-3504
4400,-6070,-7624,-1640,3007,-436,-3504
-4902,1944,-2134,2274,-2103,120,-3520
7490,-9656,264,-3203,664,-812,-3520
-4890,-1306,23982,2949,-1641,-439,-3520
2240,-7146,7714,-1388,1362,-177,-3552
5858,10670,-10854,-712,371,386,-3488
5606,6456,8298,1586,-1435,-156,-3520
780,-11736,1114,-1018,2530,85,-3488
3522,6226,-14418,-386,543,265,-3520
3226,3710,5610,-73,-1277,-250,-3520
-646,-8504,5768,350,801,-287,-3504
-2870,4448,-2212,827,-1192,-96,-3472
7948,-16190,-1892,-1410,2073,-971,-3504
1792,9116,-6676,365,-1364,-253,-3536
-658,-8816,20490,2144,-1296,101,-3536
3884,8378,-9800,-2731,2370,98,-3520
8006,5496,-4924,-1251,1068,-214,-3536
-10626,-5400,32767,2486,-2396,315,-3504
284,3960,13662,-1852,1412,-84,-3536
4264,-682,-3614,-1007,1147,-460,-3520
-9130,-3820,21704,1311,-1700,51,-3520
6278,13764,5272,-2501,-1076,-399,-3488
-7582,-2764,32072,3165,-261,-695,-3520
2832,5918,-15222,-3400,2213,-302,-3520
1886,3120,10796,3567,-2230,337,-3488
-512,-3358,32767,401,-153,-60,-3520
8900,4416,-18600,-3322,4166,-152,-3536
-5414,-1196,16618,2833,-2227,357,-3552
-1512,2784,27146,-983,-222,-130,-3504
-554,-6010,3920,-984,2351,-347,-3504
-6938,-3010,11720,2029,-1837,88,-3504
8214,2038,-2258,-3729,1301,-910,-3504
-5196,6196,20918,3270,-2359,-362,-3504
-642,-9498,24652,-714,1092,-110,-3488
3366,6284,-9154,-2203,1706,269,-3536
-180,1908,28814,1404,-1388,-150,-3504
-4388,-12038,22542,11,789,155,-3536
1840,7412,-11642,-1554,1566,137,-3536
4644,510,-4596,55,-939,-239,-3552
-4676,-7024,16626,495,-130,-210,-3488
-166,12796,4154,-357,-1458,-165,-3520
1660,-17158,13666,805,1679,-818,-3520
3534,4234,-12244,-2252,240,-322,-3520
-4516,-6110,32767,4016,-2499,117,-3520
1470,-1828,6592,-1823,1743,66,-3520
9092,3934,-17962,-2481,2211,-221,-3552
-10606,-8732,32767,2947,-2699,277,-3504
70,3202,1290,-1719,1132,12,-3520
5636,-62,-11692,-1489,1574,-433,-3536
-7966,-3094,12232,2163,-2097,33,-3536
3784,15122,5138,-3558,-44,-531,-3504
-3794,-9616,23744,3869,-1325,-566,-3536
4046,-3240,-4394,-3320,2366,-410,-3504
6410,9178,-7576,2267,-1412,366,-3536
-68,-4300,22870,1423,-1149,1,-3504
6864,-3962,-14872,-3271,4678,-158,-3504
1332,3610,-6908,2449,-1725,329,-3504
-1774,3662,27092,147,-1218,-72,-3488
5056,-4250,-10340,-1761,3154,-425,-3520
-5820,1150,922,2469,-2271,114,-3488
7162,-10454,1950,-2946,1314,-905,-3520
1600,10372,986,2221,-1617,-428,-3520
1960,-7338,9578,-288,609,-145,-3488
5350,9556,-9366,-1575,1064,380,-3552
6146,6500,7466,1169,-1254,-161,-3520
1254,-10998,1336,-718,1937,101,-3536
3366,7096,-13676,-912,881,238,-3504
2514,4528,8178,-38,-1244,-206,-3504
-10114,-7480,30186,419,306,-270,-3504
-3370,5814,-1814,177,-1314,-110,-3504
7330,-16130,1382,386,1699,-914,-3520
2292,9172,-7842,-1694,-29,-264,-3520
-3458,-2826,27132,3710,-2442,144,-3520
3572,6560,-7548,-2285,2076,48,-3536
8654,6554,-7722,-1779,1558,-263,-3504
-10466,-4656,32767,2826,-2639,351,-3504
-552,2488,16706,-1736,1378,-28,-3504
5174,1152,-6772,-1542,1785,-450,-3504
-10288,-4588,24882,1982,-2166,94,-3472
5976,12308,6408,-3137,-540,-527,-3504
-6374,-1694,27826,3420,-545,-612,-3504
2360,5004,-12020,-3061,2130,-277,-3504
1822,3040,11832,3465,-2068,345,-3520
334,-2838,31360,357,-115,-76,-3520
1042,-10836,-394,-2962,4136,-96,-3520
-5128,-1660,16272,2764,-2163,324,-3520
-1070,3564,26138,-579,-572,-123,-3520
-732,-7318,4960,-857,2365,-337,-3552
-6896,-2332,10296,1844,-1735,97,-3504
7638,2378,-300,-3196,1306,-927,-3520
-4650,5742,21526,2737,-2080,-319,-3552
-1096,-8312,24156,-1300,1315,-121,-3536
6648,9340,-6566,-1197,822,356,-3504
146,1396,28132,1882,-1583,-159,-3536
-4810,-12238,21970,-761,2047,108,-3536
2178,7356,-11696,-624,840,208,-3536
-718,2444,23488,-104,-936,-274,-3536
-5898,-7138,18428,649,-130,-189,-3504
-702,11080,6188,464,-1502,-156,-3504
3542,-18226,9472,-116,2374,-907,-3568
544,10480,2474,-620,-954,-206,-3552
-4358,-7276,32767,3248,-2113,91,-3520
1876,-1440,3184,-2857,2601,126,-3488
8770,4168,-17706,-941,609,-197,-3520
-9862,-9002,32767,2415,-2229,221,-3520
812,5246,-814,-2241,1827,3,-3520
4410,-1316,-8760,-791,882,-407,-3520
-9070,-5814,25002,1261,-1507,-19,-3504
3630,15216,6202,-3006,-504,-487,-3520
-4280,-10934,25960,3707,-961,-557,-3520
4558,-2244,-5956,-3534,2379,-407,-3520
6842,9324,-8076,2963,-1764,324,-3552
-530,-5100,22818,967,-735,44,-3552
7310,-3388,-16122,-3637,4633,-203,-3520
1352,3238,-6986,2981,-2165,311,-3520
-942,648,15912,-455,-616,-53,-3536
4772,-1782,-9932,-1867,2937,-425,-3504
-6454,-40,4500,2927,-2491,95,-3504
7282,-11324,364,-3576,1573,-863,-3504
-5482,-942,23478,2900,-2067,-400,-3536
2246,-8214,10654,-840,1076,-191,-3504
5498,8952,-9988,-1263,982,380,-3568
6348,7454,6614,1895,-1759,-114,-3536
2384,-11256,186,-889,2281,51,-3504
3440,7546,-15258,-1047,919,252,-3472
2220,4922,10204,656,-1832,-135,-3552
-9792,-8714,31376,-285,1218,-326,-3520
-3522,5972,-3646,582,-1321,-58,-3520
6694,-15032,3074,-699,1646,-936,-3520
2246,9708,-5292,-581,-723,-252,-3520
-3664,-3318,27966,2669,-1568,60,-3520
3812,6468,-8012,-2341,2007,170,-3552
9026,7348,-6506,-1185,791,-269,-3520
-11858,-5290,32767,2379,-2113,303,-3520
-590,1330,13992,-1501,1086,-15,-3536
5010,-5024,-10058,-1943,2282,-475,-3536
-11190,-5226,29292,2287,-2369,62,-3504
4436,13270,9148,-3170,-361,-518,-3536
-4544,-4836,23128,3248,-589,-580,-3504
3348,-5222,958,-2792,1926,-288,-3536
-34,700,17732,2339,-1416,401,-3536
1018,-2366,26700,596,-328,-118,-3488
2336,-9432,-4782,-2678,4047,-55,-3552
3306,5440,-11948,333,-72,256,-3552
1632,3528,12670,-69,-1313,-211,-3488
-9198,-6768,27228,228,843,-284,-3488
-3410,2148,-1766,1111,-1315,-64,-3520
8078,-15076,-3934,-1596,2297,-960,-3520
1892,9726,-4430,451,-1537,-225,-3488
-4288,-5164,32767,2087,-1242,31,-3520
4914,9972,-11924,-2910,2375,133,-3520
7176,6594,-1580,-329,59,-170,-3552
-11440,-6348,32767,2850,-2741,310,-3536
106,2890,10186,-1838,1276,-67,-3504
3996,-4332,-8246,-1338,1769,-457,-3536
-10416,-4072,27002,1707,-2015,98,-3536
4790,15394,8230,-3185,-511,-502,-3504
-6100,-6838,28392,3646,-939,-583,-3504
4038,-5330,-1150,-3354,2344,-329,-3536
-784,196,19674,2905,-1704,388,-3504
616,-4282,27844,932,-653,-78,-3504
3810,-7702,-8940,-3107,4218,-150,-3520
3272,5558,-12692,2589,-2033,331,-3520
-1082,2184,23032,-305,-927,-126,-3504
1674,-5170,-1738,-1103,2404,-336,-3552
-4404,2944,1308,2300,-2062,40,-3488
7476,-16850,-366,-3204,1863,-968,-3520
-5578,4226,22106,2339,-2127,-333,-3520
494,-8652,20516,-69,489,-150,-3488
4012,8044,-9964,-2110,1627,331,-3520
-1106,656,32034,1859,-1802,-113,-3504
-1474,-12884,14164,-156,1185,110,-3520
2518,7318,-14216,-1538,1507,150,-3520
3794,2388,-1014,227,-1330,-218,-3504
-2186,-6808,10736,51,324,-268,-3504
-1646,10810,1788,-84,-1503,-148,-3504
3574,-18108,9700,506,1661,-827,-3504
3736,6762,-12796,-2087,71,-313,-3536
-3710,-7520,32638,3845,-2378,88,-3504
1934,838,192,-2083,1924,156,-3504
10300,7886,-16866,-3265,2939,-261,-3504
-8814,-2642,26658,3679,-3072,295,-3520
-2646,34,26772,-721,-72,-8,-3504
4062,-6128,-6370,-2315,3053,-482,-3504
-10692,-5816,24464,3163,-2691,111,-3536
6434,3916,2528,-3642,1040,-813,-3536
-3002,3794,16390,3216,-1639,-452,-3504
130,-8114,18134,-1530,1350,-229,-3536
4696,7070,198,-400,219,433,-3504
822,1602,27640,1786,-1550,-99,-3504
-1916,-13084,12642,-2042,3710,0,-3520
2930,6984,-13662,516,-312,303,-3520
-2378,4150,29930,491,-1778,-146,-3520
-2582,-9218,12112,-80,1107,-308,-3504
-2176,7824,-964,488,-1172,-92,-3520
6550,-16958,2562,-779,1865,-963,-3552
-1758,7752,14364,49,-1108,-252,-3536
-3062,-8774,27994,2841,-1767,99,-3520
3066,3780,-4734,-2555,2248,124,-3520
8870,5866,-11956,-1021,701,-241,-3520
-9282,-3340,30276,2371,-2163,323,-3520
1438,5734,-7620,-1904,1508,-38,-3536
5682,-216,-10758,-1569,1632,-478,-3536
-9488,-3692,20168,2005,-2236,58,-3536
6668,9742,5172,-2534,-746,-405,-3520
2680,-16036,10844,2798,135,-659,-3488
2730,3794,-11338,-3185,1671,-322,-3520
3494,4680,6160,3741,-2316,347,-3520
-348,-994,32148,-148,329,-60,-3520
7506,1258,-16588,-2964,3923,-181,-3520
-2936,-492,9186,2974,-2380,362,-3520
-1342,3152,26858,-770,-432,-124,-3520
4752,-2994,-9320,-1165,2485,-411,-3504
-6118,-2306,7418,1926,-1808,112,-3472
8150,-262,-2754,-3807,661,-812,-3504
-3298,6848,17466,3519,-2105,-411,-3536
3668,-2596,-4966,-2014,1884,-175,-3504
6996,10428,-9188,-1180,718,363,-3520
1014,2916,25498,1744,-1626,-188,-3552
-6906,-11136,28798,-334,1238,148,-3504
1848,6974,-8864,-1380,1527,108,-3488
4594,-1010,-6480,-550,-90,-369,-3504
-7142,-6312,21040,1002,-1082,-94,-3536
14,13244,8348,-1487,-1311,-304,-3552
1624,-17368,12938,2075,1090,-732,-3520
3350,3434,-13718,-3171,1592,-289,-3472
3930,4782,3932,3748,-2280,255,-3520
-1468,-1914,32767,260,-45,-29,-3520
8044,2708,-18718,-3217,4384,-133,-3504
-2948,392,8700,2662,-2030,341,-3504
-2044,2208,28700,-883,-391,-74,-3488
-1406,-6520,7590,-1164,2329,-353,-3488
-6206,-2872,8168,2188,-1908,-3,-3488
7778,-2694,-3262,-3590,1472,-894,-3520
-2300,8364,13492,3050,-2317,-312,-3520
-2604,-8940,29626,-1122,1322,-184,-3520
6794,9862,-9948,-1429,973,358,-3488
1396,3596,22454,1953,-1795,-126,-3520
-6290,-11388,28566,-896,2200,86,-3520
1372,6300,-9118,-1213,1258,158,-3536
-510,2408,21064,184,-1201,-246,-3520
-6350,-7324,20320,171,294,-266,-3520
716,13940,4814,290,-1592,-95,-3520
320,-16026,17468,307,1854,-836,-3488
3210,12034,-5578,-2005,47,-331,-3520
-5142,-5286,32767,4191,-2702,159,-3536
674,-3184,11038,-1824,1750,130,-3504
9330,2420,-19484,-2715,2286,-275,-3504
-12246,-8376,32767,3250,-3019,242,-3520
-264,2172,4790,-2052,1602,-25,-3520
6338,-190,-14304,-1770,1674,-463,-3520
-7862,-2416,10896,2538,-2341,88,-3520
4480,14488,3870,-3647,132,-529,-3520
-3448,-8026,22190,3630,-1096,-619,-3520
2744,-4772,170,-3017,2057,-363,-3488
6210,9540,-7072,2376,-1417,394,-3520
912,-2524,23580,1057,-829,-56,-3488
5026,-6790,-10272,-2936,4339,-144,-3520
2410,4638,-10044,2117,-1608,383,-3520
-110,4882,21198,347,-1426,-76,-3520
3814,-6602,-7126,-1339,2900,-408,-3488
-4546,2500,-1998,2133,-1995,83,-3520
7768,-11758,852,-2661,1393,-957,-3520
-5112,622,22974,2377,-1669,-362,-3504
1554,-7518,11542,143,301,-47,-3520
5222,9184,-10014,-1881,1404,328,-3488
6612,6500,3384,894,-946,-253,-3552
-684,-12052,6784,-62,1128,190,-3536
3246,6922,-13740,-1536,1538,135,-3520
3318,2850,3060,-783,-142,-333,-3536
-10424,-5906,29260,1266,-1197,-143,-3504
3374,15246,9228,-1001,-1269,-233,-3536
7124,-17366,-308,1221,1684,-807,-3536
2684,9018,-10014,-2200,402,-274,-3504
-3060,-1644,27328,4273,-2741,181,-3504
1652,-4038,22062,-1616,1617,48,-3536
8984,6782,-11040,-2792,2822,-235,-3504
-10536,-4386,32767,3474,-3117,316,-3504
-234,2602,18024,-1501,754,-57,-3472
3124,-6220,-5080,-1451,2111,-480,-3520
-9796,-3558,22802,1923,-2129,104,-3520
6196,11448,5846,-3365,-224,-574,-3520
-6488,-438,27764,3491,-1100,-534,-3488
2476,-6784,8500,-2875,2158,-267,-3520
3048,3582,7948,1867,-1056,395,-3488
30,-1708,30962,1285,-942,-123,-3520
394,-10400,2416,-2330,3932,-8,-3520
2838,6554,-13038,1081,-679,293,-3504
-1066,2752,25252,-336,-939,-192,-3520
-1846,-6632,7386,-319,1450,-303,-3520
-3288,5600,3466,1837,-1722,-53,-3520
6982,-18826,354,-2456,2379,-1038,-3520
-3774,7170,17794,1448,-2013,-221,-3520
-1960,-9124,29426,1234,-588,-28,-3520
3104,4836,-7706,-3023,2709,171,-3520
9258,7894,-12166,-943,461,-171,-3504
-10554,-4502,32767,2384,-2199,232,-3536
1776,6920,-10828,-2201,1922,11,-3504
4972,714,-7294,-931,904,-386,-3504
-9696,-4252,23844,1603,-1772,8,-3504
6734,10264,2180,-3092,-535,-451,-3504
1548,-17442,14656,3192,-298,-629,-3488
3754,3842,-12140,-3413,1947,-382,-3520
3088,4820,5552,3824,-2263,257,-3552
-1650,-1458,32767,73,128,39,-3488
9432,3500,-18690,-3476,4151,-253,-3520
-5068,-1658,13412,3374,-2681,344,-3520
-2270,1496,28938,-611,-367,-40,-3488
5784,74,-11778,-1636,2678,-432,-3536
-8526,-3770,14842,2787,-2408,145,-3520
7602,-1608,-924,-3690,1378,-856,-3520
-1672,8776,11212,3066,-2065,-404,-3520
-2242,-8244,27978,-969,1179,-167,-3520
6764,8946,-7632,-1151,880,413,-3488
1976,3356,23126,2099,-1835,-92,-3488
-5570,-13758,26940,-1098,2623,69,-3520
1320,6794,-11138,-741,751,256,-3520
-1780,4138,26510,520,-1728,-179,-3520
-5034,-9282,19372,-80,901,-302,-3488
80,12058,434,253,-1317,-62,-3488
7126,-10362,1832,-796,1652,-942,-3536
1218,9972,2294,-1011,-418,-288,-3520
-4450,-5994,30954,2674,-1618,73,-3504
2148,-804,5738,-2251,1993,195,-3504
6604,6658,5490,-1166,871,-294,-3504
-11146,-8674,32767,2376,-2130,300,-3536
118,3340,1794,-1222,773,4,-3504
6054,-1360,-12740,-1899,2478,-489,-3504
-7540,-2028,10056,2204,-2307,117,-3504
7002,2886,3160,-3075,-376,-529,-3520
-468,-11676,15868,3252,-572,-587,-3520
3144,-710,-6664,-2811,1953,-306,-3520
5574,8364,-2540,2412,-1480,395,-3520
622,1690,27590,1174,-836,-130,-3504
5346,-3820,-13290,-2227,3842,-11,-3504
2178,6848,-11098,19,213,292,-3488
-760,4198,23808,-185,-1174,-226,-3520
-5652,-8092,18080,342,452,-270,-3488
-1164,9260,4752,904,-1333,-94,-3520
5192,-18060,4992,-1156,2304,-975,-3488
-480,9204,8080,-43,-1216,-246,-3520
-4606,-8144,32767,2735,-1804,81,-3488
2992,960,-948,-2944,2493,113,-3520
4026,4518,14796,-132,-27,-194,-3472
-9948,-8712,32767,1645,-1503,270,-3536
1130,5620,-1992,-1986,1801,-26,-3536
4612,-2688,-9096,-1016,715,-399,-3504
-9558,-5574,26088,1355,-1654,-21,-3536
2084,15986,9874,-1983,-1206,-361,-3536
-1880,-13264,21254,2674,472,-684,-3536
3694,-50,-9880,-3231,1672,-333,-3504
-4396,-4222,32260,4414,-2661,255,-3504
2480,-5280,15850,-435,731,-26,-3504
6264,-1370,-16458,-2975,3376,-209,-3520
750,2744,-2820,3399,-2874,298,-3520
282,2584,11900,-1450,359,-90,-3488
3482,-3502,-7430,-1163,2264,-374,-3488
-5706,-1392,5064,2323,-2080,69,-3520
8274,-10114,-4024,-4018,1137,-852,-3520
-7428,-2158,29284,3820,-2417,-368,-3520
3160,-7224,7602,-1896,1829,-224,-3520
6358,10574,-12360,-485,483,356,-3488
-1650,-3042,32767,2276,-1986,-95,-3504
3054,-10228,-2386,-2021,3638,16,-3504
3428,6652,-14798,365,-77,296,-3504
1280,2450,12046,469,-1589,-127,-3504
1494,-5772,526,-600,1512,-340,-3504
-4012,5452,350,1452,-1864,-80,-3504
6670,-17848,2676,-1162,2244,-948,-3504
3578,10654,-10434,-938,-706,-236,-3520
-3170,-2910,26812,3486,-2149,81,-3472
3388,5328,-7822,-2274,2132,175,-3504
9552,9020,-9420,-1717,1188,-256,-3536
-11804,-5756,32767,2844,-2527,246,-3536
-1196,620,14254,-2183,1840,36,-3536
5258,4142,-5532,-1627,1219,-468,-3536
-11350,-7242,31532,2466,-2234,-17,-3504
5364,11832,4590,-3226,-64,-433,-3536
-4474,-2938,22626,3401,-665,-606,-3504
2946,5336,-9244,-3050,1949,-375,-3504
956,1694,12262,3183,-1945,310,-3520
-340,-2222,28358,321,-121,-8,-3520
3268,-9750,-4876,-3441,4202,-238,-3520
-7774,-2510,23210,3193,-2507,340,-3520
-2048,1642,26692,-347,-694,-82,-3520
2370,-7440,-2038,-1861,3050,-445,-3520
-9350,-3754,19014,2502,-2239,134,-3536
6634,5860,3608,-3380,865,-831,-3552
-3882,3178,21212,2998,-1706,-409,-3520
-200,-8922,17938,-1280,1258,-160,-3520
4738,7314,-182,-313,89,423,-3504
252,1582,30050,1711,-1557,-140,-3504
-2690,-12364,13732,-1352,2892,84,-3504
2864,6650,-13690,-200,356,252,-3504
-1708,3914,28344,133,-1532,-174,-3504
-3556,-8730,13750,143,875,-299,-3504
-1914,8190,528,730,-1380,-90,-3536
6514,-16958,2552,-1308,2038,-954,-3504
-2122,7794,13858,101,-1256,-248,-3536
-2484,-8656,28112,2287,-1270,79,-3504
2768,3708,-5288,-2665,2174,185,-3488
9334,5526,-12716,89,-334,-198,-3520
-7436,-11102,30950,1488,-1116,245,-3520
1162,5904,-7268,-1962,1886,23,-3520
5458,-88,-9458,-980,353,-401,-3488
-8926,-4168,20240,1488,-1560,-117,-3520
652,13776,6746,-1870,-1038,-314,-3488
1732,-15840,13136,2165,807,-718,-3520
2782,2904,-11136,-2971,1231,-314,-3520
4084,5406,4074,4207,-2655,193,-3520
2512,-2704,8304,-727,919,19,-3520
7690,1418,-17210,-3082,3547,-204,-3520
-2290,588,6504,3290,-2770,340,-3488
-1690,3230,28064,-1105,107,-89,-3488
4774,-3126,-9440,-1241,2498,-412,-3520
-5782,-2220,5786,1923,-1791,116,-3520
8094,-1914,-3256,-3853,570,-781,-3520
-5134,-8608,26000,3867,-1992,-452,-3504
4208,-3448,-4438,-2652,2322,-282,-3536
7422,10342,-10178,592,-352,366,-3504
848,3682,24444,2091,-1769,-108,-3536
5146,-5950,-11978,-2098,3773,7,-3504
2520,4252,-10132,608,-260,282,-3504
-506,2278,21274,270,-1425,-153,-3536
-6672,-6890,21800,-390,1304,-289,-3504
-4670,1164,198,1465,-1606,-64,-3536
7708,-12314,-2748,-1763,2300,-972,-3536
1794,11262,-1346,-1337,-569,-240,-3520
-4490,-6630,32767,3601,-2223,70,-3520
1366,-2430,6604,-2573,2357,129,-3552
5842,6902,5514,-956,465,-191,-3504
-10744,-8570,32767,2743,-2497,251,-3520
260,3762,1408,-2162,1745,28,-3520
5750,-178,-11498,-1296,1228,-418,-3520
-9998,-7236,29068,1807,-1799,-39,-3504
3904,15078,4488,-3117,-340,-379,-3536
-4154,-8656,24702,3526,-775,-624,-3504
3808,-3474,-2214,-3292,2137,-396,-3504
-2162,-1232,21802,3053,-1846,278,-3536
-316,-3892,23754,747,-468,50,-3504
6546,-5290,-13414,-3493,4454,-211,-3504
1726,3678,-8088,3165,-2340,350,-3536
-1438,716,18672,-115,-888,-93,-3536
4656,-4292,-8710,-1787,3014,-432,-3520
-5962,904,1536,2706,-2390,126,-3520
7594,-11282,500,-3628,1139,-847,-3488
-5056,-476,23756,2705,-1930,-404,-3536
1596,-8278,11184,-607,940,-163,-3536
5534,9592,-10554,-1304,971,384,-3504
6720,7310,6114,1680,-1534,-192,-3504
1230,-12060,2218,-481,1817,95,-3504
3468,7160,-15584,-1231,1179,228,-3504
2794,4774,6576,74,-1421,-237,-3504
-10980,-8142,32767,551,219,-224,-3504
-2682,7002,-3882,-239,-1058,-130,-3504
6808,-16016,3442,253,1618,-944,-3536
1784,8826,-6212,-829,-584,-231,-3520
-3014,-2612,25718,2953,-1824,97,-3520
3192,5820,-6474,-2294,2000,123,-3520
8792,6338,-7450,-1335,1077,-275,-3552
-10386,-4564,32767,2524,-2272,265,-3520
-556,2402,16512,-1797,1611,0,-3520
5292,1108,-6894,-1434,1378,-465,-3520
-10146,-5016,24680,1923,-2055,15,-3520
5958,12210,6096,-2733,-743,-426,-3488
4484,-17430,7072,2745,310,-655,-3536
2450,4576,-12278,-3051,1755,-305,-3536
1748,3128,11034,3761,-2372,304,-3536
78,-2260,32042,-11,211,-58,-3504
8360,3514,-17052,-3161,4097,-152,-3536
-5026,-980,15666,2927,-2460,368,-3504
-1286,3908,27374,-755,-452,-120,-3536
-960,-7690,5918,-1054,2512,-398,-3536
-3040,4110,-366,1652,-1448,-10,-3520
8104,-16870,-3006,-2774,1759,-956,-3488
-5602,5126,24394,2090,-2089,-219,-3520
-504,-9464,22568,304,178,-66,-3520
4284,7576,-10876,-2532,1870,238,-3552
8006,6770,-6838,1164,-1125,-176,-3520
-4188,-11378,19398,338,283,202,-3520
2586,7644,-11978,-1566,1631,69,-3488
4034,-234,-3502,-451,-279,-348,-3520
-9354,-4004,23026,1000,-939,-90,-3520
-790,11462,6218,-1410,-1277,-307,-3504
3176,-18364,10500,2641,339,-680,-3520
3362,5284,-13716,-3208,1641,-343,-3520
2434,3832,8200,3726,-2231,277,-3536
-960,-2338,32767,165,64,-13,-3504
8796,3628,-17480,-3085,4061,-197,-3504
-5040,-1558,16068,3201,-2634,349,-3520
-1298,2414,26198,-1028,-69,-104,-3488
-542,-5816,4390,-1067,2329,-352,-3520
-7506,-3820,12282,2259,-2019,72,-3520
8314,-214,-3852,-3872,1281,-886,-3520
-3840,7502,16806,3742,-2640,-373,-3520
4282,-2646,-5684,-2161,2102,-254,-3536
7276,9566,-8852,-979,741,379,-3552
-362,2216,29056,2435,-2212,-73,-3520
-3712,-13340,23048,-2098,3721,7,-3504
1410,3264,-6918,219,23,291,-3504
-2446,2392,28044,708,-1770,-131,-3504
-3926,-8812,15438,-671,1662,-348,-3536
214,13220,140,1114,-1806,-38,-3504
7150,-11798,1324,-648,1747,-925,-3536
2154,11356,-1790,-905,-515,-306,-3504
-4310,-6468,31196,2789,-1684,35,-3536
1406,-2124,6404,-2385,2034,244,-3536
6762,7276,5548,-482,94,-236,-3488
-11154,-9494,32767,1824,-1392,213,-3520
256,3374,-134,-2293,2031,71,-3520
6430,1330,-13346,-1049,149,-374,-3520
-10036,-8680,30744,1785,-1627,-93,-3552
3380,14746,3768,-2577,-511,-325,-3552
-1878,-9956,19820,2653,143,-733,-3520
2690,8952,-7694,-2773,1215,-346,-3536
-2708,-2244,24336,3583,-2198,280,-3552
1062,-2668,20468,-141,277,14,-3488
5540,-5160,-12324,-3283,3674,-258,-3536
-11058,-4678,32767,3305,-2867,349,-3536
-1064,1304,17544,-710,-12,-58,-3504
4414,-5312,-8436,-1947,2876,-462,-3536
-4738,1282,-1454,2136,-2107,103,-3520
4976,11570,8288,-3308,179,-713,-3536
-5078,-3104,24184,3137,-1557,-446,-3520
3396,-5872,3350,-2253,1923,-227,-3504
5942,11234,-10498,579,-509,435,-3504
1172,-1784,27878,1514,-1163,-180,-3504
1836,-10224,-2574,-1720,3407,47,-3504
3132,5806,-12838,-1212,1220,159,-3536
2472,3436,9204,-603,-578,-329,-3504
-10220,-6432,28330,1119,-741,-187,-3504
2358,14522,8476,88,-1275,-149,-3520
8048,-15790,-1850,-108,2158,-910,-3520
1838,9770,-7116,-1263,-476,-265,-3520
-4042,-3732,30718,3780,-2534,132,-3520
2782,-3364,15684,-2476,2374,47,-3520
8168,6500,-5448,-1766,1593,-236,-3552
-11196,-5140,32767,2855,-2836,331,-3488
102,3402,13944,-1922,1329,-54,-3520
4450,-282,-4272,-1097,1383,-420,-3536
-9942,-4234,23976,1533,-1891,81,-3504
6264,14542,5140,-3108,-765,-514,-3504
-7576,-3324,31304,3542,-716,-621,-3536
3008,6214,-14782,-3445,2304,-335,-3504
1738,3040,11642,3127,-1845,380,-3536
-506,-2890,32767,765,-536,-82,-3536
1982,-10116,-1922,-2999,4279,-85,-3504
3778,7040,-15014,807,-480,290,-3520
1396,2172,10236,64,-1389,-194,-3504
-6,-6214,3234,-180,1030,-270,-3504
-3178,4636,580,912,-1596,-132,-3520
7156,-17826,-50,-761,2354,-952,-3520
2890,10064,-10088,-33,-1326,-231,-3504
-332,-8648,23264,2385,-1337,34,-3504
3456,6196,-8640,-2388,2281,113,-3536
8840,7894,-8582,-2045,1713,-241,-3520
-10962,-5182,32767,3007,-2712,276,-3520
-602,1332,14378,-1480,784,7,-3552
4482,-3236,-7978,-1520,2386,-435,-3472
-5936,-222,3682,2569,-2240,71,-3488
7524,-10634,-1810,-3656,1444,-883,-3472
-6828,-1114,26976,3175,-2279,-317,-3536
3170,-7742,8588,-514,936,-144,-3520
6116,9566,-11736,-1792,1375,317,-3520
5512,7056,7942,1906,-1839,-93,-3520
-10086,-10104,32767,-621,2064,77,-3552
3550,6918,-15318,-1174,1154,217,-3488
1398,4128,12724,414,-1558,-223,-3488
-9178,-8976,29748,277,373,-304,-3520
-3962,5356,-2836,391,-1354,-63,-3536
6464,-16078,3632,432,1465,-848,-3520
3022,9554,-6724,-1573,10,-336,-3488
-3578,-3518,26640,3247,-1997,83,-3536
3626,6990,-7264,-2294,2000,152,-3504
8850,8032,-5470,-1503,1024,-204,-3504
-11540,-5866,32767,2496,-2257,266,-3504
-820,1006,12522,-2053,1694,35,-3504
5176,4368,-4532,-1771,1192,-461,-3504
-11644,-6860,31506,2363,-2259,-20,-3504
4866,12990,6376,-2882,-305,-401,-3504
-4120,-5292,22400,2915,-208,-661,-3536
2428,6662,-8928,-2818,1401,-351,-3520
-24,714,16416,3074,-1922,358,-3504
572,-2292,25774,235,-26,4,-3504
3544,-9084,-6370,-3013,4181,-183,-3520
2776,5664,-11756,2391,-1944,352,-3520
-1796,2290,25144,151,-1353,-125,-3504
2338,-6958,-2326,-1193,2632,-368,-3504
-3878,2324,-2684,2033,-1803,91,-3520
8144,-13162,-1930,-3151,984,-917,-3488
-5858,1230,25892,2793,-1949,-372,-3488
1426,-8198,12904,-879,1157,-117,-3520
5162,10208,-11790,-1354,879,362,-3488
7138,6190,2088,1142,-1191,-216,-3472
-1310,-11606,8784,17,814,177,-3504
2994,7132,-13690,-1308,1399,153,-3504
3812,1796,1014,-577,-526,-313,-3536
-10454,-5354,28340,989,-664,-181,-3536
-2628,6280,2088,-181,-1468,-198,-3536
7498,-18374,-486,856,2012,-854,-3520
2066,9028,-11458,-2475,580,-235,-3536
-2178,-1232,25356,4333,-2824,178,-3504
1480,-4606,23802,-1049,1209,-14,-3520
8698,6552,-11922,-2731,2894,-231,-3504
-9404,-3472,32767,3422,-2875,343,-3520
-136,3470,18652,-1517,439,-79,-3488
1962,-5516,-2280,-1009,2170,-393,-3488
-4330,-420,1090,1807,-1717,82,-3520
6874,10908,2390,-3821,499,-748,-3520
-7844,574,31086,3747,-2352,-386,-3504
2736,-7970,10454,-2038,2006,-199,-3504
5892,10304,-14350,-3,58,385,-3520
-1636,-2278,32767,2202,-1922,-138,-3552
642,-11262,4002,-1868,3453,56,-3552
3518,7784,-15486,364,-31,243,-3520
2462,196,5870,82,-1238,-183,-3520
-1298,-5856,6898,-190,889,-294,-3520
-3302,6122,3422,1452,-1757,-65,-3552
6534,-18816,1852,-1334,2566,-925,-3520
3786,10186,-13528,-1911,-113,-282,-3504
-2222,-1608,24542,4090,-2628,121,-3504
2568,4312,-7074,-2259,2228,113,-3504
9706,8062,-12626,-1979,1641,-223,-3536
-10840,-4438,32767,3086,-2880,218,-3536
-1066,886,18728,-2108,1482,7,-3504
5112,2014,-7564,-1408,1573,-426,-3504
-10168,-5644,26156,2133,-2101,46,-3536
6572,9756,1132,-3503,-31,-485,-3488
-5464,464,23900,3794,-1284,-554,-3520
3874,3120,-10302,-3343,2325,-394,-3520
3136,4834,4262,2477,-1480,335,-3520
-1310,-414,32767,1252,-1003,-10,-3520
1668,-12136,2948,-3343,4644,-184,-3488
-4508,-432,11162,1933,-1432,357,-3504
-3198,1660,32008,462,-1500,-84,-3552
1012,-8448,3214,-1773,3195,-434,-3520
-3324,6636,-3076,2456,-2105,86,-3520
7172,-180,1804,-2990,1314,-920,-3520
-2378,6884,14196,2144,-1741,-377,-3520
-1572,-8876,24166,-235,611,-128,-3520
6304,8470,-4928,-1214,775,390,-3504
1556,3500,25310,1333,-1339,-167,-3488
-5036,-12562,23714,-208,1299,154,-3520
1744,6660,-11046,-1044,968,202,-3504
-1276,4156,25674,83,-1395,-188,-3504
-5020,-8814,18518,389,364,-282,-3504
-572,10888,1866,182,-1216,-76,-3504
4526,-16858,6550,-336,1942,-945,-3504
-654,9500,7086,-940,-686,-255,-3504
-3958,-7508,31046,3116,-1899,91,-3536
2498,1084,364,-2420,2168,133,-3504
8630,4636,-15100,-1410,1069,-265,-3504
-9904,-9602,32767,2691,-2473,290,-3536
904,4166,-2794,-2085,1957,11,-3520
5948,-746,-11956,-1322,887,-417,-3520
-8156,-3242,14820,1942,-2012,-22,-3520
2334,14548,6870,-2604,-666,-400,-3520
-334,-12784,16936,2955,203,-657,-3520
3014,2,-7726,-2973,1719,-297,-3520
-4062,-3904,30686,4037,-2445,286,-3504
2130,-3866,15368,73,192,-73,-3520
6004,-2870,-15308,-3099,4047,-178,-3520
168,1886,-1286,3251,-2736,360,-3536
34,3532,12096,-1054,-69,-118,-3504
3704,-5174,-6896,-1021,2417,-409,-3504
-4786,-992,1236,1637,-1452,-6,-3504
8752,-5546,-4996,-2822,1887,-960,-3504
-1768,9050,11644,2114,-2213,-229,-3536
-3706,-8220,32767,-472,763,-104,-3520
7396,11516,-13322,-2136,1531,268,-3520
2378,4140,18050,1557,-1454,-147,-3488
-8872,-9830,32767,390,296,195,-3504
1608,6186,-4936,-1588,1638,58,-3504
1140,890,14038,-363,-310,-363,-3536
-7792,-3416,15198,1218,-1562,-7,-3520
1980,15536,7834,-2460,-930,-370,-3520
-2136,-13354,21722,3000,-164,-642,-3520
4024,192,-9260,-3404,1995,-368,-3520
-3952,-3734,30942,4014,-2460,254,-3536
932,-4262,16296,96,45,30,-3488
7390,-1098,-16704,-3247,4127,-215,-3520
-570,1804,-770,3326,-2735,318,-3504
-210,2644,11242,-1005,-130,-65,-3536
4324,-2564,-7794,-1304,2460,-382,-3504
-6518,-1430,6142,2380,-2115,72,-3504
8044,-9478,-3476,-3839,1317,-882,-3472
-7080,-3070,28514,3489,-2413,-359,-3504
3090,-6920,6382,-1480,1574,-244,-3504
6544,10258,-11602,-911,711,386,-3504
4492,6186,12312,2137,-2063,-58,-3504
3908,-9368,-4800,-1984,3543,-40,-3520
3330,6420,-14288,197,28,313,-3488
886,3920,14828,636,-1706,-132,-3520
-8236,-7898,26740,-600,1528,-348,-3488
-4344,4762,-928,1119,-1702,-73,-3520
6612,-15944,3190,-874,1852,-889,-3488
3082,10552,-7530,-630,-760,-296,-3520
-276,-9084,20514,2134,-1111,-6,-3504
3604,6496,-8326,-2471,2130,218,-3488
9316,8602,-6026,-297,-141,-217,-3536
-12248,-6518,32767,1671,-1169,227,-3504
2566,7932,-13790,-2229,2050,56,-3536
4950,4478,-2560,-1014,70,-334,-3472
-11764,-7260,32767,1846,-1616,-115,-3504
4850,12780,5284,-2366,-528,-281,-3504
4856,-16702,7580,2437,401,-768,-3504
2026,5470,-8634,-2640,1279,-320,-3536
76,1308,15212,3709,-2312,251,-3504
1062,-1932,26948,113,158,-24,-3552
2372,-9708,-4002,-3096,3997,-200,-3520
-7368,-2304,22308,3011,-2455,364,-3520
-1508,2696,25518,-331,-513,-56,-3552
1186,-7874,438,-1446,2744,-419,-3520
-8156,-3186,15242,1976,-1908,101,-3504
6350,7782,4930,-3380,262,-751,-3536
-5918,2604,26524,3390,-1742,-464,-3504
1164,-8178,14212,-2122,1955,-203,-3504
4304,5794,1954,243,-201,426,-3504
408,-34,30746,1670,-1398,-197,-3504
-2186,-11760,10858,-1353,3031,83,-3504
2684,7064,-13130,215,34,303,-3504
-1062,3552,26414,-104,-1205,-193,-3504
-3836,-8348,12762,259,687,-292,-3536
-1874,7716,2622,1400,-1494,-35,-3520
6404,-18862,2808,-1778,2207,-1002,-3520
-1810,8278,12216,522,-1471,-244,-3488
-3796,-8574,31670,1980,-1231,31,-3488
3178,3730,-4200,-3003,2351,151,-3520
2518,3498,20222,328,-458,-202,-3504
-8494,-9688,32767,1533,-1480,338,-3520
1656,6082,-5352,-1939,1763,-15,-3520
4502,-2174,-7400,-755,334,-370,-3536
-8446,-5790,23150,1159,-1391,-65,-3504
1334,15144,9148,-1561,-1335,-321,-3536
-764,-15322,18958,2272,805,-741,-3536
3424,580,-11528,-3110,1415,-356,-3504
-4722,-4102,32767,4401,-2792,218,-3504
2132,-3548,13712,-846,946,24,-3504
7030,-154,-17434,-3145,3652,-194,-3504
-508,1560,274,3276,-2822,341,-3504
254,2578,9734,-1422,510,-52,-3552
4238,-3122,-8184,-1173,2280,-406,-3520
-6202,-1118,5828,2208,-2078,73,-3488
8182,-8590,-3830,-3967,948,-799,-3520
-7474,-3582,29148,3892,-2339,-406,-3520
3632,-6690,4556,-2131,2045,-300,-3520
6754,10660,-12076,-744,609,376,-3504
3812,5364,13604,2205,-1982,-70,-3536
-8838,-10812,32767,-1119,2455,50,-3520
3100,5934,-13556,-740,807,245,-3520
578,3110,15554,360,-1433,-183,-3520
-8130,-7760,25476,-37,620,-289,-3520
2960,15356,3062,135,-1566,-123,-3520
6468,-16734,3312,377,1653,-844,-3520
3598,10670,-8840,-1809,1,-291,-3520
-3318,-2788,26888,3684,-2293,87,-3520
3676,5754,-7580,-2248,2086,176,-3536
8994,8906,-7572,-1619,1039,-233,-3504
-11872,-6444,32767,2687,-2359,276,-3504
-954,658,12392,-2116,1871,15,-3536
4874,4524,-4074,-1535,1078,-447,-3536
-11356,-7320,31598,2317,-2142,-32,-3504
4912,12526,4442,-3210,-218,-439,-3536
-4594,-4492,23706,3392,-612,-626,-3504
3280,6382,-10362,-3134,1994,-405,-3504
452,2030,14028,2948,-1866,356,-3504
-532,-2340,28750,1657,-1378,-44,-3520
3944,-9652,-6576,-2781,4400,-54,-3488
3190,5670,-12942,1713,-1177,316,-3488
-1786,1712,25804,374,-1478,-145,-3504
2692,-7454,-3428,-1011,2466,-349,-3520
-4016,3736,-3630,1728,-1783,15,-3520
7460,-14114,1612,-2133,1470,-964,-3488
-4104,2598,21120,1799,-1510,-375,-3504
612,-7644,15216,150,257,-60,-3504
4204,8436,-8976,-1896,1299,334,-3536
7346,6090,-30,703,-890,-192,-3504
-2128,-12012,11436,277,509,182,-3504
2552,7318,-12036,-1400,1342,110,-3504
3998,2708,-526,-689,-379,-314,-3504
-10486,-5096,27684,1080,-841,-165,-3504
-2244,6948,2658,-478,-1361,-175,-3504
6808,-18116,1538,135,2114,-948,-3520
2248,8528,-12046,-1918,63,-259,-3504
-1934,-194,23162,4172,-2813,164,-3536
3334,4012,-5998,-2118,2149,21,-3504
9126,6082,-13712,-2447,2309,-269,-3504
-9260,-3096,29872,3359,-3137,331,-3472
-762,3104,22302,-1747,1142,-63,-3504
5360,-1088,-9356,-1363,2144,-392,-3504
-8686,-3524,18910,1782,-2083,73,-3488
6920,9486,3398,-3382,-451,-570,-3520
-6914,2310,28254,3649,-910,-581,-3520
2952,2648,-11702,-3188,2295,-269,-3488
4258,5512,3366,2648,-1492,364,-3552
-418,-1596,32767,1103,-782,-156,-3520
6946,548,-17008,-2825,4218,-104,-3536
-2090,418,6542,2122,-1503,319,-3520
-1286,3434,26826,-478,-853,-141,-3488
-2908,-6926,10452,-682,2067,-329,-3472
-5474,-1806,5232,1773,-1597,6,-3504
8374,-2314,-3824,-3220,1649,-920,-3536
-2802,8202,15306,2559,-2230,-286,-3504
-3072,-8156,31064,-417,684,-99,-3536
7312,10766,-11338,-2088,1539,287,-3504
1656,2938,21994,1584,-1404,-152,-3536
-7266,-10684,30554,-145,1074,173,-3536
1562,6522,-7860,-1248,1398,118,-3504
-78,1540,18442,-69,-858,-279,-3520
-6992,-6670,21380,518,-161,-168,-3520
1092,14020,6920,146,-1563,-179,-3488
-474,-15236,17396,322,2070,-859,-3520
2632,11334,-5774,-1801,-169,-286,-3520
-4360,-5550,32767,4015,-2588,117,-3488
1070,-3550,11206,-2203,2204,150,-3520
7230,7414,128,-1470,1073,-167,-3504
-11324,-7504,32767,3046,-2837,231,-3520
-380,2396,6232,-2147,1638,8,-3504
5570,-1428,-11512,-1329,1220,-412,-3504
-10352,-6740,29768,2073,-2051,22,-3536
4796,14570,4218,-3411,-114,-495,-3536
-4946,-6964,25534,3728,-1137,-584,-3472
3594,-5166,460,-3099,2316,-379,-3488
-1180,-158,18792,2696,-1579,342,-3536
-332,-3516,26094,1016,-792,-5,-3504
5624,-6756,-10882,-3348,4527,-178,-3504
2584,4712,-10862,2597,-1988,354,-3536
-1740,798,22370,188,-1192,-64,-3504
4102,-5126,-7046,-1719,3043,-426,-3472
-5390,2436,-210,2552,-2247,90,-3536
7304,-13584,1712,-3015,1451,-918,-3504
-4596,1324,21396,2173,-1718,-391,-3536
1086,-8184,14430,-39,504,-134,-3504
4970,8586,-9430,-1278,936,392,-3552
7530,7616,1572,1618,-1505,-139,-3520
-44,-12498,7404,-651,1909,102,-3488
3362,7662,-14522,-1157,1064,232,-3520
3334,5148,3500,99,-1465,-187,-3488
-11006,-7180,32767,428,306,-270,-3520
-2442,7168,-2716,45,-1122,-87,-3520
6576,-16676,2612,-34,1780,-934,-3520
2172,8248,-7478,-1024,-530,-239,-3488
-1280,-8392,23010,2698,-1523,65,-3504
3164,5038,-6090,-2375,2066,170,-3504
8940,6654,-9374,-1100,733,-264,-3504
-10266,-4128,32767,2324,-2053,278,-3504
1576,6130,-9784,-1995,1778,41,-3472
5780,1914,-8720,-1533,1075,-433,-3504
-10294,-4532,25034,2026,-2044,8,-3504
5402,11888,7338,-2489,-741,-391,-3504
4346,-17160,6546,2671,360,-689,-3504
2228,5074,-11294,-3006,1571,-290,-3504
1530,3004,12120,4151,-2586,287,-3488
404,-2454,30768,-620,852,-58,-3456
7968,3592,-16188,-3058,3666,-198,-3520
-5076,-1192,16902,3132,-2713,372,-3488
-1512,3506,27006,-1030,-73,-113,-3520
5178,-2748,-10398,-1279,2457,-419,-3536
-3172,3352,-208,1726,-1543,53,-3520
7438,4772,236,-3217,1455,-916,-3536
-5420,5024,24746,2603,-2245,-295,-3504
-566,-9012,22442,136,316,-69,-3488
4168,8242,-11136,-2542,1833,262,-3520
8122,6976,-6422,1253,-1269,-137,-3520
-3366,-11988,17914,214,510,179,-3520
2474,7780,-12814,-1562,1513,140,-3520
4360,-62,-3668,-390,-374,-360,-3520
-5032,-6796,16022,853,-533,-171,-3536
-1386,9860,5376,-112,-1456,-185,-3504
4716,-19210,6872,469,2065,-853,-3504
3128,6490,-14030,-1846,-45,-281,-3536
-3680,-7832,32767,4136,-2675,95,-3504
2164,350,-476,-2219,2314,119,-3504
9220,5666,-17370,-2153,1762,-197,-3472
-6966,-2236,22324,3199,-2940,251,-3536
758,5080,-3830,-2013,1314,-55,-3536
5036,-288,-9842,-1008,1319,-414,-3456
-8146,-4310,17314,1821,-1878,43,-3520
7714,2712,-2092,-3702,-55,-602,-3488
-3442,-12124,24168,4062,-1537,-517,-3488
4090,-1280,-6866,-3399,2447,-373,-3488
6302,7846,-5452,2231,-1231,377,-3520
-28,-4608,19358,1065,-876,4,-3504
7986,-1514,-16680,-3317,4658,-178,-3520
-164,2452,-2582,2367,-1690,355,-3520
-2266,3190,29138,242,-1352,-84,-3520
5632,-2484,-10944,-1655,2944,-406,-3504
-6814,-770,4520,2451,-2184,45,-3472
7646,-8632,-250,-3125,1444,-893,-3504
562,10486,4562,2411,-1888,-359,-3536
3124,-6334,4866,-338,847,-158,-3536
6182,10026,-10066,-1666,1215,346,-3536
4660,5910,12842,1543,-1590,-145,-3536
-9348,-11334,32767,-478,1741,117,-3504
3438,6078,-13380,-806,764,269,-3488
734,4960,16376,348,-1585,-206,-3552
-8778,-8682,28344,197,599,-307,-3488
1758,13742,3810,-369,-1115,-115,-3504
7078,-14060,2134,328,1511,-882,-3536
1936,9990,-3386,-1538,-156,-283,-3536
-3958,-4362,29560,3553,-2219,108,-3536
1884,-2128,13174,-1969,1833,106,-3504
7960,7156,-2494,-1606,1305,-237,-3520
-11456,-6212,32767,2645,-2404,312,-3520
-302,2112,9912,-1022,241,-34,-3488
5168,-3260,-10248,-1844,2650,-472,-3488
-5972,-848,3872,2211,-2176,144,-3520
4616,14168,7232,-3553,64,-648,-3504
-4710,-6000,24634,3596,-1376,-578,-3536
3328,-4882,66,-2757,2156,-297,-3504
6794,11188,-10094,1446,-934,441,-3504
1354,-2862,26068,1466,-1169,-138,-3536
3434,-8834,-7920,-2160,3957,-5,-3504
3210,5138,-12180,1200,-805,322,-3504
1126,3888,15032,34,-1419,-185,-3504
-9112,-6870,26640,271,774,-239,-3504
624,12956,8274,349,-1282,-130,-3472
8636,-13060,-3866,-493,2390,-965,-3504
1112,10076,-1624,-768,-853,-213,-3536
-4938,-5712,32767,3488,-2343,98,-3504
3618,-2082,7272,-2825,2601,89,-3504
6312,5696,3390,-1230,1024,-205,-3536
-11258,-7120,32767,2630,-2546,311,-3504
984,4270,5598,-2133,1704,-46,-3504
3740,-3710,-7332,-853,974,-404,-3520
-9900,-4378,25880,1319,-1690,2,-3520
4896,16330,6824,-2898,-895,-442,-3488
-6094,-6702,30022,3443,-514,-634,-3488
3722,-4520,-594,-3348,2249,-317,-3520
-862,508,19448,3461,-1989,310,-3488
636,-4668,28820,601,-321,-20,-3488
3694,-8052,-8492,-2920,4289,-59,-3504
3306,5682,-12762,2143,-1613,348,-3504
-768,2786,22640,-431,-850,-170,-3504
1060,-5406,-670,-579,1758,-303,-3488
-4244,2404,1720,1973,-1904,-15,-3520
8016,-16264,-2662,-2578,2407,-1012,-3520
-6878,4130,25878,2122,-2274,-245,-3504
1218,-8798,18870,914,-250,-60,-3520
4558,8672,-11850,-2796,2228,265,-3488
7986,8292,-3768,407,-692,-161,-3536
-11806,-6634,32767,1248,-750,174,-3504
2748,7712,-15282,-1979,1977,69,-3520
3518,1740,686,-192,-544,-318,-3488
-10504,-6896,29240,1003,-859,-115,-3488
5962,13082,1660,-1776,-931,-261,-3488
3288,-17756,11432,2461,324,-693,-3520
3672,6724,-12158,-3198,1407,-417,-3488
1048,1866,12234,4047,-2450,201,-3520
-1550,-2916,31156,-101,180,64,-3536
10232,6526,-16710,-3569,4042,-264,-3536
-8280,-2828,25108,3528,-2841,367,-3536
-2116,1526,26326,-766,-221,-27,-3536
3010,-6250,-2588,-1853,2874,-454,-3536
-9372,-4740,20128,2676,-2331,90,-3536
6882,4908,1482,-3507,1183,-846,-3520
-3786,4230,19768,3431,-1991,-446,-3504
-396,-9296,20362,-1648,1556,-255,-3504
5172,7268,-2190,-483,336,415,-3504
-28,1496,30292,2058,-1810,-96,-3504
-1892,-13264,13184,-1614,3230,58,-3536
2872,7562,-14686,-119,201,290,-3504
-2300,3088,30524,534,-1754,-173,-3504
-2426,-9260,11586,-101,1236,-320,-3504
-1380,9536,-1762,634,-1416,-87,-3504
5062,-16534,6960,-840,1665,-913,-3504
-588,8322,8794,-464,-748,-302,-3504
-3078,-8226,28144,2642,-1567,94,-3536
2356,2416,-2162,-2385,2055,227,-3472
9230,4988,-13064,-940,556,-236,-3536
-8534,-3370,26224,3178,-2867,307,-3552
-1198,2656,23682,-1495,972,-55,-3520
5968,266,-10892,-1739,2159,-463,-3488
-9210,-3368,19350,2126,-2290,117,-3488
6800,8200,4652,-3302,-367,-555,-3520
-5536,1728,25304,3347,-730,-610,-3552
2292,2000,-9662,-2963,2093,-264,-3520
3992,5680,4004,399,-342,475,-3504
412,60,31024,1517,-1336,-210,-3520
-1956,-11704,10276,-752,1930,162,-3504
2888,7424,-12894,-86,273,257,-3520
3648,1156,1218,-355,-961,-238,-3520
-3368,-7260,11640,414,312,-230,-3520
-2314,6896,3850,928,-1561,-83,-3488
6896,-18628,454,-1100,2617,-983,-3520
2332,8484,-12766,-220,-1250,-173,-3520
-1684,-464,23810,4358,-2924,179,-3520
3288,4292,-6140,-2213,2169,-3,-3504
8890,6344,-13864,-2332,2225,-222,-3504
-9184,-3180,30596,3218,-3022,344,-3536
-496,2964,20698,-1941,1237,-66,-3536
4778,-1476,-7766,-1147,1908,-470,-3504
-8174,-3256,17712,1718,-1920,90,-3520
6846,9984,2498,-3725,49,-678,-3520
-7310,2062,29222,3833,-1724,-490,-3520
1754,-8466,13820,-1643,1584,-192,-3504
5514,10380,-13572,-1096,684,321,-3504
-1320,-1280,32767,2044,-1732,-131,-3504
-382,-11286,7398,-1106,2417,120,-3504
3142,7172,-14450,-456,654,198,-3504
3142,188,2518,-30,-1011,-283,-3536
-2576,-6540,9820,354,129,-207,-3504
-2336,8538,3920,465,-1686,-160,-3504
5086,-19260,6070,-87,2267,-845,-3504
3732,8414,-14550,-993,-810,-294,-3488
-3440,-8332,32767,3303,-2159,54,-3488
1956,2186,-2532,-2684,2462,151,-3520
10136,7518,-15936,-1181,679,-154,-3520
-9060,-3274,29784,2490,-2286,250,-3520
846,5348,-7290,-2062,1604,25,-3504
5470,1276,-10378,-1357,1421,-421,-3536
-9842,-4664,22166,2180,-2105,34,-3504
7176,6000,440,-3347,-187,-490,-3488
-872,-14304,19720,3717,-1033,-629,-3520
3642,840,-8512,-3444,2207,-386,-3520
4874,6208,-172,3046,-1774,303,-3520
-816,610,31978,814,-587,29,-3488
8464,860,-17306,-3405,4462,-210,-3520
-1924,682,4164,2876,-2182,363,-3488
-2652,2532,30552,-47,-942,-69,-3520
5622,-1362,-12422,-1832,3040,-458,-3504
-7688,-2050,9264,2719,-2429,108,-3552
7534,-6506,256,-3411,1413,-896,-3504
52,10054,5500,2713,-1833,-422,-3536
2458,-5852,4468,-613,879,-202,-3504
6540,9520,-8624,-1317,1051,364,-3536
3864,5252,15698,1715,-1645,-97,-3472
-8064,-12040,32767,-776,2067,108,-3504
3280,5718,-11854,-991,975,222,-3536
-212,4770,19184,234,-1505,-191,-3536
-7424,-8514,24826,99,548,-296,-3504
1310,13790,3318,593,-1443,-76,-3520
7224,-13414,1118,-516,1761,-917,-3520
2000,10530,-2824,-819,-641,-299,-3488
-4664,-5138,31598,2973,-1830,68,-3520
2206,-2496,10254,-2490,2166,176,-3488
7848,7788,-32,-1333,863,-269,-3520
-12256,-6844,32767,2504,-2301,295,-3488
-76,2102,6624,-2025,1897,38,-3488
4364,3832,310,-1439,745,-414,-3504
-11794,-6724,32622,2197,-2277,-8,-3520
3550,14306,8232,-3295,-148,-562,-3504
-2822,-7592,20062,3288,-814,-610,-3504
3034,-3378,-1980,-2670,1889,-263,-3504
6556,10070,-7088,1929,-1214,410,-3536
2150,-2880,21572,999,-694,-137,-3536
3406,-6670,-8874,-1978,3532,28,-3552
2018,3660,-7492,1672,-1193,327,-3504
970,3270,17186,-388,-916,-136,-3504
1468,-6394,-1204,-256,1567,-331,-3536
-312,12342,9084,859,-1523,-99,-3504
8648,-11808,-5918,-1017,2635,-938,-3536
948,10258,-114,-331,-1130,-214,-3504
-5000,-6690,32767,3225,-2186,96,-3504
2714,-1886,5400,-3097,2692,122,-3488
5704,5898,5868,-436,127,-146,-3520
-11244,-7688,32767,1982,-1868,230,-3520
840,4360,3310,-2131,1888,-31,-3520
4312,-3442,-9254,-958,833,-393,-3488
-6018,-2072,7126,1568,-1896,114,-3520
3768,16170,8980,-3451,-387,-550,-3504
-4702,-9572,26468,3824,-1288,-553,-3504
4074,-2754,-5266,-3372,2440,-308,-3536
7470,10306,-9740,2356,-1366,400,-3536
970,-4800,23512,1321,-1035,-57,-3536
5392,-5038,-13208,-2780,4280,-54,-3504
2194,4074,-8664,1968,-1425,320,-3536
-788,1838,21882,-228,-958,-167,-3504
-5854,-6298,18062,123,314,-211,-3520
850,13828,5618,465,-1765,-159,-3520
7978,-13588,-2910,-551,2281,-924,-3536
2448,11890,-4748,-1703,-242,-263,-3520
-4658,-5526,32767,3249,-2070,74,-3504
952,-3148,9144,-2550,2362,159,-3472
7008,7604,2192,-1291,820,-214,-3536
-11306,-8438,32767,2653,-2342,231,-3504
-298,2730,3208,-2225,1957,19,-3536
6066,-332,-12442,-1218,934,-371,-3536
-10228,-7318,30348,2023,-1884,5,-3504
4310,15196,4520,-3199,-369,-450,-3504
-4304,-8646,24192,3595,-746,-611,-3504
3778,-3808,-2836,-3412,1947,-373,-3520
-2548,-1034,23666,3610,-2219,299,-3488
240,-3952,24664,765,-530,-26,-3504
5922,-5524,-12946,-3334,4601,-144,-3552
2092,3850,-8842,2639,-1884,377,-3520
-1326,3536,25158,137,-1166,-82,-3520
4540,-4922,-8318,-1508,2893,-453,-3520
-5138,1760,-516,2197,-2084,62,-3520
7258,-10210,1042,-2867,1343,-871,-3488
1092,10518,1708,2113,-1678,-325,-3520
1982,-7642,9550,-137,501,-135,-3488
5434,9350,-10404,-2066,1588,269,-3504
6120,6572,6150,887,-984,-212,-3504
-10850,-8318,32767,373,481,207,-3504
3486,6632,-13926,-1607,1578,118,-3536
3040,4100,6492,-280,-933,-299,-3520
-10356,-7782,30548,938,-387,-249,-3520
2774,14484,6972,-810,-1012,-179,-3536
-1292,-11032,18280,1283,1234,-780,-3552
2316,9462,-6888,-2585,981,-371,-3536
-3566,-2886,27990,4136,-2663,225,-3488
2334,-2958,17106,-1446,1501,17,-3520
5518,-4898,-13506,-2669,2956,-261,-3488
-11296,-5052,32767,3309,-3041,348,-3520
-606,2442,16428,-1129,395,-68,-3520
4156,-5928,-7202,-1687,2694,-467,-3488
-10636,-3620,25988,1904,-2170,99,-3504
5202,13656,8856,-3377,-247,-643,-3488
-5760,-4098,27070,3506,-1232,-544,-3520
3074,-5564,2594,-2886,2135,-252,-3504
560,1426,15904,2365,-1369,421,-3504
1288,-2700,27866,931,-654,-164,-3536
1984,-9516,-3732,-2320,3867,-1,-3536
2978,6424,-12462,1625,-1287,314,-3536
-862,3328,23804,-386,-920,-155,-3536
-148,-6814,2852,-308,1677,-315,-3504
-3542,3240,1552,1870,-1687,-3,-3504
8234,-17512,-2642,-2614,2235,-1040,-3504
-6120,5100,23928,1679,-2058,-222,-3504
-106,-8730,22374,2152,-1342,37,-3504
4060,7354,-10712,-2874,2591,117,-3552
8706,7076,-7666,-1358,995,-215,-3504
-11150,-5142,32767,2669,-2542,264,-3536
-62,3022,13276,-2102,1790,-37,-3504
4118,-54,-3076,-928,1177,-400,-3504
-9420,-4428,24478,1544,-1815,72,-3520
6190,13608,4742,-3421,-414,-549,-3488
-7542,-2600,30784,3875,-1192,-550,-3520
3482,6550,-14532,-3444,2350,-345,-3504
978,2140,13310,2619,-1495,372,-3520
-1456,-4060,32767,1411,-1123,-11,-3520
3522,-9708,-5156,-3396,4484,-170,-3536
-7208,-2170,22530,2847,-2160,338,-3504
-1428,1966,25772,-502,-717,-102,-3504
1492,-5296,-80,-1206,2439,-381,-3536
-4366,4572,1186,2373,-2123,36,-3536
7486,2872,-1560,-3213,1825,-927,-3472
-4502,5876,19838,2501,-2157,-285,-3504
-288,-9160,22904,-299,727,-118,-3536
3642,6106,-8632,-1916,1502,326,-3536
-680,1478,29748,1740,-1728,-122,-3504
-2458,-13010,16426,-894,2353,67,-3520
2296,7292,-13824,-802,899,232,-3488
4958,3052,-3680,351,-1465,-205,-3552
-3034,-8688,12964,210,528,-279,-3488
-1656,10336,830,234,-1434,-101,-3520
4144,-17546,10002,170,1641,-881,-3520
800,10284,4126,-1073,-455,-279,-3504
-4098,-7642,32516,3651,-2361,117,-3488
1758,-166,1226,-2129,2066,178,-3520
10030,5568,-16944,-1959,1446,-262,-3520
-9410,-11138,32767,2650,-2402,263,-3504
514,4552,-4464,-2176,1833,27,-3504
6516,1454,-13276,-1494,1099,-455,-3504
-9808,-3600,20036,2155,-2167,2,-3504
1792,13832,4250,-2885,-383,-399,-3536
398,-13812,15436,3520,-929,-613,-3504
2798,690,-7638,-3005,2046,-343,-3536
4452,6656,1616,2508,-1553,406,-3536
210,1140,30730,984,-657,-58,-3504
7632,-882,-16352,-2941,4343,-121,-3504
-1580,1094,2930,2229,-1670,375,-3504
-1980,3850,29212,120,-1266,-73,-3536
-2548,-9276,10988,-1182,2731,-393,-3504
-6314,-1272,5100,1969,-1863,61,-3504
7686,-4022,822,-2679,1338,-955,-3504
-1890,8554,12080,1987,-1664,-342,-3472
-2938,-7868,27922,27,438,-26,-3536
6574,10178,-8764,-1918,1348,315,-3504
3248,3724,18660,936,-945,-245,-3536
-8602,-10540,32436,-159,1182,179,-3488
1002,6586,-5654,-997,1065,135,-3488
904,3166,15870,-478,-597,-289,-3488
-8176,-6372,23950,827,-551,-203,-3520
460,13660,9674,255,-1520,-155,-3520
1670,-15830,12724,12,2491,-908,-3520
976,9832,-2314,-1227,-512,-176,-3520
-5032,-5782,32767,4514,-2933,177,-3504
3350,-3018,8480,-1299,1481,-34,-3504
6694,726,-17328,-2837,3190,-168,-3472
-1958,614,6082,3373,-3012,345,-3504
1092,4570,5468,-1644,654,-102,-3536
3736,-4246,-7296,-886,2076,-392,-3504
-5426,-1894,5068,1595,-1698,79,-3504
8344,-2544,-4762,-3721,377,-754,-3536
-6032,-7452,28648,3900,-2170,-430,-3504
4394,-4160,-3432,-2603,2311,-237,-3504
7926,11084,-12192,1153,-611,363,-3520
988,3004,23016,1873,-1563,-116,-3488
4184,-6390,-10958,-2286,3946,31,-3520
2444,4432,-10088,1228,-731,304,-3520
26,952,19200,-31,-1104,-230,-3520
-6904,-6450,20216,-418,1395,-294,-3520
-5080,2168,2922,1757,-1970,-44,-3488
7462,-15912,-1754,-1692,2463,-923,-3520
3372,11062,-8442,-443,-962,-301,-3536
-4156,-4448,31804,2905,-1939,48,-3504
4468,8592,-10822,-2700,2474,172,-3536
8088,7584,-2768,-1282,899,-162,-3520
-11594,-6836,32767,2458,-2293,234,-3488
-362,2088,8840,-2070,1636,28,-3520
5036,-1898,-10102,-1255,1129,-417,-3552
-10406,-5864,28640,1829,-1830,49,-3488
5196,14668,4668,-3172,-431,-469,-3488
-5902,-6458,27178,3547,-851,-632,-3520
3696,-5796,692,-3451,2228,-416,-3520
-1192,372,18546,3215,-1918,305,-3520
-412,-3624,27694,653,-459,4,-3520
5538,-6968,-10854,-3538,4458,-236,-3520
-9726,-3608,31120,3285,-2609,352,-3504
-1764,822,22752,-439,-490,-46,-3504
4132,-5108,-6946,-1944,3089,-459,-3504
-5480,2766,40,2819,-2486,131,-3536
6762,6876,1404,-3627,1310,-875,-3536
-4218,2340,20124,2960,-1874,-426,-3504
628,-8196,16138,-980,1132,-209,-3504
4672,8136,-9152,-1070,715,409,-3504
-232,752,31050,1801,-1699,-89,-3536
-786,-12850,9208,-1026,2394,68,-3504
3290,7572,-14684,-758,796,255,-3504
3588,4788,2162,384,-1728,-150,-3520
-980,-8758,7644,-287,1185,-323,-3520
-2494,8060,-2028,727,-1427,-55,-3520
6094,-16876,3778,-889,1812,-969,-3520
2524,7896,-8790,-356,-889,-287,-3488
-2078,-7892,25562,2487,-1469,38,-3520
2916,4650,-4840,-2485,2070,218,-3520
9254,6886,-10894,-944,567,-243,-3520
-6634,-12284,27432,1741,-1279,268,-3504
1512,6034,-9582,-2060,1962,1,-3504
5970,1752,-9658,-1246,419,-367,-3504
-10704,-4250,24880,1918,-1873,-62,-3536
4,11718,3708,-2007,-733,-319,-3504
3760,-16478,7950,2553,560,-740,-3488
2176,4018,-9834,-2790,1334,-297,-3488
2500,3768,9562,3866,-2405,318,-3520
744,-1320,29366,-469,652,-56,-3520
7424,1716,-14876,-2811,3668,-192,-3520
-4364,-1256,13890,3017,-2532,372,-3520
-586,4040,25018,-975,-177,-134,-3488
4612,-3226,-8414,-1077,2387,-384,-3504
-6240,-1908,8112,1687,-1736,105,-3504
8010,2450,-1794,-3622,403,-776,-3504
-4520,5580,22152,3718,-2010,-438,-3504
3752,-1702,-7634,-2333,1987,-164,-3536
7112,10234,-7860,-38,-25,393,-3504
-108,1748,29510,1944,-1620,-177,-3504
-5018,-11720,22686,-1647,3199,80,-3504
1508,3384,-6266,260,13,274,-3536
-620,1820,22518,-141,-1018,-259,-3504
-6104,-5914,17200,-76,993,-224,-3488
-204,12728,7284,1595,-1883,-79,-3488
8704,-12188,-5512,-1648,2663,-989,-3488
1576,11422,-2048,179,-1474,-237,-3520
-4922,-6208,32767,2362,-1539,71,-3488
1578,-2064,5278,-2926,2709,162,-3536
5628,6146,6842,-151,-185,-149,-3520
-10980,-8872,32767,1838,-1591,203,-3520
358,4272,742,-2274,2060,22,-3552
5058,-692,-10638,-720,296,-349,-3520
-9726,-6392,28008,1437,-1503,-69,-3520
4630,15652,4252,-2764,-632,-398,-3520
-4410,-8698,25702,3225,-310,-649,-3520
3392,9548,-11516,-3202,1615,-356,-3472
-2272,-1378,22954,3562,-2071,284,-3520
56,-4200,23672,-294,417,62,-3536
6118,-5268,-12476,-3297,3784,-253,-3504
-10452,-4162,32767,3323,-2720,316,-3504
-1216,1536,18284,-823,-23,-11,-3504
4278,-4224,-6796,-1668,2640,-433,-3504
-5728,616,1508,2432,-2142,68,-3504
7656,-12062,-1194,-3080,1606,-928,-3520
1964,11866,-1250,2230,-2075,-308,-3488
2300,-8086,11036,-23,606,-126,-3488
5892,9262,-11920,-2069,1572,323,-3488
6572,7846,4570,1574,-1594,-142,-3520
1674,-12214,1740,-660,2077,120,-3504
3736,7152,-16048,-1505,1492,222,-3520
2696,4122,7866,-798,-133,-349,-3536
-10518,-8750,31846,1711,-1460,-152,-3504
3194,14128,4356,-2105,-619,-314,-3504
-1922,-9642,19090,2275,477,-708,-3536
2708,9186,-6942,-2712,1158,-382,-3536
-2830,-2672,24972,3863,-2367,257,-3536
810,-3322,18864,-624,785,45,-3504
6356,-4262,-13478,-2829,2954,-240,-3520
-11246,-5332,32767,3471,-2994,334,-3520
-682,1292,15044,-1184,514,-33,-3552
4826,-4598,-9734,-2089,2607,-483,-3520
-5610,638,1214,2594,-2436,130,-3488
5450,12052,5926,-3523,245,-676,-3520
-4630,-3220,23702,3503,-1276,-545,-3552
2528,-6188,5076,-2523,1947,-290,-3520
812,1848,13346,1785,-1159,414,-3536
706,-2024,27838,1459,-1150,-134,-3520
2258,-10158,-3032,-2466,4069,-82,-3472
3354,6602,-13214,1615,-1180,292,-3504
-1314,3142,26392,23,-1336,-147,-3504
746,-7946,1668,-674,2144,-322,-3504
-3468,3066,-1774,1755,-1623,20,-3472
8374,-15880,-2496,-2655,1754,-1003,-3504
-5608,3624,24642,1850,-1928,-285,-3504
96,-9068,18488,471,127,-8,-3504
4684,9080,-11648,-2411,1762,231,-3504
7580,6420,-3192,1271,-1202,-224,-3520
-3318,-12046,15652,126,599,207,-3488
2686,7496,-13006,-1404,1509,133,-3520
4234,544,-2420,-512,-492,-313,-3488
-10076,-4432,26452,937,-755,-149,-3488
-1518,9542,4474,-893,-1366,-233,-3472
5068,-19330,5152,1439,1572,-760,-3504
2572,7052,-13580,-2359,535,-256,-3504
342,1132,16834,4337,-2760,176,-3504
2716,1924,-1816,-1660,1695,-10,-3536
8918,5636,-15692,-2699,2729,-197,-3504
-7220,-2166,23742,3135,-2929,307,-3488
-1272,2660,24032,-1792,1123,-70,-3552
4784,-1274,-8578,-1087,1851,-387,-3488
-7882,-4086,15948,1936,-1944,63,-3488
7804,4232,-1662,-3874,173,-664,-3552
-5866,5274,23130,4171,-1938,-510,-3552
3982,-352,-9252,-2958,2486,-305,-3520
6714,8148,-5152,1151,-638,410,-3520
-1216,1096,32090,2072,-1772,-43,-3488
7566,-1268,-17652,-3078,4631,-93,-3504
-226,1750,-1870,1935,-1321,313,-3504
-2230,2794,28894,180,-1437,-111,-3504
-3428,-7834,13844,-936,2284,-333,-3504
-5880,-268,3488,1872,-1817,-1,-3504
7468,-7754,-1266,-2450,1829,-943,-3504
-28,9800,6580,1561,-1793,-293,-3504
-3320,-7902,31746,591,11,-64,-3504
6312,10594,-10712,-2417,1830,328,-3472
3400,5580,15310,1377,-1459,-138,-3488
-8594,-10652,32767,-194,1233,131,-3488
978,5398,-5502,-1424,1378,153,-3520
646,3436,16362,-75,-1009,-248,-3520
-8254,-7986,25182,681,-230,-245,-3520
2168,14568,3908,-659,-1256,-176,-3520
7024,-15512,1704,483,1558,-872,-3504
3236,11148,-7458,-2335,489,-309,-3520
-4010,-3694,29326,3999,-2506,120,-3488
658,-3564,14874,-2055,2016,143,-3504
8254,8250,-3746,-2235,1728,-245,-3504
-12102,-6958,32767,3209,-2912,283,-3504
-814,1534,10260,-1918,1391,-36,-3504
5884,-2108,-12356,-1886,2165,-481,-3488
-6646,-1460,5728,2465,-2428,54,-3520
4610,14530,6072,-3731,-1,-537,-3520
-4136,-6110,23958,3745,-1190,-570,-3520
2830,-5300,1144,-2994,2185,-311,-3520
-1312,208,18772,2631,-1641,379,-3536
934,-2848,26246,993,-724,-64,-3504
3986,-8238,-8256,-2900,4345,-146,-3536
2938,5644,-11846,2259,-1744,337,-3536
-1356,1928,23704,84,-1195,-89,-3504
2624,-6854,-3778,-1292,2713,-381,-3504
-4026,2250,-2368,2021,-1815,108,-3504
7958,-12044,-806,-2776,1271,-970,-3504
-5834,992,24732,2276,-1784,-327,-3504
1882,-7610,11060,-416,744,-85,-3504
4916,9878,-10834,-1136,671,389,-3520
6730,6310,3326,1478,-1291,-234,-3520
-910,-12174,7132,-461,1725,154,-3520
3086,7574,-13898,-909,968,196,-3552
3342,1936,2948,-315,-905,-274,-3552
-10572,-5274,28754,749,-265,-168,-3552
-2532,5540,1516,393,-1421,-173,-3488
7414,-18276,-1116,-326,2469,-957,-3520
2156,8786,-10736,-883,-817,-177,-3520
-1946,-8604,27220,3042,-2008,66,-3504
3654,5458,-7976,-2832,2615,91,-3536
8350,6454,-11512,-1088,824,-214,-3504
-9780,-3882,32767,2384,-2377,343,-3536
1814,6572,-9272,-2079,1802,-30,-3568
4770,-1306,-7102,-968,1166,-436,-3536
-8748,-3352,19522,1518,-1843,-1,-3536
6768,11466,3448,-2743,-796,-456,-3504
2052,-17346,11508,3307,-309,-572,-3536
3618,4058,-13870,-3395,2143,-331,-3536
3396,4508,5366,3889,-2382,285,-3488
-1160,-2034,32767,-2,254,2,-3520
8150,2746,-18284,-3115,4298,-188,-3504
-3950,-472,11432,2452,-1820,346,-3488
2734,1256,5434,148,-1235,-225,-3488
-1400,-6846,6584,134,586,-233,-3504
-2868,6706,2180,861,-1700,-82,-3504
6260,-18972,3806,-505,2229,-914,-3504
3366,9480,-12802,-973,-677,-303,-3504
-2590,-8686,30262,3331,-2183,96,-3504
2528,3952,-5612,-2801,2527,188,-3520
9454,7248,-12840,-669,262,-178,-3552
-10124,-4592,32767,2111,-1877,219,-3520
1490,6624,-9468,-2202,1922,-18,-3488
4970,1322,-7546,-879,568,-394,-3552
-9858,-4970,24300,1549,-1641,-26,-3520
722,13822,4050,-2438,-818,-379,-3504
616,-16230,16778,3364,-524,-623,-3520
3636,2974,-11074,-3339,2098,-356,-3520
3804,4858,3458,3508,-2078,275,-3520
1292,-2744,8422,-176,366,55,-3504
9010,2594,-18128,-3444,3944,-254,-3536
-3670,-106,9376,3370,-2724,333,-3536
-2830,2404,30560,-665,-270,-41,-3504
6046,-646,-12784,-1779,2909,-425,-3504
-7972,-3132,12036,2689,-2414,69,-3472
7434,-2908,192,-3616,1070,-825,-3536
-1604,8448,11396,3267,-1942,-423,-3504
3318,-3764,-900,-1397,1495,-212,-3504
6332,8922,-6946,-636,440,389,-3536
2410,3862,21536,1710,-1601,-131,-3488
-6212,-12868,27852,-1299,2905,40,-3536
2100,3986,-8586,-234,334,249,-3504
-856,4464,23562,428,-1615,-195,-3504
-5952,-9316,21116,-104,1042,-318,-3504
262,12414,1950,584,-1445,-43,-3536
7640,-11558,882,-459,1761,-942,-3504
1122,9492,1254,-623,-596,-246,-3504
-4306,-6166,30650,2800,-1716,84,-3504
2204,-1198,6132,-2299,2021,169,-3568
6362,6780,5272,-1294,868,-247,-3536
-11142,-8036,32767,2408,-2174,289,-3504
198,3060,2442,-1938,1744,-28,-3504
6054,-2360,-12478,-1592,1163,-461,-3504
-10788,-6866,30824,2078,-2125,1,-3504
7088,2430,2204,-3278,-135,-645,-3536
-1510,-11162,17892,3493,-1134,-570,-3504
3368,-1498,-6756,-2891,2085,-280,-3488
6222,8864,-4702,2286,-1429,448,-3488
934,1860,27306,951,-673,-150,-3520
5030,-4398,-13112,-2437,4049,-56,-3488
1008,2610,-4150,1773,-1390,348,-3520
-226,4058,22224,-308,-1074,-171,-3488
-6270,-7460,19416,-371,1877,-338,-3520
-1066,10248,6110,438,-1407,-150,-3472
4840,-18382,6346,-443,2443,-937,-3504
-158,9264,5430,-810,-760,-261,-3504
-4898,-7498,32767,3626,-2464,123,-3504
3264,346,530,-2946,2673,69,-3520
7722,3238,-16032,-929,608,-219,-3552
-10380,-8426,32767,2233,-2238,293,-3488
1332,5180,-616,-2079,1689,-60,-3520
4094,-2716,-7312,-728,1036,-414,-3552
-6736,-2930,11322,1284,-1649,39,-3520
3458,16674,8374,-2882,-810,-430,-3520
-4368,-11498,26512,3483,-722,-604,-3520
4178,-1864,-7458,-3597,2409,-353,-3520
-3346,-2172,28772,3945,-2392,284,-3504
980,-4868,21428,128,53,27,-3536
6256,-3634,-15460,-3314,4252,-201,-3504
1536,3116,-6752,3093,-2425,314,-3504
-356,2222,15798,-707,-436,-71,-3504
3444,-4044,-6442,-1171,2506,-392,-3536
-5234,72,2648,2298,-2066,96,-3504
8034,-11898,-2620,-3492,1493,-909,-3504
-7012,-764,27516,3048,-2290,-360,-3504
2968,-7732,9122,-925,1255,-157,-3536
5888,10130,-12420,-1886,1417,340,-3520
5836,6670,6656,1612,-1578,-114,-3520
-10854,-8926,32767,-288,1378,149,-3520
3438,6968,-14896,-1272,1320,164,-3520
1956,1950,8830,65,-982,-239,-3488
-9280,-6872,27684,509,-174,-217,-3488
-3814,6468,1130,195,-1590,-150,-3536
6470,-17998,3322,980,1562,-808,-3520
3380,9642,-11344,-2284,331,-304,-3520
-2444,-1844,24600,4202,-2657,141,-3504
-144,-4556,23620,-1361,1429,79,-3504
9710,8652,-11520,-2979,2744,-248,-3536
-11216,-4850,32767,3562,-3141,294,-3472
-952,854,16890,-1627,979,-8,-3504
4894,-3600,-9220,-1800,2257,-440,-3536
-10912,-5894,28174,2400,-2309,53,-3520
5638,10436,3920,-3584,132,-577,-3520
-5092,-1422,24290,3780,-1294,-570,-3520
2434,-7242,8208,-2647,2130,-341,-3536
1696,3460,9300,1247,-816,412,-3504
-354,-1712,30736,1737,-1378,-91,-3504
2214,-11396,-1392,-2611,4333,-60,-3536
3532,6844,-14492,1622,-1083,333,-3504
-1870,2132,28614,468,-1604,-153,-3504
1166,-8600,872,-1217,2683,-379,-3520
-3348,5194,-3636,1834,-1824,73,-3488
7312,-15348,1862,-2491,1320,-945,-3520
-3184,4868,19026,1613,-1482,-326,-3520
-862,-8018,19712,279,100,-41,-3488
3762,7418,-7880,-1966,1381,316,-3520
1218,2182,26764,942,-1005,-222,-3504
-4326,-11864,18128,377,331,197,-3520
2266,6990,-10724,-1477,1409,110,-3488
4488,1758,-4192,-555,-597,-302,-3504
-5048,-8054,16260,907,-491,-157,-3504
-1168,9554,3920,-225,-1361,-174,-3504
5140,-18432,5680,375,1998,-911,-3504
2378,6392,-12780,-1674,-112,-261,-3504
-4368,-7550,32767,3997,-2734,173,-3472
2836,1652,-1256,-2324,2247,48,-3504
8852,4418,-15966,-2461,2449,-251,-3488
-6592,-1776,21008,3354,-3025,338,-3536
-1456,3204,25654,-1488,566,-53,-3536
5180,-2010,-10186,-1319,2343,-415,-3504
-7570,-3254,14214,1911,-1971,64,-3504
7830,5330,416,-3727,169,-726,-3504
-6102,4462,24842,3795,-1770,-479,-3504
3324,626,-9386,-2674,2265,-209,-3504
6046,7748,-2628,859,-485,433,-3504
-890,-8,32216,1873,-1552,-152,-3504
-2556,-12388,15350,-2094,3732,34,-3536
-140,1740,-250,1447,-963,321,-3520
-1242,2940,25864,-243,-1027,-200,-3520
-3906,-6152,13438,-484,1556,-321,-3520
-1656,10242,5594,1850,-1812,-18,-3520
8494,-8168,-5218,-2322,2441,-966,-3520
-340,9736,5834,1098,-1814,-206,-3520
-3896,-7602,32767,1349,-636,-66,-3520
7154,11220,-13058,-2638,2100,259,-3504
3502,5550,14154,537,-791,-130,-3520
-9146,-10072,32767,497,207,159,-3504
726,4722,-4522,-1790,1845,94,-3504
894,2538,14264,-400,-494,-324,-3504
-8476,-6834,26134,1082,-890,-137,-3504
2166,14840,6380,-1106,-1148,-248,-3504
-1490,-13394,19542,1600,1217,-737,-3536
3066,11278,-7708,-2662,694,-361,-3536
-3914,-4210,31126,4255,-2624,166,-3536
856,-4266,14666,-1468,1526,87,-3504
7752,-42,-17514,-2455,2166,-223,-3520
-11766,-6836,32767,3330,-2971,241,-3520
10,2336,8518,-1981,1219,-40,-3520
4940,-1558,-10040,-1445,1763,-426,-3552
-7038,-1274,7702,2248,-2182,86,-3520
5832,13998,2778,-3968,356,-652,-3488
-5838,-4738,26836,4055,-1752,-529,-3488
3244,-6150,4190,-2962,2312,-345,-3520
6600,10424,-10144,801,-443,386,-3504
3390,6156,16488,1970,-1908,-85,-3520
-8166,-11266,32767,-1384,2801,63,-3520
2874,5644,-12942,-585,576,252,-3520
24,3588,18754,666,-1774,-172,-3520
-7400,-8994,24066,-304,1227,-336,-3520
-5024,3578,-422,1110,-1797,-48,-3504
7034,-14804,3276,-246,1560,-900,-3520
2866,11204,-5962,-855,-522,-317,-3536
-4212,-3824,28994,2861,-1760,96,-3536
4566,7250,-8926,-2339,2065,236,-3504
8868,8264,-3248,-1167,665,-266,-3536
-12376,-6926,32767,2423,-2109,280,-3504
-926,1348,9366,-2128,1908,48,-3536
4606,4924,-1574,-1604,837,-436,-3536
-11952,-7058,32767,2317,-2265,-56,-3536
3952,13670,8462,-2422,-575,-323,-3504
-2280,-8152,18560,1961,964,-773,-3520
1396,7920,-6532,-2413,804,-278,-3488
-2126,-1256,24658,3916,-2414,289,-3520
2356,-2476,20568,-956,1125,3,-3488
3642,-6574,-9134,-2735,3243,-208,-3520
-9326,-4064,30480,3194,-2717,344,-3488
-130,3034,17874,-1133,283,-87,-3520
1986,-6408,-2648,-1217,2326,-435,-3488
-9126,-4010,19804,1883,-1878,81,-3536
6616,11038,4142,-3514,5,-688,-3504
-6912,-276,29624,3732,-1609,-483,-3504
2668,-7672,9034,-2675,2337,-245,-3504
3258,4338,6834,971,-655,436,-3504
-430,-1608,32767,1732,-1367,-196,-3504
-22,-11704,4256,-1933,3677,58,-3504
3328,7258,-14508,845,-510,262,-3504
-1440,3682,27142,-235,-1085,-190,-3536
-2286,-6916,8926,7,1012,-289,-3536
-2840,4472,2604,1444,-1472,-72,-3504
7500,-18480,-1780,-2089,2414,-960,-3504
-4292,6994,20634,995,-1887,-213,-3536
-1700,-9034,27658,1612,-841,35,-3504
3272,5918,-9034,-3035,2483,153,-3536
8710,6712,-10964,311,-562,-130,-3504
-5434,-11678,24996,757,-275,188,-3520
2440,7432,-11180,-1948,1872,19,-3488
4302,296,-6006,-453,-229,-359,-3488
-9374,-4312,23228,1088,-1050,-98,-3488
444,12794,5038,-1523,-1086,-269,-3520
1376,-17316,14284,2101,712,-700,-3520
3500,4000,-12204,-3404,2323,-396,-3520
3500,4380,5514,2907,-1608,343,-3520
-1424,-1368,32767,420,-267,-3,-3504
8734,3406,-17276,-3223,4190,-181,-3536
-4346,-822,12590,2739,-2144,340,-3536
-2074,2302,27826,-479,-709,-72,-3504
-184,-6402,4456,-1319,2559,-379,-3568
-7806,-3664,12582,2549,-2133,61,-3504
7984,-2056,-3394,-3555,1776,-939,-3504
-2412,8696,12464,2776,-2354,-322,-3504
-2442,-9072,29904,-1067,1349,-202,-3520
7174,9630,-9736,-1312,973,365,-3488
1110,3506,24928,2231,-2103,-108,-3520
-5538,-12954,27934,-1079,2556,31,-3488
1564,6354,-11434,-887,875,269,-3520
-1532,3406,26090,524,-1719,-165,-3520
-5374,-8930,19288,-127,832,-313,-3520
676,13462,664,260,-1417,-90,-3520
7234,-12256,1498,-477,1768,-935,-3504
1828,11136,-1166,-916,-545,-272,-3536
-4158,-6018,31138,2885,-1679,86,-3536
1212,-1974,6902,-2418,2069,181,-3504
6616,7492,4948,-1246,675,-258,-3536
-11068,-9402,32767,2445,-2112,263,-3504
-138,2902,626,-2213,1962,27,-3504
6708,-72,-13984,-1426,777,-435,-3536
-10238,-7858,31644,2117,-2022,-55,-3504
3130,14564,5408,-2784,-414,-339,-3536
-1386,-10514,17998,2745,44,-679,-3504
3142,-2392,-4572,-2815,1349,-306,-3520
-3442,-2714,26474,3723,-2353,266,-3520
1626,-2816,18782,-268,483,-16,-3488
5636,-4766,-12792,-3154,4114,-207,-3472
1258,3130,-5344,2888,-2432,361,-3504
-604,2186,16720,-376,-671,-58,-3536
4302,-5990,-7654,-1679,2910,-461,-3488
-4578,762,-1206,2080,-1954,151,-3520
7782,-7776,-1202,-3315,404,-769,-3520
-5336,-2942,25628,3229,-1643,-464,-3520
2906,-5754,3942,-1955,1730,-168,-3520
6354,11530,-11240,-127,12,430,-3520
1028,-2168,28242,1459,-1245,-189,-3536
1590,-10238,-2562,-1354,2824,81,-3488
3034,5978,-12364,196,26,255,-3552
2436,2272,9596,-288,-1037,-211,-3504
-506,-7342,4290,285,852,-263,-3504
1480,14806,11088,174,-1520,-186,-3504
8880,-15888,-5232,69,2451,-900,-3536
1912,10508,-7570,-1446,-371,-247,-3504
-4916,-4276,32767,4140,-2898,151,-3504
3130,-4056,13258,-2882,2805,49,-3520
7638,6122,-3572,-1324,1066,-201,-3520
-11620,-5680,32767,2729,-2671,301,-3520
988,3728,10500,-2134,1616,-72,-3520
3162,-4508,-5548,-832,1384,-400,-3488
-5410,-1416,4368,1849,-1844,73,-3520
6248,14298,4210,-3892,437,-752,-3504
-7428,-2982,31288,3997,-2187,-419,-3536
3246,-6428,5280,-2658,2300,-241,-3536
7174,11398,-13908,406,-153,401,-3504
-1048,-3560,32767,2051,-1905,-115,-3536
3012,-9932,-4146,-2114,3750,4,-3504
3390,6662,-14454,699,-361,276,-3536
1250,1788,12434,73,-1227,-205,-3536
712,-5724,1700,-257,1202,-278,-3536
-3694,4120,1470,1031,-1826,-95,-3520
7318,-17814,338,-827,2439,-958,-3488
3214,10854,-10458,-590,-966,-238,-3520
-94,-8988,23424,2318,-1392,34,-3536
3314,6266,-9088,-2625,2472,135,-3520
9262,8250,-8796,-994,499,-172,-3520
-11674,-5454,32767,1862,-1553,230,-3504
1936,7528,-13060,-2279,2064,20,-3536
4518,2102,-3674,-827,284,-379,-3504
-10360,-6582,28200,1589,-1551,-67,-3504
6218,11672,1942,-2825,-515,-355,-3536
2560,-16566,13080,3108,-382,-661,-3536
3446,5298,-11298,-3305,1922,-375,-3536
1838,3124,9220,3504,-2079,297,-3536
-1256,-2114,32138,389,-181,19,-3536
9744,4910,-17664,-3516,3972,-282,-3488
-6792,-1626,19370,3605,-2934,350,-3520
-2384,1666,29172,-712,-101,2,-3488
1994,-7290,-460,-2081,2991,-473,-3520
-9108,-3902,16946,2663,-2468,107,-3520
6708,1936,1796,-3750,924,-762,-3552
-2780,6002,16684,3316,-1879,-441,-3520
3386,-1892,-5002,-2087,1883,-293,-3504
5638,8312,-3700,-353,172,400,-3520
968,2998,27700,1922,-1694,-115,-3488
-3600,-12812,18472,-2042,3792,-11,-3504
102,2168,-2974,459,-313,361,-3504
-1998,3990,28526,566,-1784,-144,-3504
-4102,-9764,15638,-620,1773,-387,-3504
-880,10540,-268,1249,-1544,22,-3504
7512,-6464,1440,-1469,1734,-961,-3536
-94,9558,7004,203,-1138,-262,-3536
-4200,-7664,30374,2064,-1167,23,-3472
2800,1010,-224,-2524,2036,201,-3536
4650,5606,13920,43,-303,-223,-3488
-10014,-9402,32767,1381,-902,275,-3520
762,4320,-2168,-1740,1355,-25,-3520
5880,-1128,-11674,-1715,1848,-446,-3488
-8130,-2856,14556,2026,-2258,144,-3504
7344,6144,2750,-3352,-411,-553,-3504
250,-13788,15664,3266,-425,-635,-3488
2926,706,-9042,-3015,2028,-301,-3488
5136,7154,-154,3100,-1860,386,-3488
304,444,30442,506,-243,-128,-3520
5758,-1940,-14726,-2698,3955,-92,-3520
-146,1526,172,870,-557,270,-3504
-614,3768,24084,-389,-960,-204,-3520
-4384,-6770,14430,92,1066,-273,-3504
-1780,8694,6074,1397,-1576,-84,-3568
8594,-5446,-5450,-2204,2458,-1006,-3504
-1926,8768,10934,1083,-1916,-171,-3504
-3672,-8230,32767,1490,-733,3,-3536
2872,2400,-3500,-2975,2392,144,-3536
2528,3900,18360,301,-469,-172,-3504
-8934,-10438,32767,1377,-1056,245,-3504
1548,6018,-5850,-2003,1997,30,-3504
4698,-1030,-8146,-461,-167,-357,-3520
-8428,-6302,24312,1132,-1110,-92,-3552
2586,15506,5986,-1760,-1114,-311,-3488
-2204,-12822,21668,2330,694,-717,-3520
3672,-876,-7776,-2936,1363,-343,-3488
-3322,-3240,29082,4134,-2540,195,-3520
764,-4138,18162,-643,782,18,-3520
6822,-2090,-15786,-3168,3538,-208,-3520
-11240,-5900,32767,3432,-2964,301,-3504
-98,2650,12000,-1142,183,-88,-3488
4232,-3208,-7630,-1396,2292,-452,-3504
-6022,-888,4056,2167,-2053,97,-3536
5762,13334,4358,-3931,487,-746,-3536
-6906,-3842,28910,4012,-2053,-475,-3504
3572,-6362,4052,-2600,2236,-297,-3504
6718,10982,-12022,588,-334,393,-3504
-974,-3124,30724,2010,-1752,-40,-3504
4016,-8860,-6548,-2423,4036,-27,-3536
3194,5870,-13130,1031,-628,297,-3536
768,2970,15380,390,-1524,-182,-3504
2374,-5976,-1834,-718,1832,-334,-3536
-4648,3888,224,1627,-1877,-29,-3504
7038,-15916,1804,-1637,2027,-952,-3536
3352,10870,-8260,273,-1244,-311,-3504
-146,-8842,20696,2034,-1099,39,-3536
3830,7670,-9176,-2688,2213,252,-3536
8624,7870,-4102,461,-799,-199,-3520
-12012,-7068,32767,939,-241,177,-3520
2600,8008,-14300,-2034,1891,113,-3520
4244,3892,-1314,-552,-428,-341,-3520
-11342,-6480,31294,1232,-1066,-153,-3520
5536,13646,4116,-1793,-795,-255,-3520
4656,-17274,8950,2017,530,-800,-3488
2562,6030,-10222,-2706,1162,-351,-3520
-132,1256,15424,4008,-2536,174,-3488
612,-2086,28020,512,-281,2,-3504
3316,-9356,-5658,-3261,4332,-195,-3504
-8148,-2648,24002,2935,-2279,350,-3472
-1576,1734,25416,-124,-816,-76,-3504
2302,-7762,-2586,-1573,2977,-422,-3504
-3690,2872,-3520,2134,-1979,109,-3536
6610,7570,5478,-3162,741,-854,-3536
-5750,2062,24656,3152,-1630,-433,-3520
1564,-7846,12112,-1709,1686,-192,-3520
4856,9478,-11182,-2157,1520,275,-3488
7032,6018,1762,721,-741,-212,-3488
-1794,-11864,9376,203,795,210,-3504
3016,7234,-13166,-1558,1592,68,-3488
3550,1068,1312,-719,-116,-314,-3520
-10174,-4634,27262,1059,-873,-144,-3536
-2578,5512,3028,85,-1417,-174,-3504
7528,-18460,-1794,336,2413,-863,-3504
2226,8516,-11786,-1474,-328,-254,-3504
-2408,-1554,26270,4139,-2778,173,-3536
3660,5328,-7878,-2434,2463,10,-3504
8600,6228,-11790,-2041,1830,-214,-3504
-9480,-3868,32767,2997,-2887,315,-3504
-80,3374,18502,-2004,1330,-68,-3504
4506,-1444,-6058,-990,1656,-426,-3472
-8336,-3540,18942,1501,-1826,76,-3536
6868,11576,2282,-3402,-364,-575,-3504
-7720,436,31442,3922,-1452,-488,-3536
3720,3140,-14462,-3334,2641,-318,-3504
3818,4944,3470,2245,-1289,381,-3504
-1262,-1652,32767,1416,-1194,-101,-3504
474,-11756,4132,-2754,4431,-79,-3536
-3484,-194,9678,2299,-1794,361,-3520
-1672,2814,28914,-245,-1024,-158,-3520
-1828,-7402,7692,-791,2345,-337,-3488
-2824,5894,818,1896,-1790,43,-3520
7692,-1576,-1500,-2959,1682,-984,-3552
-3176,7270,15702,2307,-2179,-293,-3520
-1416,-8672,27022,-116,571,-128,-3520
7074,9740,-8164,-1589,1144,327,-3504
526,3008,25676,1365,-1423,-147,-3488
-5166,-11690,25528,-613,1715,134,-3536
1432,6300,-9598,-1095,1111,185,-3504
-880,2826,22398,23,-1079,-248,-3504
-5646,-7238,18470,355,122,-238,-3536
476,13774,4256,-120,-1569,-143,-3536
880,-16110,16050,607,1640,-865,-3504
2108,11538,-3108,-2025,117,-312,-3504
-4150,-5830,32767,3819,-2362,102,-3504
840,-2538,7690,-2002,1948,178,-3536
9654,3986,-18390,-2215,1697,-244,-3504
-10644,-9338,32767,2911,-2548,206,-3488
-118,2518,1064,-2173,1832,35,-3488
6390,458,-13406,-1419,1143,-401,-3488
-8668,-3860,14624,2179,-2072,15,-3520
3740,15060,3832,-3457,-126,-485,-3552
-3138,-9808,22248,3902,-1679,-553,-3504
3642,-2804,-3638,-2627,2192,-293,-3504
6268,8986,-5512,1019,-700,397,-3536
1108,3182,26130,1972,-1599,-69,-3504
6934,-4116,-14588,-2783,4356,-95,-3536
1012,3190,-5620,837,-512,359,-3488
-2012,4018,28580,695,-1796,-94,-3520
-4306,-9510,17066,-860,2090,-397,-3488
-5766,368,890,1765,-1771,-4,-3504
4046,-15734,8762,-27,1635,-914,-3504
326,9394,5232,-1089,-387,-245,-3504
-4028,-7320,29732,3159,-1924,40,-3536
2324,106,1996,-2150,2014,144,-3504
8680,3776,-14588,-1630,1218,-253,-3504
-10026,-9146,32767,2707,-2404,294,-3504
582,3554,-2160,-1996,1781,19,-3520
6192,-578,-12796,-1553,1037,-457,-3488
-8208,-3210,14818,2046,-2045,-21,-3520
1476,14324,7472,-2393,-734,-349,-3488
250,-13464,15174,2668,342,-669,-3520
3216,106,-8810,-2956,1585,-323,-3520
-4384,-4344,31556,4070,-2570,306,-3536
2132,-2876,12732,-272,463,-38,-3520
6532,-2108,-15664,-2959,3850,-183,-3520
-756,1428,878,2937,-2519,335,-3520
122,3494,10776,-999,-88,-113,-3504
3982,-4564,-7850,-1235,2612,-396,-3536
-5204,-1038,2352,1713,-1798,120,-3504
8404,-4030,-3324,-3552,332,-764,-3504
-5578,-6812,27326,3639,-1935,-454,-3536
3930,-4206,-1952,-2406,2058,-183,-3504
7214,11164,-10986,183,-108,405,-3472
1506,3476,21924,1827,-1669,-145,-3536
3732,-7650,-9296,-1652,3180,71,-3536
2870,5506,-11446,885,-520,272,-3552
638,1582,16666,-209,-1032,-200,-3520
-7630,-5892,21552,-165,1151,-253,-3520
-4438,990,2176,1744,-1834,-69,-3520
8514,-15342,-4096,-1864,2553,-1006,-3520
2316,11450,-6718,541,-1618,-219,-3520
1396,-8796,16944,1259,-556,6,-3536
4876,9366,-12586,-2929,2495,180,-3520
7602,7350,-1222,28,-306,-220,-3520
-11854,-6998,32767,1694,-1353,234,-3488
372,3098,6886,-2218,2093,63,-3520
3426,1152,1604,-699,277,-350,-3520
-10112,-5238,27852,1268,-1435,-84,-3488
4830,15198,6514,-2033,-1018,-310,-3552
5834,-19160,3960,2110,979,-735,-3504
3124,8396,-13080,-3139,1465,-311,-3488
-1484,152,21100,4116,-2568,199,-3488
-196,-4512,28344,-864,1063,49,-3536
9770,7322,-15090,-3173,3367,-259,-3504
-9296,-2812,30878,3533,-2978,313,-3536
-874,1860,21688,-1395,525,-42,-3536
2756,-4926,-3730,-1220,2439,-387,-3504
-5056,2066,1134,2281,-2086,36,-3536
7264,-14002,-434,-2974,1837,-918,-3504
-5952,2978,24050,2673,-2223,-345,-3520
1596,-8638,15752,-597,998,-183,-3520
4566,8026,-10494,-1635,1244,352,-3520
7890,8096,-712,1782,-1770,-123,-3552
44,-12472,7574,-723,2069,92,-3520
2998,7554,-15046,-1087,1040,219,-3520
3700,3422,2756,-449,-455,-308,-3536
-10726,-7532,30830,1238,-914,-136,-3504
4300,14950,4104,-1627,-936,-235,-3504
5302,-17682,6718,2119,583,-751,-3536
3406,8072,-11360,-2952,1246,-351,-3536
-1624,-188,19372,4157,-2685,211,-3504
360,-3060,25962,-800,970,58,-3536
10034,6902,-13766,-3236,3462,-292,-3504
-9962,-3610,31432,3609,-3127,365,-3504
-1594,1140,23460,-1294,654,-1,-3552
3734,-6622,-6618,-2159,2684,-492,-3520
-10792,-4424,25090,2528,-2556,121,-3488
6236,9444,5854,-3590,114,-624,-3488
-4920,138,23480,3476,-1152,-577,-3520
1660,-7230,10106,-2621,1918,-283,-3488
2788,4400,7866,1546,-993,426,-3488
466,-378,29742,1222,-1029,-91,-3552
-58,-11778,4346,-2222,3842,-10,-3520
3098,7328,-13582,1342,-947,331,-3520
-1390,3648,27330,19,-1328,-162,-3520
-1346,-8174,6772,-521,1903,-340,-3488
-2846,5380,154,1742,-1624,-4,-3520
8106,850,-580,-2776,1689,-968,-3504
-3964,6622,19268,1458,-1809,-235,-3552
-1480,-8268,25060,821,-229,-27,-3552
3798,6244,-8006,-2235,1633,294,-3504
1242,2230,25842,908,-906,-173,-3536
-6382,-11550,25768,538,81,230,-3504
1964,6606,-9418,-1483,1579,64,-3536
4532,-1432,-5522,-597,-146,-357,-3472
-6948,-5832,19894,965,-970,-102,-3504
-414,12452,8938,-570,-1669,-263,-3536
2526,-18270,11122,1317,1867,-797,-3504
3552,4290,-14888,-2363,561,-295,-3504
-4964,-6558,32767,4346,-2935,188,-3520
2588,-1994,5000,-2209,2238,36,-3488
8020,3174,-19136,-2461,2197,-214,-3520
-4108,-646,12808,3373,-3154,323,-3520
1182,4698,478,-2091,1411,-57,-3488
4694,-1788,-9648,-1122,1753,-419,-3488
-6986,-3128,10794,1957,-2078,85,-3520
4310,15706,5330,-3700,-6,-602,-3504
-4950,-9298,26506,4146,-1793,-503,-3488
4070,-3724,-3402,-2934,2380,-331,-3520
7576,10492,-10350,1920,-1110,361,-3504
42,-4368,25658,1523,-1244,-53,-3504
-6174,-11666,27910,-1420,2878,84,-3504
2116,3588,-9218,-77,424,255,-3504
-530,1856,21140,115,-1239,-256,-3504
-6408,-6812,19652,87,549,-252,-3504
202,13154,6310,1007,-1697,-80,-3504
8200,-13024,-3590,-1252,2470,-945,-3520
2268,11494,-3022,-843,-866,-280,-3504
-4908,-6450,32767,3312,-2135,78,-3536
1386,-2976,7240,-2776,2570,177,-3536
9088,3238,-19058,-2536,2271,-219,-3520
-4670,-652,12888,3448,-3129,252,-3520
124,3872,1718,-1890,1165,-17,-3520
5420,-448,-11052,-1400,1879,-414,-3520
-8402,-3334,13410,2307,-2257,102,-3520
7988,-2482,-2058,-3930,454,-684,-3520
-4650,-8766,26262,4162,-1937,-565,-3520
3582,-4038,-1548,-2861,2322,-334,-3552
6990,9918,-8628,1251,-737,426,-3520
-54,-3818,24578,1478,-1286,-15,-3504
6166,-5682,-13374,-3116,4574,-136,-3536
1856,3766,-8596,2172,-1482,350,-3504
-1470,3600,24904,408,-1482,-123,-3504
4594,-4572,-8794,-1374,2781,-377,-3504
-5724,1412,1302,2310,-2221,42,-3504
7372,-12352,1748,-2378,1709,-949,-3504
1890,10856,-1996,1288,-1453,-294,-3504
1542,-8142,12564,830,-180,-59,-3504
5380,8926,-9784,-2167,1714,291,-3536
7294,7626,3160,947,-1127,-197,-3488
-11934,-8110,32767,235,736,205,-3520
3314,7104,-14546,-1649,1622,148,-3520
3446,4600,4518,-383,-858,-245,-3488
-11080,-7628,32136,973,-570,-213,-3520
3520,14622,6478,-761,-1054,-187,-3520
6744,-16518,2392,809,1524,-875,-3488
2032,8612,-7832,-1836,87,-307,-3520
-2956,-1960,26254,3948,-2519,156,-3488
3672,5640,-6846,-2136,2059,36,-3568
8970,6066,-9244,-1992,1811,-256,-3536
-10352,-4042,32767,2895,-2752,335,-3504
-266,2728,17722,-1704,1311,-34,-3504
5400,446,-7724,-1571,1870,-485,-3504
-9720,-3648,22348,1850,-2157,129,-3504
5648,12298,7436,-2847,-650,-500,-3504
-6526,-1890,28148,3206,-401,-652,-3504
2202,4634,-11896,-3033,2061,-276,-3504
1702,2650,12174,3008,-1820,381,-3472
744,-2502,29658,550,-269,-151,-3504
826,-10060,-518,-2504,3950,-38,-3536
-4750,-1812,16828,2308,-1727,304,-3536
-578,3244,23766,-657,-610,-154,-3504
-1420,-6662,5524,-514,1819,-312,-3504
-3368,3936,3104,1898,-1708,23,-3504
8166,2600,-3248,-3185,1943,-996,-3536
-4232,6270,21190,2805,-2349,-330,-3488
-1654,-9138,27034,2063,-1302,85,-3520
3362,7134,-9538,-3091,2560,142,-3520
9034,6708,-9500,-68,-216,-170,-3520
-4982,-11714,22776,1082,-748,232,-3504
2472,7100,-11452,-2004,1921,3,-3520
4438,166,-6028,-970,503,-388,-3520
-9652,-3796,23332,1272,-1417,-85,-3536
-550,11166,5978,-1548,-1164,-312,-3504
3506,-18682,9458,2158,908,-718,-3536
3270,4868,-13726,-2918,1193,-328,-3504
2236,3130,9576,4261,-2713,198,-3504
2172,-618,2658,-1003,1182,52,-3504
8706,4258,-17280,-3024,3278,-208,-3536
-5058,-1042,16104,3352,-2850,332,-3504
-1806,2102,26796,-1340,388,-52,-3504
4746,-894,-9336,-1306,2099,-397,-3520
-7832,-3940,14454,2357,-2195,106,-3520
8058,-924,-3186,-4097,871,-786,-3520
-3148,7762,14400,4103,-2303,-413,-3552
4136,-2720,-3718,-2416,2177,-319,-3520
7022,8984,-7598,233,-86,391,-3520
344,2818,26270,2203,-1977,-9,-3520
7018,-3962,-14178,-2635,4238,-96,-3504
1410,3554,-6994,512,-270,317,-3520
-2026,3402,26474,544,-1690,-80,-3472
-4302,-8332,16676,-1162,2262,-375,-3472
-6062,144,2648,1911,-1943,9,-3536
7310,-11132,-20,-1877,1927,-937,-3536
1936,11272,-144,-126,-1061,-273,-3552
-4700,-6586,32767,2287,-1241,19,-3520
5720,9496,-11006,-2544,2072,277,-3472
6360,7392,6916,-284,-130,-227,-3520
-10776,-9704,32767,1743,-1186,237,-3488
216,3528,-1622,-2235,2067,110,-3504
2122,5152,11322,-814,-400,-306,-3472
-10528,-9166,32028,1621,-1313,-155,-3504
2760,13932,3474,-1941,-583,-286,-3536
-720,-10684,16568,1913,729,-780,-3472
2010,8842,-4836,-2427,853,-334,-3536
-2712,-2832,25456,3738,-2297,245,-3504
1162,-2422,17008,-814,951,35,-3504
5968,-4172,-12756,-2925,3219,-236,-3536
-10968,-5192,32767,3270,-2883,366,-3520
-630,2030,14378,-1103,521,-44,-3488
4648,-5040,-8400,-1874,2519,-511,-3488
-5176,12,502,2175,-2202,154,-3552
4490,13796,8784,-3323,-260,-612,-3520
-5008,-5612,25468,3472,-1076,-554,-3520
3520,-5300,158,-2889,2184,-300,-3520
-524,746,18666,2515,-1603,421,-3504
1158,-2526,26828,1214,-891,-135,-3520
2852,-8838,-6380,-2300,3941,-8,-3520
2798,5546,-11918,2021,-1526,348,-3504
-606,3414,23278,-375,-993,-176,-3504
540,-7232,1292,-419,1942,-328,-3504
-3622,1456,-142,1799,-1557,43,-3504
8836,-15130,-4876,-2984,1787,-1008,-3504
-6978,2714,28538,2365,-2277,-283,-3504
1064,-8470,16266,-114,518,-38,-3536
5060,10244,-13152,-2365,1698,327,-3504
7260,6488,-466,1309,-1298,-187,-3504
-1304,-12758,10712,-289,1312,149,-3520
2950,8172,-14692,-1192,1255,132,-3520
3446,852,1094,-142,-835,-265,-3488
-10328,-4684,27856,721,-373,-175,-3520
-1848,8182,2902,-556,-1371,-246,-3504
5902,-19306,4386,1105,1680,-824,-3504
2596,7804,-12922,-1725,-95,-254,-3520
-588,310,19550,3955,-2586,135,-3488
2558,2464,-3778,-2154,2169,71,-3488
9202,6212,-14724,-2125,1868,-273,-3488
-8358,-2646,27702,3081,-2874,319,-3488
-942,2370,22104,-1988,1395,-11,-3520
4804,-890,-7904,-1091,1611,-400,-3520
-8494,-4020,18264,1765,-1915,31,-3488
7756,7034,-164,-3562,-111,-604,-3520
-540,-14930,18098,3821,-1175,-512,-3504
4074,1634,-11632,-3429,2524,-343,-3504
4912,6156,-220,2664,-1585,342,-3504
-1816,-888,32767,1308,-1042,-15,-3504
8386,1458,-18962,-3314,4668,-133,-3504
-2390,946,5264,2582,-1876,355,-3504
-2474,1742,30434,-169,-1020,-85,-3504
-1384,-7162,7774,-1383,2550,-424,-3504
-7244,-2326,8762,2407,-2187,46,-3536
7778,-5532,-1932,-3383,1744,-930,-3488
-728,9802,8140,2597,-2142,-342,-3488
-3104,-8536,30782,-504,862,-199,-3520
6660,9732,-9778,-1688,1269,330,-3520
2490,4690,19070,1829,-1740,-92,-3520
-6800,-11422,30570,-755,2024,86,-3488
2450,4620,-10556,-568,645,266,-3536
-546,3510,21516,295,-1404,-208,-3488
-6474,-8824,21670,151,475,-260,-3520
752,13532,2326,-28,-1423,-108,-3520
7076,-12924,1522,-220,1619,-885,-3536
2730,10876,-3662,-1378,-274,-354,-3536
-4690,-5150,31026,3358,-2135,103,-3536
1324,-2162,9842,-2229,2079,158,-3504
7528,8286,1642,-1702,1164,-223,-3536
-12162,-7970,32767,2799,-2576,279,-3536
-62,1444,4950,-2061,1799,24,-3504
6288,-702,-15032,-1854,1312,-477,-3536
-11928,-7810,32767,2518,-2381,-9,-3504
3620,14602,5888,-3077,-280,-419,-3536
-2052,-9668,19120,3007,-191,-681,-3504
2724,-2862,-3194,-3040,1652,-307,-3504
-2800,-1880,25328,3398,-2129,370,-3504
2418,-2644,19014,88,170,-84,-3536
4692,-5470,-11398,-2885,3930,-168,-3504
2006,3890,-6998,2943,-2518,372,-3488
-340,2276,17908,-583,-392,-78,-3488
3132,-6198,-5886,-1407,2755,-410,-3488
-4466,388,-556,2126,-1960,126,-3520
8496,-10326,-2788,-3461,787,-865,-3520
-6366,-1576,27184,3257,-1909,-404,-3520
2698,-6382,6592,-1654,1637,-177,-3520
6014,10578,-11616,-509,309,382,-3520
306,-1790,30360,1661,-1402,-170,-3504
808,-10586,1216,-1488,2917,53,-3504
3188,6892,-12964,242,26,250,-3536
2108,1848,8324,-272,-1046,-223,-3472
-1000,-6392,5460,92,677,-255,-3536
-3498,4068,2794,1373,-1713,-37,-3504
7794,-18632,-2620,-1400,2664,-998,-3536
2856,10208,-11832,27,-1413,-220,-3504
-1192,-9258,26246,2688,-1732,73,-3504
3960,7442,-10626,-3208,2775,146,-3504
8914,8066,-10496,-59,-299,-155,-3520
-11570,-4682,32767,3235,-3161,315,-3488
-14,2782,15464,-2105,1542,-46,-3488
3512,-5026,-6706,-1190,1789,-399,-3488
-9858,-3968,24694,1804,-2078,57,-3520
6256,12552,4644,-3551,-142,-612,-3552
-7346,-1068,29442,3782,-1303,-523,-3520
3114,5172,-12918,-3336,2259,-307,-3536
2288,3090,9816,2783,-1586,339,-3504
-874,-2724,31944,906,-647,-63,-3536
2158,-10182,-1830,-2927,4268,-119,-3504
-5574,-1896,18226,2533,-1840,343,-3504
-1350,2198,25394,-425,-786,-138,-3536
170,-6046,2888,-715,1992,-352,-3488
-3804,5110,2356,2057,-1993,-30,-3520
7924,984,-2764,-3074,2039,-914,-3504
-3342,6924,17388,2156,-2161,-278,-3536
-1636,-9374,27202,178,288,-117,-3536
3102,5658,-8138,-2371,1797,309,-3536
-26,2448,28498,1390,-1509,-99,-3504
-4258,-12710,22112,62,939,120,-3504
1946,7090,-12466,-1532,1569,154,-3504
4868,1838,-5752,-14,-905,-296,-3504
-4804,-7876,15934,707,-351,-186,-3504
-34,12524,2330,-367,-1400,-152,-3520
1722,-16808,14902,873,1361,-842,-3520
3426,4114,-11348,-2259,376,-343,-3520
-4422,-6650,32767,4021,-2532,117,-3488
1348,-1434,4994,-1838,1862,158,-3488
9590,4136,-18110,-2443,1989,-249,-3520
-10700,-9740,32767,3048,-2765,280,-3504
94,2918,-502,-1749,1298,-13,-3520
6266,662,-13764,-1775,1916,-455,-3488
-8968,-3550,16474,2464,-2303,28,-3504
3522,14924,3222,-3574,38,-509,-3504
-2206,-10454,20288,3579,-1000,-641,-3504
2906,-3262,-3012,-2905,2023,-357,-3504
5934,8394,-4266,2399,-1504,381,-3504
1122,-2422,19990,1024,-807,-77,-3536
6156,-5068,-12828,-2298,4015,-39,-3504
1230,2974,-6178,1100,-810,370,-3504
-724,5054,24736,375,-1605,-101,-3504
-5606,-9216,19772,-796,2146,-392,-3504
-4880,550,-1154,1471,-1499,31,-3504
7850,-7736,-502,-2182,1601,-961,-3536
-718,8942,8142,1729,-1637,-323,-3520
-4018,-7076,31322,350,225,-46,-3520
4756,4980,11822,1427,-1217,-209,-3536
-5808,-1918,18212,2659,-2178,351,-3520
-682,3900,24786,-441,-773,-130,-3472
-724,-7694,4922,-841,2348,-385,-3520
-3140,3132,-434,1567,-1527,93,-3520
7338,5438,1490,-3308,842,-867,-3520
-6038,3678,26554,3080,-2113,-378,-3520
216,-8674,18368,1145,-433,-32,-3520
4664,9564,-12070,-2821,2117,200,-3488
7568,5778,-3274,392,-546,-172,-3488
-3116,-11372,15058,404,122,221,-3504
2520,7458,-12168,-1732,1670,13,-3520
4034,-90,-1690,-769,220,-402,-3520
-9874,-3528,23882,1211,-1377,-54,-3520
5810,14548,5420,-1522,-1236,-317,-3488
4604,-19110,6992,2164,887,-727,-3520
2714,6040,-14274,-2921,1348,-341,-3520
1102,2226,12828,4443,-2848,217,-3488
2572,1054,-200,-1490,1624,16,-3504
8494,4452,-16170,-2901,3403,-197,-3488
-6290,-2418,20620,3265,-2832,324,-3520
-768,2784,23716,-1656,595,-90,-3536
4126,-2326,-7298,-877,2004,-398,-3472
-7368,-3178,13568,1818,-1836,95,-3504
8414,3264,-3698,-4057,608,-812,-3504
-5080,6214,21570,4059,-2419,-452,-3504
4196,-1212,-8326,-2546,2320,-272,-3504
7104,8870,-7174,233,-63,429,-3472
-1220,1430,31778,2227,-2040,-91,-3504
-3184,-12910,20032,-2043,3735,13,-3504
904,2720,-4522,503,-193,271,-3504
-1928,2480,27058,267,-1393,-150,-3488
-4044,-6756,14210,-680,1804,-324,-3520
-104,12696,2920,1690,-2039,-34,-3488
7972,-11496,-2022,-1586,2281,-952,-3520
1746,10920,-758,101,-1210,-258,-3520
-4298,-6322,32767,2060,-1157,0,-3488
5690,9866,-10992,-2560,2093,272,-3504
5748,6824,8036,-165,-237,-189,-3520
-10160,-9598,32767,2530,-2229,254,-3488
236,3730,-1512,-2213,1973,24,-3488
6104,1194,-11924,-1218,828,-401,-3552
-9180,-8488,28274,1846,-1645,-21,-3504
4036,15266,2154,-3462,-98,-452,-3520
-3526,-9506,23652,3789,-1024,-631,-3488
3186,-3050,-2686,-3233,2215,-398,-3520
-2800,-1762,23438,3246,-1953,291,-3536
318,-4276,22278,601,-345,29,-3504
6712,-4386,-14292,-3653,4414,-242,-3472
1058,3178,-5674,3323,-2550,343,-3504
-914,338,16014,-137,-675,-35,-3536
5380,-4090,-11014,-2006,3191,-453,-3504
-5934,1122,1356,2716,-2440,105,-3504
7234,-9080,2098,-3269,1146,-856,-3536
-4624,-1912,22242,2745,-1701,-425,-3504
2046,-7070,7654,-1425,1370,-187,-3488
5470,9704,-9062,-389,195,369,-3520
5568,6532,9536,1674,-1437,-157,-3488
1744,-10686,-810,-1289,2815,56,-3520
3220,6060,-13540,-280,346,286,-3520
2806,4338,8492,92,-1447,-176,-3488
666,-8608,2602,-58,1222,-322,-3504
-3382,4786,-2388,726,-1332,-71,-3488
7738,-15600,142,-952,2030,-975,-3552
1970,10000,-6546,189,-1267,-244,-3504
-874,-9056,20936,2187,-1339,30,-3504
4112,7292,-9566,-2645,2362,139,-3488
8150,6480,-5048,-1739,1512,-199,-3520
-11088,-5340,32767,2881,-2682,299,-3488
-232,2538,13628,-1714,1337,-8,-3520
3736,-5106,-7302,-1406,1687,-458,-3520
-10384,-4498,25972,1841,-2058,90,-3520
5824,13866,6744,-3031,-474,-521,-3488
-6548,-4736,28782,3520,-828,-596,-3488
2852,6910,-13278,-3352,2152,-330,-3504
-78,1508,16560,3525,-2152,352,-3536
244,-3016,29858,774,-551,-68,-3488
3090,-9076,-5934,-2930,4294,-91,-3488
3228,6220,-13392,2365,-1803,326,-3552
-1334,2544,24976,-275,-969,-118,-3520
1200,-7288,60,-858,2462,-371,-3520
-3616,3230,-822,2040,-1811,20,-3488
7548,5410,1084,-3267,1303,-924,-3472
-5738,4300,23786,2278,-2065,-306,-3520
794,-8772,18476,-824,1133,-81,-3536
4400,8554,-11040,-1558,1104,292,-3536
-692,410,31624,1606,-1515,-164,-3504
-2416,-12206,14432,-448,1584,150,-3504
2472,7458,-12886,-949,1080,156,-3504
3730,314,-438,-115,-824,-241,-3504
-3806,-6610,12960,525,-250,-204,-3504
-1780,9516,5208,153,-1653,-164,-3536
4558,-18774,6696,431,2116,-864,-3536
3606,6946,-13924,-1143,-621,-240,-3488
-3504,-7780,32767,3542,-2270,53,-3520
1954,486,-708,-2422,2341,121,-3520
9434,6008,-16732,-1550,1121,-231,-3520
-7774,-2574,25004,2687,-2502,256,-3520
792,5328,-5296,-2137,1762,-1,-3488
5570,504,-9954,-1175,1196,-432,-3520
-8824,-4264,18350,1837,-1886,52,-3520
1982,14654,5446,-2921,-517,-433,-3504
-1470,-13786,19396,3703,-1024,-570,-3520
4042,148,-9224,-3348,2098,-415,-3504
5494,6844,-1958,3334,-1987,277,-3504
1058,-3762,14186,520,-308,35,-3504
8014,42,-17444,-3468,4405,-202,-3472
-1840,544,3230,3146,-2443,365,-3504
-2390,2330,30022,-306,-732,-75,-3536
5780,-1304,-11818,-1802,2981,-434,-3504
-7282,-1094,7874,2611,-2381,109,-3536
7058,-5764,448,-3449,1363,-865,-3504
368,9550,6212,3154,-1919,-453,-3520
2748,-5730,3654,-1260,1302,-207,-3488
6384,9974,-8840,-1246,866,406,-3472
3782,5500,16380,1522,-1511,-124,-3504
-8322,-11276,32767,-691,2020,91,-3536
3090,5150,-11956,-940,911,235,-3536
546,5142,17360,57,-1403,-189,-3504
-8242,-8632,25992,48,904,-291,-3520
1158,13062,3878,546,-1297,-75,-3520
7800,-12666,306,-803,1863,-970,-3520
1406,10114,-1344,-567,-830,-265,-3488
-4554,-4848,31712,2814,-1753,87,-3520
2594,-1432,8502,-2434,2178,159,-3488
7146,6382,1996,-1137,768,-252,-3552
-11542,-7118,32767,2495,-2225,305,-3552
114,2724,6710,-1479,1003,-33,-3504
5220,-3620,-10810,-1654,2203,-499,-3504
-6160,-1922,5780,2102,-2253,114,-3472
3990,14812,8454,-3371,-214,-619,-3504
-3528,-8446,22630,3499,-1005,-559,-3504
3436,-3012,-3542,-2887,2117,-259,-3536
6794,10050,-7656,2131,-1307,388,-3504
1984,-3468,22124,1081,-765,-123,-3536
4008,-6272,-10316,-2447,3913,-9,-3536
2212,4432,-8346,94,64,234,-3488
-48,2942,19544,-212,-1122,-222,-3520
-6896,-6718,20866,30,733,-242,-3520
346,13446,7480,1238,-1689,-73,-3520
8494,-12868,-4562,-1223,2550,-977,-3520
1370,10624,-2150,-166,-1238,-209,-3520
-4914,-5698,32767,2794,-1825,59,-3520
5720,10324,-13490,-2935,2494,149,-3504
6566,6502,2486,-163,-110,-201,-3536
-11254,-7316,32767,1698,-1432,252,-3504
630,3958,4180,-2026,1978,5,-3504
3338,1124,3412,-883,545,-423,-3504
-10266,-5342,27926,1457,-1685,-59,-3504
3598,15568,8650,-1863,-1070,-349,-3536
-4188,-8956,24940,2393,745,-695,-3504
2646,9396,-11488,-3029,1433,-269,-3504
-2376,-1838,25528,4194,-2613,224,-3536
1006,-5032,22788,-633,852,-24,-3536
5230,-4868,-13158,-3042,3575,-178,-3504
-10246,-4082,32767,3325,-2780,326,-3536
-230,2446,16814,-1277,175,-81,-3536
2674,-4540,-4140,-1109,2210,-394,-3504
-5252,1076,3180,2254,-2057,80,-3504
7494,9666,-60,-3973,1003,-823,-3488
-6920,1114,27180,3855,-2362,-357,-3488
2084,-8654,13688,-2256,2014,-278,-3488
5116,9306,-11790,-223,215,369,-3552
-1956,-934,32767,2181,-2038,-69,-3520
1480,-11146,3420,-2000,3596,7,-3488
2938,7476,-15106,287,-77,294,-3520
-2538,1594,29094,481,-1539,-159,-3504
96,-6648,4134,-578,1489,-322,-3488
-3116,7754,1292,1805,-2084,-51,-3536
5288,-18322,7176,-1562,2217,-909,-3504
-1184,8788,9690,-78,-1122,-311,-3536
-2770,-9228,29974,2273,-1341,23,-3536
2308,3398,-4508,-2666,2314,221,-3536
10570,8988,-13786,-235,-273,-190,-3504
-6022,-13166,29308,1779,-1310,223,-3536
1192,6120,-10892,-2414,2195,79,-3504
6268,3854,-10236,-854,-19,-367,-3504
-11756,-6014,30114,1827,-1580,-125,-3504
808,13814,-252,-2194,-578,-222,-3520
1776,-15048,14538,2340,301,-737,-3520
2570,2408,-7700,-2804,1194,-354,-3488
2788,4022,6546,3832,-2340,224,-3488
138,384,29674,1030,-808,-47,-3520
8886,1732,-16012,-3188,4292,-231,-3504
-4342,-656,11308,2446,-1796,353,-3552
-2220,2932,29314,34,-918,-20,-3504
278,-8828,4178,-1809,3043,-426,-3536
-8042,-2768,11714,2361,-2154,128,-3504
6946,752,2664,-3168,936,-855,-3504
-3068,6306,17456,2207,-1612,-325,-3520
-1528,-8138,22648,-248,624,-129,-3488
3716,5504,-6680,-2398,1989,180,-3520
8548,6692,-8150,-571,253,-238,-3488
-5982,-11610,23546,1383,-887,289,-3472
2150,6124,-10052,-1854,1838,56,-3504
5064,368,-6854,-987,346,-395,-3504
-9852,-4202,23148,1571,-1590,-73,-3504
-972,10390,5882,-1317,-1164,-300,-3504
4504,-17744,5696,1712,1407,-757,-3536
2762,5914,-13176,-2631,811,-297,-3536
1126,2202,13450,4481,-2854,192,-3504
3120,488,-198,-1339,1546,-16,-3536
8082,4194,-16246,-2792,3068,-159,-3536
-6030,-1472,20282,3448,-3094,334,-3488
-1192,2928,26256,-1668,856,-79,-3520
4854,-2284,-10038,-1234,2152,-424,-3488
-7400,-2618,12920,1821,-2022,148,-3520
7614,3950,-628,-3696,130,-664,-3488
-4762,5230,22308,3886,-1709,-532,-3520
3460,-1246,-8034,-2776,2313,-253,-3488
6728,8848,-5864,1170,-658,431,-3488
-166,1490,30198,1644,-1347,-124,-3520
5626,-3226,-14800,-2366,4003,-4,-3504
830,2314,-4048,1507,-1050,309,-3536
-642,2330,22992,-324,-1000,-198,-3504
-5260,-6170,15792,-352,1586,-301,-3536
-5348,-1184,3928,2037,-1901,-30,-3536
8964,-10572,-5786,-2432,2510,-1029,-3504
744,11072,848,1202,-1934,-222,-3536
-4636,-7124,32767,1307,-650,-1,-3504
6838,10926,-14202,-2872,2403,220,-3440
4656,5798,10000,690,-896,-153,-3472
-10198,-9408,32767,550,185,205,-3520
642,4010,-1416,-1910,1882,90,-3488
1468,2374,11096,-201,-598,-315,-3520
-9316,-6628,27360,830,-726,-166,-3488
4114,15630,3992,-1393,-1176,-251,-3488
-3852,-10234,24294,2446,422,-689,-3504
3310,9934,-10352,-3004,1310,-370,-3504
-2722,-2048,25774,4049,-2387,177,-3504
80,-4548,20944,-1109,1166,114,-3520
6924,-3430,-14728,-2980,2936,-251,-3488
-11132,-5344,32767,3475,-2954,312,-3488
-664,1494,14032,-1461,737,-24,-3520
4910,-3162,-9028,-1717,2271,-445,-3488
-6510,58,4272,2645,-2352,86,-3488
6302,10900,1532,-3972,749,-742,-3488
-5576,-842,24876,2939,-2082,-363,-3504
2444,-7408,9500,-930,1148,-207,-3504
5706,9364,-10480,-1280,929,396,-3536
5918,7382,7320,1924,-1806,-95,-3504
2506,-11408,-1170,-956,2512,64,-3504
3454,6920,-15138,-766,808,253,-3536
2032,4346,10768,353,-1560,-201,-3536
-10262,-8430,30592,190,594,-307,-3536
-3776,5170,-2898,261,-1315,-90,-3472
-962,-11222,17902,1396,1154,-817,-3488
2640,9792,-6288,-2291,567,-334,-3520
-3800,-3402,28012,4050,-2564,191,-3488
1582,-3180,16098,-1431,1506,94,-3520
8728,6992,-5616,-2336,2182,-267,-3504
-11658,-5410,32767,3304,-3018,347,-3520
-410,2422,13240,-1407,670,-1,-3520
4594,-5014,-9032,-1799,2419,-475,-3520
-11008,-5350,28316,2243,-2273,75,-3536
4872,13784,7416,-3286,-310,-572,-3504
-4798,-4834,25598,3510,-890,-554,-3472
3042,-5530,2018,-3003,2160,-339,-3504
70,1058,16962,2322,-1483,440,-3504
1076,-2510,27156,917,-627,-104,-3536
2582,-9334,-5466,-2520,4041,-63,-3504
3014,5588,-12306,1834,-1432,338,-3472
-792,3526,23776,-365,-1002,-174,-3536
600,-6660,1318,-711,2186,-367,-3520
-3896,2400,718,1899,-1749,23,-3536
8600,-15904,-3606,-2941,2007,-974,-3504
-5840,3660,25966,2019,-2142,-278,-3536
88,-9162,19670,347,162,-20,-3472
4878,9146,-12708,-2576,1936,246,-3504
8152,7114,-4362,1045,-1136,-160,-3504
-2846,-12814,15414,55,803,154,-3520
2886,7780,-14452,-1451,1557,106,-3520
4338,860,-2318,-466,-667,-335,-3488
-10604,-4848,27792,897,-699,-162,-3520
-1840,8724,3560,-371,-1422,-202,-3488
5956,-19006,3926,631,2075,-889,-3520
2484,7690,-12766,-1843,-60,-221,-3488
-3108,-7502,32240,3692,-2453,138,-3504
2888,1912,-2948,-2119,2172,45,-3488
8712,5152,-15218,-1805,1538,-209,-3504
-7892,-2630,25350,3005,-2798,302,-3504
1122,6102,-5330,-2136,1577,-37,-3504
4508,-1474,-7378,-901,1403,-421,-3504
-7544,-3340,15614,1486,-1783,33,-3504
7470,6662,-568,-3317,-426,-542,-3504
-1016,-14532,18422,3777,-1158,-517,-3504
4168,1060,-11440,-3384,2495,-324,-3504
5516,7002,-1876,2491,-1500,330,-3504
-1500,4,32767,1350,-1012,-76,-3536
7756,164,-17768,-3226,4472,-142,-3520
-1244,1368,2560,2578,-2027,354,-3488
-2260,2526,28852,-386,-846,-113,-3520
-2674,-6952,10786,-485,1358,-333,-3520
-1828,8998,2654,1438,-1730,-59,-3520
7532,-6106,-2598,-1985,2226,-903,-3472
-232,9696,7534,60,-1338,-294,-3520
-3548,-8512,32454,1694,-801,-33,-3536
1996,1456,-2082,-2772,2248,241,-3472
2856,5020,18580,347,-674,-147,-3504
-7702,-11198,32767,1004,-502,189,-3504
892,5926,-7330,-2155,1882,44,-3504
5934,2188,-10624,-886,118,-354,-3520
-7248,-8372,23350,1261,-1075,-135,-3504
1950,14416,2480,-2522,-565,-300,-3488
-356,-13602,18380,2754,-106,-707,-3520
3350,396,-7672,-3031,1432,-411,-3536
-4470,-4762,29680,3981,-2484,226,-3504
1086,-2896,12202,-540,736,77,-3504
8596,-158,-16902,-3289,3591,-271,-3504
-1966,762,3652,3434,-2928,294,-3504
-346,1610,7878,-811,37,-14,-3504
6146,-1280,-12938,-2149,2960,-475,-3472
-7278,-1850,8290,2691,-2492,138,-3504
7290,-3086,1170,-3808,555,-757,-3536
-3604,-7638,22454,3514,-1649,-495,-3504
2872,-4368,-114,-2386,1945,-277,-3520
6552,9736,-7126,1108,-695,417,-3488
2892,4650,20636,1565,-1275,-139,-3488
4518,-7544,-9434,-2196,3812,-15,-3520
2716,5072,-10210,880,-657,337,-3520
64,5016,20322,247,-1551,-107,-3488
3436,-6862,-5372,-869,2326,-365,-3536
-4420,1570,-2232,1462,-1538,-1,-3520
8400,-11708,-1906,-2097,1797,-994,-3552
320,9872,2182,1626,-1806,-260,-3504
2480,-7234,8766,468,169,-60,-3504
5638,10704,-11650,-2265,1627,256,-3472
6014,5928,6228,835,-879,-206,-3504
-11236,-7722,32767,607,94,214,-3504
