AcX,AcY,AcZ,GyX,GyY,GyZ,Tmp
1260,-2566,224,1145,165,-141,-4032
360,-8172,10382,-2369,-1335,-360,-4064
3044,4114,2100,2127,1350,353,-4064
-1584,-7024,2324,302,-316,-285,-4032
154,5336,16636,-1920,-524,-140,-4064
-596,314,8006,1428,901,61,-4064
-3264,-1344,13428,-2284,-992,-548,-4080
3374,-5490,4772,2908,126,-62,-4048
-1164,5074,13576,-1728,-159,-265,-4048
-2808,954,6376,1307,7,-355,-4080
2378,4200,5996,-1596,-167,71,-4048
282,7338,8236,-809,1107,194,-4048
956,-5328,-696,1618,-493,-347,-4048
2882,9120,17794,-1382,404,124,-4064
-954,-6976,5338,2585,787,-279,-4064
-2866,-2232,15722,-2895,-1131,-509,-4064
-1642,4506,11734,1576,510,-35,-4064
1234,-8064,8314,-599,-324,-156,-4064
-1930,7294,16174,-1751,-91,-5,-4048
1596,2784,-2630,2414,696,-112,-4016
2166,-3808,2398,-2739,-400,-137,-4048
-4026,1148,17940,427,81,-135,-4048
-214,-9042,6516,-838,-827,-495,-4048
2748,7406,2578,2452,841,65,-4080
-1750,-1828,5452,-1809,-379,-448,-4080
-2794,1050,7034,1264,-392,-170,-4064
4336,-1510,3328,-117,673,353,-4048
-4360,-4858,16624,-2568,-213,-275,-4064
4950,5592,1914,2678,832,13,-4064
2708,5114,8192,-3479,221,-199,-4064
-2020,8304,6612,1458,702,-373,-4032
1264,-7858,1634,-935,-524,-276,-4032
-2704,-1898,19974,-1391,-818,-277,-4064
5322,-4710,-4436,3106,1376,244,-4032
-3182,-4636,13424,-1943,-995,-281,-4032
-1116,7374,15918,155,-28,-77,-4048
1630,-3358,1866,970,781,52,-4064
-2482,-2932,10342,-1813,-869,-516,-4096
1322,-12006,9742,2128,-433,-225,-4080
-740,9576,13052,-449,319,-88,-4048
-2488,-1548,918,767,11,-425,-4048
3320,2414,4300,-1254,-523,-31,-4048
2664,3130,6814,542,1305,395,-4016
-3500,-14498,10756,757,-1108,-433,-4016
2678,9706,18798,-95,543,201,-4080
942,-8828,2296,1615,715,-252,-4064
-3998,4782,17320,-2842,-937,-569,-4048
-268,1698,3814,2244,634,25,-4032
3380,-8822,1594,-1815,-1039,-303,-4064
742,8110,9104,243,756,247,-4064
476,-3944,-3106,1634,288,-195,-4096
1308,1810,11080,-2918,-585,-166,-4096
-2394,1326,12948,1151,669,-12,-4032
-1808,-3924,9004,-2171,-950,-611,-4064
3766,1754,1130,2936,726,43,-4064
-852,1800,8700,-2425,-371,-409,-4032
-2378,2466,9616,1345,-253,-303,-4064
3954,2340,2926,-1343,219,215,-4080
-1688,4254,9780,-2048,592,-77,-4048
3992,1048,-4694,1944,260,-182,-4080
2042,92,4816,-3362,299,-84,-4080
-1614,10,4600,2574,923,-315,-4048
-866,-6098,9394,-2446,-972,-376,-4080
-2474,2784,17888,-43,-169,-128,-4080
4404,-8250,-634,1425,576,30,-4032
-2964,1748,17930,-2363,-802,-152,-4048
138,6354,5998,1802,568,-60,-4080
2414,-5018,-522,-1097,229,-24,-4048
-3144,1672,14878,-401,-390,-233,-4064
284,-11914,8674,664,-735,-386,-4048
912,9932,6908,1336,675,-16,-4048
-2598,-590,3340,1601,-71,-284,-4064
4086,216,2962,-1436,185,224,-4064
-2710,2396,12570,-2401,315,-170,-4048
5002,2916,-5370,2365,704,-115,-4080
2902,9526,13884,-3885,203,-107,-4064
-1780,3484,4786,2311,904,-316,-4048
94,-7868,6212,-1931,-853,-368,-4016
-2948,1738,20122,-276,-297,-187,-4064
5214,-7728,-3386,2173,889,154,-4064
-3226,-122,17218,-2422,-846,-190,-4032
-344,6688,9492,1768,527,-21,-4032
2222,-4672,204,-908,281,-12,-4032
-3572,968,16138,-586,-541,-324,-4064
312,-12788,10202,663,-853,-410,-4064
282,10886,9586,1286,712,61,-4032
-2248,-2982,-20,-404,-270,-457,-4064
-2150,4642,13492,-257,-656,-70,-4064
4030,-844,4592,1263,1149,466,-4016
-5536,-15588,17564,-1706,-1239,-513,-4080
2732,9658,18614,2457,973,202,-4048
1484,-5714,1760,-905,495,-285,-4048
-3206,9108,14400,-1220,-233,-499,-4080
934,-2332,12,1666,368,-99,-4048
-3074,-142,20708,-2476,-1405,-403,-4064
3252,4298,2192,2531,1488,385,-4048
-1560,-6662,2010,-117,-487,-239,-4048
338,5158,16432,-2636,-552,-163,-4064
-922,54,8554,1425,782,74,-4064
-762,-8736,7298,-2411,-1023,-594,-4064
3374,-4238,3868,3237,599,35,-4064
-772,4280,12290,-2350,-413,-374,-4032
-2746,846,7120,1514,-138,-284,-4064
4284,-1628,3158,-1525,38,143,-4080
158,7580,7438,-1608,907,77,-4048
1318,-4430,-2344,1860,44,-276,-4080
2720,6214,8736,-3059,243,16,-4016
-1830,7080,6288,2848,907,-331,-4048
638,-1468,918,1714,358,-56,-4080
1622,-8278,7534,-2204,-1176,-362,-4080
-1762,7320,16492,1085,1104,306,-4080
-812,-5834,-10,1092,48,-218,-4080
452,3904,15218,-2590,-596,-161,-4048
-1380,860,10296,1358,781,27,-4080
-366,-8920,6982,-2173,-981,-613,-4080
3370,-3734,4206,3154,460,41,-4048
-798,4310,12940,-2450,-381,-350,-4080
-2802,1806,6830,1746,-8,-257,-4080
2694,3092,5976,-1774,-42,108,-4064
-388,8470,8946,-1420,969,105,-4064
2070,-4030,-4246,2077,-66,-249,-4064
2602,5154,8238,-3227,155,5,-4064
-1882,8692,6970,2281,879,-338,-4064
1172,-8172,1352,-1815,-854,-375,-4064
-2214,5298,14124,-836,-508,-182,-4064
5822,-4870,-5582,2714,1199,203,-4032
-3580,-4582,14222,-2607,-959,-245,-4064
-1064,7946,15492,1883,513,-37,-4080
2486,-3966,1406,-1034,219,-19,-4048
-4302,692,17666,-565,-565,-320,-4048
1380,-12752,10080,510,-820,-383,-4080
-658,10662,12760,1418,837,45,-4080
-1998,-3728,3762,-538,-283,-476,-4048
-1220,4922,14390,-258,-716,-89,-4048
2922,2504,6466,1367,1258,459,-4048
-4760,-6666,17606,-2008,-1159,-481,-4064
4378,7116,4734,2513,911,165,-4064
1270,-8632,1894,-1223,472,-248,-4064
-3772,6198,16800,-994,-122,-479,-4064
1200,-7596,928,1487,248,-78,-4032
-2312,-3276,19396,-2533,-1394,-374,-4064
1254,7786,7122,2632,1534,354,-4064
10,-5040,-2850,-215,-566,-282,-4064
-1044,8214,17102,-1559,-446,-97,-4064
1530,-3390,2178,1476,947,79,-4048
-62,-10678,7068,-368,-870,-476,-4048
2230,9578,3686,1520,735,65,-4080
-2078,-2990,2920,-415,-197,-447,-4032
-288,4738,12256,-99,-638,-115,-4032
2472,3320,7036,1150,1145,426,-4064
-5146,-9170,18218,-1352,-1217,-525,-4064
4428,7170,6956,2198,886,241,-4064
852,-9382,2558,-1359,448,-261,-4080
-4052,4622,17806,-971,-80,-490,-4080
1456,-6768,-462,1431,277,-95,-4048
-1940,-4286,18206,-2415,-1341,-344,-4048
452,8284,9874,2509,1425,351,-4080
-2974,-6578,9932,-465,-627,-240,-4064
1170,1126,10112,-2671,-641,-169,-4064
822,-2112,3816,1397,818,11,-4064
-1660,-4548,8098,-2352,-964,-585,-4064
3824,2334,782,3102,568,1,-4064
-1128,220,9380,-2634,-351,-395,-4064
-2518,36,1752,1650,-38,-233,-4064
4102,724,1900,-1563,140,179,-4064
-2298,4904,12004,-2286,647,-47,-4064
4930,2500,-6594,2235,170,-245,-4080
2878,9738,16302,-3672,120,-70,-4080
-1700,1982,4900,3279,1060,-279,-4080
-390,-7974,7478,-2955,-1169,-492,-4048
-2934,2748,20200,384,81,-72,-4048
4840,-8662,-2846,1505,573,9,-4048
-3156,880,18128,-2608,-695,-139,-4080
-272,6814,7860,2317,655,-37,-4048
1832,-730,6600,-2204,-115,-73,-4032
-3198,1318,15240,150,-172,-209,-4064
338,-13154,9404,-250,-900,-460,-4064
314,10630,9224,2004,861,56,-4032
-1472,-1414,7022,-1143,-341,-414,-4064
-2176,3574,13240,495,-659,-123,-4032
3950,-288,5794,870,977,444,-4064
4816,4342,-2096,2535,794,-45,-4080
1538,-4842,2204,-3476,332,-230,-4064
-1958,5736,5340,1247,635,-395,-4064
474,-7708,4360,-379,-329,-223,-4080
-2648,-92,20086,-1777,-1024,-301,-4080
2882,4022,2408,3181,1456,321,-4016
-1296,-6852,1996,-1570,-968,-280,-4048
-694,7898,12458,215,32,-49,-4048
2186,-4806,166,754,757,13,-4080
-3240,-1522,13230,-1812,-912,-474,-4080
888,-12454,9604,1886,-428,-260,-4064
-194,9682,10794,-418,263,-102,-4080
-2582,-1936,1510,269,-119,-433,-4032
2824,4650,5958,-909,-461,-66,-4064
3708,642,5624,664,1285,423,-4032
-5088,-14882,16332,148,-1228,-446,-4064
2772,10084,18394,732,711,297,-4064
-976,-6810,4566,1325,578,-267,-4064
-3810,8058,15842,-2548,-844,-549,-4064
862,-932,72,2157,617,-30,-4064
1734,-8274,6198,-2021,-1012,-288,-4032
-1720,7076,16408,270,793,216,-4064
-114,-5256,-862,1240,190,-189,-4080
372,3338,14468,-2676,-577,-170,-4080
-1534,870,10948,1298,725,22,-4080
-460,-9672,7586,-2080,-925,-577,-4048
3488,-2510,3476,3150,522,5,-4080
-868,3436,12390,-2459,-392,-366,-4048
-2706,2294,7936,1740,-78,-278,-4080
3224,2394,5270,-1566,3,194,-4096
-1118,7108,10168,-1820,775,15,-4064
3238,-1670,-5390,2315,218,-214,-4096
2320,2616,6558,-3608,160,-29,-4096
-1374,-3256,4750,3113,971,-277,-4032
-1562,-6004,12180,-2744,-1083,-461,-4064
-2722,4564,16976,280,-34,-80,-4032
5572,-3062,-4532,1551,601,41,-4032
-2416,5208,17996,-2456,-647,-134,-4032
1132,1978,11860,-1988,-547,-153,-4048
-2282,1272,12744,1357,779,10,-4048
-2090,-3860,9358,-2096,-972,-623,-4096
3848,1106,1700,3009,719,37,-4064
-946,1928,9698,-2380,-416,-397,-4064
-2592,2414,9378,1406,-226,-281,-4064
3780,2876,3154,-1304,282,240,-4000
-1284,5154,9258,-1942,704,-66,-4080
3608,726,-4670,1958,201,-206,-4080
2084,1180,4620,-3253,276,-29,-4080
-1794,-758,5056,2587,856,-311,-4016
-692,-5888,10152,-2495,-1002,-398,-4080
-2724,3480,17138,200,-110,-168,-4048
5222,-1188,-3432,1417,629,78,-4048
-2620,3044,17514,-2207,-556,-101,-4048
174,5850,4346,1822,568,-93,-4048
2500,-5156,-110,-1373,113,-32,-4048
-2890,1506,13794,-190,-320,-247,-4032
178,-11546,7898,189,-770,-439,-4064
1138,8666,7108,1723,650,27,-4064
-2296,-2440,3378,-1101,-295,-403,-4064
-2440,2416,9756,801,-456,-118,-4064
4074,-2066,5506,394,800,386,-4096
-5732,-11840,20000,-1715,-840,-375,-4064
3604,7718,12152,2722,923,164,-4064
1688,-938,4952,-1977,334,-236,-4096
-2604,9786,10816,242,219,-421,-4048
1464,-5592,-696,342,-109,-155,-4080
-1114,-5664,15222,-2118,-1190,-356,-4048
4724,80,-2384,3027,1561,393,-4080
-2594,-6122,7094,-1150,-761,-262,-4080
-712,6204,17724,-407,-187,-129,-4048
2352,-5064,138,863,708,81,-4064
-3980,-778,15760,-1789,-924,-499,-4048
2384,-9162,7956,2366,-350,-183,-4048
-992,7892,14506,-589,306,-96,-4064
-2348,-3200,720,833,30,-410,-4064
4452,-2412,3834,-87,721,344,-4032
-5568,-14656,19190,-2669,-844,-448,-4064
5226,4194,-6172,2767,1048,110,-4064
1922,-2650,706,-2065,466,-242,-4048
-2768,10794,11382,-106,229,-427,-4064
1588,-4342,-1226,546,11,-143,-4064
-3000,1974,19624,-2294,-1268,-351,-4064
4256,1754,-870,3327,1619,368,-4032
-2468,-7440,5424,-1220,-872,-286,-4032
-312,6372,17948,-347,-184,-40,-4032
2450,-5320,8,1052,812,60,-4096
-3776,-408,15060,-1999,-924,-509,-4064
3082,-7308,5594,2407,-236,-186,-4064
-1052,7150,13442,-1104,129,-153,-4064
-2544,-2938,866,873,48,-407,-4048
1688,4632,8726,-1511,-534,-23,-4080
746,7518,7844,566,1344,376,-4080
212,-8026,340,571,-1039,-475,-4048
2990,9452,16856,-150,518,213,-4048
-398,-8168,4188,1964,712,-253,-4048
-3166,-656,16486,-2869,-973,-516,-4048
1148,-3130,-408,2168,627,-40,-4064
508,-7598,11020,-1621,-793,-245,-4048
-1320,8824,15036,221,818,233,-4064
1722,1060,-4156,1729,340,-165,-4064
120,5328,17152,-3010,-647,-164,-4064
-620,156,8034,1252,647,-15,-4064
-748,-8076,6738,-2085,-983,-590,-4064
3342,6970,1438,3248,742,34,-4032
-912,5324,13652,-2543,-484,-416,-4032
-2862,1272,5868,1711,-143,-238,-4064
4624,-1966,1822,-1219,228,187,-4064
-3910,-2214,16100,-2223,612,-94,-4048
1362,-6012,-2644,2472,388,-171,-4080
2630,6592,10260,-3869,102,-117,-4080
-1966,7254,6356,2981,1002,-260,-4080
932,-8440,2796,-2586,-1079,-456,-4048
1296,-8776,7684,-2468,-1309,-350,-4096
-3544,-3570,14770,-2595,-695,-147,-4096
1404,2500,-2506,2223,643,-70,-4064
2360,-3444,2072,-1298,158,-38,-4048
-3976,804,17456,-259,-360,-273,-4064
1074,-12958,10164,-7,-855,-471,-4032
3164,8894,742,1867,920,87,-4064
-2080,-3322,4154,-1053,-390,-487,-4064
-1156,4756,14120,111,-639,-162,-4064
3020,2188,6312,1193,1150,459,-4064
-4670,-6426,17368,-2036,-1155,-487,-4064
2562,10314,19978,1534,736,229,-4080
1284,-8588,1694,558,627,-257,-4080
-3908,6492,16842,-2188,-579,-544,-4080
270,744,1876,2205,589,-44,-4048
2862,-9384,3426,-2475,-1272,-351,-4048
1332,7996,6752,1284,1174,266,-4080
116,-5274,-3008,1001,-47,-206,-4048
948,3116,13194,-2596,-633,-162,-4080
1440,-3580,2224,1544,943,105,-4064
-244,-10712,7208,-2073,-967,-614,-4064
3722,-148,2192,3070,883,85,-4096
-972,1530,10848,-2431,-519,-410,-4032
-2918,2370,10210,1303,-327,-233,-4064
4542,-1848,2934,-771,462,271,-4032
-1252,6462,9434,-2622,355,-168,-4080
3590,646,-5284,2309,541,-142,-4048
2448,2000,4180,-3727,278,-71,-4048
-2234,10228,8046,2409,890,-327,-4080
1374,-6318,-288,-337,-321,-233,-4048
-1688,-4758,17298,-2138,-1187,-333,-4064
334,8538,10070,887,966,267,-4064
1110,-2708,-4284,1282,152,-168,-4064
1234,964,9598,-2716,-632,-156,-4064
598,-1876,4366,1449,882,20,-4048
-1644,-4978,7966,-2373,-973,-611,-4048
1004,9852,6870,880,564,0,-4080
-2218,-2786,2430,314,-111,-419,-4048
938,4942,10094,-797,-531,-51,-4048
1754,5836,6954,977,1290,413,-4016
-1730,-10910,5440,64,-1222,-462,-4048
3692,7930,13270,992,730,222,-4048
24,-9688,3740,1148,615,-246,-4048
-3934,1536,18156,-2464,-763,-539,-4080
1636,-5082,-1432,2189,573,-12,-4032
-962,-6496,14770,-2061,-1124,-315,-4048
-480,9018,12952,586,855,234,-4048
1384,-892,-4836,1409,304,-196,-4048
-626,6226,18216,-2584,-570,-151,-4064
24,-684,6116,1216,796,15,-4064
-1126,-5756,6720,-2336,-963,-622,-4064
3824,5034,-160,3050,580,-7,-4064
-880,6752,13798,-2523,-411,-394,-4096
-2548,570,4068,1582,-90,-273,-4032
4408,-342,1554,-1272,163,194,-4064
-3164,-224,14128,-2132,632,-47,-4032
88,-7494,538,2224,288,-191,-4064
3048,7654,11228,-3270,257,4,-4080
-1956,5068,5540,2868,947,-293,-4112
584,-7716,4792,-2771,-1082,-464,-4080
-1464,4434,10204,460,41,-112,-4080
5436,-6844,-3676,1218,444,32,-4080
-3336,-1904,16718,-2303,-561,-114,-4080
1506,972,-4036,2339,708,-54,-4064
2112,-2560,4300,-1870,-25,-80,-4048
-3972,1384,17370,96,-174,-201,-4064
854,-12224,9002,-233,-828,-479,-4064
2902,6562,2634,1883,706,72,-4064
-1218,-496,5674,-1238,-271,-417,-4032
-1554,3420,11036,838,-537,-119,-4064
3408,896,6506,192,806,391,-4064
-3678,-3138,14312,-1711,-616,-359,-4064
4592,3654,634,2495,770,137,-4064
-866,-6762,5040,2508,772,-304,-4048
-2830,-1666,15958,-2731,-1089,-464,-4032
-1480,4054,11212,537,70,-118,-4064
5380,-5738,-3798,1065,451,79,-4064
-3324,-2930,15332,-2136,-509,-94,-4064
1314,2408,-2400,2037,673,-67,-4064
2120,-3016,2578,-1727,-9,-48,-4064
-3946,902,17208,-342,-346,-249,-4064
808,-11342,9830,110,-767,-440,-4064
2806,6524,2100,2132,729,48,-4048
-1568,-1408,6190,-1642,-381,-468,-4048
-1212,4718,11318,937,-392,-146,-4048
3532,678,4692,128,802,385,-4048
-4308,-3414,16568,-2239,-695,-383,-4080
4896,5238,748,2836,972,98,-4048
1078,-7128,2926,-2570,303,-262,-4080
-1968,7570,6552,749,401,-394,-4096
1130,-7972,2114,370,-73,-170,-4048
-2694,-1196,20174,-2124,-1208,-342,-4048
2544,5740,4072,3170,1512,336,-4064
-3348,-3614,14706,-1619,-888,-234,-4032
-1130,7334,14460,73,-90,-76,-4064
1822,-3970,1572,709,735,88,-4032
-2672,-2384,11420,-1646,-884,-451,-4032
1206,-11988,9492,2090,-429,-234,-4032
-366,9608,11816,-443,256,-101,-4064
-2498,-2060,862,686,-1,-409,-4064
2902,3438,5424,-915,-487,-35,-4048
-458,7074,9002,-452,1153,221,-4080
2166,-2916,-3310,1443,-602,-381,-4080
2722,9680,18286,-1682,352,132,-4080
-1166,-4670,4982,2727,823,-277,-4080
-1982,-4370,13716,-2982,-1111,-543,-4112
372,-34,1852,1860,544,-37,-4064
2400,-8798,5276,-819,-456,-188,-4064
-2342,6126,17814,-1034,265,94,-4064
926,3236,13586,-2366,-612,-130,-4080
-1692,1312,10930,1221,703,-9,-4048
-188,-9822,6728,-2221,-958,-600,-4080
3638,-1230,2444,3014,669,25,-4080
-792,3806,10742,-2657,-421,-402,-4064
-2582,2640,7248,1482,-119,-235,-4096
4614,-2146,2088,-1621,195,206,-4080
-780,7878,8622,-2131,646,-61,-4080
3202,-1410,-5834,2086,391,-194,-4048
2354,3896,6138,-3706,148,-110,-4080
-1868,9750,7198,2787,986,-299,-4048
-1676,-4998,12954,-2605,-1087,-431,-4048
-2292,4522,15844,-19,-124,-133,-4048
5320,-3148,-4794,1907,834,94,-4048
-2722,5240,18124,-2510,-694,-177,-4064
930,4616,1274,2118,637,-83,-4064
2524,-5022,362,-1606,52,-29,-4064
-4394,42,17704,-260,-402,-259,-4064
-248,-10888,7588,196,-828,-451,-4064
1928,10214,4122,1812,843,39,-4064
-2226,-3810,2382,-840,-351,-452,-4064
-2,4982,12916,165,-642,-87,-4064
4878,-3338,2320,1364,1149,485,-4032
-5426,-11672,19924,-1990,-1267,-515,-4096
3742,8358,10770,2847,1121,180,-4048
626,-10382,2086,-1998,380,-266,-4080
-2550,11478,9806,-615,32,-445,-4048
1710,-6352,-1662,1221,166,-130,-4048
-1560,-5862,16968,-2614,-1387,-415,-4080
5094,-770,-3544,3327,1583,362,-4064
-2962,-7256,8396,-646,-672,-279,-4048
-726,7058,18658,-948,-365,-78,-4048
684,-1710,4656,1246,910,83,-4080
-4180,50,16696,-2015,-936,-526,-4064
2340,-9816,7620,2617,-169,-156,-4032
-1082,8354,14886,-1451,60,-145,-4096
-2422,706,2016,1421,147,-348,-4064
1284,6794,8268,-371,1185,241,-4048
-962,-10636,3388,2078,-130,-256,-4048
2738,8828,15408,-3330,139,17,-4064
-1864,3062,5924,3122,994,-257,-4064
-266,-8046,6660,-2874,-1101,-488,-4064
-1396,4408,8328,388,50,-118,-4096
5682,-7578,-4324,1252,622,38,-4032
-3448,-602,17180,-2414,-514,-120,-4048
-308,7596,9358,2287,697,-37,-4064
1862,-1370,5288,-1894,-15,-85,-4096
-3752,1422,16612,138,-153,-237,-4048
600,-13190,9870,-283,-864,-475,-4080
120,10650,10002,2276,845,45,-4048
-1458,-2176,7340,-1356,-424,-458,-4080
-2250,4736,13160,616,-592,-143,-4048
4350,-580,4286,766,961,428,-4080
-3698,-422,15618,-2663,-798,-392,-4064
5144,4582,-2404,2979,1105,163,-4048
1414,-5854,2362,-2294,348,-261,-4048
-3592,9610,14852,436,366,-405,-4064
480,-8810,4122,393,-167,-185,-4064
-2790,-236,21278,-2136,-1232,-327,-4032
2656,4664,2670,3256,1543,359,-4096
-770,-6320,454,-1276,-853,-290,-4064
-786,7808,13352,-438,-97,-89,-4064
2104,-4304,290,1021,864,23,-4032
-3214,-1716,12088,-2021,-933,-510,-4064
3164,-4738,4472,2559,-297,-176,-4064
-310,10994,10976,-817,223,-106,-4048
-2308,-2126,-858,1086,58,-394,-4048
2928,2530,6114,-1789,-593,-1,-4080
-764,9042,10012,772,1499,398,-4048
-4606,-16418,13600,835,-1046,-424,-4048
2278,10494,21286,-579,454,213,-4048
-1164,-5346,5226,2679,842,-250,-4048
-3948,7190,16996,-3078,-1086,-593,-4032
414,280,1548,2313,669,20,-4048
5842,-4586,-5222,3401,1461,306,-4064
-28,-5240,-2326,-909,-746,-243,-4048
-1064,7838,16418,-1201,-372,-95,-4064
1544,-3758,1878,1404,956,64,-4064
-2654,-3264,10920,-2249,-1008,-558,-4064
3900,-790,2448,3053,61,-102,-4096
-716,9250,13588,-1911,-199,-271,-4064
-2464,-726,1212,1515,95,-332,-4064
3678,2136,2880,-1618,-344,71,-4048
-1290,6316,10496,-378,1224,268,-4048
-3130,-13950,9688,1451,-661,-381,-4080
2760,9776,17578,-1579,364,151,-4080
-1600,-2126,5368,2657,826,-249,-4048
-1290,-5894,11452,-3003,-1097,-525,-4080
-128,1800,3698,1625,479,-35,-4048
3650,-8928,1438,-556,-364,-168,-4048
-2786,3864,18286,-1283,131,64,-4080
640,-3228,-3672,2160,615,-114,-4032
1184,1378,10880,-3087,-504,-190,-4064
-2626,2054,13442,826,403,-91,-4064
364,-11068,7062,-1536,-865,-556,-4064
3538,1394,2646,2590,701,51,-4064
-798,2010,9194,-2001,-353,-426,-4096
-2534,1750,9210,1231,-404,-213,-4032
4316,-1628,4654,-825,479,323,-4064
-1242,5448,8632,-2448,175,-227,-4064
3694,874,-5300,2224,690,-94,-4032
2214,1566,4350,-3647,272,-85,-4080
-2182,9950,8286,2274,832,-318,-4048
-1138,-5976,11048,-2017,-907,-388,-4048
-2146,3342,17206,-523,-360,-217,-4048
4740,-1044,-3398,2278,1047,156,-4048
-2730,3310,17646,-2515,-780,-188,-4032
472,5876,3786,1466,462,-73,-4048
2452,-4970,-378,-530,341,29,-4048
-4116,-626,16996,-598,-601,-303,-4064
160,-11460,8412,701,-817,-409,-4096
-1116,1330,9080,-2386,-331,-344,-4064
-2508,2568,10252,1267,-359,-204,-4064
4400,-2204,4088,-577,581,278,-4032
-1780,5192,10116,-2836,-38,-265,-4032
4530,2144,-6318,2606,898,11,-4080
2132,-408,2906,-3419,316,-204,-4048
-2624,10366,9908,-270,114,-430,-4032
1724,-5738,-718,766,54,-142,-4064
-1396,-6004,16250,-2207,-1260,-345,-4064
4668,-210,-2422,3024,1580,349,-4064
-2654,-7008,7892,-866,-728,-283,-4032
-842,7308,18098,-756,-265,-102,-4064
536,-1206,4386,1186,827,64,-4064
-4210,-246,16794,-2118,-993,-522,-4064
2550,-8832,7506,2339,-227,-166,-4080
-932,7184,13228,-808,139,-165,-4080
-2758,-648,3814,650,0,-394,-4080
1192,5106,8324,-1253,-308,3,-4048
1666,5754,6572,-128,1183,328,-4080
-1332,-9618,4602,776,-901,-403,-4048
3626,7886,12702,106,602,214,-4032
116,-8552,4414,1924,696,-285,-4080
-3736,1464,17422,-2634,-973,-514,-4048
-942,3316,7386,2021,604,-8,-4064
-866,-6234,14300,-1667,-880,-250,-4032
-410,8554,12458,29,725,166,-4064
1364,-716,-4368,1751,383,-179,-4064
1718,-1116,6372,-2953,-628,-155,-4064
26,-618,6078,1117,588,-9,-4064
-1002,-6510,6966,-1862,-896,-556,-4096
3290,4262,1812,2992,664,27,-4032
-1226,-196,8312,-2221,-367,-411,-4064
-2892,-586,4450,1614,-165,-259,-4080
4120,-70,3686,-1361,146,212,-4080
-2914,1054,13162,-2036,563,-85,-4048
4978,3568,-3912,2159,352,-183,-4080
2858,8710,12858,-3685,221,-76,-4048
-3214,9936,12422,-1840,-503,-502,-4032
1500,-3684,-1064,2214,674,-37,-4032
-198,-7066,11926,-1769,-883,-235,-4016
-982,8954,14132,-63,681,219,-4048
1586,572,-4102,1662,401,-164,-4080
2018,-1690,4438,-2814,-576,-140,-4080
-406,-398,8018,1031,542,-19,-4080
-1058,-7338,7428,-1901,-930,-600,-4048
3494,6276,784,3164,778,47,-4080
-890,5948,14034,-2620,-449,-414,-4064
-2740,1266,5300,1580,-184,-245,-4048
4674,-1058,1516,-964,365,231,-4048
-3774,-1874,15490,-2285,375,-122,-4064
1044,-6426,-1206,2540,478,-136,-4064
2664,5860,10858,-3605,153,-98,-4032
-2042,6330,7222,2655,903,-293,-4064
722,-8142,3756,-2130,-923,-400,-4032
-2058,4854,12296,-350,-322,-186,-4064
5830,-5838,-4660,2235,943,167,-4032
-3500,-3160,15028,-2560,-878,-192,-4064
-782,7834,13142,1727,484,-50,-4064
2322,-2914,2402,-1467,119,-59,-4080
-4122,1076,17094,-380,-442,-253,-4048
1150,-12894,9616,361,-814,-411,-4080
-628,9246,12826,1491,727,13,-4080
-1506,-2184,4014,-803,-251,-466,-4112
-1172,4218,12090,225,-600,-119,-4048
3154,750,6700,812,1021,454,-4016
-4246,-4720,15470,-1830,-931,-439,-4064
5046,5524,1694,2369,923,245,-4080
922,-7158,2784,-1783,417,-279,-4032
-3540,6954,15770,-482,73,-440,-4032
960,-7630,1912,1009,111,-146,-4064
2352,-8592,5848,-2112,-1233,-317,-4096
1580,6300,6076,1131,1000,240,-4096
-112,-5212,-1196,1201,66,-208,-4096
844,3110,13574,-2291,-574,-98,-4016
-4318,246,17868,-734,-618,-301,-4048
1084,-12354,10428,1742,-663,-301,-4080
-782,9556,13926,395,448,-39,-4048
-2566,-1718,1294,744,-87,-396,-4064
-706,5122,13538,-1265,-611,-59,-4096
2940,3080,6018,1197,1414,429,-4064
-3552,-14664,11012,-263,-1361,-466,-4048
2376,10896,19550,1159,779,259,-4080
732,-9874,2142,1159,630,-291,-4080
-4174,4800,18328,-2534,-783,-572,-4080
-50,1546,3858,2452,648,-40,-4080
3612,-9386,1372,-2238,-1210,-338,-4080
850,8688,8916,756,988,278,-4080
682,-3370,-4228,1220,198,-200,-4048
1292,2120,10120,-2799,-564,-149,-4048
1014,-2446,3922,1295,860,45,-4064
-2124,-3540,8472,-2375,-974,-614,-4064
4174,1304,442,3325,536,42,-4032
-1168,-190,11064,-2700,-484,-400,-4064
-2196,-96,762,1857,9,-249,-4064
4146,632,1354,-1700,77,159,-4032
-2130,5654,11710,-2185,729,-31,-4096
4630,2464,-6994,2360,356,-193,-4064
2566,9746,17588,-3792,114,-94,-4064
-1830,1252,5766,3204,969,-279,-4048
-404,-7640,8256,-2924,-1142,-475,-4080
-2914,3128,19290,552,45,-107,-4048
4710,-8632,-1744,1104,442,27,-4080
-2958,2000,18082,-2465,-532,-131,-4048
204,6688,5610,2312,731,-62,-4048
1778,98,7950,-2463,-179,-111,-4096
-3196,1798,14894,-2,-247,-211,-4048
332,-12580,8726,1093,-698,-378,-4064
754,9958,8354,884,513,4,-4064
-2304,-2454,1716,-197,-202,-440,-4064
1452,4696,8834,-150,-594,-67,-4064
4264,-1462,4914,947,1140,442,-4032
4692,2834,-4530,2030,206,-184,-4080
30,-8968,4370,-353,481,-279,-4064
-2588,9942,11264,-1450,-351,-506,-4064
1322,-4678,-434,2026,474,-43,-4080
-576,-6658,14152,-2290,-1281,-362,-4080
-602,8730,13326,1473,1207,303,-4048
-2132,-6954,5426,415,-245,-233,-4032
-466,6116,17886,-2491,-608,-126,-4048
-56,-390,6292,1433,917,47,-4064
-874,-6692,6710,-2357,-985,-603,-4096
2754,-7308,6764,3058,279,-25,-4096
-910,6504,13794,-2067,-243,-321,-4064
-2722,208,4428,1588,-2,-283,-4032
4230,-666,2550,-1636,-99,118,-4064
940,7318,7462,-1198,1024,125,-4032
-308,-8904,1060,1949,-164,-291,-4064
2764,8184,13286,-2472,232,70,-4080
-1816,4802,5728,3169,949,-217,-4048
-3374,-710,17200,-3224,-1250,-556,-4080
-1252,4658,9858,1340,433,-54,-4080
5272,-7418,-4044,201,-46,-94,-4048
-3488,-1390,17440,-1951,-213,-9,-4080
1480,84,-4276,2532,762,-82,-4080
2118,-1636,4558,-2720,-277,-118,-4080
-3778,1372,16316,336,-5,-129,-4080
-938,-6666,6944,-1355,-913,-558,-4032
3806,6148,56,2838,975,99,-4096
-1546,-1600,6800,-2183,-535,-439,-4032
-2084,3938,13244,1173,-400,-164,-4064
4574,-432,1312,-216,720,311,-4064
-3280,-220,13604,-2790,-266,-300,-4064
4708,4720,-1928,2530,860,3,-4064
1794,-4718,2046,-1683,437,-232,-4064
-3076,9116,13048,-583,34,-494,-4064
1150,-2580,-350,920,112,-157,-4064
-2300,10,19716,-2287,-1245,-383,-4096
-3600,-2640,16372,-2547,-668,-148,-4048
-580,7970,11938,1765,544,-53,-4080
2132,-5254,386,787,712,66,-4048
-3370,-1628,14012,-1674,-995,-481,-4048
3112,-4996,5464,2249,-355,-205,-4048
-222,9436,10872,-299,280,-153,-4080
-2664,-2172,1956,639,-59,-408,-4080
2294,4242,6968,-876,-433,-8,-4048
214,7274,8166,649,1202,398,-4080
-5162,-15290,16960,377,-1135,-482,-4048
2914,9504,17624,445,635,241,-4080
-786,-7732,4306,1464,621,-276,-4048
-3500,8864,14282,-2302,-705,-535,-4064
1160,-1966,-496,2172,618,-18,-4064
1062,-8302,8398,-2120,-1060,-277,-4064
-1926,7784,16740,657,863,209,-4064
-702,-6120,332,1434,246,-158,-4064
336,4038,15714,-2780,-691,-144,-4064
-1136,990,9736,1226,717,-5,-4064
-310,-8870,6328,-2179,-877,-584,-4064
3272,-3088,3998,3025,652,44,-4064
-774,4210,11962,-2383,-329,-372,-4048
-2678,1754,6876,1453,-79,-304,-4048
4630,-1664,2034,-1534,149,175,-4080
-290,8236,8210,-2157,711,-29,-4048
2424,-2414,-4684,2150,221,-223,-4048
2774,4808,6968,-3573,160,-51,-4080
-1242,-5234,5436,3121,1029,-261,-4064
-2176,-4472,14094,-2687,-1122,-449,-4048
-2330,4928,14738,110,5,-123,-4080
5628,-4130,-5370,1004,444,48,-4064
-2236,6566,17302,-2516,-570,-95,-4064
1292,4052,-656,2273,678,-72,-4064
2510,-4366,804,-1947,-41,-71,-4064
-4472,298,18160,30,-302,-226,-4064
-326,-10388,7382,-51,-859,-473,-4064
2158,8498,3634,2054,818,73,-4032
-2604,-1594,1870,1389,-9,-353,-4048
4574,-1704,3334,-1093,346,257,-4064
-4988,-8584,17876,-2306,-559,-337,-4096
4182,6394,6884,2692,909,74,-4096
2236,2224,5774,-2766,336,-214,-4064
-2306,9310,8426,601,421,-402,-4064
1388,-6820,422,-23,-204,-193,-4064
-1866,-4428,18066,-1949,-1107,-308,-4064
5192,-2136,-3758,3158,1475,352,-4064
-3184,-6274,10420,-1272,-909,-283,-4064
-720,7322,17726,-190,-96,-69,-4096
992,-2168,3498,997,815,31,-4064
-4214,290,17476,-1996,-934,-487,-4096
1944,-9832,8326,2113,-356,-237,-4048
-704,7932,12772,-397,250,-125,-4048
-2902,-1176,3026,415,-78,-428,-4048
612,5616,9448,-1085,-397,8,-4048
2212,4742,5628,443,1311,360,-4080
-2400,-11462,7442,438,-1138,-423,-4048
3860,7194,10868,867,682,227,-4064
304,-9444,3698,1725,659,-272,-4048
-4062,2674,18324,-2681,-927,-524,-4080
-574,2714,6124,2185,597,-12,-4032
-1468,-5778,15930,-1892,-1042,-307,-4032
18,8646,11594,474,826,229,-4064
1220,-1348,-4284,1435,290,-195,-4064
1672,2,7374,-2750,-596,-157,-4096
356,-1212,5856,1112,667,17,-4064
-1570,-5406,7676,-1908,-894,-607,-4064
3926,3446,634,3141,602,21,-4000
-1250,-394,9058,-2689,-496,-433,-4064
-2384,170,2766,1810,-31,-261,-4080
4268,152,1844,-1631,89,196,-4080
-2870,3202,13324,-2063,609,-28,-4080
5164,3966,-5672,2403,373,-208,-4048
2540,8416,15500,-3726,140,-64,-4048
-1976,3536,6070,2987,983,-256,-4080
1332,-4080,-1172,2097,520,-50,-4064
5390,-7892,-3730,1775,722,103,-4080
-3442,-30,17278,-2501,-805,-233,-4064
-376,7012,9082,2007,604,-58,-4048
2360,-4982,-264,-1438,150,-32,-4080
-3672,1374,16044,-370,-437,-283,-4080
518,-12848,9426,429,-816,-453,-4048
202,10146,10208,1497,700,18,-4080
-2466,-2654,1038,-630,-271,-447,-4080
-2180,3766,12782,154,-656,-100,-4080
3950,-412,5252,936,1132,460,-4080
-5228,-14978,16810,-1549,-1037,-464,-4048
4922,4624,-2000,2480,915,173,-4032
1228,-4676,2608,-1610,439,-232,-4064
-3000,8652,13422,-632,-49,-485,-4064
862,-2762,448,1078,109,-133,-4096
-2666,18,19710,-2329,-1316,-369,-4064
3358,3986,1390,2744,1552,354,-4064
-1630,-6252,2100,-470,-563,-284,-4032
208,4896,16388,-1576,-484,-109,-4080
2138,-4752,540,1390,857,86,-4064
-3254,-1912,13400,-2225,-1006,-559,-4048
3074,-4738,5418,2865,113,-62,-4080
-766,5216,12514,-1599,-106,-265,-4048
-2688,-2106,1640,1081,7,-346,-4064
2428,4374,6372,-1638,-195,58,-4048
504,7416,7254,-611,1228,225,-4080
990,-5426,-1496,1216,-760,-406,-4064
2740,9526,18158,-1314,412,176,-4064
-1030,-7490,5134,2736,754,-297,-4032
-2940,-2550,16634,-3062,-1175,-525,-4096
-1762,4660,12346,1875,547,-6,-4064
1222,-8328,8610,-694,-367,-163,-4032
-1748,8116,16368,-1679,-32,15,-4048
1348,2038,-2896,2232,646,-105,-4096
2274,-2848,2220,-2919,-423,-131,-4064
-1064,682,9446,499,220,-95,-4032
3446,-4780,4248,2642,-162,-85,-4048
-1094,4762,13918,-2478,-312,-338,-4096
-2672,2558,6038,1749,165,-297,-4064
2580,3022,6440,-1909,-120,84,-4064
-394,8860,9916,-1450,959,48,-4064
2190,-4214,-4062,2194,-36,-279,-4064
2714,5234,8124,-3136,118,-22,-4064
-1042,-5976,5324,3253,996,-242,-4064
-2334,-4184,14500,-3028,-1190,-506,-4064
-2188,5120,13866,830,219,-59,-4064
6022,-5058,-5484,810,317,11,-4064
-2100,7514,17298,-2138,-242,-45,-4080
1306,3134,-2070,2528,713,-92,-4048
2418,-4140,1446,-2727,-296,-108,-4080
-4258,1176,17746,378,-3,-128,-4048
-296,-9844,7160,-840,-945,-534,-4080
2746,9128,2520,2532,950,72,-4112
-1888,-3078,3692,-1668,-446,-484,-4048
-3042,2194,8638,984,-498,-187,-4064
4750,-1808,1808,-12,752,327,-4032
-4492,-6662,16034,-2874,-402,-362,-4064
4698,6590,3760,2555,946,11,-4032
2756,4372,5764,-3286,358,-214,-4064
-1894,9114,7028,881,521,-347,-4096
1046,-7298,1128,-517,-442,-235,-4064
-2034,-3478,19126,-1639,-948,-293,-4032
5588,-3138,-5086,3138,1495,294,-4096
-3330,-5822,11792,-2011,-991,-262,-4048
-1048,7778,16964,670,125,-1,-4080
1346,-2986,2616,397,582,5,-4048
-4284,386,17994,-1425,-884,-426,-4080
1748,-11634,9634,1873,-493,-289,-4080
-822,9342,13506,150,433,-79,-4048
-2220,-3284,3402,172,-131,-427,-4032
-360,4704,12592,-979,-608,-45,-4080
2532,3604,6850,1098,1315,405,-4048
-3234,-14314,10156,-392,-1332,-484,-4064
2352,1518,4824,-3882,202,-214,-4048
-2376,10632,9004,401,372,-413,-4064
1538,-6996,-620,776,44,-136,-4048
-1942,-4836,18028,-2355,-1304,-372,-4048
536,8682,9982,3111,1564,340,-4080
-2724,-6488,9204,-921,-757,-248,-4048
-884,7348,17980,-755,-256,-78,-4048
796,-2078,4096,1178,833,72,-4048
-4318,-170,17012,-1789,-909,-517,-4064
2030,-10856,8762,2524,-289,-174,-4032
-1202,7990,15440,-1078,139,-139,-4064
-2596,86,2600,1196,102,-392,-4064
692,4022,10952,-1500,-518,0,-4064
1360,5976,8750,91,1196,355,-4064
-1640,-11472,5476,1327,-870,-408,-4096
2902,8976,15704,-904,408,206,-4064
216,-9250,3782,2638,859,-219,-4096
-506,-7216,7742,-3015,-1175,-507,-4080
-1138,3590,7730,1074,259,-43,-4080
4932,-8076,-2256,433,107,-19,-4080
-2972,686,17598,-2113,-300,-34,-4048
1492,-1030,-4676,2368,753,-122,-4064
1716,-572,6720,-2602,-249,-98,-4080
-3362,1712,15234,442,122,-109,-4064
664,-12758,8418,-983,-867,-553,-4064
3570,5296,1042,2283,832,54,-4064
-1174,-248,6526,-1721,-339,-415,-4096
-2108,2626,11424,934,-555,-190,-4064
3744,-1004,6392,-67,738,344,-4032
-2596,872,11094,-2399,-426,-335,-4064
4888,4070,-3804,2420,904,59,-4064
1678,-3106,2720,-2938,394,-213,-4064
-2904,9466,11908,1096,617,-364,-4048
78,-7252,5940,-795,-497,-251,-4048
-2346,574,19552,-1470,-897,-258,-4048
3086,3020,1570,2998,1336,273,-4048
-652,7262,11096,1901,654,-52,-4064
2030,-4776,384,936,758,64,-4032
-3294,-1650,13754,-1782,-932,-461,-4064
2858,-5220,5628,2264,-338,-218,-4032
18,9756,10482,-576,222,-126,-4064
-2776,-2644,1712,784,-60,-406,-4032
2464,4274,7488,-1297,-444,6,-4096
100,7558,7638,488,1368,353,-4064
-5242,-15346,16666,661,-1070,-418,-4064
2820,10290,17994,-385,541,221,-4064
-798,-7214,4172,2289,801,-236,-4096
-2840,-3070,15942,-3088,-1107,-597,-4064
1068,-1578,44,2347,707,16,-4048
1230,-8680,7684,-1796,-1028,-298,-4048
-1576,7852,16612,97,700,230,-4112
1310,2712,-2482,1644,411,-179,-4080
318,3892,15292,-2880,-635,-154,-4080
-1358,406,10072,1052,597,-19,-4080
-482,-9482,7276,-2058,-926,-591,-4048
3790,-2302,2596,3077,700,47,-4032
-792,3816,11614,-2477,-429,-423,-4080
-2754,1874,7590,1491,-209,-261,-4064
4676,-1552,2432,-1229,312,239,-4064
-700,7040,8860,-2351,436,-86,-4032
2818,-1676,-4466,2266,496,-179,-4032
2588,3712,6046,-3724,242,-84,-4064
-2086,9300,7364,2418,903,-314,-4064
-1642,-4824,12524,-2221,-932,-389,-4032
-2548,4660,15256,-392,-363,-174,-4032
5862,-3592,-4732,2094,878,123,-4064
-3258,-5296,12166,-2361,-681,-153,-4080
968,4400,474,1965,613,-74,-4048
2418,-4726,612,-1389,124,-60,-4048
-4464,406,18008,-426,-476,-301,-4080
1736,-10834,9006,589,-777,-425,-4048
1856,8498,4920,1427,598,17,-4048
-1798,-2216,3768,-790,-251,-431,-4048
3442,3022,4176,-1565,-1,190,-4064
-5184,-8822,18320,-1310,-951,-449,-4048
4300,6296,7702,2136,862,196,-4064
444,-8702,4200,-1211,386,-268,-4080
-3768,4616,17390,-752,-105,-453,-4080
1362,-6960,430,1282,172,-99,-4080
-2042,-3826,17882,-2354,-1323,-377,-4048
1148,7728,8066,2442,1477,342,-4080
-3124,-5400,10604,-622,-593,-262,-4064
-1052,6794,17168,-1516,-423,-110,-4080
1004,-2332,4084,1375,863,88,-4048
-1828,-4448,8728,-2061,-940,-523,-4032
1884,-10096,8430,2675,-76,-144,-4064
-780,8668,13142,-1406,-20,-197,-4064
-2456,-1104,1908,1243,81,-326,-4064
3660,1270,3674,-1800,-360,53,-4064
2172,4764,6394,-114,1366,262,-4032
-2426,-12794,7410,1389,-732,-409,-4096
2542,9928,18244,-1635,317,141,-4064
-1864,454,5696,3155,871,-245,-4032
-4008,2320,18622,-3217,-1176,-542,-4112
-636,3038,6060,2060,622,4,-4048
4482,-8534,-1392,-1064,-577,-245,-4080
-2896,2948,17584,-951,394,145,-4080
600,-2498,-3956,2068,572,-129,-4048
1740,810,8170,-2960,-469,-135,-4080
-2786,1098,14072,709,313,-96,-4048
-1552,-4622,7956,-1892,-970,-601,-4064
4260,2998,-474,3181,882,102,-4064
-1284,-418,9340,-2769,-551,-412,-4064
-2688,4118,11968,1524,-167,-208,-4064
4560,-2242,2976,419,943,421,-4064
-5456,-13344,18330,-2751,-732,-434,-4064
4940,3164,-5728,2792,1017,135,-4064
1656,-2084,2516,-2719,348,-245,-4064
-2688,10616,11404,264,288,-443,-4032
-2702,2272,19658,-152,-211,-178,-4064
4358,1108,-1258,2788,1215,249,-4064
-3452,648,18018,-2438,-975,-237,-4096
-306,7128,8118,1398,356,-1,-4064
2346,-5632,-110,93,483,25,-4048
-3774,-384,15742,-1281,-811,-396,-4048
654,-13076,9076,1410,-675,-367,-4064
514,10510,9064,602,542,20,-4064
-2508,-2698,984,119,-87,-409,-4064
1564,4508,8646,-616,-662,-84,-4064
4078,-1690,4824,1287,1254,438,-4064
-5478,-15246,18606,-725,-1323,-504,-4064
2950,9360,17080,1708,814,218,-4064
-322,-9076,4090,356,546,-260,-4064
-3202,10164,13040,-1619,-378,-485,-4080
1194,-3590,-900,1994,455,-83,-4080
154,-7938,11592,-2525,-1363,-352,-4048
-1312,8830,15678,1931,1331,340,-4048
-1590,-6870,2366,536,-177,-222,-4048
-36,5292,17118,-2203,-568,-142,-4048
-596,276,8120,1434,848,66,-4080
-3410,-1506,13516,-2282,-986,-585,-4064
3158,-6150,5498,3251,342,-30,-4016
-946,5544,14560,-2256,-180,-299,-4032
-2890,2020,5304,1868,138,-325,-4064
2236,3450,7816,-2071,-275,35,-4064
-188,9250,9158,-1039,1046,143,-4064
1868,-5706,-3944,2090,-213,-273,-4064
2566,6122,10312,-3033,100,63,-4032
-752,-7426,4212,3657,1101,-227,-4064
-2866,-3996,15862,-3352,-1269,-528,-4064
-2194,5654,13954,1424,464,-23,-4080
6088,-5846,-6090,93,-30,-84,-4112
-1980,8028,17468,-2110,-210,-22,-4080
1438,2942,-2634,2537,737,-71,-4048
2510,-3870,1548,-2772,-307,-125,-4048
-4356,908,17862,436,61,-156,-4080
3840,-2720,2882,3173,251,-31,-4064
-1068,2862,12866,-2658,-420,-389,-4064
-2926,3024,8406,1747,18,-317,-4096
3352,2470,4112,-1594,50,137,-4032
-1016,8142,10334,-2440,504,-85,-4048
3152,-1536,-5254,2390,199,-185,-4064
2580,3080,6118,-3520,149,-41,-4064
-1346,-3758,5386,3117,1055,-251,-4064
-1940,-5648,12506,-2718,-1133,-463,-4064
-2490,4412,16500,164,-50,-118,-4064
5610,-2884,-4642,1636,656,109,-4096
-2562,4866,18398,-2656,-778,-184,-4064
1074,5716,824,2198,731,-46,-4096
2568,-5140,-504,-1648,68,-75,-4096
-4460,562,17966,-98,-270,-208,-4048
-14,-11476,7572,-39,-828,-488,-4080
1802,9614,4798,1945,792,18,-4080
-2084,-3162,2790,-1097,-358,-465,-4016
22,4484,12054,530,-636,-120,-4080
4548,-2400,3056,814,999,431,-4048
-5396,-11036,18720,-2179,-998,-391,-4080
4106,7542,9722,2655,1046,173,-4080
2280,746,3660,-2586,423,-269,-4064
-2444,11002,9266,9,248,-404,-4064
1564,-6304,-904,574,-64,-145,-4032
-1686,-5466,16994,-2163,-1299,-351,-4032
4640,-832,-2730,3128,1487,362,-4032
-2588,-6888,8178,-907,-757,-267,-4096
-728,6722,18492,-660,-191,-73,-4064
454,-1326,4730,1185,914,59,-4064
-4162,-370,16634,-2055,-935,-552,-4064
2142,-9068,8136,2482,-303,-201,-4080
-850,7794,14316,-991,96,-171,-4048
-2462,524,2808,1200,37,-363,-4080
1196,4190,10648,-1646,-487,6,-4016
1052,7164,7790,340,1389,325,-4080
-744,-10152,2074,1049,-908,-430,-4048
3028,9406,16062,-328,524,215,-4064
-3234,10434,13078,873,513,-388,-4064
1510,-4136,-826,1227,161,-108,-4080
-3086,1502,20284,-2321,-1301,-381,-4032
3996,2532,-200,2936,1522,374,-4048
-1810,-7068,3984,-626,-629,-235,-4048
-424,6142,17824,-1064,-333,-84,-4080
2302,-5142,-334,1178,912,100,-4064
-3918,-1068,14794,-2216,-1025,-546,-4080
3014,-6480,5860,2871,4,-69,-4048
-892,5208,13576,-1503,-125,-185,-4016
-2300,-1750,848,991,30,-376,-4032
2310,4194,6410,-1264,-305,39,-4064
376,6892,8240,-334,1197,265,-4096
296,-5906,612,1306,-766,-391,-4064
2932,8444,17240,-1016,465,178,-4064
-730,-7474,5764,2383,699,-267,-4064
-2978,-1634,16482,-2790,-1051,-590,-4064
-1688,4190,10784,1816,523,-27,-4064
526,-7638,10120,-1309,-722,-218,-4048
-1240,7922,15178,-457,486,156,-4112
1506,2078,-3380,1939,558,-140,-4080
2112,-3002,3178,-3019,-548,-165,-4080
-898,578,8898,956,473,-56,-4048
-374,-8354,6164,-1670,-888,-569,-4080
2834,6566,2104,2596,620,27,-4080
-628,5398,11398,-2166,-300,-386,-4064
-2668,482,5636,1276,-332,-262,-4048
4290,-230,3450,-1263,359,243,-4032
-3894,-2662,14460,-2160,483,-117,-4064
844,-4684,-968,1995,481,-147,-4032
2970,6982,9094,-3636,260,-117,-4064
-1786,6912,5610,2436,844,-321,-4064
904,-7822,3026,-2245,-973,-397,-4032
-1682,4452,12132,-262,-280,-161,-4064
5384,-5754,-4548,2105,920,145,-4064
-3426,-3038,14886,-1931,-888,-263,-4080
2314,-3160,1898,-1676,23,-47,-4064
-2804,-2330,11930,-1740,-938,-469,-4048
3322,-3484,4260,2304,-352,-201,-4048
-764,4702,12188,-1935,-159,-299,-4048
-2620,1530,6254,1346,-3,-329,-4048
2808,3940,5640,-1736,-94,71,-4048
-154,7708,8258,-1151,1088,131,-4080
2082,-3084,-3704,1771,-252,-335,-4080
2698,9562,19114,-2140,284,109,-4032
-1194,-5264,5322,3023,884,-268,-4064
-2086,-4250,14182,-3078,-1193,-516,-4032
-2278,4992,14342,1381,454,-31,-4032
2064,-8972,5792,-70,-110,-71,-4064
-2148,6716,17432,-1762,-58,3,-4064
1178,3422,-806,2356,681,-63,-4096
2480,-4028,1062,-2768,-352,-119,-4064
-1474,1080,10452,376,71,-149,-4064
-248,-9420,6898,-1091,-892,-542,-4064
2598,8438,2436,2724,885,94,-4048
-1720,-2580,3780,-2184,-412,-429,-4080
-2752,1896,7714,1202,-380,-217,-4048
4574,-1286,2598,-547,607,294,-4048
-4490,-6448,15966,-2648,-156,-304,-4016
2614,-1556,-3884,2274,762,-63,-4032
2436,4244,6282,-3406,314,-156,-4048
-1772,9076,6490,1277,648,-362,-4048
1148,-7200,880,-1070,-523,-299,-4048
-2094,4378,14798,-1055,-662,-247,-4064
5438,-3272,-4730,2728,1310,240,-4064
-3246,-5548,11840,-2125,-964,-223,-4096
-1060,7344,17066,1038,246,-30,-4032
2384,-4714,456,62,509,29,-4064
-4228,76,17670,-1184,-792,-406,-4096
1590,-11182,9616,1586,-602,-324,-4064
-800,9210,12988,477,522,-28,-4064
-2152,-3008,3624,78,-113,-446,-4032
-380,5194,12090,-362,-610,-98,-4080
-1152,6950,9290,-2422,395,-160,-4080
3876,-20,-6686,2695,878,-37,-4048
2256,1700,4952,-3816,187,-219,-4048
-2292,10512,8892,1325,677,-364,-4064
1626,-6900,-740,-779,-476,-265,-4032
-2500,3970,17884,-1582,-883,-284,-4064
5114,-1882,-3636,3213,1426,309,-4064
-3088,-6450,9832,-2238,-987,-278,-4080
-840,7088,18056,1062,220,-73,-4080
2620,-4800,-8,1,511,26,-4080
-4220,-20,16656,-1135,-758,-355,-4112
2038,-10938,8604,1531,-664,-287,-4080
1562,10912,5188,686,646,-13,-4064
-2206,-3620,874,417,-56,-422,-4048
536,4534,11696,-1044,-688,-51,-4080
1578,5602,8264,1346,1282,467,-4032
-5324,-12730,18026,-630,-1304,-488,-4064
3564,8280,12598,1486,764,245,-4032
340,-9544,3128,595,632,-270,-4032
-3700,1598,17808,-2158,-572,-532,-4032
1444,-5264,-888,2242,539,-59,-4064
-1114,-6634,15440,-2312,-1286,-351,-4064
-364,9354,12916,1319,1154,291,-4096
1328,-1744,-4616,1028,-32,-216,-4032
-246,6832,18172,-2506,-604,-138,-4064
254,-1228,5498,1480,939,55,-4048
-1456,-5700,7420,-2447,-981,-595,-4080
4018,4710,236,3189,456,16,-4080
-1012,7262,14432,-2453,-352,-315,-4016
-2760,710,3790,1705,45,-283,-4048
4512,-4,1258,-1718,-65,157,-4080
868,6760,8254,-1083,1019,144,-4064
-300,-9468,2204,2047,-10,-287,-4048
2600,8352,13722,-2675,280,64,-4064
-1670,3726,5348,3058,981,-273,-4064
-3434,188,16846,-3172,-1173,-508,-4064
-1378,4480,8946,1079,274,-95,-4064
3604,2900,262,2399,1428,355,-4096
-1618,-6690,2986,805,-82,-231,-4064
-94,5462,17350,-2372,-565,-161,-4064
-384,-84,7756,1359,795,31,-4048
-1056,-7410,6900,-2347,-976,-605,-4064
2898,-6092,5704,3274,443,-13,-4096
-930,5422,14034,-2607,-392,-352,-4032
-2572,1746,5538,1792,16,-271,-4064
4692,-2044,886,-1762,13,145,-4032
-34,8768,8636,-1947,804,3,-4032
1466,-5232,-3556,2300,297,-209,-4032
2728,6564,9858,-3757,106,-28,-4032
-1886,8332,6322,3415,1051,-249,-4048
-2766,-3686,16112,-3041,-1219,-512,-4080
-2054,5220,13636,660,156,-99,-4048
5746,-5628,-5364,1079,378,19,-4080
-3374,-3858,14514,-2483,-555,-123,-4048
1448,2908,-2636,2277,763,-88,-4080
2452,-3460,1278,-2133,-39,-73,-4080
-4148,688,17398,-68,-219,-218,-4048
-420,-9144,6778,-699,-938,-523,-4064
3026,9116,1126,2357,915,72,-4064
-1928,-3730,3868,-1503,-450,-479,-4064
-1216,4060,14568,640,-585,-129,-4064
5004,-2052,316,756,1041,424,-4096
-4716,-6706,16744,-2686,-841,-438,-4064
4646,6868,4204,2749,1059,164,-4032
982,-8560,1912,-2452,393,-271,-4032
-1950,9868,7282,-125,240,-448,-4064
166,670,2764,1836,386,-76,-4048
-2460,-3450,19566,-2503,-1413,-399,-4080
1424,7384,7390,2323,1408,355,-4048
-126,-4746,-2296,237,-348,-222,-4048
962,2932,12738,-3127,-612,-175,-4080
-1926,1554,11378,1382,826,51,-4064
-2226,-3238,10052,-2472,-1001,-605,-4064
3802,548,1726,3059,645,43,-4064
-1850,-2274,3552,128,-79,-425,-4032
-16,4270,10868,-916,-398,22,-4064
2214,3542,7406,378,1243,404,-4064
-3348,-13052,10826,761,-943,-442,-4048
2908,9938,17196,-190,541,179,-4080
622,-8628,3888,1469,607,-270,-4096
-3730,4408,17088,-2445,-853,-532,-4064
-126,1468,3738,2009,549,-37,-4064
3508,-8272,1568,-1709,-909,-282,-4064
662,7712,8972,153,751,203,-4000
562,-2938,-3282,1598,383,-159,-4064
1156,1224,10412,-2861,-580,-132,-4064
-2512,1328,13606,1042,566,-11,-4064
-1648,-4350,8268,-1897,-922,-585,-4064
3738,946,1720,3027,543,50,-4080
-1022,1650,10388,-2321,-362,-354,-4048
-2834,2538,9980,1581,-154,-256,-4080
3576,1788,3450,-1469,150,224,-4048
-1626,5838,10222,-2074,670,-63,-4080
4148,1132,-6204,2218,321,-199,-4048
2760,10090,17524,-3438,204,2,-4032
-1710,-414,5252,2852,944,-277,-4048
-902,-6608,9680,-2846,-1166,-484,-4064
-2454,3482,18024,400,99,-107,-4064
4060,-8654,-216,1272,533,43,-4064
-2948,3018,17928,-2406,-526,-148,-4064
256,5902,4616,2220,664,-54,-4032
2458,-5146,42,-1855,-54,-63,-4096
-2680,1346,13978,-136,-347,-243,-4064
220,-11536,8808,-111,-849,-446,-4064
1520,10116,5732,2040,872,52,-4064
-2256,-2820,1584,-1520,-404,-437,-4016
-2694,2920,11384,511,-608,-90,-4064
4340,-1624,4130,387,911,373,-4048
-5286,-12038,17808,-2302,-718,-394,-4048
3582,7888,12018,2600,910,113,-4048
1900,-896,3602,-2349,388,-223,-4048
-662,-6926,8712,-2898,-1177,-505,-4064
-2452,2406,18726,143,-56,-138,-4096
4784,-8100,-1668,1646,706,81,-4064
-3162,1328,18030,-2476,-810,-181,-4080
62,6884,6616,2039,613,-68,-4064
2336,-5410,-528,-1499,62,-63,-4064
-3058,1732,15208,-434,-483,-271,-4096
422,-11916,8330,377,-724,-389,-4096
824,9716,7390,1491,708,24,-4064
-2346,-2462,1866,-951,-253,-420,-4096
-2436,3226,10940,402,-527,-110,-4096
4110,-1576,4748,617,923,438,-4064
-5418,-13440,18606,-1642,-986,-444,-4032
3544,8226,14184,2564,984,147,-4048
1794,-2418,2960,-2076,386,-245,-4048
-2978,10306,11364,-367,122,-469,-4048
1558,-4448,-1236,798,85,-151,-4048
-608,-6820,13410,-2252,-1271,-331,-4080
3812,1854,-150,2839,1476,334,-4080
-2012,-6838,4650,-530,-633,-269,-4048
-398,5370,18054,-996,-328,-107,-4048
2338,-5034,-54,1210,805,86,-4064
-3480,-1446,14642,-1874,-917,-490,-4064
2692,-6688,6770,2547,-251,-160,-4032
-748,7148,13384,-1051,131,-147,-4096
-2664,-3534,1764,1225,68,-353,-4064
1722,3972,9692,-1625,-477,37,-4064
492,7610,8408,-1558,905,90,-4064
810,-7098,-1086,2076,20,-245,-4064
2758,7104,11658,-2953,200,37,-4048
-1894,6746,5942,3342,1023,-232,-4080
-3010,-2256,16360,-3056,-1165,-519,-4064
-1966,5136,12002,1022,282,-86,-4048
5760,-6642,-5090,658,176,-45,-4080
-3236,-2642,15796,-2173,-365,-40,-4048
1440,1736,-3074,2352,688,-71,-4048
2326,-2950,2804,-1098,249,9,-4064
-768,-8302,6994,-2243,-985,-639,-4064
3350,8408,794,2958,901,73,-4048
-1722,-2602,4304,-2389,-465,-455,-4080
-2886,1900,7206,1356,-327,-199,-4048
4752,-1560,1562,-645,514,295,-4080
-4302,-5680,16298,-2750,-88,-242,-4048
4904,5976,2758,2449,851,-30,-4048
2806,4990,6836,-3606,296,-197,-4048
-1960,8842,6670,1494,735,-344,-4048
1110,-7242,1162,-1239,-557,-280,-4016
-2402,4664,14756,-1013,-601,-252,-4000
5828,-4040,-4862,2660,1213,202,-4064
-3390,-4974,12684,-2262,-948,-215,-4064
-902,7490,16132,1201,309,-34,-4096
2580,-4438,396,-221,478,53,-4064
-4316,436,17784,-1040,-714,-375,-4064
1400,-11738,9672,1526,-623,-290,-4064
-634,9152,13322,670,492,-54,-4064
-1954,-3074,4046,44,-191,-448,-4064
-538,5062,12266,-460,-570,-28,-4096
2704,2838,6446,1150,1128,445,-4048
-3594,-13972,11592,-851,-1285,-480,-4080
4370,6494,7148,2175,921,243,-4048
456,-9568,3130,-170,522,-275,-4016
-4126,4984,18070,-1766,-424,-520,-4048
-68,1642,3352,2039,443,-61,-4080
-2092,-4270,18598,-2523,-1382,-343,-4048
820,8382,9092,1812,1293,332,-4048
834,-3308,-3964,549,-138,-224,-4048
-874,6944,17990,-1807,-454,-104,-4096
974,-2348,3938,1369,925,66,-4064
-2012,-4098,8354,-2298,-953,-598,-4064
4018,1508,740,3073,216,-44,-4064
-894,9206,14088,-2348,-273,-294,-4064
-2414,-302,1034,1802,132,-297,-4032
4104,514,2212,-1220,284,203,-4032
-1846,-12700,5360,1806,-341,-352,-4048
320,-10024,2696,489,587,-276,-4096
-3908,1930,18118,-2254,-645,-556,-4064
1468,-5590,-1156,2325,582,-47,-4064
-1264,-6500,15708,-2471,-1388,-377,-4064
72,9482,11978,1534,1248,375,-4064
1038,-1984,-4646,795,-27,-216,-4096
-626,6892,18234,-2395,-559,-162,-4096
344,-1556,5060,1364,846,69,-4064
-1576,-5336,7658,-2394,-1000,-581,-4048
4170,4374,84,3255,358,-13,-4080
-984,7480,14564,-2475,-350,-335,-4048
-2438,704,3104,1635,102,-275,-4048
4236,162,828,-1759,-46,97,-4048
-2670,2568,12448,-1481,970,81,-4048
-648,-9708,3026,2006,-55,-289,-4048
2872,8766,13670,-2975,240,15,-4048
-2012,3218,5632,2955,942,-291,-4048
-3556,296,17058,-3070,-1138,-519,-4064
-1342,3922,8264,1204,288,-82,-4064
5430,-7596,-3078,144,-40,-64,-4096
-3308,-60,17378,-1826,-148,-12,-4064
1368,-140,-4412,2273,718,-100,-4064
1920,-1456,5886,-2582,-295,-94,-4064
-3592,1588,16142,314,-15,-146,-4032
636,-12512,8706,-273,-853,-476,-4048
442,9806,9432,2037,759,64,-4080
-1114,-1028,6936,-1310,-315,-450,-4048
-2142,3502,12124,759,-529,-149,-4048
3828,-740,5476,470,843,395,-4048
-3226,220,13582,-2431,-562,-389,-4064
2934,9390,16508,1907,857,202,-4080
1510,-4508,3010,-815,494,-273,-4064
-3116,9388,13452,-1649,-404,-505,-4080
1286,-3322,-620,2198,606,-12,-4032
260,-7836,10920,-1841,-983,-303,-4064
-3430,-1574,16872,-2117,-954,-268,-4064
-86,5174,17150,-2651,-599,-172,-4080
-586,276,8438,1085,594,5,-4064
-826,-6772,6578,-1997,-886,-585,-4064
3852,6562,-380,3149,651,51,-4064
-1130,5672,15062,-2609,-506,-369,-4032
-2204,4064,13964,1346,-327,-213,-4080
4720,-870,516,-468,648,302,-4048
-3694,-534,14292,-3112,-130,-269,-4080
5218,5944,-2516,2642,899,-22,-4016
2898,7062,11006,-3924,194,-204,-4096
-2016,6670,6520,1471,668,-373,-4048
776,-7862,3366,-1050,-574,-293,-4080
-2532,-610,19960,-1090,-590,-227,-4064
5916,-5992,-5242,2839,1272,262,-4096
-3664,-3128,15584,-2481,-979,-270,-4096
-716,7910,12916,1400,350,-35,-4032
2012,-4884,1008,-271,426,18,-4032
-3928,1120,17214,-919,-733,-335,-4064
1020,-13076,10152,1311,-686,-324,-4064
-450,10068,11874,814,548,4,-4096
-2508,-1976,840,-239,-190,-436,-4112
-1730,3738,13760,-115,-665,-89,-4048
3318,586,6606,1069,1138,458,-4080
-4838,-15548,15382,-1061,-1185,-482,-4048
2838,9642,18438,1999,825,218,-4048
1302,-6474,2492,-367,525,-242,-4080
-3552,7734,14902,-1461,-334,-506,-4080
878,-1022,744,1767,389,-60,-4080
-2318,-1666,19992,-2319,-1287,-358,-4064
1998,5772,4968,1830,1281,263,-4048
-688,-5842,-442,186,-409,-233,-4064
498,3770,14942,-1815,-532,-131,-4096
1696,-3930,1290,1462,898,56,-4064
-2528,-2332,11094,-2394,-964,-556,-4032
3484,-2508,3384,2892,223,-70,-4064
-964,3676,11736,-1857,-132,-285,-4032
-874,4890,12202,577,-554,-80,-4048
3130,2404,5932,1026,1231,419,-4048
-4274,-14736,13174,-551,-1276,-479,-4048
2792,10666,18800,1611,769,264,-4048
1032,-8804,2762,484,560,-250,-4080
-4060,6508,17414,-2915,-1020,-576,-4064
536,464,1670,2053,665,27,-4080
2490,-8792,3724,-1218,-629,-209,-4048
-2272,6138,17588,-337,584,169,-4064
254,-4940,-2386,1911,479,-166,-4032
902,2568,12626,-2987,-588,-147,-4032
-1932,1046,11922,1020,548,-34,-4064
-244,-10950,7996,-1849,-946,-570,-4064
3776,-28,1494,3054,827,64,-4064
-2176,-2830,2964,-1867,-457,-431,-4048
-2826,2280,9948,1023,-514,-132,-4080
4544,-1764,3368,192,742,375,-4048
-5074,-10412,18198,-2527,-515,-344,-4048
3966,7050,9646,2752,919,67,-4080
2226,926,4452,-2937,337,-236,-4048
-2354,10128,9096,742,459,-399,-4048
1522,-6402,-262,-125,-272,-246,-4080
-2628,3584,17840,-1584,-949,-317,-4032
4956,-1380,-2966,3185,1450,307,-4032
-3008,-6776,9544,-1843,-1003,-260,-4032
-666,7370,17912,479,103,-23,-4064
2584,-5306,-346,498,677,65,-4064
-4346,376,16922,-1657,-872,-441,-4064
2154,-9380,7488,2084,-352,-214,-4096
-868,7042,13508,-368,259,-94,-4064
-2116,-2070,2086,400,-53,-414,-4032
1068,4808,8596,-756,-428,0,-4064
1728,4926,6864,523,1151,385,-4080
-1838,-10550,6570,62,-1152,-466,-4048
3908,7678,11430,941,742,243,-4080
6,-8946,4084,905,613,-288,-4048
-3802,1892,17906,-2250,-717,-528,-4048
-2700,2320,19068,-1027,-660,-201,-4048
4210,824,-1188,3045,1411,305,-4080
-2178,-6664,5922,-1550,-925,-253,-4048
-514,5836,18042,169,-23,-89,-4048
2214,-5120,-484,764,784,52,-4080
-3796,-908,15286,-1694,-880,-474,-4048
2380,-7718,7186,2156,-406,-210,-4080
532,9856,8220,22,331,-97,-4064
-2378,-2878,1790,695,-39,-408,-4048
1670,4738,9318,-1119,-495,-13,-4048
804,6586,7866,974,1297,399,-4032
-5646,-14832,18950,259,-1231,-450,-4064
3090,8852,16648,671,707,259,-4064
-510,-8926,4192,1540,674,-259,-4032
-3362,-1070,17522,-2670,-894,-564,-4064
1400,-3378,-1102,2353,637,-14,-4064
22,-7846,11314,-1913,-1097,-288,-4064
-1016,8672,15100,331,752,264,-4064
1484,1104,-3900,1230,197,-241,-4048
-8,5164,17024,-2619,-582,-169,-4048
-554,38,8146,1187,770,15,-4048
-828,-7646,6806,-2289,-971,-610,-4048
3414,7206,608,3041,643,27,-4080
-834,5398,12894,-2577,-429,-381,-4048
-2464,1536,5578,1610,-119,-265,-4080
4594,-1346,1590,-1420,236,224,-4048
-128,7728,8166,-1921,741,-4,-4064
1554,-4786,-2682,2080,219,-207,-4064
2684,5786,9128,-3479,173,-36,-4096
-2010,7458,6610,2877,954,-264,-4064
-2270,-3050,14596,-2696,-1065,-425,-4032
-2248,5042,12878,264,-26,-145,-4064
5884,-5448,-5036,1399,572,23,-4064
-3396,-3472,14676,-2321,-560,-133,-4064
1228,2706,-2024,2033,608,-77,-4032
2374,-3650,1974,-1609,55,-54,-4032
-4306,858,17800,-259,-390,-245,-4064
3512,-2156,3162,3026,354,-36,-4080
-690,3880,10958,-2289,-329,-344,-4080
-2748,998,7618,1455,-185,-261,-4048
4316,-1940,4020,-1339,243,204,-4032
-144,7146,7142,-2058,574,-103,-4064
2308,-2298,-4094,1940,427,-189,-4064
2542,5154,6688,-3373,240,-37,-4048
-1718,8580,6264,2676,904,-299,-4080
-2016,-3934,14036,-2675,-1070,-440,-4080
-2216,4460,14350,284,-6,-127,-4080
5604,-4190,-4676,1406,611,59,-4048
-2066,6168,16806,-2110,-464,-69,-4032
1038,3856,-160,1924,573,-71,-4048
2428,-4236,946,-1473,95,-48,-4080
-4266,420,17480,-368,-407,-305,-4080
-480,-9894,7686,-96,-860,-455,-4064
2418,8714,3286,2108,812,42,-4064
-1970,-3338,4162,-1343,-411,-449,-4096
-618,5446,12778,554,-481,-132,-4032
4738,-3062,2302,801,978,427,-4064
-5276,-8362,19440,-2408,-1001,-431,-4064
4162,7196,6830,2961,1038,201,-4032
928,-9568,2338,-2139,373,-241,-4032
-2156,10174,8338,-317,66,-451,-4064
1592,-7488,-178,489,-71,-176,-4048
-2302,-3644,19000,-2245,-1254,-340,-4048
1220,8376,7788,3333,1606,398,-4048
-3374,-6116,11996,-1373,-857,-294,-4080
-1094,7650,17388,-269,-171,-62,-4048
1284,-2974,2942,974,823,71,-4080
-4308,446,17174,-1646,-859,-499,-4064
1876,-11668,8840,2351,-341,-163,-4048
-1032,9508,13984,-1037,170,-119,-4080
-2220,-936,468,894,103,-384,-4064
-44,5008,12564,-1511,-609,-53,-4064
2194,4590,7048,796,1384,432,-4064
-2818,-13946,8304,559,-1059,-436,-4096
2340,1218,3752,-3496,262,-196,-4064
-3862,3798,17250,-2635,-813,-560,-4048
-270,2562,4252,1593,484,-19,-4048
4182,-8840,-58,-355,-182,-105,-4048
-3278,3302,18700,-1641,-11,34,-4080
730,6516,3332,2547,716,-63,-4080
1362,1088,10182,-3047,-446,-129,-4048
-2642,2010,13850,585,186,-89,-4080
220,-11738,7740,-1235,-908,-529,-4080
3806,2050,1320,2824,881,70,-4064
-1164,822,9432,-2315,-444,-463,-4064
-2648,3234,10432,622,-527,-126,-4032
4578,-2436,3410,698,925,409,-4032
-5510,-11810,19190,-2348,-920,-425,-4096
3790,8014,11446,2860,989,164,-4064
2124,-446,3896,-2321,368,-281,-4064
-2478,10826,10180,399,362,-432,-4080
1538,-5922,-1078,320,-151,-213,-4080
-1268,-5798,16084,-2156,-1187,-315,-4048
4454,0,-2386,3167,1567,331,-4048
-2514,-7186,6964,-822,-790,-262,-4032
-680,6646,18542,-849,-319,-109,-4064
324,-1256,5434,1362,887,93,-4032
-4074,-498,16166,-2050,-959,-530,-4064
2338,-9522,8208,2609,-293,-177,-4080
-1188,7542,15272,-1106,127,-169,-4048
-2436,966,2782,1350,146,-392,-4048
1204,4022,10836,-1766,-543,-5,-4080
962,7664,8750,387,1360,343,-4080
-658,-10368,1810,1207,-962,-442,-4048
2672,8528,14998,-1022,365,190,-4048
-1772,4264,6024,3464,1071,-279,-4080
168,-8410,5448,-3080,-1205,-496,-4048
-1424,4834,9716,745,192,-58,-4080
5368,-7910,-4186,1035,354,-8,-4048
-3410,-932,17446,-2530,-544,-135,-4048
-82,6166,17850,-1532,-452,-105,-4096
-264,-258,6860,1436,911,17,-4032
-1004,-7144,6782,-2520,-979,-624,-4096
3070,-6302,5262,3251,498,4,-4064
-870,5408,13698,-2632,-456,-363,-4048
-2758,1608,5296,1435,-83,-299,-4112
4796,-254,226,-1603,160,156,-4096
124,7946,8668,-2025,784,22,-4032
852,-5456,-572,2043,87,-263,-4064
3084,7118,9510,-3212,228,28,-4096
-1872,6630,5582,2954,931,-260,-4064
-3022,-2392,16340,-2769,-1112,-484,-4064
-1824,4648,11970,366,100,-136,-4064
5682,-5862,-4988,1279,548,51,-4064
-3460,-3836,15346,-2506,-673,-117,-4032
1824,2800,-3610,2365,786,-65,-4048
2386,-3558,2018,-2228,-142,-119,-4048
-4238,1278,18064,119,-167,-206,-4048
1104,-12166,9576,-142,-792,-475,-4080
2560,7320,3134,2105,735,69,-4048
-1834,-2158,5920,-968,-341,-432,-4032
-980,4440,12298,846,-545,-134,-4080
3280,1760,5958,520,861,417,-4048
-4560,-5660,17272,-2006,-860,-400,-4048
4702,5348,3212,2800,970,172,-4048
956,-7584,3246,-2207,368,-251,-4048
-3880,7210,16264,-46,216,-452,-4080
1210,-7866,1728,650,-10,-175,-4048
-2482,-2430,19830,-2208,-1228,-357,-4048
1500,6722,6156,2908,1452,327,-4048
-3122,-4900,12882,-1169,-832,-266,-4064
-1108,7564,16092,-424,-132,-70,-4064
1558,-3014,1840,994,870,48,-4064
-2422,-3038,9844,-1903,-897,-482,-4064
1348,-11594,9660,2444,-246,-154,-4064
-694,9020,12996,-945,127,-140,-4064
-2586,-1552,1600,951,-36,-394,-4096
4680,-2028,3016,-43,707,368,-4048
-5302,-9346,18528,-1662,-1105,-449,-4048
4346,6930,7628,2445,960,213,-4048
618,-9240,3226,-1186,492,-249,-4080
-4002,4458,17774,-995,-145,-505,-4016
1702,-6784,-302,1455,261,-80,-4080
-2348,-4430,18266,-2400,-1416,-387,-4080
994,8070,8830,2593,1476,365,-4048
-3092,-5938,10404,-668,-657,-276,-4064
-864,7322,17290,-1438,-395,-137,-4048
1012,-2510,3368,1283,920,78,-4064
-1830,-4258,8848,-2199,-987,-546,-4064
1938,-10090,8214,2770,-6,-113,-4032
-738,7548,13662,-1383,-126,-213,-4064
-2782,-1100,3764,1095,-9,-376,-4064
3838,2106,3308,-1246,-183,70,-4064
1896,4520,7058,-634,1159,265,-4096
-2278,-11072,7442,1262,-619,-391,-4064
3094,9592,14474,-947,508,153,-4080
-1726,26,4726,2102,693,-279,-4048
-3714,2850,17080,-2777,-1004,-539,-4048
-540,2186,5594,1848,511,-42,-4048
4162,-8308,348,-1008,-599,-211,-4048
-2906,2106,17978,-733,392,113,-4048
790,-1666,-4074,1962,606,-159,-4080
1658,192,8292,-2919,-495,-147,-4048
-2928,1880,14536,758,342,-46,-4080
-1172,-5614,7712,-1644,-901,-603,-4064
3336,2936,2334,2636,595,27,-4064
-880,1424,8416,-2040,-305,-387,-4064
-2354,2174,9816,1408,-326,-191,-4096
3782,1852,4008,-1063,329,249,-4064
-1932,3386,10070,-2216,337,-155,-4064
4510,2134,-5342,2072,586,-126,-4032
1724,-810,3772,-3643,255,-129,-4032
-1920,1384,5022,2107,823,-341,-4064
-276,-6816,8290,-1873,-817,-339,-4096
-1216,-6038,14910,-1999,-1119,-342,-4048
-3018,1488,17382,-1165,230,72,-4080
1046,-1360,-3932,2082,625,-132,-4016
1790,-160,6746,-2574,-304,-98,-4064
-3070,1278,14902,296,82,-134,-4096
112,-11662,9608,-1073,-882,-524,-4064
3968,3376,-78,2832,870,83,-4080
-1328,-278,9082,-2409,-511,-434,-4080
-2422,3804,11796,1507,-281,-159,-4048
4326,-2158,3892,-558,573,296,-4048
-2784,3224,12560,-2844,-157,-296,-4048
5108,3276,-5382,2712,896,-8,-4080
1786,-2896,2312,-3652,244,-191,-4048
-1770,3256,5292,1936,774,-333,-4064
58,-7794,6392,-957,-550,-278,-4048
-2970,1662,20138,-1070,-662,-249,-4064
4026,1804,-462,2905,1267,239,-4064
-3524,112,17576,-2383,-1003,-248,-4064
-286,7082,8786,1349,327,-52,-4064
2402,-5224,82,-264,446,26,-4096
-3782,-474,15012,-974,-720,-383,-4032
478,-12710,9698,1212,-707,-327,-4064
488,10568,8650,702,572,-4,-4064
-2356,-2788,478,-34,-104,-426,-4096
1682,4590,8678,-625,-617,-101,-4064
4172,-1176,4720,1096,1237,433,-4064
-5422,-14226,17820,-762,-1233,-473,-4032
3164,9230,15638,1615,772,232,-4064
-192,-8490,4012,181,528,-265,-4064
-2966,9650,12524,-1830,-483,-476,-4032
1170,-3700,-366,1780,432,-130,-4048
142,-7502,12018,-2404,-1298,-366,-4080
-1204,8664,14858,1950,1361,348,-4048
-1814,-6918,3264,473,-243,-251,-4048
48,5744,17066,-2167,-568,-127,-4080
-356,148,7394,1455,885,64,-4048
-3408,-1060,13916,-2358,-965,-544,-4064
224,10902,9634,1821,842,58,-4032
-2544,-2860,188,304,-92,-393,-4032
2050,4144,8198,-1148,-633,-67,-4064
4108,-742,4052,1468,1382,436,-4032
-5296,-16152,17300,-398,-1394,-476,-4032
2454,10368,19652,1153,733,256,-4064
-624,-8232,4120,1222,639,-267,-4064
-3750,9510,15420,-2588,-772,-566,-4032
1126,-1976,-540,2494,706,-12,-4032
1188,-8712,8382,-2319,-1205,-329,-4064
-1778,8644,16720,827,995,279,-4096
-1004,-6640,474,1291,173,-190,-4032
462,4798,15860,-2819,-654,-150,-4032
-926,444,9070,1337,844,32,-4048
-830,-8926,7276,-2388,-953,-582,-4080
3560,-3890,3072,3351,597,47,-4048
-1084,3714,13452,-2809,-479,-399,-4080
-2860,2826,7690,1821,25,-289,-4080
4994,-2580,496,-1542,89,174,-4048
-804,8676,10152,-2264,622,-41,-4080
2802,-2960,-5240,2538,357,-191,-4048
2560,3718,7108,-3737,129,-81,-4048
-1026,-4420,4442,3164,1043,-280,-4096
-2100,-5058,12992,-2865,-1110,-494,-4064
-2426,4662,15728,502,33,-98,-4064
5718,-3992,-4704,1407,516,42,-4032
-2458,6020,18228,-2530,-652,-167,-4064
1224,4398,-252,2398,703,-57,-4032
2512,-4580,454,-2073,-45,-65,-4096
-4412,1080,17616,-43,-263,-204,-4096
-176,-10740,7622,-103,-824,-461,-4096
2220,9722,3786,1811,800,45,-4064
-1982,-2766,2534,-1384,-391,-455,-4080
-232,4404,11774,628,-621,-134,-4048
4562,-1984,3122,595,888,405,-4016
-4958,-9360,17726,-2225,-794,-416,-4080
4182,6640,7670,2619,968,122,-4080
-1624,-2628,5570,3000,887,-247,-4048
-1690,-5744,11916,-2173,-963,-428,-4080
-2114,3590,16764,-396,-310,-167,-4048
5116,-1938,-3792,2187,986,163,-4048
-3100,-6618,9818,-2492,-917,-214,-4048
810,6024,2550,1609,515,-11,-4048
2502,-4988,-670,-827,313,17,-4080
-4250,-60,17108,-752,-602,-317,-4048
1872,-10478,8958,941,-739,-424,-4080
1398,9992,5522,1160,634,-6,-4016
-2216,-3612,2344,-237,-248,-440,-4048
402,4642,11764,-297,-652,-73,-4048
4740,-2336,2988,1285,1188,446,-4064
-5706,-12600,19566,-1604,-1273,-507,-4064
3660,8696,12684,2457,961,236,-4064
240,-9790,2886,-869,491,-262,-4032
-2926,10932,11258,-1334,-273,-520,-4096
1616,-5456,-1258,1715,378,-51,-4064
-1140,-6274,15288,-2578,-1383,-393,-4064
-246,9424,12060,2315,1370,317,-4064
-2342,-7054,6716,67,-357,-250,-4064
-624,6802,18298,-1746,-436,-116,-4096
308,-1228,5402,1363,941,74,-4048
-1454,-5526,7414,-2307,-980,-576,-4048
2444,-8722,7082,2938,83,-102,-4080
-1068,6582,14426,-1817,-191,-258,-4048
-2556,194,4210,1377,59,-351,-4048
4340,-98,1526,-1669,-202,104,-4048
1040,7348,7528,-965,1140,166,-4016
-494,-8586,1992,1607,-408,-343,-4048
3156,8676,12370,-2151,344,104,-4048
-138,-8518,4940,2708,836,-256,-4064
-3500,-240,17208,-2990,-1139,-560,-4032
-1372,4044,9242,1650,445,-34,-4064
5314,-7386,-3066,-543,-397,-145,-4032
-3270,-832,17116,-2354,-563,-117,-4032
-438,7412,9750,2173,687,-51,-4032
-238,-236,6862,1506,934,68,-4080
-698,-7320,6688,-2321,-985,-624,-4048
3066,5372,2166,2957,558,13,-4064
-752,5556,12152,-2000,-306,-360,-4064
-2830,-548,5796,1286,-305,-285,-4064
3958,374,3766,-1219,245,220,-4096
-2946,-564,12442,-1877,751,-25,-4032
-308,-6852,1928,1775,168,-232,-4064
3192,8596,10720,-3035,353,25,-4048
-1778,4238,4584,2792,890,-290,-4080
202,-7450,5810,-2878,-1184,-474,-4080
-1126,3934,9112,598,160,-95,-4048
5226,-6916,-3546,1057,408,5,-4080
-3290,-1460,16564,-2210,-500,-130,-4048
1562,1006,-3976,2203,761,-92,-4032
2032,-2338,4242,-1821,-50,-76,-4080
-3790,1374,16856,-256,-352,-216,-4048
662,-11810,9428,22,-782,-441,-4016
3092,5780,1762,2126,798,26,-4064
-1428,-768,6922,-1565,-368,-408,-4064
-1712,4064,11592,875,-456,-134,-4032
3898,410,4696,211,806,375,-4096
-3634,-1292,15012,-2325,-676,-372,-4096
4802,4460,-1152,2794,944,127,-4064
1620,-5494,2598,-2610,359,-219,-4064
-3492,9004,14196,247,293,-447,-4064
782,-7988,3812,293,-143,-172,-4096
-2814,52,20236,-1847,-1040,-334,-4080
3052,4326,1948,3188,1492,303,-4080
-1524,-6774,1780,-1715,-915,-298,-4080
-972,7540,12352,182,-50,-81,-4080
2112,-4524,548,700,711,32,-4048
-3118,-1446,12792,-1599,-902,-469,-4048
884,-12376,10112,1662,-562,-266,-4032
-1056,5434,13882,-1353,-10,-211,-4064
-2436,-2434,498,1243,69,-385,-4064
2296,4126,6962,-1494,-275,61,-4064
-3642,-1874,14234,-2205,-748,-421,-4064
2692,6666,10184,-3412,217,-33,-4016
-1802,6360,5852,2688,939,-323,-4080
660,-7544,3354,-2181,-979,-412,-4032
-1790,4802,11910,-352,-264,-155,-4096
5700,-5736,-4812,2097,960,153,-4064
-3548,-3310,15220,-2446,-844,-221,-4064
-938,7712,13776,1702,489,-94,-4064
2314,-3510,2310,-884,231,-29,-4096
-4092,1086,17496,-682,-591,-325,-4064
1118,-12150,9322,898,-694,-347,-4064
-352,9458,11534,1484,675,14,-4048
-1568,-2088,5064,-817,-248,-437,-4080
-1330,4446,12368,320,-565,-67,-4048
3230,872,5926,807,1271,404,-4080
-4622,-14866,15076,-80,-1257,-488,-4048
2802,10320,18038,912,692,229,-4048
1166,-7324,2852,444,569,-262,-4064
-3726,7588,15946,-2081,-603,-490,-4064
758,-538,766,2100,576,-63,-4064
2036,-8752,5496,-2313,-1177,-328,-4032
1788,6582,5488,1144,1072,317,-4032
-250,-5188,-1462,1003,66,-192,-4064
894,3202,13460,-2918,-491,-155,-4064
-1498,1064,10980,679,327,-63,-4032
-482,-9460,7348,-1756,-879,-560,-4048
2818,9232,1958,3086,820,55,-4048
-1030,2860,12712,-2572,-505,-443,-4048
-2910,2428,8758,1652,-202,-219,-4048
4852,-2890,1836,-871,407,252,-4048
-1042,8090,9688,-2708,282,-148,-4064
3564,-862,-6546,2639,812,-78,-4080
2518,3008,5128,-3196,309,-268,-4064
-2164,10402,7940,623,505,-390,-4064
1580,-7184,-248,-88,-254,-210,-4064
-2238,-4270,18990,-2009,-1119,-329,-4064
-2666,5332,17990,-1260,162,49,-4048
-812,7498,17514,629,74,-22,-4048
1172,-2660,3174,489,696,54,-4080
-4220,420,17418,-1453,-812,-459,-4048
1796,-11568,9180,1908,-526,-250,-4048
-1118,9500,14482,-200,367,-59,-4048
-2404,-804,1144,680,-15,-413,-4080
28,5072,12402,-1317,-587,-13,-4048
2280,4924,6632,823,1326,396,-4016
-2492,-12838,7220,222,-1108,-492,-4048
3710,7746,10422,938,701,234,-4064
528,-9158,3110,985,675,-265,-4064
-3840,3494,17326,-2401,-719,-562,-4064
-496,2694,5026,2140,571,-70,-4064
-1336,-5488,16796,-2120,-1120,-326,-4032
114,8956,10844,728,931,268,-4064
1140,-2542,-4756,1379,207,-192,-4064
1432,596,8882,-2833,-624,-126,-4032
514,-1640,4270,1326,782,27,-4064
-1584,-4992,7724,-2381,-957,-602,-4048
3936,2988,952,3230,534,51,-4016
-1204,-196,9254,-2470,-404,-347,-4080
-2700,-256,2736,1767,-50,-253,-4048
4196,-198,2562,-1678,1,175,-4016
-2464,3966,12624,-1909,775,-16,-4048
4898,2670,-6310,2204,243,-235,-4048
2628,9786,15914,-3667,147,-35,-4048
-1680,2282,5034,3142,1052,-271,-4048
-362,-8002,7300,-2866,-1152,-513,-4080
-904,4084,7730,679,156,-101,-4032
5160,-8178,-3382,1154,449,42,-4096
-3262,416,17940,-2490,-1049,-269,-4064
-184,7066,8324,1039,263,-41,-4048
2366,-5006,-512,-327,457,4,-4064
-3828,-826,14938,-1029,-719,-374,-4064
404,-12744,9848,1209,-747,-356,-4064
-1588,-2074,8284,-2032,-571,-484,-4032
4590,-1314,654,-1942,-187,101,-4064
628,8388,8426,-1392,980,123,-4064
248,-8568,-526,2341,200,-225,-4080
2790,7994,12786,-3632,125,-6,-4048
-1952,5500,6020,3179,1023,-226,-4048
-3310,-1332,16676,-3118,-1214,-521,-4064
-1534,5054,10386,850,222,-67,-4064
5788,-7380,-4688,843,265,-20,-4064
-3626,-2030,17248,-2340,-453,-72,-4064
1690,850,-4760,2515,742,-62,-4096
2012,-2258,4300,-2395,-157,-94,-4064
-4064,1568,17162,159,-118,-215,-4032
904,-12812,9224,-449,-895,-530,-4032
3318,7118,1410,2065,876,66,-4064
-1410,-2194,5804,-1630,-460,-438,-4048
-1886,4046,13122,794,-567,-138,-4048
3602,964,5592,319,870,366,-4048
-3790,-2396,14824,-2470,-573,-401,-4080
4662,4956,336,2637,912,97,-4048
1374,-5490,2844,-2635,391,-177,-4048
-3256,8222,13858,-1303,-246,-520,-4048
744,-1782,526,1514,274,-101,-4048
-2634,-744,19612,-2306,-1305,-341,-4064
2718,4958,2792,2437,1445,360,-4032
-1038,-6128,758,-146,-487,-268,-4064
100,4016,16152,-1522,-426,-101,-4064
1848,-4258,274,1546,926,105,-4032
-3010,-2510,12318,-2265,-998,-553,-4064
3170,-3646,5182,2745,25,-73,-4064
-662,4582,11980,-1401,-48,-258,-4064
-2818,564,6738,1466,-184,-279,-4032
4306,-934,3612,-1359,180,217,-4064
190,7198,7646,-1891,772,-13,-4064
1270,-4502,-2116,2020,124,-238,-4032
2800,6150,8806,-3134,242,-11,-4048
-2674,-3068,15524,-2831,-1072,-561,-4064
-1684,4576,12938,648,184,-81,-4048
5390,-5220,-4752,1497,646,65,-4064
-3264,-3850,14290,-2460,-644,-146,-4064
1520,2636,-2070,2118,646,-52,-4064
2286,-3324,1836,-1618,61,-19,-4064
-4210,660,17258,-308,-423,-231,-4064
1104,-12462,10434,104,-854,-434,-4064
3086,7958,1228,1902,840,48,-4064
-1776,-2556,4816,-1398,-396,-446,-4048
-1188,4166,13056,639,-547,-134,-4080
2990,2036,6362,595,939,387,-4048
-4438,-5256,16480,-2208,-824,-415,-4048
4382,5758,3470,2704,909,101,-4048
1162,-7460,3164,-2090,381,-233,-4048
-3708,6856,15930,0,165,-430,-4048
984,-7682,2170,606,-18,-153,-4048
-2442,-2176,19460,-2199,-1182,-350,-4048
1970,6670,5162,2993,1548,354,-4048
-3442,-4740,13856,-1410,-905,-256,-4064
-1048,8258,15378,-197,-96,-33,-4096
1720,-3958,1440,978,774,61,-4032
-2592,-2466,11284,-1892,-960,-472,-4064
1488,-12068,9188,2406,-276,-207,-4064
-652,8820,12304,-674,172,-144,-4064
-2692,-1504,1874,647,1,-384,-4064
3216,3584,4114,-1191,-337,-34,-4096
2950,2494,6478,134,1239,318,-4064
-4070,-13986,12962,687,-1023,-441,-4096
2884,9990,17756,503,602,234,-4048
-1314,-4462,5182,1440,592,-270,-4080
-3774,5934,16612,-2407,-840,-545,-4080
340,258,2182,2134,595,-22,-4080
2604,-8434,4012,-1823,-925,-299,-4016
-2412,5532,17310,173,748,235,-4048
110,-4428,-2252,1633,340,-161,-4048
916,2368,12374,-2980,-637,-162,-4048
-4134,550,17660,-1193,-764,-396,-4032
1624,-10988,9218,2504,-169,-154,-4032
-954,2508,10862,-2009,-127,-276,-4016
-2654,-1262,1262,1529,-4,-316,-4064
3412,2476,3980,-1895,-142,115,-4048
-1260,6800,9782,-1098,1087,131,-4080
3820,-82,-6462,1763,-295,-334,-4080
2664,10500,18244,-2842,227,28,-4080
-1422,-1780,4278,3293,1008,-229,-4048
-1184,-6518,10988,-3238,-1262,-536,-4048
-52,2218,3860,1466,512,-29,-4064
3744,-9200,356,518,106,-69,-4080
-2648,3902,18132,-2095,-318,-35,-4048
394,5378,3688,2317,690,-118,-4064
1504,1246,9872,-2614,-293,-92,-4064
-2454,1258,13684,410,46,-108,-4064
-194,-11644,8774,-887,-906,-518,-4096
1438,10354,5844,2525,949,87,-4032
-1190,440,9770,-1836,-434,-431,-4064
-2686,3196,11208,903,-523,-148,-4032
4392,-1570,3810,205,808,386,-4096
-5358,-12530,18198,-2455,-621,-375,-4064
4462,2490,-4890,2610,995,72,-4032
1922,-1290,3126,-3106,329,-204,-4048
-2606,10244,10728,866,539,-353,-4048
1370,-5134,-608,-404,-303,-262,-4080
-2744,2508,18914,-1753,-1021,-344,-4080
4504,740,-1692,3091,1445,271,-4048
-2672,-6894,6514,-1662,-953,-272,-4048
-308,6748,7178,657,105,-66,-4064
2622,-5212,-356,678,740,85,-4080
-3902,-516,15652,-1636,-860,-451,-4048
2346,-7804,6884,1942,-488,-248,-4064
276,9860,8870,-55,305,-63,-4096
-2284,-3050,1916,498,-79,-400,-4064
1692,4752,8798,-850,-518,-21,-4032
1082,6370,7220,819,1266,411,-4064
5072,3618,-3922,2549,831,-34,-4064
1396,-3650,3180,-3063,295,-229,-4032
-3182,9734,13004,788,458,-414,-4064
186,-7952,5498,-187,-279,-194,-4064
-2826,964,20198,-1818,-1109,-293,-4064
3556,2832,934,3153,1478,334,-4064
-1600,-6264,3186,-1442,-903,-249,-4064
-566,7082,11294,11,-33,-84,-4064
2100,-4658,424,825,773,30,-4096
-3398,-1352,13710,-1752,-904,-494,-4064
2938,-5414,5224,2311,-338,-188,-4064
-114,10430,10728,-405,284,-116,-4048
-2568,-2712,636,814,-46,-407,-4080
2506,3736,7418,-1420,-582,-22,-4048
-108,8344,8346,937,1422,423,-4080
-5114,-15756,15910,347,-1164,-442,-4080
2530,10382,19250,26,625,225,-4048
-726,-6718,4244,2021,757,-251,-4080
-3570,8384,15742,-2735,-899,-566,-4032
-2218,5116,13854,1739,477,-42,-4064
1430,-9130,7182,-413,-323,-128,-4032
-1672,7612,17094,-1484,79,55,-4064
1192,2624,-2210,2241,691,-108,-4064
2358,-3284,1782,-2858,-333,-126,-4064
-1330,684,9758,545,186,-138,-4032
-564,-9220,7438,-1332,-974,-572,-4096
3038,8928,1596,2822,970,81,-4064
-1770,-3292,3596,-2149,-523,-461,-4064
-2748,2428,7930,1322,-368,-198,-4016
4842,-2202,1402,-421,668,327,-4048
-4802,-6284,16952,-2910,-188,-336,-4048
4756,6476,3678,2586,916,1,-4048
2552,4244,6162,-3611,268,-188,-4080
-1942,9376,7036,1379,695,-368,-4048
1304,-7434,762,-1055,-549,-292,-4080
-2514,4736,14956,-1058,-698,-229,-4064
5900,-4074,-4976,3035,1341,269,-4048
-336,-4878,-1708,1760,430,-157,-4096
930,3078,13292,-3050,-435,-159,-4096
-2000,1310,11332,568,183,-97,-4048
-130,-10906,7342,-1025,-919,-528,-4048
1844,8740,5080,2490,767,72,-4080
-652,2468,9808,-1969,-400,-432,-4064
-2744,2050,8786,1099,-467,-200,-4048
4390,-1898,3986,-109,649,329,-4016
-5186,-8472,18114,-2476,-154,-266,-4032
3152,-1044,-4572,2629,840,-29,-4096
2072,2468,6106,-3430,243,-205,-4064
-1956,9438,8204,1540,669,-372,-4096
1314,-7326,700,-1011,-639,-280,-4064
-2452,4082,16396,-1257,-781,-282,-4096
5310,-2608,-4122,3003,1348,283,-4064
-3200,-5932,11134,-2033,-931,-235,-4032
-1064,7452,17438,762,186,-51,-4096
2490,-4804,20,-189,497,29,-4048
-1896,-3942,8724,-1958,-963,-523,-4048
1900,-11016,9038,2460,-304,-174,-4048
-758,8876,13744,-1004,126,-167,-4048
-2516,-1150,1462,1119,82,-371,-4048
120,4998,11742,-1465,-522,16,-4032
2148,4774,6650,424,1375,348,-4048
-2654,-13930,8016,633,-1091,-441,-4064
2388,9992,18834,-167,484,231,-4064
790,-9840,2278,2273,716,-229,-4032
-4056,3384,18078,-2982,-1043,-576,-4032
-366,3018,5182,2295,701,1,-4032
4106,-8940,-364,-1557,-887,-265,-4096
178,8968,11050,-217,607,200,-4064
646,-3600,-3920,2007,439,-184,-4064
1592,1122,9558,-2981,-607,-151,-4048
-2786,1542,13688,1201,661,-4,-4080
-1798,-4088,8282,-2201,-981,-574,-4080
4142,2172,382,3213,722,73,-4048
-1114,444,9748,-2591,-463,-395,-4048
428,4140,11438,-784,-623,-52,-4080
1556,5160,8590,589,1268,369,-4048
-2142,-12234,6752,689,-1059,-436,-4048
2950,9390,15904,-583,452,181,-4064
452,-8974,3796,1775,711,-281,-4048
-3672,2300,17224,-2651,-868,-542,-4048
-704,3018,5966,2023,590,-31,-4080
4564,-8514,-1162,-1605,-791,-231,-4080
-174,8972,11342,-185,618,139,-4048
1244,-1860,-4844,1943,418,-167,-4080
1610,48,7978,-3136,-633,-195,-4080
260,-1394,5208,1341,703,24,-4032
-1180,-5692,7938,-2030,-952,-549,-4080
3694,3772,1602,3099,663,13,-4064
-1040,118,8062,-2298,-365,-400,-4064
-2732,94,3940,1351,-191,-242,-4064
4186,1392,1900,-1306,295,213,-4032
-2230,3672,10528,-2299,575,-92,-4064
4730,3190,-5632,2122,356,-190,-4064
2884,9196,15162,-3697,169,-85,-4032
-1768,1932,5552,2805,984,-341,-4064
-496,-7240,7714,-2482,-1075,-414,-4064
-2336,2018,19320,241,29,-126,-4048
4800,-7788,-2918,1546,669,64,-4048
-3122,336,17124,-2629,-706,-177,-4048
-136,7096,8210,2057,661,-59,-4080
2386,-5180,-364,-1574,102,-42,-4048
-3316,1478,15588,-333,-424,-280,-4048
396,-12624,9532,257,-822,-433,-4016
400,10214,8946,1835,802,38,-4048
-1476,-1250,7476,-1249,-424,-463,-4032
-2146,3562,12762,596,-573,-128,-4064
4006,-1118,5298,782,975,421,-4064
-5470,-15380,18020,-2210,-990,-432,-4064
5218,4556,-3870,2655,1022,148,-4032
1684,-4552,2004,-2041,387,-236,-4032
-3314,9898,13312,-2083,-572,-523,-4064
-2872,380,20724,-369,-249,-150,-4080
3166,3560,1890,2947,1267,197,-4048
-3284,-1908,16400,-2077,-1075,-268,-4096
-692,7582,11676,889,179,-57,-4032
2232,-4824,232,243,599,55,-4064
-3408,-1026,13644,-1282,-818,-433,-4064
768,-13056,9992,1807,-531,-244,-4064
-356,9764,11276,454,476,-44,-4048
-2458,-2250,1200,141,-135,-403,-4048
2536,3990,6154,-549,-574,-23,-4048
3482,798,6102,719,1175,442,-4080
-4984,-14486,15394,-333,-1156,-459,-4016
3114,9798,16536,1185,776,208,-4048
1160,-6224,3146,3,544,-293,-4064
-3444,8108,15068,-2115,-619,-524,-4048
708,-1658,606,2056,535,-46,-4048
1506,-8466,7678,-2151,-1196,-339,-4080
2174,5594,4084,1459,1147,289,-4064
-440,-5618,-536,805,-35,-198,-4064
416,3756,15032,-2437,-615,-130,-4064
-1318,912,10184,1468,889,64,-4064
-2662,-2472,11302,-2322,-958,-599,-4032
3244,-2530,3920,3067,423,-4,-4064
-814,3824,11586,-2126,-296,-318,-4064
-2694,1278,7728,1568,-124,-299,-4064
3214,3410,5278,-1649,-15,186,-4032
-642,7036,8228,-1200,1045,70,-4048
2830,-2154,-5100,1717,-136,-321,-4048
2382,3948,7066,-3060,296,10,-4048
-1222,-4280,4368,3215,1007,-290,-4080
-1990,-4902,13356,-3148,-1218,-518,-4080
-2250,4538,16020,878,194,-59,-4048
2654,-9134,3188,364,32,-52,-4064
-2120,5476,17618,-2187,-458,-93,-4048
828,4500,944,2176,723,-63,-4048
2368,-4506,192,-1680,58,-60,-4064
-376,-10496,7976,-946,-896,-528,-4048
2128,9902,3656,2336,865,71,-4096
-2060,-3600,2630,-1419,-453,-450,-4016
52,5102,12294,577,-553,-101,-4080
4678,-2372,2378,735,1067,441,-4048
-5570,-10430,19014,-2229,-1017,-442,-4048
4058,8110,9568,2721,1062,184,-4080
496,-9322,2480,-1935,375,-231,-4080
-2402,10776,10146,-591,-8,-480,-4048
1622,-6278,-1000,1135,163,-115,-4080
-1804,-5430,16946,-2491,-1377,-424,-4048
5176,-1014,-3310,3154,1578,375,-4064
-2910,-6614,8738,-734,-672,-289,-4048
-874,7060,18082,-504,-220,-87,-4096
712,-2084,4606,1125,835,64,-4064
-4296,-38,16712,-1988,-961,-528,-4064
2202,-9342,7710,2626,-178,-160,-4032
-886,7346,13926,-1095,29,-156,-4032
-2558,-236,3714,1000,33,-374,-4064
1112,4564,9680,-1301,-322,60,-4032
1374,4978,7902,26,1215,320,-4064
-1802,-10650,6354,1059,-892,-427,-4064
2846,9186,15016,-167,544,226,-4048
-6,-8936,4298,1935,661,-277,-4080
-3518,1452,17556,-2654,-949,-531,-4048
-1030,3176,7178,2121,584,-30,-4080
4818,-7708,-1618,-1397,-853,-272,-4080
-230,8306,12644,-223,600,194,-4048
1020,-1082,-3808,1816,434,-167,-4048
1806,-422,6714,-2936,-555,-178,-4048
150,-818,6176,1064,637,-9,-4064
-1072,-5712,6916,-2035,-929,-585,-4064
3584,4026,664,2840,636,16,-4032
-1060,-92,7962,-2504,-398,-388,-4064
-2490,-100,2932,1584,-149,-250,-4064
4094,222,2618,-1508,240,218,-4032
-2760,3078,12422,-2239,537,-101,-4064
5040,2826,-5594,2205,526,-130,-4096
-18,-9606,3934,400,510,-266,-4048
-3504,608,17926,-2636,-903,-540,-4048
-1040,4170,8136,2263,656,25,-4064
-538,-7090,13538,-1659,-848,-237,-4032
-714,9422,13620,-186,661,197,-4064
1292,-938,-4718,1814,456,-153,-4032
1980,-1066,5756,-2969,-563,-134,-4064
-4,-358,6528,936,543,-21,-4064
-1246,-5846,6748,-2039,-948,-593,-4048
4090,4850,-404,3260,646,43,-4048
-1452,-1698,8314,-2732,-501,-419,-4080
-2420,686,3384,1875,-31,-247,-4080
4472,-1254,978,-1431,258,200,-4048
-3416,1536,14516,-2520,460,-129,-4016
0,-8804,160,2389,341,-223,-4064
2782,8312,12994,-4004,94,-136,-4048
-1782,5216,5634,2675,939,-308,-4048
466,-8218,4424,-2326,-950,-428,-4048
-1658,5076,10106,49,-79,-126,-4064
5798,-7306,-4876,1727,764,99,-4096
-3722,-1600,17232,-2697,-749,-179,-4064
-648,7784,10976,2314,626,-59,-4096
2110,-2082,4264,-1676,45,-41,-4064
-3782,1626,16812,-262,-393,-265,-4096
978,-12882,9338,192,-848,-441,-4064
136,10688,9866,1776,843,43,-4032
-1438,-2198,6604,-926,-335,-480,-4064
-2126,4158,13462,587,-584,-140,-4048
3838,-950,5596,700,939,394,-4048
-5324,-15610,17518,-2368,-913,-440,-4048
5182,4988,-2900,2710,990,163,-4048
1632,-5234,1588,-2302,376,-279,-4048
-3284,9412,13754,-163,219,-400,-4048
372,-8220,4234,265,-156,-181,-4064
-2648,-378,20912,-2225,-1265,-344,-4048
2462,4354,3184,3052,1545,366,-4080
-1178,-6732,1210,-1181,-939,-276,-4096
2254,-3008,2822,-2681,-309,-112,-4064
-3966,1374,17300,-88,-274,-205,-4096
1010,-12928,9754,-162,-840,-454,-4064
3204,7830,1202,2057,914,80,-4064
-1848,-3092,5420,-888,-344,-502,-4048
-1538,4722,13722,350,-589,-120,-4032
3568,1308,5258,933,1070,424,-4064
-4226,-3814,16598,-2474,-1034,-449,-4064
4962,6688,1012,2773,1057,153,-4096
1442,-7624,978,-2055,413,-293,-4064
-3828,8132,15880,-516,77,-473,-4064
1060,-8242,1612,1076,148,-116,-4096
-2648,-1884,20364,-2518,-1330,-337,-4064
1788,6646,5328,3020,1554,373,-4064
-310,-6030,-1384,-1153,-857,-288,-4080
-952,7918,15586,-557,-214,-57,-4048
1714,-3852,1408,1186,854,54,-4080
-2708,-2350,10998,-1982,-976,-495,-4048
3782,-1704,2486,2723,-157,-135,-4080
-966,9456,13854,-1300,11,-194,-4080
-2408,-1048,1000,1266,73,-393,-4048
3574,2838,3430,-1415,-367,14,-4080
2468,2742,8198,279,1198,357,-4064
2962,-550,-4600,2064,-203,-280,-4032
2562,9298,19268,-2681,211,50,-4064
-1566,-3342,6030,3062,950,-266,-4064
-1774,-5268,12426,-2901,-1155,-529,-4064
-2204,4176,16076,819,266,-107,-4064
3258,-8730,2376,656,300,-22,-4064
-2586,4622,18020,-2307,-440,-93,-4064
920,5562,1354,2403,738,-61,-4080
2582,-5118,-294,-2681,-278,-116,-4048
-2342,1616,12256,323,27,-124,-4048
90,-11338,7350,-841,-860,-522,-4080
1516,9098,5260,2291,846,79,-4048
-766,1868,8950,-1942,-411,-430,-4064
4040,2382,2594,-1185,279,205,-4064
-1576,5124,9620,-2466,258,-178,-4016
3954,744,-5210,2462,721,-25,-4064
2074,670,4740,-3570,260,-168,-4064
-2456,10064,9142,1854,786,-352,-4064
-1218,-6108,10312,-1495,-739,-307,-4096
-2204,3006,17956,-1027,-641,-206,-4032
4450,-426,-2358,2818,1214,240,-4064
-2474,-6700,7874,-2095,-1025,-270,-4096
356,6106,5558,1048,294,-46,-4064
2476,-5128,-364,-353,408,-10,-4048
-4010,-522,16296,-991,-664,-365,-4048
1950,-9230,8282,1185,-691,-333,-4048
1008,10132,6458,700,561,-37,-4080
-2342,-2684,1606,-176,-179,-419,-4048
1352,5154,9606,-409,-595,-84,-4048
1496,6818,6510,1115,1247,457,-4048
-5856,-14076,19604,-615,-1301,-434,-4048
3304,8308,15132,1727,800,259,-4080
-104,-9756,4226,373,586,-282,-4080
-2854,10604,11594,-1657,-423,-513,-4032
1636,-4442,-1216,1963,456,-56,-4064
-762,-6884,13762,-2457,-1376,-380,-4064
-550,9194,13364,1964,1308,339,-4064
-2180,-7136,5524,438,-202,-239,-4064
-418,6130,17996,-2088,-530,-170,-4032
-10,-808,6356,1426,897,39,-4064
-1116,-6628,7146,-2435,-974,-604,-4064
2932,-6804,5834,3035,349,-49,-4064
-930,6094,13128,-1930,-253,-294,-4080
-2650,466,5128,1327,-18,-344,-4080
4494,524,1854,-1479,-73,156,-4048
670,6540,8090,-1116,1068,165,-4048
22,-7282,1688,1656,-337,-331,-4048
2970,7834,11180,-2372,353,95,-4080
-566,-7672,4948,2693,817,-247,-4064
-3076,-784,16422,-2998,-1122,-488,-4080
182,-7320,11068,-2326,-1349,-352,-4080
3472,3278,1238,2195,1405,386,-4032
1410,1232,-3740,2201,721,-137,-4064
2062,-2410,4094,-2494,-251,-94,-4048
-3884,1510,16918,246,-36,-113,-4080
-558,-8120,6772,-872,-859,-531,-4032
2792,6180,2658,2025,684,33,-4048
-1106,-198,5620,-1727,-281,-415,-4064
-1466,3358,10226,1138,-429,-160,-4064
4066,372,4332,-516,581,362,-4064
-3590,-1838,13574,-2135,-194,-282,-4064
5118,4070,-1376,2436,818,-19,-4064
1136,-5078,3552,-3110,325,-199,-4096
-1704,5964,5360,1050,535,-366,-4032
692,-7582,3866,-698,-446,-250,-4064
-2648,-300,19696,-1502,-904,-273,-4064
2934,4036,2482,2917,1425,286,-4064
-3214,-2372,14952,-2012,-877,-257,-4048
-842,7126,12756,708,160,-73,-4048
1900,-4274,1160,198,583,25,-4048
-2912,-2112,12440,-1197,-796,-430,-4080
770,-12286,10342,1514,-664,-285,-4048
-92,9874,10794,568,467,-40,-4080
-2546,-2756,1066,133,-138,-414,-4080
-1530,4332,12874,-333,-582,-41,-4064
3454,-182,5498,1155,1301,413,-4048
-5016,-15650,16228,-849,-1270,-486,-4096
2620,9588,19086,1701,822,264,-4064
1418,-6464,1568,143,553,-264,-4064
-3488,8106,14980,-1936,-530,-526,-4032
944,-1448,598,2051,492,-58,-4064
1350,-8796,7842,-1346,-742,-241,-4096
-1882,7852,16790,-1779,-83,20,-4080
1468,2158,-2368,2372,681,-88,-4064
2354,-3128,2134,-2518,-186,-85,-4032
-4150,974,17070,372,80,-125,-4048
-548,-8130,6850,-1191,-893,-540,-4080
-532,10202,12212,-1089,90,-160,-4064
-1602,4102,13896,935,-484,-147,-4064
4622,-1472,1154,245,835,374,-4096
-4200,-3824,15348,-2376,-791,-395,-4080
4930,5764,1180,2680,951,97,-4096
1262,-6932,2120,-2910,342,-238,-4064
-1774,7988,6388,494,379,-393,-4064
798,-7646,2130,-85,-231,-233,-4064
-2402,-1808,19582,-1945,-1081,-329,-4032
2080,6000,5112,3128,1585,321,-4064
-3576,-4432,13780,-1402,-943,-311,-4064
-946,7738,15190,-88,-116,-60,-4032
1706,-4010,1960,972,735,78,-4064
-2686,-2336,11260,-1576,-901,-445,-4048
1274,-12286,9878,2123,-399,-214,-4016
-736,9732,12732,-286,330,-114,-4080
-2512,-1508,1028,667,7,-373,-4048
3200,3268,4662,-1225,-568,-17,-4048
2944,1724,6518,997,1304,432,-4080
-4122,-15678,13572,283,-1258,-466,-4048
2418,10396,20240,503,624,242,-4048
1186,-9082,1824,1213,616,-238,-4032
-4036,6322,17584,-2769,-922,-551,-4112
230,858,2134,2357,654,-27,-4064
2950,-9000,2904,-2146,-1126,-318,-4064
1090,7706,8050,674,896,251,-4032
194,-4816,-2680,1386,238,-201,-4096
1058,2572,12046,-2772,-630,-128,-4064
-1856,1064,12076,1164,705,31,-4032
-2046,-2800,8970,-2233,-920,-581,-4064
4048,-294,692,3234,703,62,-4064
-1254,1712,11630,-2639,-572,-495,-4048
-2774,3742,9940,1275,-353,-156,-4032
4996,-2932,1390,27,709,343,-4064
-5288,-10614,19144,-3128,-228,-308,-4080
4246,392,-6918,3029,943,0,-4080
744,-9682,2332,2109,789,-232,-4064
-3988,3876,18036,-3299,-1146,-575,-4064
-498,3042,4746,1197,373,-26,-4064
4272,-9278,-678,216,39,-74,-4064
-3114,3036,18996,-2095,-284,-54,-4032
460,5984,4308,2655,727,-70,-4064
1388,1108,9648,-2739,-294,-125,-4032
-2812,1520,14082,491,41,-164,-4064
178,-11840,8638,-922,-899,-536,-4032
1550,11086,5432,2563,997,86,-4064
-1118,-348,10116,-1793,-486,-478,-4064
-2822,3866,12234,1065,-499,-172,-4112
4558,-1832,3124,57,771,382,-4048
-5456,-12968,18376,-2872,-502,-363,-4080
4608,2760,-5620,2740,990,88,-4048
2180,-1336,2388,-3287,338,-252,-4080
-2630,10560,10746,884,579,-381,-4048
-600,-7498,8080,-852,-547,-264,-4064
-2448,2026,19366,-1786,-1009,-251,-4048
3882,1222,-1004,3227,1458,320,-4016
-2310,-7290,5908,-1898,-1034,-300,-4064
-36,7408,7664,590,199,-34,-4064
2460,-5344,-734,445,649,47,-4032
-3978,-762,15562,-1496,-832,-434,-4064
2444,-8256,7422,1909,-524,-290,-4064
584,10634,7990,-44,397,-69,-4096
-2366,-3272,844,581,-75,-401,-4032
1606,4668,9648,-1274,-616,-58,-4064
866,7832,7404,1229,1431,443,-4064
-5782,-15296,19028,-393,-1365,-491,-4080
2906,9780,17456,1215,772,246,-4080
-332,-9396,3642,1040,640,-265,-4048
-3468,-1114,17702,-2601,-768,-554,-4080
1524,-3090,-1602,2381,686,18,-4080
318,-7932,10548,-2319,-1193,-369,-4080
-1252,9172,15220,815,942,279,-4080
-1340,-6930,2394,961,45,-199,-4032
2206,-4830,34,-167,538,-4,-4048
-932,-7636,6898,-2306,-936,-619,-4064
3176,-5550,5166,3223,506,-46,-4064
-1072,4986,13992,-2664,-469,-395,-4064
-2544,2108,5572,1694,19,-276,-4064
4826,-1668,82,-1661,112,188,-4064
-280,8734,9188,-2181,714,-30,-4064
1716,-4598,-3526,2333,331,-172,-4064
2790,5834,8742,-3740,143,-68,-4032
-2110,8356,6764,2999,953,-288,-4032
-2620,-3850,15198,-2662,-1110,-447,-4064
-2048,5104,13452,542,107,-101,-4080
6006,-5156,-5564,1100,455,35,-4080
-3480,-4172,14274,-2473,-523,-112,-4048
1406,3242,-2450,2298,753,-16,-4080
2314,-4048,1670,-2099,-69,-80,-4048
-4432,1034,18096,6,-261,-230,-4048
-302,-10058,6630,-358,-899,-498,-4064
2370,8432,3334,1752,665,34,-4048
-1680,-2148,4066,-96,-164,-420,-4064
-872,3606,11986,-45,-539,-81,-4096
2698,2026,7802,786,1067,421,-4032
-4168,-14268,13770,-606,-1082,-458,-4064
4534,5356,4206,1872,770,207,-4064
778,-7522,3850,-256,485,-259,-4032
-3750,5790,16178,-1415,-392,-536,-4064
348,44,2558,1728,362,-87,-4064
-2280,-3072,19078,-2204,-1294,-358,-4048
-2222,5500,17020,288,792,204,-4048
-82,-4312,-2116,1542,333,-196,-4080
678,2380,12576,-2922,-601,-152,-4048
-1898,1570,11768,1143,659,8,-4048
-2022,-3552,9406,-2143,-917,-615,-4064
3546,-704,3074,2835,494,21,-4064
-790,3214,10738,-1997,-260,-336,-4064
-2796,982,8548,1446,-189,-297,-4032
3142,3098,4552,-1375,96,200,-4064
-3744,-13250,10964,-272,-1193,-461,-4048
3166,10890,16880,-658,533,177,-4064
-1360,-3028,4162,2189,744,-255,-4064
-3914,5372,17494,-2962,-1113,-561,-4064
336,810,2906,2095,663,4,-4032
2914,-9134,2956,-1331,-736,-224,-4032
-2372,5228,17866,-482,554,156,-4064
138,-4132,-2956,1908,501,-168,-4064
1050,2194,11674,-2918,-539,-137,-4096
-2072,1132,12582,1054,542,-32,-4080
-130,-10214,8188,-1848,-939,-573,-4048
3808,-572,2274,3125,710,48,-4080
-1230,2174,11602,-2327,-467,-379,-4048
-2812,2084,9872,1602,-200,-240,-4048
4500,-1868,3612,-1126,298,228,-4080
-1198,5744,9922,-2348,381,-160,-4048
3504,196,-4752,2228,516,-179,-4080
2334,1828,4314,-3650,209,-78,-4048
-1740,-1670,5340,2609,898,-288,-4032
-1210,-5778,10886,-2396,-1024,-420,-4032
-2386,3634,16932,-87,-140,-172,-4064
5144,-1880,-3346,1843,804,108,-4064
-2714,3936,17788,-2422,-727,-147,-4064
484,5676,3124,1902,569,-62,-4064
2436,-4954,-294,-1337,95,-31,-4064
-4026,284,16780,-504,-519,-312,-4064
192,-11216,7972,506,-744,-395,-4064
-824,8230,13384,520,457,-28,-4048
-2194,-2812,2974,69,-115,-453,-4048
246,4614,10694,-475,-506,-30,-4048
2100,3840,7024,725,1184,449,-4048
-5102,-10406,18094,-795,-1174,-490,-4064
3950,7752,9530,1345,767,220,-4048
268,-8852,3218,443,548,-252,-4112
-3830,3446,17438,-1678,-447,-529,-4096
1416,-6058,-362,1846,436,-64,-4064
4672,-670,-2664,2959,1531,365,-4096
-2596,-6482,7866,-125,-440,-254,-4064
-716,6432,17944,-1521,-483,-137,-4064
374,-1448,5426,1435,832,73,-4048
-1286,-4898,7618,-2233,-927,-570,-4080
2212,-9504,8342,2926,102,-79,-4032
-1030,7982,14296,-2170,-213,-288,-4080
-2660,24,2666,1583,61,-291,-4048
4132,478,1878,-1938,-259,70,-4032
1502,6628,7622,-819,1139,183,-4064
-1144,-10382,3368,1695,-390,-334,-4064
2754,9342,15204,-2471,229,52,-4064
-1690,3070,5210,3264,977,-232,-4064
-3650,466,18044,-3272,-1233,-529,-4032
-1254,4428,8420,1314,419,-69,-4064
5282,-8072,-3590,170,-26,-82,-4064
-3160,322,17414,-2010,-171,-42,-4064
1372,-746,-4324,2348,674,-107,-4064
2010,-918,5600,-2860,-336,-115,-4080
-3402,1056,15538,457,153,-137,-4080
524,-13128,9792,-1301,-918,-565,-4048
4026,5938,-742,2724,972,95,-4048
-1526,-1884,6678,-2150,-495,-436,-4080
-2318,3952,13508,1072,-470,-153,-4048
4588,-670,438,-251,658,336,-4064
-3320,-134,13894,-2830,-493,-366,-4048
5246,4694,-3100,2688,964,29,-4032
1468,-5048,1818,-3560,312,-173,-4032
-1830,5938,5506,1230,658,-354,-4032
508,-8040,4192,-800,-476,-274,-4064
-2914,196,20534,-1544,-944,-298,-4064
3146,4110,2082,3240,1416,298,-4096
-3686,-2600,16480,-1912,-1060,-266,-4064
-692,7528,12658,689,169,-35,-4064
2054,-4884,582,431,653,25,-4064
-3258,-1316,13250,-1569,-855,-446,-4032
1044,-12906,9598,1741,-534,-263,-4080
-1620,-2456,5446,-2132,-465,-465,-4064
-1532,4672,12928,1249,-480,-139,-4048
4418,-2362,2928,320,748,400,-4096
-4340,-4728,16974,-2503,-624,-380,-4064
4906,5570,1408,2846,1001,126,-4096
1188,-7434,2114,-3006,290,-234,-4064
-1946,8394,6426,525,462,-435,-4064
1130,-8070,1818,76,-226,-187,-4064
-2610,-1934,20384,-1998,-1176,-305,-4064
1806,6260,5578,3247,1480,340,-4064
-3508,-4590,13804,-1347,-916,-296,-4064
-912,7522,15820,-124,-104,-51,-4032
1714,-3550,1674,898,830,74,-4032
-2776,-2712,10492,-1668,-870,-464,-4080
1240,-12198,9544,2030,-455,-268,-4048
-634,10340,12778,-576,319,-91,-4048
-2422,-1522,-22,894,9,-417,-4080
3442,1906,4510,-1582,-636,-30,-4112
3016,3304,5506,918,1432,437,-4080
-3608,-15138,10492,460,-1160,-461,-4048
2384,10506,19926,-133,569,241,-4080
930,-9364,1442,1666,732,-226,-4064
-4014,5506,17630,-2885,-901,-585,-4064
112,1892,3102,2423,693,17,-4064
3414,-9114,1512,-2024,-1107,-338,-4064
884,8452,8776,339,813,253,-4064
536,-4480,-3826,1625,294,-194,-4064
1122,2034,11616,-2978,-566,-179,-4064
-2400,1074,13018,1253,702,-5,-4064
-2258,-3718,8970,-2191,-962,-623,-4032
4090,1058,1056,3329,629,24,-4112
-1132,370,10726,-2600,-505,-375,-4048
-2854,3360,11362,1671,-95,-238,-4048
3966,1190,1994,-1254,259,216,-4048
-1728,5086,11528,-2250,545,-63,-4080
3710,1076,-4492,2397,375,-189,-4080
2788,9516,16366,-3298,196,15,-4032
-3742,3110,16698,-2142,-624,-534,-4080
-524,2792,5260,2080,549,-29,-4080
4350,-8760,-210,-1754,-963,-309,-4080
242,8670,10316,-382,569,162,-4064
1016,-2490,-4496,2083,510,-149,-4064
1482,362,9096,-3070,-573,-197,-4064
-3074,1990,14542,1017,525,-74,-4064
-1488,-5518,8100,-1813,-941,-593,-4064
3560,2934,2104,2991,649,58,-4080
-908,924,8768,-2163,-387,-409,-4048
-2548,2652,10552,1428,-262,-238,-4048
3794,1640,3300,-1195,304,229,-4048
-1862,4142,10294,-2204,515,-86,-4080
4220,2158,-5246,2110,415,-150,-4080
2854,9634,15600,-3415,242,-6,-4064
-1836,604,5518,2550,883,-301,-4016
-664,-6654,9242,-2271,-1001,-430,-4048
-2284,2396,18504,219,-41,-121,-4032
4542,-8210,-1164,1638,657,99,-4064
-3030,1536,17718,-2414,-671,-158,-4064
104,6380,6328,1954,647,-101,-4032
2530,-5014,-354,-1504,76,-77,-4064
-2984,1628,14674,-450,-434,-296,-4064
360,-11588,8848,132,-858,-403,-4064
1126,10180,6422,1853,855,73,-4032
-2472,-3190,1536,-1047,-383,-429,-4064
-2528,3554,11746,338,-584,-121,-4064
4418,-1608,3698,728,987,446,-4048
-5468,-13634,18378,-2345,-893,-440,-4080
3272,8688,14516,2746,964,156,-4080
1970,-2424,2600,-2102,422,-254,-4080
-2766,10250,11648,-292,103,-452,-4080
1502,-4506,-822,763,21,-143,-4048
-2676,1928,19554,-2115,-1148,-312,-4064
4174,1486,-1022,2993,1563,364,-4048
-2344,-7348,5676,-891,-783,-291,-4080
-450,6718,18054,-252,-121,-74,-4064
2354,-5448,-68,1014,783,59,-4032
574,-12596,9090,-973,-921,-523,-4064
540,9844,8686,2049,847,49,-4032
-1216,-470,7554,-1255,-325,-457,-4032
-2382,2744,12310,501,-598,-103,-4048
3826,-604,6156,465,826,383,-4064
-5362,-13742,17488,-1942,-718,-409,-4064
4530,3072,-2554,2494,822,94,-4064
1670,-3090,3512,-2081,432,-241,-4096
-2800,9154,11710,20,207,-423,-4032
1450,-3968,-212,472,-36,-159,-4064
-2238,960,19152,-1985,-1184,-329,-4064
3348,2460,582,2831,1477,344,-4032
-1930,-6920,4164,-756,-752,-248,-4064
-198,5614,17458,-820,-247,-71,-4032
2294,-4854,40,1026,781,49,-4080
-3354,-1010,14172,-1942,-952,-494,-4112
2902,-5884,5924,2299,-274,-207,-4080
-680,6596,12212,-648,224,-124,-4048
-2672,-2662,2012,703,-30,-405,-4080
1956,5194,7784,-1393,-378,-14,-4048
808,7570,6378,400,1342,326,-4048
-5550,-14958,18564,349,-1211,-477,-4064
2926,9834,17596,268,623,260,-4096
-590,-8198,3938,1830,709,-243,-4032
-3148,-1418,16914,-2835,-1003,-538,-4064
1244,-2830,-496,2358,727,4,-4064
560,-7874,9784,-1907,-939,-278,-4032
-1346,8510,15294,-30,694,210,-4064
1498,1628,-3246,1660,414,-149,-4064
242,4754,15788,-2920,-599,-182,-4032
-706,110,8684,1053,583,-22,-4096
-958,-8582,7398,-2108,-952,-618,-4080
3116,7982,1708,3241,729,50,-4048
-948,4138,13164,-2515,-485,-384,-4080
-2934,1386,7566,1725,-187,-260,-4080
4670,-2288,2394,-1131,286,230,-4080
-4546,-5980,17596,-2485,326,-145,-4048
