AcX,AcY,AcZ,GyX,GyY,GyZ,Tmp
-1954,-3864,13836,-2868,-976,-559,-4080
394,-352,1822,1850,566,-30,-4064
2380,-8476,5262,-589,-334,-112,-4048
-2132,6078,16898,-829,337,110,-4064
1020,3728,-240,1980,584,-152,-4064
774,2928,13006,-2909,-481,-148,-4032
-1638,1082,11140,662,349,-85,-4064
-358,-9882,7454,-1440,-905,-542,-4032
2378,8920,3096,2884,835,78,-4032
-878,2896,12042,-2285,-486,-449,-4064
-2846,2284,8472,1649,-232,-237,-4048
4774,-2926,2332,-940,383,265,-4080
-5148,-8054,18898,-2810,99,-237,-4048
3454,-1038,-6578,2726,839,-52,-4048
2344,3246,5546,-4074,175,-200,-4048
-2024,10490,7796,2042,826,-315,-4048
-1540,-6012,12498,-2064,-895,-382,-4032
-2578,4494,16414,-957,-569,-230,-4080
992,7896,8234,3157,1569,414,-4032
-3394,-5928,11764,-972,-770,-305,-4064
-1076,7390,17050,-176,-135,-60,-4048
1348,-2798,3296,872,781,98,-4080
-2252,-2980,9200,-1739,-905,-497,-4048
1760,-11904,9534,2231,-369,-215,-4048
-964,10206,14022,-892,236,-134,-4016
-2292,-1120,-116,1233,83,-404,-4048
-442,4890,14034,-1530,-694,-35,-4064
2348,4094,6802,701,1410,358,-4016
-3004,-14292,8706,805,-989,-476,-4016
2662,10204,18588,47,578,241,-4032
814,-9374,2344,1903,746,-254,-4032
-3792,4324,17432,-3199,-1131,-576,-4064
-414,2346,4194,1702,537,-48,-4048
4026,-8800,694,-611,-291,-161,-4048
-3130,3666,18490,-1440,52,36,-4048
720,5916,3046,2430,732,-66,-4064
1406,1352,10240,-2816,-393,-109,-4064
-2564,1652,13396,486,80,-149,-4064
76,-12042,7978,-1015,-925,-523,-4064
1392,10424,5894,2532,931,67,-4064
-1056,402,9536,-1815,-421,-478,-4064
-2858,3502,11284,1147,-405,-167,-4016
4608,-2170,3012,-150,711,320,-4048
-5404,-12432,18818,-2931,-388,-385,-4048
4610,2254,-6324,2794,983,59,-4048
2052,-762,3142,-3513,244,-196,-4048
-2594,10828,10264,1159,618,-370,-4048
-768,-7382,8818,-1113,-597,-315,-4032
-2508,2762,18924,-1695,-938,-270,-4080
4304,604,-2334,3178,1494,302,-4016
-2504,-7030,6506,-2123,-1068,-265,-4064
-10,6942,6720,752,196,-10,-4096
2488,-5368,-446,326,572,35,-4064
-3944,-722,16030,-1270,-839,-422,-4064
2440,-8834,7908,1829,-572,-244,-4032
644,10690,7638,143,474,-30,-4032
-2490,-3728,1074,711,-85,-452,-4064
1326,3906,10980,-1133,-694,-70,-4064
706,7496,9064,1424,1407,454,-4032
-5540,-15654,18346,-412,-1418,-503,-4080
2748,9410,17580,1280,784,260,-4048
-32,-9272,3510,1023,675,-244,-4048
-3508,-1036,17548,-2520,-754,-560,-4048
1430,-3308,-1194,2418,657,-22,-4048
128,-8054,11568,-2329,-1260,-323,-4048
-1346,9222,15288,359,826,248,-4064
1664,670,-4618,1618,287,-190,-4064
2218,-5068,276,-307,461,37,-4080
-3590,-1020,14344,-2328,-964,-573,-4064
3230,-6038,5092,3147,262,-73,-4064
-1080,5036,14152,-2465,-353,-336,-4048
-2866,1960,5828,1590,61,-325,-4080
2444,3792,6410,-1735,-95,110,-4032
-70,8036,9394,-1293,957,127,-4032
1274,-5270,-1284,1991,-282,-297,-4032
2852,6126,9618,-2517,273,55,-4064
-764,-6684,4974,3020,926,-302,-4032
-3030,-2896,15392,-2934,-1173,-496,-4096
-1780,4458,12624,953,257,-65,-4064
5744,-5154,-4652,447,177,-36,-4064
-1900,7290,16832,-2218,-402,-75,-4032
1718,3232,-2952,2400,767,-53,-4032
2236,-3586,1734,-2510,-177,-99,-4064
-4250,1010,17874,213,-88,-159,-4032
-258,-9558,6568,-861,-883,-511,-4048
2696,7742,2882,2456,839,69,-4048
-1856,-2242,5030,-1687,-405,-440,-4048
-1042,3996,12446,1078,-518,-159,-4048
4634,-1192,2704,-21,720,357,-4048
-4498,-5634,16160,-2527,-466,-361,-4080
4994,5864,2144,2598,964,40,-4048
2598,4920,7662,-3476,320,-212,-4064
-1936,8872,6546,1262,629,-405,-4032
1178,-7634,1142,-810,-510,-286,-4032
-2488,-2852,19896,-1486,-905,-267,-4096
5446,-3746,-4892,3074,1358,265,-4064
-3218,-5278,12504,-1737,-982,-242,-4032
-902,7258,16680,449,100,0,-4096
1222,-2866,2424,535,692,17,-4064
-4296,318,17704,-1552,-851,-447,-4032
1462,-11354,9776,2034,-458,-287,-4064
-600,9244,13280,59,395,-39,-4080
-2600,-1216,1364,412,-80,-441,-4048
-222,4856,12268,-1096,-575,-67,-4080
-1786,5710,11276,-2643,34,-193,-4064
4058,7772,9010,2906,1031,121,-4064
2294,706,5062,-2578,362,-260,-4032
-2662,10282,9808,233,300,-427,-4064
1728,-6514,-362,373,-122,-199,-4064
-1998,-4952,17576,-2106,-1221,-331,-4032
5184,-1426,-3394,3121,1496,355,-4064
-2858,-6400,9676,-1253,-820,-274,-4064
-862,7312,17570,-312,-122,-69,-4064
874,-2154,3790,924,858,81,-4064
-4330,112,16768,-1896,-950,-488,-4032
2124,-9908,8028,2238,-372,-202,-4048
-876,7228,14074,-615,148,-117,-4048
-2760,-668,3822,707,-31,-410,-4048
950,4486,9308,-1047,-365,-6,-4080
1492,4998,7692,182,1235,343,-4080
-1966,-10710,6762,738,-976,-421,-4048
3772,7114,11726,535,641,203,-4064
126,-8730,4748,1744,637,-307,-4048
-3776,1926,17526,-2547,-906,-545,-4048
-776,2626,6620,2110,552,-16,-4032
-1176,-5904,15626,-1785,-1040,-280,-4064
-90,8230,11502,456,863,233,-4064
1112,-1338,-3950,1496,287,-185,-4032
1736,-314,7810,-2813,-562,-151,-4064
326,-1248,5602,1276,695,15,-4064
-1076,-6152,7462,-2011,-933,-583,-4064
3158,3548,2400,2767,537,2,-4064
-884,1170,7976,-2029,-261,-382,-4032
-2752,-1072,4288,1301,-214,-285,-4048
3814,1520,4160,-1439,132,178,-4048
-2294,2100,10980,-1695,796,-9,-4048
4664,2034,-4320,1704,123,-274,-4112
3244,9542,13062,-3260,249,-46,-4048
-1762,2174,4600,2715,884,-330,-4048
-102,-6994,7662,-2688,-1100,-459,-4080
-860,3080,7406,772,178,-93,-4032
-318,8630,12390,1939,1303,327,-4064
1318,-410,-4302,1595,400,-163,-4064
1722,-696,5888,-2841,-510,-141,-4080
-3150,1232,15364,741,415,-57,-4048
-1028,-5716,7002,-1636,-887,-577,-4048
3912,4110,236,2572,890,88,-4064
-1408,-616,8718,-2052,-521,-422,-4064
-2380,3650,12428,1232,-389,-158,-4064
4266,-1546,4238,-77,758,360,-4064
-2930,2026,13084,-2731,-495,-376,-4064
5010,4094,-4490,2665,954,59,-4064
1784,-3364,1828,-3164,313,-240,-4064
-2860,9902,12138,710,473,-389,-4064
242,-7656,5660,-313,-310,-238,-4064
-2700,1178,19544,-1832,-1005,-327,-4064
3856,2754,-168,3049,1443,299,-4048
-2240,-7162,4288,-2021,-963,-298,-4048
-514,7122,9542,745,130,-37,-4048
2224,-5054,480,338,611,48,-4048
-3586,-838,14618,-1314,-848,-417,-4080
3074,-6770,5764,1783,-568,-258,-4048
224,10280,9812,127,406,-46,-4080
-2482,-2754,914,485,-43,-419,-4048
1836,4692,8276,-827,-579,-38,-4048
3728,-1622,5836,1166,1194,463,-4064
-5436,-15108,18376,-387,-1262,-470,-4064
2944,8674,17294,1540,767,246,-4064
-612,-8096,4862,530,545,-298,-4064
-3026,9254,13266,-2010,-563,-556,-4064
964,-2968,36,2065,497,-73,-4064
596,-7442,10586,-2203,-1168,-320,-4064
-1376,8184,15018,1156,1120,266,-4032
-1580,-6462,2462,1026,-5,-213,-4064
382,5056,16238,-2310,-565,-157,-4048
-684,390,8096,1326,852,64,-4080
-666,-8266,6730,-2401,-1003,-590,-4080
3282,-4856,4372,3130,438,26,-4048
-1582,-2664,5940,-675,-283,-471,-4032
-1668,4996,13534,-690,-616,-96,-4064
3664,532,4852,1287,1344,458,-4080
-4838,-15886,15680,-459,-1353,-521,-4048
2556,10422,19440,1239,765,243,-4048
-944,-6838,4336,928,618,-281,-4080
-3782,8260,15736,-2401,-724,-561,-4048
870,-1000,422,2358,616,-13,-4080
1802,-8910,6726,-2298,-1177,-363,-4048
-2096,7432,17306,950,1011,255,-4048
-470,-5982,-842,1180,106,-213,-4048
726,3974,14570,-2678,-626,-135,-4080
-1374,774,10180,1227,764,40,-4048
-2802,-2080,11072,-2303,-924,-597,-4064
3686,-3200,2846,3314,491,0,-4032
-1078,3040,13650,-2670,-410,-339,-4032
-2968,2690,8406,1862,45,-268,-4064
3216,2550,4598,-1739,20,138,-4032
-1036,8256,10368,-1904,752,12,-4032
3282,-1880,-5552,2390,159,-233,-4064
2460,3494,6244,-3542,124,-10,-4032
-1288,-4150,5356,3161,1017,-251,-4064
-1992,-5574,12900,-3055,-1162,-492,-4048
-2404,4666,16078,711,156,-113,-4048
5810,-3290,-5224,909,386,20,-4048
-2504,5574,18034,-2523,-554,-143,-4048
1150,5024,56,2438,721,-45,-4080
2542,-4788,248,-2288,-97,-74,-4080
-2200,1124,11972,377,-52,-173,-4096
-190,-11316,7822,-324,-916,-481,-4048
1876,9900,4782,1070,649,-14,-4064
-1980,-3596,2506,-195,-220,-452,-4064
-174,4426,12526,-329,-710,-112,-4064
2276,4384,7244,1166,1239,441,-4064
-5200,-10396,17986,-1096,-1194,-482,-4064
4082,7924,9290,1907,887,265,-4064
612,-8712,2462,-923,497,-275,-4048
-1260,-6526,10562,-2567,-1051,-435,-4080
-2496,3158,18152,-587,-481,-228,-4080
4836,-754,-2946,2533,1108,178,-4048
-2986,-6786,8734,-2204,-1018,-263,-4064
416,6430,4428,1109,355,-7,-4032
2438,-5182,-636,-138,510,49,-4064
-4038,-34,16644,-960,-650,-341,-4048
2152,-9408,7822,1261,-670,-327,-4048
934,10532,6814,651,518,-42,-4048
-2264,-2984,1358,41,-159,-421,-4048
1052,4596,10398,-476,-670,-60,-4080
1396,6514,7552,1364,1263,466,-4048
-5616,-14076,19498,-718,-1323,-485,-4048
3294,8508,14764,1787,846,255,-4048
0,-9684,3558,306,579,-263,-4048
-2920,10996,11638,-1706,-391,-537,-4064
1634,-4544,-1416,2012,472,-45,-4064
-732,-7226,13950,-2440,-1377,-372,-4032
-846,9050,14074,1933,1256,315,-4032
-1986,-7302,5056,532,-220,-209,-4032
-372,6088,18238,-2050,-498,-131,-4064
-176,-600,6736,1377,889,55,-4064
-1182,-6302,7080,-2343,-971,-595,-4064
2832,-7702,6500,3133,381,-23,-4096
-1100,6432,14660,-2248,-290,-294,-4048
-2508,1374,4054,1694,99,-336,-4048
4674,-738,218,-1860,-174,81,-4016
256,8092,8860,-1170,1076,154,-4048
552,-7208,-558,1903,-252,-306,-4016
2940,7550,11274,-2763,252,70,-4048
-542,-8142,4824,3096,927,-256,-4064
-3118,-1746,16524,-3072,-1222,-527,-4048
-1592,4670,10950,1088,275,-72,-4080
5612,-6610,-4416,-140,-147,-92,-4064
-1356,8386,15208,-1780,-122,21,-4064
1680,1776,-4322,2397,753,-81,-4032
2160,-2912,3622,-2885,-338,-125,-4064
-3348,-1424,13844,-2449,-1049,-561,-4064
3280,-4074,4476,3064,316,-34,-4032
-780,4212,11766,-1906,-264,-286,-4064
-2748,550,7014,1324,-330,-239,-4032
4252,-770,3220,-977,357,239,-4064
-3900,-3506,14666,-2294,439,-131,-4032
1098,-4350,-1326,2089,478,-119,-4032
2916,6582,8824,-3490,271,-113,-4064
-1958,6848,5876,2265,832,-322,-4032
874,-7510,3274,-2147,-939,-378,-4096
-1490,4180,12008,-310,-313,-175,-4064
5428,-5166,-4264,1689,734,61,-4080
-3428,-3676,14722,-2336,-718,-167,-4048
-954,7492,14124,1812,628,-61,-4048
2162,-3474,1992,-1204,157,-73,-4080
-4004,824,17360,-609,-527,-292,-4048
1010,-11660,9638,570,-760,-375,-4080
2660,7348,2384,1786,720,25,-4032
-1754,-1766,5494,-857,-293,-435,-4048
-942,4270,12024,327,-530,-63,-4016
3286,1320,5890,582,1015,412,-4064
-4390,-4848,16508,-1929,-954,-430,-4064
4912,5816,1880,2602,943,169,-4032
1104,-7560,2420,-1817,398,-271,-4064
-3896,6978,16150,-569,-9,-464,-4032
1208,-7674,1396,1037,117,-119,-4032
-2640,-2176,19810,-2276,-1328,-363,-4032
2076,6296,5278,2805,1479,358,-4064
-550,-5280,-990,-1015,-752,-285,-4048
-1096,7514,15236,-589,-240,-84,-4080
1588,-3514,2020,1031,833,50,-4048
-2534,-2526,10780,-1911,-938,-512,-4080
3662,-2290,2682,2470,-208,-147,-4048
-590,9562,12546,-1070,67,-132,-4048
-2554,-1724,970,1136,37,-376,-4048
3110,2866,4766,-1461,-426,16,-4048
2838,2564,6514,273,1272,373,-4064
4466,6824,5044,2647,862,68,-4096
904,-8054,2758,-2191,373,-233,-4064
-3616,5492,16618,-582,8,-480,-4080
1468,-6918,808,1395,272,-89,-4064
-2212,-3618,18498,-2329,-1296,-389,-4048
1054,7444,7370,2676,1506,353,-4048
166,-4276,-2496,-469,-614,-277,-4080
-982,7602,16966,-1226,-373,-103,-4080
1268,-2872,2772,1417,863,101,-4048
-1932,-3734,9542,-2195,-979,-562,-4048
1752,-10862,9046,2629,-96,-141,-4064
-700,8416,12906,-1340,-34,-190,-4048
-2772,-1354,2428,990,3,-389,-4032
3544,2846,4034,-1428,-326,65,-4064
2360,2978,6804,30,1249,297,-4032
-3120,-13140,10416,1104,-880,-391,-4064
2722,9816,17590,-883,485,171,-4064
-1632,-1954,5074,2557,764,-284,-4032
-1280,-5936,11338,-3006,-1212,-506,-4080
-2320,3550,17380,1053,302,-65,-4048
3886,-8406,748,420,183,-40,-4048
-2666,3278,17532,-2013,-323,0,-4048
332,5710,4008,2112,693,-91,-4016
2534,-4910,-96,-2209,-170,-88,-4016
-2494,1200,13718,58,-150,-213,-4048
22,-11534,8528,-457,-873,-488,-4048
1426,10148,5772,2307,903,70,-4048
-1068,332,9432,-1910,-485,-465,-4032
-2596,4098,10840,961,-432,-155,-4032
4794,-2314,2352,329,855,366,-4064
-5570,-13418,19150,-2822,-787,-454,-4064
5216,3048,-6576,2945,1115,146,-4064
1914,-2286,2502,-2866,290,-219,-4064
-2958,11006,12056,289,334,-428,-4064
1584,-4702,-1334,387,-82,-181,-4064
-3106,2166,20312,-2243,-1238,-344,-4064
4340,1472,-1108,3345,1530,340,-4048
1372,-1012,-4794,2315,669,-117,-4048
1896,-704,6168,-2359,-212,-80,-4048
-3336,1102,15444,32,-243,-200,-4064
372,-12852,9742,-271,-931,-474,-4064
342,10904,8880,2073,921,80,-4064
-1634,-1742,7444,-1197,-400,-478,-4064
-2320,3962,13542,506,-644,-133,-4032
4060,-1048,5046,896,1039,432,-4032
-5426,-15370,17652,-2402,-881,-427,-4048
5116,4794,-3106,2687,1000,120,-4048
1536,-4478,1556,-2341,417,-286,-4016
-3062,9254,13124,-154,249,-432,-4048
946,-2454,-110,623,-32,-160,-4080
-2570,-360,20138,-2183,-1290,-378,-4048
2924,3910,2334,3080,1499,381,-4048
-1576,-7024,2424,-847,-807,-293,-4048
-612,7726,11928,-182,-134,-46,-4064
2068,-4544,664,960,842,74,-4032
-3234,-1474,13164,-1878,-943,-493,-4064
3246,-4510,4576,2413,-270,-191,-4032
-340,9942,11678,-850,157,-154,-4032
-2602,-2540,1248,1027,-29,-388,-4064
2638,4100,6928,-1597,-477,6,-4064
-16,8214,7630,532,1381,367,-4064
-5110,-15728,16482,783,-1049,-451,-4064
2648,10132,19204,-423,533,215,-4032
-958,-6892,4694,1919,702,-298,-4080
-2786,-3168,15580,-2893,-969,-552,-4016
748,-1054,500,2246,656,-5,-4048
1826,-8668,6664,-1721,-907,-302,-4048
-1906,7086,16902,-222,569,203,-4048
-144,-5550,-1066,1542,359,-146,-4032
548,3928,14354,-3023,-565,-130,-4080
-1610,956,10308,959,539,-19,-4048
-380,-9564,7422,-2101,-910,-587,-4032
3756,-2878,2908,3354,722,67,-4032
-1080,2902,13270,-2764,-545,-431,-4032
-984,5196,14554,-1328,-692,-79,-4096
-1162,8678,10272,-2723,351,-179,-4064
3442,-1322,-6902,2809,883,-64,-4048
2488,3176,5586,-4199,164,-172,-4016
-2254,10636,8254,2170,869,-299,-4080
-1670,-6150,12424,-2077,-916,-397,-4032
-2518,4602,16608,-599,-435,-188,-4096
5722,-3030,-4856,2501,1041,147,-4032
-3426,-6232,11874,-2589,-931,-206,-4064
966,4930,796,1771,516,-31,-4064
2496,-4740,98,-902,308,-3,-4000
-4404,622,17434,-668,-571,-357,-4032
1896,-11498,8678,842,-779,-386,-4032
1896,10284,4324,973,670,27,-4064
-1986,-3296,2078,-117,-198,-434,-4064
-108,4158,12726,-348,-723,-102,-4064
1868,3970,8220,1185,1133,443,-4080
-5366,-10240,17468,-1564,-1160,-488,-4048
4146,7652,8670,2192,900,192,-4048
844,-8886,2908,-900,522,-242,-4048
-3874,3490,17188,-1264,-201,-487,-4016
1344,-6258,-98,1608,291,-97,-4048
-1652,-5128,17414,-2361,-1372,-399,-4048
344,8488,10360,2333,1414,381,-4048
-3072,-6872,9470,-278,-576,-271,-4064
-804,7224,18300,-1377,-365,-97,-4064
652,-1928,4130,1496,930,55,-4064
-1566,-5132,8262,-2303,-1019,-577,-4064
2160,-9510,8236,2858,30,-90,-4064
-726,7856,13270,-1637,-78,-254,-4064
-2658,-436,2606,1265,13,-343,-4032
3984,1666,2724,-1643,-233,60,-4064
1726,4876,7372,-404,1255,246,-4032
-2066,-11906,6842,1170,-821,-390,-4048
2746,9592,16426,-1196,428,153,-4048
-1792,498,5486,2660,805,-281,-4048
-3948,2302,17848,-3086,-1140,-552,-4080
-436,2922,6074,1934,576,-35,-4048
4354,-8150,-1084,-862,-514,-159,-4048
-3052,1736,17986,-1435,30,23,-4032
1158,-1618,-4304,2178,667,-125,-4048
1556,-98,7774,-2913,-430,-174,-4048
-3058,1260,14808,592,285,-94,-4048
230,-12006,9066,-1478,-894,-552,-4080
4032,3748,102,2830,866,83,-4048
-1290,-378,8930,-2310,-519,-444,-4048
-2588,3348,12286,1299,-367,-176,-4048
4336,726,1356,-768,571,309,-4064
-2658,2862,12278,-2913,-142,-294,-4048
4886,4018,-4844,2464,761,-47,-4032
1992,-2352,1640,-3708,242,-147,-4032
-1930,3188,6078,1748,759,-332,-4064
-110,-7216,6560,-1476,-710,-344,-4064
-2476,1404,18982,-1058,-602,-240,-4064
3858,2162,-424,2701,1259,211,-4064
-3220,-278,16956,-2337,-960,-249,-4064
-180,7328,8470,1326,328,-35,-4064
2292,-5400,192,-673,317,3,-4080
-3908,-808,15482,-783,-665,-329,-4080
550,-12780,9266,1040,-716,-346,-4080
482,9834,9350,1057,617,2,-4048
-2470,-2426,1564,-268,-161,-417,-4080
1634,4562,8218,-1128,-472,-29,-4048
858,6610,7924,550,1206,384,-4064
-5348,-14262,17602,289,-1109,-469,-4096
3244,8692,15660,626,627,229,-4064
-432,-8194,4640,1233,592,-279,-4032
-3346,-222,17018,-2333,-777,-512,-4064
1274,-3540,-284,2089,594,3,-4064
196,-7130,11658,-1946,-953,-277,-4064
-1236,8212,14288,324,785,212,-4064
1802,1154,-4290,2180,659,-125,-4080
1810,-2432,4386,-2958,-481,-159,-4048
-3746,1346,16998,692,243,-88,-4080
-650,-7870,6616,-1324,-880,-533,-4048
3134,6342,1934,2732,831,51,-4048
-1460,-1158,6546,-2035,-380,-429,-4048
-1732,3994,12200,1339,-407,-229,-4048
4414,-898,2852,-502,554,298,-4048
-3766,-2398,14932,-2666,-184,-298,-4048
5188,5078,-1368,2635,941,46,-4064
1444,-6182,2092,-3364,337,-217,-4032
-1826,7010,5474,982,547,-359,-4064
810,-7906,3000,-1067,-520,-295,-4048
-2768,-964,20446,-1358,-771,-239,-4048
2368,4886,3968,3064,1343,274,-4016
-3258,-3288,14844,-1980,-983,-236,-4048
-972,7476,13762,731,153,-53,-4016
1920,-3982,988,243,577,16,-4048
-4012,854,17228,-1103,-743,-390,-4064
1100,-12408,9722,1780,-519,-272,-4048
-496,9998,11940,394,511,-55,-4064
-2482,-1874,856,101,-95,-448,-4032
-1110,4258,12738,-644,-586,-94,-4064
3098,1754,6528,891,1221,426,-4032
-4324,-14832,13696,-149,-1218,-470,-4064
2842,9938,18328,1158,730,271,-4064
1004,-7722,2830,826,627,-255,-4032
-3848,6682,16442,-2281,-677,-564,-4064
342,332,1702,2125,635,-43,-4064
2462,-8602,4320,-2381,-1282,-331,-4080
1636,7104,6092,1413,1190,319,-4048
-126,-5054,-1884,788,-66,-236,-4048
884,2902,13314,-2354,-601,-120,-4048
-1876,886,11442,1434,828,9,-4048
-2336,-3076,10420,-2351,-981,-607,-4048
3732,-310,2338,3133,518,24,-4048
-926,2622,10384,-2289,-314,-357,-4048
-2802,-1328,2454,1436,-98,-351,-4064
3660,2860,3970,-1580,-22,168,-4064
-1168,5582,9264,-1384,942,64,-4032
3548,-194,-4650,1741,-125,-241,-4064
2822,9966,16922,-2818,326,23,-4064
-1448,-2138,4904,2952,971,-244,-4064
-1516,-5606,11446,-2758,-1118,-466,-4048
-2282,3692,16834,397,0,-133,-4048
3762,-8498,1412,818,298,29,-4032
-2532,3288,17974,-2148,-504,-117,-4032
502,5686,3404,2101,683,-93,-4064
2446,-4906,-348,-1966,-36,-66,-4096
-2730,1474,13572,-146,-237,-247,-4064
200,-11482,8000,-150,-795,-458,-4096
1284,9768,5704,1945,759,17,-4064
-2302,-3432,2572,-1320,-393,-466,-4064
-2500,3322,10104,703,-539,-119,-4064
4522,-2516,3478,410,867,399,-4048
-5690,-12474,19774,-2412,-832,-398,-4080
3674,8178,12432,2832,1102,167,-4048
1918,-1140,3194,-2622,347,-262,-4048
-2696,11062,10800,22,249,-454,-4048
1692,-5278,-1478,545,-21,-153,-4080
-2868,2722,19408,-2005,-1179,-333,-4064
4468,460,-1936,3118,1524,370,-4080
-2466,-6804,6936,-1373,-879,-286,-4032
-480,6254,18140,39,-62,-86,-4064
2410,-4906,60,812,796,52,-4064
-4102,-590,15562,-1747,-899,-481,-4096
2662,-8228,6718,2354,-366,-197,-4000
-818,6962,14272,-1010,125,-160,-4032
-2216,-2914,360,1102,75,-405,-4032
1758,4484,8948,-1646,-488,11,-4032
716,7446,7938,341,1371,361,-4032
22,-8402,834,524,-1079,-439,-4048
2914,9212,16668,-38,546,216,-4080
-204,-8146,4170,1916,723,-232,-4048
-3128,-804,16472,-2821,-940,-560,-4080
-1572,4340,9866,2168,616,-31,-4048
176,-7624,11592,-1698,-955,-255,-4048
-1008,8698,14194,-26,729,166,-4016
1544,778,-4318,1731,388,-186,-4048
-2,5668,17318,-2850,-569,-141,-4032
-368,-358,7362,1143,578,-8,-4080
-924,-7718,7346,-2042,-1005,-576,-4048
3292,6282,1750,3120,766,55,-4048
-1228,-1502,6272,-2342,-457,-394,-4048
-2702,622,5724,1540,-293,-245,-4048
4304,-938,2582,-1056,336,257,-4048
-3658,-1196,14320,-2379,341,-144,-4080
402,-6312,-246,2106,396,-185,-4064
2892,7686,10446,-3588,219,-82,-4032
-1704,5718,5420,2596,934,-296,-4064
490,-7888,4490,-2467,-1008,-426,-4064
-1494,4390,10350,-17,-176,-176,-4032
2942,3682,2264,3013,1396,282,-4064
-3608,-2372,15932,-2032,-968,-234,-4048
-788,7452,12214,920,224,-74,-4080
2034,-4382,636,64,559,26,-4080
-3128,-1744,12732,-1260,-791,-416,-4080
832,-12420,9920,1517,-619,-307,-4080
-12,10510,10582,349,459,-30,-4048
-2512,-2426,142,225,-115,-412,-4080
-1650,5038,13400,-663,-626,-72,-4032
-4,8476,8602,530,1463,375,-4064
-4810,-15720,15206,724,-1001,-457,-4032
2666,10666,19290,-699,435,158,-4064
-764,-6568,4108,2451,790,-264,-4032
-2556,-3460,15076,-3179,-1114,-580,-4032
998,-1112,458,2186,656,37,-4064
1496,-8908,7206,-1469,-732,-249,-4032
-1946,7808,16744,3,738,174,-4048
1386,2406,-2582,1764,378,-150,-4048
2374,-3328,2338,-2757,-345,-113,-4080
-1148,496,9752,631,198,-121,-4064
-672,-8670,7494,-1108,-949,-515,-4048
3346,8828,814,2793,1050,99,-4048
-1852,-3008,4146,-2037,-566,-470,-4048
-2988,2238,7988,1244,-359,-142,-4032
4962,-2182,748,-118,732,342,-4064
-4448,-5428,16716,-2969,-572,-415,-4048
4644,6692,2782,2786,989,51,-4080
1400,-7806,1300,-3171,325,-225,-4080
-2078,8982,7184,609,443,-365,-4080
1166,-7422,1468,-168,-300,-221,-4048
-2082,-3066,19500,-1887,-1033,-294,-4080
5772,-3816,-5144,3166,1477,307,-4032
-3612,-5696,13206,-1957,-1050,-288,-4032
-982,8148,16214,604,126,16,-4064
1606,-3592,1924,495,649,47,-4032
-4178,892,17860,-1548,-929,-464,-4064
1596,-11978,9362,2028,-431,-255,-4064
-742,9266,12894,-55,378,-63,-4064
-2548,-948,1100,578,-18,-398,-4032
-798,3950,13322,-844,-557,-65,-4032
2520,2298,7648,1163,1239,435,-4048
-3944,-15308,12898,-235,-1276,-475,-4080
2636,9912,19640,1379,739,234,-4048
1022,-8708,2518,699,600,-247,-4080
-4070,5740,17000,-2184,-611,-528,-4080
266,1256,2276,2119,562,-63,-4048
-2172,-3646,19050,-2381,-1241,-317,-4064
746,7910,8320,930,988,278,-4048
520,-3888,-3294,1206,125,-174,-4048
1052,1870,11468,-2407,-613,-164,-4064
1118,-2564,3416,1392,820,57,-4064
-1900,-3722,8952,-2332,-954,-593,-4064
3856,958,1338,3155,464,26,-4096
-1090,1046,10648,-2471,-357,-343,-4064
-2574,-588,1176,1656,5,-291,-4064
3848,1714,2406,-1728,62,119,-4032
-1796,6038,10636,-1997,772,-6,-4064
4566,1748,-6896,2086,-37,-253,-4048
2770,9822,17950,-3186,163,-8,-4016
-1652,-26,5512,3305,1053,-236,-4016
-1022,-7306,9398,-3028,-1215,-530,-4080
-2658,3156,18776,711,238,-38,-4080
4340,-8374,-1390,921,379,4,-4048
-2746,2286,17718,-2442,-494,-83,-4048
192,6426,5410,2357,704,-61,-4080
2642,-5234,-272,-2128,-99,-109,-4048
-2932,1170,14666,107,-206,-188,-4048
276,-12620,9196,-187,-892,-472,-4048
670,10300,7996,2006,845,41,-4048
-1376,-556,8022,-1348,-400,-467,-4064
-2476,2764,12576,528,-642,-119,-4048
4038,-1348,5638,670,950,410,-4048
-5528,-13950,18056,-2187,-778,-390,-4032
4682,3578,-4224,2526,918,141,-4096
1696,-2598,2744,-2325,413,-226,-4032
-2820,9760,11818,71,267,-443,-4064
1256,-3904,-402,434,-95,-160,-4064
-2502,918,19674,-2018,-1213,-293,-4064
3442,2452,614,2968,1439,327,-4064
-1804,-6910,4144,-873,-782,-286,-4064
-100,5818,17288,-673,-192,-66,-4032
2116,-5004,-48,984,805,47,-4048
-3546,-1032,14564,-2022,-958,-494,-4048
2920,-5576,5596,2435,-175,-180,-4048
-768,5552,12152,-868,93,-183,-4080
-2526,-1936,1810,734,-40,-411,-4016
2340,4618,6596,-1295,-365,19,-4048
508,6590,6976,-23,1240,331,-4048
-5262,-14260,16600,535,-1035,-439,-4064
3202,9664,16168,17,660,201,-4064
-672,-7344,4168,1732,689,-242,-4064
-3154,-1638,16342,-2738,-944,-549,-4064
1138,-2232,-156,2088,626,11,-4064
860,-8088,8858,-1587,-866,-282,-4064
-1348,7592,15786,-237,579,172,-4032
1478,2412,-2976,1862,479,-167,-4064
234,4230,15928,-2925,-551,-151,-4064
-1202,508,9722,985,532,4,-4064
-524,-8638,7154,-1760,-870,-599,-4096
3090,7834,1398,3124,652,33,-4048
-894,4318,13274,-2458,-520,-397,-4048
-2714,1340,6910,1578,-239,-231,-4064
4676,-1610,1960,-950,419,290,-4032
-4626,-5272,16766,-2636,173,-164,-4064
2170,-3112,-4024,2499,744,-69,-4064
2684,4874,7504,-3859,231,-122,-4064
-2082,8934,7008,2448,866,-293,-4048
1336,-7574,1234,-2089,-884,-383,-4080
-2154,4580,14682,-420,-361,-193,-4048
5698,-4532,-4682,2308,941,167,-4080
-3404,-4876,13526,-2423,-866,-229,-4080
1206,3910,-1052,1884,590,-66,-4064
2456,-3850,948,-892,344,-3,-4080
-4236,774,17368,-710,-599,-352,-4048
1432,-11646,9140,928,-739,-372,-4048
2308,8732,3390,1420,670,10,-4032
-1788,-2768,3670,-650,-292,-436,-4064
-510,4482,12106,152,-570,-35,-4064
2502,2852,6688,770,1085,424,-4032
-5054,-7906,17378,-1317,-1082,-472,-4064
4326,6256,6264,2237,894,205,-4032
718,-7978,3556,-920,486,-249,-4064
-3706,4956,16656,-1043,-216,-470,-4032
1216,-6932,1090,1117,119,-134,-4048
-2058,-3802,18326,-2243,-1281,-375,-4080
1174,7368,7468,2519,1461,359,-4048
226,-3538,-2760,-363,-544,-277,-4080
-938,7166,16800,-1271,-328,-88,-4048
1060,-2676,3334,1398,878,54,-4048
-1874,-4132,9364,-2169,-979,-565,-4080
1708,-10188,8816,2537,-122,-132,-4032
-596,8102,12450,-1276,-43,-221,-4048
-2748,-1648,2680,868,-22,-336,-4064
3360,2864,4520,-1478,-294,62,-4064
2362,3372,5972,4,1341,321,-4064
-3266,-12810,10300,949,-916,-421,-4064
2906,10384,17426,-912,496,201,-4064
-1702,-2036,4914,2467,734,-270,-4064
-3986,4070,17722,-2962,-1111,-550,-4064
-104,1598,4038,1985,626,1,-4064
3696,-8508,1224,-1064,-605,-193,-4064
-2670,3892,17798,-865,314,82,-4064
582,-3130,-3360,1986,544,-176,-4032
1414,1496,9876,-2829,-438,-146,-4096
-2464,1192,13306,622,358,-72,-4064
-148,-10930,8804,-1569,-905,-576,-4032
3968,810,520,3037,891,107,-4032
-1234,912,11104,-2599,-585,-416,-4064
-2666,3450,10768,1739,-134,-193,-4080
4790,-3106,2284,-1110,423,269,-4048
-1996,6380,11162,-2864,157,-205,-4048
4756,1652,-7312,2597,786,-55,-4048
2070,-20,3000,-3997,175,-175,-4080
-1686,94,5360,2538,908,-300,-4064
-732,-7278,9288,-1668,-830,-335,-4016
-2862,3192,18832,-780,-519,-220,-4048
4892,-710,-2856,3358,1546,343,-4032
-3108,-7258,9042,-1817,-996,-313,-4032
-698,7350,18206,410,7,-79,-4032
2490,-5360,-98,588,715,39,-4064
-4216,288,16672,-1663,-887,-448,-4064
2466,-9810,7256,2068,-446,-209,-4064
-988,8066,14176,-115,380,-68,-4048
-2234,-2898,906,451,38,-432,-4048
920,5198,10270,-1167,-566,-50,-4048
1510,6330,7270,963,1342,429,-4080
-1350,-10934,4334,-33,-1224,-472,-4048
3334,8426,13620,833,643,226,-4048
254,-9264,3504,1210,592,-284,-4048
-3658,1466,17600,-2434,-731,-532,-4048
1280,-4860,-512,2129,536,-7,-4064
-670,-6522,14704,-2061,-1028,-305,-4048
-728,8918,13122,1091,1067,273,-4096
1488,-782,-4868,1180,71,-225,-4064
-324,6414,18208,-2643,-649,-112,-4064
134,-732,6026,1388,809,15,-4064
-1118,-6440,7056,-2208,-935,-572,-4048
3592,4806,824,3209,665,61,-4048
-1066,7126,13774,-2573,-402,-394,-4064
-2580,588,3392,1744,-98,-222,-4048
4476,-800,1656,-1692,70,194,-4064
-3260,1706,13996,-2072,719,-38,-4064
-268,-9112,798,2364,257,-209,-4032
2672,8512,13796,-3773,104,-68,-4032
-1738,4668,5550,3189,1057,-254,-4032
186,-8504,5314,-2800,-1133,-498,-4064
-1340,4922,9566,185,2,-102,-4032
5506,-7312,-4586,1721,696,46,-4032
-3472,-1578,17008,-2502,-606,-164,-4048
-706,7530,11196,2333,665,-70,-4080
1920,-1990,4292,-1995,-71,-48,-4048
-3796,1048,16884,-10,-265,-183,-4080
864,-13268,10094,-224,-869,-468,-4048
-4,11476,10204,2169,972,64,-4080
-1902,-3028,6616,-1200,-441,-447,-4048
-2072,4544,14720,308,-675,-85,-4048
3838,526,5094,1150,1129,467,-4048
-4026,-2492,16252,-2645,-944,-455,-4064
4966,5854,-262,2865,1027,122,-4064
1458,-6692,1452,-2300,389,-228,-4032
-3552,8626,15312,-142,182,-412,-4032
882,-8306,3110,721,-15,-165,-4032
-2756,-1094,20522,-2349,-1294,-396,-4064
2410,5924,3610,3077,1583,356,-4096
-710,-6392,-412,-1005,-837,-277,-4064
-694,8226,14288,-667,-241,-62,-4032
1884,-4500,620,1057,871,59,-4048
-3060,-2136,12336,-2034,-1002,-494,-4048
3486,-2656,3632,2649,-200,-148,-4080
-876,9518,12826,-1124,68,-166,-4048
-2440,-1178,1066,1039,54,-366,-4080
3292,3540,4116,-1407,-402,11,-4048
2850,1950,7208,438,1237,350,-4064
-4170,-15014,13606,1082,-926,-436,-4048
2660,9640,19032,-564,499,203,-4048
-1424,-4788,5592,2352,744,-288,-4048
-2336,-4566,14010,-2859,-1035,-573,-4048
240,514,2090,1896,562,-24,-4016
2748,-8398,3690,-1132,-565,-197,-4048
-2212,5154,17546,-900,285,77,-4048
548,-4356,-2446,1940,513,-127,-4064
816,2430,12626,-3040,-488,-116,-4048
-2210,1378,11990,989,519,-30,-4064
-86,-10964,7450,-1917,-905,-553,-4064
3724,290,1938,2930,789,64,-4032
-816,2118,10162,-2461,-455,-401,-4064
-2472,2804,9086,1553,-283,-212,-4032
4662,-2676,2946,-893,392,286,-4064
-1472,6566,10078,-2730,131,-225,-4064
4134,272,-6890,2649,807,-112,-4032
2312,860,4864,-3955,186,-175,-4032
-2612,10724,9650,2581,966,-344,-4048
-1244,-6820,10486,-2041,-938,-382,-4048
-2738,3488,18300,-523,-452,-210,-4048
5018,-1526,-2910,2484,1007,170,-4080
-2774,-6740,9426,-2384,-936,-188,-4080
472,5864,3840,1609,496,-18,-4080
2406,-4880,-196,-696,389,1,-4080
-4188,166,16444,-771,-615,-332,-4048
104,-12206,9176,636,-811,-395,-4032
1148,10438,6688,1182,645,37,-4096
-2120,-2618,974,-369,-231,-443,-4032
1122,4650,9814,-175,-661,-93,-4064
4508,-1232,4056,1032,1179,451,-4064
-5550,-13304,18216,-1091,-1147,-485,-4064
3338,8032,13944,2042,821,211,-4064
-40,-8960,4586,-389,515,-286,-4064
-2688,10040,10964,-1453,-323,-508,-4064
-1000,3554,7502,2170,561,-9,-4048
-868,-6512,14342,-2016,-1118,-307,-4016
-466,8762,12550,590,925,246,-4048
1336,-730,-4648,1714,394,-149,-4064
1784,-1178,6942,-3027,-586,-140,-4064
170,-718,5606,1228,625,17,-4032
-960,-6876,6880,-2232,-987,-611,-4048
3116,4622,2152,2881,563,8,-4048
-1058,178,7290,-2061,-320,-392,-4048
-2008,2594,10744,1249,-429,-170,-4080
4024,964,3570,-686,490,324,-4064
-2802,516,11918,-2188,-136,-292,-4048
4818,2528,-3052,2262,664,-52,-4032
1216,-3308,4508,-3390,316,-149,-4064
-1672,3584,4206,1711,734,-366,-4064
252,-7388,6300,-1441,-685,-327,-4096
-2880,1178,19814,-874,-665,-230,-4032
3748,2046,134,2685,1179,192,-4064
-1856,-6138,4336,-1214,-831,-210,-4048
-278,5214,17200,-301,-120,-69,-4048
2118,-4822,104,936,810,52,-4048
-3466,-1422,14138,-1885,-954,-514,-4048
2812,-6026,6076,2318,-262,-171,-4048
-754,6002,12914,-773,161,-109,-4048
-2492,-2266,1256,774,-34,-435,-4048
2130,4478,7512,-1385,-394,-3,-4048
632,7250,7342,254,1369,361,-4048
-5278,-14880,17030,453,-1114,-473,-4064
2990,9786,17380,47,562,216,-4064
-696,-7666,4316,1919,689,-265,-4032
-2814,-2232,16522,-2844,-1008,-562,-4032
1172,-2440,-416,2296,676,16,-4096
5462,-6492,-4196,-78,-113,-92,-4032
-1322,8376,15328,-1710,-60,16,-4032
1230,1506,-3220,2197,663,-120,-4048
2278,-2512,3116,-2824,-385,-124,-4048
-3838,836,16808,529,189,-113,-4080
-796,-7928,7236,-1242,-934,-567,-4048
3452,7434,858,2766,912,67,-4080
-1686,-2244,5388,-2131,-513,-440,-4080
-2678,1452,6210,1323,-324,-179,-4032
4644,-720,1294,-305,754,324,-4048
-4050,-3170,14626,-2625,-487,-404,-4064
5066,5672,74,2557,930,63,-4032
1216,-6440,2292,-3256,302,-196,-4048
-1852,7444,6336,1064,510,-376,-4048
900,-7602,2662,-684,-395,-238,-4048
-2482,-1722,19916,-1530,-892,-272,-4048
2098,5658,4612,3022,1477,288,-4080
-3566,-4078,14280,-1829,-994,-247,-4048
-954,7786,14588,492,86,-55,-4080
1764,-4116,1696,528,624,58,-4048
-4152,860,17480,-1268,-837,-428,-4064
1248,-12238,9480,1731,-552,-295,-4032
-558,9690,12326,263,445,-75,-4064
-2634,-1694,1216,302,-106,-379,-4064
-1138,4622,13172,-799,-575,-60,-4064
3052,1336,6310,1106,1285,408,-4064
-4292,-15120,13888,-311,-1310,-509,-4064
2682,10324,18878,1111,765,277,-4096
1060,-7996,2218,850,614,-272,-4064
-3744,6868,16590,-2036,-572,-524,-4048
456,448,1548,2083,587,-34,-4080
2758,-8740,3882,-2364,-1213,-342,-4048
1198,7194,6958,1335,1140,313,-4016
164,-4708,-2276,923,-26,-198,-4048
954,2518,12518,-2397,-600,-126,-4048
-1946,1124,11742,1234,769,30,-4048
-2244,-3040,9534,-2263,-909,-595,-4048
3858,-622,1582,3223,519,10,-4048
-1022,1982,11944,-2692,-390,-355,-4080
-2418,-1260,288,1884,106,-339,-4064
3558,1568,3666,-1840,-24,139,-4080
-1716,7652,10860,-2964,66,-253,-4032
4310,532,-7820,2814,853,-52,-4064
2318,1278,3884,-4189,162,-194,-4032
-2446,11242,9146,2173,886,-322,-4064
-1324,-6986,10468,-1621,-771,-361,-4064
-2596,3914,18094,-1078,-634,-206,-4032
5268,-1400,-3918,2934,1288,266,-4032
-3236,-7042,9752,-2485,-1047,-268,-4064
482,5822,3602,1458,386,-6,-4064
798,-1858,3850,967,822,48,-4032
-4214,230,16912,-1688,-868,-477,-4048
2224,-10602,8188,2144,-386,-224,-4048
-1148,8900,14594,-723,263,-92,-4048
-2432,-16,1214,990,58,-391,-4048
534,4992,11782,-1677,-605,-18,-4048
1698,6516,7162,631,1379,414,-4048
-1394,-11442,4190,637,-1052,-446,-4048
3412,8476,13612,370,634,203,-4032
-1764,1724,5124,3028,936,-267,-4032
-3734,1698,17512,-3222,-1149,-546,-4064
-926,3886,6870,1405,407,-77,-4064
5046,-8224,-2780,-125,-98,-68,-4032
-3418,154,18408,-1802,-154,-15,-4032
1716,-744,-5448,2468,786,-69,-4064
1740,-808,6850,-2959,-429,-178,-4048
-3426,1594,15898,730,215,-125,-4048
514,-12684,9052,-1276,-917,-540,-4048
3696,4928,1106,2819,918,103,-4048
-1432,-1526,8286,-2094,-511,-448,-4048
-2332,4488,13028,1293,-416,-174,-4016
4366,-1356,3928,-90,665,336,-4048
-3374,992,14458,-2883,-447,-349,-4048
5288,4524,-4360,2891,1061,93,-4048
1676,-4516,1586,-3590,244,-264,-4048
-1806,5094,5672,1656,763,-358,-4064
376,-8460,5038,-511,-449,-265,-4048
-2798,276,21034,-1712,-1006,-293,-4048
2940,3654,1792,3310,1462,302,-4048
-3406,-2190,16434,-2077,-1070,-267,-4064
-566,7722,11608,746,224,-44,-4032
2306,-4502,-82,269,684,4,-4032
-3464,-1468,13072,-1396,-801,-432,-4064
702,-12950,10162,1750,-593,-273,-4032
-30,11214,10492,-77,466,-61,-4064
-2332,-2632,-692,1001,11,-425,-4048
2580,3356,7472,-1398,-670,-67,-4032
3878,566,4322,1414,1492,464,-4064
-5076,-16462,15468,13,-1314,-495,-4064
2424,10582,20522,545,647,279,-4032
-788,-6464,4266,1718,749,-276,-4064
-3824,8468,16266,-2981,-920,-621,-4032
702,-398,402,2438,690,-45,-4064
1870,-8900,5934,-2077,-1105,-300,-4064
-1932,7410,17132,280,833,269,-4032
-388,-5910,-1210,1302,133,-228,-4048
510,4008,14904,-2800,-568,-164,-4048
-1508,728,10394,1395,817,52,-4048
-490,-10066,7370,-2378,-1020,-600,-4048
3838,-1814,2638,3310,640,83,-4048
-980,2406,12048,-2642,-513,-392,-4048
-2906,2474,9134,1586,-113,-276,-4048
3576,2790,3300,-1463,162,199,-4032
-936,7010,9712,-2018,693,-15,-4032
2862,-1146,-4482,2202,232,-202,-4064
2438,3062,5600,-3434,184,-85,-4096
-1482,-3304,5540,2836,935,-311,-4032
-1602,-5264,12476,-2572,-1063,-485,-4032
-2226,4152,15792,272,-74,-120,-4032
5376,-2494,-4288,1466,608,90,-4064
-2518,4612,17894,-2373,-657,-146,-4032
992,5346,1176,2114,709,-38,-4032
2544,-5096,-84,-1622,61,-59,-4032
-4418,220,17870,-153,-277,-204,-4080
164,-10972,6942,27,-793,-438,-4080
1716,8632,5010,1794,681,8,-4048
-1954,-1848,3686,-1133,-319,-450,-4016
216,4740,10488,790,-507,-125,-4080
4462,-2072,4706,374,836,396,-4048
-5372,-9934,18622,-1987,-744,-424,-4048
4164,6306,8178,2643,911,96,-4016
2242,2278,4530,-2784,355,-257,-4032
-2000,9972,7810,-55,203,-449,-4080
1508,-6538,-410,500,-50,-168,-4080
-1848,-4424,17764,-2062,-1206,-310,-4080
526,8108,9300,2945,1502,351,-4048
-3000,-6216,10190,-884,-714,-244,-4048
-990,6972,17814,-633,-243,-102,-4048
916,-2018,4138,1169,827,69,-4048
-4220,-124,17076,-1827,-921,-485,-4032
2056,-10076,8666,2236,-300,-215,-4064
-742,8500,13126,-796,225,-130,-4064
-2552,-818,1904,780,17,-415,-4032
474,4798,10592,-1398,-450,2,-4064
1916,5546,6650,73,1308,346,-4032
-2190,-11510,5884,796,-889,-445,-4032
3246,9574,15036,-673,496,165,-4064
390,-8764,3530,2119,736,-276,-4032
-3668,2624,17212,-2710,-942,-556,-4048
-592,2900,5654,2114,621,29,-4048
4244,-8428,-428,-1723,-930,-275,-4048
128,8918,10696,41,761,243,-4048
884,-2542,-4144,1774,373,-197,-4048
1486,230,8852,-2977,-604,-131,-4048
560,-1606,4592,1284,727,-10,-4064
-1378,-5058,7824,-2026,-968,-600,-4048
3868,2932,1164,3077,730,32,-4080
-1208,698,8972,-2233,-401,-362,-4064
-2788,-808,3622,1487,-208,-283,-4032
3900,1520,2854,-1283,240,196,-4064
-2006,2908,10850,-1999,629,-70,-4000
4338,2120,-4202,2394,751,-15,-4064
1764,-1112,3828,-3291,332,-201,-4064
-2468,9676,10292,1376,641,-380,-4064
-504,-6608,8274,-1479,-690,-325,-4080
-2366,2038,18382,-958,-601,-257,-4048
4050,756,-1194,2690,1221,243,-4048
-2408,-6872,6494,-2064,-943,-236,-4080
-34,7050,7454,945,224,-77,-4048
2268,-5148,-238,-12,492,20,-4048
-3666,-784,15458,-2053,-951,-506,-4048
2628,-7664,7148,2494,-155,-134,-4048
-870,7314,13004,-1032,127,-167,-4048
-2722,-250,3718,1001,-7,-371,-4080
1356,4934,9282,-1598,-399,34,-4048
1248,6712,6780,51,1319,342,-4048
-466,-8742,1774,963,-881,-407,-4048
3254,9390,15624,-463,541,217,-4032
-306,-8732,3392,2221,775,-256,-4064
-3426,-100,17286,-3170,-1238,-514,-4032
-1292,4328,9314,1122,345,-55,-4064
5208,-7436,-3454,453,130,-40,-4064
-3288,-984,17012,-2017,-330,-35,-4064
1530,594,-4126,2234,676,-96,-4064
1922,-1770,4534,-2543,-339,-108,-4048
-3580,960,16288,393,9,-164,-4048
714,-12894,9888,-929,-934,-550,-4048
3744,6780,438,2590,962,104,-4048
-1702,-2048,6138,-1855,-466,-456,-4080
-1824,4388,13374,916,-535,-172,-4048
4720,-1314,1366,-2,697,363,-4064
-3920,-2740,15648,-2575,-703,-416,-4048
5098,5486,-538,2747,1027,87,-4048
1468,-6312,1678,-3187,317,-186,-4064
-1928,7320,6362,839,518,-386,-4032
900,-7968,2804,-323,-275,-215,-4064
-2890,-1098,20334,-1820,-1077,-301,-4064
2686,5236,3644,3173,1470,307,-4064
-3438,-3566,14892,-1672,-976,-289,-4064
-772,7532,13738,274,16,-57,-4032
1786,-4332,1346,671,722,54,-4064
-2984,-1974,12212,-1645,-870,-490,-4064
1164,-12630,9462,2273,-366,-210,-4032
-684,9534,12792,-163,303,-90,-4048
-2564,-1758,1500,593,-45,-425,-4048
3246,3676,5038,-989,-520,-40,-4080
3036,1470,6648,812,1267,413,-4048
-4274,-14912,14042,640,-1092,-453,-4064
2694,10048,18594,70,606,239,-4032
-1266,-4942,5008,1358,611,-262,-4080
-3764,6510,16466,-2499,-817,-532,-4048
190,292,1874,2170,601,-42,-4048
2828,-8536,3884,-1964,-1009,-316,-4048
-2112,5584,17300,277,799,225,-4048
238,-4284,-2300,1507,306,-191,-4048
1054,2576,12368,-2884,-562,-171,-4080
-2084,1040,11906,1108,615,-10,-4048
-2422,-3204,9630,-2247,-935,-599,-4064
3782,-296,1762,3216,619,39,-4096
-958,1710,11330,-2742,-480,-410,-4064
-2648,3428,9568,1922,-19,-238,-4032
3828,1240,3642,-1527,90,182,-4064
-1762,7026,11230,-2293,525,-80,-4032
4238,360,-7266,2574,538,-129,-4064
2098,602,4734,-4059,73,-110,-4032
-2476,11222,9878,1716,748,-333,-4080
1682,-6716,-1188,-1015,-578,-278,-4016
-2820,3892,18582,-1469,-845,-275,-4080
5118,-1232,-3802,3172,1376,259,-4080
-2976,-6778,9116,-2177,-1015,-266,-4048
270,5848,4158,1292,343,18,-4064
2532,-4804,-302,148,624,28,-4080
-4108,86,16604,-1297,-780,-453,-4080
2202,-9970,7870,1391,-717,-328,-4064
-942,7980,14614,-1331,46,-152,-4032
-2334,118,2254,1322,117,-384,-4032
1056,4534,10642,-1782,-454,14,-4064
1200,6650,7812,125,1332,303,-4032
-1248,-10982,3770,1202,-826,-409,-4064
2828,9070,15392,-495,482,186,-4048
148,-9232,3738,2312,763,-271,-4080
-3620,992,17506,-3025,-1039,-604,-4048
-1178,3998,7630,2138,628,-31,-4048
5140,-7924,-2766,956,379,11,-4064
-3364,316,17962,-2473,-675,-111,-4016
-12,7292,7718,2271,698,-46,-4048
1794,-826,6712,-2201,-100,-78,-4032
-3548,1618,15804,52,-210,-205,-4032
464,-12838,8852,-200,-874,-466,-4032
566,10306,8910,1986,765,68,-4064
-1118,-1374,7500,-1115,-380,-462,-4032
-2388,3560,12770,535,-600,-144,-4064
4098,-850,4786,1089,1182,456,-4048
-5450,-14422,17918,-1125,-1180,-442,-4048
3064,9028,16018,2102,862,211,-4080
-248,-8484,4210,-487,495,-261,-4048
-2876,9698,12488,-1442,-330,-511,-4048
1080,-3610,-500,1709,350,-72,-4048
78,-7100,11960,-2474,-1323,-373,-4048
3586,2882,188,2374,1448,348,-4064
-1774,-6640,3580,-94,-428,-267,-4064
-290,5348,17580,-2841,-581,-186,-4032
-356,-78,7742,1248,708,2,-4064
-876,-7276,6930,-2031,-978,-627,-4000
3488,6060,1050,3161,583,47,-4032
-978,5740,13992,-2413,-416,-379,-4032
-2668,626,4972,1706,-98,-222,-4032
4452,-972,1818,-1596,106,170,-4016
-3676,-44,14630,-1949,755,-3,-4048
262,-7478,-412,2349,217,-195,-4048
2726,7448,12402,-3556,92,-25,-4048
-1850,6072,6318,3127,991,-269,-4048
552,-8304,4060,-2728,-1160,-462,-4016
-1556,4964,11060,328,41,-97,-4016
5512,-6438,-4978,1440,639,44,-4080
-3436,-2384,16092,-2612,-652,-173,-4016
1566,1200,-3858,2379,725,-92,-4064
2188,-2374,3454,-1844,30,-66,-4048
-3932,1162,16874,70,-227,-208,-4064
862,-13126,9886,-404,-945,-446,-4032
3552,7058,370,2254,911,87,-4032
-1670,-2472,5636,-1068,-351,-477,-4080
-1754,3740,13826,381,-643,-107,-4048
3364,526,6232,894,1031,437,-4048
-5024,-15518,15808,-2103,-974,-457,-4048
4722,5186,-188,2565,929,154,-4016
1488,-5960,2446,-1760,448,-255,-4080
-3364,8192,14402,-429,67,-452,-4048
618,-7686,3652,502,-78,-190,-4064
-2392,-1118,19926,-2092,-1191,-326,-4032
2348,5374,3540,2968,1521,317,-4064
-940,-6570,442,-1003,-835,-322,-4064
-694,8268,13674,-612,-172,-69,-4032
1904,-4584,788,1252,854,25,-4032
-2928,-1942,12676,-2113,-1014,-512,-4032
3370,-3378,4234,2587,-138,-125,-4064
-466,9312,11466,-742,157,-122,-4080
-2556,-1428,1302,684,-6,-387,-4048
2890,4170,4772,-1262,-367,5,-4080
-46,7600,7440,231,1294,367,-4048
-4702,-14938,15010,692,-1058,-431,-4048
2814,9896,18268,-141,544,208,-4048
-912,-5982,4994,1981,685,-267,-4048
-3654,7276,15810,-2526,-878,-568,-4064
772,-712,922,2074,622,-26,-4048
1756,-8380,6064,-1486,-759,-230,-4048
-2132,6444,17080,102,706,154,-4032
-194,-5200,-1104,1637,349,-151,-4064
758,3268,13832,-2899,-602,-179,-4064
-1664,1210,10820,1060,586,4,-4064
-326,-9786,7004,-2008,-901,-539,-4064
3504,-1916,2948,3075,728,64,-4064
-934,3138,11816,-2538,-469,-415,-4064
-2728,2172,8130,1638,-133,-262,-4032
4764,-2096,2190,-1348,205,213,-4080
-1092,7470,9620,-2433,483,-110,-4048
3384,-828,-5846,2320,435,-143,-4048
2596,2614,5428,-3816,140,-119,-4048
-2146,10056,8084,2744,1011,-313,-4048
-1530,-5596,12056,-2379,-975,-422,-4048
-2446,3996,16490,-557,-386,-177,-4064
5138,-2740,-3782,2035,819,107,-4048
-3202,-6222,11448,-2493,-818,-189,-4016
894,5030,1704,1898,515,-36,-4080
2624,-4738,270,-1098,170,-56,-4048
-4344,394,17312,-442,-481,-288,-4080
1832,-10842,8616,668,-759,-401,-4048
1632,9784,5246,1254,664,2,-4016
-2142,-2840,2280,-471,-218,-452,-4048
338,4596,10966,-72,-618,-85,-4016
4538,-1438,3718,789,1032,438,-4032
-5378,-11176,17886,-1503,-1059,-443,-4064
4012,7630,10152,2217,903,178,-4064
410,-8690,3458,-1105,490,-272,-4032
-2452,9984,9856,-987,-127,-494,-4032
1340,-5658,-304,1365,261,-106,-4032
-1296,-5624,16052,-2367,-1353,-364,-4032
-92,8460,11262,2366,1374,339,-4064
-2748,-6730,7844,9,-443,-272,-4032
-506,6548,18096,-1613,-406,-106,-4064
392,-1412,5080,1455,923,117,-4064
-1368,-5736,7538,-2377,-983,-566,-4032
2182,-8280,7298,2924,218,-88,-4000
-558,7218,12880,-1834,-173,-277,-4064
-2786,-350,3846,1279,-49,-364,-4064
4172,1102,2906,-1619,-215,74,-4048
1264,5494,6946,-500,1220,248,-4080
-1028,-9064,4086,1386,-626,-374,-4016
2834,8948,13898,-1772,395,122,-4048
-1814,3104,5086,2898,860,-269,-4080
-3642,514,17912,-3131,-1184,-521,-4048
-1136,3742,8698,1589,463,24,-4048
4926,-7354,-2980,-293,-208,-123,-4048
-3110,-550,16692,-2235,-617,-105,-4064
-378,6730,9696,1938,662,-56,-4064
2072,-1562,4610,-1626,65,-50,-4032
-3554,980,16112,-233,-345,-238,-4064
380,-12696,9918,534,-819,-448,-4048
250,10474,9788,1852,774,62,-4064
-1462,-2130,7156,-1028,-397,-442,-4032
-1886,4716,12970,353,-571,-89,-4032
4050,-354,4280,1023,1136,451,-4064
-5354,-15506,17034,-287,-1313,-491,-4032
2636,10160,18548,995,751,267,-4032
-568,-7162,3716,529,600,-279,-4048
-3480,8986,15308,-2338,-646,-572,-4048
984,-1520,46,2330,643,0,-4080
1104,-8710,8120,-2455,-1350,-378,-4080
-1504,7994,16268,1322,1152,302,-4080
-976,-6278,620,937,3,-225,-4048
460,4554,15638,-2500,-523,-136,-4048
-1202,486,9286,1032,553,-40,-4032
-634,-8868,7236,-1951,-991,-604,-4064
3084,8440,1712,3108,841,56,-4064
-884,3888,12744,-2461,-519,-430,-4032
-2686,1620,7508,1491,-285,-236,-4032
4730,-1572,1992,-895,497,308,-4064
-4444,-5164,16058,-2433,-653,-399,-4064
4700,5672,2318,2575,986,100,-4064
1048,-7080,2618,-3089,352,-257,-4048
-1838,8256,6540,724,503,-420,-4048
1074,-7414,2062,-365,-345,-229,-4048
-2434,-2570,19492,-1658,-1061,-333,-4016
1916,6102,5590,3050,1467,359,-4048
-3480,-4658,13608,-1583,-940,-264,-4048
-854,7584,15316,242,21,-21,-4048
1508,-3592,2018,721,730,44,-4048
-4286,622,17574,-1429,-864,-434,-4032
1292,-11650,9590,1801,-522,-251,-4032
-374,9462,12182,142,343,-61,-4032
-2670,-1970,1364,313,-131,-440,-4064
-718,5188,12292,-939,-518,-67,-4064
2980,2220,5298,1078,1380,410,-4064
-4152,-14754,13008,-247,-1268,-456,-4032
2682,10802,18896,1030,720,283,-4064
962,-8756,2756,1027,576,-274,-4064
-3870,6416,16930,-2407,-763,-547,-4064
500,432,1898,2268,647,-42,-4032
2728,-8886,4016,-2237,-1185,-324,-4064
1412,7372,6542,873,1048,288,-4032
18,-4836,-2344,1183,138,-211,-4032
1078,2958,12736,-2669,-575,-194,-4064
-1948,1272,11504,1235,745,19,-4064
-2368,-2970,9870,-2277,-997,-577,-4080
3794,-1456,2246,3200,424,-15,-4048
-1116,2062,12624,-2413,-390,-362,-4080
-2922,2524,9564,1726,68,-285,-4048
3326,1998,3694,-1597,27,143,-4016
-1306,7244,10570,-1816,783,23,-4048
3314,-752,-5300,2212,115,-228,-4080
2708,9862,18832,-2941,159,-1,-4032
-1550,-2786,5732,3023,953,-270,-4080
-1592,-5742,12026,-2877,-1153,-484,-4032
-2342,4246,16296,895,267,-44,-4064
3396,-8896,2460,618,278,10,-4064
-2804,4692,18302,-2236,-391,-113,-4064
934,5002,1390,2498,714,-77,-4032
2566,-4868,282,-2460,-195,-99,-4064
-2194,1388,12330,216,-116,-167,-4064
-52,-10826,7796,-689,-908,-474,-4032
2102,9814,3820,2457,960,83,-4064
-2090,-3552,2692,-1686,-480,-453,-4064
-2772,2918,9932,1083,-444,-148,-4048
4650,-2356,2324,81,807,357,-4048
-5152,-9856,18136,-2852,-534,-370,-4048
4088,7046,8556,2724,988,75,-4048
744,-9350,3094,-1094,458,-242,-4080
-2012,10292,8294,-533,34,-480,-4064
1344,-6550,8,1481,258,-107,-4080
-1772,-4626,17968,-2347,-1301,-366,-4080
216,8308,10002,2399,1402,372,-4048
-3100,-6832,10074,-356,-620,-270,-4064
-840,7262,18306,-1727,-462,-116,-4048
902,-1918,3862,1524,909,65,-4080
-1634,-4658,8290,-2377,-983,-563,-4048
3590,2262,1396,3232,525,47,-4032
-1012,186,9888,-2522,-413,-342,-4096
-2612,-252,2170,1714,-58,-266,-4064
4042,598,2482,-1549,125,158,-4032
-2344,4926,12222,-2184,601,-32,-4064
4742,2276,-6322,2441,310,-213,-4064
2592,9566,17094,-3761,49,-69,-4064
-1666,1154,5516,3184,1057,-259,-4064
-588,-7830,8486,-2626,-1118,-453,-4064
-2848,2774,19902,-1098,-612,-247,-4016
4288,780,-1780,2969,1243,202,-4048
-2350,-7178,6262,-2351,-1043,-279,-4048
-60,6932,7216,1151,309,-27,-4048
2644,-5238,-718,-114,518,35,-4080
-4038,-406,15692,-1116,-747,-361,-4048
334,-12754,9158,1179,-721,-358,-4096
480,10608,8418,705,583,-10,-4032
-2354,-2908,702,62,-138,-393,-4064
1636,4056,8900,-510,-668,-48,-4064
4126,-968,4694,1203,1255,456,-4032
-5298,-15114,17380,-585,-1266,-469,-4064
3076,8678,16480,1599,794,233,-4032
-376,-8696,4396,345,576,-292,-4064
-3108,9940,12668,-1988,-526,-527,-4032
1216,-3268,-642,2162,538,-51,-4032
144,-7848,11670,-2367,-1338,-386,-4016
-1450,8682,15458,1933,1250,310,-4080
-1612,-7224,3248,622,-256,-219,-4048
46,5610,17482,-2131,-535,-108,-4048
-540,166,7378,1458,940,40,-4048
-750,-7978,6576,-2541,-1028,-589,-4048
3132,-4738,4770,3025,446,2,-4048
-796,5240,12046,-2251,-289,-289,-4080
-2708,1140,5888,1352,-58,-311,-4048
4602,-574,2212,-1515,11,159,-4048
146,7028,7742,-1513,874,87,-4048
1172,-5014,-1398,1766,-94,-280,-4080
2812,6146,9382,-2945,304,23,-4080
-762,-6612,4218,2927,922,-271,-4064
-2786,-2334,15418,-2936,-1172,-496,-4048
-1676,4376,12402,764,185,-76,-4048
5432,-5262,-4262,446,147,-43,-4064
-1872,6866,16590,-2020,-397,-42,-4096
1644,3208,-2270,2308,753,-31,-4064
2278,-3866,1872,-2312,-162,-63,-4064
-4318,834,17984,103,-116,-151,-4096
-378,-9740,6612,-332,-853,-495,-4032
2382,8230,3034,2089,770,52,-4064
-1670,-2020,4618,-1463,-401,-405,-4064
-724,4888,11604,866,-520,-147,-4032
4478,-2044,3430,168,759,359,-4080
-4928,-7244,18076,-2433,-577,-396,-4048
4650,5996,4356,2809,1028,69,-4048
846,-8742,2652,-3031,300,-248,-4048
-2076,9792,6828,508,427,-401,-4080
1728,-7522,-2,-6,-211,-214,-4048
-2598,-3292,19566,-1938,-1130,-329,-4048
5530,-3648,-4828,3172,1403,301,-4064
-3250,-5436,12346,-1377,-882,-220,-4048
-958,7304,16758,-31,-89,-53,-4048
1430,-2844,2642,545,761,51,-4032
-4218,276,17596,-1585,-873,-443,-4064
1490,-11138,9330,1997,-450,-238,-4064
-694,9128,13222,-422,256,-104,-4064
-2418,-1152,1378,666,-62,-417,-4064
48,4932,11662,-1247,-481,-11,-4032
2304,4472,6432,471,1340,360,-4032
-2922,-12688,8556,473,-1047,-457,-4064
2934,10234,16560,601,676,227,-4080
438,-9068,3692,1321,615,-289,-4080
-3794,3922,17466,-2537,-822,-576,-4080
-290,2100,4412,2144,664,-26,-4064
3710,-8478,842,-1799,-964,-293,-4032
816,8394,9078,18,796,232,-4064
526,-2756,-3930,1631,384,-139,-4064
1364,984,10138,-2993,-602,-171,-4032
-2712,1470,13812,1311,708,31,-4080
-1528,-5000,8714,-2172,-981,-628,-4048
3452,2600,2068,2988,636,54,-4048
-850,1348,8484,-2131,-339,-389,-4048
-2464,2050,10020,1327,-255,-286,-4080
3826,2120,3506,-1222,263,228,-4080
-1734,3456,9872,-1969,572,-87,-4048
4104,1558,-4374,1942,344,-177,-4048
2972,9488,14968,-3126,302,-23,-4064
-1858,392,5272,2641,865,-354,-4064
-602,-6224,9194,-2621,-1077,-442,-4096
-2534,2784,17588,339,-17,-121,-4032
4268,-7776,-180,1259,559,82,-4032
-2730,2034,17180,-2189,-541,-93,-4064
12,6148,5832,1846,608,-75,-4064
2330,-4904,-42,-1519,69,-39,-4064
-2888,1368,14454,-404,-385,-244,-4032
158,-11554,8762,179,-803,-459,-4064
1238,9920,6400,2098,803,72,-4016
-2416,-3378,1994,-1420,-424,-472,-4048
-2466,3638,11058,692,-448,-141,-4048
4480,-2362,3306,536,908,398,-4048
-5576,-13578,19214,-2416,-904,-443,-4080
3290,8688,14118,2802,1107,151,-4048
1786,-1946,2212,-2368,350,-277,-4048
-2754,10830,11392,-1629,-410,-516,-4032
1526,-4904,-1156,1926,464,-43,-4032
-898,-6676,14548,-2509,-1392,-399,-4064
-264,9318,12586,2223,1442,364,-4096
-2608,-6926,6636,163,-329,-233,-4064
-448,6442,17828,-1851,-492,-106,-4064
226,-952,6048,1339,834,57,-4064
-1232,-5404,7318,-2281,-1001,-597,-4032
2716,-8668,6956,3135,271,-44,-4064
-1430,-1492,8008,-2737,-488,-424,-4064
-2576,972,3218,1653,-127,-197,-4032
4496,-212,566,-1253,326,207,-4064
-3018,1774,13296,-2617,314,-199,-4064
5126,4506,-4058,2407,441,-132,-4080
2806,7952,13346,-3753,145,-79,-4080
-1972,4474,6178,2679,906,-318,-4048
160,-7810,5324,-2317,-979,-433,-4048
-2680,876,19774,-202,-219,-200,-4080
5666,-7018,-3872,1921,895,153,-4016
-3590,-1300,16930,-2519,-784,-202,-4048
-650,7626,10438,1894,532,-61,-4080
1940,-2026,4556,-1643,6,-50,-4032
-3670,1276,16562,-233,-407,-248,-4032
810,-12972,9362,283,-790,-381,-4064
-30,10456,10282,1743,782,92,-4064
-1402,-2142,6338,-852,-302,-460,-4064
-2158,3970,13538,321,-638,-91,-4064
3792,-820,5506,991,1022,415,-4064
-5160,-15848,17264,-1929,-1085,-505,-4096
5414,5572,-2760,2544,1013,212,-4064
1442,-5810,1496,-1559,449,-261,-4032
-3410,9128,14430,-850,-44,-496,-4032
978,-2158,-232,910,89,-148,-4048
-2640,-686,20602,-2317,-1313,-363,-4080
2504,4768,3548,3026,1522,359,-4048
-1010,-6228,1080,-625,-687,-273,-4048
392,4488,15748,-908,-309,-111,-4048
2010,-4326,1410,1266,853,75,-4080
-2968,-1794,12324,-2122,-962,-515,-4048
3510,-3730,3484,2819,-58,-114,-4048
-392,11118,12256,-1425,116,-151,-4064
-2468,-1944,-494,1493,148,-340,-4032
2784,2362,5992,-1996,-560,-11,-4032
-898,8868,10474,235,1356,328,-4064
-4158,-16484,12736,1379,-825,-438,-4032
2422,10564,20718,-1502,327,161,-4032
-1104,-4614,4514,3324,1012,-221,-4080
-1974,-5388,12864,-3433,-1246,-571,-4048
342,990,1958,1890,615,-15,-4032
2826,-9266,3348,-842,-421,-168,-4064
-2378,6054,18104,-1364,168,32,-4064
1106,4320,-120,2395,661,-110,-4032
900,3078,12948,-3028,-488,-145,-4032
-1916,868,11610,743,266,-78,-4064
-334,-10688,8038,-1545,-959,-582,-4032
2502,10396,3020,3036,1045,80,-4032
-1200,1238,12120,-2493,-603,-455,-4048
-3188,3082,10710,1444,-351,-183,-4048
5054,-2436,1544,-450,616,333,-4048
-5140,-10452,18026,-3050,-173,-295,-4016
4082,930,-6370,2716,914,-38,-4048
2328,1268,3768,-3754,247,-179,-4080
-2394,10424,9220,1622,744,-359,-4048
-1410,-6588,10520,-1527,-761,-355,-4032
-2374,3270,17724,-1383,-837,-242,-4048
5110,-992,-3272,3055,1382,254,-4048
-2996,-7220,8984,-2119,-1070,-273,-4080
592,6624,3748,1253,385,-29,-4032
2472,-5374,-572,-223,499,50,-4064
-4296,34,17122,-1164,-766,-361,-4064
2210,-9932,8168,1503,-602,-313,-4064
1118,10044,6350,531,478,-69,-4032
-2136,-3008,1942,132,-127,-442,-4064
724,4726,10660,-609,-620,-42,-4032
1638,5864,7042,1083,1239,446,-4032
-5616,-12912,19050,-908,-1275,-498,-4048
3660,8468,13004,1947,916,236,-4048
100,-9450,3476,-107,547,-286,-4048
-3942,1682,17974,-1831,-441,-525,-4048
1522,-4866,-1254,1958,443,-60,-4080
-762,-6338,14194,-2448,-1330,-338,-4080
-592,9084,12606,1529,1164,306,-4048
-2086,-6970,5740,342,-227,-213,-4064
-468,6138,18220,-2271,-532,-131,-4080
-52,-770,6402,1354,838,72,-4048
-1316,-6188,7234,-2255,-980,-631,-4048
3948,5186,274,3229,420,-16,-4048
-990,6700,14704,-2541,-393,-363,-4048
-2452,1046,3788,1758,46,-280,-4048
4566,-726,696,-1745,-14,136,-4048
432,7896,8638,-1411,965,86,-4032
84,-8336,334,2294,166,-234,-4080
2804,7692,13080,-3083,157,7,-4064
-2072,5580,6434,3350,1046,-246,-4064
-3394,-1736,17090,-3051,-1223,-508,-4096
-1570,4736,10774,859,198,-74,-4032
5602,-6734,-4510,764,266,-19,-4032
-3356,-1796,16074,-2343,-418,-107,-4032
1526,1284,-4064,2326,781,-59,-4096
2076,-2318,3810,-2323,-137,-91,-4064
-3852,1330,16808,132,-154,-225,-4064
924,-12968,9352,885,-770,-353,-4080
-222,9520,11764,1061,588,2,-4048
-2508,-1668,1560,-257,-215,-426,-4048
-1656,3020,12802,54,-622,-88,-4048
3294,440,6986,869,1079,416,-4048
-4966,-15168,15946,-954,-1108,-461,-4048
5006,5132,-236,2203,857,178,-4032
1158,-5698,2898,-1111,485,-287,-4032
-3326,7634,14436,-927,-132,-498,-4032
668,-1590,1112,2104,534,-28,-4032
1376,-8022,8174,-1904,-1074,-287,-4032
-1658,7140,16008,602,891,216,-4032
-888,-5764,550,1376,241,-199,-4032
308,3970,15346,-2621,-578,-152,-4016
-1320,978,9676,1372,809,27,-4048
-146,-9164,6190,-2271,-968,-576,-4080
3338,-2630,4432,2838,442,-37,-4048
-548,4558,10890,-2041,-227,-319,-4048
-2770,426,6904,1322,-155,-304,-4048
4344,-1210,4192,-1452,69,196,-4048
146,6718,7160,-1668,834,29,-4048
1812,-3566,-2922,1830,75,-278,-4048
2600,5342,8190,-3225,273,-14,-4080
-1904,7972,6354,2896,939,-289,-4080
-2418,-3506,14852,-2800,-1135,-469,-4080
-1814,4400,13690,542,61,-87,-4080
5422,-4504,-4374,1220,509,41,-4080
-1906,6466,16876,-2083,-394,-91,-4032
1162,3340,-912,2184,723,-58,-4064
2218,-3720,1430,-2022,-150,-60,-4064
-4078,332,17234,-78,-233,-193,-4064
-438,-9204,7248,-341,-846,-479,-4032
2786,8314,2096,2247,848,44,-4064
-1946,-2422,4570,-1582,-432,-444,-4064
-954,4644,12744,806,-517,-105,-4064
4608,-1600,2334,400,918,404,-4064
-4642,-6766,17042,-2324,-776,-435,-4064
4616,6282,4570,2631,957,98,-4064
1010,-8324,2742,-2771,355,-255,-4048
-2060,9336,7024,438,357,-417,-4080
1466,-7026,622,-6,-222,-220,-4080
-2274,-3216,18990,-1922,-1078,-334,-4048
1352,7314,6842,3149,1526,354,-4048
-3516,-5474,12672,-1425,-917,-280,-4016
-950,7616,16456,56,-90,-36,-4080
1332,-3414,2836,824,723,59,-4016
-4164,600,17372,-1531,-894,-449,-4064
1734,-11454,9152,2180,-332,-217,-4048
-742,9260,12904,-519,254,-119,-4048
-2652,-1386,1508,472,-37,-406,-4032
-594,4404,12056,-886,-504,-46,-4064
2678,2416,7122,563,1202,362,-4096
-3544,-13750,11732,241,-1117,-452,-4064
2914,9778,17238,629,685,248,-4032
728,-8006,3386,1167,601,-267,-4032
-3836,5288,16720,-2365,-778,-545,-4032
40,1070,2832,2046,559,-43,-4032
3356,-8402,2582,-1920,-959,-258,-4064
994,7516,8022,417,863,199,-4032
300,-3696,-2876,1536,260,-170,-4032
1066,1722,11286,-2771,-624,-124,-4064
-2250,1274,12912,1141,615,-17,-4032
-1742,-3950,9072,-2029,-888,-595,-4064
3708,344,2090,3148,636,12,-4064
-1000,1820,10940,-2527,-401,-411,-4032
-2852,3036,9746,1753,-20,-289,-4016
3524,1914,3596,-1730,69,148,-4048
-1542,6412,10410,-2011,677,-33,-4048
4304,1170,-6848,2246,306,-219,-4048
2216,928,3952,-3669,143,-55,-4048
-1698,-1082,5402,3046,1000,-254,-4016
-1074,-6862,10230,-2688,-1083,-464,-4016
-2674,3508,18274,139,-103,-116,-4048
5096,-1130,-3230,2097,934,130,-4032
-2652,3230,17802,-2489,-814,-188,-4032
168,5778,4458,1740,487,-51,-4064
2410,-4942,152,-981,244,-10,-4064
-4080,-350,16434,-501,-567,-330,-4064
82,-12056,9038,677,-830,-407,-4064
1270,10958,6188,1684,844,79,-4080
-2356,-3744,806,-784,-346,-448,-4016
702,4494,11410,-98,-690,-102,-4048
4626,-1912,3032,1298,1226,489,-4048
-5418,-14032,18548,-1660,-1277,-489,-4048
3214,8946,15070,2382,966,207,-4080
1806,-2772,2274,-1465,478,-226,-4064
-3076,10562,12086,-1294,-225,-496,-4080
1324,-4440,-806,1693,343,-100,-4048
-492,-7186,13690,-2514,-1412,-391,-4032
4278,1694,-744,2820,1551,403,-4032
-2374,-7288,5596,-442,-635,-277,-4064
-132,6514,17816,-1213,-375,-95,-4064
-50,-750,6044,1340,907,64,-4096
-3960,-404,15544,-2346,-1009,-574,-4032
2922,-7268,5876,3003,132,-63,-4064
-874,6110,13836,-1880,-142,-235,-4064
-2854,758,4950,1415,72,-343,-4032
1964,4686,7788,-1829,-247,55,-4064
690,7496,7592,-693,1159,208,-4032
234,-7156,364,1552,-527,-330,-4064
2922,8106,11564,-1938,350,140,-4064
-534,-8358,4800,2979,869,-283,-4064
-3434,-1096,17010,-3136,-1172,-561,-4064
-1482,4422,10392,1463,417,-66,-4064
5696,-6352,-4536,-660,-358,-135,-4048
-1438,8218,15764,-1370,82,25,-4048
1772,1722,-4012,2252,705,-59,-4048
2006,-2462,3122,-2958,-424,-136,-4048
-3978,1182,16922,591,248,-86,-4016
-824,-8118,6774,-1334,-933,-546,-4048
3388,7372,804,2845,915,109,-4048
-1774,-3090,6152,-2312,-551,-458,-4048
-1768,4892,14134,1319,-358,-160,-4048
4820,-2248,696,-148,683,340,-4048
-4322,-3100,16856,-2969,-669,-422,-4064
5242,6330,-334,3008,1151,80,-4064
1422,-7608,834,-3337,280,-236,-4064
-2028,8450,6694,725,476,-398,-4096
1100,-8594,1646,15,-280,-226,-4032
-2750,-1886,21056,-1959,-1176,-326,-4032
2014,6200,5076,3362,1441,325,-4048
-3518,-4442,14682,-1879,-1024,-263,-4080
-932,7688,15164,615,126,-8,-4048
1770,-3764,1500,438,744,90,-4048
-3068,-1998,11166,-1481,-846,-467,-4080
1292,-12808,9990,1950,-567,-249,-4016
-670,10576,13002,-479,353,-70,-4048
-2250,-1174,-618,969,62,-393,-4048
-1118,4374,14636,-1263,-744,-97,-4064
2872,3072,6448,1161,1417,423,-4064
-3654,-15478,10856,-61,-1225,-482,-4032
2576,10140,19344,609,668,215,-4096
1030,-8594,1586,1388,722,-262,-4032
-3774,5674,16874,-2858,-967,-567,-4016
-42,996,3042,2307,622,10,-4048
3020,-9096,3202,-2076,-1159,-335,-4032
1204,7800,7428,644,964,292,-4064
244,-4456,-2916,1465,249,-140,-4064
930,2340,12524,-2915,-627,-129,-4064
-2212,1384,12230,1379,788,7,-4032
-2266,-3664,9856,-2300,-1032,-610,-4032
3796,702,2248,3120,651,36,-4032
-864,1676,10102,-2285,-410,-374,-4064
-2916,1930,9982,1416,-206,-254,-4064
3666,2782,2868,-1426,184,158,-4048
-1188,5706,9054,-1862,743,-17,-4016
3422,454,-4998,1931,130,-242,-4048
2212,2098,4636,-3260,260,-40,-4048
-1674,-1920,5440,2782,914,-302,-4080
-1258,-5672,11356,-2696,-1092,-477,-4080
-2352,3414,16686,396,8,-119,-4048
3682,-8074,1402,724,325,6,-4032
-2608,3540,17374,-2202,-577,-130,-4080
638,5820,3062,1928,639,-78,-4016
2366,-4974,-114,-1667,38,-68,-4048
-2540,1348,13478,-95,-269,-232,-4064
-66,-11372,8252,223,-814,-432,-4048
1608,9596,5500,2073,758,60,-4064
-2290,-3118,2536,-1336,-394,-442,-4032
-2560,3236,10280,614,-527,-163,-4032
4646,-2220,3064,908,1059,435,-4048
-5578,-12086,19356,-2025,-1088,-446,-4048
3570,8504,11858,2695,1013,224,-4048
494,-9518,2756,-1628,447,-239,-4080
-2668,10684,10838,-764,-57,-487,-4048
1648,-5656,-892,1244,202,-154,-4016
-1360,-6014,15826,-2452,-1333,-382,-4048
4650,-4,-2582,3044,1538,350,-4032
-2686,-6916,7678,-905,-730,-285,-4064
-746,6950,17994,-711,-239,-104,-4000
538,-1522,5192,1266,855,59,-4048
-1422,-5170,7980,-2126,-999,-553,-4048
2514,-9312,7468,2887,6,-87,-4048
-1204,6990,14530,-1554,-119,-182,-4048
-2704,-46,3832,1244,86,-359,-4048
1072,4322,9124,-1341,-334,12,-4032
1296,5838,8412,-290,1198,317,-4064
-1526,-9886,5244,1322,-761,-398,-4064
3124,8874,13858,-961,396,178,-4064
86,-8710,4904,2367,734,-256,-4032
-3698,884,17508,-2701,-1069,-524,-4064
-938,3328,7520,1762,493,-58,-4032
4912,-7258,-2088,-889,-474,-169,-4064
-658,8536,13196,-1023,313,68,-4096
1402,-786,-4180,2211,620,-115,-4064
1640,-786,6672,-3028,-511,-177,-4064
-3286,1592,15512,913,469,-39,-4048
-810,-6196,6918,-1783,-879,-557,-4048
3528,4244,1264,2759,758,67,-4048
-1246,436,7598,-2214,-350,-377,-4048
-2224,2640,10862,1339,-255,-235,-4048
4018,1404,2682,-1127,357,269,-4080
-2364,2268,11032,-2387,327,-154,-4080
5036,3010,-4840,2105,559,-103,-4048
3124,9160,13262,-3619,256,-110,-4032
-1756,2866,4616,2575,928,-343,-4032
-284,-7326,6890,-2343,-1022,-431,-4064
-2522,1312,19758,-196,-194,-125,-4032
4948,-7330,-3104,2105,914,124,-4064
-3204,-572,17024,-2440,-860,-201,-4032
-476,7038,9706,1693,498,-10,-4064
2140,-4858,206,-813,221,-44,-4032
-3542,1178,16304,-698,-619,-308,-4064
540,-12466,9640,792,-726,-360,-4064
308,10178,8930,1573,755,65,-4048
-2518,-2680,900,-818,-277,-446,-4048
-2040,3858,12812,212,-591,-78,-4048
3882,-700,5008,985,1076,481,-4048
-5292,-15464,17678,-1611,-1192,-479,-4016
2880,9392,17780,2118,914,223,-4032
1542,-5422,1694,-431,561,-283,-4064
-3452,9400,14314,-1138,-189,-476,-4048
1130,-2370,-412,1605,345,-109,-4048
576,-8274,9828,-2526,-1391,-398,-4016
2978,4210,2350,2496,1412,359,-4016
-1368,-6708,2028,-72,-450,-244,-4080
356,4898,16306,-1505,-441,-127,-4080
2138,-4480,742,1258,879,89,-4032
-3210,-1426,12824,-2256,-987,-558,-4016
3240,-4630,4290,2967,174,-65,-4048
-948,4864,13106,-1705,-93,-232,-4064
-2388,-2264,608,1402,92,-365,-4000
2728,4174,6178,-1763,-281,85,-4032
-202,7474,8526,-527,1191,219,-4064
1738,-3824,-2638,1516,-598,-330,-4032
2680,9384,18674,-1754,375,112,-4064
-1096,-6070,5156,2872,874,-274,-4000
-2390,-3472,14770,-3077,-1145,-509,-4032
-2080,4618,13520,1452,451,-57,-4064
2116,-8470,6090,-303,-178,-113,-4064
-1926,6552,16846,-1284,131,62,-4048
1362,3758,-1536,2202,654,-126,-4080
2430,-4104,1170,-2973,-437,-127,-4048
-1652,992,10582,700,270,-64,-4048
-262,-9912,7080,-1348,-911,-538,-4048
2436,8790,3066,2746,860,73,-4048
-746,3330,11376,-2388,-472,-429,-4064
-2572,2416,7740,1355,-350,-197,-4048
4608,-2616,2584,-370,604,323,-4048
-5110,-7498,18634,-2639,-110,-283,-4032
3376,-1614,-5904,2716,889,-21,-4064
2288,3090,6718,-3813,206,-198,-4064
-2154,10114,7948,1780,807,-378,-4032
1584,-7460,-320,-1293,-611,-325,-4032
-2330,4314,16630,-1280,-775,-234,-4064
5384,-2856,-4408,3010,1303,267,-4064
-3220,-5786,11082,-2082,-1016,-266,-4096
-776,7052,17420,897,228,-12,-4064
2508,-4570,-26,156,616,40,-4064
-4142,86,17078,-1212,-747,-407,-4064
1496,-11520,9436,1612,-654,-315,-4032
-894,9472,14554,154,490,-62,-4064
-2130,-4314,1650,640,-94,-410,-4064
100,5088,13610,-1333,-739,-31,-4064
1900,5100,7064,1726,1447,472,-4048
-2226,-13726,6714,-646,-1399,-518,-4048
3730,8926,11402,1363,794,271,-4080
564,-10226,1978,965,675,-251,-4048
-3914,2446,18330,-2571,-751,-564,-4048
-796,3404,6350,2520,681,-13,-4048
-1498,-6254,16478,-2390,-1343,-358,-4048
96,9170,11850,1246,1128,338,-4048
1060,-2162,-4654,1075,71,-218,-4048
-582,6880,18426,-2312,-562,-115,-4064
580,-1708,4968,1414,897,54,-4096
-1686,-5194,8026,-2498,-1014,-620,-4032
4056,4588,-200,3245,515,-7,-4064
-1008,7536,14524,-2683,-420,-374,-4032
-2462,878,3206,1646,-22,-309,-4064
4396,252,844,-1683,87,159,-4064
-2718,2584,12618,-1841,820,18,-4032
-802,-9752,3128,2088,157,-226,-4032
2832,8638,13868,-3315,154,16,-4032
-1830,3300,5548,2972,941,-269,-4048
94,-7704,6452,-2974,-1114,-496,-4016
-1214,4040,8232,837,175,-110,-4048
5380,-7394,-3320,672,307,-8,-4048
-3464,-456,17316,-2189,-401,-65,-4048
-222,7316,8980,2281,720,-79,-4080
1952,-1344,5400,-2284,-147,-112,-4048
-3582,1418,16130,20,-152,-209,-4048
620,-12482,9084,-332,-851,-466,-4080
3532,5326,1108,2343,789,52,-4064
-1346,-1174,7586,-1406,-391,-431,-4016
-2272,3606,12770,786,-523,-139,-4048
4142,-1486,5026,1218,1156,442,-4048
-5584,-15178,18824,-1504,-1169,-485,-4032
2838,8824,17140,2373,928,198,-4064
1644,-3966,1672,-970,463,-286,-4064
-3012,9960,12552,-1180,-210,-496,-4064
1444,-3466,-880,1637,314,-72,-4032
98,-7608,11730,-2386,-1348,-313,-4064
3306,3092,986,2445,1441,356,-4064
-1794,-6992,3490,21,-425,-236,-4064
-112,5408,17410,-2601,-608,-153,-4080
-442,148,7832,1191,732,35,-4048
-800,-6862,6536,-2172,-895,-597,-4016
3758,5960,-150,3109,566,24,-4048
-1204,6336,14314,-2563,-415,-349,-4080
-2596,1256,4276,1675,23,-286,-4048
4754,-640,370,-1614,122,192,-4048
356,7828,9246,-1716,853,59,-4064
554,-6836,-318,2148,47,-239,-4064
2860,7182,10900,-3220,172,8,-4032
-1960,6162,6080,3109,917,-257,-4096
-3116,-2060,16374,-2844,-1185,-490,-4032
-1474,4820,10968,577,142,-101,-4032
5768,-6228,-4862,1034,477,8,-4032
-3714,-2884,16290,-2438,-537,-101,-4032
1546,1570,-3720,2452,745,-33,-4064
2094,-2730,3568,-2191,-163,-65,-4064
-3884,1264,17158,238,-95,-199,-4080
1082,-12934,9714,-745,-893,-492,-4048
3572,7188,694,2440,956,135,-4048
-1636,-2292,5854,-1679,-433,-454,-4048
-2022,3920,13868,856,-552,-169,-4016
3520,184,5994,376,868,380,-4048
-3802,-2472,14664,-2653,-659,-425,-4048
5098,5594,-636,2697,1002,96,-4048
1394,-6118,1788,-2794,374,-255,-4048
-1984,6942,6344,849,511,-386,-4032
674,-7782,3374,84,-215,-227,-4016
-2354,-1348,19970,-1922,-1080,-303,-4080
2182,5240,4136,3041,1511,348,-4080
-3398,-3908,14612,-1531,-947,-293,-4032
-1064,7942,14204,-337,-110,-79,-4080
1838,-4264,1068,1097,764,44,-4080
-2744,-2470,12228,-1754,-953,-462,-4064
1210,-12374,9472,2308,-330,-193,-4064
-448,9412,12002,-439,268,-102,-4064
-2678,-1744,1638,772,-9,-400,-4032
2748,3508,5512,-1116,-533,-24,-4064
2976,1230,6788,679,1281,375,-4096
-4426,-15728,14482,694,-1183,-436,-4064
2620,9782,19740,169,564,245,-4064
-1400,-5368,5370,2014,709,-236,-4032
-4048,6864,16690,-2798,-964,-571,-4064
600,128,1782,2309,671,-18,-4048
2224,-8568,4440,-1947,-1057,-272,-4080
-2112,6126,17246,346,781,237,-4048
0,-4692,-1918,1525,328,-176,-4048
922,2940,12958,-2867,-608,-138,-4048
-1808,996,11266,1105,636,-7,-4048
-2264,-3004,10216,-2293,-958,-581,-4032
3768,-38,1584,3123,777,45,-4048
-982,2044,10646,-2543,-408,-379,-4064
-2766,2456,9644,1447,-158,-269,-4032
3794,2344,2800,-1229,242,203,-4064
-1450,5848,10154,-2367,465,-112,-4064
3904,674,-5240,2307,430,-159,-4032
2298,1162,4572,-3609,222,-90,-4064
-1582,-1264,5234,2681,971,-293,-4032
-1320,-6268,10628,-2394,-985,-429,-4064
-2560,3612,17684,-83,-238,-139,-4064
5212,-1480,-3402,1497,598,72,-4080
-2572,3430,17910,-2401,-691,-162,-4048
372,5992,3436,2085,639,-37,-4080
2630,-5280,-330,-1657,43,-52,-4048
-4272,346,17138,-233,-372,-252,-4080
256,-12214,8192,805,-747,-408,-4032
954,9650,7210,1093,572,10,-4032
-2262,-2350,2386,-752,-253,-439,-4048
1004,4800,9258,393,-608,-121,-4048
4158,-1326,5200,605,979,434,-4048
-5386,-12788,18298,-1237,-1028,-425,-4080
3646,7432,12708,2279,913,181,-4048
1698,-1208,3512,-1716,432,-272,-4064
-2698,9988,10474,-901,-117,-471,-4048
1346,-4800,-610,1374,193,-99,-4048
-792,-6196,14338,-2248,-1318,-331,-4048
4170,942,-712,2606,1377,325,-4064
-2194,-6486,6006,-299,-538,-237,-4064
-498,5674,17892,-1178,-328,-123,-4064
-40,-690,6566,1298,887,100,-4032
-3712,-848,15148,-2227,-977,-556,-4032
2722,-6606,6254,2765,51,-140,-4064
-572,7002,12554,-1739,-70,-264,-4064
-2654,510,3954,1332,18,-336,-4032
1848,4672,8600,-1843,-304,53,-4032
674,7256,7030,-194,1309,275,-4080
648,-7032,-754,1218,-728,-391,-4048
2716,7470,11844,-1668,422,176,-4048
-536,-7874,3618,2873,927,-245,-4048
-3054,-1600,16296,-3318,-1205,-558,-4048
-1630,4684,11028,1766,551,-5,-4080
470,-8024,9712,-1098,-624,-235,-4064
-3228,-2248,16024,-2171,-467,-76,-4064
1464,1654,-3350,2181,678,-53,-4064
2122,-2574,3502,-1970,-107,-66,-4032
-4008,782,17012,-23,-239,-237,-4064
888,-12898,9940,-264,-932,-450,-4064
3328,7996,1004,2023,867,71,-4032
-1578,-2458,4924,-1283,-387,-465,-4064
-1432,4670,13216,476,-623,-105,-4064
3398,992,5632,551,959,425,-4080
-4582,-15160,14766,-888,-1257,-494,-4016
2548,9624,19226,1391,752,250,-4064
1004,-7336,2272,664,598,-272,-4064
-3658,7018,15946,-2137,-636,-558,-4032
302,-688,1856,2181,519,-20,-4064
1998,-8674,6444,-2267,-1308,-371,-4064
2194,6040,4882,1819,1291,371,-4048
-634,-5348,-492,572,-118,-254,-4080
708,3580,14314,-2144,-528,-129,-4048
-1744,908,10446,1437,855,101,-4048
-2856,-2646,11460,-2409,-1042,-585,-4048
3728,-1408,2984,3099,392,-25,-4080
-718,3536,10654,-2154,-262,-299,-4048
-2812,1644,7698,1372,-59,-312,-4080
3158,3716,4510,-1703,5,142,-4080
-508,6942,7914,-1368,973,92,-4048
2818,-1412,-4752,1656,-87,-298,-4080
2758,9966,18336,-2413,321,59,-4064
-1516,-4126,5190,2885,864,-287,-4064
-1690,-4572,13162,-3064,-1174,-505,-4064
-2224,4030,14976,1219,315,-58,-4032
2892,-8282,3870,103,21,-40,-4032
-2206,5494,16848,-1726,-133,-8,-4032
924,4316,548,2076,685,-112,-4032
2404,-4286,750,-2390,-260,-90,-4032
-1852,1072,11826,184,-79,-140,-4032
-290,-10366,7860,-677,-909,-501,-4064
2180,9312,3852,2664,844,65,-4048
-1964,-3090,3212,-1957,-462,-471,-4048
-2900,2668,9364,1194,-408,-139,-4048
4782,-2934,2536,35,719,352,-4048
-5362,-9606,19192,-2848,-506,-397,-4048
3912,-8,-6740,2852,978,8,-4032
2270,1962,4646,-3389,266,-265,-4048
-2238,10574,8858,825,487,-383,-4080
1634,-6796,-528,-339,-360,-214,-4016
-2616,4054,17400,-1529,-895,-290,-4032
5454,-2078,-4416,3176,1457,295,-4032
-3276,-6544,10680,-1825,-970,-285,-4048
-1036,7298,17612,443,32,-31,-4048
1036,-2404,3894,532,682,48,-4048
-4144,188,16912,-1468,-852,-484,-4048
2010,-11458,9192,1914,-579,-240,-4048
-1070,9646,14612,-256,410,-101,-4048
-2234,-3910,1856,512,-28,-415,-4064
-100,4584,13314,-1031,-712,-52,-4064
1882,4342,7990,1358,1330,430,-4064
-2654,-14022,8474,-195,-1276,-495,-4032
3902,8102,9540,1025,700,233,-4064
714,-9520,2538,1099,622,-266,-4064
-3860,3470,17702,-2438,-718,-545,-4064
-476,2956,4822,2331,557,1,-4032
-1510,-5702,17504,-2145,-1142,-304,-4064
-62,8914,11300,801,1000,265,-4064
1106,-3044,-4640,1047,-31,-243,-4080
1364,890,9388,-2653,-596,-117,-4048
626,-1784,3898,1440,875,27,-4048
-1478,-4780,7932,-2531,-1038,-611,-4016
3956,2926,636,3252,545,12,-4048
-1110,-142,9110,-2533,-376,-366,-4016
-2506,206,2080,1592,-7,-274,-4048
4070,752,1700,-1721,77,137,-4048
-2108,4726,11294,-1811,819,9,-4048
-1816,-11796,5366,1924,-104,-276,-4032
2896,9774,16090,-3030,206,33,-4032
-1716,1052,4950,3192,992,-227,-4032
-880,-7438,8586,-3069,-1234,-481,-4032
-688,3510,6324,859,257,-65,-4064
4684,-8334,-2144,808,355,18,-4064
-3264,856,18342,-2289,-502,-104,-4032
64,6874,7432,2422,742,-43,-4064
1644,-686,7094,-2170,-176,-110,-4032
-3074,1394,15476,254,-82,-155,-4048
364,-12302,9104,-750,-860,-525,-4048
916,11224,6956,2485,970,76,-4048
-1570,-1284,8998,-1792,-481,-460,-4048
-2532,4350,13286,910,-528,-161,-4048
4496,-1688,3470,899,1003,408,-4096
-5564,-15438,18622,-2618,-1035,-487,-4064
5558,4672,-5352,2869,1086,192,-4064
1900,-4238,808,-2936,381,-242,-4016
-3234,10684,13032,167,320,-393,-4048
1424,-3348,-1340,363,-70,-176,-4048
-2956,938,20818,-2225,-1242,-356,-4080
3524,2942,1072,3302,1500,348,-4080
-1898,-7268,3830,-1206,-899,-257,-4080
-68,5646,17666,-231,-155,-59,-4048
2294,-5168,134,1006,809,46,-4048
-3608,-872,14200,-1909,-936,-539,-4048
3268,-5982,4756,2603,-212,-144,-4048
-234,10960,11222,-848,224,-146,-4064
-2402,-2588,92,1248,89,-411,-4064
2388,3582,7590,-1495,-577,-14,-4032
-274,8078,9892,599,1296,385,-4064
-5014,-16106,15586,955,-1045,-434,-4064
2684,9798,19238,-502,515,217,-4032
-756,-6488,4248,2301,834,-229,-4032
-2654,-3214,14846,-3110,-1026,-580,-4064
640,-866,508,2048,648,-28,-4064
1736,-8544,6784,-1753,-920,-266,-4048
-1906,7096,16838,-176,603,177,-4048
1592,3636,-2388,1917,453,-149,-4048
382,3828,15260,-3141,-601,-171,-4048
-1394,874,10156,1204,615,-26,-4048
-336,-10218,6918,-2022,-960,-613,-4016
3464,-1582,3442,3038,698,20,-4064
-674,3202,10788,-2269,-423,-410,-4048
-2848,1892,8054,1377,-322,-258,-4048
4618,-1906,2864,-1248,275,253,-4064
-852,7154,8504,-2464,395,-127,-4064
3214,-870,-5594,2264,555,-121,-4064
2500,3462,5806,-3846,212,-96,-4064
-2178,9788,7348,2489,928,-325,-4032
-1882,-5348,12830,-2146,-937,-380,-4064
-2108,4010,16032,-447,-393,-182,-4064
5340,-2792,-4206,2603,1123,200,-4016
-2984,-5782,10884,-2177,-906,-202,-4048
930,5452,1470,1456,496,-28,-4032
2448,-4652,-62,-568,366,-29,-4032
-4206,-220,17540,-830,-648,-349,-4064
1608,-10854,9512,1168,-774,-356,-4064
1650,9836,4892,927,601,3,-4064
-2192,-3478,2480,-94,-225,-423,-4064
300,4764,12006,-469,-669,-51,-4032
1822,5316,6854,1271,1310,449,-4064
-5756,-12402,19500,-776,-1312,-492,-4064
3610,8082,12356,1753,856,255,-4064
260,-9796,3398,370,586,-272,-4032
-3920,2148,18272,-1724,-393,-525,-4048
1780,-5424,-1332,1986,478,-47,-4016
-1480,-6000,15668,-2507,-1395,-392,-4048
16,9182,11330,1975,1327,364,-4048
1270,-1454,-4800,376,-205,-258,-4016
-664,6738,18194,-2050,-528,-125,-4048
394,-1356,5246,1400,887,54,-4048
-1448,-5644,7706,-2418,-974,-558,-4080
2618,-8256,7024,2979,236,-47,-4032
-834,6856,13412,-1929,-205,-272,-4032
-2576,-86,3982,1390,-254,-246,-4064
4164,1028,2102,-1093,357,268,-4032
-2584,1200,11840,-2235,463,-81,-4064
4602,3028,-3268,2083,429,-169,-4064
3104,8686,12788,-3311,311,-26,-4048
-1886,3240,5226,2544,864,-277,-4016
174,-7042,6636,-2500,-1014,-411,-4048
-2762,1410,19062,146,-130,-161,-4080
5094,-7216,-2468,1515,649,62,-4016
-3224,-466,16878,-2044,-893,-222,-4064
-328,7086,8978,676,196,-52,-4048
2280,-5086,-208,-85,516,17,-4064
-3742,-1184,14832,-1264,-802,-398,-4064
512,-11696,8770,1502,-543,-291,-4032
542,8912,8828,182,347,-63,-4080
-2552,-1942,2668,12,-159,-392,-4048
1932,5524,7248,-406,-376,-29,-4080
3914,-1044,5784,616,1115,387,-4064
-5578,-13790,18794,-465,-1167,-453,-4064
3242,8638,15336,1670,819,237,-4064
-510,-8656,4570,124,462,-279,-4032
-2906,9524,12486,-1778,-552,-511,-4064
1316,-3766,-814,2013,504,-47,-4064
-106,-7210,12110,-2294,-1258,-339,-4064
-922,8450,14232,1538,1213,317,-4032
-1744,-6334,3744,711,-28,-223,-4032
-102,5032,16988,-2249,-572,-163,-4032
-454,18,7948,1247,808,51,-4064
-894,-6904,6768,-2185,-956,-591,-4080
3014,-6256,5846,2934,253,-40,-4048
-964,6418,13630,-2193,-190,-274,-4016
-2468,1122,4112,1652,103,-316,-4048
4534,-860,1340,-1870,-135,93,-4048
348,7550,8574,-1148,1040,149,-4048
744,-6978,-974,1944,-196,-274,-4048
2694,6772,11282,-2902,153,36,-4080
-556,-7378,4096,3121,922,-231,-4032
-2730,-2152,15630,-3178,-1173,-525,-4032
-1836,5012,11480,1306,426,-17,-4064
5706,-6086,-4794,83,-36,-63,-4064
-1552,8256,16236,-1902,-147,-8,-4064
1400,1376,-3020,2457,700,-104,-4064
2176,-2538,3194,-2703,-291,-117,-4064
-3876,1126,16766,351,35,-152,-4064
-632,-7632,6934,-1088,-909,-517,-4064
3558,7358,514,2604,974,86,-4032
-1602,-2010,5342,-2230,-520,-473,-4048
-1714,4456,13206,1275,-390,-159,-4048
4550,-1318,1730,-365,651,346,-4048
-3982,-2438,15108,-2795,-277,-337,-4080
5106,5296,-702,2558,896,-6,-4048
1444,-6026,1892,-3520,298,-209,-4048
-1630,7044,5866,836,552,-410,-4032
710,-7572,3204,-913,-506,-255,-4048
-2546,-1142,19860,-1410,-827,-243,-4048
2382,5086,3818,3008,1404,290,-4048
-3600,-3658,14972,-1885,-979,-316,-4080
-790,7668,14032,667,132,-63,-4048
1824,-4388,1456,399,590,80,-4080
-2954,-2156,12492,-1386,-859,-435,-4048
1100,-12756,9676,1974,-538,-256,-4048
-488,10146,12456,-9,364,-80,-4048
-2600,-2010,860,628,-81,-378,-4016
-1306,4582,13874,-877,-635,-66,-4032
3162,1198,6020,1426,1358,498,-4032
-4580,-16154,14580,-373,-1377,-487,-4032
2542,10454,20298,1332,764,248,-4032
1224,-8550,1566,903,594,-289,-4032
-3858,7296,16874,-2398,-673,-526,-4064
488,180,1214,2373,663,-34,-4064
2472,-8876,4400,-2438,-1221,-397,-4064
1672,7176,6250,1064,1085,293,-4064
-164,-5010,-2092,1056,91,-244,-4032
988,3272,13136,-2337,-582,-129,-4048
-1600,902,11170,1341,869,74,-4048
-2452,-2772,10162,-2385,-971,-601,-4080
3836,-1006,1562,3346,509,27,-4016
-1152,1524,12218,-2747,-402,-340,-4080
-3004,3128,10204,1825,38,-253,-4048
3738,1794,2816,-1793,47,159,-4048
-1570,7526,10724,-2122,696,-19,-4048
4242,846,-7414,2380,309,-243,-4080
2408,9984,19726,-3384,101,-11,-4064
-1602,-1636,5706,3319,1042,-261,-4032
-1088,-6938,10630,-2981,-1149,-493,-4032
-2744,3792,18082,614,137,-111,-4032
4150,-8580,-230,990,461,-9,-4064
-2776,3818,17746,-2526,-551,-117,-4064
604,6094,2902,2329,673,-43,-4064
2654,-5360,-276,-2137,-78,-63,-4032
-2734,1214,13504,174,-231,-206,-4032
222,-12822,8534,-108,-881,-451,-4064
878,10336,7520,1996,797,92,-4032
-2266,-3212,1786,-1008,-289,-451,-4032
-2614,3228,11754,418,-673,-103,-4096
4392,-1796,4176,890,1004,420,-4064
-5504,-13292,18610,-1993,-1010,-461,-4064
3420,8124,13580,2693,1011,196,-4032
1830,-1590,3254,-1780,435,-257,-4032
-2722,10276,11104,0,239,-445,-4016
1184,-4968,-524,679,-48,-203,-4048
-648,-6424,14676,-2392,-1269,-336,-4048
-728,8838,13012,1626,1168,313,-4048
-2312,-7202,6100,358,-298,-248,-4064
-398,6220,18208,-2328,-558,-138,-4048
48,-816,6048,1449,879,18,-4080
-1122,-6584,7202,-2426,-1003,-618,-4032
2650,-7384,6478,3135,326,-26,-4064
-810,6438,13768,-2321,-307,-336,-4032
-2660,892,4292,1649,51,-299,-4064
4598,-804,1324,-1024,394,249,-4096
-3430,332,14428,-2642,203,-175,-4064
5252,4806,-3616,2459,569,-153,-4080
2622,7882,12820,-4019,157,-111,-4080
-1874,5710,5814,2809,989,-260,-4048
596,-8452,4130,-2277,-996,-404,-4048
-2882,462,20832,-373,-308,-196,-4016
5562,-6990,-4364,2287,935,169,-4048
-3358,-2186,16452,-2489,-890,-216,-4048
-732,7448,11982,1743,540,-54,-4080
2198,-2460,3436,-1399,161,-28,-4032
-3956,1028,16784,-467,-485,-282,-4032
880,-13054,9624,398,-831,-437,-4032
-250,10340,11320,1364,760,0,-4032
-1654,-2464,5064,-523,-240,-429,-4032
-1774,3752,13818,-3,-692,-115,-4064
3372,732,6630,1118,1138,459,-4032
-4780,-16156,15560,-1063,-1177,-471,-4080
5014,6032,90,2220,899,237,-4064
1416,-6492,1510,-897,540,-225,-4032
-3492,7732,14820,-1264,-190,-479,-4032
666,-882,934,1536,299,-110,-4096
-2614,-1782,19868,-2378,-1349,-373,-4064
2214,5938,4430,2334,1390,307,-4032
-672,-6098,-40,118,-447,-250,-4064
384,4130,15588,-1646,-435,-124,-4064
1742,-4226,1180,1541,942,54,-4064
-3006,-2316,12172,-2392,-1016,-557,-4064
3490,-2506,3840,2882,202,-70,-4064
-718,3700,11214,-1505,-72,-232,-4016
-2618,-1268,1634,1075,13,-354,-4048
3198,4040,4412,-1548,-195,78,-4048
-268,6828,7866,-595,1202,231,-4048
2014,-2914,-3048,1287,-606,-376,-4080
2984,9894,17276,-1577,475,163,-4048
-1116,-5128,4716,2542,789,-254,-4048
-2186,-3590,14122,-2978,-1122,-549,-4080
580,-440,1470,1821,558,-57,-4032
2140,-8058,5664,-1089,-590,-197,-4064
-1960,6200,16484,-765,360,102,-4064
1298,3972,-818,1991,619,-156,-4064
586,2808,13878,-2914,-483,-173,-4064
-1650,1170,11200,734,336,-68,-4032
-208,-9784,6930,-1445,-879,-583,-4032
2290,8098,3472,2675,723,51,-4032
-710,3594,10928,-2089,-402,-401,-4032
-2730,1008,8022,1431,-331,-242,-4048
4320,-1768,3874,-973,400,262,-4080
-4840,-7264,17522,-2413,263,-141,-4080
2644,-1456,-4462,2309,635,-102,-4048
2614,4042,6200,-3760,211,-130,-4080
-1924,9416,6914,2115,831,-316,-4048
-1824,-4868,13476,-2248,-987,-416,-4032
-2158,4350,15266,-669,-409,-237,-4080
5428,-3472,-4556,2453,1082,175,-4048
-3278,-5322,12304,-2388,-869,-229,-4080
-1126,7442,16440,1479,399,-67,-4048
2328,-4238,832,-579,347,-12,-4048
-4124,252,17388,-751,-688,-356,-4016
1576,-11714,9822,973,-760,-337,-4048
2390,8834,3060,1483,734,56,-4032
-1980,-2948,3554,-359,-210,-405,-4048
-572,4598,12550,-192,-580,-74,-4048
2656,3128,6678,930,1117,438,-4064
-4950,-8288,17568,-1398,-1144,-474,-4064
4138,6644,6936,2241,859,235,-4064
810,-8540,3452,-795,468,-267,-4064
-3778,4994,17148,-1097,-218,-490,-4032
1320,-6826,868,1554,292,-101,-4096
-2122,-3910,18452,-2386,-1305,-373,-4064
964,7856,7906,2270,1446,369,-4064
304,-3836,-3184,52,-419,-259,-4064
-1014,7522,17446,-1351,-400,-123,-4080
1270,-2678,2944,1419,873,60,-4080
-1956,-4006,9210,-2234,-977,-541,-4048
3550,188,2764,2822,29,-72,-4080
-694,8606,12742,-1443,-28,-207,-4048
-2670,-1372,2028,1186,-5,-402,-4080
3404,2374,4074,-1687,-248,86,-4048
2532,3688,6082,-12,1277,300,-4032
-3006,-12956,9638,1286,-667,-373,-4048
2744,10094,17594,-1014,456,172,-4064
-1666,-1614,4994,2569,777,-270,-4032
-3988,3870,17866,-3023,-1127,-540,-4064
-320,1914,4430,1888,593,-26,-4064
3978,-8296,608,-982,-472,-158,-4064
-2776,3334,17656,-1009,265,52,-4064
708,-2612,-3504,2075,594,-140,-4032
1468,812,9328,-2828,-442,-150,-4064
-2500,1134,13690,648,310,-60,-4032
-166,-11600,8904,-1687,-918,-570,-4048
3788,2274,536,3024,869,70,-4080
-2406,-4000,2044,-1610,-456,-461,-4080
-2658,3978,11172,776,-525,-127,-4048
4870,-2782,2268,649,961,401,-4080
-5744,-13408,19630,-2717,-943,-473,-4080
3300,8844,13928,2911,1121,170,-4080
1978,-1882,2186,-2480,349,-259,-4080
-2836,11136,11698,-147,172,-434,-4048
1496,-5130,-1048,816,28,-148,-4112
-3140,2376,20154,-2109,-1208,-371,-4064
-338,9590,12604,2332,1399,406,-4032
-2600,-7126,6718,186,-354,-238,-4064
-412,6358,18100,-1799,-488,-107,-4064
216,-1210,5962,1343,871,57,-4064
-1470,-5780,7560,-2390,-971,-567,-4064
2804,-8348,6180,3254,346,-19,-4032
-1148,6856,14892,-2494,-295,-317,-4064
-2682,1022,3836,1824,86,-329,-4064
4678,-976,794,-1941,-125,88,-4064
674,7674,8272,-983,1059,166,-4080
318,-7936,72,1827,-301,-294,-4016
2766,7730,12142,-2544,246,102,-4048
-1896,5298,5998,3143,953,-271,-4048
-3198,-1168,16550,-3125,-1160,-502,-4080
-1686,4610,10644,1153,300,-46,-4048
5792,-6614,-4452,317,104,-45,-4016
-1412,8460,15684,-1733,-101,-14,-4064
1634,1480,-4094,2395,721,-83,-4016
2122,-2470,3418,-2800,-332,-91,-4032
-3938,1108,17072,466,118,-155,-4064
-738,-8106,6762,-1020,-891,-535,-4064
3334,7242,1100,2606,913,34,-4032
-1666,-2516,5780,-1953,-462,-497,-4064
-1744,4624,13516,1103,-471,-163,-4064
4680,-1708,1330,32,742,362,-4064
-4100,-2840,15962,-2789,-575,-384,-4064
5336,5686,-988,2831,1089,100,-4064
1270,-6960,1690,-3693,274,-218,-4016
-1894,7940,5948,763,530,-393,-4064
1028,-8268,2130,-262,-315,-203,-4032
-2674,-1444,20634,-1873,-1121,-310,-4032
2072,5542,4656,3286,1479,324,-4064
-3586,-4036,14576,-1513,-927,-274,-4064
-802,7302,14978,186,-19,-53,-4064
1662,-3808,1718,506,688,50,-4016
-2884,-2142,11302,-1448,-830,-430,-4048
1114,-12768,10268,1979,-518,-285,-4048
-482,10962,12776,-416,353,-76,-4048
-2312,-1258,-932,892,34,-396,-4048
-1230,5142,15082,-1360,-725,-83,-4064
3090,3086,5768,1152,1482,457,-4080
-3974,-15924,11504,346,-1190,-451,-4080
2336,10564,20532,94,559,223,-4048
1076,-9136,1112,1470,723,-238,-4064
-3904,6048,17194,-2852,-877,-563,-4032
166,1440,2476,2389,654,2,-4064
3130,-9348,2386,-2218,-1136,-361,-4032
1276,8250,7340,598,922,257,-4064
260,-4692,-3234,1439,259,-208,-4064
1042,2698,12508,-2888,-603,-155,-4064
-2218,1274,11994,1330,754,30,-4032
-2462,-3284,9870,-2266,-1043,-628,-4032
4002,214,1572,3357,578,13,-4080
-1098,992,11268,-2568,-456,-384,-4048
-2988,2744,10750,1639,-42,-253,-4048
3848,2136,2092,-1451,170,199,-4080
-1494,6248,10438,-2082,681,-13,-4080
3662,790,-5306,2200,231,-205,-4080
2724,9584,18052,-3125,213,11,-4064
-1776,-1460,5818,2814,934,-285,-4048
-1180,-6304,10768,-2596,-1065,-434,-4080
-2372,3572,17022,603,119,-90,-4064
4054,-8268,752,888,430,7,-4032
-2716,3488,17724,-2291,-495,-120,-4064
592,6338,3016,2192,758,-45,-4000
2528,-5250,-508,-2067,-112,-106,-4064
-2750,1582,14140,-87,-233,-238,-4096
202,-11634,7792,349,-747,-432,-4048
1286,9142,6184,1865,717,49,-4064
-2140,-2528,2928,-1205,-316,-413,-4032
-2668,2738,10004,655,-523,-100,-4032
4596,-1952,4096,516,894,410,-4032
-5556,-11538,19178,-2147,-850,-434,-4064
3776,7908,11192,2853,936,154,-4032
1976,-328,4586,-2232,366,-243,-4064
-2522,10166,10222,-8,197,-451,-4032
1462,-5824,-578,654,-55,-177,-4064
-1358,-5490,16094,-2206,-1213,-345,-4064
4620,-224,-2576,3087,1506,335,-4080
-2572,-6636,7976,-1335,-837,-277,-4048
-798,6732,17946,-227,-118,-59,-4048
484,-1374,5052,970,799,42,-4016
-4116,-568,16264,-1737,-928,-492,-4048
2198,-9852,8746,2234,-398,-194,-4080
-950,7836,14468,-714,226,-94,-4016
-2164,-2724,936,618,12,-404,-4064
854,4740,10508,-1447,-464,-4,-4080
1430,6242,7748,712,1333,424,-4064
-1560,-10844,4464,457,-1121,-444,-4032
3368,7984,14122,217,517,231,-4064
188,-9234,4114,1793,673,-274,-4064
-3642,982,17596,-2576,-905,-550,-4032
-956,3370,7492,1464,420,-33,-4032
4684,-7922,-1762,-586,-383,-141,-4080
-3062,842,17684,-1301,155,57,-4048
1324,-1454,-4436,2328,649,-144,-4048
1608,-306,7070,-3040,-455,-132,-4016
-3204,1558,14924,677,271,-83,-4048
560,-12444,8652,-1439,-944,-526,-4048
3670,4404,656,2728,879,63,-4048
-1140,-200,7658,-2004,-403,-420,-4048
-2434,2366,12168,803,-565,-142,-4064
3842,-1332,6148,367,839,352,-4032
-5392,-13930,18432,-1801,-838,-414,-4048
4694,3126,-4236,2526,860,92,-4032
1700,-2132,2988,-1872,408,-233,-4048
-2680,9524,10970,-268,134,-434,-4048
1372,-4124,-474,697,-6,-153,-4048
-2332,1050,19216,-1847,-1111,-299,-4032
3398,1782,408,2981,1455,350,-4064
-1976,-7122,5232,-534,-725,-247,-4048
-354,5828,17970,-521,-181,-83,-4064
2246,-5148,22,1160,829,56,-4032
-3660,-994,15080,-1997,-954,-482,-4064
2678,-6890,6740,2425,-191,-187,-4064
-868,6646,12804,-849,125,-157,-4064
-2566,-2422,1884,821,-10,-410,-4032
1740,4766,8134,-1372,-420,17,-4032
1046,6894,6988,146,1297,330,-4032
-208,-8060,1338,857,-962,-436,-4064
3214,9030,15910,-589,530,194,-4032
-342,-8558,4116,1904,737,-232,-4080
-3518,-708,17514,-2767,-977,-546,-4048
-1300,4258,9830,2210,669,9,-4048
-6,-7482,11408,-1604,-883,-236,-4080
-1146,8574,14712,-164,594,149,-4080
1618,828,-3846,1814,430,-129,-4048
-12,5052,17024,-2770,-617,-153,-4032
-498,-32,8018,974,565,-36,-4048
-792,-7264,6794,-1878,-901,-580,-4016
3550,6628,434,3115,704,61,-4064
-958,5686,13848,-2597,-473,-407,-4096
-2784,1078,5414,1587,-163,-264,-4064
4746,-450,1312,-1317,323,211,-4064
-3668,-2048,14238,-2401,440,-118,-4064
1016,-5504,-956,2270,460,-132,-4064
2754,6418,10056,-3684,207,-75,-4032
-1968,6708,6292,2505,915,-288,-4064
780,-7698,3122,-2505,-1016,-431,-4016
-1940,4700,12140,22,-131,-132,-4048
5864,-5564,-4836,1645,722,110,-4080
-3428,-3240,14956,-2393,-803,-201,-4096
-880,7394,13666,1688,477,-58,-4032
2286,-3210,2492,-942,231,-16,-4064
-4144,914,17302,-532,-555,-312,-4064
1116,-12534,9442,904,-720,-377,-4032
-554,9400,12530,1023,594,23,-4064
-1652,-2250,4372,-402,-207,-432,-4096
-1082,4498,11952,-84,-579,-79,-4032
3190,1458,6114,792,1097,413,-4064
-4290,-14380,13922,-1334,-1098,-464,-4016
4902,5752,2880,2277,927,217,-4048
900,-7304,2916,-1028,434,-245,-4048
-3776,6702,16170,-1074,-161,-521,-4048
278,54,1888,1502,286,-110,-4048
-2364,-2626,19460,-2414,-1323,-390,-4048
1512,6936,6164,2239,1362,325,-4048
168,-4500,-2152,78,-414,-229,-4048
-812,7272,16248,-1233,-374,-99,-4032
1334,-3224,2670,1376,902,40,-4064
-2430,-3260,10202,-2180,-934,-519,-4064
3674,-932,2696,2771,43,-95,-4064
-628,9474,12792,-1732,-82,-235,-4064
-2530,-1442,970,1382,69,-354,-4032
3564,2692,4116,-1977,-327,57,-4064
-1102,7532,9208,-384,1299,234,-4064
-3534,-14456,11136,1496,-583,-379,-4064
2358,10286,19676,-1933,297,142,-4064
-1516,-2714,5364,3173,913,-292,-4064
-1430,-6210,11756,-3227,-1185,-572,-4048
-118,1782,3792,1867,576,10,-4048
3554,-8622,1236,-849,-436,-152,-4048
-2388,4574,17466,-1270,171,84,-4048
716,5272,2086,2132,651,-123,-4080
1380,1924,10618,-2902,-396,-135,-4048
-2468,900,12818,607,295,-77,-4048
-250,-11448,8978,-1486,-985,-577,-4080
4204,1114,180,3119,895,95,-4064
-1106,676,10548,-2641,-589,-473,-4064
-2654,4078,10858,1385,-335,-174,-4080
4924,-2674,1964,-170,693,316,-4048
-5682,-11734,19182,-2978,-367,-337,-4048
4508,1328,-6452,2969,1013,33,-4080
1858,-594,3612,-3538,210,-245,-4048
-2554,10620,10812,1300,611,-392,-4080
-482,-7382,8902,-1152,-630,-282,-4032
-3114,3198,18970,-1573,-948,-315,-4048
5084,-438,-2932,2965,1311,300,-4096
-3012,-6962,8622,-2209,-1003,-268,-4064
204,6252,5060,1161,305,-64,-4032
2528,-5514,-220,-61,529,60,-4064
-4258,294,16830,-1220,-782,-380,-4032
2496,-9038,7006,1622,-591,-297,-4064
916,10336,7666,136,418,-68,-4032
-2164,-2444,1234,268,-46,-417,-4064
1208,4854,9336,-799,-558,-69,-4032
1450,6162,7194,1103,1242,451,-4048
-5640,-13216,18950,-747,-1219,-489,-4080
3368,8276,13732,1796,783,222,-4048
28,-9284,4164,55,512,-287,-4048
-3692,1390,17870,-1720,-473,-524,-4048
1328,-5226,-632,1991,452,-33,-4048
-832,-6380,14898,-2376,-1305,-325,-4080
-372,8620,12388,1776,1262,366,-4048
-2484,-6640,6504,202,-310,-251,-4064
-596,6280,18128,-1900,-521,-103,-4032
126,-854,6058,1407,895,65,-4032
-1146,-5914,7114,-2293,-954,-586,-4064
2646,-8158,7212,3017,217,-38,-4032
-810,7456,13830,-2203,-212,-318,-4064
-2512,442,2818,1656,92,-325,-4064
4220,-222,1530,-1972,-198,79,-4064
1034,7210,7834,-970,1085,122,-4032
-684,-9662,2086,1908,-257,-313,-4032
2672,8788,14688,-2207,246,92,-4048
-1784,4062,5758,3299,937,-245,-4080
-3512,-352,17838,-3232,-1251,-537,-4064
-1190,4630,8794,1162,366,-10,-4064
5396,-7632,-4322,281,133,-49,-4032
-3470,-746,17420,-2171,-279,-52,-4064
1548,-70,-5014,2438,742,-80,-4064
2050,-1356,5128,-2624,-253,-96,-4032
-3626,1194,16254,535,96,-125,-4048
568,-12978,9920,-1167,-977,-535,-4048
3878,5812,-164,2869,1001,87,-4048
-1556,-2388,7516,-2072,-540,-466,-4048
-2456,4248,14320,1078,-468,-162,-4048
4654,-982,360,-195,733,337,-4032
-3502,296,14388,-2965,-526,-383,-4048
5082,4934,-2902,2843,1000,60,-4048
1648,-4916,1606,-3579,207,-188,-4064
-1930,5446,6278,1377,656,-348,-4032
404,-8188,4812,-819,-534,-274,-4064
-2626,48,20416,-1479,-854,-284,-4032
2990,3940,1816,3142,1438,284,-4064
-3662,-2454,16454,-2035,-1044,-254,-4064
-540,8142,11748,703,170,-40,-4064
2190,-5128,-20,372,620,41,-4064
-3426,-1304,13876,-1536,-889,-411,-4032
3258,-4896,4944,2712,-96,-107,-4080
-850,5112,12562,-1166,69,-190,-4016
-2498,-1944,1220,1060,34,-363,-4048
2434,4110,6496,-1427,-361,34,-4048
74,7412,8388,102,1256,291,-4048
-4986,-15508,16522,845,-1072,-406,-4032
2798,9300,18262,-816,450,184,-4048
-852,-7414,4792,2107,696,-292,-4032
-2934,-2786,16202,-2812,-972,-574,-4064
1084,-1546,20,2077,611,-12,-4064
1266,-8210,7912,-1394,-714,-241,-4032
-1984,7378,16838,-479,426,134,-4064
1676,3010,-2390,2024,518,-151,-4032
348,3944,15534,-3036,-579,-163,-4064
-1154,1034,9884,849,467,-47,-4032
-318,-8946,6566,-1828,-903,-542,-4064
2832,8428,1464,2799,918,69,-4048
-994,3904,12370,-2524,-477,-459,-4096
-2758,2394,7114,1259,-355,-214,-4048
4852,-1696,1156,-745,509,276,-4064
-4590,-6192,17058,-2914,-17,-247,-4032
2664,-2638,-4666,2701,820,-40,-4032
2600,3858,7154,-3831,182,-146,-4032
-2150,9510,7600,2057,828,-327,-4064
1362,-7676,720,-1518,-741,-356,-4064
-2256,4710,15404,-1041,-622,-208,-4032
5560,-3714,-4614,2848,1218,231,-4032
-3302,-5580,12596,-2499,-959,-229,-4080
-1054,7664,16734,1611,466,-36,-4048
2468,-4548,550,-657,334,-22,-4048
-4360,518,17652,-755,-625,-321,-4048
1706,-11870,9268,1080,-696,-353,-4048
-1002,8760,13748,818,575,-1,-4048
-2064,-2656,2884,-122,-176,-454,-4048
-216,4466,11672,-288,-617,-94,-4048
2376,3804,7546,883,1175,467,-4016
-5024,-9946,17688,-963,-1158,-432,-4032
4116,6394,8372,2072,845,219,-4064
438,-9004,3894,-476,495,-266,-4032
-3894,3886,17666,-1360,-276,-485,-4032
1558,-6140,-330,1685,370,-63,-4064
-1848,-4876,17596,-2316,-1292,-327,-4064
250,8166,10256,1931,1251,319,-4064
1050,-2604,-3902,527,-217,-223,-4032
-772,6916,18352,-2050,-558,-163,-4032
744,-1838,4106,1466,958,78,-4080
-1602,-4744,7996,-2350,-965,-552,-4048
3674,2250,1590,2793,176,-77,-4016
-588,8212,12848,-1816,-71,-268,-4080
-2698,-728,2514,1335,-62,-343,-4080
3984,1524,3308,-1828,-199,98,-4080
1956,5222,6146,-483,1274,215,-4064
-1852,-11038,5816,1483,-413,-347,-4048
2830,9926,15580,-2460,315,88,-4048
-1660,1230,4532,3156,1019,-263,-4032
-506,-7246,8280,-2021,-854,-358,-4032
-2640,2398,19242,-616,-468,-179,-4032
4228,692,-1438,2508,1034,147,-4032
-2936,918,17526,-2282,-965,-225,-4064
-100,6548,7494,1427,401,-58,-4064
2286,-4784,-176,-419,436,-8,-4064
-3774,-764,15268,-906,-663,-384,-4032
200,-12398,9672,1123,-761,-353,-4032
730,10564,7614,861,603,-47,-4096
-2378,-3278,774,-148,-223,-432,-4064
1648,4700,9764,-550,-655,-79,-4064
4484,-1408,3562,1298,1372,496,-4064
-5778,-14834,18558,-1247,-1332,-503,-4048
3020,9224,16858,2054,932,251,-4048
-250,-8738,4104,-247,547,-244,-4048
-3128,10014,13436,-1802,-445,-498,-4048
1264,-3518,-602,2085,468,-47,-4048
-28,-8062,11838,-2527,-1424,-409,-4080
3778,3152,342,2465,1423,360,-4032
-1864,-6858,3446,416,-223,-253,-4016
26,5478,17210,-2012,-476,-143,-4048
-494,-166,7566,1445,929,50,-4000
-3706,-1196,14430,-2339,-1008,-594,-4032
3134,-5312,5172,2992,235,-42,-4032
-794,5406,12580,-1983,-259,-253,-4032
-2630,796,5764,1267,-4,-375,-4064
2530,4590,6230,-1619,-42,150,-4064
334,6912,7824,-1066,1088,149,-4064
670,-5048,-274,1561,-370,-324,-4064
