AcX,AcY,AcZ,GyX,GyY,GyZ,Tmp
-2370,-2316,1134,-780,-268,-406,-4032
1548,4576,8636,-343,-587,-76,-4032
4120,-624,4562,917,1192,450,-4032
-5368,-14556,17562,-625,-1195,-506,-4032
3128,8630,16040,1994,865,223,-4016
-386,-8716,4818,-380,538,-303,-4016
-3056,9750,12186,-1518,-357,-475,-4048
1466,-3390,-808,1776,406,-62,-4080
-282,-7416,12300,-2327,-1338,-357,-4016
3484,2950,520,2386,1464,391,-4064
-1952,-7060,4026,321,-292,-224,-3984
-22,5600,17380,-1485,-422,-99,-4000
-416,-202,7510,1333,870,66,-4032
-3538,-1136,14354,-2205,-1005,-578,-4032
3182,-6226,5838,2866,168,-67,-4032
-1004,6264,13234,-1737,-129,-250,-4000
-2698,738,4872,1297,3,-351,-4032
4378,720,1752,-1187,359,249,-4016
-3058,-554,12542,-2513,208,-203,-4032
5072,4370,-2278,2234,567,-91,-4032
2964,7394,11182,-3501,258,-145,-4032
-1876,4832,5374,2110,786,-328,-4000
204,-7572,5298,-1786,-843,-342,-4032
-2392,-328,20016,-662,-432,-167,-4000
5510,-6036,-4288,2138,1004,150,-4048
-3484,-2560,16358,-2445,-926,-200,-4016
-692,7700,11982,1696,538,-21,-4016
1944,-4552,470,-848,263,2,-4016
-3868,1154,17038,-721,-628,-331,-4080
900,-12184,9348,854,-689,-366,-4016
4,9522,9884,1186,603,-21,-4048
-1560,-1144,6478,-894,-271,-463,-4032
-1708,3746,12168,183,-507,-53,-4048
3620,-110,5762,720,977,408,-4032
-5180,-14856,17076,-1607,-1054,-450,-4000
2950,9430,17556,1592,831,243,-4048
-868,-7448,4542,935,527,-267,-4032
-3600,8554,14626,-1971,-561,-536,-4048
1082,-1926,-166,2095,522,-41,-4048
1098,-8078,8938,-2252,-1170,-316,-4016
-1750,7658,16332,1302,1088,274,-4048
-1008,-5996,1032,946,23,-201,-4048
546,3844,15374,-2356,-599,-162,-4016
-1190,688,9708,1160,735,37,-4048
-2818,-1894,11736,-2210,-905,-567,-4032
3364,-3514,3720,3044,536,27,-4016
-964,4812,12906,-2469,-294,-317,-4032
-2688,2038,6148,1745,72,-300,-4032
2734,3608,6338,-1925,-99,119,-4064
-4532,-5310,16828,-2882,105,-238,-4000
2702,-2832,-4798,2552,792,-73,-4000
2558,4620,7554,-3937,192,-188,-4032
-2006,9110,7122,2196,883,-350,-4032
1202,-7944,1258,-2121,-903,-378,-4016
-2138,4620,14628,-537,-409,-224,-4048
5756,-4016,-5298,2434,1079,176,-4016
-3624,-5384,13382,-2569,-957,-234,-4016
-802,7538,16224,1759,448,-18,-4016
1422,-3312,2416,698,741,10,-4016
-4222,560,17336,-1409,-850,-434,-4032
1616,-12216,9410,1922,-495,-260,-4000
-966,9504,13714,-267,314,-86,-4064
-2320,-900,606,668,41,-404,-4032
-512,4524,12924,-1127,-586,-44,-4032
-1012,6902,9338,-1814,815,26,-4048
3558,-392,-5410,2005,104,-265,-4016
2696,9668,18530,-2712,260,75,-4032
-1504,-2936,5346,2980,957,-286,-4048
-1728,-5658,12226,-2793,-1121,-492,-4016
-2186,3460,16538,845,211,-62,-4032
456,7936,9232,2152,1342,334,-4064
812,5710,2276,1715,538,-17,-4016
2422,-4736,-234,-941,270,-17,-4080
-4166,86,16882,-640,-561,-336,-4016
42,-11508,8370,413,-788,-405,-4032
1474,9862,5226,1252,667,-20,-4016
-2194,-3324,2464,-435,-250,-461,-4048
222,4914,12278,176,-607,-77,-4032
4782,-2614,2730,1131,1105,488,-4032
-5724,-11650,19310,-1821,-1183,-511,-4000
4142,8054,10352,2576,1026,226,-4032
406,-9748,2602,-1349,450,-277,-4064
-2500,11226,9614,-1115,-149,-455,-4064
1626,-5996,-1220,1515,302,-109,-4032
-1432,-5966,16788,-2428,-1390,-341,-4064
-226,8952,11888,2530,1444,325,-4064
-2682,-7100,7884,-113,-453,-248,-4064
-472,6606,18320,-1420,-422,-108,-4064
338,-1264,5384,1252,868,38,-4032
-1720,-4780,7646,-2073,-905,-574,-4048
2314,-9710,8086,2813,-67,-82,-4048
-1036,8154,15082,-1896,-102,-230,-4048
-2238,578,1970,1684,155,-314,-4016
4372,-262,916,-1992,-433,46,-4048
970,7162,8352,-388,1251,259,-4048
-838,-10642,2664,1584,-599,-327,-4048
2816,8608,14982,-1947,304,143,-4048
182,-8926,3254,2780,882,-252,-4000
-3568,584,17100,-3308,-1196,-540,-4016
-1100,4324,7956,1632,505,-39,-4048
5378,-7646,-3476,-869,-460,-186,-4000
-740,9294,13776,-1217,222,68,-4000
1546,-486,-5054,2423,721,-107,-4016
1790,-1116,6116,-2942,-353,-128,-4016
-3578,1306,16008,582,200,-124,-4048
-1040,-6478,7256,-1555,-968,-572,-4032
3772,5540,608,2824,897,82,-4032
-2254,-2078,460,1051,95,-385,-4064
1906,4388,7944,-1655,-262,24,-4064
576,6696,8808,-535,1185,219,-4032
-384,-8144,2326,1554,-639,-365,-4032
2870,8322,12502,-2122,350,115,-4016
-342,-8448,4824,2782,773,-288,-4032
-3478,-610,17400,-2989,-1183,-519,-4048
-1256,4038,9230,1607,463,-19,-4032
5506,-6504,-3962,-480,-252,-97,-4064
-1244,8118,14832,-1452,11,3,-4032
1654,1130,-4150,2224,722,-112,-4032
1892,-2138,4170,-2819,-360,-138,-4000
-3774,1108,16576,495,139,-143,-4000
-702,-7324,6400,-1103,-891,-518,-4064
3298,5850,960,2565,809,87,-4032
-1468,-1590,7214,-2053,-473,-459,-4032
-1950,3848,12884,1317,-360,-176,-4032
4492,-836,1756,-602,564,325,-4016
-3698,-938,14822,-2863,-97,-259,-4048
5128,4876,-2520,2700,843,-50,-4048
1464,-5520,2026,-3794,236,-183,-4016
-1892,6188,5728,1761,719,-372,-4048
640,-8346,4052,-1223,-669,-295,-4080
-2774,-426,20808,-1122,-687,-221,-3984
5538,-6226,-4786,2704,1194,214,-4032
-3538,-2766,16162,-2181,-988,-270,-4048
-778,7450,12598,1424,391,-28,-4032
2042,-4304,676,-404,397,32,-4032
-3850,750,17034,-922,-713,-358,-4032
858,-12496,10204,1059,-755,-374,-4032
-148,10470,10362,774,636,6,-4032
-2262,-1754,-484,-178,-129,-431,-4032
-1786,3820,13852,-484,-651,-97,-4064
3424,1152,5950,995,1225,466,-4032
-4768,-15352,14824,-702,-1194,-461,-4032
2828,9370,18294,1970,809,206,-4048
1402,-6398,2354,-397,523,-284,-4048
-2710,-3074,15492,-2621,-1099,-418,-4032
-2562,-1540,19830,-2217,-1304,-367,-4016
2248,5472,4152,2377,1455,350,-4032
-990,-6288,430,1217,64,-195,-4016
372,4016,15496,-2646,-610,-143,-4016
-1170,968,9642,1388,788,31,-4048
-176,-9502,6580,-2400,-977,-586,-4048
3596,-2392,3584,3049,591,36,-4048
-772,4104,11238,-2311,-303,-337,-4048
-2866,1312,7198,1358,-131,-321,-4048
2846,4076,5018,-1587,50,177,-4032
-300,6912,8326,-1949,733,-33,-4048
2238,-2424,-3140,2223,664,-95,-4064
2578,5052,7150,-3657,287,-175,-4000
-1752,8372,6036,2067,832,-354,-4032
1044,-7584,1924,-1780,-868,-336,-4000
-1718,3978,13798,-662,-479,-214,-4032
5290,-3774,-4456,2571,1166,196,-4032
-3256,-5190,12832,-2331,-902,-235,-4016
-1044,7370,16320,1524,487,-10,-4048
2282,-4454,740,-670,322,-16,-4048
-4076,226,17556,-1503,-871,-457,-4032
1490,-11574,9704,2261,-365,-224,-4080
-726,9238,12866,-604,243,-137,-4048
-2736,-1076,1384,811,34,-404,-4048
-488,4328,12628,-1055,-558,-39,-4064
2426,3286,7170,789,1306,395,-4032
-3354,-14310,10508,444,-1211,-453,-4032
2708,9848,18776,388,621,246,-4032
788,-9148,2220,1743,713,-222,-4032
-3996,4424,17824,-2769,-916,-565,-4032
-170,1914,3778,1536,523,-15,-4032
3564,-8804,1272,355,96,-27,-4048
-2544,3896,18064,-1757,-101,8,-4000
564,5598,2814,2304,685,-117,-4032
1264,1436,10338,-2715,-306,-133,-4032
-1900,-4104,8814,-1934,-936,-522,-4048
3976,2266,778,3062,327,-42,-4032
-1042,8142,14510,-2167,-188,-288,-4032
-2596,-310,2670,1443,-21,-324,-4032
4100,2768,2032,-1522,-42,155,-4032
-1758,4320,10180,-1262,902,117,-4032
-2270,-11796,8488,1851,-274,-288,-4032
2832,8826,16074,-2454,344,15,-4032
-1862,360,5452,2899,903,-281,-4032
-726,-6560,9206,-2912,-1113,-495,-4032
-776,3012,6202,1304,376,-81,-4048
4704,-7670,-1316,-38,-24,-84,-4016
-3062,1318,17450,-1852,-208,1,-4016
186,6720,6098,2210,688,-77,-4016
1666,-198,7488,-2583,-240,-98,-4016
-3260,1276,14778,333,18,-123,-4016
368,-12548,8736,-731,-868,-499,-4048
3574,4412,958,2466,818,89,-4032
-1242,128,7598,-1686,-373,-439,-4016
-2114,2852,10922,1209,-468,-164,-4064
4144,-1392,5086,-287,673,313,-4032
-2560,1554,11640,-2431,-353,-348,-4032
4996,3186,-4466,2558,902,49,-4032
1386,-2840,3840,-3106,325,-221,-4032
-3080,9616,12362,1043,542,-420,-4000
-166,-7754,6704,-464,-367,-247,-4064
-2628,1086,20026,-1555,-974,-313,-4032
3512,2476,140,2974,1434,328,-4032
-1848,-6414,4164,-1844,-999,-263,-4048
-516,6802,10046,588,162,-34,-4016
2146,-4466,392,397,669,35,-4016
-3358,-1328,13792,-1388,-813,-427,-4048
2718,-5988,5770,1874,-535,-242,-4016
106,10314,9910,-179,342,-84,-4016
-2514,-2526,656,539,-52,-406,-4016
2418,4422,7606,-1113,-549,-17,-4048
3912,-536,5024,1188,1336,431,-4064
5448,5426,-2200,2525,833,-85,-4032
1402,-5952,1404,-3457,289,-223,-4032
-3580,8830,14834,-963,-107,-464,-4032
986,-1892,48,1775,367,-84,-4048
-3026,-826,20614,-2370,-1437,-392,-4032
2798,4806,3146,2676,1447,382,-4032
-1150,-6194,1308,-336,-524,-281,-4000
504,4486,15706,-1184,-356,-75,-4032
1994,-4156,1434,1208,884,64,-4064
-3302,-1632,12414,-2222,-967,-586,-4032
3632,-3530,3178,2932,106,-111,-4064
-932,4222,12792,-1965,-203,-247,-4032
-2484,-1930,502,1545,71,-331,-4032
3032,3528,5488,-1740,-323,42,-4080
-500,7382,9266,-347,1241,237,-4016
2246,-3204,-3560,1341,-673,-364,-4016
2680,9994,18376,-1524,430,142,-4048
-1028,-5120,4606,2650,839,-269,-4048
-2154,-3796,13928,-3141,-1129,-543,-4048
358,-284,1604,1946,554,-22,-4032
2308,-8510,5748,-737,-400,-141,-4016
-2108,6382,17112,-1243,142,76,-4016
1280,3808,-1364,2053,585,-137,-4032
754,3404,14048,-2991,-480,-153,-4032
-1702,972,10900,852,411,-120,-4032
-260,-10046,7370,-1573,-923,-568,-4000
2286,8598,3370,2872,799,69,-4032
-834,3210,11390,-2204,-460,-427,-4032
-2852,1562,8200,1430,-364,-179,-4000
4606,-2162,3094,-713,525,281,-4064
-4944,-6956,17580,-2592,30,-251,-4032
2648,-1824,-4602,2362,692,-84,-4016
2310,4220,6648,-3772,200,-132,-4016
-1782,9170,6792,2296,885,-334,-4016
1192,-7536,1226,-1977,-938,-357,-4048
-1970,4242,14836,-534,-413,-216,-4016
5470,-3376,-4986,2380,1123,191,-4048
-38,-4652,-1990,1220,143,-185,-4064
972,2560,12830,-2868,-424,-100,-4032
-1978,1098,11900,548,246,-84,-4032
-224,-10176,7688,-1151,-923,-519,-4016
2560,9384,2562,2890,895,95,-4032
-970,2518,11872,-2451,-578,-474,-4064
-2842,3024,8670,1328,-313,-184,-4032
4952,-2200,1084,-365,696,332,-4032
-5062,-8856,17774,-3160,-248,-338,-4032
3546,-214,-6088,2785,971,4,-4032
2414,2256,4636,-3704,208,-209,-4032
-2126,10342,8398,1415,651,-373,-4032
1418,-6934,130,-952,-569,-301,-4032
-2364,3974,16524,-1357,-811,-240,-4064
5342,-2062,-4454,2889,1322,273,-4016
-3374,-6690,11236,-2466,-1039,-285,-4016
-898,7840,17610,1366,355,-44,-4048
2394,-4944,358,-342,421,17,-4048
-4180,294,17356,-891,-706,-385,-4048
2002,-11820,9162,2502,-283,-191,-4016
-1124,9140,14512,-674,295,-87,-4032
-2336,-432,830,936,117,-382,-4032
-172,4198,12746,-1317,-545,-52,-4064
1954,4134,8158,678,1273,385,-4032
-2956,-13694,9246,609,-1073,-462,-4032
2836,9530,18028,162,562,223,-4000
730,-8792,2834,1774,709,-262,-4032
-3824,3942,17146,-2611,-884,-521,-4032
-264,2218,4192,2119,596,-16,-4032
4048,-8274,592,-1657,-817,-234,-4064
44,8442,10306,369,806,221,-4016
968,-2902,-4114,1629,273,-163,-4048
1320,714,10028,-2934,-624,-167,-4016
-2750,1690,13898,1273,682,-8,-4016
-1548,-4762,8258,-2175,-960,-596,-4016
3732,2260,1536,3021,678,40,-4048
-1120,680,9572,-2456,-392,-385,-4016
530,4368,11166,-634,-599,-10,-4016
1574,4880,8186,429,1268,330,-4032
-2208,-12570,7678,965,-1044,-428,-4032
2692,9494,17508,-338,533,221,-4032
432,-9642,2928,2371,784,-277,-4032
-4036,2376,18304,-2989,-1070,-574,-4032
-558,3306,5898,2153,686,31,-4032
4546,-7920,-1844,-1350,-682,-173,-4000
-378,8838,12448,-705,393,118,-4000
1488,-1470,-4484,1822,460,-160,-4016
1564,-120,7376,-2978,-603,-174,-4048
-3030,1166,14744,957,544,-25,-4016
-1228,-5324,7272,-2012,-950,-562,-4016
3894,4560,-238,3028,857,79,-4016
-1448,-972,7988,-2604,-479,-490,-4048
-2630,758,3214,1539,-94,-246,-4000
4516,370,800,-795,492,282,-4048
-2944,1478,13212,-2705,270,-155,-4064
4940,4274,-3908,2648,816,-18,-4032
1698,-3632,2326,-3728,194,-139,-4016
-1920,4048,6016,2123,818,-329,-4016
32,-7922,5986,-1615,-775,-336,-4048
-2750,506,20238,-865,-534,-193,-4016
3260,3342,1006,2676,1190,231,-4016
-3316,-1646,16936,-2361,-1053,-263,-4048
-498,7612,10392,1390,378,-4,-4016
2218,-4870,28,-359,431,-35,-4016
-3784,1146,16680,-670,-606,-339,-4000
842,-13068,9374,981,-688,-359,-4032
-264,9842,10524,925,573,-42,-4032
-2370,-1874,1018,-266,-168,-449,-4000
-1736,3422,12342,-157,-596,-87,-4032
3668,638,6178,761,1108,452,-4032
-5150,-14768,16076,-712,-1120,-423,-4032
3042,8968,17126,1882,823,236,-4032
1280,-5350,3140,-228,529,-263,-4064
856,-1762,398,1092,163,-115,-4032
1102,-7858,8714,-701,-391,-169,-4032
-1738,7032,16154,-1303,69,41,-4032
1772,3052,-2862,2185,713,-96,-4032
2168,-3402,2084,-2812,-440,-161,-4032
-1290,782,9952,550,223,-110,-4032
-358,-8990,6674,-1165,-831,-518,-4032
2594,7170,2284,2591,766,69,-4000
-1802,-1934,5646,-2109,-433,-416,-4032
-2486,1176,6190,1439,-350,-198,-4048
4538,-1582,3042,-679,504,298,-4016
-4702,-5662,17224,-2584,-71,-227,-4048
5018,5566,2552,2570,834,-13,-4016
2646,4738,7858,-3668,264,-195,-4016
-2000,8826,6702,1754,779,-366,-4016
1456,-7776,1252,-1369,-688,-348,-4048
-1874,4300,14476,-699,-513,-177,-4032
5422,-4148,-4380,2585,1127,224,-4064
-3272,-4894,13182,-2199,-978,-241,-4032
-1034,7008,16208,1272,348,-37,-4032
2402,-3886,700,-301,467,-5,-4064
-4156,124,17134,-949,-695,-351,-4032
1288,-11646,9750,1246,-713,-319,-4032
-582,9336,12950,607,546,-31,-4032
-2028,-2846,3322,-5,-198,-440,-4032
-364,4590,12510,-515,-591,-57,-4032
2478,3406,6864,1032,1269,457,-4000
-3422,-13824,10456,-908,-1223,-480,-4016
4390,7056,7016,1850,875,238,-4016
594,-8736,2932,-74,533,-268,-4048
-3846,4446,17348,-1815,-462,-542,-4016
-324,1610,3990,1995,457,-44,-4016
-2256,-4326,18332,-2379,-1364,-359,-4016
940,7936,8814,1784,1283,348,-4048
418,-3356,-3006,554,-170,-230,-4016
-808,6956,17474,-1747,-471,-120,-4032
-2526,1024,13150,1144,631,-20,-4000
1892,-9748,8390,1860,-492,-285,-4000
-904,1688,8924,-2412,-355,-361,-4048
-2516,2082,9516,1432,-236,-235,-4032
3784,2880,2926,-1294,335,254,-4032
-1510,4602,9280,-2011,659,-47,-4048
4158,1410,-5462,1824,298,-199,-4016
1730,720,4536,-3374,249,-37,-4016
-2118,9810,9062,1307,647,-388,-4016
-646,-6292,9890,-1449,-703,-297,-4000
-2534,2716,17642,-1201,-825,-269,-4016
4756,-680,-2794,2658,1231,263,-4000
-2914,-6294,8806,-1987,-936,-225,-4064
162,5982,5212,954,275,-51,-4032
2350,-4960,64,11,524,49,-4000
-3886,-550,16120,-1108,-739,-369,-4032
2258,-8832,8022,1464,-643,-320,-4000
1232,9938,6600,437,512,-35,-4032
-2402,-3062,1840,104,-165,-445,-4032
992,5168,10560,-472,-562,-61,-4048
1510,6222,6668,1240,1319,450,-4016
-5774,-13320,19622,-987,-1332,-500,-4016
3358,9082,13980,1775,907,250,-4016
158,-9524,3226,142,509,-291,-4016
-3666,960,18156,-2000,-540,-538,-4016
1738,-4878,-1426,2180,533,-13,-4048
-842,-6898,14420,-2453,-1326,-362,-4016
-524,9208,13122,1679,1281,343,-4048
-2460,-6912,5692,196,-282,-236,-4032
-286,6192,17750,-1842,-508,-74,-4032
120,-604,6364,1267,873,58,-4032
-1454,-5722,7406,-2165,-964,-574,-4032
2694,-8610,6970,3100,208,-27,-4032
-1150,7190,15074,-2264,-264,-319,-4064
-2570,426,3116,1740,117,-333,-4032
4422,-154,902,-1885,-160,114,-4032
720,6978,8950,-1177,1000,118,-4064
-280,-9132,2162,1972,-228,-297,-4064
2720,8098,13616,-2149,291,91,-4016
-1970,4182,5916,3160,894,-256,-4064
-3330,-672,17254,-3036,-1190,-518,-4032
-1472,4408,9302,1055,294,-33,-4032
5690,-6878,-4322,375,242,-19,-4032
-3708,-1338,17026,-2157,-332,-96,-4000
1410,446,-4404,2418,676,-96,-4016
1962,-1814,4668,-2782,-336,-105,-4048
-3660,1312,16282,446,38,-171,-3984
972,-13090,9254,-985,-931,-536,-4048
3568,6476,752,2593,932,76,-4016
-1526,-1928,6424,-1817,-421,-447,-4016
-2154,3696,13394,973,-511,-184,-4048
4460,-628,1202,-179,706,315,-4032
-3382,-1010,13990,-2852,-329,-359,-4032
5114,4810,-2208,2711,896,35,-4032
1336,-5022,2586,-3364,261,-205,-4032
-1820,5590,5842,1323,622,-330,-4064
226,-8224,4958,-770,-510,-274,-4032
-2470,-532,20610,-1409,-857,-272,-4064
2624,4688,2574,3062,1437,284,-4000
-3516,-3090,16016,-1833,-1041,-271,-4064
-776,7768,12888,474,95,-38,-4032
1986,-4334,748,110,572,16,-4016
-3052,-1814,12434,-1228,-802,-410,-4016
980,-12946,10084,1626,-605,-317,-4016
-312,10776,11066,217,547,-29,-4016
-2444,-2132,-334,418,-89,-434,-4048
2568,3424,6652,-1047,-692,-63,-4016
3524,824,5462,1371,1375,425,-4016
-4772,-16420,15018,-229,-1343,-505,-4016
2496,9976,20444,1066,712,265,-4048
1440,-7594,498,617,647,-277,-4000
-3892,8020,15964,-2303,-623,-537,-4032
652,-150,738,2351,595,-11,-4032
2032,-8882,5804,-2353,-1273,-339,-4000
1508,6694,5988,1278,1101,302,-4064
-340,-6058,-1132,1076,14,-204,-4032
812,3652,14330,-2511,-573,-126,-4032
-1664,760,10488,1242,810,1,-4032
-2696,-2126,10728,-2421,-1005,-619,-4032
3840,-1462,1762,3241,764,54,-4016
-1024,2720,11898,-2787,-449,-370,-4032
-2822,2722,8748,1696,-6,-263,-4032
3416,2806,3752,-1551,106,167,-4032
-1082,7296,9956,-2135,661,-28,-4064
3294,-856,-5284,2215,250,-234,-4000
2446,2630,5604,-3491,181,-9,-4032
-1348,-3086,4902,2937,1003,-291,-4000
-1888,-5486,12064,-2629,-1084,-464,-4032
-2016,3758,16274,187,-24,-150,-4032
5092,-2076,-3998,1202,489,60,-4016
-2832,3954,18472,-2490,-701,-177,-4048
1040,5676,1542,2360,759,-29,-4048
2454,-5080,-174,-1931,-47,-77,-4048
-4346,478,17558,-112,-292,-238,-4048
208,-11622,7696,46,-787,-447,-4016
1420,9406,5480,1766,760,71,-4048
-2058,-2188,2648,-1072,-284,-418,-4048
-2754,1800,10556,864,-567,-155,-4000
4430,-1596,4560,396,836,416,-4064
-5356,-11004,18316,-2132,-749,-386,-4032
4106,6958,9588,1890,858,223,-4032
502,-9030,3904,-279,524,-262,-4000
-4024,3332,17836,-1528,-341,-479,-4032
1576,-5822,-570,1782,403,-67,-4000
-1616,-5184,16838,-2255,-1274,-312,-4032
-94,8308,11070,2026,1244,322,-4048
1426,-1890,-4310,271,-312,-224,-4048
-560,6460,18114,-1765,-479,-152,-4048
428,-1334,4972,1341,902,46,-4016
-1546,-5042,7666,-1974,-897,-585,-4016
3890,3316,622,3011,695,33,-4016
-1382,-52,9170,-2592,-483,-390,-4000
-2466,-28,2490,1659,-74,-260,-4032
4268,792,1850,-1416,217,180,-4032
-2590,3372,12320,-2672,291,-161,-4048
4900,3442,-5816,2460,652,-133,-4016
2702,9030,15440,-3857,162,-96,-4064
-1992,2692,5514,2566,918,-315,-4048
112,-8122,6972,-623,-447,-288,-4032
-3056,1686,20264,-1542,-979,-297,-4032
3918,1662,-566,3182,1394,304,-4032
-2100,-7234,5508,-1853,-1020,-256,-4032
-206,7160,8398,573,171,-14,-4032
2324,-5040,-218,414,677,44,-4064
-3900,-526,14988,-1294,-801,-415,-4048
2928,-6346,5532,1777,-547,-243,-4048
212,9714,9938,-60,291,-66,-4048
-2420,-1912,1384,372,-84,-428,-4048
2190,4316,6906,-644,-459,-42,-4016
510,6242,8130,448,1185,393,-4048
68,-6818,1676,1290,-676,-378,-4048
3304,8972,15192,-821,551,196,-4032
-436,-7340,4422,2153,722,-273,-4000
-3140,-1090,16398,-2862,-1060,-531,-4064
-1544,3932,10234,1919,550,-18,-4064
346,-7604,10894,-1059,-615,-190,-4064
-1326,7702,15166,-728,371,84,-4064
1566,1822,-3536,2042,571,-110,-4064
2108,-2778,3724,-2932,-501,-106,-4032
-830,424,8636,802,372,-64,-4032
-408,-8334,6550,-1428,-897,-553,-4032
2790,6344,2282,2710,658,20,-4016
-1410,-488,6078,-2103,-376,-390,-4048
-2586,-100,5726,1397,-305,-220,-4048
4156,-56,3884,-1115,371,278,-4048
-3724,-2248,13892,-2162,346,-147,-4016
530,-5206,88,1939,353,-141,-4032
2732,7210,9968,-3582,244,-160,-4048
-1720,6206,5244,2217,855,-307,-4048
786,-7652,3654,-2415,-1007,-402,-4032
-1510,4298,11378,-85,-186,-185,-4032
5422,-5540,-4414,1790,864,100,-4032
-3366,-2702,15246,-2228,-846,-206,-4016
-916,6902,13262,1358,406,-48,-4016
1744,-4016,1688,-529,371,44,-4016
-3968,372,16832,-786,-638,-343,-4016
914,-12234,10140,1027,-758,-371,-4016
-42,9962,11226,1058,642,5,-4048
-1740,-2244,5820,-639,-304,-409,-4000
-1408,4236,13028,98,-578,-60,-4032
3294,984,5698,964,1140,419,-4032
-4642,-15202,14884,-1387,-1153,-485,-4032
4886,5812,1250,2258,935,227,-4032
1128,-7056,2358,-769,456,-262,-4032
-3568,7484,15746,-1315,-273,-491,-4032
716,-460,850,1671,369,-88,-4032
-2720,-1916,20220,-2440,-1356,-371,-4032
2224,6376,4464,2264,1465,337,-4000
-850,-5792,-628,-396,-581,-269,-3984
810,3852,14350,-1269,-372,-76,-3984
1812,-3812,1798,1282,878,57,-4016
-2730,-2208,11296,-2191,-984,-547,-4016
3662,-2808,3068,2854,60,-114,-4048
-990,3488,12598,-2461,-424,-374,-4048
-2880,1566,7998,1646,-5,-271,-4032
3104,3706,4660,-1643,55,189,-4032
-596,7178,8960,-1646,827,69,-4000
2464,-2332,-3542,1977,-13,-236,-4000
2530,4632,7024,-3040,232,-32,-4032
-1354,-4940,5576,2955,900,-283,-4032
-2054,-4446,13976,-2792,-1127,-515,-4032
-1966,4194,14224,547,151,-113,-4032
5554,-3326,-5106,2268,1142,207,-4048
-3472,-5380,12444,-2434,-964,-235,-4016
-846,7526,16228,1488,421,-28,-4016
2374,-4454,772,-537,329,14,-4048
-4072,232,17512,-803,-658,-321,-4016
1510,-11692,9782,1044,-717,-377,-4048
2202,8890,3292,1492,742,30,-4000
-2108,-3498,3958,-306,-211,-438,-4016
-586,5142,13358,-341,-644,-76,-4016
2794,3322,5944,522,1389,364,-4000
-3426,-14764,10600,854,-1028,-403,-4032
2602,10822,19308,-733,502,190,-4000
-1344,-2922,4540,2582,830,-265,-4032
-4086,5260,18046,-3261,-1117,-535,-4064
-28,1922,2954,2138,685,2,-4064
3610,-8948,1112,-1356,-614,-245,-4032
-2790,4310,18360,-762,382,86,-4032
730,-3576,-3772,1996,555,-132,-4064
2414,-4732,272,-2443,-242,-108,-4048
-2412,996,13098,328,-59,-170,-4048
-314,-11534,9130,-827,-944,-541,-4048
1860,11010,4550,2636,1027,86,-4048
-2282,-3850,924,-1782,-526,-498,-4016
-2942,3996,12002,809,-554,-131,-4048
4988,-2548,1724,771,1032,400,-4016
-5648,-13046,19128,-2900,-961,-460,-4048
4824,2610,-6800,3001,1125,109,-4032
466,-9732,2558,-785,522,-279,-4032
-2646,11230,10918,-1466,-242,-493,-4000
1474,-5180,-1310,1825,404,-72,-4032
-1090,-6784,15534,-2596,-1456,-384,-4064
-540,9476,12988,2344,1393,372,-4032
-2670,-7596,6740,148,-414,-249,-4032
-162,6866,18360,-1729,-464,-84,-4032
168,-1028,5472,1351,965,85,-4048
-1506,-5876,7676,-2345,-1004,-574,-4016
2636,-8488,6752,3019,128,-42,-4016
-1008,7278,14380,-2067,-158,-261,-4048
-2436,1046,2940,1535,139,-351,-4048
1488,4432,9852,-1824,-378,45,-4032
666,7134,8800,-737,1159,217,-4016
-364,-8890,2248,1734,-485,-349,-4016
2852,8420,13368,-1541,368,136,-4032
-230,-8702,4306,2857,869,-265,-4064
-3592,-328,17260,-3155,-1209,-547,-4016
-1216,4288,9068,1274,419,-26,-4048
5624,-6816,-4534,15,32,-71,-4016
-3626,-2140,16890,-1986,-313,-70,-4048
1896,1354,-4904,2390,779,-68,-4048
2014,-2280,3932,-2572,-247,-102,-4016
-3946,1164,17098,305,1,-143,-4016
-782,-7820,6700,-1107,-925,-543,-4000
3376,6642,994,2754,900,74,-4032
-1766,-2480,6848,-2036,-534,-474,-4032
-1764,4564,13686,1216,-412,-146,-4064
4800,-1660,1186,89,756,368,-4032
-4034,-2342,16222,-2956,-572,-332,-4032
5080,5770,-1038,3000,1051,63,-4064
1420,-6610,1434,-3440,271,-249,-4000
-2082,7434,6566,977,572,-364,-4032
932,-8532,2824,-361,-377,-233,-4032
-2724,-1226,20820,-1505,-898,-265,-4016
2178,5884,3670,3177,1425,290,-4016
-3408,-3872,15042,-2045,-1066,-274,-4048
-924,7714,14330,696,210,-15,-4048
1890,-3782,986,315,705,37,-4080
-3062,-1974,11466,-1391,-805,-438,-4016
1146,-12792,10166,1839,-578,-300,-4016
-590,10306,12540,-271,375,-70,-4048
-2250,-1356,-328,703,10,-388,-4048
-1182,4246,14044,-963,-661,-51,-4064
3038,2586,6568,1074,1327,402,-4032
-4092,-15158,12134,-137,-1189,-499,-4032
2738,9852,18930,991,684,264,-4000
936,-8058,2460,1046,642,-257,-4032
-3798,6060,16506,-2390,-736,-530,-4032
230,604,2240,2265,544,-26,-4032
2804,-8668,4174,-2107,-1167,-331,-4000
1320,7298,6930,808,1012,260,-4032
144,-4754,-2304,1296,186,-194,-4032
878,2666,13128,-2530,-546,-142,-4016
-2116,1340,11726,1468,903,18,-4048
-2390,-3376,10198,-2319,-1014,-612,-4032
3666,330,2410,3011,595,21,-4064
-836,2236,9902,-2221,-357,-362,-4032
-2722,1440,9292,1346,-207,-265,-4064
3582,3130,3222,-1165,249,257,-4032
-998,5090,8942,-1769,791,0,-4048
3086,-476,-3848,1807,44,-251,-4048
2242,2276,5790,-3025,323,44,-4016
-1546,-2428,4816,2707,900,-321,-4016
-1548,-5154,11996,-2715,-1142,-483,-4016
-1990,3140,16060,566,99,-99,-4016
3346,-8270,2072,704,264,19,-4032
-2724,3512,17904,-2192,-584,-151,-4048
852,5512,2766,2065,714,-47,-4048
2218,-4802,20,-2060,-120,-93,-4032
-2448,1534,13594,-76,-264,-247,-4000
180,-10788,7786,-245,-804,-464,-4032
1752,9094,4484,1967,774,38,-4032
-2136,-1874,2828,-1475,-372,-390,-4032
-2702,1836,9788,878,-490,-129,-4032
4522,-1604,4038,315,854,390,-4032
-5430,-10882,18568,-2217,-737,-368,-4032
3984,7184,9808,2599,887,125,-4032
2154,858,4210,-2873,383,-232,-4016
-2314,10260,8740,527,378,-424,-4016
1674,-5906,-626,-170,-256,-226,-4016
-1770,-5182,17102,-1734,-1046,-303,-4016
4748,-830,-3130,3016,1470,314,-4016
-2942,-6554,9114,-1457,-900,-257,-4048
-732,6604,17720,44,-52,-91,-4048
2390,-4730,62,491,658,25,-4032
-3992,-328,16202,-1429,-854,-435,-4032
2270,-9586,8220,1810,-510,-257,-4000
-982,8200,13820,-87,356,-73,-4000
-2378,-2754,2224,458,-64,-413,-4000
582,4524,10578,-800,-480,-7,-4032
1664,5038,7784,546,1261,381,-4064
-1932,-11068,6624,1214,-782,-399,-4016
3046,9344,14864,-1715,404,116,-4000
-1726,846,4820,2675,815,-300,-4032
-3668,2140,17360,-3006,-1147,-518,-4032
-634,3166,5924,1553,500,-9,-4032
4660,-7880,-1384,-428,-225,-138,-4032
-3286,1096,17980,-1112,209,68,-4016
1244,-1474,-4400,2165,629,-97,-4048
1524,-246,7546,-2925,-476,-127,-4016
-3194,1446,15016,-99,-288,-250,-4016
494,-12068,8642,-4,-814,-443,-4016
726,9430,7456,1858,737,34,-4048
-1180,446,8284,-1458,-310,-442,-4032
-2474,2440,11186,958,-516,-158,-4032
4096,-1184,5334,113,781,353,-4000
-5490,-12968,18408,-2109,-641,-415,-4032
4642,2598,-4280,2542,885,97,-4064
1618,-1812,3980,-2544,335,-223,-4000
-2660,9712,10966,-96,174,-418,-4016
1402,-4690,-586,64,-150,-193,-4032
-2332,1698,18732,-1848,-1088,-298,-4032
3828,1710,-864,2890,1446,358,-4032
-2262,-6472,5342,-1068,-828,-269,-4032
-190,5450,17510,-396,-207,-49,-4064
2276,-4710,244,1041,781,64,-4032
-3550,-1176,14500,-1812,-905,-528,-4032
2706,-7288,6806,2397,-262,-199,-4032
-928,7236,13888,-981,199,-149,-4032
-2544,-3104,926,882,50,-385,-4016
1600,4626,9558,-1417,-553,-32,-4016
596,7458,8368,803,1356,363,-4048
330,-7714,336,757,-1168,-435,-4048
2922,9272,17802,-94,555,255,-4048
-478,-8560,4050,2291,762,-226,-4016
-3202,-1624,17182,-3086,-1053,-565,-4048
1236,-2756,-860,2424,736,38,-3968
454,-7866,10646,-1692,-860,-228,-4048
-1282,8660,15250,178,748,247,-4032
1560,1284,-3884,1793,445,-188,-4016
2128,-2418,3640,-2909,-511,-153,-4048
-672,-120,8310,932,511,-69,-4016
-1038,-7918,7442,-1926,-989,-602,-4048
3546,7708,668,3170,922,78,-4016
-994,4874,13656,-2781,-556,-448,-4032
-2772,1736,6318,1688,-199,-252,-4032
4898,-1594,854,-1076,375,239,-4032
-4286,-4278,16180,-2632,194,-178,-4032
2070,-4046,-3072,2525,674,-83,-4032
2488,5170,8850,-3764,204,-155,-4032
-1996,7966,7040,2307,885,-310,-4032
920,-7878,2326,-1861,-809,-367,-4000
-2200,4466,13740,-638,-496,-202,-4032
5812,-4474,-4990,2473,1124,196,-4000
-3644,-4604,13944,-2336,-1005,-249,-4032
-766,7572,15194,1709,533,-33,-4016
2406,-3982,1190,-953,255,-49,-4016
-4248,844,17512,-598,-545,-341,-4016
1388,-12006,8982,917,-710,-361,-4048
-708,9256,13088,964,556,7,-4016
-2006,-2812,3732,-318,-218,-464,-4016
-488,4728,12196,-129,-584,-61,-4016
2814,2576,6340,1082,1181,455,-4016
-5098,-8086,17986,-1477,-1191,-452,-4064
4662,6716,5448,2411,974,232,-4032
698,-8688,2882,-1128,440,-288,-4032
-3972,5528,17446,-1111,-175,-470,-4032
1346,-7252,152,1578,303,-72,-4032
-2100,-3940,19248,-2413,-1371,-363,-4000
646,7940,8644,2317,1373,335,-4032
678,-3648,-3512,53,-407,-251,-4032
-764,7060,17428,-1580,-436,-99,-4032
1028,-2262,3676,1284,906,48,-4064
-2132,-3790,8846,-2232,-941,-596,-4032
3972,1084,854,2850,53,-116,-4016
-816,9398,14250,-1997,-129,-254,-4016
-2458,-730,794,1762,136,-331,-4016
3894,742,3138,-2047,-295,83,-4064
-2190,5874,12720,-972,1114,150,-4064
-2048,-13112,6158,1909,-259,-291,-4000
2464,10068,17938,-2897,217,37,-4032
-1612,314,5100,3332,985,-246,-4016
-606,-7736,8984,-3434,-1234,-573,-4016
-562,3446,5452,1533,483,-64,-4016
4532,-8758,-1490,-140,-125,-87,-4016
-3042,2026,18712,-1824,-142,-22,-4048
226,6336,5310,2448,753,-111,-4048
1638,310,8538,-2791,-329,-127,-4016
-3240,1248,14606,510,73,-144,-4016
230,-12610,9170,-1070,-966,-550,-4048
4090,3976,228,2873,974,79,-4032
-1234,-1126,9012,-2111,-541,-453,-4064
-2748,3598,13080,1191,-485,-162,-4032
4492,-1664,3724,7,833,372,-4032
-2658,2822,12292,-2944,-405,-365,-4032
4884,3714,-4974,2624,992,30,-4032
1798,-2366,2038,-3369,326,-215,-4032
-2612,10286,11198,1037,572,-403,-4000
-108,-7614,7014,-583,-436,-243,-4032
-2666,1402,19356,-1550,-983,-321,-4032
4068,1816,-804,2899,1383,247,-4048
-2292,-7184,5394,-2042,-990,-296,-4016
-198,7450,8444,861,250,-38,-3984
2268,-5136,-288,196,591,8,-4048
-3922,-816,15290,-1396,-862,-396,-4016
2878,-6512,6338,1753,-531,-284,-4016
352,9448,9306,214,359,-61,-4016
-2496,-2172,2158,206,-99,-422,-4016
1754,4910,7996,-519,-509,-4,-3984
3898,-1286,5478,977,1159,448,-4032
-5608,-14464,18862,-596,-1244,-482,-4032
3146,8644,15862,1851,829,253,-4032
-330,-8696,4384,31,500,-294,-4032
-3014,9776,12434,-1780,-448,-521,-4032
1436,-3496,-888,1879,481,-38,-4032
-50,-7034,12040,-2308,-1225,-352,-4032
-1144,8696,14148,959,1059,252,-4016
-1820,-6752,3780,702,-80,-200,-4032
-138,5444,17300,-2272,-565,-120,-4032
-382,36,7538,1272,843,36,-4032
-1022,-6930,6970,-2205,-962,-600,-4000
2966,-6832,6096,3110,361,-3,-4032
-1106,5892,14454,-2299,-335,-320,-4032
-2574,636,4812,1696,24,-283,-4032
4546,-798,1362,-1621,-7,136,-4032
442,7570,8836,-1638,878,64,-4032
314,-7272,56,2095,-53,-263,-4000
2932,7152,11286,-2620,220,81,-4016
-2032,5522,6134,3078,908,-266,-4016
-3222,-1614,16550,-3041,-1190,-519,-4048
-1478,4612,10452,1111,375,-56,-4080
5602,-6246,-4382,315,108,-60,-4016
-3554,-2288,16376,-2046,-271,-36,-4016
1572,1194,-3622,2394,712,-60,-4048
2066,-2360,3946,-2533,-255,-97,-4048
-3872,1176,16772,307,-57,-161,-4048
-640,-7646,7068,-1134,-931,-523,-4032
3372,6890,1036,2555,931,81,-4032
-1626,-1476,5492,-1946,-428,-434,-4032
-1624,3318,12580,1048,-460,-159,-4032
4554,52,1656,-170,751,329,-4032
-3490,-1948,13302,-2638,-311,-355,-4032
5068,4778,-1108,2403,855,27,-4032
1304,-5188,3060,-3155,327,-214,-4000
-1716,5964,5476,1092,567,-375,-4064
406,-7410,4306,-706,-448,-283,-4000
-2394,-1068,20028,-1133,-722,-238,-4016
2180,4876,3594,2857,1369,259,-4016
-902,-6214,870,-592,-708,-285,-4016
-796,7824,13526,-579,-167,-81,-4032
1800,-4170,796,1313,835,64,-4016
-2834,-2224,12270,-2161,-1020,-529,-4016
3204,-3542,4694,2645,-21,-83,-4016
-854,4616,12130,-1268,61,-182,-4016
-2656,-1898,1566,1043,-24,-343,-4016
2610,3956,6114,-1496,-263,78,-4016
-46,7290,8104,-266,1245,281,-4016
1750,-4084,-2780,2010,25,-265,-4016
2636,5466,9026,-3247,179,-20,-4016
-1006,-6228,4348,3209,1000,-255,-4032
-2704,-3650,15414,-2906,-1184,-499,-4048
-1812,4488,13752,624,173,-91,-4048
5440,-4656,-4768,648,272,-20,-4032
-2100,6802,17154,-2237,-416,-119,-4032
1404,3530,-1514,2238,704,-82,-4032
2304,-3752,1218,-2111,-141,-53,-4000
-4158,458,17278,-830,-644,-359,-4032
1310,-12116,9916,1123,-707,-341,-4000
-660,9464,12834,850,612,-4,-4000
-2092,-2766,3998,-495,-258,-461,-4048
-646,4268,12774,-50,-624,-95,-4016
2688,2670,6926,918,1162,446,-4048
-3732,-14354,11550,-1107,-1198,-461,-4016
4742,6760,5290,1993,887,239,-4016
694,-8446,2644,-370,544,-242,-4048
-3892,5188,17164,-1553,-339,-499,-4048
1486,-7014,238,1530,331,-98,-4000
-2338,-3882,19002,-2397,-1371,-400,-4048
924,7904,8190,1963,1292,350,-4016
448,-4068,-2998,35,-450,-255,-4032
-766,7230,17428,-1561,-461,-128,-4032
1126,-2622,3332,1411,913,34,-4064
-1994,-3712,9332,-2337,-984,-586,-4032
3748,1250,1438,2921,233,-74,-4032
-928,8570,13714,-1986,-156,-286,-4032
-2694,-822,2304,1414,-18,-353,-4000
3940,2496,3134,-1687,-149,126,-4032
-1698,4624,10264,-1022,1023,145,-4032
-2588,-12182,8584,1460,-515,-326,-4048
2938,9552,16076,-1843,419,122,-4016
-1638,-576,4920,2907,915,-252,-4032
-936,-6284,10058,-3073,-1175,-533,-4032
-580,2522,5194,1131,353,-18,-4064
4290,-8074,-378,236,82,-53,-4032
-2856,1906,17752,-1875,-307,-26,-4032
242,6180,5462,2190,722,-82,-4032
1498,82,8114,-2281,-176,-92,-4000
-3012,1204,14716,169,-108,-165,-4000
136,-11970,8946,-526,-827,-472,-4032
990,10092,6608,2324,808,74,-4032
-1230,60,9248,-1707,-449,-455,-4032
-2400,3596,11322,1222,-423,-138,-4016
4596,-2162,3586,62,776,354,-4048
-5904,-13980,19606,-2728,-618,-358,-4048
5146,3348,-5988,2820,1093,95,-4048
1776,-2496,2454,-3200,293,-241,-4048
-2932,10784,11650,574,463,-436,-4048
-84,-7860,6718,-647,-406,-242,-4032
-2824,1646,19894,-1928,-1112,-302,-4016
4066,1796,-866,3214,1513,346,-4016
-2154,-6952,5240,-1812,-980,-282,-4032
-350,6724,8632,537,61,-48,-4032
2220,-4566,268,447,691,43,-4064
-3758,-1046,14542,-1350,-840,-432,-4032
2838,-7374,6210,1944,-536,-273,-4000
308,10700,9454,-260,336,-90,-4032
-2350,-3054,232,827,21,-418,-4064
1912,4230,9072,-1321,-603,-38,-4032
296,7776,8738,970,1394,444,-4032
-5558,-15476,17450,-69,-1281,-465,-4016
2798,9292,17874,967,738,245,-4048
-554,-7976,4714,1193,625,-267,-4048
-3034,-1496,16492,-2509,-770,-536,-3984
1010,-2734,-156,2301,607,-8,-4016
568,-7936,10818,-2169,-1174,-328,-4048
-1268,8618,15006,752,1022,278,-4048
-1650,-6788,2728,905,-2,-224,-4032
224,5358,16830,-2752,-542,-140,-4016
-830,116,8034,1313,768,50,-4048
-726,-8254,7072,-2303,-1028,-578,-4048
3150,6982,2006,3146,646,33,-4048
-760,4854,12400,-2354,-407,-397,-4048
-2706,756,6318,1474,-194,-260,-4016
4394,-764,2490,-1333,250,215,-4016
334,7076,7920,-1798,792,1,-4032
826,-5084,-762,1887,62,-239,-4000
2930,7012,9436,-3139,294,-15,-4000
-1858,6298,5658,2826,902,-290,-4032
-2946,-2152,16118,-2772,-1157,-487,-4032
-1526,4246,11226,573,101,-80,-4032
5726,-5398,-4718,1035,498,31,-4064
-3676,-3140,15394,-2259,-563,-138,-4064
1512,2438,-2946,2076,681,-27,-4032
2122,-3030,2580,-1774,7,-28,-4032
-3944,710,17074,-209,-366,-228,-4000
1054,-12264,9858,-104,-846,-440,-4032
3158,7458,1114,2015,829,38,-4032
-1788,-2560,5640,-1312,-411,-464,-4032
-1486,4244,13618,564,-539,-110,-4032
3480,566,5522,761,1017,406,-4000
-4286,-3296,16004,-2474,-944,-457,-4032
5202,6548,-314,2799,1047,126,-4048
1388,-6944,1086,-2723,335,-247,-4048
-3742,8072,15548,142,280,-414,-4016
1030,-8188,2160,394,-143,-195,-4016
-2668,-1870,20500,-2069,-1192,-319,-4016
2086,6132,4736,3207,1607,347,-4048
-3536,-4224,14644,-1675,-991,-276,-4032
626,4188,14888,-1514,-437,-112,-4064
1678,-3850,1690,1290,859,49,-4000
-2794,-1850,11460,-2195,-976,-565,-4064
3654,-3664,3194,2986,119,-69,-4032
-1212,3628,13774,-2102,-143,-245,-4032
-2302,-1576,-592,1659,173,-318,-4032
2906,3020,5160,-1792,-266,56,-4032
-594,7928,10258,-851,1058,210,-4032
2236,-3184,-3456,1855,-410,-339,-4032
2570,4398,7562,-3640,152,-103,-4000
-1992,8470,7270,2759,906,-296,-4032
-2264,-4296,13968,-2384,-1001,-427,-4064
-2006,4490,14078,-82,-165,-170,-4032
5622,-3678,-5054,1432,661,104,-4016
-3614,-5526,13264,-2532,-725,-193,-4048
1490,4362,-1154,2249,708,-41,-4080
2264,-4614,954,-1749,-9,-71,-4048
-4184,732,17948,-237,-392,-242,-4016
1574,-11988,9308,1588,-575,-328,-4048
-712,9234,12636,291,481,-57,-4016
-2016,-2426,3784,-108,-150,-442,-4032
-676,4192,12644,-318,-616,-83,-4032
2658,2316,7266,1038,1142,402,-4032
-3870,-14904,12824,-771,-1220,-486,-4032
4818,6476,4138,1847,843,244,-4032
972,-8388,2580,-46,528,-285,-4032
-3992,5786,16920,-1698,-450,-510,-4032
310,774,2254,1942,440,-60,-4032
-2212,-3484,19302,-2236,-1243,-325,-4032
818,7410,8162,1548,1149,296,-4000
452,-3906,-2756,397,-279,-221,-4016
982,1968,11834,-1957,-536,-115,-4016
1152,-2504,3238,1364,884,22,-4016
-1938,-3500,9224,-2306,-961,-590,-4016
3888,876,1266,3010,311,-57,-4048
-1072,1606,10464,-2313,-230,-285,-4016
-2638,-694,1468,1583,62,-341,-4016
3894,1884,2874,-1818,-107,97,-4048
-1704,6162,10772,-1455,939,93,-4048
-2742,-13478,8174,1897,-345,-330,-4064
2798,9812,18162,-2608,219,95,-4032
-1712,-596,5232,3289,1022,-255,-4032
-970,-7102,9858,-3280,-1233,-523,-4000
-422,3088,4854,1231,439,-38,-4032
4184,-8578,-884,216,53,-43,-4032
-2850,2464,18188,-2054,-275,-26,-4032
334,6166,4846,2357,697,-103,-4064
1510,492,8856,-2530,-268,-118,-4032
-2860,1096,14254,418,-47,-184,-4032
232,-12516,8908,-662,-912,-513,-4032
880,10274,7520,2234,891,76,-4032
-1254,-106,8124,-1513,-417,-452,-4032
-2486,2576,12004,754,-586,-162,-4032
4200,-630,5104,442,867,394,-4032
-5412,-13726,17534,-2148,-709,-399,-4000
4630,3246,-3578,2510,888,79,-4048
1708,-2244,3162,-2774,415,-189,-4016
-2730,9558,11140,560,455,-408,-4016
1288,-3958,-512,-155,-283,-216,-4048
-2464,1126,19214,-1732,-1099,-309,-4016
3670,2176,-98,3009,1453,330,-4048
-2110,-7208,4886,-1333,-959,-278,-4048
-210,7446,9112,314,105,-62,-4032
2212,-5030,-240,939,792,27,-4016
-3570,-1102,14812,-1680,-875,-455,-4032
2740,-5746,6150,2174,-323,-225,-4032
40,9098,9990,-353,233,-130,-4032
-2630,-2390,2616,490,-146,-427,-4032
2208,5046,7380,-863,-413,-10,-4032
716,6624,6650,397,1274,359,-4032
-5442,-14386,17934,463,-1119,-429,-4000
3140,9250,16326,353,764,270,-4032
-668,-8104,4462,1016,565,-278,-4016
-3338,-1226,17146,-2353,-772,-533,-4016
1326,-2580,-724,2186,603,-15,-4016
582,-7722,9834,-2042,-1063,-302,-4048
-1492,7892,15426,482,806,212,-4048
1758,2136,-3658,1377,310,-211,-4048
216,4424,16186,-2706,-554,-187,-4048
-908,478,9148,1099,664,3,-4048
-580,-8342,6956,-2071,-941,-599,-4016
3252,-4246,4516,3043,525,1,-4064
-916,4838,12986,-2534,-435,-414,-4016
-2592,1282,6170,1656,-156,-262,-4048
4648,-1404,1894,-1304,297,241,-4016
-346,7652,8700,-2064,662,-14,-4064
2018,-3896,-3234,2353,498,-111,-4048
2520,5296,8902,-3776,168,-89,-4048
-2082,8482,6576,2932,952,-277,-4032
-2468,-3944,14954,-2616,-1091,-467,-4064
-2012,4854,13790,141,-89,-131,-4064
5948,-4636,-5196,1623,701,90,-4032
-3474,-4500,13842,-2493,-782,-190,-4032
1362,3468,-1594,2056,636,-51,-4032
2278,-3682,1230,-1467,128,-49,-4064
-4228,530,17342,-379,-465,-280,-4032
1402,-11992,9536,329,-831,-437,-4032
2600,8438,2674,1500,730,33,-4032
-1806,-2196,3948,-1113,-328,-433,-4016
-784,3984,12146,654,-582,-81,-4016
2702,1852,7288,484,954,412,-3984
-4806,-6608,15982,-1829,-846,-406,-4016
4904,5690,3556,2430,935,154,-4016
708,-7498,3620,-1879,411,-267,-4016
-1844,8658,6706,87,268,-424,-4032
1214,-7208,1410,759,5,-161,-4016
-2434,-2806,19256,-2099,-1275,-371,-4016
1644,6570,6500,2897,1510,317,-4032
-3424,-5022,12732,-970,-765,-278,-4032
-964,7134,16282,-492,-161,-112,-4032
1196,-2998,2826,1334,818,44,-4032
-2206,-3420,9918,-2307,-949,-622,-4032
3572,-280,2626,2905,317,-43,-4032
-650,2964,10220,-1895,-146,-302,-4048
-2612,-1492,1844,1339,-49,-328,-3984
3358,3148,4580,-1781,-127,91,-4048
-966,6548,8962,-822,1190,177,-4048
3472,-852,-5534,1501,-431,-315,-4048
2732,10222,18068,-2305,308,99,-4016
-1490,-2924,4738,3110,933,-280,-4000
-1420,-5680,12310,-3101,-1248,-498,-4000
-2524,4210,16446,1071,308,-44,-4032
3252,-8578,2368,490,208,-43,-4032
-2588,4562,18058,-2050,-344,-52,-4064
698,4920,2114,2141,678,-96,-4032
2426,-4474,-10,-2456,-240,-109,-4016
-2270,1116,12808,252,-57,-180,-4048
-302,-10898,8432,-868,-922,-507,-4016
2024,9964,4086,2612,934,103,-4048
-2144,-3402,2002,-1913,-503,-441,-4016
-2830,3084,10416,1018,-460,-133,-4048
4834,-2364,1984,250,878,384,-4016
-5430,-10800,18208,-2880,-653,-400,-4016
4242,1492,-6428,2710,981,78,-4000
2132,1032,3504,-3091,319,-245,-4048
-2148,10820,8828,966,561,-366,-4032
1586,-6262,-696,-527,-387,-262,-4032
-2476,3472,17724,-1670,-993,-325,-4032
5114,-936,-3970,3220,1529,321,-4032
-3270,-7092,9352,-1967,-1016,-298,-4064
-604,7286,18074,593,66,-27,-4032
2442,-5272,-108,468,629,26,-4000
-4216,44,16862,-1434,-890,-436,-4064
2320,-10348,8022,2014,-488,-242,-4032
-1066,8392,14476,210,431,-18,-4016
-2196,-3434,1696,484,-55,-393,-4016
4096,1282,1704,-1703,-393,15,-4016
1584,5536,8266,-510,1172,263,-4032
-1900,-11914,6374,1303,-811,-352,-4016
2876,9552,15894,-1210,421,128,-4016
-1664,554,5128,2622,779,-289,-4048
-3782,2378,17748,-3054,-1097,-525,-4048
-696,3284,5702,1798,613,-29,-4016
4866,-8108,-1986,-942,-433,-160,-4048
-446,8906,11940,-733,380,107,-4032
-286,6746,18232,-430,-175,-74,-4016
-3136,1512,15484,351,-4,-156,-4016
304,-12328,8846,-432,-852,-503,-4032
930,10906,6834,2548,913,75,-4016
-1350,-946,9316,-1898,-510,-459,-4048
-2494,4124,12644,1074,-450,-159,-4048
4562,-2304,3344,414,845,366,-4048
-5762,-14872,19520,-2991,-746,-428,-4016
5446,4008,-6342,3034,1151,123,-4016
1826,-3550,1642,-3251,242,-253,-4048
-3118,11276,12566,502,459,-387,-4048
-106,-8694,5952,-365,-376,-227,-4000
-2966,1324,21012,-1836,-1037,-302,-4032
3500,2460,98,3361,1513,358,-4032
-1868,-7384,4010,-1812,-1052,-273,-4000
-384,7564,9862,331,28,-48,-4032
2402,-4862,-108,687,737,12,-4032
-3692,-898,14376,-1593,-855,-486,-4000
3124,-6642,5560,3048,159,-58,-4000
-976,6174,14478,-1933,-92,-258,-4048
-2564,2240,4162,1706,175,-313,-4048
2104,3594,8714,-1926,-413,70,-4048
-174,8366,10110,-444,1195,236,-4048
1298,-6214,-1884,1835,-571,-352,-4016
2500,9572,19870,-1434,311,133,-4032
-614,-7524,4656,3277,1003,-258,-4016
-2958,-2954,15818,-3337,-1222,-555,-4016
-1812,5088,12296,377,93,-121,-4032
5872,-5446,-5736,1384,587,63,-4032
-3628,-4084,15142,-2660,-759,-170,-4032
1808,2960,-3414,2348,708,-9,-4032
2226,-3636,2086,-1848,-12,-88,-4032
-4162,1078,17758,-110,-339,-253,-4032
1352,-12886,9456,130,-824,-448,-4000
2992,8526,1928,2050,824,68,-4016
-1900,-2752,4486,-1228,-385,-452,-4016
-1114,3948,13308,625,-643,-143,-4016
3038,1974,6962,710,989,447,-4016
-4650,-6346,16510,-2150,-915,-452,-4016
4856,6198,3286,2478,972,186,-4000
968,-7558,2542,-2084,455,-259,-4048
-3826,6504,16174,-274,152,-451,-4048
1042,-7382,1600,745,10,-209,-4048
-2332,-3120,19582,-2130,-1292,-358,-4016
1040,6986,7070,2764,1430,329,-4016
458,-4316,-2448,-549,-703,-248,-4016
-744,7450,16576,-969,-284,-59,-4048
1180,-2734,2552,1281,932,60,-4016
-2274,-3602,9820,-2173,-992,-530,-4016
1496,-11350,9450,2622,-170,-136,-4064
-646,9074,13236,-1178,74,-157,-4000
-2572,-1076,1320,1147,13,-390,-4032
3764,2586,3628,-1673,-448,15,-4032
2400,3682,6878,217,1361,302,-4000
-3136,-14120,9880,1188,-893,-399,-4032
2482,10052,19180,-1019,434,168,-4032
-1670,-1728,5346,2845,858,-266,-4032
-4074,4012,18240,-3277,-1222,-624,-4032
-172,2520,4270,2002,648,23,-4064
3882,-8588,-190,-1422,-724,-237,-4016
-2662,3172,17794,-688,383,142,-4016
1096,-2554,-4376,1985,610,-97,-4016
1336,726,9258,-2997,-486,-164,-4048
-2854,1104,14060,875,435,-45,-4016
-1816,-4768,8140,-1938,-991,-587,-4032
4042,3202,534,2967,860,81,-4048
-1266,-96,9124,-2318,-501,-448,-4048
-2548,2956,11772,1378,-364,-234,-4048
4234,976,1604,-685,527,284,-4032
-2404,2434,12332,-2676,81,-213,-4032
4504,2722,-3998,2466,671,-61,-4032
1598,-1958,3376,-3590,275,-173,-4032
-1896,2400,5370,1954,774,-367,-4032
-106,-7274,7632,-1640,-760,-352,-4032
-2690,1776,19190,-745,-530,-211,-4064
4218,1540,-1430,2554,1126,215,-4000
-3224,232,17730,-2284,-964,-238,-4032
-134,7064,7568,1341,445,-12,-4032
2412,-5240,-576,-452,418,13,-4064
-3918,-770,15532,-1019,-730,-335,-4032
614,-12244,8496,1354,-589,-305,-4000
464,8920,8828,539,441,-44,-4000
-2442,-1424,2458,-236,-151,-424,-4032
1970,5038,6884,3,-447,-75,-4032
3740,-438,6442,410,1021,411,-4000
-5412,-13232,17830,-752,-1016,-436,-4048
3428,7640,14006,2014,790,173,-3984
-382,-8302,5350,-717,431,-259,-4016
-2614,8972,11220,-1069,-238,-511,-4048
1312,-3978,-234,1461,257,-101,-4048
-312,-6570,12910,-2150,-1256,-329,-4016
3518,2268,60,2332,1390,358,-4064
-1936,-6340,4652,260,-270,-205,-4016
-232,4928,17428,-1770,-469,-134,-4048
-484,-20,7858,1358,841,64,-4032
-3364,-1566,14058,-2096,-915,-542,-4000
2722,-6220,6786,2617,32,-110,-4032
-700,6968,12596,-1551,-61,-220,-4000
-2630,-8,3910,1244,-2,-376,-4032
1736,4808,8642,-1710,-256,56,-4000
770,6824,7290,-530,1251,227,-4032
84,-7472,704,1377,-599,-402,-4032
2902,7852,11992,-1978,378,107,-4032
-462,-8082,4060,2909,860,-299,-4032
-3174,-986,16816,-3207,-1215,-539,-4032
-1352,4408,9816,1837,628,13,-4048
5384,-6626,-4132,-799,-446,-143,-4016
-1300,8530,14750,-1168,220,75,-4016
1562,708,-3712,2173,629,-120,-4016
2040,-1920,4146,-2782,-405,-107,-4048
-538,116,8164,750,360,-56,-4000
-934,-6952,7230,-1423,-901,-570,-3984
3622,6114,324,2950,904,75,-4080
-1698,-1616,6844,-2483,-512,-454,-4032
-2684,434,5258,1581,-233,-221,-4064
4502,-666,1758,-542,586,360,-4016
-3622,-1504,14274,-2683,-132,-297,-4016
5020,4660,-1454,2466,784,-40,-4016
2810,7072,10342,-3602,245,-132,-4032
-1824,5794,5836,1529,685,-376,-4016
516,-7494,4382,-1201,-619,-296,-4048
-2488,-436,19682,-824,-517,-215,-4032
5710,-5572,-4548,2481,1234,227,-4064
-3578,-2718,15448,-2266,-954,-259,-4032
-706,7626,12232,1283,327,-47,-4032
2006,-4510,1144,-299,425,22,-4064
-3850,762,17002,-928,-707,-360,-4032
952,-12730,9904,1293,-694,-310,-4032
-298,10128,11260,868,579,-37,-4032
-2662,-2662,954,0,-205,-429,-4000
-1676,4450,13548,-88,-642,-52,-4016
3678,-622,5546,1308,1198,449,-4016
-5082,-16070,16952,-1246,-1306,-493,-4016
2510,9944,19726,2319,963,245,-4016
1100,-7156,2010,-487,451,-288,-4016
-3714,8474,15780,-1528,-302,-474,-4016
750,-1130,84,2004,442,-60,-4016
-2886,-1432,21130,-2445,-1391,-370,-4032
2072,5426,5082,2535,1420,378,-4032
-624,-5570,24,35,-430,-223,-4032
600,3588,14532,-1619,-493,-125,-4032
1678,-3844,2104,1318,857,54,-4000
-2656,-2096,11136,-2359,-929,-593,-4032
3842,-1540,1970,3127,277,-57,-4032
-904,2728,11978,-2544,-278,-295,-4032
-2450,-1068,24,1736,149,-293,-4032
3384,2516,3914,-2058,-309,21,-4048
-1114,8286,10258,-816,1161,176,-4048
3742,-450,-6912,1943,-380,-330,-4048
2442,10040,20540,-2459,212,86,-4080
-1484,-3112,5564,3414,989,-257,-4048
-1544,-6248,11972,-3300,-1257,-519,-4016
-2590,4366,16858,1008,265,-82,-4032
3482,-8958,1722,574,259,-34,-4032
-2582,4826,18226,-2039,-219,-10,-4048
760,5242,1620,2391,721,-95,-4048
2556,-4936,198,-2642,-268,-115,-4016
-2244,1022,12488,464,35,-158,-4048
-304,-11622,8616,-929,-980,-561,-4016
1832,10460,4840,2603,1003,126,-4016
-1216,782,10186,-2176,-562,-508,-4032
-2700,3512,10794,846,-538,-111,-4048
4860,-2448,2080,448,957,388,-4016
-5554,-11852,18288,-2965,-591,-390,-4032
4566,2358,-6442,2728,1060,71,-4032
474,-9366,2862,-1128,474,-263,-4032
-2390,10934,9916,-1162,-156,-486,-4000
1392,-5892,-644,1628,297,-85,-4032
-1330,-6224,16628,-2432,-1390,-351,-4032
-404,8668,12278,2731,1535,384,-4016
-2750,-7148,7124,-349,-630,-257,-4048
-328,6756,18328,-1270,-399,-104,-4048
248,-1118,5226,1353,944,72,-4080
-1410,-5974,7650,-2332,-1023,-560,-4048
3856,4980,662,3163,691,6,-4048
-750,6862,13694,-2503,-391,-361,-4064
-2722,708,3892,1629,-36,-302,-4032
4500,160,1412,-1638,104,177,-4032
-2964,1638,12882,-1921,720,-26,-4032
-382,-8864,2326,2114,201,-216,-4032
2732,8440,13634,-3478,202,-60,-4032
-1764,3988,5512,3092,1000,-279,-4000
32,-8232,6044,-2798,-1174,-453,-4032
-1182,4212,9126,338,-2,-106,-4032
5390,-6936,-4178,1004,409,35,-4048
-3342,-1516,16786,-2366,-584,-115,-4016
-378,7364,10656,2213,753,-24,-4016
1970,-1978,4020,-1963,-17,-67,-4016
-3730,1006,16482,-140,-255,-241,-4048
708,-13148,9804,-185,-876,-473,-4048
-120,10754,10348,1962,876,63,-4048
-1782,-2656,6264,-1142,-459,-451,-3984
-1882,4016,14140,357,-685,-125,-4048
3836,330,4958,977,1117,452,-4048
-4940,-16260,15760,-2361,-1015,-497,-4016
5298,6416,-1470,2500,1060,193,-4048
1436,-6278,834,-1841,501,-250,-4016
-3490,8582,14598,-705,15,-468,-4016
938,-8046,2700,659,-33,-152,-4032
-2678,-1488,20408,-2351,-1359,-381,-4048
2188,5466,3998,3067,1525,364,-4032
-858,-6454,636,-878,-781,-245,-4032
-798,7730,13732,-524,-187,-75,-4064
1758,-4338,1340,1165,848,52,-4032
-3122,-2002,12418,-2023,-1026,-540,-4064
3718,-2424,3102,2713,-103,-135,-4032
-554,9288,13340,-1322,-26,-182,-4032
-2676,-1560,1632,1241,34,-395,-4032
3156,3704,4796,-1420,-327,53,-4032
-548,6980,9112,172,1276,318,-4016
-4332,-14900,13726,982,-937,-426,-4048
2836,9608,18218,-455,531,218,-4016
-1288,-4748,5148,2085,723,-272,-4048
-2152,-3918,13824,-2754,-1005,-560,-4048
310,-26,1972,1989,570,-20,-4016
2460,-8470,5300,-1320,-735,-219,-4048
-2216,5504,17376,-513,430,142,-4016
-40,-4592,-1668,1764,447,-123,-4064
722,2586,13498,-3016,-564,-169,-4032
-1976,1516,11480,1028,556,-45,-4032
4,-10204,6526,-1878,-889,-573,-4032
3396,-462,3398,2741,615,10,-4032
-668,3332,10322,-2152,-340,-381,-4032
-2660,1184,7998,1393,-272,-267,-4032
4394,-1570,3998,-1114,390,250,-4064
-616,6414,8076,-2135,555,-75,-4048
2944,-816,-4778,1976,348,-192,-4048
2468,3654,5844,-3717,297,-113,-4000
-1734,9580,6586,2341,901,-330,-4032
-1724,-4978,13222,-2236,-987,-398,-4032
-2046,4016,15244,-371,-273,-192,-4032
5160,-2670,-4480,2061,975,148,-4032
-3080,-5630,11448,-2383,-845,-200,-4032
982,4822,1030,1571,487,-54,-4032
2262,-4526,366,-754,289,-22,-4032
-4246,-326,17450,-670,-632,-334,-4032
1628,-11026,9946,544,-831,-402,-4016
2078,8932,3876,1617,730,36,-4048
-2054,-2784,3392,-792,-319,-450,-4016
-150,4248,12154,349,-554,-84,-4048
2104,3720,7644,874,1095,443,-4048
-5260,-9996,17750,-1485,-1095,-440,-4048
4126,6648,8230,2376,870,225,-4048
688,-9054,3662,-1082,453,-290,-4016
-2056,10072,7978,-573,25,-469,-4032
1714,-6532,-140,1009,136,-100,-4032
-2050,-4406,18090,-2255,-1290,-356,-4032
516,8416,9112,2813,1521,356,-4032
-3346,-6650,10510,-558,-646,-282,-4032
-864,7316,17770,-1038,-312,-117,-4064
910,-2442,3866,1301,864,53,-4032
-1824,-4220,9060,-2181,-1014,-549,-4032
2160,-10144,8286,2759,-11,-70,-4064
-928,7972,13450,-1094,81,-183,-4016
-2684,-666,2590,966,29,-396,-4048
3900,2560,2824,-1326,-291,65,-4016
1844,4112,7686,-101,1220,306,-4016
-2480,-11922,8484,1090,-883,-413,-4016
2884,9448,16066,-749,528,179,-4016
412,-8656,3862,1896,664,-296,-4032
-3788,2950,17458,-2839,-1036,-555,-4016
-494,2536,5040,1875,597,-29,-4048
4302,-7900,-360,-1435,-729,-227,-4000
-128,8296,11168,-390,518,124,-4000
1132,-1896,-4052,2083,553,-143,-4016
1480,30,8518,-2864,-495,-159,-4016
-2874,1432,14746,726,299,-63,-4016
-1272,-5338,7624,-1681,-897,-566,-4032
3540,2996,1444,2746,804,88,-4048
-1022,604,8994,-2467,-415,-439,-4000
-2482,3292,10706,1541,-215,-208,-4000
3994,1394,2784,-1134,429,264,-4032
-2334,3910,11648,-2656,173,-176,-4000
4912,3176,-5956,2458,709,-87,-4032
1844,-1700,2896,-3876,157,-178,-4000
-1812,1904,5478,2254,875,-310,-4032
-376,-7614,7602,-1821,-802,-384,-4032
-2704,2086,19494,-814,-492,-217,-4064
4140,1368,-1332,2227,999,129,-4048
-3110,668,17272,-2501,-927,-249,-4016
-236,6670,8010,1598,427,-31,-4048
2384,-4854,54,-758,329,25,-4048
-3746,-912,15034,-625,-560,-300,-4016
346,-12830,9586,906,-793,-362,-4048
376,10492,8954,1132,705,28,-4016
-2428,-3358,874,-233,-250,-416,-4016
-2074,4020,12668,-9,-651,-88,-4032
4260,-810,4212,1128,1193,455,-4032
-5306,-15158,17142,-1451,-1237,-509,-4032
2928,9240,17004,2225,978,196,-4032
1482,-4450,1974,-707,521,-288,-4032
-3290,9436,13604,-1389,-270,-506,-4000
1092,-2722,-164,1712,377,-86,-4032
506,-7970,10766,-2487,-1387,-377,-4064
3220,3940,1454,2221,1376,334,-4032
-1720,-6870,2546,187,-362,-255,-4032
356,5250,16728,-1336,-392,-74,-4016
-780,80,8096,1314,905,47,-4048
-3322,-1218,13486,-2282,-985,-572,-4016
3130,-4986,4490,2986,157,-48,-4048
-846,4912,13106,-2015,-185,-245,-4016
-2338,-1986,274,1382,107,-367,-4000
2768,4368,6290,-1879,-193,86,-4016
-4054,-3428,15230,-2330,508,-132,-4016
1590,-4084,-2608,2134,433,-136,-4048
2732,6564,8660,-3668,226,-88,-4048
-1768,7536,5752,2668,923,-288,-4016
-2742,-3012,15612,-2737,-1103,-479,-4032
-1854,4440,12556,-115,-191,-193,-4048
5846,-4778,-5418,1366,698,104,-4032
-3638,-4258,14172,-2429,-740,-175,-4032
1466,3646,-2400,1928,639,-36,-4032
2260,-3784,1356,-1457,109,-77,-4064
-4142,430,17562,-249,-379,-274,-4032
1174,-12452,10128,380,-877,-424,-4000
2624,8676,2460,1786,793,85,-4000
-1958,-3772,4770,-751,-378,-454,-4032
-1016,5042,14184,149,-606,-76,-4032
3170,2700,5600,1353,1226,471,-4000
-5186,-7632,19178,-2310,-1219,-478,-4048
4718,7338,5086,2887,1119,211,-3984
968,-9118,1482,-1840,418,-266,-4016
-3992,5930,17568,-768,-34,-471,-4016
1550,-7884,-74,1331,193,-129,-4016
-2480,-3960,19848,-2468,-1410,-374,-4048
1046,8180,7970,2904,1519,372,-4016
-3264,-6100,11798,-937,-784,-284,-4032
-882,7388,17400,-1084,-327,-97,-4048
1174,-2648,3072,1070,908,64,-4000
-2390,-3268,9142,-1981,-932,-530,-4064
1662,-11626,9218,2659,-226,-149,-4032
-932,9560,14418,-1630,4,-210,-4032
-2168,-334,28,1543,165,-372,-4032
3922,1088,2050,-1945,-479,14,-4064
1836,5308,7634,-96,1330,318,-4032
-2372,-13460,7030,1473,-706,-395,-4032
2574,9710,18072,-905,428,176,-4016
-1746,-192,5678,2585,814,-269,-4016
-3860,3032,17422,-3120,-1099,-564,-4016
-686,2992,5274,2084,591,-14,-4048
4508,-8388,-590,-1180,-652,-176,-4048
-3008,2638,18196,-1236,151,56,-4032
1046,-2520,-4116,2293,674,-102,-4032
1416,416,9380,-3119,-548,-137,-4016
-3030,1500,14378,928,460,-43,-4048
328,-12248,8204,-1694,-964,-577,-4016
3816,3562,988,2743,798,29,-4016
-966,444,8160,-2254,-417,-418,-4016
-2644,2628,10980,1250,-378,-221,-4016
4112,1970,2002,-982,529,279,-4032
-1950,3794,10356,-2718,48,-272,-4048
4516,2708,-5406,2265,724,-78,-4016
1672,-668,3358,-3686,259,-139,-4032
-1886,946,5200,2224,832,-314,-4032
-564,-6990,8824,-1946,-898,-378,-4032
-2388,2036,18524,-480,-447,-170,-4032
4192,646,-1834,2367,1105,180,-4032
-3186,1002,17690,-2291,-927,-236,-4064
84,6826,6796,1419,450,0,-4064
2332,-5188,-192,-482,355,25,-4000
-3840,-844,15782,-894,-694,-349,-4064
288,-12210,8992,735,-730,-394,-4048
874,10308,7342,1284,722,20,-4016
-2398,-2686,1156,-526,-247,-437,-3984
1286,4716,9734,-28,-639,-69,-4048
4404,-1722,4156,1240,1178,459,-3984
-5612,-14592,18898,-1519,-1240,-512,-4016
3054,8976,15704,2283,949,207,-4016
1768,-3182,1978,-1355,447,-271,-4032
-3044,10474,12138,-1434,-305,-500,-4048
1660,-3976,-1314,1764,415,-55,-4016
-506,-7406,13024,-2423,-1362,-406,-4000
3726,2644,-526,2627,1463,371,-4000
-2032,-7284,4416,-248,-526,-274,-4032
-314,5992,17980,-1295,-405,-88,-4032
-258,-278,7176,1337,880,63,-4032
-3692,-1002,14860,-2152,-989,-526,-4000
2836,-7530,6616,2847,33,-74,-4000
-1094,6372,14428,-1716,-98,-208,-4064
-2690,644,4290,1321,86,-343,-4032
1794,4396,8022,-1589,-209,40,-4032
552,6704,9112,-663,1091,196,-4032
-346,-8012,2598,1653,-590,-380,-4032
2988,7766,12372,-1582,350,140,-4032
-366,-8324,5074,2829,784,-292,-4032
-3386,-912,17040,-2914,-1168,-509,-4032
-1254,4154,9496,1465,479,-6,-4032
5486,-6248,-4204,-814,-385,-174,-4016
-1436,8230,15256,-1239,164,74,-4048
1778,1168,-4158,2336,643,-85,-4016
1758,-2236,4306,-3090,-520,-137,-4016
-3868,1322,16846,731,272,-73,-4016
-472,-7644,6328,-1479,-889,-537,-4048
3192,6006,1390,2656,830,35,-4048
-1416,-1006,6564,-2086,-385,-453,-4048
-2730,568,5112,1311,-294,-225,-4032
4338,98,2342,-852,470,247,-4032
-3268,-1166,13418,-2545,171,-224,-4032
5046,4316,-1966,2337,592,-96,-4032
2932,7326,10844,-3575,254,-144,-4032
-1850,5192,5552,2178,820,-320,-4032
356,-7928,4952,-1749,-867,-358,-4032
-2550,-484,20368,-650,-446,-197,-4032
5314,-5856,-4312,2559,1151,225,-4000
-1142,-6142,1708,-1476,-910,-326,-4016
-806,7456,12664,61,-53,-52,-4080
2044,-4092,794,750,736,53,-4048
-2958,-1754,12422,-1682,-884,-466,-4048
968,-12556,9912,1925,-457,-237,-4032
-336,9960,10980,-576,287,-89,-4016
-2530,-2164,608,743,0,-407,-4048
2572,3676,6220,-1083,-563,-21,-4032
3558,1644,5412,645,1325,418,-4000
1960,-3666,-3184,1594,-547,-372,-4000
2890,9904,18686,-1991,327,123,-4032
-1034,-5846,4958,3061,922,-234,-4064
-2592,-3900,15012,-3156,-1226,-562,-4064
-1994,4674,13834,1569,509,-75,-4032
1864,-8726,6300,-286,-222,-121,-4032
-1908,6722,17146,-1668,-66,5,-4032
1306,3542,-1496,2271,679,-119,-4032
2370,-3822,1256,-2721,-328,-103,-4032
-1612,828,10570,461,119,-88,-4032
-280,-9696,7258,-1084,-910,-517,-4032
2430,8500,2872,2516,904,74,-4032
-2012,-2440,3980,-1970,-430,-432,-4000
-2654,1764,8088,1050,-477,-146,-4032
4634,-1154,2762,-150,705,346,-4032
-4698,-7548,16526,-2495,-226,-305,-3984
4604,6118,4988,2448,824,0,-4048
2380,3306,6542,-3222,309,-192,-3984
-2152,8772,7670,1276,644,-356,-4016
1114,-7074,1258,-838,-536,-290,-4016
-2148,-3682,18958,-1330,-862,-280,-4016
5348,-2588,-4050,2964,1386,285,-4048
-3414,-5936,11656,-1760,-1010,-261,-4048
-734,7020,17202,546,105,-11,-4048
2310,-4656,246,142,575,5,-4032
-4238,138,17456,-1247,-787,-408,-4032
1762,-10344,8758,1664,-541,-264,-4000
-666,8536,12702,176,404,-18,-4000
-2082,-2610,3432,143,-139,-401,-4000
138,5342,10780,-659,-457,-44,-4064
2380,4092,6102,829,1259,411,-4000
-2796,-12192,8876,-147,-1294,-507,-4032
4266,7094,9114,1225,811,257,-4032
340,-9340,3524,237,488,-272,-4048
-4030,3544,18302,-1922,-529,-559,-4048
-432,2300,4730,2138,515,-46,-4048
-1820,-5112,17382,-2307,-1296,-332,-3984
240,8198,10588,1368,1108,306,-4016
1072,-2026,-3944,840,14,-192,-4016
1458,450,8534,-2340,-552,-131,-4048
480,-1440,5148,1106,708,17,-4032
-1780,-4818,7856,-2153,-900,-594,-4032
4154,3442,86,3094,529,54,-4016
-1366,-72,8818,-2651,-391,-356,-4016
-2474,-92,2338,1818,4,-238,-4016
4154,364,2104,-1749,70,174,-4016
-2780,3320,12944,-2033,708,-62,-4048
5246,3562,-6296,2211,332,-183,-4016
2734,8930,15374,-3683,155,-82,-4016
-1818,3242,5352,3005,1005,-299,-4016
218,-8106,6418,-2732,-1094,-447,-4048
-1182,4204,8142,645,92,-89,-4032
5240,-7762,-3404,1003,396,35,-4000
-3206,-28,17418,-2345,-570,-56,-4032
-316,6884,8662,2217,699,-80,-4032
1976,-1088,5812,-1949,-18,-70,-4032
-3576,1040,15878,5,-256,-195,-4064
478,-13112,9600,-77,-911,-451,-4032
260,10396,10018,1904,806,60,-4032
-1232,-1730,6716,-1023,-376,-461,-4064
-2112,3840,13194,712,-590,-140,-4016
3904,-582,5102,604,992,397,-4016
-5338,-14934,17394,-2321,-805,-438,-4016
5060,4456,-2518,2689,984,136,-4016
1176,-4498,2738,-2287,352,-264,-4080
-2942,9034,13214,-87,202,-469,-4048
972,-2858,-102,534,-48,-141,-4016
-2744,116,19982,-2104,-1288,-366,-4016
3178,3908,1282,2943,1574,383,-4016
-1552,-6450,2494,-966,-795,-261,-4048
-640,7574,11620,-193,-71,-42,-4032
2118,-4620,456,1188,913,64,-4048
-3330,-1774,13380,-1897,-952,-482,-4032
3088,-4736,5216,2345,-316,-188,-4032
-48,9922,10268,-700,159,-132,-4032
-2578,-2160,1202,834,25,-423,-4032
2408,4170,7314,-1331,-477,-1,-4000
148,7552,8286,638,1375,357,-4032
-5102,-15698,16874,722,-1093,-452,-4032
2738,9720,18536,-693,482,193,-4048
-798,-7620,4746,2142,708,-272,-4000
-2940,-2862,16586,-2973,-1031,-557,-4032
1102,-1848,-268,2319,703,36,-4032
1220,-8378,8790,-1614,-854,-221,-4032
-1784,7814,16516,-235,595,165,-4032
1342,2406,-3036,1836,479,-168,-4032
340,4286,15714,-2978,-583,-162,-4032
-1160,634,9444,847,496,-44,-4000
-596,-8664,7084,-1887,-955,-612,-4000
3308,8108,710,3189,768,85,-4016
-1074,4252,13278,-2765,-538,-456,-4016
-2724,2452,6594,1660,-82,-245,-3984
5080,-1988,188,-1158,361,211,-4016
-4580,-5228,16776,-2763,264,-163,-4016
2348,-3242,-4146,2673,663,-101,-4048
2576,4384,7622,-3900,87,-159,-4016
-2122,8784,7684,2511,882,-292,-4016
-2158,-4448,13656,-2437,-1030,-433,-4032
-2078,4760,14102,-120,-169,-143,-4032
5802,-4004,-5424,1937,882,148,-4000
-3620,-5244,13518,-2653,-837,-202,-4032
1416,3856,-1224,2114,601,-40,-4032
2360,-4282,1328,-1409,107,-38,-4032
-4302,724,17814,-375,-482,-274,-4032
1622,-12496,9512,386,-830,-418,-4000
2622,9186,2554,1478,796,18,-4000
-1872,-2606,3298,-1030,-341,-446,-4016
-876,4136,12970,448,-615,-99,-4048
2676,2422,7488,829,990,413,-4016
-4690,-7100,16364,-2090,-919,-432,-4016
4742,6340,4108,2472,936,148,-4016
1062,-7900,2586,-1892,441,-251,-4048
-1840,9130,6792,-4,272,-418,-4032
1070,-7060,1316,856,34,-118,-4016
-2072,-3634,19160,-2084,-1244,-342,-4048
678,7332,8086,2743,1465,323,-4048
370,-4454,-2456,-466,-670,-283,-4016
-892,7666,16896,-1108,-331,-58,-4016
1206,-2618,2862,1324,831,58,-4016
-2026,-3462,9458,-2164,-944,-519,-4048
1692,-11322,9542,2540,-188,-155,-4000
-848,9456,13212,-1549,45,-225,-4016
-2592,-1104,846,1364,116,-316,-4016
3460,2198,3776,-1713,-486,20,-4032
2400,4060,6700,234,1349,342,-4032
-3210,-14334,9792,1141,-950,-453,-4000
2754,10352,19020,-1070,418,207,-4000
-1592,-1926,4866,2800,892,-225,-4032
-4212,4336,18130,-3283,-1201,-565,-4032
-100,2472,3856,2014,690,9,-4000
3816,-8760,106,-1083,-516,-221,-4032
-2738,3442,18028,-1135,224,67,-4032
1052,-2782,-4360,1954,544,-139,-4048
1302,1130,9664,-3000,-547,-107,-4016
-2638,1178,13748,922,422,-38,-4016
-12,-11964,8874,-1803,-946,-592,-4016
3994,2720,572,3071,924,99,-4048
-1348,-32,9640,-2388,-507,-442,-4016
-2792,3004,12092,904,-579,-187,-4032
4582,-1310,3490,404,885,416,-4032
-5386,-13500,17958,-2637,-716,-389,-4032
4766,3014,-4904,2707,978,121,-4032
1920,-1754,2672,-2705,410,-244,-4064
-2884,10410,10946,316,368,-398,-4000
1522,-4540,-754,152,-164,-204,-4000
-2564,1758,19382,-2000,-1178,-312,-4032
4238,1560,-1214,3086,1494,366,-4000
-2448,-7312,5768,10,-458,-223,-4016
-236,6204,18286,-1501,-433,-76,-4016
-14,-740,6182,1399,973,83,-4016
-1132,-6532,7232,-2382,-974,-541,-4048
2642,-6880,6524,2926,202,-67,-4048
-722,6310,13078,-1777,-165,-289,-4016
-2858,166,4920,1225,-89,-340,-4048
4356,1034,2132,-1478,-95,107,-4016
764,6018,7954,-1031,1066,147,-4048
-238,-7238,2486,1552,-425,-343,-4016
3084,8134,11524,-2136,402,108,-4016
-556,-8152,5000,2677,822,-316,-4032
-3556,-450,17216,-3052,-1203,-495,-4016
-1110,3850,9550,1488,492,-28,-4032
5308,-6272,-3742,-301,-213,-114,-4032
-1314,7852,15038,-1539,-72,6,-4000
1824,1786,-4016,2207,760,-85,-4032
1932,-2498,3652,-2650,-340,-113,-4032
-3876,898,16850,370,96,-132,-4032
-698,-7798,6450,-957,-854,-518,-4000
3270,6664,1160,2512,817,33,-4032
-1530,-1658,6262,-1988,-448,-451,-4064
-1614,4476,12392,1394,-368,-172,-4016
4474,-1390,2350,-369,619,322,-4016
-4140,-3376,16272,-2683,-292,-313,-4016
5194,5350,-156,2786,953,8,-4048
1150,-6706,2200,-3496,248,-217,-4048
-2058,7650,6444,1269,652,-371,-4016
1018,-7922,2286,-783,-495,-265,-4016
-2830,-1182,20260,-1513,-903,-291,-4016
5622,-5282,-4546,2868,1260,258,-4064
-3258,-3806,14652,-1851,-976,-243,-4016
-1054,7150,14632,972,257,-40,-4032
1626,-3606,1650,69,565,59,-4032
-4190,308,17262,-1137,-784,-414,-4032
1018,-12294,10134,1553,-638,-303,-4032
-446,9768,12276,213,478,-35,-4032
-2384,-1640,486,247,-100,-422,-4032
-1004,4342,12958,-724,-541,-35,-4032
2962,2028,6440,890,1253,421,-4000
-4158,-14490,13130,-55,-1190,-494,-4032
2708,9746,18516,1060,756,257,-4032
752,-7676,3028,390,579,-285,-4048
-3684,5876,16406,-2295,-742,-530,-4000
46,228,2404,2205,540,-44,-4032
2524,-8438,4702,-2088,-1206,-327,-4032
1628,6804,6382,932,1041,287,-4064
-272,-4462,-1458,1124,144,-211,-4064
1018,2690,12830,-2640,-546,-149,-4032
-1984,1078,11406,1331,805,23,-4048
-2240,-3126,10136,-2376,-975,-622,-4048
3672,132,2062,2896,461,-13,-4048
-772,3094,9772,-2196,-278,-317,-4016
-2596,1428,8162,1345,-117,-302,-4048
3404,3576,4124,-1604,55,139,-3984
-862,5654,8344,-1542,872,30,-4016
3394,-794,-4588,1677,35,-247,-4048
3070,10266,16596,-2685,349,66,-4000
-1528,-2760,4452,2844,871,-281,-4032
-1484,-5052,11996,-3057,-1169,-530,-4032
-2270,3858,15786,1053,280,-63,-4032
3288,-8366,2592,457,197,-7,-4032
-2482,4320,17666,-1937,-310,-42,-4000
534,4976,2296,2120,696,-112,-4032
2354,-4678,440,-2073,-129,-109,-4064
-2342,1142,12928,51,-208,-216,-4032
-136,-10814,8202,-380,-869,-490,-4032
1986,9630,4336,2450,850,72,-4048
-2366,-2950,2668,-1844,-442,-458,-4016
-2812,2756,10032,1132,-451,-158,-3984
4786,-2936,2784,190,821,382,-4048
-5646,-11068,19610,-2731,-665,-389,-4016
4434,1274,-7034,2834,1016,38,-4000
1990,654,3794,-3115,285,-272,-4048
-2304,10954,9406,512,396,-410,-4016
1696,-6294,-1056,26,-211,-221,-4016
-2678,3540,18148,-1713,-1001,-296,-4064
5176,-860,-3758,3203,1500,327,-4032
-3054,-6752,9086,-1878,-969,-278,-4032
-750,6996,17828,541,59,-40,-4064
2454,-4878,22,451,627,52,-4032
-4094,-124,16364,-1391,-849,-440,-4032
2302,-10450,8182,2103,-429,-227,-4048
-1010,8956,14672,-659,323,-71,-4048
-2294,-3734,1236,731,-3,-421,-4000
434,4942,12194,-1287,-632,-40,-4032
1586,5808,7696,1057,1412,443,-4064
-1658,-11778,5396,184,-1239,-462,-4032
3474,8262,13004,550,637,257,-4064
384,-9408,3556,1521,664,-298,-4032
-3630,2156,17574,-2647,-837,-576,-4032
-808,3452,5892,2248,636,-18,-4000
5008,-8262,-2050,-928,-400,-178,-4016
-3518,1012,18598,-1219,184,65,-4048
1350,-1636,-5112,2317,620,-113,-4048
1606,-272,7686,-3070,-496,-111,-4048
-3182,1594,15170,803,295,-92,-4016
-1308,-5872,7880,-1783,-996,-576,-4064
3760,4152,900,2950,916,44,-4048
-1250,-888,8630,-2240,-494,-452,-4048
-2630,3822,12672,1505,-304,-194,-4032
4484,-1652,3720,622,941,399,-4032
-5634,-14324,18680,-2587,-861,-445,-4000
5046,3580,-5286,2872,1058,160,-4032
1818,-2816,2336,-2671,364,-260,-4064
-2922,10664,11756,101,287,-391,-4032
1476,-4128,-1342,413,-104,-191,-4064
-2490,1396,20122,-1923,-1086,-315,-4048
3648,2386,-308,3184,1563,352,-4048
-2032,-7216,4400,-1436,-932,-274,-4080
-134,5678,18012,-60,-82,-65,-4016
2464,-4936,-192,898,744,47,-4016
-3644,-1062,14486,-1778,-914,-503,-4016
2886,-7020,6210,2345,-340,-171,-4016
174,11004,9360,-413,353,-88,-4000
-2428,-2900,208,1140,67,-404,-4048
1810,3936,8994,-1629,-602,-46,-4048
256,8284,9238,1021,1376,410,-4000
-5370,-16228,17154,517,-1192,-459,-4032
2680,9704,18804,-446,468,206,-4016
-344,-8174,3956,2466,854,-234,-4048
-3194,-2124,16618,-3165,-1077,-586,-4048
-1636,5138,11242,1702,591,-28,-4016
5826,-6220,-5422,-536,-283,-131,-4080
-1720,8512,16386,-2001,-207,-42,-4032
1726,1848,-3894,2456,686,-89,-4032
2184,-2944,3116,-2733,-286,-86,-4032
-4132,856,17316,502,30,-125,-4032
-636,-8400,7040,-976,-918,-528,-4032
3190,8188,974,2791,1018,99,-4048
-1908,-2668,4734,-2107,-521,-456,-4048
-1424,4012,13672,1077,-485,-164,-4048
4842,-1420,1142,80,750,364,-4016
-4206,-4928,15978,-2763,-495,-335,-4016
4864,6006,2002,2708,933,26,-4048
1162,-6880,2166,-3138,362,-226,-4016
-2052,8006,6858,920,551,-394,-4016
810,-7536,2450,-437,-396,-293,-4048
-2248,-2346,19692,-1636,-1004,-317,-4016
1496,6646,5640,3065,1445,312,-4048
-3492,-5120,13492,-1628,-1030,-298,-4016
-784,7766,15766,237,39,-36,-3984
1482,-3296,1706,697,762,52,-4016
-4380,578,17948,-1491,-867,-429,-4032
1484,-11764,9270,2177,-353,-230,-4016
-712,8990,12738,-224,322,-69,-4032
-2610,-1268,1528,422,-84,-390,-4000
-432,4622,11768,-899,-490,-17,-4032
2768,3166,6360,687,1286,402,-4032
-3716,-13970,11640,233,-1176,-467,-4000
2726,10236,18198,744,716,223,-4000
638,-8786,3164,1326,638,-266,-4032
-4132,5200,17514,-2504,-854,-543,-4000
88,1236,2818,2232,621,-8,-4000
3230,-8514,2218,-1966,-1040,-290,-4000
650,7866,8564,275,744,187,-4064
880,-3164,-3600,1759,500,-148,-3984
1048,1506,10748,-2947,-542,-181,-4016
-2510,1268,13238,1007,532,-9,-4016
102,-11670,8346,-1810,-951,-596,-4016
3880,1710,1464,2981,744,57,-3984
-1202,780,10046,-2324,-505,-439,-4016
-2492,2808,10664,1512,-299,-220,-4048
3896,1074,2932,-880,361,284,-4032
-2078,3600,12132,-2630,43,-189,-4048
4194,1532,-4538,2585,729,-49,-4016
1966,-1104,4172,-3677,201,-84,-4032
-1656,982,5016,2400,861,-317,-4000
-544,-7254,8702,-1919,-895,-378,-4064
-2774,2378,19002,-484,-418,-209,-4032
4672,406,-2058,2385,988,165,-4000
-2946,1338,18006,-2341,-901,-274,-4032
96,6624,6240,1612,514,-37,-4032
2362,-4918,-504,-796,333,-43,-4000
-4062,-250,15836,-824,-614,-339,-4032
404,-12206,8758,614,-774,-422,-4048
886,9632,7724,1100,623,24,-4048
-2260,-1800,1374,-659,-216,-438,-4048
1544,4642,7818,144,-541,-55,-4048
4102,-260,5156,510,1041,434,-4048
-5438,-12838,17324,-1079,-980,-412,-4016
3630,7664,13310,2090,838,180,-4016
1558,-2060,3998,-1366,436,-259,-4000
-2544,9264,10934,-999,-170,-471,-4048
1218,-4328,-108,1009,111,-147,-4032
-680,-6536,14004,-2114,-1280,-367,-4032
3948,1884,-832,2450,1400,334,-4032
-2284,-6622,5370,-250,-517,-232,-4000
-452,5462,17814,-1323,-367,-121,-4064
-124,-298,6798,1339,909,66,-4032
-3534,-1214,14934,-2223,-1007,-570,-4064
648,8636,8554,662,427,-63,-4032
-2712,-2362,2916,198,-182,-419,-4032
3942,656,4020,-1479,105,172,-4032
-2932,340,12636,-1727,811,21,-4032
-518,-7548,2270,1745,147,-221,-4000
3108,8674,11624,-3252,270,7,-4000
-1752,3970,4784,2779,928,-332,-4032
246,-7288,5996,-2756,-1142,-446,-4000
-996,3534,8910,852,212,-99,-4016
4998,-7084,-2722,846,321,9,-4016
-3286,-950,17036,-2050,-452,-88,-4016
-668,6622,10252,2067,662,-89,-4016
1900,-1518,4658,-1923,-63,-79,-4016
-3528,842,15970,-132,-276,-222,-4048
666,-12132,9820,-294,-861,-465,-4048
3750,5646,324,2428,940,96,-4000
-1600,-1148,7532,-1499,-427,-478,-4048
-2076,3554,12976,1055,-475,-135,-4032
3834,-684,5612,235,802,362,-4032
-5324,-14932,17452,-1195,-1166,-478,-4000
2930,8774,17174,2158,837,219,-4032
1472,-4534,2234,-613,501,-271,-4000
-3104,9062,13206,-1335,-308,-490,-4032
1178,-2844,-250,1316,214,-74,-4048
384,-7932,10992,-2331,-1316,-372,-4048
3142,3994,1384,2568,1504,361,-4048
-1824,-6920,2866,-259,-537,-257,-4016
320,5338,16762,-1302,-398,-77,-4016
-688,194,8028,1216,685,4,-4048
-742,-7586,7006,-2251,-999,-601,-4048
3388,6268,892,3132,631,33,-4048
-1604,-1900,6514,-2011,-465,-433,-4032
-2024,3566,13606,1267,-434,-186,-4000
4406,-682,1614,-199,656,305,-4032
-3570,-1246,13750,-2729,-322,-340,-4032
5270,4662,-2288,2516,912,21,-4032
-760,-7798,5150,2932,888,-274,-4032
-3018,-1808,16378,-2861,-1166,-478,-4032
-1412,4294,10656,224,22,-126,-4016
5586,-5622,-5016,1511,725,115,-4048
-3600,-3240,15574,-2484,-770,-151,-4016
-846,7520,13312,2057,601,-51,-4048
1984,-3062,2986,-1414,56,-37,-4016
-3886,780,17416,-296,-416,-264,-4016
1044,-12506,10074,258,-809,-443,-4016
3170,7430,1572,2145,886,67,-4000
-1894,-3108,6012,-947,-346,-441,-4016
-1578,4998,14102,542,-571,-137,-4032
3734,1110,4584,982,1054,404,-4032
-4488,-4040,17624,-2470,-1079,-463,-4032
5156,6424,680,2896,1098,215,-4032
1360,-7726,1206,-2090,386,-256,-4032
-3866,8024,16250,-475,86,-415,-4000
1106,-8436,1814,1080,121,-146,-4064
-2676,-2072,20686,-2425,-1354,-350,-4032
1902,6714,5306,2929,1602,362,-4032
-362,-5766,-1222,-1128,-853,-266,-4016
-880,7814,15258,-513,-211,-70,-4016
1686,-3344,1550,992,823,51,-4016
-2702,-2206,10430,-1901,-890,-526,-4048
3778,-2458,2348,2558,-263,-163,-4048
-802,10714,13304,-1386,92,-195,-4016
-2196,-1858,-812,1572,150,-358,-4048
3338,1912,4832,-1953,-578,6,-4016
2908,3060,5948,674,1397,370,-4032
-3454,-15132,10332,896,-1010,-439,-4032
2492,10390,19688,-603,496,209,-4064
-1322,-2988,4916,2529,822,-228,-4032
-3952,5488,17640,-3234,-1047,-570,-4032
-234,1872,3032,2215,685,27,-4000
3654,-8812,1400,-1408,-701,-211,-4032
-2776,4428,18320,-759,378,117,-4032
760,-4030,-3884,2114,552,-144,-4032
1170,1952,11378,-3089,-538,-158,-4000
-4260,486,17270,-1575,-868,-495,-4048
2128,-10970,8202,2698,-118,-141,-4016
-1092,8796,14322,-1419,24,-159,-4016
-2558,-296,1680,1372,107,-374,-4048
4102,1476,2304,-1728,-460,15,-4048
1776,5000,7526,181,1296,290,-4016
-2154,-12546,7042,1106,-856,-440,-4048
2684,9684,17062,-1043,457,144,-4016
324,-9246,2620,2231,815,-282,-4032
-3910,2896,17650,-3142,-1035,-579,-4032
-588,3130,5592,2094,633,-20,-4032
4718,-8356,-1704,-1348,-696,-242,-4032
-424,8896,11858,-691,356,118,-4000
1718,-1016,-5288,2029,628,-87,-4000
1512,-460,7298,-3041,-523,-130,-4032
-3264,1444,15276,873,420,-33,-4000
-1536,-5908,7508,-1681,-911,-564,-4000
3876,4472,642,3159,789,77,-4048
-1422,-1248,8944,-2609,-537,-423,-3984
-2548,3990,13048,1716,-221,-219,-4048
4366,-306,1198,-1011,423,251,-4016
-3072,2100,13706,-2944,107,-265,-4016
5486,4860,-5758,2706,878,-41,-4016
2694,8388,14688,-4138,115,-165,-4064
-1914,4588,6134,2248,899,-326,-4016
242,-8666,5346,-1670,-835,-357,-4016
-2812,368,20796,-597,-378,-186,-4032
5594,-6876,-5122,2469,1067,193,-4032
-3300,-1438,16302,-2560,-963,-211,-4000
-534,7502,10758,1633,496,16,-4032
2104,-4606,248,-686,382,-24,-4032
-3866,672,16960,-677,-603,-319,-4064
662,-13270,10472,1042,-787,-339,-4032
-128,10736,11158,972,642,10,-4064
-2370,-2016,-48,-18,-216,-455,-4032
-2090,3894,14414,-151,-695,-83,-4048
3658,788,5758,1300,1225,465,-4016
-5020,-15752,15606,-1294,-1227,-486,-4048
2822,9766,18708,221,612,219,-4048
-846,-6544,5046,1697,685,-257,-4016
-2738,-2920,15262,-2918,-1019,-609,-4032
792,-1314,698,2084,610,8,-4032
1410,-8230,7830,-1511,-789,-228,-4032
-1700,7458,15940,79,753,201,-4048
1560,2896,-2956,1638,382,-170,-4048
360,4256,15440,-3025,-575,-155,-4048
-1240,708,9320,1278,657,3,-4048
-352,-9918,6966,-2061,-1021,-593,-3984
3540,-2204,3398,3061,662,13,-4000
-774,3660,11072,-2074,-368,-380,-4016
-2888,478,8030,1382,-345,-264,-4048
4334,-1132,4344,-1141,258,241,-4032
-82,5968,7644,-1937,601,-39,-4032
1918,-3008,-2282,1957,261,-216,-4064
2536,5042,7694,-3353,337,-83,-4032
-1940,7804,6228,2568,889,-319,-4032
-2420,-3460,14560,-2508,-1066,-445,-4032
-1690,3996,13388,83,-104,-149,-4000
5554,-3762,-4518,1691,776,90,-4032
-3278,-4682,13124,-2315,-742,-153,-4032
1304,4000,-600,2015,710,-42,-3984
2072,-4104,1034,-1558,22,-25,-4048
-4044,280,17358,-397,-394,-223,-4048
1388,-11202,9710,128,-794,-444,-4016
2488,8232,2446,1714,750,17,-4016
-1882,-1724,4240,-1209,-315,-450,-4048
-554,4444,11582,586,-516,-109,-4016
4544,-1560,3102,359,894,381,-4032
-4860,-7196,17264,-1952,-943,-453,-3984
4704,6344,4564,2566,961,157,-4048
898,-8218,3044,-2326,366,-259,-4032
-2076,9214,7438,13,213,-461,-4000
1414,-7244,870,480,-104,-155,-4032
-2350,-3268,19320,-2037,-1182,-322,-4000
-2312,5480,17418,-1953,-212,-71,-4032
-1022,7422,16448,1548,435,-17,-4048
2226,-4180,850,-214,462,6,-4032
-4078,382,17006,-1095,-780,-368,-4032
1768,-11342,9046,1233,-663,-306,-4032
-814,9088,12972,550,585,-51,-4032
-2020,-2394,2902,-64,-104,-442,-4032
-444,4136,11844,-421,-564,-50,-4032
2384,3198,7226,700,1162,425,-4064
-3338,-13548,10598,-930,-1114,-491,-4016
4510,6774,6198,1697,805,199,-4048
802,-7818,3172,-263,570,-249,-4048
-3816,4724,16430,-1490,-359,-507,-4048
16,1208,3256,1668,399,-58,-4016
-1886,-4004,17850,-2252,-1248,-316,-4048
764,7672,8300,1732,1271,311,-4048
456,-3656,-2866,580,-196,-242,-4048
-852,7254,17288,-1716,-496,-112,-4032
896,-2382,3652,1405,874,59,-4032
-1692,-4078,8966,-2252,-970,-574,-4032
3638,674,2122,2829,190,-96,-4000
-684,8504,12890,-1706,-113,-270,-4064
-2798,-1380,2418,1280,-12,-318,-4000
3444,2980,4124,-1670,-180,99,-4032
-1282,5586,9372,-726,1116,200,-4032
-3046,-13042,10178,1534,-565,-344,-4032
2828,9862,17488,-1505,429,128,-4016
-1568,-1848,4936,2850,859,-245,-4016
-1306,-6030,11238,-3082,-1180,-541,-3984
-342,2130,4356,1694,549,-2,-4016
3976,-8216,308,-550,-257,-133,-4016
-2628,2996,17542,-1443,-3,25,-4016
1016,-2250,-3710,2004,619,-139,-4032
1396,542,8860,-2647,-358,-126,-4016
-2660,962,13994,413,78,-120,-4016
-72,-11864,9138,-1088,-881,-561,-4016
3888,2814,-18,2832,922,101,-4000
-2454,-100,1662,1274,63,-363,-4064
4130,646,2024,-1953,-415,28,-4016
-2664,3736,12688,-2989,-387,-334,-4032
5114,3110,-6046,2881,1010,53,-4000
1794,-2442,2822,-3535,237,-224,-4032
-2902,10722,11952,-739,-40,-466,-4032
1406,-4540,-1068,1328,244,-95,-4000
-742,-6984,14202,-2432,-1420,-369,-4032
4210,1648,-1070,2807,1524,373,-4032
-2408,-6896,5780,-522,-632,-273,-4000
44,6238,17398,-713,-248,-82,-4016
38,-714,6212,1132,888,49,-4048
-3838,-480,14944,-2079,-929,-546,-4048
2858,-7452,5714,2731,-90,-122,-4016
-944,6322,14216,-2559,-410,-353,-4016
-2728,552,4588,1696,-32,-262,-4016
4592,-632,1420,-1788,-42,151,-4032
494,7452,7936,-1582,904,55,-4032
540,-6426,-44,1869,-35,-279,-4032
2852,7658,10850,-2960,252,24,-4032
-1790,5656,5418,2982,965,-294,-4032
-3130,-1516,16694,-2900,-1144,-499,-4032
-1752,4284,10650,711,184,-96,-4032
5784,-5880,-4878,796,379,17,-4032
-3436,-2722,15668,-2087,-344,-88,-4016
1800,2192,-3762,2221,708,-60,-4016
2226,-2722,2968,-2338,-167,-39,-4048
-4062,990,17232,224,-89,-185,-4048
1040,-12656,9498,-427,-875,-500,-4048
2920,7468,2224,2200,816,70,-4016
-1654,-2522,5530,-1475,-406,-436,-4048
-1332,4552,12874,836,-532,-110,-4016
3544,1018,5546,1154,1213,448,-4016
-4736,-15394,15116,-941,-1295,-491,-4048
5148,5600,1320,2399,974,266,-4000
914,-7362,2580,-218,514,-301,-4048
1044,-8210,2134,-1918,-884,-341,-4032
-2724,-2030,20806,-2460,-1395,-371,-4016
1638,6594,5398,2159,1348,367,-4000
28,-5134,-1668,175,-334,-218,-4032
690,3240,13870,-1791,-434,-135,-4000
1598,-3278,1810,1302,895,51,-4032
-2778,-2650,10354,-2293,-983,-567,-4000
3832,-1502,2264,3068,135,-64,-4048
-1040,2178,12604,-2214,-259,-265,-4016
-2318,-1190,34,1806,140,-312,-4048
3500,1616,4046,-1877,-299,73,-4016
-1486,7188,11532,-918,1102,178,-4016
-3326,-14892,9722,1710,-536,-361,-4000
2472,10044,19530,-2628,214,55,-4016
-1498,-2294,5406,3305,981,-274,-4048
-1478,-6510,11420,-3299,-1265,-575,-4032
-216,2020,3712,1591,474,-29,-4032
3666,-8960,1404,-280,-203,-114,-4064
-2778,4216,18482,-1696,-67,13,-4032
798,5526,2096,2440,765,-96,-4032
1212,1922,11190,-2883,-345,-122,-4000
-2640,1300,13064,544,130,-106,-4032
120,-11654,8058,-1199,-930,-511,-4032
1636,10142,5208,2600,917,88,-4032
-1084,798,9870,-2119,-507,-476,-3984
-2844,2552,10830,1144,-448,-181,-4016
4700,-1632,3232,-263,748,380,-4016
-5432,-11046,17532,-2759,-221,-316,-4016
3928,1422,-4742,2491,832,-27,-4016
2018,768,4062,-3338,321,-215,-4048
-2224,9860,8990,1328,646,-387,-4048
-968,-6210,10346,-1465,-720,-340,-4000
-2280,2778,17318,-1243,-794,-264,-3984
4692,-338,-2988,2877,1337,299,-4016
-2900,-6786,8638,-2178,-993,-282,-4032
460,6280,4490,1143,327,-23,-4032
2394,-5434,-58,-105,524,19,-4032
-1372,-5068,7828,-1838,-929,-572,-4032
1226,9708,6374,2329,801,81,-4032
-1104,454,9340,-1605,-395,-425,-4000
-2630,2742,11182,1015,-473,-127,-4032
4408,-1980,4236,213,761,398,-4000
-5570,-12618,19182,-2561,-575,-397,-4032
4450,2144,-5680,2800,964,69,-4064
1900,-674,3552,-3023,336,-257,-4032
-2490,10494,10220,612,445,-365,-4032
1588,-5284,-1016,-144,-309,-221,-4032
-2466,2574,18750,-1828,-1044,-292,-4032
4444,410,-2278,3061,1432,285,-4048
-2682,-6934,7412,-1792,-934,-252,-4016
-612,6244,18256,493,72,-35,-4048
2308,-4976,-106,475,663,58,-4016
-3888,-544,15684,-1394,-876,-446,-4016
2472,-9116,7652,1808,-543,-288,-4016
1044,10650,6894,277,502,-27,-4032
-2338,-2784,636,559,-1,-434,-4016
1144,4662,10138,-803,-605,-12,-4032
1052,6470,8552,1088,1295,421,-4032
-5430,-14026,17948,-133,-1235,-464,-4032
3304,8360,14550,1089,707,250,-4032
-14,-9038,3998,1014,621,-260,-4032
-3582,274,17664,-2318,-717,-539,-4032
1538,-4202,-662,2228,567,-44,-4032
-646,-6996,14106,-2078,-1135,-328,-4000
-802,8930,13646,876,1023,268,-4032
1498,-414,-4508,1250,84,-178,-4064
-332,6284,17964,-2449,-558,-139,-4048
-14,-538,6056,1383,819,20,-4048
-1000,-6536,6978,-2418,-1015,-585,-4048
3610,4994,714,2992,489,15,-4016
-882,6792,12950,-2302,-297,-336,-3984
-2624,380,4120,1461,-35,-289,-4016
4286,584,2158,-1568,59,147,-4016
882,6282,7922,-1271,973,100,-4000
3458,8922,14876,2253,863,212,-4032
-326,-7836,4022,1128,596,-269,-4032
-3354,16,16560,-2653,-873,-549,-4048
-1170,4068,8596,2021,590,-21,-4048
64,-7098,11740,-1644,-786,-221,-4048
-1324,7888,14470,-187,548,146,-4016
1864,1194,-3894,1768,453,-135,-4048
156,5068,16714,-2817,-604,-149,-4064
-498,216,7914,1152,614,-8,-4032
-718,-7868,6764,-1990,-917,-576,-4032
3076,6758,1564,3078,661,44,-4032
-928,5310,13138,-2360,-387,-384,-4064
-2826,522,5980,1639,-179,-270,-4032
4480,-1212,2718,-1233,267,203,-4064
-4056,-2828,15654,-2390,421,-123,-4032
1280,-5276,-2086,2377,511,-117,-4032
2688,6656,10126,-3911,148,-102,-4000
-1894,7396,5854,2950,1015,-292,-4048
1008,-8068,2536,-2601,-1076,-459,-4016
-1750,4704,12722,66,-103,-127,-4016
5544,-5392,-4870,1818,745,143,-4048
-3410,-3724,14692,-1952,-1012,-278,-4048
-942,7390,14322,638,116,-45,-4048
1836,-3850,1416,-25,529,41,-4032
-3962,592,17122,-1121,-751,-373,-4064
1104,-12432,9722,1522,-604,-310,-4000
-610,10086,12452,313,492,-40,-4064
-2476,-1978,598,339,-123,-410,-4000
-1010,4346,13340,-761,-621,-39,-4032
3010,1910,6642,1049,1289,419,-4064
-4226,-15144,13054,-15,-1254,-488,-4032
2606,9814,19342,1005,702,236,-4032
864,-8168,2354,560,617,-254,-4048
-3854,6014,16752,-2199,-622,-542,-4048
192,1084,2172,2162,585,-56,-4048
3068,-8820,3110,-2331,-1266,-364,-4016
1262,7798,7380,1129,1108,271,-4016
962,4974,532,1735,509,-41,-4032
2510,-4632,112,-66,520,-5,-4064
-4234,634,17268,-1484,-796,-426,-4016
1912,-10754,8478,1923,-438,-263,-3984
-758,8638,13174,-166,320,-102,-4016
-2666,-888,2098,449,-62,-423,-4016
68,4730,11250,-813,-466,-1,-4048
2148,3474,7232,700,1210,401,-4048
-2890,-12760,9916,214,-1184,-475,-3984
4478,7052,7882,1233,804,287,-4032
446,-8766,3124,712,578,-277,-4032
-3954,3998,17528,-2265,-673,-541,-4032
-348,2338,4394,2123,548,-31,-4032
-1614,-5220,17418,-2047,-1126,-299,-4000
-22,8208,10822,819,895,250,-4000
1196,-2228,-3958,1303,167,-177,-4000
1394,508,8906,-2571,-552,-153,-4064
556,-1392,5040,1143,705,11,-4032
-1740,-4918,7898,-2224,-951,-618,-4048
4016,2730,830,3034,463,-11,-4016
-1204,166,9610,-2583,-332,-377,-4016
-2344,-258,1598,1757,3,-276,-4016
4122,626,2392,-1846,-34,181,-4016
-2632,3996,12648,-1765,775,15,-4048
-1292,-11096,4206,2000,-27,-259,-4032
2636,9266,16162,-3566,168,-62,-4016
-1762,2278,5428,3135,1053,-290,-4048
-160,-7954,7278,-2844,-1125,-473,-4016
-956,4074,7576,723,173,-68,-4032
5092,-7934,-3146,909,346,15,-4032
-3174,480,17378,-2312,-538,-108,-4032
-236,6640,8256,2242,688,-103,-4032
1950,-884,6124,-1937,-34,-79,-4032
-3530,766,15846,57,-234,-189,-4064
328,-12774,10132,-272,-919,-498,-4000
552,11092,8678,2170,899,52,-4032
-1464,-1840,8062,-1283,-450,-485,-4032
4506,-908,1268,-1897,-227,104,-4016
-5580,-14746,17206,-2573,-898,-435,-4016
4870,4138,-2564,2733,1008,199,-4000
1324,-4658,2660,-1913,396,-293,-4032
-2840,9534,13420,-426,66,-500,-4032
956,-3048,-266,937,106,-123,-4032
-2958,630,20374,-2155,-1266,-350,-4048
3558,3786,434,3031,1582,348,-4048
-1690,-6598,2702,-1156,-816,-294,-4048
164,5462,16892,-441,-130,-85,-4048
2226,-4848,-100,1069,858,71,-4016
-3536,-1218,13856,-2023,-975,-538,-4016
3108,-5314,5228,2536,-210,-142,-4048
36,9990,10158,-786,150,-149,-4032
-2276,-1934,750,993,39,-390,-4016
2470,4372,6410,-1296,-393,8,-4000
186,7134,8142,465,1351,360,-4032
-5052,-14960,16420,627,-1076,-451,-4032
2826,9348,17704,5,619,217,-4032
-794,-7640,5110,1894,628,-296,-4032
-2884,-2248,16490,-2751,-928,-546,-4032
894,-2020,-188,2190,604,10,-4000
1130,-7782,9108,-1702,-846,-256,-4032
-1680,7734,15880,365,811,210,-4016
1552,2410,-3118,1475,299,-206,-4016
308,4150,16050,-2745,-550,-139,-4016
-1146,586,9676,1135,603,2,-4048
-710,-8526,7252,-1970,-952,-573,-4016
3104,7486,1374,3079,640,42,-4016
-840,4748,13002,-2645,-451,-402,-4016
-2456,2074,5934,1697,-97,-248,-4016
4804,-1854,1046,-30,781,362,-4048
-4596,-4002,16924,-3033,-484,-341,-4048
4924,6452,1024,2940,988,43,-4048
2586,5088,9062,-3697,192,-218,-4032
-1982,8270,7424,1122,546,-371,-4048
-2038,4810,13642,943,294,-57,-4032
1918,6670,4792,2979,1557,413,-4032
-620,-6124,-954,-838,-740,-297,-4000
-966,7886,14960,-808,-255,-98,-4032
1860,-3758,1374,1290,895,63,-4048
-2806,-2126,11260,-2169,-952,-568,-4080
3606,-3022,3168,2651,-187,-117,-4032
-706,9976,12494,-1414,25,-194,-4000
-2326,-1362,22,1281,104,-366,-4000
3092,3516,4448,-1567,-354,28,-4032
-518,7414,9510,-205,1198,296,-4032
-4278,-15140,13186,1379,-760,-376,-4032
2724,9386,18848,-1063,401,171,-4000
-1256,-4762,5600,2530,765,-273,-4032
-2158,-4310,13890,-2887,-1055,-554,-4000
386,394,1870,1948,596,3,-4048
2648,-8342,4814,-1244,-616,-222,-4048
-2682,5604,17786,-736,412,104,-4016
1412,4604,-480,2180,493,-120,-4016
848,2814,13446,-3075,-550,-187,-4048
-1824,1364,11372,879,438,-37,-4016
-22,-10272,6794,-1775,-924,-551,-4048
3712,-918,2570,2982,739,55,-4032
-1130,3090,11108,-2396,-476,-462,-4048
-2686,2032,8272,1537,-186,-212,-4032
4712,-2254,2680,-1215,339,250,-4032
-774,7412,8846,-2564,342,-141,-4032
3186,-744,-5910,2312,586,-121,-4032
2376,3262,5578,-3867,145,-150,-4032
-2008,9880,7458,2512,924,-327,-4000
-1962,-5268,12772,-2140,-960,-393,-4000
-1910,3746,16064,-402,-324,-159,-4064
4852,-2508,-3676,2424,1054,119,-4032
-3214,-6174,11336,-2388,-997,-258,-4032
882,5206,1808,1867,577,6,-4080
2370,-4856,332,-1065,165,-47,-4016
-4124,48,17186,-497,-548,-289,-4016
3768,954,1320,3172,640,35,-4048
-1226,914,10810,-1923,-495,-450,-4032
-2952,2372,11186,1111,-503,-129,-4064
4702,-1588,3238,200,789,402,-4000
-5264,-11946,18244,-2792,-521,-367,-4032
4160,1706,-5354,2694,916,26,-4064
2308,88,3202,-3165,366,-244,-4032
-2504,10414,9474,806,509,-402,-4032
1750,-5490,-598,-392,-339,-218,-4032
-2340,2664,18126,-1656,-973,-305,-4032
4546,-114,-2200,3129,1431,288,-4032
-2852,-7178,8236,-1977,-1032,-258,-4016
-424,6782,18016,724,153,-28,-4048
2598,-5054,-422,290,630,59,-4016
-4128,66,16208,-1393,-804,-398,-4048
2390,-8912,7206,1846,-435,-258,-4016
734,9886,7418,288,449,-46,-4032
-2156,-2322,1636,396,-40,-407,-4048
1182,4308,9268,-662,-520,-24,-4048
1212,5284,8466,493,1144,380,-4016
-5376,-12624,17264,-97,-1109,-468,-4032
3780,7642,12348,1207,787,208,-4032
-108,-8326,4352,531,561,-279,-4000
-3700,1338,17122,-2039,-577,-527,-4064
1220,-4472,-336,1981,486,-61,-4032
-666,-6364,14280,-2083,-1156,-331,-4064
-772,8360,13190,885,968,235,-4064
1740,-114,-4562,1193,113,-190,-4032
-182,5790,17790,-2620,-558,-108,-4032
-112,-380,6334,1353,829,35,-4048
-868,-7024,6870,-2345,-958,-566,-4016
3188,5284,1756,2894,448,1,-4080
-524,6402,12130,-2159,-245,-315,-4048
-2738,-80,4824,1417,-172,-294,-3984
4232,364,3318,-1446,58,169,-4048
812,6064,7264,-1290,956,80,-4032
20,-7212,1516,1841,22,-286,-4016
1358,-4500,3832,-815,446,-269,-4032
454,-7822,5000,-2320,-991,-412,-4016
-2804,436,20056,-162,-264,-135,-4048
5166,-6278,-3802,2049,873,133,-4016
-3224,-1910,16074,-2365,-869,-202,-4016
-594,7132,11712,1578,478,-52,-4016
1986,-4162,554,-832,327,-13,-4016
-3292,-1754,13010,-1554,-872,-462,-4016
742,-12692,9854,1808,-538,-272,-4032
-160,9856,11042,-53,344,-38,-4000
-2508,-2268,864,471,-87,-424,-4000
2752,4080,6504,-881,-537,-9,-4032
3452,836,5822,753,1313,387,-4032
-4846,-15234,15350,272,-1157,-464,-4064
2718,9328,18620,687,680,251,-4000
-1160,-6092,5406,1460,633,-242,-4032
-2362,-3482,15156,-3022,-1110,-591,-4048
-2110,4690,13146,1948,562,0,-4016
1588,-8576,7342,-963,-553,-179,-4048
-1740,6984,16630,-1014,248,125,-4016
1342,3138,-2120,2090,620,-114,-4016
698,3992,14774,-2997,-485,-148,-4032
-1494,852,10096,708,323,-49,-4048
-232,-9548,7026,-1791,-956,-569,-4032
2502,8176,2862,2853,807,58,-4032
-804,3772,11018,-2339,-461,-427,-4032
-2536,1576,7364,1313,-363,-191,-4048
4662,-1320,2730,-518,631,306,-4016
-4810,-6384,16412,-2484,95,-236,-4032
2530,-1966,-3502,2257,695,-75,-4032
2414,4350,6814,-3470,287,-167,-4032
-1818,8338,6724,185,261,-420,-4000
1114,-7310,1770,270,-159,-171,-4000
-2506,-2694,19418,-1850,-1182,-349,-4000
1814,6526,6010,2924,1497,359,-4032
-3432,-4882,13136,-1044,-808,-281,-4032
2318,-4278,954,-2684,-319,-98,-4048
-4224,334,17442,-1561,-856,-471,-4032
1678,-10898,8906,2204,-346,-221,-3984
-434,9202,11934,-629,189,-112,-3984
-2526,-1262,1238,655,-12,-400,-4048
-302,4928,12024,-1071,-470,-10,-4032
2590,2772,6330,651,1348,388,-4016
-3546,-14206,11596,568,-1140,-472,-4016
2610,10164,19072,718,668,239,-4032
812,-9052,2626,1499,597,-270,-4000
-3868,5000,17518,-2607,-870,-544,-4032
86,1332,3014,2298,666,-29,-4000
3382,-8464,2162,-1994,-1028,-316,-4032
886,7752,8536,455,879,227,-4032
330,-3932,-2696,1401,258,-196,-4032
1214,1906,11150,-2724,-583,-103,-4032
-2344,800,12632,1022,634,-13,-4032
-2208,-3238,8828,-2155,-926,-587,-4048
4142,64,598,3211,565,29,-4016
-1208,1470,11718,-2806,-451,-371,-4048
-2832,3440,10168,1889,40,-213,-3984
3630,1654,3092,-1716,115,162,-3984
-1716,6748,11394,-2104,637,-65,-4016
4288,882,-6634,2363,347,-234,-4048
2598,9918,18470,-3388,129,0,-4032
-1676,-900,5332,2953,963,-258,-4016
-908,-6744,10082,-2634,-1110,-442,-3984
-2508,3402,17862,535,140,-122,-4032
4342,-8578,-294,1130,515,26,-4000
-3174,3166,18392,-2483,-570,-107,-4032
570,6166,3696,2360,696,-63,-4064
2500,-5226,-66,-2043,-72,-63,-4032
-2766,1382,13792,32,-266,-204,-4064
226,-11928,8264,-282,-878,-467,-4000
1448,10398,5582,2029,881,72,-4064
-2162,-2986,1270,-1588,-395,-453,-4048
-2730,3232,11478,764,-561,-140,-4016
1572,5234,7874,-409,1215,233,-4032
3716,7926,11586,2683,997,164,-4000
1994,-254,3456,-2187,372,-255,-4032
-2430,10432,9704,-207,169,-416,-4064
1500,-5452,-668,708,16,-164,-4032
-1084,-6094,15816,-2197,-1188,-358,-4032
4252,812,-2286,2863,1527,385,-4032
-2584,-7330,6918,-1139,-875,-299,-4016
-498,6540,18592,-396,-154,-61,-4016
234,-840,5724,1175,828,48,-4048
-3850,-768,15978,-1905,-980,-530,-4048
2368,-9266,8104,2519,-275,-130,-4016
-1044,7708,14720,-1007,218,-180,-4016
-2444,-3362,952,991,6,-379,-4032
994,4160,11114,-1606,-530,-19,-4016
1048,6618,8790,588,1327,346,-4016
-1064,-11050,3812,699,-1175,-436,-4032
3346,9036,14848,3,528,227,-4032
118,-9710,3038,2231,775,-256,-4032
-3840,102,18110,-2979,-1023,-599,-4032
-1040,4422,8510,2277,695,6,-4032
-506,-7384,13454,-1605,-788,-219,-4032
-1088,9190,14542,-380,512,173,-4032
1792,-98,-4864,1994,461,-134,-4000
1834,-1258,5270,-3045,-588,-146,-4000
-266,-372,6964,938,500,-39,-4032
-1076,-6380,6964,-2187,-948,-582,-3984
3968,5990,-520,3247,853,65,-4048
-1844,-2510,7272,-2823,-529,-451,-4016
-2612,1720,3870,1617,-109,-248,-4016
4844,-574,-450,-1187,365,251,-4048
-3528,-524,14294,-2859,274,-160,-3984
5264,5416,-2696,2520,641,-84,-4016
2814,6874,11582,-3843,195,-133,-4032
-1950,6016,6394,2182,844,-290,-4000
346,-8242,4452,-1577,-787,-371,-4000
-2634,-748,20898,-578,-389,-163,-3984
-1810,8020,16254,288,769,213,-4048
-616,8182,12968,1673,546,-29,-4016
1964,-4568,292,-238,466,-30,-4032
-4200,1210,17772,-1079,-735,-388,-4000
1140,-12980,9600,1514,-607,-327,-4032
-598,9714,11994,426,480,-32,-4032
-2424,-1468,1086,-125,-187,-417,-4048
-1322,3994,12878,-226,-619,-79,-4016
3310,1360,6564,992,1168,432,-4016
-4752,-15058,14724,-785,-1216,-496,-4048
2804,9852,18468,1935,850,246,-4016
936,-7148,2904,-145,523,-262,-4016
-3808,7286,15936,-1638,-393,-532,-4048
494,-306,1088,1911,408,-49,-4048
-2560,-2558,20198,-2245,-1344,-352,-4000
1316,6264,6242,1993,1265,295,-4000
244,-4886,-1662,403,-263,-213,-4032
576,2746,13782,-1964,-496,-138,-4064
1536,-2938,1838,1350,938,40,-4000
-2488,-3004,10050,-2323,-924,-578,-4032
3604,-962,2706,2881,269,-14,-4064
-946,3156,11224,-2146,-233,-292,-4032
-2648,-1636,1108,1586,26,-325,-4032
3468,2568,4610,-1794,-153,104,-4032
-1228,6830,9946,-938,1182,201,-4016
3582,-762,-6268,1642,-354,-318,-4016
2756,10610,18450,-2592,292,97,-4048
-1416,-2550,4400,3172,969,-279,-4016
-1436,-5968,11564,-3306,-1233,-571,-4016
-2380,3890,16874,1292,429,-27,-4048
3338,-8932,1456,186,-20,-60,-4048
-2464,4034,18078,-2424,-777,-163,-4000
718,5298,2404,2057,657,-48,-4032
2396,-4802,64,-1412,124,-37,-4000
-4266,90,17068,-387,-419,-305,-4032
-44,-11570,8432,448,-788,-456,-4032
-1120,984,9912,-2286,-409,-330,-4032
-2670,2298,10874,1173,-460,-202,-4016
4446,-1156,4022,-208,715,387,-4048
-5560,-11814,17904,-2569,-266,-311,-3984
3850,1942,-4462,2409,867,11,-4016
1944,-68,3538,-3206,370,-176,-4048
-2296,9824,9412,1086,595,-384,-4048
-580,-6400,9446,-1220,-606,-281,-4032
-2518,2374,17928,-1351,-911,-286,-4048
4636,6,-2116,2678,1230,243,-4064
-2840,-6644,8036,-1941,-950,-274,-4032
92,6550,5612,830,238,-75,-4032
2442,-5014,-488,79,590,21,-4032
-4032,-524,16256,-2119,-996,-531,-4032
2334,-7588,7486,2543,-76,-133,-4000
-542,7110,12092,-707,77,-155,-4016
-2796,-562,3908,611,-90,-390,-4048
1252,4832,8974,-917,-293,30,-4016
1312,4508,7490,125,1227,301,-4048
-1784,-9374,6508,906,-1009,-415,-4048
3514,7256,12856,349,709,224,-4032
-198,-8936,4912,1942,598,-318,-4016
-3664,1394,17830,-2657,-1004,-535,-4048
-816,3018,6852,2015,617,0,-4048
-960,-6030,14614,-1720,-894,-266,-4032
-506,8378,12556,152,767,219,-4064
1224,-182,-3872,1484,379,-172,-4064
1772,-708,6068,-2727,-534,-164,-4032
-70,-524,7044,894,519,-43,-4000
-1042,-5928,6916,-1859,-880,-585,-4000
3706,4412,236,2879,651,24,-4064
-1334,-342,8116,-2478,-391,-398,-4032
-2498,-8,3126,1561,-159,-233,-4032
4164,480,2194,-1510,211,209,-4048
-2864,1396,12826,-2156,589,-99,-4016
5140,3938,-4304,2232,398,-167,-4048
2908,8294,13260,-3627,139,-90,-4048
-2998,9884,12558,-1859,-514,-518,-4064
-2802,1096,19740,-42,-104,-139,-3984
5308,-7004,-3642,2206,998,170,-4032
-3364,-714,16884,-2534,-852,-238,-4000
-542,7056,9738,1741,460,-63,-4032
2330,-4622,386,-1294,121,-42,-4016
-3560,806,16158,-358,-490,-293,-4048
484,-12714,10200,301,-805,-424,-4016
252,10388,9262,1735,845,80,-4016
-2406,-2720,450,-892,-328,-459,-4016
-2232,3454,13114,355,-593,-84,-4048
